# Athena++ data at time=3.540000e+12  cycle=265945931  variables=uov 
# i       x1v         user_out_var0          user_out_var1          user_out_var2          user_out_var3          user_out_var4          user_out_var5      
0002  1.07548e+18  4.91743e+00  3.03478e+04  6.99976e-16  0.00000e+00  0.00000e+00  3.39500e-05
0003  1.09287e+18  1.05578e+01  4.04913e+04  4.09264e-17  0.00000e+00  0.00000e+00  3.28781e-05
0004  1.11027e+18  1.62262e+01  5.05569e+04  2.17858e-17  0.00000e+00  0.00000e+00  3.18561e-05
0005  1.12766e+18  2.42883e+01  6.51244e+04  3.39306e-17  0.00000e+00  0.00000e+00  3.08811e-05
0006  1.14505e+18  3.70608e+01  9.04220e+04  5.10325e-17  0.00000e+00  0.00000e+00  2.99501e-05
0007  1.16244e+18  5.42425e+01  1.25028e+05  4.11195e-17  0.00000e+00  0.00000e+00  2.90606e-05
0008  1.17983e+18  6.08873e+01  1.34401e+05  1.05489e-17  0.00000e+00  0.00000e+00  2.82102e-05
0009  1.19723e+18  6.58952e+01  1.40990e+05  1.20774e-17  0.00000e+00  0.00000e+00  2.73965e-05
0010  1.21462e+18  7.07808e+01  1.47132e+05  1.06879e-17  0.00000e+00  0.00000e+00  2.66176e-05
0011  1.23201e+18  7.39202e+01  1.49659e+05  6.25199e-18  0.00000e+00  0.00000e+00  2.58714e-05
0012  1.24940e+18  7.68720e+01  1.52062e+05  6.80549e-18  0.00000e+00  0.00000e+00  2.51561e-05
0013  1.26679e+18  7.98472e+01  1.54516e+05  6.73354e-18  0.00000e+00  0.00000e+00  2.44701e-05
0014  1.28419e+18  8.27574e+01  1.56949e+05  6.43481e-18  0.00000e+00  0.00000e+00  2.38118e-05
0015  1.30158e+18  8.55574e+01  1.59267e+05  5.95730e-18  0.00000e+00  0.00000e+00  2.31797e-05
0016  1.31897e+18  8.80902e+01  1.61176e+05  5.36168e-18  0.00000e+00  0.00000e+00  2.25724e-05
0017  1.33636e+18  9.05499e+01  1.63069e+05  5.28914e-18  0.00000e+00  0.00000e+00  2.19887e-05
0018  1.35375e+18  9.29675e+01  1.64970e+05  5.14443e-18  0.00000e+00  0.00000e+00  2.14273e-05
0019  1.37115e+18  9.53108e+01  1.66853e+05  4.73538e-18  0.00000e+00  0.00000e+00  2.08872e-05
0020  1.38854e+18  9.71731e+01  1.67935e+05  3.56345e-16  0.00000e+00  0.00000e+00  2.03672e-05
0021  1.40593e+18  9.90988e+01  1.69318e+05  4.34294e-18  0.00000e+00  0.00000e+00  1.98665e-05
0022  1.42332e+18  1.01339e+02  1.71286e+05  4.60048e-18  0.00000e+00  0.00000e+00  1.93839e-05
0023  1.44071e+18  1.03089e+02  1.72451e+05  3.54823e-18  0.00000e+00  0.00000e+00  1.89187e-05
0024  1.45811e+18  1.04858e+02  1.73839e+05  3.79495e-18  0.00000e+00  0.00000e+00  1.84701e-05
0025  1.47550e+18  1.06634e+02  1.75280e+05  3.71691e-18  0.00000e+00  0.00000e+00  1.80373e-05
0026  1.49289e+18  1.08329e+02  1.76697e+05  3.57121e-18  0.00000e+00  0.00000e+00  1.76194e-05
0027  1.51028e+18  1.09935e+02  1.78083e+05  3.38181e-18  0.00000e+00  0.00000e+00  1.72160e-05
0028  1.52767e+18  1.11218e+02  1.79220e+05  2.89762e-18  0.00000e+00  0.00000e+00  1.68262e-05
0029  1.54507e+18  1.11995e+02  1.79912e+05  5.77866e-18  0.00000e+00  0.00000e+00  1.64495e-05
0030  1.56246e+18  3.19582e+02  5.41883e+05  5.83210e-16  0.00000e+00  0.00000e+00  1.60854e-05
0031  1.57985e+18  6.69929e+02  9.20803e+05  2.32790e-16  0.00000e+00  0.00000e+00  1.57331e-05
0032  1.59724e+18  8.82669e+02  1.17491e+06  1.54494e-16  0.00000e+00  0.00000e+00  1.53924e-05
0033  1.61463e+18  1.04013e+03  1.35091e+06  1.30575e-16  0.00000e+00  0.00000e+00  1.50626e-05
0034  1.63203e+18  1.17768e+03  1.49548e+06  1.18674e-16  0.00000e+00  0.00000e+00  1.47432e-05
0035  1.64942e+18  1.30655e+03  1.62248e+06  1.08969e-16  0.00000e+00  0.00000e+00  1.44340e-05
0036  1.66681e+18  1.43019e+03  1.73788e+06  1.00760e-16  0.00000e+00  0.00000e+00  1.41343e-05
0037  1.68420e+18  1.54909e+03  1.84233e+06  9.25052e-17  0.00000e+00  0.00000e+00  1.38439e-05
0038  1.70160e+18  1.66340e+03  1.93792e+06  8.53593e-17  0.00000e+00  0.00000e+00  1.35623e-05
0039  1.71899e+18  1.77297e+03  2.02438e+06  7.82548e-17  0.00000e+00  0.00000e+00  1.32893e-05
0040  1.73638e+18  1.87770e+03  2.10335e+06  7.23348e-17  0.00000e+00  0.00000e+00  1.30244e-05
0041  1.75377e+18  1.97877e+03  2.17570e+06  6.72140e-17  0.00000e+00  0.00000e+00  1.27674e-05
0042  1.77116e+18  2.07639e+03  2.24186e+06  6.23887e-17  0.00000e+00  0.00000e+00  1.25178e-05
0043  1.78856e+18  2.17032e+03  2.30235e+06  5.79215e-17  0.00000e+00  0.00000e+00  1.22756e-05
0044  1.80595e+18  2.26082e+03  2.35796e+06  5.40226e-17  0.00000e+00  0.00000e+00  1.20403e-05
0045  1.82334e+18  2.34826e+03  2.40896e+06  5.04125e-17  0.00000e+00  0.00000e+00  1.18117e-05
0046  1.84073e+18  2.43251e+03  2.45585e+06  4.70855e-17  0.00000e+00  0.00000e+00  1.15895e-05
0047  1.85813e+18  2.51359e+03  2.49902e+06  4.40286e-17  0.00000e+00  0.00000e+00  1.13736e-05
0050  1.87552e+18  2.59150e+03  2.53886e+06  4.12512e-17  0.00000e+00  0.00000e+00  1.11636e-05
0051  1.89291e+18  2.66650e+03  2.57577e+06  3.88164e-17  0.00000e+00  0.00000e+00  1.09594e-05
0052  1.91030e+18  2.73931e+03  2.61007e+06  3.67080e-17  0.00000e+00  0.00000e+00  1.07608e-05
0053  1.92769e+18  2.81051e+03  2.64171e+06  3.47241e-17  0.00000e+00  0.00000e+00  1.05675e-05
0054  1.94509e+18  2.87999e+03  2.67094e+06  3.28615e-17  0.00000e+00  0.00000e+00  1.03793e-05
0055  1.96248e+18  2.94779e+03  2.69793e+06  3.11152e-17  0.00000e+00  0.00000e+00  1.01962e-05
0056  1.97987e+18  3.01387e+03  2.72286e+06  2.94794e-17  0.00000e+00  0.00000e+00  1.00178e-05
0057  1.99726e+18  3.07819e+03  2.74590e+06  2.79483e-17  0.00000e+00  0.00000e+00  9.84411e-06
0058  2.01466e+18  3.14066e+03  2.76722e+06  2.65161e-17  0.00000e+00  0.00000e+00  9.67488e-06
0059  2.03205e+18  3.20131e+03  2.78710e+06  2.52220e-17  0.00000e+00  0.00000e+00  9.50998e-06
0060  2.04944e+18  3.26071e+03  2.80535e+06  2.40056e-17  0.00000e+00  0.00000e+00  9.34925e-06
0061  2.06683e+18  3.31886e+03  2.82210e+06  2.28598e-17  0.00000e+00  0.00000e+00  9.19257e-06
0062  2.08423e+18  3.37579e+03  2.83746e+06  2.17803e-17  0.00000e+00  0.00000e+00  9.03979e-06
0063  2.10162e+18  3.43154e+03  2.85149e+06  2.07633e-17  0.00000e+00  0.00000e+00  8.89079e-06
0064  2.11901e+18  3.48613e+03  2.86429e+06  1.98047e-17  0.00000e+00  0.00000e+00  8.74544e-06
0065  2.13640e+18  3.53959e+03  2.87592e+06  1.89009e-17  0.00000e+00  0.00000e+00  8.60363e-06
0066  2.15379e+18  3.59196e+03  2.88645e+06  1.80484e-17  0.00000e+00  0.00000e+00  8.46523e-06
0067  2.17119e+18  3.64325e+03  2.89595e+06  1.72439e-17  0.00000e+00  0.00000e+00  8.33016e-06
0068  2.18858e+18  3.69352e+03  2.90447e+06  1.64843e-17  0.00000e+00  0.00000e+00  8.19828e-06
0069  2.20597e+18  3.74269e+03  2.91214e+06  1.57671e-17  0.00000e+00  0.00000e+00  8.06952e-06
0070  2.22336e+18  3.79130e+03  2.91864e+06  1.50688e-17  0.00000e+00  0.00000e+00  7.94377e-06
0071  2.24076e+18  3.83841e+03  2.92475e+06  1.44835e-17  0.00000e+00  0.00000e+00  7.82093e-06
0072  2.25815e+18  3.88409e+03  2.93055e+06  1.39259e-17  0.00000e+00  0.00000e+00  7.70092e-06
0073  2.27554e+18  3.92852e+03  2.93598e+06  1.33944e-17  0.00000e+00  0.00000e+00  7.58365e-06
0074  2.29293e+18  3.97187e+03  2.94098e+06  1.28876e-17  0.00000e+00  0.00000e+00  7.46904e-06
0075  2.31033e+18  4.01428e+03  2.94553e+06  1.24041e-17  0.00000e+00  0.00000e+00  7.35701e-06
0076  2.32772e+18  4.05585e+03  2.94959e+06  1.19426e-17  0.00000e+00  0.00000e+00  7.24748e-06
0077  2.34511e+18  4.09665e+03  2.95317e+06  1.15020e-17  0.00000e+00  0.00000e+00  7.14038e-06
0078  2.36250e+18  4.13673e+03  2.95627e+06  1.10811e-17  0.00000e+00  0.00000e+00  7.03563e-06
0079  2.37989e+18  4.17611e+03  2.95891e+06  1.06790e-17  0.00000e+00  0.00000e+00  6.93317e-06
0080  2.39729e+18  4.21482e+03  2.96110e+06  1.02948e-17  0.00000e+00  0.00000e+00  6.83294e-06
0081  2.41468e+18  4.25288e+03  2.96288e+06  9.92749e-18  0.00000e+00  0.00000e+00  6.73486e-06
0082  2.43207e+18  4.29030e+03  2.96424e+06  9.57629e-18  0.00000e+00  0.00000e+00  6.63888e-06
0083  2.44946e+18  4.32712e+03  2.96521e+06  9.24036e-18  0.00000e+00  0.00000e+00  6.54493e-06
0084  2.46686e+18  4.36334e+03  2.96581e+06  8.91896e-18  0.00000e+00  0.00000e+00  6.45297e-06
0085  2.48425e+18  4.39899e+03  2.96605e+06  8.61134e-18  0.00000e+00  0.00000e+00  6.36293e-06
0086  2.50164e+18  4.43408e+03  2.96594e+06  8.31682e-18  0.00000e+00  0.00000e+00  6.27476e-06
0087  2.51903e+18  4.46862e+03  2.96550e+06  8.03476e-18  0.00000e+00  0.00000e+00  6.18842e-06
0088  2.53643e+18  4.50264e+03  2.96475e+06  7.76454e-18  0.00000e+00  0.00000e+00  6.10384e-06
0089  2.55382e+18  4.53614e+03  2.96370e+06  7.50557e-18  0.00000e+00  0.00000e+00  6.02098e-06
0090  2.57121e+18  4.56913e+03  2.96237e+06  7.25991e-18  0.00000e+00  0.00000e+00  5.93980e-06
0091  2.58860e+18  4.60160e+03  2.96080e+06  7.02672e-18  0.00000e+00  0.00000e+00  5.86026e-06
0092  2.60600e+18  4.63357e+03  2.95900e+06  6.80276e-18  0.00000e+00  0.00000e+00  5.78229e-06
0093  2.62339e+18  4.66504e+03  2.95699e+06  6.58760e-18  0.00000e+00  0.00000e+00  5.70588e-06
0094  2.64078e+18  4.69604e+03  2.95477e+06  6.38084e-18  0.00000e+00  0.00000e+00  5.63097e-06
0095  2.65817e+18  4.72657e+03  2.95235e+06  6.18210e-18  0.00000e+00  0.00000e+00  5.55752e-06
0096  2.67557e+18  4.75666e+03  2.94974e+06  5.99101e-18  0.00000e+00  0.00000e+00  5.48550e-06
0097  2.69296e+18  4.78630e+03  2.94694e+06  5.80723e-18  0.00000e+00  0.00000e+00  5.41488e-06
0098  2.71035e+18  4.81552e+03  2.94397e+06  5.63044e-18  0.00000e+00  0.00000e+00  5.34560e-06
0099  2.72774e+18  4.84431e+03  2.94083e+06  5.46031e-18  0.00000e+00  0.00000e+00  5.27765e-06
0100  2.74513e+18  4.87271e+03  2.93752e+06  5.29656e-18  0.00000e+00  0.00000e+00  5.21099e-06
0101  2.76253e+18  4.90070e+03  2.93405e+06  5.13890e-18  0.00000e+00  0.00000e+00  5.14558e-06
0102  2.77992e+18  4.92831e+03  2.93044e+06  4.98707e-18  0.00000e+00  0.00000e+00  5.08140e-06
0103  2.79731e+18  4.95554e+03  2.92668e+06  4.84081e-18  0.00000e+00  0.00000e+00  5.01841e-06
0104  2.81470e+18  4.98240e+03  2.92279e+06  4.69988e-18  0.00000e+00  0.00000e+00  4.95658e-06
0105  2.83210e+18  5.00890e+03  2.91877e+06  4.56405e-18  0.00000e+00  0.00000e+00  4.89589e-06
0106  2.84949e+18  5.03505e+03  2.91462e+06  4.43310e-18  0.00000e+00  0.00000e+00  4.83630e-06
0107  2.86688e+18  5.06086e+03  2.91035e+06  4.30683e-18  0.00000e+00  0.00000e+00  4.77780e-06
0108  2.88427e+18  5.08633e+03  2.90597e+06  4.18503e-18  0.00000e+00  0.00000e+00  4.72035e-06
0109  2.90167e+18  5.11147e+03  2.90148e+06  4.06752e-18  0.00000e+00  0.00000e+00  4.66394e-06
0110  2.91906e+18  5.13629e+03  2.89689e+06  3.95411e-18  0.00000e+00  0.00000e+00  4.60853e-06
0111  2.93645e+18  5.16079e+03  2.89219e+06  3.84465e-18  0.00000e+00  0.00000e+00  4.55409e-06
0112  2.95384e+18  5.18498e+03  2.88741e+06  3.73896e-18  0.00000e+00  0.00000e+00  4.50062e-06
0113  2.97124e+18  5.20886e+03  2.88253e+06  3.63689e-18  0.00000e+00  0.00000e+00  4.44809e-06
0114  2.98863e+18  5.23245e+03  2.87758e+06  3.53830e-18  0.00000e+00  0.00000e+00  4.39647e-06
0115  3.00602e+18  5.25575e+03  2.87254e+06  3.44304e-18  0.00000e+00  0.00000e+00  4.34574e-06
0116  3.02341e+18  5.27876e+03  2.86742e+06  3.35098e-18  0.00000e+00  0.00000e+00  4.29588e-06
0117  3.04081e+18  5.30150e+03  2.86224e+06  3.26199e-18  0.00000e+00  0.00000e+00  4.24688e-06
0118  3.05820e+18  5.32396e+03  2.85699e+06  3.17594e-18  0.00000e+00  0.00000e+00  4.19872e-06
0119  3.07559e+18  5.34615e+03  2.85167e+06  3.09273e-18  0.00000e+00  0.00000e+00  4.15136e-06
0120  3.09298e+18  5.36808e+03  2.84630e+06  3.01224e-18  0.00000e+00  0.00000e+00  4.10481e-06
0121  3.11037e+18  5.38975e+03  2.84087e+06  2.93436e-18  0.00000e+00  0.00000e+00  4.05903e-06
0122  3.12777e+18  5.41117e+03  2.83538e+06  2.85899e-18  0.00000e+00  0.00000e+00  4.01401e-06
0123  3.14516e+18  5.43234e+03  2.82984e+06  2.78604e-18  0.00000e+00  0.00000e+00  3.96974e-06
0124  3.16255e+18  5.45326e+03  2.82426e+06  2.71542e-18  0.00000e+00  0.00000e+00  3.92620e-06
0125  3.17994e+18  5.47393e+03  2.81863e+06  2.64704e-18  0.00000e+00  0.00000e+00  3.88337e-06
0126  3.19734e+18  5.49438e+03  2.81293e+06  2.57846e-18  0.00000e+00  0.00000e+00  3.84123e-06
0127  3.21473e+18  5.51459e+03  2.80721e+06  2.51710e-18  0.00000e+00  0.00000e+00  3.79978e-06
0128  3.23212e+18  5.53455e+03  2.80147e+06  2.45754e-18  0.00000e+00  0.00000e+00  3.75900e-06
0129  3.24951e+18  5.55426e+03  2.79572e+06  2.39972e-18  0.00000e+00  0.00000e+00  3.71887e-06
0130  3.26691e+18  5.57375e+03  2.78996e+06  2.34357e-18  0.00000e+00  0.00000e+00  3.67938e-06
0131  3.28430e+18  5.59300e+03  2.78419e+06  2.28905e-18  0.00000e+00  0.00000e+00  3.64051e-06
0132  3.30169e+18  5.61204e+03  2.77842e+06  2.23609e-18  0.00000e+00  0.00000e+00  3.60226e-06
0133  3.31908e+18  5.63085e+03  2.77264e+06  2.18464e-18  0.00000e+00  0.00000e+00  3.56460e-06
0134  3.33648e+18  5.64945e+03  2.76685e+06  2.13465e-18  0.00000e+00  0.00000e+00  3.52754e-06
0135  3.35387e+18  5.66785e+03  2.76106e+06  2.08607e-18  0.00000e+00  0.00000e+00  3.49104e-06
0136  3.37126e+18  5.68604e+03  2.75527e+06  2.03886e-18  0.00000e+00  0.00000e+00  3.45512e-06
0137  3.38865e+18  5.70403e+03  2.74946e+06  1.99297e-18  0.00000e+00  0.00000e+00  3.41974e-06
0138  3.40605e+18  5.72182e+03  2.74366e+06  1.94835e-18  0.00000e+00  0.00000e+00  3.38491e-06
0139  3.42344e+18  5.73942e+03  2.73785e+06  1.90497e-18  0.00000e+00  0.00000e+00  3.35060e-06
0140  3.44083e+18  5.75683e+03  2.73204e+06  1.86279e-18  0.00000e+00  0.00000e+00  3.31681e-06
0141  3.45822e+18  5.77405e+03  2.72623e+06  1.82176e-18  0.00000e+00  0.00000e+00  3.28353e-06
0142  3.47562e+18  5.79109e+03  2.72041e+06  1.78185e-18  0.00000e+00  0.00000e+00  3.25075e-06
0143  3.49301e+18  5.80796e+03  2.71460e+06  1.74302e-18  0.00000e+00  0.00000e+00  3.21846e-06
0144  3.51040e+18  5.82465e+03  2.70878e+06  1.70524e-18  0.00000e+00  0.00000e+00  3.18665e-06
0145  3.52779e+18  5.84116e+03  2.70297e+06  1.66847e-18  0.00000e+00  0.00000e+00  3.15531e-06
0146  3.54519e+18  5.85751e+03  2.69715e+06  1.63269e-18  0.00000e+00  0.00000e+00  3.12442e-06
0147  3.56258e+18  5.87369e+03  2.69134e+06  1.59785e-18  0.00000e+00  0.00000e+00  3.09399e-06
0148  3.57997e+18  5.88971e+03  2.68553e+06  1.56394e-18  0.00000e+00  0.00000e+00  3.06400e-06
0149  3.59736e+18  5.90557e+03  2.67972e+06  1.53092e-18  0.00000e+00  0.00000e+00  3.03444e-06
0150  3.61476e+18  5.92127e+03  2.67392e+06  1.49876e-18  0.00000e+00  0.00000e+00  3.00531e-06
0151  3.63215e+18  5.93681e+03  2.66812e+06  1.46744e-18  0.00000e+00  0.00000e+00  2.97660e-06
0152  3.64954e+18  5.95221e+03  2.66232e+06  1.43693e-18  0.00000e+00  0.00000e+00  2.94830e-06
0153  3.66693e+18  5.96745e+03  2.65653e+06  1.40721e-18  0.00000e+00  0.00000e+00  2.92040e-06
0154  3.68432e+18  5.98255e+03  2.65074e+06  1.37825e-18  0.00000e+00  0.00000e+00  2.89289e-06
0155  3.70172e+18  5.99750e+03  2.64496e+06  1.35003e-18  0.00000e+00  0.00000e+00  2.86577e-06
0156  3.71911e+18  6.01231e+03  2.63919e+06  1.32253e-18  0.00000e+00  0.00000e+00  2.83903e-06
0157  3.73650e+18  6.02698e+03  2.63342e+06  1.29572e-18  0.00000e+00  0.00000e+00  2.81266e-06
0158  3.75389e+18  6.04151e+03  2.62766e+06  1.26959e-18  0.00000e+00  0.00000e+00  2.78666e-06
0159  3.77129e+18  6.05591e+03  2.62190e+06  1.24411e-18  0.00000e+00  0.00000e+00  2.76101e-06
0160  3.78868e+18  6.07017e+03  2.61616e+06  1.21927e-18  0.00000e+00  0.00000e+00  2.73572e-06
0161  3.80607e+18  6.08430e+03  2.61042e+06  1.19504e-18  0.00000e+00  0.00000e+00  2.71078e-06
0162  3.82346e+18  6.09830e+03  2.60469e+06  1.17141e-18  0.00000e+00  0.00000e+00  2.68617e-06
0163  3.84086e+18  6.11217e+03  2.59898e+06  1.14836e-18  0.00000e+00  0.00000e+00  2.66190e-06
0164  3.85825e+18  6.12592e+03  2.59327e+06  1.12588e-18  0.00000e+00  0.00000e+00  2.63795e-06
0165  3.87564e+18  6.13954e+03  2.58757e+06  1.10394e-18  0.00000e+00  0.00000e+00  2.61433e-06
0166  3.89303e+18  6.15304e+03  2.58188e+06  1.08253e-18  0.00000e+00  0.00000e+00  2.59102e-06
0167  3.91043e+18  6.16642e+03  2.57620e+06  1.06164e-18  0.00000e+00  0.00000e+00  2.56803e-06
0168  3.92782e+18  6.17968e+03  2.57053e+06  1.04125e-18  0.00000e+00  0.00000e+00  2.54533e-06
0169  3.94521e+18  6.19283e+03  2.56488e+06  1.02135e-18  0.00000e+00  0.00000e+00  2.52294e-06
0170  3.96260e+18  6.20587e+03  2.55923e+06  1.00192e-18  0.00000e+00  0.00000e+00  2.50084e-06
0171  3.98000e+18  6.21879e+03  2.55360e+06  9.82943e-19  0.00000e+00  0.00000e+00  2.47903e-06
0172  3.99739e+18  6.23160e+03  2.54798e+06  9.64418e-19  0.00000e+00  0.00000e+00  2.45751e-06
0173  4.01478e+18  6.24430e+03  2.54237e+06  9.46326e-19  0.00000e+00  0.00000e+00  2.43626e-06
0174  4.03217e+18  6.25690e+03  2.53676e+06  9.28149e-19  0.00000e+00  0.00000e+00  2.41529e-06
0175  4.04957e+18  6.26940e+03  2.53117e+06  9.10875e-19  0.00000e+00  0.00000e+00  2.39459e-06
0176  4.06696e+18  6.28178e+03  2.52559e+06  8.94001e-19  0.00000e+00  0.00000e+00  2.37415e-06
0177  4.08435e+18  6.29407e+03  2.52002e+06  8.77515e-19  0.00000e+00  0.00000e+00  2.35397e-06
0178  4.10174e+18  6.30625e+03  2.51447e+06  8.61407e-19  0.00000e+00  0.00000e+00  2.33405e-06
0179  4.11914e+18  6.31833e+03  2.50893e+06  8.45667e-19  0.00000e+00  0.00000e+00  2.31438e-06
0180  4.13653e+18  6.33031e+03  2.50340e+06  8.30284e-19  0.00000e+00  0.00000e+00  2.29496e-06
0181  4.15392e+18  6.34219e+03  2.49789e+06  8.15250e-19  0.00000e+00  0.00000e+00  2.27578e-06
0182  4.17131e+18  6.35398e+03  2.49239e+06  8.00554e-19  0.00000e+00  0.00000e+00  2.25685e-06
0183  4.18871e+18  6.36567e+03  2.48691e+06  7.86187e-19  0.00000e+00  0.00000e+00  2.23814e-06
0184  4.20610e+18  6.37727e+03  2.48144e+06  7.72141e-19  0.00000e+00  0.00000e+00  2.21967e-06
0185  4.22349e+18  6.38877e+03  2.47598e+06  7.58408e-19  0.00000e+00  0.00000e+00  2.20143e-06
0186  4.24088e+18  6.40018e+03  2.47054e+06  7.44978e-19  0.00000e+00  0.00000e+00  2.18341e-06
0187  4.25828e+18  6.41151e+03  2.46512e+06  7.31844e-19  0.00000e+00  0.00000e+00  2.16561e-06
0188  4.27567e+18  6.42274e+03  2.45970e+06  7.18998e-19  0.00000e+00  0.00000e+00  2.14803e-06
0189  4.29306e+18  6.43388e+03  2.45431e+06  7.06432e-19  0.00000e+00  0.00000e+00  2.13066e-06
0190  4.31045e+18  6.44494e+03  2.44893e+06  6.94140e-19  0.00000e+00  0.00000e+00  2.11350e-06
0191  4.32785e+18  6.45592e+03  2.44356e+06  6.82113e-19  0.00000e+00  0.00000e+00  2.09654e-06
0192  4.34524e+18  6.46681e+03  2.43821e+06  6.70346e-19  0.00000e+00  0.00000e+00  2.07979e-06
0193  4.36263e+18  6.47761e+03  2.43288e+06  6.58832e-19  0.00000e+00  0.00000e+00  2.06324e-06
0194  4.38002e+18  6.48834e+03  2.42756e+06  6.47563e-19  0.00000e+00  0.00000e+00  2.04689e-06
0195  4.39742e+18  6.49898e+03  2.42226e+06  6.36534e-19  0.00000e+00  0.00000e+00  2.03073e-06
0196  4.41481e+18  6.50954e+03  2.41697e+06  6.25739e-19  0.00000e+00  0.00000e+00  2.01476e-06
0197  4.43220e+18  6.52003e+03  2.41170e+06  6.15172e-19  0.00000e+00  0.00000e+00  1.99898e-06
0198  4.44959e+18  6.53043e+03  2.40644e+06  6.04828e-19  0.00000e+00  0.00000e+00  1.98339e-06
0199  4.46699e+18  6.54075e+03  2.40121e+06  5.94699e-19  0.00000e+00  0.00000e+00  1.96797e-06
0200  4.48438e+18  6.55100e+03  2.39598e+06  5.84782e-19  0.00000e+00  0.00000e+00  1.95273e-06
0201  4.50177e+18  6.56117e+03  2.39078e+06  5.75071e-19  0.00000e+00  0.00000e+00  1.93768e-06
0202  4.51916e+18  6.57126e+03  2.38559e+06  5.65561e-19  0.00000e+00  0.00000e+00  1.92279e-06
0203  4.53655e+18  6.58128e+03  2.38042e+06  5.56247e-19  0.00000e+00  0.00000e+00  1.90807e-06
0204  4.55395e+18  6.59122e+03  2.37526e+06  5.47124e-19  0.00000e+00  0.00000e+00  1.89353e-06
0205  4.57134e+18  6.60110e+03  2.37013e+06  5.38248e-19  0.00000e+00  0.00000e+00  1.87915e-06
0206  4.58873e+18  6.61090e+03  2.36501e+06  5.29566e-19  0.00000e+00  0.00000e+00  1.86493e-06
0207  4.60612e+18  6.62063e+03  2.35990e+06  5.21059e-19  0.00000e+00  0.00000e+00  1.85087e-06
0208  4.62352e+18  6.63029e+03  2.35482e+06  5.12721e-19  0.00000e+00  0.00000e+00  1.83697e-06
0209  4.64091e+18  6.63988e+03  2.34975e+06  5.04549e-19  0.00000e+00  0.00000e+00  1.82323e-06
0210  4.65830e+18  6.64940e+03  2.34471e+06  4.96539e-19  0.00000e+00  0.00000e+00  1.80964e-06
0211  4.67569e+18  6.65886e+03  2.33968e+06  4.88687e-19  0.00000e+00  0.00000e+00  1.79620e-06
0212  4.69309e+18  6.66824e+03  2.33466e+06  4.80990e-19  0.00000e+00  0.00000e+00  1.78291e-06
0213  4.71048e+18  6.67757e+03  2.32967e+06  4.73443e-19  0.00000e+00  0.00000e+00  1.76977e-06
0214  4.72787e+18  6.68682e+03  2.32469e+06  4.66044e-19  0.00000e+00  0.00000e+00  1.75678e-06
0215  4.74526e+18  6.69602e+03  2.31973e+06  4.58788e-19  0.00000e+00  0.00000e+00  1.74392e-06
0216  4.76266e+18  6.70514e+03  2.31479e+06  4.51673e-19  0.00000e+00  0.00000e+00  1.73121e-06
0217  4.78005e+18  6.71421e+03  2.30987e+06  4.44695e-19  0.00000e+00  0.00000e+00  1.71863e-06
0218  4.79744e+18  6.72321e+03  2.30496e+06  4.37852e-19  0.00000e+00  0.00000e+00  1.70619e-06
0219  4.81483e+18  6.73215e+03  2.30008e+06  4.31139e-19  0.00000e+00  0.00000e+00  1.69389e-06
0220  4.83223e+18  6.74103e+03  2.29521e+06  4.24554e-19  0.00000e+00  0.00000e+00  1.68172e-06
0221  4.84962e+18  6.74985e+03  2.29035e+06  4.18094e-19  0.00000e+00  0.00000e+00  1.66968e-06
0222  4.86701e+18  6.75861e+03  2.28552e+06  4.11757e-19  0.00000e+00  0.00000e+00  1.65776e-06
0223  4.88440e+18  6.76731e+03  2.28070e+06  4.05539e-19  0.00000e+00  0.00000e+00  1.64598e-06
0224  4.90180e+18  6.77595e+03  2.27590e+06  3.99438e-19  0.00000e+00  0.00000e+00  1.63432e-06
0225  4.91919e+18  6.78454e+03  2.27112e+06  3.93451e-19  0.00000e+00  0.00000e+00  1.62278e-06
0226  4.93658e+18  6.79307e+03  2.26635e+06  3.87576e-19  0.00000e+00  0.00000e+00  1.61137e-06
0227  4.95397e+18  6.80154e+03  2.26161e+06  3.81810e-19  0.00000e+00  0.00000e+00  1.60007e-06
0228  4.97137e+18  6.80995e+03  2.25687e+06  3.76151e-19  0.00000e+00  0.00000e+00  1.58890e-06
0229  4.98876e+18  6.81831e+03  2.25216e+06  3.70596e-19  0.00000e+00  0.00000e+00  1.57784e-06
0230  5.00615e+18  6.82662e+03  2.24747e+06  3.65143e-19  0.00000e+00  0.00000e+00  1.56689e-06
0231  5.02354e+18  6.83487e+03  2.24279e+06  3.59790e-19  0.00000e+00  0.00000e+00  1.55606e-06
0232  5.04094e+18  6.84307e+03  2.23813e+06  3.54535e-19  0.00000e+00  0.00000e+00  1.54534e-06
0233  5.05833e+18  6.85121e+03  2.23348e+06  3.49375e-19  0.00000e+00  0.00000e+00  1.53474e-06
0234  5.07572e+18  6.85931e+03  2.22885e+06  3.44308e-19  0.00000e+00  0.00000e+00  1.52424e-06
0235  5.09311e+18  6.86735e+03  2.22424e+06  3.39334e-19  0.00000e+00  0.00000e+00  1.51384e-06
0236  5.11051e+18  6.87534e+03  2.21965e+06  3.34448e-19  0.00000e+00  0.00000e+00  1.50356e-06
0237  5.12790e+18  6.88328e+03  2.21507e+06  3.29650e-19  0.00000e+00  0.00000e+00  1.49337e-06
0238  5.14529e+18  6.89116e+03  2.21051e+06  3.24938e-19  0.00000e+00  0.00000e+00  1.48330e-06
0239  5.16268e+18  6.89900e+03  2.20597e+06  3.20310e-19  0.00000e+00  0.00000e+00  1.47332e-06
0240  5.18008e+18  6.90679e+03  2.20145e+06  3.15764e-19  0.00000e+00  0.00000e+00  1.46344e-06
0241  5.19747e+18  6.91453e+03  2.19694e+06  3.11298e-19  0.00000e+00  0.00000e+00  1.45366e-06
0242  5.21486e+18  6.92223e+03  2.19244e+06  3.06911e-19  0.00000e+00  0.00000e+00  1.44398e-06
0243  5.23225e+18  6.92987e+03  2.18797e+06  3.02600e-19  0.00000e+00  0.00000e+00  1.43440e-06
0244  5.24965e+18  6.93747e+03  2.18351e+06  2.98366e-19  0.00000e+00  0.00000e+00  1.42491e-06
0245  5.26704e+18  6.94502e+03  2.17906e+06  2.94205e-19  0.00000e+00  0.00000e+00  1.41552e-06
0246  5.28443e+18  6.95252e+03  2.17464e+06  2.90116e-19  0.00000e+00  0.00000e+00  1.40621e-06
0247  5.30182e+18  6.95998e+03  2.17023e+06  2.86098e-19  0.00000e+00  0.00000e+00  1.39700e-06
0248  5.31922e+18  6.96739e+03  2.16583e+06  2.82149e-19  0.00000e+00  0.00000e+00  1.38788e-06
0249  5.33661e+18  6.97476e+03  2.16145e+06  2.78267e-19  0.00000e+00  0.00000e+00  1.37885e-06
0250  5.35400e+18  6.98209e+03  2.15709e+06  2.74452e-19  0.00000e+00  0.00000e+00  1.36991e-06
0251  5.37139e+18  6.98937e+03  2.15275e+06  2.70701e-19  0.00000e+00  0.00000e+00  1.36105e-06
0252  5.38879e+18  6.99660e+03  2.14842e+06  2.67014e-19  0.00000e+00  0.00000e+00  1.35228e-06
0253  5.40618e+18  7.00380e+03  2.14410e+06  2.63390e-19  0.00000e+00  0.00000e+00  1.34359e-06
0254  5.42357e+18  7.01095e+03  2.13980e+06  2.59827e-19  0.00000e+00  0.00000e+00  1.33499e-06
0255  5.44096e+18  7.01806e+03  2.13552e+06  2.56324e-19  0.00000e+00  0.00000e+00  1.32647e-06
0256  5.45836e+18  7.02512e+03  2.13125e+06  2.52880e-19  0.00000e+00  0.00000e+00  1.31803e-06
0257  5.47575e+18  7.03215e+03  2.12700e+06  2.49493e-19  0.00000e+00  0.00000e+00  1.30967e-06
0258  5.49314e+18  7.03913e+03  2.12276e+06  2.46163e-19  0.00000e+00  0.00000e+00  1.30139e-06
0259  5.51053e+18  7.04607e+03  2.11854e+06  2.42888e-19  0.00000e+00  0.00000e+00  1.29318e-06
0260  5.52793e+18  7.05297e+03  2.11434e+06  2.39668e-19  0.00000e+00  0.00000e+00  1.28506e-06
0261  5.54532e+18  7.05982e+03  2.11014e+06  2.36501e-19  0.00000e+00  0.00000e+00  1.27701e-06
0262  5.56271e+18  7.06664e+03  2.10597e+06  2.33386e-19  0.00000e+00  0.00000e+00  1.26904e-06
0263  5.58010e+18  7.07342e+03  2.10181e+06  2.30322e-19  0.00000e+00  0.00000e+00  1.26114e-06
0264  5.59750e+18  7.08015e+03  2.09766e+06  2.27309e-19  0.00000e+00  0.00000e+00  1.25331e-06
0265  5.61489e+18  7.08685e+03  2.09353e+06  2.24344e-19  0.00000e+00  0.00000e+00  1.24556e-06
0266  5.63228e+18  7.09351e+03  2.08942e+06  2.21428e-19  0.00000e+00  0.00000e+00  1.23788e-06
0267  5.64967e+18  7.10013e+03  2.08532e+06  2.18559e-19  0.00000e+00  0.00000e+00  1.23027e-06
0268  5.66707e+18  7.10671e+03  2.08124e+06  2.15736e-19  0.00000e+00  0.00000e+00  1.22273e-06
0269  5.68446e+18  7.11326e+03  2.07717e+06  2.12959e-19  0.00000e+00  0.00000e+00  1.21526e-06
0270  5.70185e+18  7.11977e+03  2.07312e+06  2.10226e-19  0.00000e+00  0.00000e+00  1.20786e-06
0271  5.71924e+18  7.12625e+03  2.06908e+06  2.07537e-19  0.00000e+00  0.00000e+00  1.20052e-06
0272  5.73664e+18  7.13269e+03  2.06506e+06  2.04890e-19  0.00000e+00  0.00000e+00  1.19325e-06
0273  5.75403e+18  7.13910e+03  2.06105e+06  2.02286e-19  0.00000e+00  0.00000e+00  1.18605e-06
0274  5.77142e+18  7.14547e+03  2.05706e+06  1.99723e-19  0.00000e+00  0.00000e+00  1.17891e-06
0275  5.78881e+18  7.15181e+03  2.05308e+06  1.97200e-19  0.00000e+00  0.00000e+00  1.17184e-06
0276  5.80620e+18  7.15811e+03  2.04912e+06  1.94717e-19  0.00000e+00  0.00000e+00  1.16483e-06
0277  5.82360e+18  7.16438e+03  2.04517e+06  1.92273e-19  0.00000e+00  0.00000e+00  1.15788e-06
0278  5.84099e+18  7.17062e+03  2.04123e+06  1.89867e-19  0.00000e+00  0.00000e+00  1.15100e-06
0279  5.85838e+18  7.17682e+03  2.03731e+06  1.87499e-19  0.00000e+00  0.00000e+00  1.14417e-06
0280  5.87577e+18  7.18299e+03  2.03341e+06  1.85167e-19  0.00000e+00  0.00000e+00  1.13741e-06
0281  5.89317e+18  7.18912e+03  2.02951e+06  1.82872e-19  0.00000e+00  0.00000e+00  1.13071e-06
0282  5.91056e+18  7.19522e+03  2.02564e+06  1.80612e-19  0.00000e+00  0.00000e+00  1.12406e-06
0283  5.92795e+18  7.20128e+03  2.02177e+06  1.78387e-19  0.00000e+00  0.00000e+00  1.11748e-06
0284  5.94534e+18  7.20732e+03  2.01792e+06  1.76196e-19  0.00000e+00  0.00000e+00  1.11095e-06
0285  5.96274e+18  7.21332e+03  2.01409e+06  1.74039e-19  0.00000e+00  0.00000e+00  1.10448e-06
0286  5.98013e+18  7.21928e+03  2.01026e+06  1.71915e-19  0.00000e+00  0.00000e+00  1.09806e-06
0287  5.99752e+18  7.22522e+03  2.00645e+06  1.69823e-19  0.00000e+00  0.00000e+00  1.09170e-06
0288  6.01491e+18  7.23112e+03  2.00266e+06  1.67762e-19  0.00000e+00  0.00000e+00  1.08540e-06
0289  6.03231e+18  7.23699e+03  1.99888e+06  1.65733e-19  0.00000e+00  0.00000e+00  1.07915e-06
0290  6.04970e+18  7.24283e+03  1.99511e+06  1.63735e-19  0.00000e+00  0.00000e+00  1.07295e-06
0291  6.06709e+18  7.24864e+03  1.99136e+06  1.61766e-19  0.00000e+00  0.00000e+00  1.06681e-06
0292  6.08448e+18  7.25442e+03  1.98762e+06  1.59827e-19  0.00000e+00  0.00000e+00  1.06072e-06
0293  6.10188e+18  7.26017e+03  1.98389e+06  1.57917e-19  0.00000e+00  0.00000e+00  1.05468e-06
0294  6.11927e+18  7.26589e+03  1.98017e+06  1.56036e-19  0.00000e+00  0.00000e+00  1.04869e-06
0295  6.13666e+18  7.27158e+03  1.97647e+06  1.54182e-19  0.00000e+00  0.00000e+00  1.04276e-06
0296  6.15405e+18  7.27725e+03  1.97279e+06  1.52356e-19  0.00000e+00  0.00000e+00  1.03687e-06
0297  6.17145e+18  7.28288e+03  1.96912e+06  1.50557e-19  0.00000e+00  0.00000e+00  1.03104e-06
0298  6.18884e+18  7.28849e+03  1.96546e+06  1.48784e-19  0.00000e+00  0.00000e+00  1.02525e-06
0299  6.20623e+18  7.29407e+03  1.96181e+06  1.47037e-19  0.00000e+00  0.00000e+00  1.01951e-06
0300  6.22362e+18  7.29962e+03  1.95818e+06  1.45316e-19  0.00000e+00  0.00000e+00  1.01382e-06
0301  6.24102e+18  7.30515e+03  1.95456e+06  1.43620e-19  0.00000e+00  0.00000e+00  1.00818e-06
0302  6.25841e+18  7.31065e+03  1.95095e+06  1.41948e-19  0.00000e+00  0.00000e+00  1.00258e-06
0303  6.27580e+18  7.31612e+03  1.94736e+06  1.40301e-19  0.00000e+00  0.00000e+00  9.97032e-07
0304  6.29319e+18  7.32156e+03  1.94378e+06  1.38677e-19  0.00000e+00  0.00000e+00  9.91529e-07
0305  6.31059e+18  7.32697e+03  1.94021e+06  1.37077e-19  0.00000e+00  0.00000e+00  9.86071e-07
0306  6.32798e+18  7.33236e+03  1.93665e+06  1.35500e-19  0.00000e+00  0.00000e+00  9.80658e-07
0307  6.34537e+18  7.33772e+03  1.93311e+06  1.33946e-19  0.00000e+00  0.00000e+00  9.75289e-07
0308  6.36276e+18  7.34306e+03  1.92958e+06  1.32414e-19  0.00000e+00  0.00000e+00  9.69965e-07
0309  6.38016e+18  7.34837e+03  1.92606e+06  1.30904e-19  0.00000e+00  0.00000e+00  9.64684e-07
0310  6.39755e+18  7.35365e+03  1.92256e+06  1.29415e-19  0.00000e+00  0.00000e+00  9.59445e-07
0311  6.41494e+18  7.35891e+03  1.91906e+06  1.27947e-19  0.00000e+00  0.00000e+00  9.54250e-07
0312  6.43233e+18  7.36414e+03  1.91558e+06  1.26500e-19  0.00000e+00  0.00000e+00  9.49097e-07
0313  6.44973e+18  7.36935e+03  1.91212e+06  1.25074e-19  0.00000e+00  0.00000e+00  9.43985e-07
0314  6.46712e+18  7.37453e+03  1.90866e+06  1.23667e-19  0.00000e+00  0.00000e+00  9.38914e-07
0315  6.48451e+18  7.37968e+03  1.90522e+06  1.22281e-19  0.00000e+00  0.00000e+00  9.33884e-07
0316  6.50190e+18  7.38481e+03  1.90179e+06  1.20913e-19  0.00000e+00  0.00000e+00  9.28895e-07
0317  6.51930e+18  7.38992e+03  1.89837e+06  1.19565e-19  0.00000e+00  0.00000e+00  9.23945e-07
0318  6.53669e+18  7.39500e+03  1.89496e+06  1.18235e-19  0.00000e+00  0.00000e+00  9.19035e-07
0319  6.55408e+18  7.40005e+03  1.89157e+06  1.16924e-19  0.00000e+00  0.00000e+00  9.14164e-07
0320  6.57147e+18  7.40509e+03  1.88819e+06  1.15631e-19  0.00000e+00  0.00000e+00  9.09331e-07
0321  6.58887e+18  7.41009e+03  1.88482e+06  1.14356e-19  0.00000e+00  0.00000e+00  9.04537e-07
0322  6.60626e+18  7.41508e+03  1.88146e+06  1.13099e-19  0.00000e+00  0.00000e+00  8.99780e-07
0323  6.62365e+18  7.42004e+03  1.87811e+06  1.11858e-19  0.00000e+00  0.00000e+00  8.95061e-07
0324  6.64104e+18  7.42497e+03  1.87478e+06  1.10635e-19  0.00000e+00  0.00000e+00  8.90379e-07
0325  6.65844e+18  7.42989e+03  1.87146e+06  1.09428e-19  0.00000e+00  0.00000e+00  8.85733e-07
0326  6.67583e+18  7.43478e+03  1.86815e+06  1.08238e-19  0.00000e+00  0.00000e+00  8.81124e-07
0327  6.69322e+18  7.43965e+03  1.86485e+06  1.07064e-19  0.00000e+00  0.00000e+00  8.76551e-07
0328  6.71061e+18  7.44449e+03  1.86156e+06  1.05905e-19  0.00000e+00  0.00000e+00  8.72013e-07
0329  6.72801e+18  7.44932e+03  1.85828e+06  1.04763e-19  0.00000e+00  0.00000e+00  8.67511e-07
0330  6.74540e+18  7.45412e+03  1.85502e+06  1.03635e-19  0.00000e+00  0.00000e+00  8.63043e-07
0331  6.76279e+18  7.45890e+03  1.85176e+06  1.02523e-19  0.00000e+00  0.00000e+00  8.58609e-07
0332  6.78018e+18  7.46366e+03  1.84852e+06  1.01426e-19  0.00000e+00  0.00000e+00  8.54210e-07
0333  6.79758e+18  7.46840e+03  1.84529e+06  1.00343e-19  0.00000e+00  0.00000e+00  8.49844e-07
0334  6.81497e+18  7.47311e+03  1.84207e+06  9.92681e-20  0.00000e+00  0.00000e+00  8.45512e-07
0335  6.83236e+18  7.47781e+03  1.83886e+06  9.82129e-20  0.00000e+00  0.00000e+00  8.41213e-07
0336  6.84975e+18  7.48248e+03  1.83566e+06  9.71717e-20  0.00000e+00  0.00000e+00  8.36946e-07
0337  6.86715e+18  7.48713e+03  1.83248e+06  9.61442e-20  0.00000e+00  0.00000e+00  8.32712e-07
0338  6.88454e+18  7.49177e+03  1.82930e+06  9.51303e-20  0.00000e+00  0.00000e+00  8.28510e-07
0339  6.90193e+18  7.49638e+03  1.82614e+06  9.41297e-20  0.00000e+00  0.00000e+00  8.24340e-07
0340  6.91932e+18  7.50097e+03  1.82298e+06  9.31422e-20  0.00000e+00  0.00000e+00  8.20201e-07
0341  6.93672e+18  7.50554e+03  1.81984e+06  9.21676e-20  0.00000e+00  0.00000e+00  8.16093e-07
0342  6.95411e+18  7.51009e+03  1.81671e+06  9.12058e-20  0.00000e+00  0.00000e+00  8.12016e-07
0343  6.97150e+18  7.51462e+03  1.81359e+06  9.02564e-20  0.00000e+00  0.00000e+00  8.07970e-07
0344  6.98889e+18  7.51913e+03  1.81048e+06  8.93194e-20  0.00000e+00  0.00000e+00  8.03953e-07
0345  7.00629e+18  7.52362e+03  1.80738e+06  8.83945e-20  0.00000e+00  0.00000e+00  7.99967e-07
0346  7.02368e+18  7.52809e+03  1.80429e+06  8.74816e-20  0.00000e+00  0.00000e+00  7.96010e-07
0347  7.04107e+18  7.53254e+03  1.80121e+06  8.65804e-20  0.00000e+00  0.00000e+00  7.92082e-07
0348  7.05846e+18  7.53697e+03  1.79814e+06  8.56907e-20  0.00000e+00  0.00000e+00  7.88183e-07
0349  7.07586e+18  7.54138e+03  1.79508e+06  8.48125e-20  0.00000e+00  0.00000e+00  7.84313e-07
0350  7.09325e+18  7.54578e+03  1.79204e+06  8.39455e-20  0.00000e+00  0.00000e+00  7.80472e-07
0351  7.11064e+18  7.55015e+03  1.78900e+06  8.30895e-20  0.00000e+00  0.00000e+00  7.76658e-07
0352  7.12803e+18  7.55451e+03  1.78597e+06  8.22444e-20  0.00000e+00  0.00000e+00  7.72873e-07
0353  7.14543e+18  7.55885e+03  1.78296e+06  8.14101e-20  0.00000e+00  0.00000e+00  7.69115e-07
0354  7.16282e+18  7.56316e+03  1.77995e+06  8.05863e-20  0.00000e+00  0.00000e+00  7.65385e-07
0355  7.18021e+18  7.56747e+03  1.77696e+06  7.97728e-20  0.00000e+00  0.00000e+00  7.61681e-07
0356  7.19760e+18  7.57175e+03  1.77397e+06  7.89696e-20  0.00000e+00  0.00000e+00  7.58004e-07
0357  7.21500e+18  7.57601e+03  1.77100e+06  7.81765e-20  0.00000e+00  0.00000e+00  7.54354e-07
0358  7.23239e+18  7.58026e+03  1.76803e+06  7.73933e-20  0.00000e+00  0.00000e+00  7.50731e-07
0359  7.24978e+18  7.58449e+03  1.76508e+06  7.66199e-20  0.00000e+00  0.00000e+00  7.47133e-07
0360  7.26717e+18  7.58870e+03  1.76213e+06  7.58562e-20  0.00000e+00  0.00000e+00  7.43561e-07
0361  7.28457e+18  7.59289e+03  1.75919e+06  7.51019e-20  0.00000e+00  0.00000e+00  7.40015e-07
0362  7.30196e+18  7.59707e+03  1.75627e+06  7.43570e-20  0.00000e+00  0.00000e+00  7.36493e-07
0363  7.31935e+18  7.60123e+03  1.75335e+06  7.36212e-20  0.00000e+00  0.00000e+00  7.32997e-07
0364  7.33674e+18  7.60537e+03  1.75045e+06  7.28946e-20  0.00000e+00  0.00000e+00  7.29526e-07
0365  7.35414e+18  7.60950e+03  1.74755e+06  7.21769e-20  0.00000e+00  0.00000e+00  7.26080e-07
0366  7.37153e+18  7.61361e+03  1.74466e+06  7.14680e-20  0.00000e+00  0.00000e+00  7.22658e-07
0367  7.38892e+18  7.61770e+03  1.74179e+06  7.07677e-20  0.00000e+00  0.00000e+00  7.19259e-07
0368  7.40631e+18  7.62178e+03  1.73892e+06  7.00760e-20  0.00000e+00  0.00000e+00  7.15885e-07
0369  7.42371e+18  7.62584e+03  1.73606e+06  6.93928e-20  0.00000e+00  0.00000e+00  7.12535e-07
0370  7.44110e+18  7.62988e+03  1.73321e+06  6.87178e-20  0.00000e+00  0.00000e+00  7.09208e-07
0371  7.45849e+18  7.63391e+03  1.73038e+06  6.80511e-20  0.00000e+00  0.00000e+00  7.05904e-07
0372  7.47588e+18  7.63792e+03  1.72755e+06  6.73924e-20  0.00000e+00  0.00000e+00  7.02623e-07
0373  7.49328e+18  7.64192e+03  1.72473e+06  6.67416e-20  0.00000e+00  0.00000e+00  6.99365e-07
0374  7.51067e+18  7.64590e+03  1.72192e+06  6.60987e-20  0.00000e+00  0.00000e+00  6.96130e-07
0375  7.52806e+18  7.64986e+03  1.71911e+06  6.54635e-20  0.00000e+00  0.00000e+00  6.92917e-07
0376  7.54545e+18  7.65381e+03  1.71632e+06  6.48359e-20  0.00000e+00  0.00000e+00  6.89727e-07
0377  7.56285e+18  7.65774e+03  1.71354e+06  6.42158e-20  0.00000e+00  0.00000e+00  6.86558e-07
0378  7.58024e+18  7.66166e+03  1.71077e+06  6.36031e-20  0.00000e+00  0.00000e+00  6.83411e-07
0379  7.59763e+18  7.66556e+03  1.70800e+06  6.29977e-20  0.00000e+00  0.00000e+00  6.80286e-07
0380  7.61502e+18  7.66945e+03  1.70525e+06  6.23994e-20  0.00000e+00  0.00000e+00  6.77182e-07
0381  7.63242e+18  7.67332e+03  1.70250e+06  6.18083e-20  0.00000e+00  0.00000e+00  6.74099e-07
0382  7.64981e+18  7.67717e+03  1.69977e+06  6.12241e-20  0.00000e+00  0.00000e+00  6.71037e-07
0383  7.66720e+18  7.68101e+03  1.69704e+06  6.06469e-20  0.00000e+00  0.00000e+00  6.67996e-07
0384  7.68459e+18  7.68484e+03  1.69432e+06  6.00764e-20  0.00000e+00  0.00000e+00  6.64976e-07
0385  7.70199e+18  7.68865e+03  1.69161e+06  5.95126e-20  0.00000e+00  0.00000e+00  6.61976e-07
0386  7.71938e+18  7.69244e+03  1.68891e+06  5.89553e-20  0.00000e+00  0.00000e+00  6.58996e-07
0387  7.73677e+18  7.69622e+03  1.68622e+06  5.84046e-20  0.00000e+00  0.00000e+00  6.56037e-07
0388  7.75416e+18  7.69999e+03  1.68354e+06  5.78603e-20  0.00000e+00  0.00000e+00  6.53097e-07
0389  7.77156e+18  7.70375e+03  1.68086e+06  5.73223e-20  0.00000e+00  0.00000e+00  6.50177e-07
0390  7.78895e+18  7.70749e+03  1.67820e+06  5.67906e-20  0.00000e+00  0.00000e+00  6.47277e-07
0391  7.80634e+18  7.71121e+03  1.67554e+06  5.62650e-20  0.00000e+00  0.00000e+00  6.44396e-07
0392  7.82373e+18  7.71492e+03  1.67289e+06  5.57455e-20  0.00000e+00  0.00000e+00  6.41534e-07
0393  7.84113e+18  7.71862e+03  1.67026e+06  5.52319e-20  0.00000e+00  0.00000e+00  6.38691e-07
0394  7.85852e+18  7.72230e+03  1.66763e+06  5.47243e-20  0.00000e+00  0.00000e+00  6.35867e-07
0395  7.87591e+18  7.72597e+03  1.66500e+06  5.42224e-20  0.00000e+00  0.00000e+00  6.33062e-07
0396  7.89330e+18  7.72962e+03  1.66239e+06  5.37264e-20  0.00000e+00  0.00000e+00  6.30275e-07
0397  7.91070e+18  7.73326e+03  1.65979e+06  5.32359e-20  0.00000e+00  0.00000e+00  6.27507e-07
0398  7.92809e+18  7.73688e+03  1.65719e+06  5.27511e-20  0.00000e+00  0.00000e+00  6.24756e-07
0399  7.94548e+18  7.74049e+03  1.65460e+06  5.22718e-20  0.00000e+00  0.00000e+00  6.22024e-07
0400  7.96287e+18  7.74409e+03  1.65202e+06  5.17979e-20  0.00000e+00  0.00000e+00  6.19310e-07
0401  7.98027e+18  7.74767e+03  1.64945e+06  5.13293e-20  0.00000e+00  0.00000e+00  6.16613e-07
0402  7.99766e+18  7.75124e+03  1.64689e+06  5.08661e-20  0.00000e+00  0.00000e+00  6.13934e-07
0403  8.01505e+18  7.75479e+03  1.64434e+06  5.04080e-20  0.00000e+00  0.00000e+00  6.11273e-07
0404  8.03244e+18  7.75834e+03  1.64179e+06  4.99551e-20  0.00000e+00  0.00000e+00  6.08629e-07
0405  8.04984e+18  7.76187e+03  1.63925e+06  4.95073e-20  0.00000e+00  0.00000e+00  6.06001e-07
0406  8.06723e+18  7.76538e+03  1.63672e+06  4.90645e-20  0.00000e+00  0.00000e+00  6.03391e-07
0407  8.08462e+18  7.76889e+03  1.63420e+06  4.86266e-20  0.00000e+00  0.00000e+00  6.00798e-07
0408  8.10201e+18  7.77238e+03  1.63169e+06  4.81936e-20  0.00000e+00  0.00000e+00  5.98221e-07
0409  8.11940e+18  7.77586e+03  1.62918e+06  4.77654e-20  0.00000e+00  0.00000e+00  5.95661e-07
0410  8.13680e+18  7.77932e+03  1.62668e+06  4.73419e-20  0.00000e+00  0.00000e+00  5.93117e-07
0411  8.15419e+18  7.78278e+03  1.62419e+06  4.69232e-20  0.00000e+00  0.00000e+00  5.90590e-07
0412  8.17158e+18  7.78622e+03  1.62171e+06  4.65090e-20  0.00000e+00  0.00000e+00  5.88078e-07
0413  8.18897e+18  7.78964e+03  1.61924e+06  4.60994e-20  0.00000e+00  0.00000e+00  5.85583e-07
0414  8.20637e+18  7.79306e+03  1.61677e+06  4.56943e-20  0.00000e+00  0.00000e+00  5.83104e-07
0415  8.22376e+18  7.79646e+03  1.61431e+06  4.52937e-20  0.00000e+00  0.00000e+00  5.80640e-07
0416  8.24115e+18  7.79984e+03  1.61186e+06  4.48975e-20  0.00000e+00  0.00000e+00  5.78191e-07
0417  8.25854e+18  7.80322e+03  1.60942e+06  4.45055e-20  0.00000e+00  0.00000e+00  5.75759e-07
0418  8.27594e+18  7.80658e+03  1.60698e+06  4.41179e-20  0.00000e+00  0.00000e+00  5.73341e-07
0419  8.29333e+18  7.80993e+03  1.60455e+06  4.37344e-20  0.00000e+00  0.00000e+00  5.70939e-07
0420  8.31072e+18  7.81326e+03  1.60213e+06  4.33551e-20  0.00000e+00  0.00000e+00  5.68552e-07
0421  8.32811e+18  7.81659e+03  1.59972e+06  4.29800e-20  0.00000e+00  0.00000e+00  5.66180e-07
0422  8.34551e+18  7.81990e+03  1.59731e+06  4.26088e-20  0.00000e+00  0.00000e+00  5.63822e-07
0423  8.36290e+18  7.82320e+03  1.59491e+06  4.22417e-20  0.00000e+00  0.00000e+00  5.61479e-07
0424  8.38029e+18  7.82649e+03  1.59252e+06  4.18785e-20  0.00000e+00  0.00000e+00  5.59151e-07
0425  8.39768e+18  7.82977e+03  1.59014e+06  4.15192e-20  0.00000e+00  0.00000e+00  5.56837e-07
0426  8.41508e+18  7.83303e+03  1.58776e+06  4.11637e-20  0.00000e+00  0.00000e+00  5.54538e-07
0427  8.43247e+18  7.83629e+03  1.58540e+06  4.08121e-20  0.00000e+00  0.00000e+00  5.52253e-07
0428  8.44986e+18  7.83953e+03  1.58304e+06  4.04642e-20  0.00000e+00  0.00000e+00  5.49982e-07
0429  8.46725e+18  7.84276e+03  1.58068e+06  4.01199e-20  0.00000e+00  0.00000e+00  5.47725e-07
0430  8.48465e+18  7.84599e+03  1.57834e+06  3.97794e-20  0.00000e+00  0.00000e+00  5.45481e-07
0431  8.50204e+18  7.84920e+03  1.57600e+06  3.94424e-20  0.00000e+00  0.00000e+00  5.43252e-07
0432  8.51943e+18  7.85239e+03  1.57367e+06  3.91090e-20  0.00000e+00  0.00000e+00  5.41036e-07
0433  8.53682e+18  7.85558e+03  1.57134e+06  3.87792e-20  0.00000e+00  0.00000e+00  5.38834e-07
0434  8.55422e+18  7.85876e+03  1.56902e+06  3.84533e-20  0.00000e+00  0.00000e+00  5.36645e-07
0435  8.57161e+18  7.86192e+03  1.56671e+06  3.81308e-20  0.00000e+00  0.00000e+00  5.34469e-07
0436  8.58900e+18  7.86508e+03  1.56441e+06  3.78116e-20  0.00000e+00  0.00000e+00  5.32307e-07
0437  8.60639e+18  7.86822e+03  1.56212e+06  3.74959e-20  0.00000e+00  0.00000e+00  5.30158e-07
0438  8.62379e+18  7.87135e+03  1.55983e+06  3.71834e-20  0.00000e+00  0.00000e+00  5.28021e-07
0439  8.64118e+18  7.87446e+03  1.55754e+06  3.68741e-20  0.00000e+00  0.00000e+00  5.25898e-07
0440  8.65857e+18  7.87757e+03  1.55527e+06  3.65681e-20  0.00000e+00  0.00000e+00  5.23787e-07
0441  8.67596e+18  7.88067e+03  1.55300e+06  3.62652e-20  0.00000e+00  0.00000e+00  5.21689e-07
0442  8.69336e+18  7.88375e+03  1.55074e+06  3.59655e-20  0.00000e+00  0.00000e+00  5.19604e-07
0443  8.71075e+18  7.88683e+03  1.54848e+06  3.56689e-20  0.00000e+00  0.00000e+00  5.17531e-07
0444  8.72814e+18  7.88989e+03  1.54624e+06  3.53753e-20  0.00000e+00  0.00000e+00  5.15471e-07
0445  8.74553e+18  7.89294e+03  1.54400e+06  3.50848e-20  0.00000e+00  0.00000e+00  5.13422e-07
0446  8.76293e+18  7.89598e+03  1.54176e+06  3.47972e-20  0.00000e+00  0.00000e+00  5.11386e-07
0447  8.78032e+18  7.89901e+03  1.53953e+06  3.45125e-20  0.00000e+00  0.00000e+00  5.09362e-07
0448  8.79771e+18  7.90204e+03  1.53731e+06  3.42308e-20  0.00000e+00  0.00000e+00  5.07350e-07
0449  8.81510e+18  7.90505e+03  1.53510e+06  3.39519e-20  0.00000e+00  0.00000e+00  5.05350e-07
0450  8.83250e+18  7.90805e+03  1.53289e+06  3.36759e-20  0.00000e+00  0.00000e+00  5.03362e-07
0451  8.84989e+18  7.91104e+03  1.53069e+06  3.34027e-20  0.00000e+00  0.00000e+00  5.01386e-07
0452  8.86728e+18  7.91401e+03  1.52850e+06  3.31322e-20  0.00000e+00  0.00000e+00  4.99421e-07
0453  8.88467e+18  7.91698e+03  1.52631e+06  3.28645e-20  0.00000e+00  0.00000e+00  4.97467e-07
0454  8.90207e+18  7.91994e+03  1.52413e+06  3.25995e-20  0.00000e+00  0.00000e+00  4.95525e-07
0455  8.91946e+18  7.92289e+03  1.52195e+06  3.23371e-20  0.00000e+00  0.00000e+00  4.93595e-07
0456  8.93685e+18  7.92583e+03  1.51979e+06  3.20774e-20  0.00000e+00  0.00000e+00  4.91675e-07
0457  8.95424e+18  7.92876e+03  1.51762e+06  3.18203e-20  0.00000e+00  0.00000e+00  4.89767e-07
0458  8.97164e+18  7.93168e+03  1.51547e+06  3.15657e-20  0.00000e+00  0.00000e+00  4.87870e-07
0459  8.98903e+18  7.93459e+03  1.51332e+06  3.12640e-20  0.00000e+00  0.00000e+00  4.85984e-07
0460  9.00642e+18  7.93748e+03  1.51117e+06  3.10181e-20  0.00000e+00  0.00000e+00  4.84109e-07
0461  9.02381e+18  7.94037e+03  1.50904e+06  3.07746e-20  0.00000e+00  0.00000e+00  4.82244e-07
0462  9.04121e+18  7.94325e+03  1.50690e+06  3.05335e-20  0.00000e+00  0.00000e+00  4.80391e-07
0463  9.05860e+18  7.94612e+03  1.50478e+06  3.02947e-20  0.00000e+00  0.00000e+00  4.78548e-07
0464  9.07599e+18  7.94898e+03  1.50266e+06  3.00583e-20  0.00000e+00  0.00000e+00  4.76716e-07
0465  9.09338e+18  7.95183e+03  1.50055e+06  2.98242e-20  0.00000e+00  0.00000e+00  4.74894e-07
0466  9.11078e+18  7.95467e+03  1.49844e+06  2.95923e-20  0.00000e+00  0.00000e+00  4.73082e-07
0467  9.12817e+18  7.95750e+03  1.49634e+06  2.93627e-20  0.00000e+00  0.00000e+00  4.71281e-07
0468  9.14556e+18  7.96032e+03  1.49425e+06  2.91353e-20  0.00000e+00  0.00000e+00  4.69490e-07
0469  9.16295e+18  7.96313e+03  1.49216e+06  2.89102e-20  0.00000e+00  0.00000e+00  4.67710e-07
0470  9.18035e+18  7.96592e+03  1.49008e+06  2.86871e-20  0.00000e+00  0.00000e+00  4.65939e-07
0471  9.19774e+18  7.96872e+03  1.48801e+06  2.84663e-20  0.00000e+00  0.00000e+00  4.64179e-07
0472  9.21513e+18  7.97150e+03  1.48594e+06  2.82475e-20  0.00000e+00  0.00000e+00  4.62428e-07
0473  9.23252e+18  7.97427e+03  1.48388e+06  2.80309e-20  0.00000e+00  0.00000e+00  4.60688e-07
0474  9.24992e+18  7.97704e+03  1.48182e+06  2.78163e-20  0.00000e+00  0.00000e+00  4.58957e-07
0475  9.26731e+18  7.97979e+03  1.47977e+06  2.76037e-20  0.00000e+00  0.00000e+00  4.57236e-07
0476  9.28470e+18  7.98254e+03  1.47773e+06  2.73932e-20  0.00000e+00  0.00000e+00  4.55524e-07
0477  9.30209e+18  7.98527e+03  1.47570e+06  2.71847e-20  0.00000e+00  0.00000e+00  4.53823e-07
0478  9.31949e+18  7.98800e+03  1.47367e+06  2.69782e-20  0.00000e+00  0.00000e+00  4.52130e-07
0479  9.33688e+18  7.99072e+03  1.47164e+06  2.67737e-20  0.00000e+00  0.00000e+00  4.50447e-07
0480  9.35427e+18  7.99342e+03  1.46963e+06  2.65710e-20  0.00000e+00  0.00000e+00  4.48774e-07
0481  9.37166e+18  7.99612e+03  1.46761e+06  2.63703e-20  0.00000e+00  0.00000e+00  4.47110e-07
0482  9.38906e+18  7.99881e+03  1.46561e+06  2.61715e-20  0.00000e+00  0.00000e+00  4.45455e-07
0483  9.40645e+18  8.00150e+03  1.46361e+06  2.59745e-20  0.00000e+00  0.00000e+00  4.43809e-07
0484  9.42384e+18  8.00417e+03  1.46162e+06  2.57794e-20  0.00000e+00  0.00000e+00  4.42172e-07
0485  9.44123e+18  8.00684e+03  1.45963e+06  2.55861e-20  0.00000e+00  0.00000e+00  4.40545e-07
0486  9.45863e+18  8.00950e+03  1.45765e+06  2.53947e-20  0.00000e+00  0.00000e+00  4.38926e-07
0487  9.47602e+18  8.01215e+03  1.45567e+06  2.52050e-20  0.00000e+00  0.00000e+00  4.37316e-07
0488  9.49341e+18  8.01479e+03  1.45370e+06  2.50170e-20  0.00000e+00  0.00000e+00  4.35715e-07
0489  9.51080e+18  8.01742e+03  1.45174e+06  2.48309e-20  0.00000e+00  0.00000e+00  4.34123e-07
0490  9.52820e+18  8.02004e+03  1.44978e+06  2.46464e-20  0.00000e+00  0.00000e+00  4.32540e-07
0491  9.54559e+18  8.02265e+03  1.44783e+06  2.44637e-20  0.00000e+00  0.00000e+00  4.30965e-07
0492  9.56298e+18  8.02526e+03  1.44588e+06  2.42827e-20  0.00000e+00  0.00000e+00  4.29399e-07
0493  9.58037e+18  8.02785e+03  1.44394e+06  2.41033e-20  0.00000e+00  0.00000e+00  4.27841e-07
0494  9.59777e+18  8.03044e+03  1.44201e+06  2.39256e-20  0.00000e+00  0.00000e+00  4.26292e-07
0495  9.61516e+18  8.03302e+03  1.44008e+06  2.37495e-20  0.00000e+00  0.00000e+00  4.24751e-07
0496  9.63255e+18  8.03559e+03  1.43816e+06  2.35750e-20  0.00000e+00  0.00000e+00  4.23219e-07
0497  9.64994e+18  8.03815e+03  1.43624e+06  2.34022e-20  0.00000e+00  0.00000e+00  4.21695e-07
0498  9.66734e+18  8.04071e+03  1.43433e+06  2.32309e-20  0.00000e+00  0.00000e+00  4.20179e-07
0499  9.68473e+18  8.04326e+03  1.43242e+06  2.30612e-20  0.00000e+00  0.00000e+00  4.18671e-07
0500  9.70212e+18  8.04579e+03  1.43052e+06  2.28930e-20  0.00000e+00  0.00000e+00  4.17171e-07
0501  9.71951e+18  8.04832e+03  1.42862e+06  2.27264e-20  0.00000e+00  0.00000e+00  4.15679e-07
0502  9.73691e+18  8.05084e+03  1.42673e+06  2.25612e-20  0.00000e+00  0.00000e+00  4.14196e-07
0503  9.75430e+18  8.05335e+03  1.42485e+06  2.23976e-20  0.00000e+00  0.00000e+00  4.12720e-07
0504  9.77169e+18  8.05585e+03  1.42297e+06  2.22355e-20  0.00000e+00  0.00000e+00  4.11252e-07
0505  9.78908e+18  8.05835e+03  1.42110e+06  2.20748e-20  0.00000e+00  0.00000e+00  4.09792e-07
0506  9.80648e+18  8.06084e+03  1.41923e+06  2.19156e-20  0.00000e+00  0.00000e+00  4.08340e-07
0507  9.82387e+18  8.06331e+03  1.41737e+06  2.17578e-20  0.00000e+00  0.00000e+00  4.06895e-07
0508  9.84126e+18  8.06578e+03  1.41551e+06  2.16014e-20  0.00000e+00  0.00000e+00  4.05458e-07
0509  9.85865e+18  8.06824e+03  1.41366e+06  2.14464e-20  0.00000e+00  0.00000e+00  4.04029e-07
0510  9.87605e+18  8.07070e+03  1.41181e+06  2.12929e-20  0.00000e+00  0.00000e+00  4.02607e-07
0511  9.89344e+18  8.07314e+03  1.40997e+06  2.11407e-20  0.00000e+00  0.00000e+00  4.01193e-07
0512  9.91083e+18  8.07557e+03  1.40813e+06  2.09898e-20  0.00000e+00  0.00000e+00  3.99786e-07
0513  9.92822e+18  8.07800e+03  1.40630e+06  2.08403e-20  0.00000e+00  0.00000e+00  3.98386e-07
0514  9.94562e+18  8.08042e+03  1.40447e+06  2.06921e-20  0.00000e+00  0.00000e+00  3.96994e-07
0515  9.96301e+18  8.08283e+03  1.40265e+06  2.05453e-20  0.00000e+00  0.00000e+00  3.95609e-07
0516  9.98040e+18  8.08523e+03  1.40083e+06  2.03998e-20  0.00000e+00  0.00000e+00  3.94232e-07
0517  9.99779e+18  8.08762e+03  1.39902e+06  2.02555e-20  0.00000e+00  0.00000e+00  3.92861e-07
0518  1.00152e+19  8.09001e+03  1.39722e+06  2.01125e-20  0.00000e+00  0.00000e+00  3.91498e-07
0519  1.00326e+19  8.09238e+03  1.39542e+06  1.99708e-20  0.00000e+00  0.00000e+00  3.90142e-07
0520  1.00500e+19  8.09475e+03  1.39362e+06  1.98303e-20  0.00000e+00  0.00000e+00  3.88793e-07
0521  1.00674e+19  8.09712e+03  1.39183e+06  1.96911e-20  0.00000e+00  0.00000e+00  3.87450e-07
0522  1.00848e+19  8.09947e+03  1.39004e+06  1.95530e-20  0.00000e+00  0.00000e+00  3.86115e-07
0523  1.01021e+19  8.10182e+03  1.38826e+06  1.94162e-20  0.00000e+00  0.00000e+00  3.84787e-07
0524  1.01195e+19  8.10416e+03  1.38649e+06  1.92806e-20  0.00000e+00  0.00000e+00  3.83465e-07
0525  1.01369e+19  8.10649e+03  1.38472e+06  1.91462e-20  0.00000e+00  0.00000e+00  3.82150e-07
0526  1.01543e+19  8.10881e+03  1.38295e+06  1.90129e-20  0.00000e+00  0.00000e+00  3.80842e-07
0527  1.01717e+19  8.11113e+03  1.38119e+06  1.88808e-20  0.00000e+00  0.00000e+00  3.79541e-07
0528  1.01891e+19  8.11343e+03  1.37943e+06  1.87499e-20  0.00000e+00  0.00000e+00  3.78247e-07
0529  1.02065e+19  8.11574e+03  1.37768e+06  1.86200e-20  0.00000e+00  0.00000e+00  3.76959e-07
0530  1.02239e+19  8.11803e+03  1.37594e+06  1.84913e-20  0.00000e+00  0.00000e+00  3.75677e-07
0531  1.02413e+19  8.12032e+03  1.37420e+06  1.83637e-20  0.00000e+00  0.00000e+00  3.74402e-07
0532  1.02587e+19  8.12260e+03  1.37246e+06  1.82372e-20  0.00000e+00  0.00000e+00  3.73134e-07
0533  1.02761e+19  8.12488e+03  1.37073e+06  1.81118e-20  0.00000e+00  0.00000e+00  3.71872e-07
0534  1.02935e+19  8.12715e+03  1.36900e+06  1.79875e-20  0.00000e+00  0.00000e+00  3.70616e-07
0535  1.03109e+19  8.12941e+03  1.36728e+06  1.78642e-20  0.00000e+00  0.00000e+00  3.69367e-07
0536  1.03283e+19  8.13166e+03  1.36556e+06  1.77420e-20  0.00000e+00  0.00000e+00  3.68124e-07
0537  1.03456e+19  8.13390e+03  1.36385e+06  1.76209e-20  0.00000e+00  0.00000e+00  3.66887e-07
0538  1.03630e+19  8.13614e+03  1.36214e+06  1.75007e-20  0.00000e+00  0.00000e+00  3.65657e-07
0539  1.03804e+19  8.13837e+03  1.36044e+06  1.73816e-20  0.00000e+00  0.00000e+00  3.64432e-07
0540  1.03978e+19  8.14060e+03  1.35874e+06  1.72635e-20  0.00000e+00  0.00000e+00  3.63214e-07
0541  1.04152e+19  8.14281e+03  1.35705e+06  1.71465e-20  0.00000e+00  0.00000e+00  3.62002e-07
0542  1.04326e+19  8.14503e+03  1.35536e+06  1.70304e-20  0.00000e+00  0.00000e+00  3.60796e-07
0543  1.04500e+19  8.14723e+03  1.35368e+06  1.69152e-20  0.00000e+00  0.00000e+00  3.59596e-07
0544  1.04674e+19  8.14943e+03  1.35200e+06  1.68011e-20  0.00000e+00  0.00000e+00  3.58402e-07
0545  1.04848e+19  8.15163e+03  1.35032e+06  1.66879e-20  0.00000e+00  0.00000e+00  3.57214e-07
0546  1.05022e+19  8.15381e+03  1.34865e+06  1.65757e-20  0.00000e+00  0.00000e+00  3.56032e-07
0547  1.05196e+19  8.15599e+03  1.34699e+06  1.64644e-20  0.00000e+00  0.00000e+00  3.54856e-07
0548  1.05370e+19  8.15817e+03  1.34533e+06  1.63540e-20  0.00000e+00  0.00000e+00  3.53685e-07
0549  1.05544e+19  8.16034e+03  1.34367e+06  1.62446e-20  0.00000e+00  0.00000e+00  3.52520e-07
0550  1.05717e+19  8.16249e+03  1.34202e+06  1.61361e-20  0.00000e+00  0.00000e+00  3.51361e-07
0551  1.05891e+19  8.16467e+03  1.34037e+06  1.60284e-20  0.00000e+00  0.00000e+00  3.50208e-07
0552  1.06065e+19  8.16666e+03  1.33873e+06  1.59205e-20  0.00000e+00  0.00000e+00  3.49061e-07
0553  1.06239e+19  8.16948e+03  1.33705e+06  1.58136e-20  0.00000e+00  0.00000e+00  3.47919e-07
0554  1.06413e+19  8.16889e+03  1.33557e+06  1.57131e-20  0.00000e+00  0.00000e+00  3.46782e-07
0555  1.06587e+19  8.18757e+03  1.33301e+06  1.55823e-20  0.00000e+00  0.00000e+00  3.45651e-07
