# Athena++ data at time=8.780000e+12  cycle=659606003  variables=prim 
# i       x1v         rho          press          vel1         vel2         vel3     
0002  1.07548e+18  2.40946e-18  1.00596e-05 -4.92557e+05  1.38461e-09  0.00000e+00
0003  1.09287e+18  1.08520e-18  6.04981e-06  1.38960e+05  1.95072e-02  0.00000e+00
0004  1.11027e+18  6.83533e-19  4.76033e-06  1.40962e+05  4.26801e-02  0.00000e+00
0005  1.12766e+18  4.42663e-19  3.97181e-06  1.92974e+05  6.34538e-02  0.00000e+00
0006  1.14505e+18  2.80673e-19  3.50511e-06  2.86528e+05  8.16581e-02  0.00000e+00
0007  1.16244e+18  1.86356e-19  3.21213e-06  4.06693e+05  9.80664e-02  0.00000e+00
0008  1.17983e+18  1.61056e-19  2.98503e-06  4.64572e+05  1.13113e-01  0.00000e+00
0009  1.19723e+18  1.44506e-19  2.80988e-06  4.92613e+05  1.27139e-01  0.00000e+00
0010  1.21462e+18  1.30867e-19  2.65185e-06  5.27812e+05  1.40290e-01  0.00000e+00
0011  1.23201e+18  1.21758e-19  2.51006e-06  5.52700e+05  1.52658e-01  0.00000e+00
0012  1.24940e+18  1.13804e-19  2.38424e-06  5.73171e+05  1.64336e-01  0.00000e+00
0013  1.26679e+18  1.06540e-19  2.26853e-06  5.95684e+05  1.75383e-01  0.00000e+00
0014  1.28419e+18  9.99954e-20  2.16314e-06  6.17502e+05  1.85855e-01  0.00000e+00
0015  1.30158e+18  9.41656e-20  2.06664e-06  6.38346e+05  1.95803e-01  0.00000e+00
0016  1.31897e+18  8.90423e-20  1.97793e-06  6.57489e+05  2.05268e-01  0.00000e+00
0017  1.33636e+18  8.43644e-20  1.89635e-06  6.75772e+05  2.14292e-01  0.00000e+00
0018  1.35375e+18  8.00614e-20  1.82086e-06  6.93821e+05  2.22909e-01  0.00000e+00
0019  1.37115e+18  7.61172e-20  1.75112e-06  7.11210e+05  2.31151e-01  0.00000e+00
0020  1.38854e+18  7.29574e-20  1.68556e-06  7.24626e+05  2.39040e-01  0.00000e+00
0021  1.40593e+18  6.96245e-20  1.62577e-06  7.38966e+05  2.46610e-01  0.00000e+00
0022  1.42332e+18  6.63864e-20  1.56903e-06  7.56699e+05  2.53880e-01  0.00000e+00
0023  1.44071e+18  6.37621e-20  1.51587e-06  7.69916e+05  2.60866e-01  0.00000e+00
0024  1.45811e+18  6.12124e-20  1.46696e-06  7.81919e+05  2.67594e-01  0.00000e+00
0025  1.47550e+18  5.87818e-20  1.42050e-06  7.95442e+05  2.74077e-01  0.00000e+00
0026  1.49289e+18  5.65263e-20  1.37711e-06  8.07843e+05  2.80336e-01  0.00000e+00
0027  1.51028e+18  5.44342e-20  1.33652e-06  8.18846e+05  2.86371e-01  0.00000e+00
0028  1.52767e+18  5.25610e-20  1.29923e-06  8.26686e+05  2.92261e-01  0.00000e+00
0029  1.54507e+18  5.10330e-20  1.26632e-06  7.96543e+05  2.97784e-01  0.00000e+00
0030  1.56246e+18  1.75275e-20  1.30798e-06  2.04673e+06  3.04037e-01  0.00000e+00
0031  1.57985e+18  8.17153e-21  1.03579e-06  5.39243e+06  3.08642e-01  0.00000e+00
0032  1.59724e+18  6.06468e-21  9.80946e-07  6.75606e+06  3.12639e-01  0.00000e+00
0033  1.61463e+18  5.03340e-21  9.36391e-07  7.84160e+06  3.16300e-01  0.00000e+00
0034  1.63203e+18  4.34947e-21  8.95832e-07  8.83479e+06  3.19707e-01  0.00000e+00
0035  1.64942e+18  3.83679e-21  8.57489e-07  9.78648e+06  3.22886e-01  0.00000e+00
0036  1.66681e+18  3.43151e-21  8.21417e-07  1.07045e+07  3.25856e-01  0.00000e+00
0037  1.68420e+18  3.10172e-21  7.87303e-07  1.15928e+07  3.28629e-01  0.00000e+00
0038  1.70160e+18  2.82889e-21  7.55252e-07  1.24474e+07  3.31217e-01  0.00000e+00
0039  1.71899e+18  2.60057e-21  7.25230e-07  1.32646e+07  3.33632e-01  0.00000e+00
0040  1.73638e+18  2.40635e-21  6.97236e-07  1.40457e+07  3.35887e-01  0.00000e+00
0041  1.75377e+18  2.23813e-21  6.70766e-07  1.48006e+07  3.37993e-01  0.00000e+00
0042  1.77116e+18  2.09108e-21  6.45722e-07  1.55297e+07  3.39959e-01  0.00000e+00
0043  1.78856e+18  1.96173e-21  6.22106e-07  1.62316e+07  3.41794e-01  0.00000e+00
0044  1.80595e+18  1.84698e-21  5.99838e-07  1.69078e+07  3.43505e-01  0.00000e+00
0045  1.82334e+18  1.74437e-21  5.78743e-07  1.75612e+07  3.45100e-01  0.00000e+00
0046  1.84073e+18  1.65223e-21  5.58819e-07  1.81907e+07  3.46587e-01  0.00000e+00
0047  1.85813e+18  1.56912e-21  5.40021e-07  1.87963e+07  3.47973e-01  0.00000e+00
0050  1.87552e+18  1.49386e-21  5.22297e-07  1.93780e+07  3.49265e-01  0.00000e+00
0051  1.89291e+18  1.42525e-21  5.05559e-07  1.99384e+07  3.50469e-01  0.00000e+00
0052  1.91030e+18  1.36206e-21  4.89558e-07  2.04845e+07  3.51590e-01  0.00000e+00
0053  1.92769e+18  1.30359e-21  4.74213e-07  2.10181e+07  3.52632e-01  0.00000e+00
0054  1.94509e+18  1.24940e-21  4.59517e-07  2.15389e+07  3.53599e-01  0.00000e+00
0055  1.96248e+18  1.19905e-21  4.45447e-07  2.20468e+07  3.54495e-01  0.00000e+00
0056  1.97987e+18  1.15220e-21  4.31988e-07  2.25416e+07  3.55322e-01  0.00000e+00
0057  1.99726e+18  1.10853e-21  4.19127e-07  2.30229e+07  3.56085e-01  0.00000e+00
0058  2.01466e+18  1.06777e-21  4.06855e-07  2.34904e+07  3.56788e-01  0.00000e+00
0059  2.03205e+18  1.02961e-21  3.95121e-07  2.39455e+07  3.57433e-01  0.00000e+00
0060  2.04944e+18  9.93689e-22  3.83821e-07  2.43915e+07  3.58023e-01  0.00000e+00
0061  2.06683e+18  9.59848e-22  3.72953e-07  2.48280e+07  3.58560e-01  0.00000e+00
0062  2.08423e+18  9.27915e-22  3.62496e-07  2.52554e+07  3.59048e-01  0.00000e+00
0063  2.10162e+18  8.97740e-22  3.52431e-07  2.56738e+07  3.59487e-01  0.00000e+00
0064  2.11901e+18  8.69187e-22  3.42742e-07  2.60834e+07  3.59881e-01  0.00000e+00
0065  2.13640e+18  8.42133e-22  3.33411e-07  2.64846e+07  3.60231e-01  0.00000e+00
0066  2.15379e+18  8.16468e-22  3.24423e-07  2.68775e+07  3.60539e-01  0.00000e+00
0067  2.17119e+18  7.92091e-22  3.15763e-07  2.72624e+07  3.60808e-01  0.00000e+00
0068  2.18858e+18  7.68911e-22  3.07415e-07  2.76395e+07  3.61038e-01  0.00000e+00
0069  2.20597e+18  7.46842e-22  2.99364e-07  2.80092e+07  3.61231e-01  0.00000e+00
0070  2.22336e+18  7.25827e-22  2.91611e-07  2.83709e+07  3.61390e-01  0.00000e+00
0071  2.24076e+18  7.05877e-22  2.84213e-07  2.87214e+07  3.61515e-01  0.00000e+00
0072  2.25815e+18  6.86896e-22  2.77136e-07  2.90620e+07  3.61612e-01  0.00000e+00
0073  2.27554e+18  6.68791e-22  2.70341e-07  2.93941e+07  3.61675e-01  0.00000e+00
0074  2.29293e+18  6.51487e-22  2.63801e-07  2.97187e+07  3.61723e-01  0.00000e+00
0075  2.31033e+18  6.34921e-22  2.57494e-07  3.00366e+07  3.61729e-01  0.00000e+00
0076  2.32772e+18  6.19041e-22  2.51402e-07  3.03483e+07  3.61715e-01  0.00000e+00
0077  2.34511e+18  6.03804e-22  2.45513e-07  3.06543e+07  3.61680e-01  0.00000e+00
0078  2.36250e+18  5.89169e-22  2.39815e-07  3.09548e+07  3.61624e-01  0.00000e+00
0079  2.37989e+18  5.75101e-22  2.34300e-07  3.12501e+07  3.61545e-01  0.00000e+00
0080  2.39729e+18  5.61568e-22  2.28957e-07  3.15404e+07  3.61446e-01  0.00000e+00
0081  2.41468e+18  5.48542e-22  2.23780e-07  3.18259e+07  3.61327e-01  0.00000e+00
0082  2.43207e+18  5.35994e-22  2.18761e-07  3.21067e+07  3.61190e-01  0.00000e+00
0083  2.44946e+18  5.23900e-22  2.13894e-07  3.23830e+07  3.61034e-01  0.00000e+00
0084  2.46686e+18  5.12236e-22  2.09173e-07  3.26548e+07  3.60861e-01  0.00000e+00
0085  2.48425e+18  5.00982e-22  2.04593e-07  3.29225e+07  3.60671e-01  0.00000e+00
0086  2.50164e+18  4.90118e-22  2.00147e-07  3.31859e+07  3.60465e-01  0.00000e+00
0087  2.51903e+18  4.79624e-22  1.95831e-07  3.34453e+07  3.60244e-01  0.00000e+00
0088  2.53643e+18  4.69482e-22  1.91640e-07  3.37007e+07  3.60008e-01  0.00000e+00
0089  2.55382e+18  4.59678e-22  1.87571e-07  3.39522e+07  3.59758e-01  0.00000e+00
0090  2.57121e+18  4.50199e-22  1.83621e-07  3.41997e+07  3.59495e-01  0.00000e+00
0091  2.58860e+18  4.41027e-22  1.79786e-07  3.44433e+07  3.59218e-01  0.00000e+00
0092  2.60600e+18  4.32151e-22  1.76061e-07  3.46831e+07  3.58930e-01  0.00000e+00
0093  2.62339e+18  4.23555e-22  1.72443e-07  3.49192e+07  3.58629e-01  0.00000e+00
0094  2.64078e+18  4.15228e-22  1.68926e-07  3.51518e+07  3.58317e-01  0.00000e+00
0095  2.65817e+18  4.07158e-22  1.65507e-07  3.53810e+07  3.57994e-01  0.00000e+00
0096  2.67557e+18  3.99333e-22  1.62183e-07  3.56067e+07  3.57661e-01  0.00000e+00
0097  2.69296e+18  3.91743e-22  1.58949e-07  3.58293e+07  3.57318e-01  0.00000e+00
0098  2.71035e+18  3.84378e-22  1.55803e-07  3.60486e+07  3.56966e-01  0.00000e+00
0099  2.72774e+18  3.77229e-22  1.52742e-07  3.62648e+07  3.56604e-01  0.00000e+00
0100  2.74513e+18  3.70287e-22  1.49762e-07  3.64780e+07  3.56234e-01  0.00000e+00
0101  2.76253e+18  3.63543e-22  1.46861e-07  3.66882e+07  3.55855e-01  0.00000e+00
0102  2.77992e+18  3.56991e-22  1.44036e-07  3.68956e+07  3.55468e-01  0.00000e+00
0103  2.79731e+18  3.50621e-22  1.41284e-07  3.71001e+07  3.55074e-01  0.00000e+00
0104  2.81470e+18  3.44428e-22  1.38603e-07  3.73019e+07  3.54672e-01  0.00000e+00
0105  2.83210e+18  3.38405e-22  1.35991e-07  3.75009e+07  3.54263e-01  0.00000e+00
0106  2.84949e+18  3.32544e-22  1.33446e-07  3.76974e+07  3.53848e-01  0.00000e+00
0107  2.86688e+18  3.26841e-22  1.30964e-07  3.78912e+07  3.53426e-01  0.00000e+00
0108  2.88427e+18  3.21289e-22  1.28545e-07  3.80825e+07  3.52998e-01  0.00000e+00
0109  2.90167e+18  3.15882e-22  1.26186e-07  3.82713e+07  3.52564e-01  0.00000e+00
0110  2.91906e+18  3.10617e-22  1.23886e-07  3.84577e+07  3.52124e-01  0.00000e+00
0111  2.93645e+18  3.05486e-22  1.21642e-07  3.86417e+07  3.51679e-01  0.00000e+00
0112  2.95384e+18  3.00486e-22  1.19452e-07  3.88234e+07  3.51229e-01  0.00000e+00
0113  2.97124e+18  2.95613e-22  1.17316e-07  3.90028e+07  3.50774e-01  0.00000e+00
0114  2.98863e+18  2.90861e-22  1.15231e-07  3.91799e+07  3.50315e-01  0.00000e+00
0115  3.00602e+18  2.86226e-22  1.13196e-07  3.93549e+07  3.49850e-01  0.00000e+00
0116  3.02341e+18  2.81706e-22  1.11210e-07  3.95277e+07  3.49382e-01  0.00000e+00
0117  3.04081e+18  2.77295e-22  1.09270e-07  3.96984e+07  3.48910e-01  0.00000e+00
0118  3.05820e+18  2.72990e-22  1.07376e-07  3.98670e+07  3.48434e-01  0.00000e+00
0119  3.07559e+18  2.68788e-22  1.05526e-07  4.00336e+07  3.47954e-01  0.00000e+00
0120  3.09298e+18  2.64685e-22  1.03719e-07  4.01982e+07  3.47470e-01  0.00000e+00
0121  3.11037e+18  2.60679e-22  1.01953e-07  4.03608e+07  3.46984e-01  0.00000e+00
0122  3.12777e+18  2.56765e-22  1.00228e-07  4.05215e+07  3.46494e-01  0.00000e+00
0123  3.14516e+18  2.52942e-22  9.85427e-08  4.06803e+07  3.46001e-01  0.00000e+00
0124  3.16255e+18  2.49206e-22  9.68943e-08  4.08374e+07  3.45505e-01  0.00000e+00
0125  3.17994e+18  2.45554e-22  9.52837e-08  4.09925e+07  3.45007e-01  0.00000e+00
0126  3.19734e+18  2.41985e-22  9.37103e-08  4.11457e+07  3.44506e-01  0.00000e+00
0127  3.21473e+18  2.38497e-22  9.21730e-08  4.12971e+07  3.44002e-01  0.00000e+00
0128  3.23212e+18  2.35085e-22  9.06708e-08  4.14466e+07  3.43497e-01  0.00000e+00
0129  3.24951e+18  2.31749e-22  8.92024e-08  4.15944e+07  3.42989e-01  0.00000e+00
0130  3.26691e+18  2.28486e-22  8.77670e-08  4.17404e+07  3.42480e-01  0.00000e+00
0131  3.28430e+18  2.25294e-22  8.63634e-08  4.18847e+07  3.41968e-01  0.00000e+00
0132  3.30169e+18  2.22170e-22  8.49909e-08  4.20273e+07  3.41455e-01  0.00000e+00
0133  3.31908e+18  2.19113e-22  8.36484e-08  4.21683e+07  3.40941e-01  0.00000e+00
0134  3.33648e+18  2.16120e-22  8.23351e-08  4.23077e+07  3.40424e-01  0.00000e+00
0135  3.35387e+18  2.13190e-22  8.10501e-08  4.24455e+07  3.39907e-01  0.00000e+00
0136  3.37126e+18  2.10320e-22  7.97927e-08  4.25817e+07  3.39388e-01  0.00000e+00
0137  3.38865e+18  2.07510e-22  7.85620e-08  4.27165e+07  3.38868e-01  0.00000e+00
0138  3.40605e+18  2.04758e-22  7.73573e-08  4.28498e+07  3.38348e-01  0.00000e+00
0139  3.42344e+18  2.02061e-22  7.61780e-08  4.29816e+07  3.37826e-01  0.00000e+00
0140  3.44083e+18  1.99418e-22  7.50232e-08  4.31120e+07  3.37303e-01  0.00000e+00
0141  3.45822e+18  1.96828e-22  7.38924e-08  4.32410e+07  3.36780e-01  0.00000e+00
0142  3.47562e+18  1.94290e-22  7.27849e-08  4.33686e+07  3.36256e-01  0.00000e+00
0143  3.49301e+18  1.91801e-22  7.17000e-08  4.34949e+07  3.35731e-01  0.00000e+00
0144  3.51040e+18  1.89361e-22  7.06372e-08  4.36199e+07  3.35206e-01  0.00000e+00
0145  3.52779e+18  1.86969e-22  6.95958e-08  4.37435e+07  3.34680e-01  0.00000e+00
0146  3.54519e+18  1.84622e-22  6.85754e-08  4.38659e+07  3.34154e-01  0.00000e+00
0147  3.56258e+18  1.82320e-22  6.75754e-08  4.39871e+07  3.33627e-01  0.00000e+00
0148  3.57997e+18  1.80062e-22  6.65952e-08  4.41070e+07  3.33101e-01  0.00000e+00
0149  3.59736e+18  1.77847e-22  6.56343e-08  4.42257e+07  3.32574e-01  0.00000e+00
0150  3.61476e+18  1.75673e-22  6.46923e-08  4.43432e+07  3.32047e-01  0.00000e+00
0151  3.63215e+18  1.73539e-22  6.37687e-08  4.44595e+07  3.31520e-01  0.00000e+00
0152  3.64954e+18  1.71445e-22  6.28630e-08  4.45746e+07  3.30993e-01  0.00000e+00
0153  3.66693e+18  1.69389e-22  6.19747e-08  4.46887e+07  3.30466e-01  0.00000e+00
0154  3.68432e+18  1.67371e-22  6.11035e-08  4.48016e+07  3.29939e-01  0.00000e+00
0155  3.70172e+18  1.65389e-22  6.02489e-08  4.49134e+07  3.29413e-01  0.00000e+00
0156  3.71911e+18  1.63443e-22  5.94105e-08  4.50242e+07  3.28886e-01  0.00000e+00
0157  3.73650e+18  1.61531e-22  5.85880e-08  4.51339e+07  3.28360e-01  0.00000e+00
0158  3.75389e+18  1.59653e-22  5.77808e-08  4.52425e+07  3.27834e-01  0.00000e+00
0159  3.77129e+18  1.57809e-22  5.69888e-08  4.53501e+07  3.27308e-01  0.00000e+00
0160  3.78868e+18  1.55997e-22  5.62114e-08  4.54567e+07  3.26783e-01  0.00000e+00
0161  3.80607e+18  1.54216e-22  5.54484e-08  4.55623e+07  3.26258e-01  0.00000e+00
0162  3.82346e+18  1.52466e-22  5.46995e-08  4.56669e+07  3.25734e-01  0.00000e+00
0163  3.84086e+18  1.50746e-22  5.39642e-08  4.57705e+07  3.25210e-01  0.00000e+00
0164  3.85825e+18  1.49056e-22  5.32423e-08  4.58732e+07  3.24686e-01  0.00000e+00
0165  3.87564e+18  1.47394e-22  5.25334e-08  4.59750e+07  3.24163e-01  0.00000e+00
0166  3.89303e+18  1.45760e-22  5.18374e-08  4.60758e+07  3.23641e-01  0.00000e+00
0167  3.91043e+18  1.44154e-22  5.11538e-08  4.61757e+07  3.23120e-01  0.00000e+00
0168  3.92782e+18  1.42575e-22  5.04824e-08  4.62747e+07  3.22599e-01  0.00000e+00
0169  3.94521e+18  1.41021e-22  4.98229e-08  4.63728e+07  3.22078e-01  0.00000e+00
0170  3.96260e+18  1.39494e-22  4.91750e-08  4.64701e+07  3.21559e-01  0.00000e+00
0171  3.98000e+18  1.37991e-22  4.85386e-08  4.65664e+07  3.21040e-01  0.00000e+00
0172  3.99739e+18  1.36513e-22  4.79132e-08  4.66620e+07  3.20522e-01  0.00000e+00
0173  4.01478e+18  1.35058e-22  4.72988e-08  4.67567e+07  3.20005e-01  0.00000e+00
0174  4.03217e+18  1.33628e-22  4.66950e-08  4.68505e+07  3.19488e-01  0.00000e+00
0175  4.04957e+18  1.32220e-22  4.61015e-08  4.69436e+07  3.18973e-01  0.00000e+00
0176  4.06696e+18  1.30834e-22  4.55181e-08  4.70359e+07  3.18458e-01  0.00000e+00
0177  4.08435e+18  1.29470e-22  4.49447e-08  4.71273e+07  3.17944e-01  0.00000e+00
0178  4.10174e+18  1.28128e-22  4.43810e-08  4.72180e+07  3.17431e-01  0.00000e+00
0179  4.11914e+18  1.26807e-22  4.38269e-08  4.73080e+07  3.16919e-01  0.00000e+00
0180  4.13653e+18  1.25506e-22  4.32821e-08  4.73971e+07  3.16408e-01  0.00000e+00
0181  4.15392e+18  1.24226e-22  4.27464e-08  4.74856e+07  3.15898e-01  0.00000e+00
0182  4.17131e+18  1.22965e-22  4.22197e-08  4.75732e+07  3.15388e-01  0.00000e+00
0183  4.18871e+18  1.21723e-22  4.17017e-08  4.76602e+07  3.14880e-01  0.00000e+00
0184  4.20610e+18  1.20501e-22  4.11923e-08  4.77464e+07  3.14373e-01  0.00000e+00
0185  4.22349e+18  1.19297e-22  4.06913e-08  4.78319e+07  3.13867e-01  0.00000e+00
0186  4.24088e+18  1.18111e-22  4.01985e-08  4.79167e+07  3.13362e-01  0.00000e+00
0187  4.25828e+18  1.16943e-22  3.97137e-08  4.80008e+07  3.12858e-01  0.00000e+00
0188  4.27567e+18  1.15792e-22  3.92369e-08  4.80842e+07  3.12355e-01  0.00000e+00
0189  4.29306e+18  1.14658e-22  3.87677e-08  4.81670e+07  3.11853e-01  0.00000e+00
0190  4.31045e+18  1.13542e-22  3.83061e-08  4.82491e+07  3.11352e-01  0.00000e+00
0191  4.32785e+18  1.12441e-22  3.78519e-08  4.83305e+07  3.10852e-01  0.00000e+00
0192  4.34524e+18  1.11357e-22  3.74050e-08  4.84113e+07  3.10353e-01  0.00000e+00
0193  4.36263e+18  1.10288e-22  3.69652e-08  4.84914e+07  3.09856e-01  0.00000e+00
0194  4.38002e+18  1.09235e-22  3.65323e-08  4.85709e+07  3.09359e-01  0.00000e+00
0195  4.39742e+18  1.08197e-22  3.61063e-08  4.86497e+07  3.08864e-01  0.00000e+00
0196  4.41481e+18  1.07174e-22  3.56869e-08  4.87280e+07  3.08370e-01  0.00000e+00
0197  4.43220e+18  1.06165e-22  3.52742e-08  4.88056e+07  3.07877e-01  0.00000e+00
0198  4.44959e+18  1.05171e-22  3.48678e-08  4.88826e+07  3.07385e-01  0.00000e+00
0199  4.46699e+18  1.04190e-22  3.44678e-08  4.89591e+07  3.06895e-01  0.00000e+00
0200  4.48438e+18  1.03224e-22  3.40739e-08  4.90349e+07  3.06405e-01  0.00000e+00
0201  4.50177e+18  1.02271e-22  3.36862e-08  4.91102e+07  3.05917e-01  0.00000e+00
0202  4.51916e+18  1.01331e-22  3.33044e-08  4.91848e+07  3.05430e-01  0.00000e+00
0203  4.53655e+18  1.00404e-22  3.29284e-08  4.92589e+07  3.04944e-01  0.00000e+00
0204  4.55395e+18  9.94904e-23  3.25582e-08  4.93325e+07  3.04460e-01  0.00000e+00
0205  4.57134e+18  9.85890e-23  3.21937e-08  4.94054e+07  3.03977e-01  0.00000e+00
0206  4.58873e+18  9.76998e-23  3.18346e-08  4.94778e+07  3.03494e-01  0.00000e+00
0207  4.60612e+18  9.68228e-23  3.14810e-08  4.95497e+07  3.03014e-01  0.00000e+00
0208  4.62352e+18  9.59576e-23  3.11326e-08  4.96210e+07  3.02534e-01  0.00000e+00
0209  4.64091e+18  9.51040e-23  3.07895e-08  4.96918e+07  3.02056e-01  0.00000e+00
0210  4.65830e+18  9.42619e-23  3.04515e-08  4.97621e+07  3.01578e-01  0.00000e+00
0211  4.67569e+18  9.34310e-23  3.01185e-08  4.98318e+07  3.01102e-01  0.00000e+00
0212  4.69309e+18  9.26111e-23  2.97904e-08  4.99011e+07  3.00628e-01  0.00000e+00
0213  4.71048e+18  9.18021e-23  2.94671e-08  4.99698e+07  3.00154e-01  0.00000e+00
0214  4.72787e+18  9.10037e-23  2.91486e-08  5.00380e+07  2.99682e-01  0.00000e+00
0215  4.74526e+18  9.02157e-23  2.88347e-08  5.01057e+07  2.99211e-01  0.00000e+00
0216  4.76266e+18  8.94380e-23  2.85254e-08  5.01730e+07  2.98742e-01  0.00000e+00
0217  4.78005e+18  8.86704e-23  2.82206e-08  5.02397e+07  2.98274e-01  0.00000e+00
0218  4.79744e+18  8.79127e-23  2.79202e-08  5.03060e+07  2.97807e-01  0.00000e+00
0219  4.81483e+18  8.71647e-23  2.76240e-08  5.03718e+07  2.97341e-01  0.00000e+00
0220  4.83223e+18  8.64263e-23  2.73322e-08  5.04371e+07  2.96876e-01  0.00000e+00
0221  4.84962e+18  8.56973e-23  2.70444e-08  5.05019e+07  2.96413e-01  0.00000e+00
0222  4.86701e+18  8.49776e-23  2.67608e-08  5.05663e+07  2.95951e-01  0.00000e+00
0223  4.88440e+18  8.42670e-23  2.64812e-08  5.06303e+07  2.95491e-01  0.00000e+00
0224  4.90180e+18  8.35652e-23  2.62055e-08  5.06938e+07  2.95031e-01  0.00000e+00
0225  4.91919e+18  8.28723e-23  2.59337e-08  5.07568e+07  2.94573e-01  0.00000e+00
0226  4.93658e+18  8.21880e-23  2.56658e-08  5.08194e+07  2.94116e-01  0.00000e+00
0227  4.95397e+18  8.15122e-23  2.54015e-08  5.08816e+07  2.93661e-01  0.00000e+00
0228  4.97137e+18  8.08448e-23  2.51409e-08  5.09433e+07  2.93207e-01  0.00000e+00
0229  4.98876e+18  8.01856e-23  2.48839e-08  5.10047e+07  2.92754e-01  0.00000e+00
0230  5.00615e+18  7.95344e-23  2.46305e-08  5.10655e+07  2.92302e-01  0.00000e+00
0231  5.02354e+18  7.88912e-23  2.43805e-08  5.11260e+07  2.91852e-01  0.00000e+00
0232  5.04094e+18  7.82558e-23  2.41340e-08  5.11861e+07  2.91403e-01  0.00000e+00
0233  5.05833e+18  7.76281e-23  2.38908e-08  5.12458e+07  2.90955e-01  0.00000e+00
0234  5.07572e+18  7.70080e-23  2.36510e-08  5.13050e+07  2.90508e-01  0.00000e+00
0235  5.09311e+18  7.63953e-23  2.34144e-08  5.13639e+07  2.90063e-01  0.00000e+00
0236  5.11051e+18  7.57900e-23  2.31809e-08  5.14223e+07  2.89619e-01  0.00000e+00
0237  5.12790e+18  7.51918e-23  2.29506e-08  5.14804e+07  2.89177e-01  0.00000e+00
0238  5.14529e+18  7.46007e-23  2.27234e-08  5.15381e+07  2.88735e-01  0.00000e+00
0239  5.16268e+18  7.40166e-23  2.24993e-08  5.15954e+07  2.88295e-01  0.00000e+00
0240  5.18008e+18  7.34394e-23  2.22781e-08  5.16523e+07  2.87856e-01  0.00000e+00
0241  5.19747e+18  7.28690e-23  2.20598e-08  5.17089e+07  2.87419e-01  0.00000e+00
0242  5.21486e+18  7.23052e-23  2.18445e-08  5.17651e+07  2.86983e-01  0.00000e+00
0243  5.23225e+18  7.17479e-23  2.16319e-08  5.18209e+07  2.86548e-01  0.00000e+00
0244  5.24965e+18  7.11971e-23  2.14222e-08  5.18763e+07  2.86114e-01  0.00000e+00
0245  5.26704e+18  7.06527e-23  2.12152e-08  5.19314e+07  2.85682e-01  0.00000e+00
0246  5.28443e+18  7.01145e-23  2.10108e-08  5.19862e+07  2.85251e-01  0.00000e+00
0247  5.30182e+18  6.95824e-23  2.08092e-08  5.20405e+07  2.84821e-01  0.00000e+00
0248  5.31922e+18  6.90564e-23  2.06101e-08  5.20946e+07  2.84392e-01  0.00000e+00
0249  5.33661e+18  6.85364e-23  2.04136e-08  5.21483e+07  2.83965e-01  0.00000e+00
0250  5.35400e+18  6.80223e-23  2.02197e-08  5.22016e+07  2.83539e-01  0.00000e+00
0251  5.37139e+18  6.75139e-23  2.00282e-08  5.22546e+07  2.83114e-01  0.00000e+00
0252  5.38879e+18  6.70113e-23  1.98392e-08  5.23073e+07  2.82690e-01  0.00000e+00
0253  5.40618e+18  6.65143e-23  1.96525e-08  5.23596e+07  2.82268e-01  0.00000e+00
0254  5.42357e+18  6.60228e-23  1.94683e-08  5.24116e+07  2.81847e-01  0.00000e+00
0255  5.44096e+18  6.55367e-23  1.92863e-08  5.24633e+07  2.81427e-01  0.00000e+00
0256  5.45836e+18  6.50560e-23  1.91067e-08  5.25147e+07  2.81009e-01  0.00000e+00
0257  5.47575e+18  6.45807e-23  1.89293e-08  5.25657e+07  2.80591e-01  0.00000e+00
0258  5.49314e+18  6.41105e-23  1.87541e-08  5.26165e+07  2.80175e-01  0.00000e+00
0259  5.51053e+18  6.36455e-23  1.85811e-08  5.26669e+07  2.79761e-01  0.00000e+00
0260  5.52793e+18  6.31855e-23  1.84103e-08  5.27170e+07  2.79347e-01  0.00000e+00
0261  5.54532e+18  6.27305e-23  1.82416e-08  5.27668e+07  2.78935e-01  0.00000e+00
0262  5.56271e+18  6.22804e-23  1.80749e-08  5.28163e+07  2.78523e-01  0.00000e+00
0263  5.58010e+18  6.18352e-23  1.79103e-08  5.28655e+07  2.78114e-01  0.00000e+00
0264  5.59750e+18  6.13948e-23  1.77478e-08  5.29144e+07  2.77705e-01  0.00000e+00
0265  5.61489e+18  6.09590e-23  1.75872e-08  5.29630e+07  2.77297e-01  0.00000e+00
0266  5.63228e+18  6.05279e-23  1.74285e-08  5.30113e+07  2.76891e-01  0.00000e+00
0267  5.64967e+18  6.01014e-23  1.72718e-08  5.30593e+07  2.76486e-01  0.00000e+00
0268  5.66707e+18  5.96794e-23  1.71170e-08  5.31070e+07  2.76082e-01  0.00000e+00
0269  5.68446e+18  5.92618e-23  1.69641e-08  5.31545e+07  2.75680e-01  0.00000e+00
0270  5.70185e+18  5.88486e-23  1.68130e-08  5.32016e+07  2.75278e-01  0.00000e+00
0271  5.71924e+18  5.84397e-23  1.66637e-08  5.32485e+07  2.74878e-01  0.00000e+00
0272  5.73664e+18  5.80351e-23  1.65162e-08  5.32951e+07  2.74479e-01  0.00000e+00
0273  5.75403e+18  5.76347e-23  1.63705e-08  5.33414e+07  2.74081e-01  0.00000e+00
0274  5.77142e+18  5.72385e-23  1.62265e-08  5.33875e+07  2.73685e-01  0.00000e+00
0275  5.78881e+18  5.68463e-23  1.60842e-08  5.34333e+07  2.73289e-01  0.00000e+00
0276  5.80620e+18  5.64581e-23  1.59436e-08  5.34788e+07  2.72895e-01  0.00000e+00
0277  5.82360e+18  5.60740e-23  1.58046e-08  5.35241e+07  2.72502e-01  0.00000e+00
0278  5.84099e+18  5.56937e-23  1.56673e-08  5.35691e+07  2.72110e-01  0.00000e+00
0279  5.85838e+18  5.53173e-23  1.55316e-08  5.36138e+07  2.71720e-01  0.00000e+00
0280  5.87577e+18  5.49447e-23  1.53974e-08  5.36583e+07  2.71330e-01  0.00000e+00
0281  5.89317e+18  5.45759e-23  1.52648e-08  5.37025e+07  2.70942e-01  0.00000e+00
0282  5.91056e+18  5.42108e-23  1.51338e-08  5.37465e+07  2.70555e-01  0.00000e+00
0283  5.92795e+18  5.38494e-23  1.50043e-08  5.37902e+07  2.70169e-01  0.00000e+00
0284  5.94534e+18  5.34916e-23  1.48762e-08  5.38336e+07  2.69784e-01  0.00000e+00
0285  5.96274e+18  5.31373e-23  1.47497e-08  5.38769e+07  2.69400e-01  0.00000e+00
0286  5.98013e+18  5.27866e-23  1.46245e-08  5.39198e+07  2.69017e-01  0.00000e+00
0287  5.99752e+18  5.24393e-23  1.45009e-08  5.39626e+07  2.68636e-01  0.00000e+00
0288  6.01491e+18  5.20955e-23  1.43786e-08  5.40051e+07  2.68256e-01  0.00000e+00
0289  6.03231e+18  5.17550e-23  1.42577e-08  5.40473e+07  2.67877e-01  0.00000e+00
0290  6.04970e+18  5.14179e-23  1.41382e-08  5.40894e+07  2.67499e-01  0.00000e+00
0291  6.06709e+18  5.10840e-23  1.40200e-08  5.41311e+07  2.67122e-01  0.00000e+00
0292  6.08448e+18  5.07534e-23  1.39032e-08  5.41727e+07  2.66746e-01  0.00000e+00
0293  6.10188e+18  5.04261e-23  1.37876e-08  5.42140e+07  2.66371e-01  0.00000e+00
0294  6.11927e+18  5.01018e-23  1.36734e-08  5.42551e+07  2.65998e-01  0.00000e+00
0295  6.13666e+18  4.97807e-23  1.35604e-08  5.42960e+07  2.65625e-01  0.00000e+00
0296  6.15405e+18  4.94627e-23  1.34487e-08  5.43366e+07  2.65254e-01  0.00000e+00
0297  6.17145e+18  4.91478e-23  1.33382e-08  5.43771e+07  2.64884e-01  0.00000e+00
0298  6.18884e+18  4.88358e-23  1.32290e-08  5.44173e+07  2.64515e-01  0.00000e+00
0299  6.20623e+18  4.85268e-23  1.31210e-08  5.44573e+07  2.64147e-01  0.00000e+00
0300  6.22362e+18  4.82208e-23  1.30141e-08  5.44970e+07  2.63780e-01  0.00000e+00
0301  6.24102e+18  4.79176e-23  1.29084e-08  5.45366e+07  2.63414e-01  0.00000e+00
0302  6.25841e+18  4.76173e-23  1.28039e-08  5.45759e+07  2.63049e-01  0.00000e+00
0303  6.27580e+18  4.73198e-23  1.27005e-08  5.46151e+07  2.62686e-01  0.00000e+00
0304  6.29319e+18  4.70251e-23  1.25982e-08  5.46540e+07  2.62323e-01  0.00000e+00
0305  6.31059e+18  4.67332e-23  1.24971e-08  5.46927e+07  2.61962e-01  0.00000e+00
0306  6.32798e+18  4.64439e-23  1.23970e-08  5.47312e+07  2.61601e-01  0.00000e+00
0307  6.34537e+18  4.61574e-23  1.22980e-08  5.47695e+07  2.61242e-01  0.00000e+00
0308  6.36276e+18  4.58735e-23  1.22001e-08  5.48076e+07  2.60884e-01  0.00000e+00
0309  6.38016e+18  4.55922e-23  1.21032e-08  5.48455e+07  2.60527e-01  0.00000e+00
0310  6.39755e+18  4.53135e-23  1.20074e-08  5.48832e+07  2.60171e-01  0.00000e+00
0311  6.41494e+18  4.50373e-23  1.19126e-08  5.49207e+07  2.59815e-01  0.00000e+00
0312  6.43233e+18  4.47637e-23  1.18188e-08  5.49580e+07  2.59461e-01  0.00000e+00
0313  6.44973e+18  4.44926e-23  1.17260e-08  5.49951e+07  2.59108e-01  0.00000e+00
0314  6.46712e+18  4.42239e-23  1.16341e-08  5.50320e+07  2.58756e-01  0.00000e+00
0315  6.48451e+18  4.39576e-23  1.15433e-08  5.50688e+07  2.58406e-01  0.00000e+00
0316  6.50190e+18  4.36938e-23  1.14534e-08  5.51053e+07  2.58056e-01  0.00000e+00
0317  6.51930e+18  4.34323e-23  1.13644e-08  5.51416e+07  2.57707e-01  0.00000e+00
0318  6.53669e+18  4.31732e-23  1.12764e-08  5.51778e+07  2.57359e-01  0.00000e+00
0319  6.55408e+18  4.29164e-23  1.11893e-08  5.52138e+07  2.57012e-01  0.00000e+00
0320  6.57147e+18  4.26619e-23  1.11030e-08  5.52496e+07  2.56666e-01  0.00000e+00
0321  6.58887e+18  4.24096e-23  1.10177e-08  5.52852e+07  2.56322e-01  0.00000e+00
0322  6.60626e+18  4.21596e-23  1.09333e-08  5.53206e+07  2.55978e-01  0.00000e+00
0323  6.62365e+18  4.19118e-23  1.08497e-08  5.53558e+07  2.55635e-01  0.00000e+00
0324  6.64104e+18  4.16661e-23  1.07670e-08  5.53909e+07  2.55294e-01  0.00000e+00
0325  6.65844e+18  4.14227e-23  1.06852e-08  5.54258e+07  2.54953e-01  0.00000e+00
0326  6.67583e+18  4.11813e-23  1.06042e-08  5.54605e+07  2.54613e-01  0.00000e+00
0327  6.69322e+18  4.09421e-23  1.05240e-08  5.54951e+07  2.54274e-01  0.00000e+00
0328  6.71061e+18  4.07049e-23  1.04446e-08  5.55294e+07  2.53937e-01  0.00000e+00
0329  6.72801e+18  4.04698e-23  1.03660e-08  5.55636e+07  2.53600e-01  0.00000e+00
0330  6.74540e+18  4.02367e-23  1.02882e-08  5.55977e+07  2.53264e-01  0.00000e+00
0331  6.76279e+18  4.00057e-23  1.02113e-08  5.56315e+07  2.52929e-01  0.00000e+00
0332  6.78018e+18  3.97766e-23  1.01350e-08  5.56652e+07  2.52595e-01  0.00000e+00
0333  6.79758e+18  3.95495e-23  1.00596e-08  5.56987e+07  2.52263e-01  0.00000e+00
0334  6.81497e+18  3.93244e-23  9.98490e-09  5.57321e+07  2.51931e-01  0.00000e+00
0335  6.83236e+18  3.91011e-23  9.91096e-09  5.57653e+07  2.51600e-01  0.00000e+00
0336  6.84975e+18  3.88798e-23  9.83775e-09  5.57983e+07  2.51270e-01  0.00000e+00
0337  6.86715e+18  3.86603e-23  9.76527e-09  5.58312e+07  2.50941e-01  0.00000e+00
0338  6.88454e+18  3.84427e-23  9.69350e-09  5.58639e+07  2.50613e-01  0.00000e+00
0339  6.90193e+18  3.82269e-23  9.62245e-09  5.58965e+07  2.50286e-01  0.00000e+00
0340  6.91932e+18  3.80130e-23  9.55210e-09  5.59288e+07  2.49959e-01  0.00000e+00
0341  6.93672e+18  3.78008e-23  9.48244e-09  5.59611e+07  2.49634e-01  0.00000e+00
0342  6.95411e+18  3.75904e-23  9.41346e-09  5.59932e+07  2.49310e-01  0.00000e+00
0343  6.97150e+18  3.73818e-23  9.34516e-09  5.60251e+07  2.48986e-01  0.00000e+00
0344  6.98889e+18  3.71748e-23  9.27752e-09  5.60569e+07  2.48664e-01  0.00000e+00
0345  7.00629e+18  3.69697e-23  9.21054e-09  5.60885e+07  2.48342e-01  0.00000e+00
0346  7.02368e+18  3.67662e-23  9.14422e-09  5.61200e+07  2.48022e-01  0.00000e+00
0347  7.04107e+18  3.65643e-23  9.07853e-09  5.61513e+07  2.47702e-01  0.00000e+00
0348  7.05846e+18  3.63642e-23  9.01348e-09  5.61825e+07  2.47383e-01  0.00000e+00
0349  7.07586e+18  3.61657e-23  8.94906e-09  5.62135e+07  2.47066e-01  0.00000e+00
0350  7.09325e+18  3.59688e-23  8.88526e-09  5.62444e+07  2.46749e-01  0.00000e+00
0351  7.11064e+18  3.57735e-23  8.82206e-09  5.62751e+07  2.46433e-01  0.00000e+00
0352  7.12803e+18  3.55798e-23  8.75948e-09  5.63057e+07  2.46118e-01  0.00000e+00
0353  7.14543e+18  3.53876e-23  8.69749e-09  5.63362e+07  2.45803e-01  0.00000e+00
0354  7.16282e+18  3.51971e-23  8.63609e-09  5.63665e+07  2.45490e-01  0.00000e+00
0355  7.18021e+18  3.50080e-23  8.57527e-09  5.63966e+07  2.45178e-01  0.00000e+00
0356  7.19760e+18  3.48205e-23  8.51503e-09  5.64266e+07  2.44866e-01  0.00000e+00
0357  7.21500e+18  3.46345e-23  8.45536e-09  5.64565e+07  2.44555e-01  0.00000e+00
0358  7.23239e+18  3.44500e-23  8.39626e-09  5.64863e+07  2.44246e-01  0.00000e+00
0359  7.24978e+18  3.42669e-23  8.33770e-09  5.65159e+07  2.43937e-01  0.00000e+00
0360  7.26717e+18  3.40853e-23  8.27970e-09  5.65454e+07  2.43629e-01  0.00000e+00
0361  7.28457e+18  3.39051e-23  8.22224e-09  5.65747e+07  2.43321e-01  0.00000e+00
0362  7.30196e+18  3.37264e-23  8.16532e-09  5.66039e+07  2.43015e-01  0.00000e+00
0363  7.31935e+18  3.35491e-23  8.10892e-09  5.66330e+07  2.42710e-01  0.00000e+00
0364  7.33674e+18  3.33732e-23  8.05306e-09  5.66619e+07  2.42405e-01  0.00000e+00
0365  7.35414e+18  3.31986e-23  7.99770e-09  5.66907e+07  2.42101e-01  0.00000e+00
0366  7.37153e+18  3.30254e-23  7.94286e-09  5.67194e+07  2.41799e-01  0.00000e+00
0367  7.38892e+18  3.28536e-23  7.88853e-09  5.67479e+07  2.41497e-01  0.00000e+00
0368  7.40631e+18  3.26831e-23  7.83470e-09  5.67764e+07  2.41195e-01  0.00000e+00
0369  7.42371e+18  3.25140e-23  7.78136e-09  5.68046e+07  2.40895e-01  0.00000e+00
0370  7.44110e+18  3.23461e-23  7.72851e-09  5.68328e+07  2.40596e-01  0.00000e+00
0371  7.45849e+18  3.21796e-23  7.67614e-09  5.68608e+07  2.40297e-01  0.00000e+00
0372  7.47588e+18  3.20143e-23  7.62425e-09  5.68887e+07  2.39999e-01  0.00000e+00
0373  7.49328e+18  3.18503e-23  7.57283e-09  5.69165e+07  2.39702e-01  0.00000e+00
0374  7.51067e+18  3.16876e-23  7.52187e-09  5.69442e+07  2.39406e-01  0.00000e+00
0375  7.52806e+18  3.15261e-23  7.47138e-09  5.69717e+07  2.39111e-01  0.00000e+00
0376  7.54545e+18  3.13658e-23  7.42135e-09  5.69992e+07  2.38816e-01  0.00000e+00
0377  7.56285e+18  3.12068e-23  7.37176e-09  5.70264e+07  2.38522e-01  0.00000e+00
0378  7.58024e+18  3.10489e-23  7.32262e-09  5.70536e+07  2.38230e-01  0.00000e+00
0379  7.59763e+18  3.08923e-23  7.27393e-09  5.70807e+07  2.37937e-01  0.00000e+00
0380  7.61502e+18  3.07368e-23  7.22566e-09  5.71076e+07  2.37646e-01  0.00000e+00
0381  7.63242e+18  3.05825e-23  7.17783e-09  5.71344e+07  2.37356e-01  0.00000e+00
0382  7.64981e+18  3.04294e-23  7.13042e-09  5.71611e+07  2.37066e-01  0.00000e+00
0383  7.66720e+18  3.02774e-23  7.08344e-09  5.71877e+07  2.36777e-01  0.00000e+00
0384  7.68459e+18  3.01266e-23  7.03687e-09  5.72142e+07  2.36489e-01  0.00000e+00
0385  7.70199e+18  2.99769e-23  6.99071e-09  5.72406e+07  2.36202e-01  0.00000e+00
0386  7.71938e+18  2.98283e-23  6.94497e-09  5.72668e+07  2.35915e-01  0.00000e+00
0387  7.73677e+18  2.96808e-23  6.89962e-09  5.72929e+07  2.35630e-01  0.00000e+00
0388  7.75416e+18  2.95344e-23  6.85467e-09  5.73189e+07  2.35345e-01  0.00000e+00
0389  7.77156e+18  2.93890e-23  6.81012e-09  5.73448e+07  2.35061e-01  0.00000e+00
0390  7.78895e+18  2.92448e-23  6.76595e-09  5.73706e+07  2.34777e-01  0.00000e+00
0391  7.80634e+18  2.91016e-23  6.72217e-09  5.73963e+07  2.34495e-01  0.00000e+00
0392  7.82373e+18  2.89594e-23  6.67877e-09  5.74219e+07  2.34213e-01  0.00000e+00
0393  7.84113e+18  2.88183e-23  6.63575e-09  5.74474e+07  2.33932e-01  0.00000e+00
0394  7.85852e+18  2.86782e-23  6.59310e-09  5.74727e+07  2.33651e-01  0.00000e+00
0395  7.87591e+18  2.85392e-23  6.55082e-09  5.74980e+07  2.33372e-01  0.00000e+00
0396  7.89330e+18  2.84011e-23  6.50891e-09  5.75231e+07  2.33093e-01  0.00000e+00
0397  7.91070e+18  2.82641e-23  6.46735e-09  5.75481e+07  2.32815e-01  0.00000e+00
0398  7.92809e+18  2.81280e-23  6.42616e-09  5.75731e+07  2.32538e-01  0.00000e+00
0399  7.94548e+18  2.79929e-23  6.38531e-09  5.75979e+07  2.32261e-01  0.00000e+00
0400  7.96287e+18  2.78588e-23  6.34482e-09  5.76226e+07  2.31986e-01  0.00000e+00
0401  7.98027e+18  2.77257e-23  6.30467e-09  5.76472e+07  2.31711e-01  0.00000e+00
0402  7.99766e+18  2.75935e-23  6.26486e-09  5.76718e+07  2.31436e-01  0.00000e+00
0403  8.01505e+18  2.74622e-23  6.22539e-09  5.76962e+07  2.31163e-01  0.00000e+00
0404  8.03244e+18  2.73319e-23  6.18625e-09  5.77205e+07  2.30890e-01  0.00000e+00
0405  8.04984e+18  2.72025e-23  6.14745e-09  5.77447e+07  2.30618e-01  0.00000e+00
0406  8.06723e+18  2.70741e-23  6.10897e-09  5.77688e+07  2.30346e-01  0.00000e+00
0407  8.08462e+18  2.69465e-23  6.07082e-09  5.77928e+07  2.30076e-01  0.00000e+00
0408  8.10201e+18  2.68198e-23  6.03299e-09  5.78167e+07  2.29806e-01  0.00000e+00
0409  8.11940e+18  2.66941e-23  5.99547e-09  5.78406e+07  2.29537e-01  0.00000e+00
0410  8.13680e+18  2.65692e-23  5.95827e-09  5.78643e+07  2.29268e-01  0.00000e+00
0411  8.15419e+18  2.64451e-23  5.92138e-09  5.78879e+07  2.29001e-01  0.00000e+00
0412  8.17158e+18  2.63220e-23  5.88479e-09  5.79114e+07  2.28734e-01  0.00000e+00
0413  8.18897e+18  2.61997e-23  5.84851e-09  5.79349e+07  2.28467e-01  0.00000e+00
0414  8.20637e+18  2.60783e-23  5.81253e-09  5.79582e+07  2.28202e-01  0.00000e+00
0415  8.22376e+18  2.59577e-23  5.77685e-09  5.79814e+07  2.27937e-01  0.00000e+00
0416  8.24115e+18  2.58379e-23  5.74147e-09  5.80046e+07  2.27672e-01  0.00000e+00
0417  8.25854e+18  2.57190e-23  5.70637e-09  5.80276e+07  2.27409e-01  0.00000e+00
0418  8.27594e+18  2.56009e-23  5.67156e-09  5.80506e+07  2.27146e-01  0.00000e+00
0419  8.29333e+18  2.54835e-23  5.63704e-09  5.80735e+07  2.26884e-01  0.00000e+00
0420  8.31072e+18  2.53670e-23  5.60280e-09  5.80962e+07  2.26623e-01  0.00000e+00
0421  8.32811e+18  2.52513e-23  5.56885e-09  5.81189e+07  2.26362e-01  0.00000e+00
0422  8.34551e+18  2.51364e-23  5.53516e-09  5.81415e+07  2.26102e-01  0.00000e+00
0423  8.36290e+18  2.50223e-23  5.50176e-09  5.81640e+07  2.25842e-01  0.00000e+00
0424  8.38029e+18  2.49089e-23  5.46862e-09  5.81864e+07  2.25584e-01  0.00000e+00
0425  8.39768e+18  2.47964e-23  5.43575e-09  5.82088e+07  2.25326e-01  0.00000e+00
0426  8.41508e+18  2.46845e-23  5.40315e-09  5.82310e+07  2.25068e-01  0.00000e+00
0427  8.43247e+18  2.45735e-23  5.37081e-09  5.82531e+07  2.24812e-01  0.00000e+00
0428  8.44986e+18  2.44631e-23  5.33873e-09  5.82752e+07  2.24556e-01  0.00000e+00
0429  8.46725e+18  2.43536e-23  5.30691e-09  5.82972e+07  2.24300e-01  0.00000e+00
0430  8.48465e+18  2.42447e-23  5.27534e-09  5.83191e+07  2.24046e-01  0.00000e+00
0431  8.50204e+18  2.41366e-23  5.24403e-09  5.83409e+07  2.23792e-01  0.00000e+00
0432  8.51943e+18  2.40292e-23  5.21297e-09  5.83626e+07  2.23538e-01  0.00000e+00
0433  8.53682e+18  2.39225e-23  5.18215e-09  5.83842e+07  2.23285e-01  0.00000e+00
0434  8.55422e+18  2.38166e-23  5.15158e-09  5.84058e+07  2.23033e-01  0.00000e+00
0435  8.57161e+18  2.37113e-23  5.12125e-09  5.84272e+07  2.22782e-01  0.00000e+00
0436  8.58900e+18  2.36067e-23  5.09116e-09  5.84486e+07  2.22531e-01  0.00000e+00
0437  8.60639e+18  2.35028e-23  5.06131e-09  5.84699e+07  2.22281e-01  0.00000e+00
0438  8.62379e+18  2.33996e-23  5.03170e-09  5.84911e+07  2.22032e-01  0.00000e+00
0439  8.64118e+18  2.32971e-23  5.00232e-09  5.85123e+07  2.21783e-01  0.00000e+00
0440  8.65857e+18  2.31953e-23  4.97317e-09  5.85333e+07  2.21535e-01  0.00000e+00
0441  8.67596e+18  2.30941e-23  4.94425e-09  5.85543e+07  2.21287e-01  0.00000e+00
0442  8.69336e+18  2.29936e-23  4.91555e-09  5.85752e+07  2.21040e-01  0.00000e+00
0443  8.71075e+18  2.28937e-23  4.88708e-09  5.85960e+07  2.20794e-01  0.00000e+00
0444  8.72814e+18  2.27945e-23  4.85883e-09  5.86167e+07  2.20548e-01  0.00000e+00
0445  8.74553e+18  2.26959e-23  4.83080e-09  5.86374e+07  2.20303e-01  0.00000e+00
0446  8.76293e+18  2.25980e-23  4.80299e-09  5.86580e+07  2.20059e-01  0.00000e+00
0447  8.78032e+18  2.25007e-23  4.77539e-09  5.86785e+07  2.19815e-01  0.00000e+00
0448  8.79771e+18  2.24040e-23  4.74801e-09  5.86989e+07  2.19572e-01  0.00000e+00
0449  8.81510e+18  2.23079e-23  4.72084e-09  5.87192e+07  2.19330e-01  0.00000e+00
0450  8.83250e+18  2.22125e-23  4.69387e-09  5.87395e+07  2.19088e-01  0.00000e+00
0451  8.84989e+18  2.21177e-23  4.66712e-09  5.87597e+07  2.18846e-01  0.00000e+00
0452  8.86728e+18  2.20235e-23  4.64057e-09  5.87798e+07  2.18606e-01  0.00000e+00
0453  8.88467e+18  2.19298e-23  4.61422e-09  5.87999e+07  2.18366e-01  0.00000e+00
0454  8.90207e+18  2.18368e-23  4.58807e-09  5.88198e+07  2.18126e-01  0.00000e+00
0455  8.91946e+18  2.17444e-23  4.56213e-09  5.88397e+07  2.17887e-01  0.00000e+00
0456  8.93685e+18  2.16525e-23  4.53638e-09  5.88595e+07  2.17649e-01  0.00000e+00
0457  8.95424e+18  2.15613e-23  4.51083e-09  5.88793e+07  2.17411e-01  0.00000e+00
0458  8.97164e+18  2.14706e-23  4.48547e-09  5.88989e+07  2.17174e-01  0.00000e+00
0459  8.98903e+18  2.13805e-23  4.46030e-09  5.89185e+07  2.16938e-01  0.00000e+00
0460  9.00642e+18  2.12909e-23  4.43531e-09  5.89381e+07  2.16702e-01  0.00000e+00
0461  9.02381e+18  2.12019e-23  4.41052e-09  5.89575e+07  2.16467e-01  0.00000e+00
0462  9.04121e+18  2.11135e-23  4.38590e-09  5.89769e+07  2.16232e-01  0.00000e+00
0463  9.05860e+18  2.10256e-23  4.36148e-09  5.89962e+07  2.15998e-01  0.00000e+00
0464  9.07599e+18  2.09383e-23  4.33723e-09  5.90155e+07  2.15764e-01  0.00000e+00
0465  9.09338e+18  2.08515e-23  4.31317e-09  5.90347e+07  2.15531e-01  0.00000e+00
0466  9.11078e+18  2.07652e-23  4.28929e-09  5.90538e+07  2.15299e-01  0.00000e+00
0467  9.12817e+18  2.06795e-23  4.26559e-09  5.90728e+07  2.15067e-01  0.00000e+00
0468  9.14556e+18  2.05943e-23  4.24206e-09  5.90918e+07  2.14836e-01  0.00000e+00
0469  9.16295e+18  2.05096e-23  4.21871e-09  5.91107e+07  2.14605e-01  0.00000e+00
0470  9.18035e+18  2.04255e-23  4.19553e-09  5.91295e+07  2.14375e-01  0.00000e+00
0471  9.19774e+18  2.03419e-23  4.17253e-09  5.91482e+07  2.14145e-01  0.00000e+00
0472  9.21513e+18  2.02587e-23  4.14969e-09  5.91669e+07  2.13917e-01  0.00000e+00
0473  9.23252e+18  2.01761e-23  4.12703e-09  5.91856e+07  2.13688e-01  0.00000e+00
0474  9.24992e+18  2.00940e-23  4.10453e-09  5.92041e+07  2.13460e-01  0.00000e+00
0475  9.26731e+18  2.00124e-23  4.08220e-09  5.92226e+07  2.13233e-01  0.00000e+00
0476  9.28470e+18  1.99313e-23  4.06003e-09  5.92410e+07  2.13006e-01  0.00000e+00
0477  9.30209e+18  1.98507e-23  4.03802e-09  5.92594e+07  2.12780e-01  0.00000e+00
0478  9.31949e+18  1.97706e-23  4.01617e-09  5.92777e+07  2.12555e-01  0.00000e+00
0479  9.33688e+18  1.96909e-23  3.99449e-09  5.92959e+07  2.12330e-01  0.00000e+00
0480  9.35427e+18  1.96118e-23  3.97296e-09  5.93140e+07  2.12105e-01  0.00000e+00
0481  9.37166e+18  1.95331e-23  3.95159e-09  5.93321e+07  2.11881e-01  0.00000e+00
0482  9.38906e+18  1.94549e-23  3.93037e-09  5.93502e+07  2.11658e-01  0.00000e+00
0483  9.40645e+18  1.93771e-23  3.90931e-09  5.93681e+07  2.11435e-01  0.00000e+00
0484  9.42384e+18  1.92999e-23  3.88840e-09  5.93860e+07  2.11213e-01  0.00000e+00
0485  9.44123e+18  1.92230e-23  3.86764e-09  5.94039e+07  2.10991e-01  0.00000e+00
0486  9.45863e+18  1.91467e-23  3.84703e-09  5.94216e+07  2.10769e-01  0.00000e+00
0487  9.47602e+18  1.90708e-23  3.82657e-09  5.94393e+07  2.10549e-01  0.00000e+00
0488  9.49341e+18  1.89953e-23  3.80625e-09  5.94570e+07  2.10329e-01  0.00000e+00
0489  9.51080e+18  1.89203e-23  3.78608e-09  5.94746e+07  2.10109e-01  0.00000e+00
0490  9.52820e+18  1.88457e-23  3.76606e-09  5.94921e+07  2.09890e-01  0.00000e+00
0491  9.54559e+18  1.87716e-23  3.74617e-09  5.95096e+07  2.09671e-01  0.00000e+00
0492  9.56298e+18  1.86979e-23  3.72643e-09  5.95270e+07  2.09453e-01  0.00000e+00
0493  9.58037e+18  1.86247e-23  3.70683e-09  5.95443e+07  2.09236e-01  0.00000e+00
0494  9.59777e+18  1.85518e-23  3.68737e-09  5.95616e+07  2.09019e-01  0.00000e+00
0495  9.61516e+18  1.84794e-23  3.66805e-09  5.95788e+07  2.08802e-01  0.00000e+00
0496  9.63255e+18  1.84075e-23  3.64886e-09  5.95960e+07  2.08586e-01  0.00000e+00
0497  9.64994e+18  1.83359e-23  3.62981e-09  5.96131e+07  2.08371e-01  0.00000e+00
0498  9.66734e+18  1.82648e-23  3.61090e-09  5.96301e+07  2.08156e-01  0.00000e+00
0499  9.68473e+18  1.81940e-23  3.59211e-09  5.96471e+07  2.07941e-01  0.00000e+00
0500  9.70212e+18  1.81237e-23  3.57346e-09  5.96641e+07  2.07728e-01  0.00000e+00
0501  9.71951e+18  1.80538e-23  3.55494e-09  5.96809e+07  2.07514e-01  0.00000e+00
0502  9.73691e+18  1.79843e-23  3.53655e-09  5.96977e+07  2.07301e-01  0.00000e+00
0503  9.75430e+18  1.79152e-23  3.51828e-09  5.97145e+07  2.07089e-01  0.00000e+00
0504  9.77169e+18  1.78465e-23  3.50015e-09  5.97312e+07  2.06877e-01  0.00000e+00
0505  9.78908e+18  1.77782e-23  3.48214e-09  5.97478e+07  2.06666e-01  0.00000e+00
0506  9.80648e+18  1.77103e-23  3.46425e-09  5.97644e+07  2.06455e-01  0.00000e+00
0507  9.82387e+18  1.76427e-23  3.44649e-09  5.97809e+07  2.06244e-01  0.00000e+00
0508  9.84126e+18  1.75756e-23  3.42885e-09  5.97974e+07  2.06034e-01  0.00000e+00
0509  9.85865e+18  1.75088e-23  3.41134e-09  5.98138e+07  2.05825e-01  0.00000e+00
0510  9.87605e+18  1.74424e-23  3.39394e-09  5.98302e+07  2.05616e-01  0.00000e+00
0511  9.89344e+18  1.73764e-23  3.37667e-09  5.98465e+07  2.05408e-01  0.00000e+00
0512  9.91083e+18  1.73108e-23  3.35951e-09  5.98627e+07  2.05200e-01  0.00000e+00
0513  9.92822e+18  1.72455e-23  3.34247e-09  5.98789e+07  2.04992e-01  0.00000e+00
0514  9.94562e+18  1.71806e-23  3.32555e-09  5.98951e+07  2.04785e-01  0.00000e+00
0515  9.96301e+18  1.71161e-23  3.30874e-09  5.99112e+07  2.04579e-01  0.00000e+00
0516  9.98040e+18  1.70519e-23  3.29205e-09  5.99272e+07  2.04373e-01  0.00000e+00
0517  9.99779e+18  1.69881e-23  3.27547e-09  5.99432e+07  2.04168e-01  0.00000e+00
0518  1.00152e+19  1.69247e-23  3.25900e-09  5.99591e+07  2.03963e-01  0.00000e+00
0519  1.00326e+19  1.68616e-23  3.24265e-09  5.99750e+07  2.03758e-01  0.00000e+00
0520  1.00500e+19  1.67988e-23  3.22640e-09  5.99908e+07  2.03554e-01  0.00000e+00
0521  1.00674e+19  1.67364e-23  3.21027e-09  6.00066e+07  2.03350e-01  0.00000e+00
0522  1.00848e+19  1.66744e-23  3.19424e-09  6.00223e+07  2.03147e-01  0.00000e+00
0523  1.01021e+19  1.66127e-23  3.17833e-09  6.00380e+07  2.02945e-01  0.00000e+00
0524  1.01195e+19  1.65513e-23  3.16252e-09  6.00536e+07  2.02742e-01  0.00000e+00
0525  1.01369e+19  1.64903e-23  3.14681e-09  6.00691e+07  2.02541e-01  0.00000e+00
0526  1.01543e+19  1.64296e-23  3.13121e-09  6.00846e+07  2.02340e-01  0.00000e+00
0527  1.01717e+19  1.63693e-23  3.11572e-09  6.01001e+07  2.02139e-01  0.00000e+00
0528  1.01891e+19  1.63092e-23  3.10033e-09  6.01155e+07  2.01938e-01  0.00000e+00
0529  1.02065e+19  1.62495e-23  3.08504e-09  6.01309e+07  2.01739e-01  0.00000e+00
0530  1.02239e+19  1.61902e-23  3.06985e-09  6.01462e+07  2.01539e-01  0.00000e+00
0531  1.02413e+19  1.61311e-23  3.05476e-09  6.01614e+07  2.01340e-01  0.00000e+00
0532  1.02587e+19  1.60724e-23  3.03978e-09  6.01767e+07  2.01142e-01  0.00000e+00
0533  1.02761e+19  1.60140e-23  3.02489e-09  6.01918e+07  2.00944e-01  0.00000e+00
0534  1.02935e+19  1.59560e-23  3.01010e-09  6.02069e+07  2.00746e-01  0.00000e+00
0535  1.03109e+19  1.58982e-23  2.99541e-09  6.02220e+07  2.00549e-01  0.00000e+00
0536  1.03283e+19  1.58407e-23  2.98082e-09  6.02370e+07  2.00352e-01  0.00000e+00
0537  1.03456e+19  1.57836e-23  2.96632e-09  6.02520e+07  2.00156e-01  0.00000e+00
0538  1.03630e+19  1.57268e-23  2.95191e-09  6.02669e+07  1.99960e-01  0.00000e+00
0539  1.03804e+19  1.56702e-23  2.93760e-09  6.02818e+07  1.99765e-01  0.00000e+00
0540  1.03978e+19  1.56140e-23  2.92339e-09  6.02966e+07  1.99570e-01  0.00000e+00
0541  1.04152e+19  1.55581e-23  2.90927e-09  6.03114e+07  1.99376e-01  0.00000e+00
0542  1.04326e+19  1.55025e-23  2.89524e-09  6.03261e+07  1.99182e-01  0.00000e+00
0543  1.04500e+19  1.54472e-23  2.88130e-09  6.03408e+07  1.98988e-01  0.00000e+00
0544  1.04674e+19  1.53921e-23  2.86745e-09  6.03554e+07  1.98795e-01  0.00000e+00
0545  1.04848e+19  1.53374e-23  2.85369e-09  6.03700e+07  1.98602e-01  0.00000e+00
0546  1.05022e+19  1.52830e-23  2.84002e-09  6.03846e+07  1.98410e-01  0.00000e+00
0547  1.05196e+19  1.52288e-23  2.82644e-09  6.03991e+07  1.98218e-01  0.00000e+00
0548  1.05370e+19  1.51749e-23  2.81294e-09  6.04135e+07  1.98027e-01  0.00000e+00
0549  1.05544e+19  1.51214e-23  2.79953e-09  6.04279e+07  1.97836e-01  0.00000e+00
0550  1.05717e+19  1.50681e-23  2.78622e-09  6.04423e+07  1.97646e-01  0.00000e+00
0551  1.05891e+19  1.50150e-23  2.77296e-09  6.04566e+07  1.97455e-01  0.00000e+00
0552  1.06065e+19  1.49626e-23  2.75988e-09  6.04708e+07  1.97267e-01  0.00000e+00
0553  1.06239e+19  1.49088e-23  2.74651e-09  6.04854e+07  1.97073e-01  0.00000e+00
0554  1.06413e+19  1.48616e-23  2.73475e-09  6.04982e+07  1.96902e-01  0.00000e+00
0555  1.06587e+19  1.47799e-23  2.71446e-09  6.05204e+07  1.96605e-01  0.00000e+00
