# Athena++ data at time=7.900000e+12  cycle=593495151  variables=prim 
# i       x1v         rho          press          vel1         vel2         vel3     
0002  1.07548e+18  2.40946e-18  1.00596e-05 -4.92585e+05  1.38461e-09  0.00000e+00
0003  1.09287e+18  1.08521e-18  6.04986e-06  1.38899e+05  1.95102e-02  0.00000e+00
0004  1.11027e+18  6.83546e-19  4.76038e-06  1.40870e+05  4.26819e-02  0.00000e+00
0005  1.12766e+18  4.42663e-19  3.97181e-06  1.92848e+05  6.34552e-02  0.00000e+00
0006  1.14505e+18  2.80673e-19  3.50511e-06  2.86345e+05  8.16614e-02  0.00000e+00
0007  1.16244e+18  1.86356e-19  3.21214e-06  4.06445e+05  9.80732e-02  0.00000e+00
0008  1.17983e+18  1.61058e-19  2.98504e-06  4.64291e+05  1.13122e-01  0.00000e+00
0009  1.19723e+18  1.44507e-19  2.80989e-06  4.92326e+05  1.27150e-01  0.00000e+00
0010  1.21462e+18  1.30867e-19  2.65186e-06  5.27517e+05  1.40300e-01  0.00000e+00
0011  1.23201e+18  1.21758e-19  2.51006e-06  5.52400e+05  1.52666e-01  0.00000e+00
0012  1.24940e+18  1.13804e-19  2.38424e-06  5.72873e+05  1.64341e-01  0.00000e+00
0013  1.26679e+18  1.06540e-19  2.26852e-06  5.95388e+05  1.75385e-01  0.00000e+00
0014  1.28419e+18  9.99947e-20  2.16313e-06  6.17210e+05  1.85855e-01  0.00000e+00
0015  1.30158e+18  9.41648e-20  2.06663e-06  6.38059e+05  1.95800e-01  0.00000e+00
0016  1.31897e+18  8.90413e-20  1.97792e-06  6.57210e+05  2.05264e-01  0.00000e+00
0017  1.33636e+18  8.43632e-20  1.89634e-06  6.75504e+05  2.14288e-01  0.00000e+00
0018  1.35375e+18  8.00600e-20  1.82084e-06  6.93566e+05  2.22905e-01  0.00000e+00
0019  1.37115e+18  7.61157e-20  1.75110e-06  7.10970e+05  2.31148e-01  0.00000e+00
0020  1.38854e+18  7.29564e-20  1.68554e-06  7.24393e+05  2.39040e-01  0.00000e+00
0021  1.40593e+18  6.96226e-20  1.62575e-06  7.38749e+05  2.46612e-01  0.00000e+00
0022  1.42332e+18  6.63841e-20  1.56901e-06  7.56511e+05  2.53884e-01  0.00000e+00
0023  1.44071e+18  6.37599e-20  1.51585e-06  7.69747e+05  2.60872e-01  0.00000e+00
0024  1.45811e+18  6.12101e-20  1.46693e-06  7.81769e+05  2.67601e-01  0.00000e+00
0025  1.47550e+18  5.87793e-20  1.42047e-06  7.95315e+05  2.74085e-01  0.00000e+00
0026  1.49289e+18  5.65238e-20  1.37708e-06  8.07741e+05  2.80344e-01  0.00000e+00
0027  1.51028e+18  5.44316e-20  1.33649e-06  8.18766e+05  2.86378e-01  0.00000e+00
0028  1.52767e+18  5.25586e-20  1.29921e-06  8.26630e+05  2.92266e-01  0.00000e+00
0029  1.54507e+18  5.10305e-20  1.26629e-06  7.96513e+05  2.97785e-01  0.00000e+00
0030  1.56246e+18  1.75263e-20  1.30795e-06  2.04675e+06  3.04037e-01  0.00000e+00
0031  1.57985e+18  8.17102e-21  1.03577e-06  5.39245e+06  3.08641e-01  0.00000e+00
0032  1.59724e+18  6.06437e-21  9.80930e-07  6.75604e+06  3.12639e-01  0.00000e+00
0033  1.61463e+18  5.03316e-21  9.36377e-07  7.84157e+06  3.16300e-01  0.00000e+00
0034  1.63203e+18  4.34928e-21  8.95819e-07  8.83477e+06  3.19706e-01  0.00000e+00
0035  1.64942e+18  3.83662e-21  8.57478e-07  9.78645e+06  3.22886e-01  0.00000e+00
0036  1.66681e+18  3.43137e-21  8.21407e-07  1.07045e+07  3.25856e-01  0.00000e+00
0037  1.68420e+18  3.10160e-21  7.87294e-07  1.15928e+07  3.28628e-01  0.00000e+00
0038  1.70160e+18  2.82879e-21  7.55245e-07  1.24473e+07  3.31216e-01  0.00000e+00
0039  1.71899e+18  2.60048e-21  7.25223e-07  1.32645e+07  3.33631e-01  0.00000e+00
0040  1.73638e+18  2.40628e-21  6.97231e-07  1.40456e+07  3.35886e-01  0.00000e+00
0041  1.75377e+18  2.23806e-21  6.70761e-07  1.48005e+07  3.37993e-01  0.00000e+00
0042  1.77116e+18  2.09102e-21  6.45718e-07  1.55297e+07  3.39958e-01  0.00000e+00
0043  1.78856e+18  1.96168e-21  6.22102e-07  1.62316e+07  3.41793e-01  0.00000e+00
0044  1.80595e+18  1.84694e-21  5.99835e-07  1.69077e+07  3.43504e-01  0.00000e+00
0045  1.82334e+18  1.74433e-21  5.78741e-07  1.75611e+07  3.45099e-01  0.00000e+00
0046  1.84073e+18  1.65219e-21  5.58818e-07  1.81906e+07  3.46586e-01  0.00000e+00
0047  1.85813e+18  1.56909e-21  5.40020e-07  1.87962e+07  3.47972e-01  0.00000e+00
0050  1.87552e+18  1.49384e-21  5.22297e-07  1.93779e+07  3.49264e-01  0.00000e+00
0051  1.89291e+18  1.42523e-21  5.05559e-07  1.99382e+07  3.50468e-01  0.00000e+00
0052  1.91030e+18  1.36204e-21  4.89559e-07  2.04843e+07  3.51589e-01  0.00000e+00
0053  1.92769e+18  1.30358e-21  4.74214e-07  2.10180e+07  3.52631e-01  0.00000e+00
0054  1.94509e+18  1.24939e-21  4.59518e-07  2.15387e+07  3.53598e-01  0.00000e+00
0055  1.96248e+18  1.19904e-21  4.45449e-07  2.20466e+07  3.54494e-01  0.00000e+00
0056  1.97987e+18  1.15219e-21  4.31990e-07  2.25414e+07  3.55321e-01  0.00000e+00
0057  1.99726e+18  1.10852e-21  4.19130e-07  2.30227e+07  3.56084e-01  0.00000e+00
0058  2.01466e+18  1.06777e-21  4.06858e-07  2.34902e+07  3.56787e-01  0.00000e+00
0059  2.03205e+18  1.02960e-21  3.95124e-07  2.39453e+07  3.57432e-01  0.00000e+00
0060  2.04944e+18  9.93684e-22  3.83824e-07  2.43913e+07  3.58022e-01  0.00000e+00
0061  2.06683e+18  9.59845e-22  3.72957e-07  2.48278e+07  3.58559e-01  0.00000e+00
0062  2.08423e+18  9.27912e-22  3.62499e-07  2.52551e+07  3.59047e-01  0.00000e+00
0063  2.10162e+18  8.97738e-22  3.52435e-07  2.56735e+07  3.59486e-01  0.00000e+00
0064  2.11901e+18  8.69186e-22  3.42746e-07  2.60832e+07  3.59880e-01  0.00000e+00
0065  2.13640e+18  8.42133e-22  3.33415e-07  2.64843e+07  3.60230e-01  0.00000e+00
0066  2.15379e+18  8.16469e-22  3.24428e-07  2.68772e+07  3.60539e-01  0.00000e+00
0067  2.17119e+18  7.92093e-22  3.15767e-07  2.72622e+07  3.60807e-01  0.00000e+00
0068  2.18858e+18  7.68914e-22  3.07420e-07  2.76392e+07  3.61037e-01  0.00000e+00
0069  2.20597e+18  7.46845e-22  2.99369e-07  2.80089e+07  3.61230e-01  0.00000e+00
0070  2.22336e+18  7.25830e-22  2.91616e-07  2.83706e+07  3.61389e-01  0.00000e+00
0071  2.24076e+18  7.05881e-22  2.84218e-07  2.87211e+07  3.61514e-01  0.00000e+00
0072  2.25815e+18  6.86900e-22  2.77140e-07  2.90617e+07  3.61611e-01  0.00000e+00
0073  2.27554e+18  6.68796e-22  2.70346e-07  2.93938e+07  3.61674e-01  0.00000e+00
0074  2.29293e+18  6.51492e-22  2.63806e-07  2.97183e+07  3.61722e-01  0.00000e+00
0075  2.31033e+18  6.34926e-22  2.57498e-07  3.00362e+07  3.61728e-01  0.00000e+00
0076  2.32772e+18  6.19047e-22  2.51407e-07  3.03480e+07  3.61714e-01  0.00000e+00
0077  2.34511e+18  6.03810e-22  2.45518e-07  3.06539e+07  3.61679e-01  0.00000e+00
0078  2.36250e+18  5.89175e-22  2.39820e-07  3.09544e+07  3.61623e-01  0.00000e+00
0079  2.37989e+18  5.75107e-22  2.34304e-07  3.12497e+07  3.61544e-01  0.00000e+00
0080  2.39729e+18  5.61575e-22  2.28961e-07  3.15400e+07  3.61445e-01  0.00000e+00
0081  2.41468e+18  5.48548e-22  2.23784e-07  3.18255e+07  3.61327e-01  0.00000e+00
0082  2.43207e+18  5.36000e-22  2.18766e-07  3.21063e+07  3.61189e-01  0.00000e+00
0083  2.44946e+18  5.23906e-22  2.13899e-07  3.23826e+07  3.61033e-01  0.00000e+00
0084  2.46686e+18  5.12243e-22  2.09178e-07  3.26545e+07  3.60860e-01  0.00000e+00
0085  2.48425e+18  5.00990e-22  2.04598e-07  3.29221e+07  3.60670e-01  0.00000e+00
0086  2.50164e+18  4.90125e-22  2.00152e-07  3.31855e+07  3.60464e-01  0.00000e+00
0087  2.51903e+18  4.79631e-22  1.95836e-07  3.34449e+07  3.60243e-01  0.00000e+00
0088  2.53643e+18  4.69490e-22  1.91645e-07  3.37003e+07  3.60007e-01  0.00000e+00
0089  2.55382e+18  4.59686e-22  1.87576e-07  3.39518e+07  3.59757e-01  0.00000e+00
0090  2.57121e+18  4.50206e-22  1.83626e-07  3.41993e+07  3.59494e-01  0.00000e+00
0091  2.58860e+18  4.41035e-22  1.79791e-07  3.44429e+07  3.59218e-01  0.00000e+00
0092  2.60600e+18  4.32159e-22  1.76066e-07  3.46827e+07  3.58929e-01  0.00000e+00
0093  2.62339e+18  4.23563e-22  1.72447e-07  3.49188e+07  3.58628e-01  0.00000e+00
0094  2.64078e+18  4.15236e-22  1.68931e-07  3.51514e+07  3.58316e-01  0.00000e+00
0095  2.65817e+18  4.07166e-22  1.65512e-07  3.53806e+07  3.57994e-01  0.00000e+00
0096  2.67557e+18  3.99341e-22  1.62187e-07  3.56063e+07  3.57661e-01  0.00000e+00
0097  2.69296e+18  3.91751e-22  1.58954e-07  3.58288e+07  3.57317e-01  0.00000e+00
0098  2.71035e+18  3.84386e-22  1.55808e-07  3.60482e+07  3.56965e-01  0.00000e+00
0099  2.72774e+18  3.77237e-22  1.52746e-07  3.62644e+07  3.56603e-01  0.00000e+00
0100  2.74513e+18  3.70295e-22  1.49767e-07  3.64776e+07  3.56233e-01  0.00000e+00
0101  2.76253e+18  3.63552e-22  1.46865e-07  3.66878e+07  3.55854e-01  0.00000e+00
0102  2.77992e+18  3.56999e-22  1.44040e-07  3.68952e+07  3.55467e-01  0.00000e+00
0103  2.79731e+18  3.50630e-22  1.41288e-07  3.70997e+07  3.55073e-01  0.00000e+00
0104  2.81470e+18  3.44437e-22  1.38608e-07  3.73014e+07  3.54671e-01  0.00000e+00
0105  2.83210e+18  3.38413e-22  1.35996e-07  3.75005e+07  3.54262e-01  0.00000e+00
0106  2.84949e+18  3.32553e-22  1.33450e-07  3.76969e+07  3.53847e-01  0.00000e+00
0107  2.86688e+18  3.26850e-22  1.30969e-07  3.78907e+07  3.53425e-01  0.00000e+00
0108  2.88427e+18  3.21298e-22  1.28550e-07  3.80820e+07  3.52997e-01  0.00000e+00
0109  2.90167e+18  3.15891e-22  1.26191e-07  3.82708e+07  3.52563e-01  0.00000e+00
0110  2.91906e+18  3.10625e-22  1.23890e-07  3.84572e+07  3.52123e-01  0.00000e+00
0111  2.93645e+18  3.05495e-22  1.21646e-07  3.86412e+07  3.51678e-01  0.00000e+00
0112  2.95384e+18  3.00495e-22  1.19457e-07  3.88229e+07  3.51228e-01  0.00000e+00
0113  2.97124e+18  2.95621e-22  1.17320e-07  3.90023e+07  3.50773e-01  0.00000e+00
0114  2.98863e+18  2.90869e-22  1.15235e-07  3.91795e+07  3.50314e-01  0.00000e+00
0115  3.00602e+18  2.86235e-22  1.13200e-07  3.93544e+07  3.49850e-01  0.00000e+00
0116  3.02341e+18  2.81714e-22  1.11214e-07  3.95272e+07  3.49381e-01  0.00000e+00
0117  3.04081e+18  2.77304e-22  1.09274e-07  3.96979e+07  3.48909e-01  0.00000e+00
0118  3.05820e+18  2.72999e-22  1.07380e-07  3.98665e+07  3.48433e-01  0.00000e+00
0119  3.07559e+18  2.68797e-22  1.05530e-07  4.00331e+07  3.47953e-01  0.00000e+00
0120  3.09298e+18  2.64694e-22  1.03723e-07  4.01977e+07  3.47469e-01  0.00000e+00
0121  3.11037e+18  2.60688e-22  1.01957e-07  4.03603e+07  3.46983e-01  0.00000e+00
0122  3.12777e+18  2.56774e-22  1.00232e-07  4.05210e+07  3.46493e-01  0.00000e+00
0123  3.14516e+18  2.52951e-22  9.85467e-08  4.06798e+07  3.46000e-01  0.00000e+00
0124  3.16255e+18  2.49214e-22  9.68982e-08  4.08369e+07  3.45504e-01  0.00000e+00
0125  3.17994e+18  2.45563e-22  9.52876e-08  4.09920e+07  3.45006e-01  0.00000e+00
0126  3.19734e+18  2.41994e-22  9.37141e-08  4.11452e+07  3.44505e-01  0.00000e+00
0127  3.21473e+18  2.38505e-22  9.21768e-08  4.12966e+07  3.44002e-01  0.00000e+00
0128  3.23212e+18  2.35094e-22  9.06745e-08  4.14461e+07  3.43496e-01  0.00000e+00
0129  3.24951e+18  2.31758e-22  8.92061e-08  4.15939e+07  3.42988e-01  0.00000e+00
0130  3.26691e+18  2.28495e-22  8.77706e-08  4.17399e+07  3.42479e-01  0.00000e+00
0131  3.28430e+18  2.25302e-22  8.63671e-08  4.18842e+07  3.41967e-01  0.00000e+00
0132  3.30169e+18  2.22178e-22  8.49945e-08  4.20268e+07  3.41454e-01  0.00000e+00
0133  3.31908e+18  2.19121e-22  8.36519e-08  4.21678e+07  3.40940e-01  0.00000e+00
0134  3.33648e+18  2.16128e-22  8.23386e-08  4.23071e+07  3.40423e-01  0.00000e+00
0135  3.35387e+18  2.13198e-22  8.10536e-08  4.24450e+07  3.39906e-01  0.00000e+00
0136  3.37126e+18  2.10329e-22  7.97961e-08  4.25812e+07  3.39387e-01  0.00000e+00
0137  3.38865e+18  2.07518e-22  7.85654e-08  4.27160e+07  3.38867e-01  0.00000e+00
0138  3.40605e+18  2.04766e-22  7.73607e-08  4.28492e+07  3.38347e-01  0.00000e+00
0139  3.42344e+18  2.02069e-22  7.61814e-08  4.29811e+07  3.37825e-01  0.00000e+00
0140  3.44083e+18  1.99426e-22  7.50266e-08  4.31115e+07  3.37302e-01  0.00000e+00
0141  3.45822e+18  1.96836e-22  7.38957e-08  4.32405e+07  3.36779e-01  0.00000e+00
0142  3.47562e+18  1.94298e-22  7.27881e-08  4.33681e+07  3.36255e-01  0.00000e+00
0143  3.49301e+18  1.91809e-22  7.17032e-08  4.34944e+07  3.35730e-01  0.00000e+00
0144  3.51040e+18  1.89369e-22  7.06404e-08  4.36194e+07  3.35205e-01  0.00000e+00
0145  3.52779e+18  1.86977e-22  6.95990e-08  4.37430e+07  3.34679e-01  0.00000e+00
0146  3.54519e+18  1.84630e-22  6.85786e-08  4.38654e+07  3.34153e-01  0.00000e+00
0147  3.56258e+18  1.82328e-22  6.75785e-08  4.39865e+07  3.33626e-01  0.00000e+00
0148  3.57997e+18  1.80070e-22  6.65983e-08  4.41064e+07  3.33100e-01  0.00000e+00
0149  3.59736e+18  1.77855e-22  6.56374e-08  4.42251e+07  3.32573e-01  0.00000e+00
0150  3.61476e+18  1.75681e-22  6.46953e-08  4.43426e+07  3.32046e-01  0.00000e+00
0151  3.63215e+18  1.73547e-22  6.37717e-08  4.44589e+07  3.31519e-01  0.00000e+00
0152  3.64954e+18  1.71453e-22  6.28659e-08  4.45741e+07  3.30992e-01  0.00000e+00
0153  3.66693e+18  1.69397e-22  6.19777e-08  4.46881e+07  3.30465e-01  0.00000e+00
0154  3.68432e+18  1.67378e-22  6.11064e-08  4.48011e+07  3.29938e-01  0.00000e+00
0155  3.70172e+18  1.65396e-22  6.02518e-08  4.49129e+07  3.29411e-01  0.00000e+00
0156  3.71911e+18  1.63450e-22  5.94134e-08  4.50236e+07  3.28885e-01  0.00000e+00
0157  3.73650e+18  1.61538e-22  5.85908e-08  4.51333e+07  3.28359e-01  0.00000e+00
0158  3.75389e+18  1.59661e-22  5.77836e-08  4.52420e+07  3.27833e-01  0.00000e+00
0159  3.77129e+18  1.57816e-22  5.69915e-08  4.53496e+07  3.27307e-01  0.00000e+00
0160  3.78868e+18  1.56004e-22  5.62142e-08  4.54561e+07  3.26782e-01  0.00000e+00
0161  3.80607e+18  1.54223e-22  5.54511e-08  4.55617e+07  3.26257e-01  0.00000e+00
0162  3.82346e+18  1.52473e-22  5.47022e-08  4.56663e+07  3.25732e-01  0.00000e+00
0163  3.84086e+18  1.50753e-22  5.39669e-08  4.57700e+07  3.25209e-01  0.00000e+00
0164  3.85825e+18  1.49063e-22  5.32449e-08  4.58727e+07  3.24685e-01  0.00000e+00
0165  3.87564e+18  1.47401e-22  5.25361e-08  4.59744e+07  3.24162e-01  0.00000e+00
0166  3.89303e+18  1.45767e-22  5.18400e-08  4.60752e+07  3.23640e-01  0.00000e+00
0167  3.91043e+18  1.44161e-22  5.11564e-08  4.61751e+07  3.23118e-01  0.00000e+00
0168  3.92782e+18  1.42582e-22  5.04849e-08  4.62741e+07  3.22597e-01  0.00000e+00
0169  3.94521e+18  1.41028e-22  4.98254e-08  4.63723e+07  3.22077e-01  0.00000e+00
0170  3.96260e+18  1.39501e-22  4.91775e-08  4.64695e+07  3.21558e-01  0.00000e+00
0171  3.98000e+18  1.37998e-22  4.85410e-08  4.65659e+07  3.21039e-01  0.00000e+00
0172  3.99739e+18  1.36520e-22  4.79157e-08  4.66614e+07  3.20521e-01  0.00000e+00
0173  4.01478e+18  1.35065e-22  4.73012e-08  4.67561e+07  3.20003e-01  0.00000e+00
0174  4.03217e+18  1.33634e-22  4.66974e-08  4.68500e+07  3.19487e-01  0.00000e+00
0175  4.04957e+18  1.32226e-22  4.61039e-08  4.69430e+07  3.18971e-01  0.00000e+00
0176  4.06696e+18  1.30841e-22  4.55205e-08  4.70353e+07  3.18457e-01  0.00000e+00
0177  4.08435e+18  1.29477e-22  4.49470e-08  4.71268e+07  3.17943e-01  0.00000e+00
0178  4.10174e+18  1.28135e-22  4.43833e-08  4.72175e+07  3.17430e-01  0.00000e+00
0179  4.11914e+18  1.26813e-22  4.38292e-08  4.73074e+07  3.16918e-01  0.00000e+00
0180  4.13653e+18  1.25513e-22  4.32844e-08  4.73966e+07  3.16406e-01  0.00000e+00
0181  4.15392e+18  1.24232e-22  4.27487e-08  4.74850e+07  3.15896e-01  0.00000e+00
0182  4.17131e+18  1.22971e-22  4.22219e-08  4.75727e+07  3.15387e-01  0.00000e+00
0183  4.18871e+18  1.21730e-22  4.17039e-08  4.76596e+07  3.14879e-01  0.00000e+00
0184  4.20610e+18  1.20507e-22  4.11945e-08  4.77458e+07  3.14372e-01  0.00000e+00
0185  4.22349e+18  1.19303e-22  4.06935e-08  4.78313e+07  3.13865e-01  0.00000e+00
0186  4.24088e+18  1.18117e-22  4.02007e-08  4.79161e+07  3.13360e-01  0.00000e+00
0187  4.25828e+18  1.16949e-22  3.97159e-08  4.80003e+07  3.12856e-01  0.00000e+00
0188  4.27567e+18  1.15798e-22  3.92390e-08  4.80837e+07  3.12353e-01  0.00000e+00
0189  4.29306e+18  1.14665e-22  3.87698e-08  4.81664e+07  3.11851e-01  0.00000e+00
0190  4.31045e+18  1.13548e-22  3.83082e-08  4.82485e+07  3.11350e-01  0.00000e+00
0191  4.32785e+18  1.12447e-22  3.78540e-08  4.83299e+07  3.10851e-01  0.00000e+00
0192  4.34524e+18  1.11363e-22  3.74070e-08  4.84107e+07  3.10352e-01  0.00000e+00
0193  4.36263e+18  1.10294e-22  3.69672e-08  4.84908e+07  3.09854e-01  0.00000e+00
0194  4.38002e+18  1.09241e-22  3.65343e-08  4.85703e+07  3.09358e-01  0.00000e+00
0195  4.39742e+18  1.08203e-22  3.61083e-08  4.86492e+07  3.08863e-01  0.00000e+00
0196  4.41481e+18  1.07179e-22  3.56889e-08  4.87274e+07  3.08369e-01  0.00000e+00
0197  4.43220e+18  1.06171e-22  3.52761e-08  4.88051e+07  3.07876e-01  0.00000e+00
0198  4.44959e+18  1.05176e-22  3.48698e-08  4.88821e+07  3.07384e-01  0.00000e+00
0199  4.46699e+18  1.04196e-22  3.44697e-08  4.89585e+07  3.06893e-01  0.00000e+00
0200  4.48438e+18  1.03230e-22  3.40758e-08  4.90344e+07  3.06404e-01  0.00000e+00
0201  4.50177e+18  1.02277e-22  3.36881e-08  4.91096e+07  3.05916e-01  0.00000e+00
0202  4.51916e+18  1.01337e-22  3.33063e-08  4.91843e+07  3.05429e-01  0.00000e+00
0203  4.53655e+18  1.00410e-22  3.29303e-08  4.92584e+07  3.04943e-01  0.00000e+00
0204  4.55395e+18  9.94960e-23  3.25601e-08  4.93319e+07  3.04458e-01  0.00000e+00
0205  4.57134e+18  9.85945e-23  3.21955e-08  4.94049e+07  3.03975e-01  0.00000e+00
0206  4.58873e+18  9.77054e-23  3.18364e-08  4.94773e+07  3.03493e-01  0.00000e+00
0207  4.60612e+18  9.68283e-23  3.14827e-08  4.95492e+07  3.03012e-01  0.00000e+00
0208  4.62352e+18  9.59631e-23  3.11344e-08  4.96205e+07  3.02532e-01  0.00000e+00
0209  4.64091e+18  9.51095e-23  3.07912e-08  4.96913e+07  3.02054e-01  0.00000e+00
0210  4.65830e+18  9.42673e-23  3.04532e-08  4.97615e+07  3.01577e-01  0.00000e+00
0211  4.67569e+18  9.34364e-23  3.01202e-08  4.98313e+07  3.01101e-01  0.00000e+00
0212  4.69309e+18  9.26165e-23  2.97921e-08  4.99005e+07  3.00626e-01  0.00000e+00
0213  4.71048e+18  9.18074e-23  2.94688e-08  4.99692e+07  3.00153e-01  0.00000e+00
0214  4.72787e+18  9.10089e-23  2.91503e-08  5.00375e+07  2.99681e-01  0.00000e+00
0215  4.74526e+18  9.02209e-23  2.88364e-08  5.01052e+07  2.99210e-01  0.00000e+00
0216  4.76266e+18  8.94432e-23  2.85270e-08  5.01724e+07  2.98740e-01  0.00000e+00
0217  4.78005e+18  8.86755e-23  2.82222e-08  5.02392e+07  2.98272e-01  0.00000e+00
0218  4.79744e+18  8.79178e-23  2.79217e-08  5.03054e+07  2.97805e-01  0.00000e+00
0219  4.81483e+18  8.71698e-23  2.76256e-08  5.03712e+07  2.97339e-01  0.00000e+00
0220  4.83223e+18  8.64314e-23  2.73337e-08  5.04365e+07  2.96875e-01  0.00000e+00
0221  4.84962e+18  8.57024e-23  2.70460e-08  5.05014e+07  2.96411e-01  0.00000e+00
0222  4.86701e+18  8.49826e-23  2.67624e-08  5.05658e+07  2.95949e-01  0.00000e+00
0223  4.88440e+18  8.42719e-23  2.64827e-08  5.06297e+07  2.95489e-01  0.00000e+00
0224  4.90180e+18  8.35702e-23  2.62071e-08  5.06932e+07  2.95029e-01  0.00000e+00
0225  4.91919e+18  8.28772e-23  2.59352e-08  5.07563e+07  2.94571e-01  0.00000e+00
0226  4.93658e+18  8.21929e-23  2.56672e-08  5.08189e+07  2.94115e-01  0.00000e+00
0227  4.95397e+18  8.15171e-23  2.54030e-08  5.08811e+07  2.93659e-01  0.00000e+00
0228  4.97137e+18  8.08496e-23  2.51424e-08  5.09428e+07  2.93205e-01  0.00000e+00
0229  4.98876e+18  8.01904e-23  2.48854e-08  5.10041e+07  2.92752e-01  0.00000e+00
0230  5.00615e+18  7.95392e-23  2.46319e-08  5.10650e+07  2.92300e-01  0.00000e+00
0231  5.02354e+18  7.88959e-23  2.43820e-08  5.11255e+07  2.91850e-01  0.00000e+00
0232  5.04094e+18  7.82605e-23  2.41354e-08  5.11856e+07  2.91401e-01  0.00000e+00
0233  5.05833e+18  7.76328e-23  2.38922e-08  5.12452e+07  2.90953e-01  0.00000e+00
0234  5.07572e+18  7.70126e-23  2.36523e-08  5.13045e+07  2.90507e-01  0.00000e+00
0235  5.09311e+18  7.63999e-23  2.34157e-08  5.13633e+07  2.90061e-01  0.00000e+00
0236  5.11051e+18  7.57945e-23  2.31823e-08  5.14218e+07  2.89617e-01  0.00000e+00
0237  5.12790e+18  7.51963e-23  2.29520e-08  5.14799e+07  2.89175e-01  0.00000e+00
0238  5.14529e+18  7.46053e-23  2.27248e-08  5.15376e+07  2.88733e-01  0.00000e+00
0239  5.16268e+18  7.40211e-23  2.25006e-08  5.15949e+07  2.88293e-01  0.00000e+00
0240  5.18008e+18  7.34439e-23  2.22794e-08  5.16518e+07  2.87855e-01  0.00000e+00
0241  5.19747e+18  7.28734e-23  2.20611e-08  5.17084e+07  2.87417e-01  0.00000e+00
0242  5.21486e+18  7.23096e-23  2.18457e-08  5.17645e+07  2.86981e-01  0.00000e+00
0243  5.23225e+18  7.17523e-23  2.16332e-08  5.18204e+07  2.86546e-01  0.00000e+00
0244  5.24965e+18  7.12015e-23  2.14234e-08  5.18758e+07  2.86112e-01  0.00000e+00
0245  5.26704e+18  7.06570e-23  2.12164e-08  5.19309e+07  2.85680e-01  0.00000e+00
0246  5.28443e+18  7.01188e-23  2.10121e-08  5.19856e+07  2.85249e-01  0.00000e+00
0247  5.30182e+18  6.95867e-23  2.08104e-08  5.20400e+07  2.84819e-01  0.00000e+00
0248  5.31922e+18  6.90607e-23  2.06113e-08  5.20941e+07  2.84390e-01  0.00000e+00
0249  5.33661e+18  6.85406e-23  2.04148e-08  5.21477e+07  2.83963e-01  0.00000e+00
0250  5.35400e+18  6.80265e-23  2.02209e-08  5.22011e+07  2.83537e-01  0.00000e+00
0251  5.37139e+18  6.75181e-23  2.00294e-08  5.22541e+07  2.83112e-01  0.00000e+00
0252  5.38879e+18  6.70154e-23  1.98403e-08  5.23068e+07  2.82688e-01  0.00000e+00
0253  5.40618e+18  6.65184e-23  1.96537e-08  5.23591e+07  2.82266e-01  0.00000e+00
0254  5.42357e+18  6.60268e-23  1.94694e-08  5.24111e+07  2.81845e-01  0.00000e+00
0255  5.44096e+18  6.55408e-23  1.92874e-08  5.24628e+07  2.81425e-01  0.00000e+00
0256  5.45836e+18  6.50601e-23  1.91078e-08  5.25142e+07  2.81007e-01  0.00000e+00
0257  5.47575e+18  6.45847e-23  1.89304e-08  5.25652e+07  2.80589e-01  0.00000e+00
0258  5.49314e+18  6.41145e-23  1.87552e-08  5.26160e+07  2.80173e-01  0.00000e+00
0259  5.51053e+18  6.36494e-23  1.85822e-08  5.26664e+07  2.79758e-01  0.00000e+00
0260  5.52793e+18  6.31894e-23  1.84114e-08  5.27165e+07  2.79345e-01  0.00000e+00
0261  5.54532e+18  6.27344e-23  1.82426e-08  5.27663e+07  2.78933e-01  0.00000e+00
0262  5.56271e+18  6.22843e-23  1.80760e-08  5.28158e+07  2.78521e-01  0.00000e+00
0263  5.58010e+18  6.18391e-23  1.79114e-08  5.28650e+07  2.78112e-01  0.00000e+00
0264  5.59750e+18  6.13986e-23  1.77488e-08  5.29139e+07  2.77703e-01  0.00000e+00
0265  5.61489e+18  6.09628e-23  1.75882e-08  5.29625e+07  2.77295e-01  0.00000e+00
0266  5.63228e+18  6.05317e-23  1.74296e-08  5.30108e+07  2.76889e-01  0.00000e+00
0267  5.64967e+18  6.01051e-23  1.72728e-08  5.30588e+07  2.76484e-01  0.00000e+00
0268  5.66707e+18  5.96831e-23  1.71180e-08  5.31065e+07  2.76080e-01  0.00000e+00
0269  5.68446e+18  5.92655e-23  1.69651e-08  5.31540e+07  2.75678e-01  0.00000e+00
0270  5.70185e+18  5.88523e-23  1.68140e-08  5.32011e+07  2.75276e-01  0.00000e+00
0271  5.71924e+18  5.84434e-23  1.66647e-08  5.32480e+07  2.74876e-01  0.00000e+00
0272  5.73664e+18  5.80388e-23  1.65172e-08  5.32946e+07  2.74477e-01  0.00000e+00
0273  5.75403e+18  5.76383e-23  1.63714e-08  5.33410e+07  2.74079e-01  0.00000e+00
0274  5.77142e+18  5.72420e-23  1.62274e-08  5.33870e+07  2.73683e-01  0.00000e+00
0275  5.78881e+18  5.68498e-23  1.60851e-08  5.34328e+07  2.73287e-01  0.00000e+00
0276  5.80620e+18  5.64617e-23  1.59445e-08  5.34783e+07  2.72893e-01  0.00000e+00
0277  5.82360e+18  5.60775e-23  1.58055e-08  5.35236e+07  2.72500e-01  0.00000e+00
0278  5.84099e+18  5.56972e-23  1.56682e-08  5.35686e+07  2.72108e-01  0.00000e+00
0279  5.85838e+18  5.53208e-23  1.55325e-08  5.36133e+07  2.71717e-01  0.00000e+00
0280  5.87577e+18  5.49482e-23  1.53983e-08  5.36578e+07  2.71328e-01  0.00000e+00
0281  5.89317e+18  5.45793e-23  1.52657e-08  5.37020e+07  2.70940e-01  0.00000e+00
0282  5.91056e+18  5.42142e-23  1.51347e-08  5.37460e+07  2.70552e-01  0.00000e+00
0283  5.92795e+18  5.38528e-23  1.50051e-08  5.37897e+07  2.70166e-01  0.00000e+00
0284  5.94534e+18  5.34949e-23  1.48771e-08  5.38332e+07  2.69781e-01  0.00000e+00
0285  5.96274e+18  5.31406e-23  1.47505e-08  5.38764e+07  2.69398e-01  0.00000e+00
0286  5.98013e+18  5.27899e-23  1.46254e-08  5.39194e+07  2.69015e-01  0.00000e+00
0287  5.99752e+18  5.24426e-23  1.45017e-08  5.39621e+07  2.68634e-01  0.00000e+00
0288  6.01491e+18  5.20987e-23  1.43794e-08  5.40046e+07  2.68253e-01  0.00000e+00
0289  6.03231e+18  5.17582e-23  1.42585e-08  5.40469e+07  2.67874e-01  0.00000e+00
0290  6.04970e+18  5.14211e-23  1.41390e-08  5.40889e+07  2.67496e-01  0.00000e+00
0291  6.06709e+18  5.10872e-23  1.40208e-08  5.41307e+07  2.67119e-01  0.00000e+00
0292  6.08448e+18  5.07566e-23  1.39039e-08  5.41723e+07  2.66744e-01  0.00000e+00
0293  6.10188e+18  5.04292e-23  1.37884e-08  5.42136e+07  2.66369e-01  0.00000e+00
0294  6.11927e+18  5.01050e-23  1.36742e-08  5.42547e+07  2.65995e-01  0.00000e+00
0295  6.13666e+18  4.97839e-23  1.35612e-08  5.42956e+07  2.65623e-01  0.00000e+00
0296  6.15405e+18  4.94658e-23  1.34495e-08  5.43362e+07  2.65252e-01  0.00000e+00
0297  6.17145e+18  4.91509e-23  1.33390e-08  5.43766e+07  2.64881e-01  0.00000e+00
0298  6.18884e+18  4.88389e-23  1.32297e-08  5.44169e+07  2.64512e-01  0.00000e+00
0299  6.20623e+18  4.85299e-23  1.31217e-08  5.44568e+07  2.64144e-01  0.00000e+00
0300  6.22362e+18  4.82238e-23  1.30148e-08  5.44966e+07  2.63778e-01  0.00000e+00
0301  6.24102e+18  4.79206e-23  1.29091e-08  5.45362e+07  2.63412e-01  0.00000e+00
0302  6.25841e+18  4.76203e-23  1.28046e-08  5.45755e+07  2.63047e-01  0.00000e+00
0303  6.27580e+18  4.73228e-23  1.27012e-08  5.46146e+07  2.62683e-01  0.00000e+00
0304  6.29319e+18  4.70280e-23  1.25989e-08  5.46536e+07  2.62321e-01  0.00000e+00
0305  6.31059e+18  4.67361e-23  1.24978e-08  5.46923e+07  2.61959e-01  0.00000e+00
0306  6.32798e+18  4.64468e-23  1.23977e-08  5.47308e+07  2.61599e-01  0.00000e+00
0307  6.34537e+18  4.61602e-23  1.22987e-08  5.47691e+07  2.61240e-01  0.00000e+00
0308  6.36276e+18  4.58763e-23  1.22008e-08  5.48072e+07  2.60881e-01  0.00000e+00
0309  6.38016e+18  4.55950e-23  1.21039e-08  5.48451e+07  2.60524e-01  0.00000e+00
0310  6.39755e+18  4.53163e-23  1.20081e-08  5.48828e+07  2.60168e-01  0.00000e+00
0311  6.41494e+18  4.50401e-23  1.19132e-08  5.49203e+07  2.59813e-01  0.00000e+00
0312  6.43233e+18  4.47665e-23  1.18194e-08  5.49576e+07  2.59459e-01  0.00000e+00
0313  6.44973e+18  4.44953e-23  1.17266e-08  5.49947e+07  2.59106e-01  0.00000e+00
0314  6.46712e+18  4.42266e-23  1.16348e-08  5.50317e+07  2.58754e-01  0.00000e+00
0315  6.48451e+18  4.39604e-23  1.15439e-08  5.50684e+07  2.58403e-01  0.00000e+00
0316  6.50190e+18  4.36965e-23  1.14540e-08  5.51049e+07  2.58053e-01  0.00000e+00
0317  6.51930e+18  4.34350e-23  1.13650e-08  5.51413e+07  2.57704e-01  0.00000e+00
0318  6.53669e+18  4.31759e-23  1.12770e-08  5.51774e+07  2.57356e-01  0.00000e+00
0319  6.55408e+18  4.29190e-23  1.11899e-08  5.52134e+07  2.57010e-01  0.00000e+00
0320  6.57147e+18  4.26645e-23  1.11036e-08  5.52492e+07  2.56664e-01  0.00000e+00
0321  6.58887e+18  4.24122e-23  1.10183e-08  5.52848e+07  2.56319e-01  0.00000e+00
0322  6.60626e+18  4.21622e-23  1.09339e-08  5.53202e+07  2.55975e-01  0.00000e+00
0323  6.62365e+18  4.19143e-23  1.08503e-08  5.53555e+07  2.55633e-01  0.00000e+00
0324  6.64104e+18  4.16687e-23  1.07676e-08  5.53906e+07  2.55291e-01  0.00000e+00
0325  6.65844e+18  4.14252e-23  1.06857e-08  5.54255e+07  2.54950e-01  0.00000e+00
0326  6.67583e+18  4.11838e-23  1.06047e-08  5.54602e+07  2.54610e-01  0.00000e+00
0327  6.69322e+18  4.09446e-23  1.05245e-08  5.54947e+07  2.54272e-01  0.00000e+00
0328  6.71061e+18  4.07074e-23  1.04451e-08  5.55291e+07  2.53934e-01  0.00000e+00
0329  6.72801e+18  4.04723e-23  1.03666e-08  5.55633e+07  2.53597e-01  0.00000e+00
0330  6.74540e+18  4.02392e-23  1.02888e-08  5.55973e+07  2.53261e-01  0.00000e+00
0331  6.76279e+18  4.00081e-23  1.02118e-08  5.56312e+07  2.52927e-01  0.00000e+00
0332  6.78018e+18  3.97790e-23  1.01356e-08  5.56649e+07  2.52593e-01  0.00000e+00
0333  6.79758e+18  3.95519e-23  1.00601e-08  5.56984e+07  2.52260e-01  0.00000e+00
0334  6.81497e+18  3.93267e-23  9.98542e-09  5.57318e+07  2.51928e-01  0.00000e+00
0335  6.83236e+18  3.91035e-23  9.91147e-09  5.57650e+07  2.51597e-01  0.00000e+00
0336  6.84975e+18  3.88821e-23  9.83825e-09  5.57980e+07  2.51267e-01  0.00000e+00
0337  6.86715e+18  3.86626e-23  9.76576e-09  5.58309e+07  2.50938e-01  0.00000e+00
0338  6.88454e+18  3.84450e-23  9.69400e-09  5.58636e+07  2.50610e-01  0.00000e+00
0339  6.90193e+18  3.82292e-23  9.62294e-09  5.58961e+07  2.50283e-01  0.00000e+00
0340  6.91932e+18  3.80152e-23  9.55258e-09  5.59285e+07  2.49957e-01  0.00000e+00
0341  6.93672e+18  3.78031e-23  9.48291e-09  5.59608e+07  2.49631e-01  0.00000e+00
0342  6.95411e+18  3.75926e-23  9.41393e-09  5.59929e+07  2.49307e-01  0.00000e+00
0343  6.97150e+18  3.73840e-23  9.34562e-09  5.60248e+07  2.48984e-01  0.00000e+00
0344  6.98889e+18  3.71771e-23  9.27798e-09  5.60566e+07  2.48661e-01  0.00000e+00
0345  7.00629e+18  3.69719e-23  9.21100e-09  5.60882e+07  2.48340e-01  0.00000e+00
0346  7.02368e+18  3.67683e-23  9.14467e-09  5.61197e+07  2.48019e-01  0.00000e+00
0347  7.04107e+18  3.65665e-23  9.07898e-09  5.61510e+07  2.47699e-01  0.00000e+00
0348  7.05846e+18  3.63663e-23  9.01392e-09  5.61822e+07  2.47381e-01  0.00000e+00
0349  7.07586e+18  3.61678e-23  8.94950e-09  5.62132e+07  2.47063e-01  0.00000e+00
0350  7.09325e+18  3.59709e-23  8.88569e-09  5.62441e+07  2.46746e-01  0.00000e+00
0351  7.11064e+18  3.57756e-23  8.82249e-09  5.62748e+07  2.46430e-01  0.00000e+00
0352  7.12803e+18  3.55819e-23  8.75990e-09  5.63054e+07  2.46115e-01  0.00000e+00
0353  7.14543e+18  3.53897e-23  8.69791e-09  5.63359e+07  2.45800e-01  0.00000e+00
0354  7.16282e+18  3.51991e-23  8.63650e-09  5.63662e+07  2.45487e-01  0.00000e+00
0355  7.18021e+18  3.50101e-23  8.57568e-09  5.63964e+07  2.45175e-01  0.00000e+00
0356  7.19760e+18  3.48225e-23  8.51544e-09  5.64264e+07  2.44863e-01  0.00000e+00
0357  7.21500e+18  3.46365e-23  8.45577e-09  5.64563e+07  2.44552e-01  0.00000e+00
0358  7.23239e+18  3.44520e-23  8.39665e-09  5.64860e+07  2.44243e-01  0.00000e+00
0359  7.24978e+18  3.42689e-23  8.33810e-09  5.65156e+07  2.43934e-01  0.00000e+00
0360  7.26717e+18  3.40873e-23  8.28009e-09  5.65451e+07  2.43626e-01  0.00000e+00
0361  7.28457e+18  3.39071e-23  8.22263e-09  5.65745e+07  2.43319e-01  0.00000e+00
0362  7.30196e+18  3.37283e-23  8.16570e-09  5.66037e+07  2.43012e-01  0.00000e+00
0363  7.31935e+18  3.35510e-23  8.10930e-09  5.66327e+07  2.42707e-01  0.00000e+00
0364  7.33674e+18  3.33751e-23  8.05343e-09  5.66617e+07  2.42402e-01  0.00000e+00
0365  7.35414e+18  3.32005e-23  7.99807e-09  5.66905e+07  2.42098e-01  0.00000e+00
0366  7.37153e+18  3.30273e-23  7.94323e-09  5.67192e+07  2.41796e-01  0.00000e+00
0367  7.38892e+18  3.28555e-23  7.88889e-09  5.67477e+07  2.41494e-01  0.00000e+00
0368  7.40631e+18  3.26850e-23  7.83505e-09  5.67761e+07  2.41192e-01  0.00000e+00
0369  7.42371e+18  3.25158e-23  7.78171e-09  5.68044e+07  2.40892e-01  0.00000e+00
0370  7.44110e+18  3.23479e-23  7.72885e-09  5.68326e+07  2.40593e-01  0.00000e+00
0371  7.45849e+18  3.21814e-23  7.67648e-09  5.68606e+07  2.40294e-01  0.00000e+00
0372  7.47588e+18  3.20161e-23  7.62459e-09  5.68885e+07  2.39996e-01  0.00000e+00
0373  7.49328e+18  3.18521e-23  7.57316e-09  5.69163e+07  2.39699e-01  0.00000e+00
0374  7.51067e+18  3.16893e-23  7.52221e-09  5.69440e+07  2.39403e-01  0.00000e+00
0375  7.52806e+18  3.15278e-23  7.47171e-09  5.69715e+07  2.39108e-01  0.00000e+00
0376  7.54545e+18  3.13675e-23  7.42167e-09  5.69990e+07  2.38813e-01  0.00000e+00
0377  7.56285e+18  3.12085e-23  7.37208e-09  5.70263e+07  2.38519e-01  0.00000e+00
0378  7.58024e+18  3.10506e-23  7.32294e-09  5.70534e+07  2.38226e-01  0.00000e+00
0379  7.59763e+18  3.08940e-23  7.27424e-09  5.70805e+07  2.37934e-01  0.00000e+00
0380  7.61502e+18  3.07385e-23  7.22597e-09  5.71074e+07  2.37643e-01  0.00000e+00
0381  7.63242e+18  3.05842e-23  7.17814e-09  5.71343e+07  2.37353e-01  0.00000e+00
0382  7.64981e+18  3.04311e-23  7.13073e-09  5.71610e+07  2.37063e-01  0.00000e+00
0383  7.66720e+18  3.02791e-23  7.08374e-09  5.71875e+07  2.36774e-01  0.00000e+00
0384  7.68459e+18  3.01282e-23  7.03717e-09  5.72140e+07  2.36486e-01  0.00000e+00
0385  7.70199e+18  2.99785e-23  6.99101e-09  5.72404e+07  2.36199e-01  0.00000e+00
0386  7.71938e+18  2.98299e-23  6.94525e-09  5.72666e+07  2.35912e-01  0.00000e+00
0387  7.73677e+18  2.96824e-23  6.89990e-09  5.72928e+07  2.35627e-01  0.00000e+00
0388  7.75416e+18  2.95359e-23  6.85495e-09  5.73188e+07  2.35342e-01  0.00000e+00
0389  7.77156e+18  2.93906e-23  6.81040e-09  5.73447e+07  2.35057e-01  0.00000e+00
0390  7.78895e+18  2.92463e-23  6.76623e-09  5.73705e+07  2.34774e-01  0.00000e+00
0391  7.80634e+18  2.91031e-23  6.72244e-09  5.73962e+07  2.34491e-01  0.00000e+00
0392  7.82373e+18  2.89610e-23  6.67904e-09  5.74217e+07  2.34210e-01  0.00000e+00
0393  7.84113e+18  2.88198e-23  6.63602e-09  5.74472e+07  2.33929e-01  0.00000e+00
0394  7.85852e+18  2.86797e-23  6.59337e-09  5.74726e+07  2.33648e-01  0.00000e+00
0395  7.87591e+18  2.85407e-23  6.55108e-09  5.74978e+07  2.33369e-01  0.00000e+00
0396  7.89330e+18  2.84026e-23  6.50916e-09  5.75230e+07  2.33090e-01  0.00000e+00
0397  7.91070e+18  2.82656e-23  6.46761e-09  5.75480e+07  2.32812e-01  0.00000e+00
0398  7.92809e+18  2.81295e-23  6.42641e-09  5.75729e+07  2.32535e-01  0.00000e+00
0399  7.94548e+18  2.79944e-23  6.38556e-09  5.75978e+07  2.32258e-01  0.00000e+00
0400  7.96287e+18  2.78603e-23  6.34506e-09  5.76225e+07  2.31982e-01  0.00000e+00
0401  7.98027e+18  2.77271e-23  6.30491e-09  5.76471e+07  2.31707e-01  0.00000e+00
0402  7.99766e+18  2.75949e-23  6.26510e-09  5.76716e+07  2.31433e-01  0.00000e+00
0403  8.01505e+18  2.74636e-23  6.22562e-09  5.76961e+07  2.31160e-01  0.00000e+00
0404  8.03244e+18  2.73333e-23  6.18648e-09  5.77204e+07  2.30887e-01  0.00000e+00
0405  8.04984e+18  2.72039e-23  6.14768e-09  5.77446e+07  2.30615e-01  0.00000e+00
0406  8.06723e+18  2.70754e-23  6.10920e-09  5.77687e+07  2.30343e-01  0.00000e+00
0407  8.08462e+18  2.69479e-23  6.07104e-09  5.77927e+07  2.30073e-01  0.00000e+00
0408  8.10201e+18  2.68212e-23  6.03320e-09  5.78166e+07  2.29803e-01  0.00000e+00
0409  8.11940e+18  2.66954e-23  5.99569e-09  5.78405e+07  2.29534e-01  0.00000e+00
0410  8.13680e+18  2.65705e-23  5.95848e-09  5.78642e+07  2.29265e-01  0.00000e+00
0411  8.15419e+18  2.64465e-23  5.92159e-09  5.78878e+07  2.28997e-01  0.00000e+00
0412  8.17158e+18  2.63233e-23  5.88500e-09  5.79113e+07  2.28730e-01  0.00000e+00
0413  8.18897e+18  2.62010e-23  5.84872e-09  5.79348e+07  2.28464e-01  0.00000e+00
0414  8.20637e+18  2.60795e-23  5.81274e-09  5.79581e+07  2.28198e-01  0.00000e+00
0415  8.22376e+18  2.59589e-23  5.77705e-09  5.79814e+07  2.27933e-01  0.00000e+00
0416  8.24115e+18  2.58392e-23  5.74166e-09  5.80045e+07  2.27669e-01  0.00000e+00
0417  8.25854e+18  2.57202e-23  5.70657e-09  5.80276e+07  2.27406e-01  0.00000e+00
0418  8.27594e+18  2.56021e-23  5.67176e-09  5.80505e+07  2.27143e-01  0.00000e+00
0419  8.29333e+18  2.54848e-23  5.63723e-09  5.80734e+07  2.26881e-01  0.00000e+00
0420  8.31072e+18  2.53683e-23  5.60299e-09  5.80962e+07  2.26619e-01  0.00000e+00
0421  8.32811e+18  2.52525e-23  5.56903e-09  5.81189e+07  2.26358e-01  0.00000e+00
0422  8.34551e+18  2.51376e-23  5.53535e-09  5.81415e+07  2.26098e-01  0.00000e+00
0423  8.36290e+18  2.50235e-23  5.50194e-09  5.81640e+07  2.25839e-01  0.00000e+00
0424  8.38029e+18  2.49101e-23  5.46880e-09  5.81864e+07  2.25580e-01  0.00000e+00
0425  8.39768e+18  2.47975e-23  5.43593e-09  5.82087e+07  2.25322e-01  0.00000e+00
0426  8.41508e+18  2.46857e-23  5.40332e-09  5.82310e+07  2.25065e-01  0.00000e+00
0427  8.43247e+18  2.45746e-23  5.37098e-09  5.82531e+07  2.24808e-01  0.00000e+00
0428  8.44986e+18  2.44643e-23  5.33890e-09  5.82752e+07  2.24552e-01  0.00000e+00
0429  8.46725e+18  2.43547e-23  5.30708e-09  5.82972e+07  2.24297e-01  0.00000e+00
0430  8.48465e+18  2.42458e-23  5.27551e-09  5.83190e+07  2.24042e-01  0.00000e+00
0431  8.50204e+18  2.41377e-23  5.24419e-09  5.83409e+07  2.23788e-01  0.00000e+00
0432  8.51943e+18  2.40303e-23  5.21313e-09  5.83626e+07  2.23535e-01  0.00000e+00
0433  8.53682e+18  2.39236e-23  5.18231e-09  5.83842e+07  2.23282e-01  0.00000e+00
0434  8.55422e+18  2.38176e-23  5.15173e-09  5.84058e+07  2.23030e-01  0.00000e+00
0435  8.57161e+18  2.37123e-23  5.12140e-09  5.84272e+07  2.22779e-01  0.00000e+00
0436  8.58900e+18  2.36078e-23  5.09131e-09  5.84486e+07  2.22528e-01  0.00000e+00
0437  8.60639e+18  2.35039e-23  5.06146e-09  5.84699e+07  2.22278e-01  0.00000e+00
0438  8.62379e+18  2.34007e-23  5.03184e-09  5.84911e+07  2.22028e-01  0.00000e+00
0439  8.64118e+18  2.32981e-23  5.00246e-09  5.85123e+07  2.21780e-01  0.00000e+00
0440  8.65857e+18  2.31963e-23  4.97331e-09  5.85333e+07  2.21531e-01  0.00000e+00
0441  8.67596e+18  2.30951e-23  4.94438e-09  5.85543e+07  2.21284e-01  0.00000e+00
0442  8.69336e+18  2.29946e-23  4.91569e-09  5.85752e+07  2.21037e-01  0.00000e+00
0443  8.71075e+18  2.28947e-23  4.88721e-09  5.85960e+07  2.20791e-01  0.00000e+00
0444  8.72814e+18  2.27955e-23  4.85896e-09  5.86168e+07  2.20545e-01  0.00000e+00
0445  8.74553e+18  2.26969e-23  4.83093e-09  5.86374e+07  2.20300e-01  0.00000e+00
0446  8.76293e+18  2.25989e-23  4.80312e-09  5.86580e+07  2.20056e-01  0.00000e+00
0447  8.78032e+18  2.25016e-23  4.77552e-09  5.86785e+07  2.19812e-01  0.00000e+00
0448  8.79771e+18  2.24049e-23  4.74813e-09  5.86989e+07  2.19569e-01  0.00000e+00
0449  8.81510e+18  2.23089e-23  4.72096e-09  5.87193e+07  2.19326e-01  0.00000e+00
0450  8.83250e+18  2.22134e-23  4.69399e-09  5.87396e+07  2.19084e-01  0.00000e+00
0451  8.84989e+18  2.21186e-23  4.66724e-09  5.87598e+07  2.18843e-01  0.00000e+00
0452  8.86728e+18  2.20244e-23  4.64068e-09  5.87799e+07  2.18602e-01  0.00000e+00
0453  8.88467e+18  2.19307e-23  4.61433e-09  5.87999e+07  2.18362e-01  0.00000e+00
0454  8.90207e+18  2.18377e-23  4.58819e-09  5.88199e+07  2.18123e-01  0.00000e+00
0455  8.91946e+18  2.17453e-23  4.56224e-09  5.88398e+07  2.17884e-01  0.00000e+00
0456  8.93685e+18  2.16534e-23  4.53649e-09  5.88596e+07  2.17645e-01  0.00000e+00
0457  8.95424e+18  2.15621e-23  4.51093e-09  5.88793e+07  2.17408e-01  0.00000e+00
0458  8.97164e+18  2.14714e-23  4.48557e-09  5.88990e+07  2.17171e-01  0.00000e+00
0459  8.98903e+18  2.13813e-23  4.46040e-09  5.89186e+07  2.16934e-01  0.00000e+00
0460  9.00642e+18  2.12918e-23  4.43541e-09  5.89382e+07  2.16698e-01  0.00000e+00
0461  9.02381e+18  2.12027e-23  4.41061e-09  5.89576e+07  2.16463e-01  0.00000e+00
0462  9.04121e+18  2.11143e-23  4.38600e-09  5.89770e+07  2.16228e-01  0.00000e+00
0463  9.05860e+18  2.10264e-23  4.36157e-09  5.89963e+07  2.15994e-01  0.00000e+00
0464  9.07599e+18  2.09391e-23  4.33733e-09  5.90156e+07  2.15761e-01  0.00000e+00
0465  9.09338e+18  2.08523e-23  4.31326e-09  5.90348e+07  2.15528e-01  0.00000e+00
0466  9.11078e+18  2.07660e-23  4.28938e-09  5.90539e+07  2.15295e-01  0.00000e+00
0467  9.12817e+18  2.06803e-23  4.26568e-09  5.90729e+07  2.15063e-01  0.00000e+00
0468  9.14556e+18  2.05951e-23  4.24215e-09  5.90919e+07  2.14832e-01  0.00000e+00
0469  9.16295e+18  2.05104e-23  4.21880e-09  5.91108e+07  2.14602e-01  0.00000e+00
0470  9.18035e+18  2.04262e-23  4.19562e-09  5.91296e+07  2.14372e-01  0.00000e+00
0471  9.19774e+18  2.03426e-23  4.17261e-09  5.91484e+07  2.14142e-01  0.00000e+00
0472  9.21513e+18  2.02595e-23  4.14977e-09  5.91671e+07  2.13913e-01  0.00000e+00
0473  9.23252e+18  2.01769e-23  4.12711e-09  5.91857e+07  2.13685e-01  0.00000e+00
0474  9.24992e+18  2.00948e-23  4.10460e-09  5.92042e+07  2.13457e-01  0.00000e+00
0475  9.26731e+18  2.00131e-23  4.08227e-09  5.92227e+07  2.13230e-01  0.00000e+00
0476  9.28470e+18  1.99320e-23  4.06010e-09  5.92412e+07  2.13003e-01  0.00000e+00
0477  9.30209e+18  1.98514e-23  4.03809e-09  5.92595e+07  2.12777e-01  0.00000e+00
0478  9.31949e+18  1.97713e-23  4.01624e-09  5.92778e+07  2.12551e-01  0.00000e+00
0479  9.33688e+18  1.96916e-23  3.99455e-09  5.92960e+07  2.12326e-01  0.00000e+00
0480  9.35427e+18  1.96125e-23  3.97302e-09  5.93142e+07  2.12102e-01  0.00000e+00
0481  9.37166e+18  1.95338e-23  3.95165e-09  5.93323e+07  2.11878e-01  0.00000e+00
0482  9.38906e+18  1.94555e-23  3.93043e-09  5.93503e+07  2.11654e-01  0.00000e+00
0483  9.40645e+18  1.93778e-23  3.90937e-09  5.93683e+07  2.11431e-01  0.00000e+00
0484  9.42384e+18  1.93005e-23  3.88846e-09  5.93862e+07  2.11209e-01  0.00000e+00
0485  9.44123e+18  1.92237e-23  3.86770e-09  5.94040e+07  2.10987e-01  0.00000e+00
0486  9.45863e+18  1.91473e-23  3.84708e-09  5.94218e+07  2.10766e-01  0.00000e+00
0487  9.47602e+18  1.90714e-23  3.82662e-09  5.94395e+07  2.10545e-01  0.00000e+00
0488  9.49341e+18  1.89959e-23  3.80630e-09  5.94572e+07  2.10325e-01  0.00000e+00
0489  9.51080e+18  1.89209e-23  3.78613e-09  5.94748e+07  2.10105e-01  0.00000e+00
0490  9.52820e+18  1.88463e-23  3.76611e-09  5.94923e+07  2.09886e-01  0.00000e+00
0491  9.54559e+18  1.87722e-23  3.74622e-09  5.95098e+07  2.09668e-01  0.00000e+00
0492  9.56298e+18  1.86985e-23  3.72648e-09  5.95272e+07  2.09450e-01  0.00000e+00
0493  9.58037e+18  1.86253e-23  3.70688e-09  5.95445e+07  2.09232e-01  0.00000e+00
0494  9.59777e+18  1.85524e-23  3.68742e-09  5.95618e+07  2.09015e-01  0.00000e+00
0495  9.61516e+18  1.84800e-23  3.66809e-09  5.95790e+07  2.08799e-01  0.00000e+00
0496  9.63255e+18  1.84080e-23  3.64891e-09  5.95962e+07  2.08583e-01  0.00000e+00
0497  9.64994e+18  1.83365e-23  3.62985e-09  5.96133e+07  2.08367e-01  0.00000e+00
0498  9.66734e+18  1.82653e-23  3.61094e-09  5.96304e+07  2.08152e-01  0.00000e+00
0499  9.68473e+18  1.81946e-23  3.59215e-09  5.96473e+07  2.07938e-01  0.00000e+00
0500  9.70212e+18  1.81243e-23  3.57350e-09  5.96643e+07  2.07724e-01  0.00000e+00
0501  9.71951e+18  1.80543e-23  3.55498e-09  5.96811e+07  2.07511e-01  0.00000e+00
0502  9.73691e+18  1.79848e-23  3.53658e-09  5.96980e+07  2.07298e-01  0.00000e+00
0503  9.75430e+18  1.79157e-23  3.51832e-09  5.97147e+07  2.07085e-01  0.00000e+00
0504  9.77169e+18  1.78470e-23  3.50018e-09  5.97314e+07  2.06873e-01  0.00000e+00
0505  9.78908e+18  1.77787e-23  3.48217e-09  5.97481e+07  2.06662e-01  0.00000e+00
0506  9.80648e+18  1.77108e-23  3.46428e-09  5.97646e+07  2.06451e-01  0.00000e+00
0507  9.82387e+18  1.76432e-23  3.44652e-09  5.97812e+07  2.06241e-01  0.00000e+00
0508  9.84126e+18  1.75761e-23  3.42888e-09  5.97977e+07  2.06031e-01  0.00000e+00
0509  9.85865e+18  1.75093e-23  3.41137e-09  5.98141e+07  2.05822e-01  0.00000e+00
0510  9.87605e+18  1.74429e-23  3.39397e-09  5.98304e+07  2.05613e-01  0.00000e+00
0511  9.89344e+18  1.73769e-23  3.37669e-09  5.98467e+07  2.05404e-01  0.00000e+00
0512  9.91083e+18  1.73112e-23  3.35953e-09  5.98630e+07  2.05196e-01  0.00000e+00
0513  9.92822e+18  1.72460e-23  3.34249e-09  5.98792e+07  2.04989e-01  0.00000e+00
0514  9.94562e+18  1.71811e-23  3.32557e-09  5.98953e+07  2.04782e-01  0.00000e+00
0515  9.96301e+18  1.71165e-23  3.30876e-09  5.99114e+07  2.04575e-01  0.00000e+00
0516  9.98040e+18  1.70524e-23  3.29207e-09  5.99275e+07  2.04369e-01  0.00000e+00
0517  9.99779e+18  1.69885e-23  3.27549e-09  5.99434e+07  2.04164e-01  0.00000e+00
0518  1.00152e+19  1.69251e-23  3.25902e-09  5.99594e+07  2.03959e-01  0.00000e+00
0519  1.00326e+19  1.68620e-23  3.24266e-09  5.99753e+07  2.03754e-01  0.00000e+00
0520  1.00500e+19  1.67992e-23  3.22642e-09  5.99911e+07  2.03550e-01  0.00000e+00
0521  1.00674e+19  1.67368e-23  3.21028e-09  6.00069e+07  2.03347e-01  0.00000e+00
0522  1.00848e+19  1.66748e-23  3.19426e-09  6.00226e+07  2.03144e-01  0.00000e+00
0523  1.01021e+19  1.66131e-23  3.17834e-09  6.00382e+07  2.02941e-01  0.00000e+00
0524  1.01195e+19  1.65517e-23  3.16253e-09  6.00539e+07  2.02739e-01  0.00000e+00
0525  1.01369e+19  1.64907e-23  3.14682e-09  6.00694e+07  2.02537e-01  0.00000e+00
0526  1.01543e+19  1.64300e-23  3.13122e-09  6.00849e+07  2.02336e-01  0.00000e+00
0527  1.01717e+19  1.63696e-23  3.11573e-09  6.01004e+07  2.02135e-01  0.00000e+00
0528  1.01891e+19  1.63096e-23  3.10033e-09  6.01158e+07  2.01935e-01  0.00000e+00
0529  1.02065e+19  1.62499e-23  3.08504e-09  6.01312e+07  2.01735e-01  0.00000e+00
0530  1.02239e+19  1.61905e-23  3.06986e-09  6.01465e+07  2.01536e-01  0.00000e+00
0531  1.02413e+19  1.61315e-23  3.05477e-09  6.01618e+07  2.01337e-01  0.00000e+00
0532  1.02587e+19  1.60728e-23  3.03978e-09  6.01770e+07  2.01138e-01  0.00000e+00
0533  1.02761e+19  1.60144e-23  3.02489e-09  6.01921e+07  2.00940e-01  0.00000e+00
0534  1.02935e+19  1.59563e-23  3.01010e-09  6.02073e+07  2.00743e-01  0.00000e+00
0535  1.03109e+19  1.58985e-23  2.99541e-09  6.02223e+07  2.00546e-01  0.00000e+00
0536  1.03283e+19  1.58411e-23  2.98082e-09  6.02373e+07  2.00349e-01  0.00000e+00
0537  1.03456e+19  1.57839e-23  2.96632e-09  6.02523e+07  2.00153e-01  0.00000e+00
0538  1.03630e+19  1.57271e-23  2.95191e-09  6.02672e+07  1.99957e-01  0.00000e+00
0539  1.03804e+19  1.56705e-23  2.93760e-09  6.02821e+07  1.99762e-01  0.00000e+00
0540  1.03978e+19  1.56143e-23  2.92339e-09  6.02969e+07  1.99567e-01  0.00000e+00
0541  1.04152e+19  1.55584e-23  2.90926e-09  6.03117e+07  1.99372e-01  0.00000e+00
0542  1.04326e+19  1.55028e-23  2.89523e-09  6.03264e+07  1.99178e-01  0.00000e+00
0543  1.04500e+19  1.54474e-23  2.88129e-09  6.03411e+07  1.98985e-01  0.00000e+00
0544  1.04674e+19  1.53924e-23  2.86744e-09  6.03558e+07  1.98792e-01  0.00000e+00
0545  1.04848e+19  1.53377e-23  2.85368e-09  6.03704e+07  1.98599e-01  0.00000e+00
0546  1.05022e+19  1.52832e-23  2.84001e-09  6.03849e+07  1.98407e-01  0.00000e+00
0547  1.05196e+19  1.52291e-23  2.82643e-09  6.03994e+07  1.98215e-01  0.00000e+00
0548  1.05370e+19  1.51752e-23  2.81293e-09  6.04139e+07  1.98023e-01  0.00000e+00
0549  1.05544e+19  1.51216e-23  2.79952e-09  6.04283e+07  1.97833e-01  0.00000e+00
0550  1.05717e+19  1.50683e-23  2.78620e-09  6.04426e+07  1.97642e-01  0.00000e+00
0551  1.05891e+19  1.50152e-23  2.77295e-09  6.04570e+07  1.97452e-01  0.00000e+00
0552  1.06065e+19  1.49628e-23  2.75987e-09  6.04712e+07  1.97263e-01  0.00000e+00
0553  1.06239e+19  1.49091e-23  2.74649e-09  6.04857e+07  1.97069e-01  0.00000e+00
0554  1.06413e+19  1.48618e-23  2.73473e-09  6.04986e+07  1.96898e-01  0.00000e+00
0555  1.06587e+19  1.47801e-23  2.71444e-09  6.05208e+07  1.96601e-01  0.00000e+00
