# Athena++ data at time=3.940000e+12  cycle=295996318  variables=uov 
# i       x1v         user_out_var0          user_out_var1          user_out_var2          user_out_var3          user_out_var4          user_out_var5      
0002  1.07548e+18  4.91743e+00  3.03478e+04  6.99990e-16  0.00000e+00  0.00000e+00  3.39500e-05
0003  1.09287e+18  1.05599e+01  4.04955e+04  4.25505e-17  0.00000e+00  0.00000e+00  3.28781e-05
0004  1.11027e+18  1.62399e+01  5.05802e+04  2.24690e-17  0.00000e+00  0.00000e+00  3.18561e-05
0005  1.12766e+18  2.43080e+01  6.51567e+04  3.52696e-17  0.00000e+00  0.00000e+00  3.08811e-05
0006  1.14505e+18  3.71195e+01  9.05372e+04  5.30081e-17  0.00000e+00  0.00000e+00  2.99501e-05
0007  1.16244e+18  5.42967e+01  1.25107e+05  4.24746e-17  0.00000e+00  0.00000e+00  2.90606e-05
0008  1.17983e+18  6.09612e+01  1.34499e+05  1.08066e-17  0.00000e+00  0.00000e+00  2.82102e-05
0009  1.19723e+18  6.59611e+01  1.41076e+05  1.22915e-17  0.00000e+00  0.00000e+00  2.73965e-05
0010  1.21462e+18  7.08201e+01  1.47164e+05  1.08971e-17  0.00000e+00  0.00000e+00  2.66176e-05
0011  1.23201e+18  7.39588e+01  1.49690e+05  6.36592e-18  0.00000e+00  0.00000e+00  2.58714e-05
0012  1.24940e+18  7.69065e+01  1.52090e+05  6.89683e-18  0.00000e+00  0.00000e+00  2.51561e-05
0013  1.26679e+18  7.98776e+01  1.54541e+05  6.80059e-18  0.00000e+00  0.00000e+00  2.44701e-05
0014  1.28419e+18  8.27832e+01  1.56971e+05  6.46259e-18  0.00000e+00  0.00000e+00  2.38118e-05
0015  1.30158e+18  8.55747e+01  1.59280e+05  5.95803e-18  0.00000e+00  0.00000e+00  2.31797e-05
0016  1.31897e+18  8.81004e+01  1.61184e+05  5.32008e-18  0.00000e+00  0.00000e+00  2.25724e-05
0017  1.33636e+18  9.05506e+01  1.63070e+05  5.20848e-18  0.00000e+00  0.00000e+00  2.19887e-05
0018  1.35375e+18  9.29554e+01  1.64961e+05  5.03012e-18  0.00000e+00  0.00000e+00  2.14273e-05
0019  1.37115e+18  9.52872e+01  1.66834e+05  4.60439e-18  0.00000e+00  0.00000e+00  2.08872e-05
0020  1.38854e+18  9.71471e+01  1.67936e+05 -1.92495e-16  0.00000e+00  0.00000e+00  2.03672e-05
0021  1.40593e+18  9.90456e+01  1.69272e+05  4.14039e-18  0.00000e+00  0.00000e+00  1.98665e-05
0022  1.42332e+18  1.01257e+02  1.71212e+05  4.39396e-18  0.00000e+00  0.00000e+00  1.93839e-05
0023  1.44071e+18  1.02997e+02  1.72380e+05  3.40360e-18  0.00000e+00  0.00000e+00  1.89187e-05
0024  1.45811e+18  1.04750e+02  1.73754e+05  3.63136e-18  0.00000e+00  0.00000e+00  1.84701e-05
0025  1.47550e+18  1.06507e+02  1.75176e+05  3.54208e-18  0.00000e+00  0.00000e+00  1.80373e-05
0026  1.49289e+18  1.08186e+02  1.76576e+05  3.38808e-18  0.00000e+00  0.00000e+00  1.76194e-05
0027  1.51028e+18  1.09774e+02  1.77942e+05  3.19519e-18  0.00000e+00  0.00000e+00  1.72160e-05
0028  1.52767e+18  1.11080e+02  1.79097e+05  2.73107e-18  0.00000e+00  0.00000e+00  1.68262e-05
0029  1.54507e+18  1.11853e+02  1.79783e+05  5.58159e-18  0.00000e+00  0.00000e+00  1.64495e-05
0030  1.56246e+18  3.18755e+02  5.40920e+05  5.83437e-16  0.00000e+00  0.00000e+00  1.60854e-05
0031  1.57985e+18  6.68557e+02  9.19358e+05  2.33338e-16  0.00000e+00  0.00000e+00  1.57331e-05
0032  1.59724e+18  8.81353e+02  1.17344e+06  1.54733e-16  0.00000e+00  0.00000e+00  1.53924e-05
0033  1.61463e+18  1.03881e+03  1.34934e+06  1.30642e-16  0.00000e+00  0.00000e+00  1.50626e-05
0034  1.63203e+18  1.17636e+03  1.49390e+06  1.18762e-16  0.00000e+00  0.00000e+00  1.47432e-05
0035  1.64942e+18  1.30527e+03  1.62085e+06  1.09018e-16  0.00000e+00  0.00000e+00  1.44340e-05
0036  1.66681e+18  1.42896e+03  1.73625e+06  1.00822e-16  0.00000e+00  0.00000e+00  1.41343e-05
0037  1.68420e+18  1.54796e+03  1.84070e+06  9.25621e-17  0.00000e+00  0.00000e+00  1.38439e-05
0038  1.70160e+18  1.66237e+03  1.93631e+06  8.54098e-17  0.00000e+00  0.00000e+00  1.35623e-05
0039  1.71899e+18  1.77208e+03  2.02279e+06  7.82997e-17  0.00000e+00  0.00000e+00  1.32893e-05
0040  1.73638e+18  1.87694e+03  2.10178e+06  7.23656e-17  0.00000e+00  0.00000e+00  1.30244e-05
0041  1.75377e+18  1.97814e+03  2.17415e+06  6.72414e-17  0.00000e+00  0.00000e+00  1.27674e-05
0042  1.77116e+18  2.07592e+03  2.24033e+06  6.24115e-17  0.00000e+00  0.00000e+00  1.25178e-05
0043  1.78856e+18  2.17000e+03  2.30084e+06  5.79396e-17  0.00000e+00  0.00000e+00  1.22756e-05
0044  1.80595e+18  2.26067e+03  2.35647e+06  5.40358e-17  0.00000e+00  0.00000e+00  1.20403e-05
0045  1.82334e+18  2.34828e+03  2.40748e+06  5.04218e-17  0.00000e+00  0.00000e+00  1.18117e-05
0046  1.84073e+18  2.43273e+03  2.45437e+06  4.70911e-17  0.00000e+00  0.00000e+00  1.15895e-05
0047  1.85813e+18  2.51402e+03  2.49755e+06  4.40305e-17  0.00000e+00  0.00000e+00  1.13736e-05
0050  1.87552e+18  2.59207e+03  2.53735e+06  4.12238e-17  0.00000e+00  0.00000e+00  1.11636e-05
0051  1.89291e+18  2.66716e+03  2.57431e+06  3.88179e-17  0.00000e+00  0.00000e+00  1.09594e-05
0052  1.91030e+18  2.74018e+03  2.60861e+06  3.67071e-17  0.00000e+00  0.00000e+00  1.07608e-05
0053  1.92769e+18  2.81157e+03  2.64026e+06  3.47212e-17  0.00000e+00  0.00000e+00  1.05675e-05
0054  1.94509e+18  2.88126e+03  2.66951e+06  3.28567e-17  0.00000e+00  0.00000e+00  1.03793e-05
0055  1.96248e+18  2.94925e+03  2.69651e+06  3.11086e-17  0.00000e+00  0.00000e+00  1.01962e-05
0056  1.97987e+18  3.01553e+03  2.72145e+06  2.94713e-17  0.00000e+00  0.00000e+00  1.00178e-05
0057  1.99726e+18  3.08005e+03  2.74450e+06  2.79389e-17  0.00000e+00  0.00000e+00  9.84411e-06
0058  2.01466e+18  3.14272e+03  2.76585e+06  2.65055e-17  0.00000e+00  0.00000e+00  9.67488e-06
0059  2.03205e+18  3.20357e+03  2.78575e+06  2.52121e-17  0.00000e+00  0.00000e+00  9.50998e-06
0060  2.04944e+18  3.26322e+03  2.80400e+06  2.39944e-17  0.00000e+00  0.00000e+00  9.34925e-06
0061  2.06683e+18  3.32160e+03  2.82077e+06  2.28476e-17  0.00000e+00  0.00000e+00  9.19257e-06
0062  2.08423e+18  3.37876e+03  2.83613e+06  2.17673e-17  0.00000e+00  0.00000e+00  9.03979e-06
0063  2.10162e+18  3.43473e+03  2.85016e+06  2.07496e-17  0.00000e+00  0.00000e+00  8.89079e-06
0064  2.11901e+18  3.48954e+03  2.86295e+06  1.97904e-17  0.00000e+00  0.00000e+00  8.74544e-06
0065  2.13640e+18  3.54323e+03  2.87457e+06  1.88861e-17  0.00000e+00  0.00000e+00  8.60363e-06
0066  2.15379e+18  3.59581e+03  2.88510e+06  1.80332e-17  0.00000e+00  0.00000e+00  8.46523e-06
0067  2.17119e+18  3.64733e+03  2.89459e+06  1.72284e-17  0.00000e+00  0.00000e+00  8.33016e-06
0068  2.18858e+18  3.69782e+03  2.90310e+06  1.64685e-17  0.00000e+00  0.00000e+00  8.19828e-06
0069  2.20597e+18  3.74723e+03  2.91075e+06  1.57509e-17  0.00000e+00  0.00000e+00  8.06952e-06
0070  2.22336e+18  3.79597e+03  2.91730e+06  1.50585e-17  0.00000e+00  0.00000e+00  7.94377e-06
0071  2.24076e+18  3.84321e+03  2.92348e+06  1.44729e-17  0.00000e+00  0.00000e+00  7.82093e-06
0072  2.25815e+18  3.88903e+03  2.92933e+06  1.39151e-17  0.00000e+00  0.00000e+00  7.70092e-06
0073  2.27554e+18  3.93365e+03  2.93478e+06  1.33833e-17  0.00000e+00  0.00000e+00  7.58365e-06
0074  2.29293e+18  3.97722e+03  2.93980e+06  1.28763e-17  0.00000e+00  0.00000e+00  7.46904e-06
0075  2.31033e+18  4.01986e+03  2.94435e+06  1.23925e-17  0.00000e+00  0.00000e+00  7.35701e-06
0076  2.32772e+18  4.06165e+03  2.94842e+06  1.19308e-17  0.00000e+00  0.00000e+00  7.24748e-06
0077  2.34511e+18  4.10266e+03  2.95201e+06  1.14900e-17  0.00000e+00  0.00000e+00  7.14038e-06
0078  2.36250e+18  4.14292e+03  2.95513e+06  1.10690e-17  0.00000e+00  0.00000e+00  7.03563e-06
0079  2.37989e+18  4.18248e+03  2.95780e+06  1.06669e-17  0.00000e+00  0.00000e+00  6.93317e-06
0080  2.39729e+18  4.22136e+03  2.96003e+06  1.02826e-17  0.00000e+00  0.00000e+00  6.83294e-06
0081  2.41468e+18  4.25960e+03  2.96182e+06  9.91534e-18  0.00000e+00  0.00000e+00  6.73486e-06
0082  2.43207e+18  4.29721e+03  2.96321e+06  9.56414e-18  0.00000e+00  0.00000e+00  6.63888e-06
0083  2.44946e+18  4.33421e+03  2.96420e+06  9.22822e-18  0.00000e+00  0.00000e+00  6.54493e-06
0084  2.46686e+18  4.37062e+03  2.96481e+06  8.90683e-18  0.00000e+00  0.00000e+00  6.45297e-06
0085  2.48425e+18  4.40646e+03  2.96507e+06  8.59924e-18  0.00000e+00  0.00000e+00  6.36293e-06
0086  2.50164e+18  4.44174e+03  2.96497e+06  8.30477e-18  0.00000e+00  0.00000e+00  6.27476e-06
0087  2.51903e+18  4.47648e+03  2.96455e+06  8.02276e-18  0.00000e+00  0.00000e+00  6.18842e-06
0088  2.53643e+18  4.51069e+03  2.96381e+06  7.75260e-18  0.00000e+00  0.00000e+00  6.10384e-06
0089  2.55382e+18  4.54439e+03  2.96276e+06  7.49371e-18  0.00000e+00  0.00000e+00  6.02098e-06
0090  2.57121e+18  4.57757e+03  2.96145e+06  7.24946e-18  0.00000e+00  0.00000e+00  5.93980e-06
0091  2.58860e+18  4.61022e+03  2.95990e+06  7.01630e-18  0.00000e+00  0.00000e+00  5.86026e-06
0092  2.60600e+18  4.64237e+03  2.95813e+06  6.79239e-18  0.00000e+00  0.00000e+00  5.78229e-06
0093  2.62339e+18  4.67403e+03  2.95614e+06  6.57728e-18  0.00000e+00  0.00000e+00  5.70588e-06
0094  2.64078e+18  4.70521e+03  2.95394e+06  6.37058e-18  0.00000e+00  0.00000e+00  5.63097e-06
0095  2.65817e+18  4.73593e+03  2.95153e+06  6.17191e-18  0.00000e+00  0.00000e+00  5.55752e-06
0096  2.67557e+18  4.76620e+03  2.94894e+06  5.98089e-18  0.00000e+00  0.00000e+00  5.48550e-06
0097  2.69296e+18  4.79603e+03  2.94616e+06  5.79718e-18  0.00000e+00  0.00000e+00  5.41488e-06
0098  2.71035e+18  4.82544e+03  2.94320e+06  5.62046e-18  0.00000e+00  0.00000e+00  5.34560e-06
0099  2.72774e+18  4.85443e+03  2.94006e+06  5.45042e-18  0.00000e+00  0.00000e+00  5.27765e-06
0100  2.74513e+18  4.88302e+03  2.93677e+06  5.28674e-18  0.00000e+00  0.00000e+00  5.21099e-06
0101  2.76253e+18  4.91121e+03  2.93331e+06  5.12917e-18  0.00000e+00  0.00000e+00  5.14558e-06
0102  2.77992e+18  4.93902e+03  2.92971e+06  4.97742e-18  0.00000e+00  0.00000e+00  5.08140e-06
0103  2.79731e+18  4.96645e+03  2.92596e+06  4.83125e-18  0.00000e+00  0.00000e+00  5.01841e-06
0104  2.81470e+18  4.99351e+03  2.92208e+06  4.69040e-18  0.00000e+00  0.00000e+00  4.95658e-06
0105  2.83210e+18  5.02021e+03  2.91806e+06  4.55466e-18  0.00000e+00  0.00000e+00  4.89589e-06
0106  2.84949e+18  5.04656e+03  2.91392e+06  4.42380e-18  0.00000e+00  0.00000e+00  4.83630e-06
0107  2.86688e+18  5.07256e+03  2.90966e+06  4.29762e-18  0.00000e+00  0.00000e+00  4.77780e-06
0108  2.88427e+18  5.09822e+03  2.90529e+06  4.17592e-18  0.00000e+00  0.00000e+00  4.72035e-06
0109  2.90167e+18  5.12356e+03  2.90081e+06  4.05850e-18  0.00000e+00  0.00000e+00  4.66394e-06
0110  2.91906e+18  5.14857e+03  2.89622e+06  3.94520e-18  0.00000e+00  0.00000e+00  4.60853e-06
0111  2.93645e+18  5.17326e+03  2.89154e+06  3.83584e-18  0.00000e+00  0.00000e+00  4.55409e-06
0112  2.95384e+18  5.19765e+03  2.88676e+06  3.73025e-18  0.00000e+00  0.00000e+00  4.50062e-06
0113  2.97124e+18  5.22173e+03  2.88190e+06  3.62828e-18  0.00000e+00  0.00000e+00  4.44809e-06
0114  2.98863e+18  5.24551e+03  2.87695e+06  3.52979e-18  0.00000e+00  0.00000e+00  4.39647e-06
0115  3.00602e+18  5.26899e+03  2.87192e+06  3.43463e-18  0.00000e+00  0.00000e+00  4.34574e-06
0116  3.02341e+18  5.29220e+03  2.86681e+06  3.34267e-18  0.00000e+00  0.00000e+00  4.29588e-06
0117  3.04081e+18  5.31511e+03  2.86163e+06  3.25378e-18  0.00000e+00  0.00000e+00  4.24688e-06
0118  3.05820e+18  5.33776e+03  2.85639e+06  3.16784e-18  0.00000e+00  0.00000e+00  4.19872e-06
0119  3.07559e+18  5.36013e+03  2.85108e+06  3.08473e-18  0.00000e+00  0.00000e+00  4.15136e-06
0120  3.09298e+18  5.38224e+03  2.84570e+06  3.00435e-18  0.00000e+00  0.00000e+00  4.10481e-06
0121  3.11037e+18  5.40408e+03  2.84027e+06  2.92658e-18  0.00000e+00  0.00000e+00  4.05903e-06
0122  3.12777e+18  5.42567e+03  2.83479e+06  2.85132e-18  0.00000e+00  0.00000e+00  4.01401e-06
0123  3.14516e+18  5.44701e+03  2.82925e+06  2.77847e-18  0.00000e+00  0.00000e+00  3.96974e-06
0124  3.16255e+18  5.46810e+03  2.82368e+06  2.70796e-18  0.00000e+00  0.00000e+00  3.92620e-06
0125  3.17994e+18  5.48897e+03  2.81802e+06  2.63650e-18  0.00000e+00  0.00000e+00  3.88337e-06
0126  3.19734e+18  5.50958e+03  2.81234e+06  2.57332e-18  0.00000e+00  0.00000e+00  3.84123e-06
0127  3.21473e+18  5.52995e+03  2.80664e+06  2.51200e-18  0.00000e+00  0.00000e+00  3.79978e-06
0128  3.23212e+18  5.55008e+03  2.80093e+06  2.45248e-18  0.00000e+00  0.00000e+00  3.75900e-06
0129  3.24951e+18  5.56996e+03  2.79521e+06  2.39469e-18  0.00000e+00  0.00000e+00  3.71887e-06
0130  3.26691e+18  5.58961e+03  2.78948e+06  2.33859e-18  0.00000e+00  0.00000e+00  3.67938e-06
0131  3.28430e+18  5.60903e+03  2.78375e+06  2.28410e-18  0.00000e+00  0.00000e+00  3.64051e-06
0132  3.30169e+18  5.62823e+03  2.77800e+06  2.23118e-18  0.00000e+00  0.00000e+00  3.60226e-06
0133  3.31908e+18  5.64721e+03  2.77225e+06  2.17978e-18  0.00000e+00  0.00000e+00  3.56460e-06
0134  3.33648e+18  5.66597e+03  2.76649e+06  2.12983e-18  0.00000e+00  0.00000e+00  3.52754e-06
0135  3.35387e+18  5.68453e+03  2.76073e+06  2.08130e-18  0.00000e+00  0.00000e+00  3.49104e-06
0136  3.37126e+18  5.70287e+03  2.75496e+06  2.03414e-18  0.00000e+00  0.00000e+00  3.45512e-06
0137  3.38865e+18  5.72102e+03  2.74919e+06  1.98829e-18  0.00000e+00  0.00000e+00  3.41974e-06
0138  3.40605e+18  5.73897e+03  2.74341e+06  1.94372e-18  0.00000e+00  0.00000e+00  3.38491e-06
0139  3.42344e+18  5.75672e+03  2.73762e+06  1.90039e-18  0.00000e+00  0.00000e+00  3.35060e-06
0140  3.44083e+18  5.77429e+03  2.73184e+06  1.85825e-18  0.00000e+00  0.00000e+00  3.31681e-06
0141  3.45822e+18  5.79166e+03  2.72605e+06  1.81727e-18  0.00000e+00  0.00000e+00  3.28353e-06
0142  3.47562e+18  5.80886e+03  2.72026e+06  1.77741e-18  0.00000e+00  0.00000e+00  3.25075e-06
0143  3.49301e+18  5.82587e+03  2.71447e+06  1.73862e-18  0.00000e+00  0.00000e+00  3.21846e-06
0144  3.51040e+18  5.84271e+03  2.70868e+06  1.70089e-18  0.00000e+00  0.00000e+00  3.18665e-06
0145  3.52779e+18  5.85938e+03  2.70288e+06  1.66417e-18  0.00000e+00  0.00000e+00  3.15531e-06
0146  3.54519e+18  5.87587e+03  2.69709e+06  1.62843e-18  0.00000e+00  0.00000e+00  3.12442e-06
0147  3.56258e+18  5.89220e+03  2.69130e+06  1.59364e-18  0.00000e+00  0.00000e+00  3.09399e-06
0148  3.57997e+18  5.90836e+03  2.68551e+06  1.55978e-18  0.00000e+00  0.00000e+00  3.06400e-06
0149  3.59736e+18  5.92436e+03  2.67973e+06  1.52680e-18  0.00000e+00  0.00000e+00  3.03444e-06
0150  3.61476e+18  5.94021e+03  2.67394e+06  1.49469e-18  0.00000e+00  0.00000e+00  3.00531e-06
0151  3.63215e+18  5.95589e+03  2.66816e+06  1.46342e-18  0.00000e+00  0.00000e+00  2.97660e-06
0152  3.64954e+18  5.97143e+03  2.66238e+06  1.43296e-18  0.00000e+00  0.00000e+00  2.94830e-06
0153  3.66693e+18  5.98681e+03  2.65661e+06  1.40328e-18  0.00000e+00  0.00000e+00  2.92040e-06
0154  3.68432e+18  6.00204e+03  2.65084e+06  1.37437e-18  0.00000e+00  0.00000e+00  2.89289e-06
0155  3.70172e+18  6.01713e+03  2.64508e+06  1.34620e-18  0.00000e+00  0.00000e+00  2.86577e-06
0156  3.71911e+18  6.03208e+03  2.63933e+06  1.31874e-18  0.00000e+00  0.00000e+00  2.83903e-06
0157  3.73650e+18  6.04688e+03  2.63358e+06  1.29198e-18  0.00000e+00  0.00000e+00  2.81266e-06
0158  3.75389e+18  6.06154e+03  2.62783e+06  1.26589e-18  0.00000e+00  0.00000e+00  2.78666e-06
0159  3.77129e+18  6.07607e+03  2.62210e+06  1.24046e-18  0.00000e+00  0.00000e+00  2.76101e-06
0160  3.78868e+18  6.09046e+03  2.61637e+06  1.21566e-18  0.00000e+00  0.00000e+00  2.73572e-06
0161  3.80607e+18  6.10472e+03  2.61065e+06  1.19148e-18  0.00000e+00  0.00000e+00  2.71078e-06
0162  3.82346e+18  6.11885e+03  2.60493e+06  1.16789e-18  0.00000e+00  0.00000e+00  2.68617e-06
0163  3.84086e+18  6.13285e+03  2.59923e+06  1.14489e-18  0.00000e+00  0.00000e+00  2.66190e-06
0164  3.85825e+18  6.14672e+03  2.59353e+06  1.12244e-18  0.00000e+00  0.00000e+00  2.63795e-06
0165  3.87564e+18  6.16046e+03  2.58785e+06  1.10055e-18  0.00000e+00  0.00000e+00  2.61433e-06
0166  3.89303e+18  6.17409e+03  2.58217e+06  1.07918e-18  0.00000e+00  0.00000e+00  2.59102e-06
0167  3.91043e+18  6.18759e+03  2.57651e+06  1.05833e-18  0.00000e+00  0.00000e+00  2.56803e-06
0168  3.92782e+18  6.20097e+03  2.57085e+06  1.03798e-18  0.00000e+00  0.00000e+00  2.54533e-06
0169  3.94521e+18  6.21424e+03  2.56521e+06  1.01812e-18  0.00000e+00  0.00000e+00  2.52294e-06
0170  3.96260e+18  6.22739e+03  2.55958e+06  9.98731e-19  0.00000e+00  0.00000e+00  2.50084e-06
0171  3.98000e+18  6.24042e+03  2.55395e+06  9.79800e-19  0.00000e+00  0.00000e+00  2.47903e-06
0172  3.99739e+18  6.25334e+03  2.54834e+06  9.61315e-19  0.00000e+00  0.00000e+00  2.45751e-06
0173  4.01478e+18  6.26615e+03  2.54275e+06  9.43264e-19  0.00000e+00  0.00000e+00  2.43626e-06
0174  4.03217e+18  6.27885e+03  2.53716e+06  9.25130e-19  0.00000e+00  0.00000e+00  2.41529e-06
0175  4.04957e+18  6.29144e+03  2.53158e+06  9.07896e-19  0.00000e+00  0.00000e+00  2.39459e-06
0176  4.06696e+18  6.30393e+03  2.52601e+06  8.91061e-19  0.00000e+00  0.00000e+00  2.37415e-06
0177  4.08435e+18  6.31631e+03  2.52045e+06  8.74614e-19  0.00000e+00  0.00000e+00  2.35397e-06
0178  4.10174e+18  6.32859e+03  2.51491e+06  8.58545e-19  0.00000e+00  0.00000e+00  2.33405e-06
0179  4.11914e+18  6.34077e+03  2.50938e+06  8.42843e-19  0.00000e+00  0.00000e+00  2.31438e-06
0180  4.13653e+18  6.35285e+03  2.50386e+06  8.27497e-19  0.00000e+00  0.00000e+00  2.29496e-06
0181  4.15392e+18  6.36483e+03  2.49836e+06  8.12500e-19  0.00000e+00  0.00000e+00  2.27578e-06
0182  4.17131e+18  6.37671e+03  2.49287e+06  7.97840e-19  0.00000e+00  0.00000e+00  2.25685e-06
0183  4.18871e+18  6.38850e+03  2.48739e+06  7.83509e-19  0.00000e+00  0.00000e+00  2.23814e-06
0184  4.20610e+18  6.40019e+03  2.48193e+06  7.69499e-19  0.00000e+00  0.00000e+00  2.21967e-06
0185  4.22349e+18  6.41178e+03  2.47648e+06  7.55801e-19  0.00000e+00  0.00000e+00  2.20143e-06
0186  4.24088e+18  6.42328e+03  2.47105e+06  7.42406e-19  0.00000e+00  0.00000e+00  2.18341e-06
0187  4.25828e+18  6.43469e+03  2.46563e+06  7.29306e-19  0.00000e+00  0.00000e+00  2.16561e-06
0188  4.27567e+18  6.44601e+03  2.46022e+06  7.16494e-19  0.00000e+00  0.00000e+00  2.14803e-06
0189  4.29306e+18  6.45723e+03  2.45484e+06  7.03963e-19  0.00000e+00  0.00000e+00  2.13066e-06
0190  4.31045e+18  6.46837e+03  2.44946e+06  6.91704e-19  0.00000e+00  0.00000e+00  2.11350e-06
0191  4.32785e+18  6.47941e+03  2.44411e+06  6.79711e-19  0.00000e+00  0.00000e+00  2.09654e-06
0192  4.34524e+18  6.49037e+03  2.43876e+06  6.67977e-19  0.00000e+00  0.00000e+00  2.07979e-06
0193  4.36263e+18  6.50125e+03  2.43344e+06  6.56496e-19  0.00000e+00  0.00000e+00  2.06324e-06
0194  4.38002e+18  6.51204e+03  2.42813e+06  6.45259e-19  0.00000e+00  0.00000e+00  2.04689e-06
0195  4.39742e+18  6.52275e+03  2.42283e+06  6.34263e-19  0.00000e+00  0.00000e+00  2.03073e-06
0196  4.41481e+18  6.53338e+03  2.41755e+06  6.23499e-19  0.00000e+00  0.00000e+00  2.01476e-06
0197  4.43220e+18  6.54393e+03  2.41229e+06  6.12963e-19  0.00000e+00  0.00000e+00  1.99898e-06
0198  4.44959e+18  6.55439e+03  2.40704e+06  6.02649e-19  0.00000e+00  0.00000e+00  1.98339e-06
0199  4.46699e+18  6.56478e+03  2.40181e+06  5.92550e-19  0.00000e+00  0.00000e+00  1.96797e-06
0200  4.48438e+18  6.57509e+03  2.39659e+06  5.82663e-19  0.00000e+00  0.00000e+00  1.95273e-06
0201  4.50177e+18  6.58533e+03  2.39139e+06  5.72981e-19  0.00000e+00  0.00000e+00  1.93768e-06
0202  4.51916e+18  6.59548e+03  2.38620e+06  5.63518e-19  0.00000e+00  0.00000e+00  1.92279e-06
0203  4.53655e+18  6.60557e+03  2.38104e+06  5.54312e-19  0.00000e+00  0.00000e+00  1.90807e-06
0204  4.55395e+18  6.61557e+03  2.37589e+06  5.45293e-19  0.00000e+00  0.00000e+00  1.89353e-06
0205  4.57134e+18  6.62550e+03  2.37076e+06  5.36456e-19  0.00000e+00  0.00000e+00  1.87915e-06
0206  4.58873e+18  6.63536e+03  2.36565e+06  5.27798e-19  0.00000e+00  0.00000e+00  1.86493e-06
0207  4.60612e+18  6.64515e+03  2.36055e+06  5.19313e-19  0.00000e+00  0.00000e+00  1.85087e-06
0208  4.62352e+18  6.65487e+03  2.35547e+06  5.10998e-19  0.00000e+00  0.00000e+00  1.83697e-06
0209  4.64091e+18  6.66451e+03  2.35041e+06  5.02849e-19  0.00000e+00  0.00000e+00  1.82323e-06
0210  4.65830e+18  6.67409e+03  2.34537e+06  4.94861e-19  0.00000e+00  0.00000e+00  1.80964e-06
0211  4.67569e+18  6.68359e+03  2.34035e+06  4.87031e-19  0.00000e+00  0.00000e+00  1.79620e-06
0212  4.69309e+18  6.69303e+03  2.33534e+06  4.79355e-19  0.00000e+00  0.00000e+00  1.78291e-06
0213  4.71048e+18  6.70240e+03  2.33035e+06  4.71830e-19  0.00000e+00  0.00000e+00  1.76977e-06
0214  4.72787e+18  6.71171e+03  2.32538e+06  4.64451e-19  0.00000e+00  0.00000e+00  1.75678e-06
0215  4.74526e+18  6.72095e+03  2.32043e+06  4.57217e-19  0.00000e+00  0.00000e+00  1.74392e-06
0216  4.76266e+18  6.73012e+03  2.31549e+06  4.50122e-19  0.00000e+00  0.00000e+00  1.73121e-06
0217  4.78005e+18  6.73923e+03  2.31058e+06  4.43164e-19  0.00000e+00  0.00000e+00  1.71863e-06
0218  4.79744e+18  6.74828e+03  2.30568e+06  4.36341e-19  0.00000e+00  0.00000e+00  1.70619e-06
0219  4.81483e+18  6.75726e+03  2.30079e+06  4.29647e-19  0.00000e+00  0.00000e+00  1.69389e-06
0220  4.83223e+18  6.76618e+03  2.29593e+06  4.23082e-19  0.00000e+00  0.00000e+00  1.68172e-06
0221  4.84962e+18  6.77504e+03  2.29108e+06  4.16642e-19  0.00000e+00  0.00000e+00  1.66968e-06
0222  4.86701e+18  6.78384e+03  2.28625e+06  4.10323e-19  0.00000e+00  0.00000e+00  1.65776e-06
0223  4.88440e+18  6.79258e+03  2.28144e+06  4.04124e-19  0.00000e+00  0.00000e+00  1.64598e-06
0224  4.90180e+18  6.80126e+03  2.27664e+06  3.98041e-19  0.00000e+00  0.00000e+00  1.63432e-06
0225  4.91919e+18  6.80988e+03  2.27187e+06  3.92073e-19  0.00000e+00  0.00000e+00  1.62278e-06
0226  4.93658e+18  6.81845e+03  2.26711e+06  3.86215e-19  0.00000e+00  0.00000e+00  1.61137e-06
0227  4.95397e+18  6.82695e+03  2.26236e+06  3.80467e-19  0.00000e+00  0.00000e+00  1.60007e-06
0228  4.97137e+18  6.83540e+03  2.25764e+06  3.74825e-19  0.00000e+00  0.00000e+00  1.58890e-06
0229  4.98876e+18  6.84379e+03  2.25293e+06  3.69287e-19  0.00000e+00  0.00000e+00  1.57784e-06
0230  5.00615e+18  6.85213e+03  2.24824e+06  3.63852e-19  0.00000e+00  0.00000e+00  1.56689e-06
0231  5.02354e+18  6.86042e+03  2.24356e+06  3.58515e-19  0.00000e+00  0.00000e+00  1.55606e-06
0232  5.04094e+18  6.86864e+03  2.23891e+06  3.53276e-19  0.00000e+00  0.00000e+00  1.54534e-06
0233  5.05833e+18  6.87682e+03  2.23427e+06  3.48133e-19  0.00000e+00  0.00000e+00  1.53474e-06
0234  5.07572e+18  6.88494e+03  2.22965e+06  3.43083e-19  0.00000e+00  0.00000e+00  1.52424e-06
0235  5.09311e+18  6.89301e+03  2.22504e+06  3.38124e-19  0.00000e+00  0.00000e+00  1.51384e-06
0236  5.11051e+18  6.90103e+03  2.22045e+06  3.33254e-19  0.00000e+00  0.00000e+00  1.50356e-06
0237  5.12790e+18  6.90899e+03  2.21588e+06  3.28471e-19  0.00000e+00  0.00000e+00  1.49337e-06
0238  5.14529e+18  6.91691e+03  2.21132e+06  3.23775e-19  0.00000e+00  0.00000e+00  1.48330e-06
0239  5.16268e+18  6.92477e+03  2.20679e+06  3.19161e-19  0.00000e+00  0.00000e+00  1.47332e-06
0240  5.18008e+18  6.93258e+03  2.20226e+06  3.14630e-19  0.00000e+00  0.00000e+00  1.46344e-06
0241  5.19747e+18  6.94035e+03  2.19776e+06  3.10178e-19  0.00000e+00  0.00000e+00  1.45366e-06
0242  5.21486e+18  6.94806e+03  2.19327e+06  3.05806e-19  0.00000e+00  0.00000e+00  1.44398e-06
0243  5.23225e+18  6.95573e+03  2.18880e+06  3.01510e-19  0.00000e+00  0.00000e+00  1.43440e-06
0244  5.24965e+18  6.96335e+03  2.18434e+06  2.97289e-19  0.00000e+00  0.00000e+00  1.42491e-06
0245  5.26704e+18  6.97092e+03  2.17991e+06  2.93141e-19  0.00000e+00  0.00000e+00  1.41552e-06
0246  5.28443e+18  6.97844e+03  2.17548e+06  2.89066e-19  0.00000e+00  0.00000e+00  1.40621e-06
0247  5.30182e+18  6.98592e+03  2.17108e+06  2.85061e-19  0.00000e+00  0.00000e+00  1.39700e-06
0248  5.31922e+18  6.99335e+03  2.16669e+06  2.81126e-19  0.00000e+00  0.00000e+00  1.38788e-06
0249  5.33661e+18  7.00074e+03  2.16231e+06  2.77258e-19  0.00000e+00  0.00000e+00  1.37885e-06
0250  5.35400e+18  7.00808e+03  2.15796e+06  2.73455e-19  0.00000e+00  0.00000e+00  1.36991e-06
0251  5.37139e+18  7.01537e+03  2.15361e+06  2.69717e-19  0.00000e+00  0.00000e+00  1.36105e-06
0252  5.38879e+18  7.02262e+03  2.14929e+06  2.66043e-19  0.00000e+00  0.00000e+00  1.35228e-06
0253  5.40618e+18  7.02983e+03  2.14498e+06  2.62431e-19  0.00000e+00  0.00000e+00  1.34359e-06
0254  5.42357e+18  7.03700e+03  2.14069e+06  2.58880e-19  0.00000e+00  0.00000e+00  1.33499e-06
0255  5.44096e+18  7.04412e+03  2.13641e+06  2.55389e-19  0.00000e+00  0.00000e+00  1.32647e-06
0256  5.45836e+18  7.05120e+03  2.13214e+06  2.51956e-19  0.00000e+00  0.00000e+00  1.31803e-06
0257  5.47575e+18  7.05823e+03  2.12790e+06  2.48581e-19  0.00000e+00  0.00000e+00  1.30967e-06
0258  5.49314e+18  7.06523e+03  2.12367e+06  2.45263e-19  0.00000e+00  0.00000e+00  1.30139e-06
0259  5.51053e+18  7.07218e+03  2.11945e+06  2.42000e-19  0.00000e+00  0.00000e+00  1.29318e-06
0260  5.52793e+18  7.07909e+03  2.11525e+06  2.38790e-19  0.00000e+00  0.00000e+00  1.28506e-06
0261  5.54532e+18  7.08596e+03  2.11106e+06  2.35634e-19  0.00000e+00  0.00000e+00  1.27701e-06
0262  5.56271e+18  7.09279e+03  2.10689e+06  2.32530e-19  0.00000e+00  0.00000e+00  1.26904e-06
0263  5.58010e+18  7.09958e+03  2.10274e+06  2.29477e-19  0.00000e+00  0.00000e+00  1.26114e-06
0264  5.59750e+18  7.10633e+03  2.09860e+06  2.26474e-19  0.00000e+00  0.00000e+00  1.25331e-06
0265  5.61489e+18  7.11303e+03  2.09448e+06  2.23520e-19  0.00000e+00  0.00000e+00  1.24556e-06
0266  5.63228e+18  7.11970e+03  2.09037e+06  2.20614e-19  0.00000e+00  0.00000e+00  1.23788e-06
0267  5.64967e+18  7.12632e+03  2.08627e+06  2.17755e-19  0.00000e+00  0.00000e+00  1.23027e-06
0268  5.66707e+18  7.13291e+03  2.08219e+06  2.14942e-19  0.00000e+00  0.00000e+00  1.22273e-06
0269  5.68446e+18  7.13946e+03  2.07813e+06  2.12175e-19  0.00000e+00  0.00000e+00  1.21526e-06
0270  5.70185e+18  7.14597e+03  2.07408e+06  2.09452e-19  0.00000e+00  0.00000e+00  1.20786e-06
0271  5.71924e+18  7.15245e+03  2.07005e+06  2.06772e-19  0.00000e+00  0.00000e+00  1.20052e-06
0272  5.73664e+18  7.15889e+03  2.06603e+06  2.04135e-19  0.00000e+00  0.00000e+00  1.19325e-06
0273  5.75403e+18  7.16529e+03  2.06203e+06  2.01541e-19  0.00000e+00  0.00000e+00  1.18605e-06
0274  5.77142e+18  7.17166e+03  2.05804e+06  1.98987e-19  0.00000e+00  0.00000e+00  1.17891e-06
0275  5.78881e+18  7.17799e+03  2.05406e+06  1.96473e-19  0.00000e+00  0.00000e+00  1.17184e-06
0276  5.80620e+18  7.18429e+03  2.05010e+06  1.94000e-19  0.00000e+00  0.00000e+00  1.16483e-06
0277  5.82360e+18  7.19055e+03  2.04616e+06  1.91564e-19  0.00000e+00  0.00000e+00  1.15788e-06
0278  5.84099e+18  7.19678e+03  2.04223e+06  1.89168e-19  0.00000e+00  0.00000e+00  1.15100e-06
0279  5.85838e+18  7.20298e+03  2.03831e+06  1.86808e-19  0.00000e+00  0.00000e+00  1.14417e-06
0280  5.87577e+18  7.20913e+03  2.03441e+06  1.84485e-19  0.00000e+00  0.00000e+00  1.13741e-06
0281  5.89317e+18  7.21526e+03  2.03052e+06  1.82198e-19  0.00000e+00  0.00000e+00  1.13071e-06
0282  5.91056e+18  7.22135e+03  2.02665e+06  1.79947e-19  0.00000e+00  0.00000e+00  1.12406e-06
0283  5.92795e+18  7.22740e+03  2.02279e+06  1.77730e-19  0.00000e+00  0.00000e+00  1.11748e-06
0284  5.94534e+18  7.23343e+03  2.01894e+06  1.75548e-19  0.00000e+00  0.00000e+00  1.11095e-06
0285  5.96274e+18  7.23942e+03  2.01511e+06  1.73398e-19  0.00000e+00  0.00000e+00  1.10448e-06
0286  5.98013e+18  7.24537e+03  2.01130e+06  1.71282e-19  0.00000e+00  0.00000e+00  1.09806e-06
0287  5.99752e+18  7.25130e+03  2.00749e+06  1.69198e-19  0.00000e+00  0.00000e+00  1.09170e-06
0288  6.01491e+18  7.25719e+03  2.00370e+06  1.67145e-19  0.00000e+00  0.00000e+00  1.08540e-06
0289  6.03231e+18  7.26305e+03  1.99993e+06  1.65124e-19  0.00000e+00  0.00000e+00  1.07915e-06
0290  6.04970e+18  7.26888e+03  1.99616e+06  1.63133e-19  0.00000e+00  0.00000e+00  1.07295e-06
0291  6.06709e+18  7.27468e+03  1.99241e+06  1.61171e-19  0.00000e+00  0.00000e+00  1.06681e-06
0292  6.08448e+18  7.28044e+03  1.98868e+06  1.59240e-19  0.00000e+00  0.00000e+00  1.06072e-06
0293  6.10188e+18  7.28618e+03  1.98496e+06  1.57337e-19  0.00000e+00  0.00000e+00  1.05468e-06
0294  6.11927e+18  7.29189e+03  1.98125e+06  1.55462e-19  0.00000e+00  0.00000e+00  1.04869e-06
0295  6.13666e+18  7.29756e+03  1.97755e+06  1.53616e-19  0.00000e+00  0.00000e+00  1.04276e-06
0296  6.15405e+18  7.30321e+03  1.97387e+06  1.51797e-19  0.00000e+00  0.00000e+00  1.03687e-06
0297  6.17145e+18  7.30882e+03  1.97020e+06  1.50004e-19  0.00000e+00  0.00000e+00  1.03104e-06
0298  6.18884e+18  7.31441e+03  1.96655e+06  1.48238e-19  0.00000e+00  0.00000e+00  1.02525e-06
0299  6.20623e+18  7.31996e+03  1.96291e+06  1.46498e-19  0.00000e+00  0.00000e+00  1.01951e-06
0300  6.22362e+18  7.32549e+03  1.95928e+06  1.44784e-19  0.00000e+00  0.00000e+00  1.01382e-06
0301  6.24102e+18  7.33099e+03  1.95566e+06  1.43094e-19  0.00000e+00  0.00000e+00  1.00818e-06
0302  6.25841e+18  7.33646e+03  1.95206e+06  1.41429e-19  0.00000e+00  0.00000e+00  1.00258e-06
0303  6.27580e+18  7.34190e+03  1.94847e+06  1.39789e-19  0.00000e+00  0.00000e+00  9.97032e-07
0304  6.29319e+18  7.34732e+03  1.94489e+06  1.38172e-19  0.00000e+00  0.00000e+00  9.91529e-07
0305  6.31059e+18  7.35270e+03  1.94133e+06  1.36578e-19  0.00000e+00  0.00000e+00  9.86071e-07
0306  6.32798e+18  7.35806e+03  1.93778e+06  1.35007e-19  0.00000e+00  0.00000e+00  9.80658e-07
0307  6.34537e+18  7.36340e+03  1.93424e+06  1.33459e-19  0.00000e+00  0.00000e+00  9.75289e-07
0308  6.36276e+18  7.36870e+03  1.93071e+06  1.31933e-19  0.00000e+00  0.00000e+00  9.69965e-07
0309  6.38016e+18  7.37398e+03  1.92720e+06  1.30429e-19  0.00000e+00  0.00000e+00  9.64684e-07
0310  6.39755e+18  7.37923e+03  1.92370e+06  1.28946e-19  0.00000e+00  0.00000e+00  9.59445e-07
0311  6.41494e+18  7.38445e+03  1.92021e+06  1.27484e-19  0.00000e+00  0.00000e+00  9.54250e-07
0312  6.43233e+18  7.38965e+03  1.91674e+06  1.26043e-19  0.00000e+00  0.00000e+00  9.49097e-07
0313  6.44973e+18  7.39482e+03  1.91327e+06  1.24622e-19  0.00000e+00  0.00000e+00  9.43985e-07
0314  6.46712e+18  7.39997e+03  1.90982e+06  1.23221e-19  0.00000e+00  0.00000e+00  9.38914e-07
0315  6.48451e+18  7.40509e+03  1.90638e+06  1.21840e-19  0.00000e+00  0.00000e+00  9.33884e-07
0316  6.50190e+18  7.41019e+03  1.90296e+06  1.20478e-19  0.00000e+00  0.00000e+00  9.28895e-07
0317  6.51930e+18  7.41526e+03  1.89954e+06  1.19135e-19  0.00000e+00  0.00000e+00  9.23945e-07
0318  6.53669e+18  7.42030e+03  1.89614e+06  1.17811e-19  0.00000e+00  0.00000e+00  9.19035e-07
0319  6.55408e+18  7.42532e+03  1.89275e+06  1.16505e-19  0.00000e+00  0.00000e+00  9.14164e-07
0320  6.57147e+18  7.43032e+03  1.88938e+06  1.15217e-19  0.00000e+00  0.00000e+00  9.09331e-07
0321  6.58887e+18  7.43529e+03  1.88601e+06  1.13947e-19  0.00000e+00  0.00000e+00  9.04537e-07
0322  6.60626e+18  7.44024e+03  1.88266e+06  1.12694e-19  0.00000e+00  0.00000e+00  8.99780e-07
0323  6.62365e+18  7.44516e+03  1.87931e+06  1.11459e-19  0.00000e+00  0.00000e+00  8.95061e-07
0324  6.64104e+18  7.45006e+03  1.87598e+06  1.10240e-19  0.00000e+00  0.00000e+00  8.90379e-07
0325  6.65844e+18  7.45493e+03  1.87267e+06  1.09039e-19  0.00000e+00  0.00000e+00  8.85733e-07
0326  6.67583e+18  7.45979e+03  1.86936e+06  1.07853e-19  0.00000e+00  0.00000e+00  8.81124e-07
0327  6.69322e+18  7.46462e+03  1.86606e+06  1.06684e-19  0.00000e+00  0.00000e+00  8.76551e-07
0328  6.71061e+18  7.46942e+03  1.86278e+06  1.05530e-19  0.00000e+00  0.00000e+00  8.72013e-07
0329  6.72801e+18  7.47421e+03  1.85951e+06  1.04392e-19  0.00000e+00  0.00000e+00  8.67511e-07
0330  6.74540e+18  7.47897e+03  1.85625e+06  1.03269e-19  0.00000e+00  0.00000e+00  8.63043e-07
0331  6.76279e+18  7.48370e+03  1.85300e+06  1.02161e-19  0.00000e+00  0.00000e+00  8.58609e-07
0332  6.78018e+18  7.48842e+03  1.84976e+06  1.01069e-19  0.00000e+00  0.00000e+00  8.54210e-07
0333  6.79758e+18  7.49312e+03  1.84653e+06  9.99903e-20  0.00000e+00  0.00000e+00  8.49844e-07
0334  6.81497e+18  7.49779e+03  1.84332e+06  9.89200e-20  0.00000e+00  0.00000e+00  8.45512e-07
0335  6.83236e+18  7.50244e+03  1.84011e+06  9.78691e-20  0.00000e+00  0.00000e+00  8.41213e-07
0336  6.84975e+18  7.50707e+03  1.83692e+06  9.68321e-20  0.00000e+00  0.00000e+00  8.36946e-07
0337  6.86715e+18  7.51167e+03  1.83374e+06  9.58088e-20  0.00000e+00  0.00000e+00  8.32712e-07
0338  6.88454e+18  7.51626e+03  1.83057e+06  9.47989e-20  0.00000e+00  0.00000e+00  8.28510e-07
0339  6.90193e+18  7.52083e+03  1.82741e+06  9.38024e-20  0.00000e+00  0.00000e+00  8.24340e-07
0340  6.91932e+18  7.52537e+03  1.82426e+06  9.28189e-20  0.00000e+00  0.00000e+00  8.20201e-07
0341  6.93672e+18  7.52989e+03  1.82112e+06  9.18483e-20  0.00000e+00  0.00000e+00  8.16093e-07
0342  6.95411e+18  7.53440e+03  1.81799e+06  9.08903e-20  0.00000e+00  0.00000e+00  8.12016e-07
0343  6.97150e+18  7.53888e+03  1.81488e+06  8.99448e-20  0.00000e+00  0.00000e+00  8.07970e-07
0344  6.98889e+18  7.54334e+03  1.81177e+06  8.90116e-20  0.00000e+00  0.00000e+00  8.03953e-07
0345  7.00629e+18  7.54778e+03  1.80867e+06  8.80904e-20  0.00000e+00  0.00000e+00  7.99967e-07
0346  7.02368e+18  7.55221e+03  1.80559e+06  8.71812e-20  0.00000e+00  0.00000e+00  7.96010e-07
0347  7.04107e+18  7.55661e+03  1.80251e+06  8.62837e-20  0.00000e+00  0.00000e+00  7.92082e-07
0348  7.05846e+18  7.56099e+03  1.79945e+06  8.53977e-20  0.00000e+00  0.00000e+00  7.88183e-07
0349  7.07586e+18  7.56535e+03  1.79640e+06  8.45230e-20  0.00000e+00  0.00000e+00  7.84313e-07
0350  7.09325e+18  7.56969e+03  1.79335e+06  8.36596e-20  0.00000e+00  0.00000e+00  7.80472e-07
0351  7.11064e+18  7.57401e+03  1.79032e+06  8.28071e-20  0.00000e+00  0.00000e+00  7.76658e-07
0352  7.12803e+18  7.57831e+03  1.78730e+06  8.19655e-20  0.00000e+00  0.00000e+00  7.72873e-07
0353  7.14543e+18  7.58259e+03  1.78429e+06  8.11346e-20  0.00000e+00  0.00000e+00  7.69115e-07
0354  7.16282e+18  7.58685e+03  1.78129e+06  8.03141e-20  0.00000e+00  0.00000e+00  7.65385e-07
0355  7.18021e+18  7.59110e+03  1.77830e+06  7.95041e-20  0.00000e+00  0.00000e+00  7.61681e-07
0356  7.19760e+18  7.59532e+03  1.77531e+06  7.87042e-20  0.00000e+00  0.00000e+00  7.58004e-07
0357  7.21500e+18  7.59953e+03  1.77234e+06  7.79144e-20  0.00000e+00  0.00000e+00  7.54354e-07
0358  7.23239e+18  7.60371e+03  1.76938e+06  7.71344e-20  0.00000e+00  0.00000e+00  7.50731e-07
0359  7.24978e+18  7.60788e+03  1.76643e+06  7.63642e-20  0.00000e+00  0.00000e+00  7.47133e-07
0360  7.26717e+18  7.61203e+03  1.76349e+06  7.56037e-20  0.00000e+00  0.00000e+00  7.43561e-07
0361  7.28457e+18  7.61616e+03  1.76056e+06  7.48525e-20  0.00000e+00  0.00000e+00  7.40015e-07
0362  7.30196e+18  7.62027e+03  1.75764e+06  7.41107e-20  0.00000e+00  0.00000e+00  7.36493e-07
0363  7.31935e+18  7.62436e+03  1.75473e+06  7.33781e-20  0.00000e+00  0.00000e+00  7.32997e-07
0364  7.33674e+18  7.62844e+03  1.75182e+06  7.26545e-20  0.00000e+00  0.00000e+00  7.29526e-07
0365  7.35414e+18  7.63249e+03  1.74893e+06  7.19399e-20  0.00000e+00  0.00000e+00  7.26080e-07
0366  7.37153e+18  7.63653e+03  1.74605e+06  7.12340e-20  0.00000e+00  0.00000e+00  7.22658e-07
0367  7.38892e+18  7.64055e+03  1.74318e+06  7.05367e-20  0.00000e+00  0.00000e+00  7.19259e-07
0368  7.40631e+18  7.64455e+03  1.74031e+06  6.98480e-20  0.00000e+00  0.00000e+00  7.15885e-07
0369  7.42371e+18  7.64854e+03  1.73746e+06  6.91677e-20  0.00000e+00  0.00000e+00  7.12535e-07
0370  7.44110e+18  7.65251e+03  1.73462e+06  6.84956e-20  0.00000e+00  0.00000e+00  7.09208e-07
0371  7.45849e+18  7.65646e+03  1.73178e+06  6.78317e-20  0.00000e+00  0.00000e+00  7.05904e-07
0372  7.47588e+18  7.66040e+03  1.72896e+06  6.71758e-20  0.00000e+00  0.00000e+00  7.02623e-07
0373  7.49328e+18  7.66431e+03  1.72614e+06  6.65278e-20  0.00000e+00  0.00000e+00  6.99365e-07
0374  7.51067e+18  7.66821e+03  1.72333e+06  6.58877e-20  0.00000e+00  0.00000e+00  6.96130e-07
0375  7.52806e+18  7.67210e+03  1.72054e+06  6.52552e-20  0.00000e+00  0.00000e+00  6.92917e-07
0376  7.54545e+18  7.67597e+03  1.71775e+06  6.46303e-20  0.00000e+00  0.00000e+00  6.89727e-07
0377  7.56285e+18  7.67982e+03  1.71497e+06  6.40129e-20  0.00000e+00  0.00000e+00  6.86558e-07
0378  7.58024e+18  7.68365e+03  1.71220e+06  6.34028e-20  0.00000e+00  0.00000e+00  6.83411e-07
0379  7.59763e+18  7.68747e+03  1.70944e+06  6.28000e-20  0.00000e+00  0.00000e+00  6.80286e-07
0380  7.61502e+18  7.69128e+03  1.70669e+06  6.22044e-20  0.00000e+00  0.00000e+00  6.77182e-07
0381  7.63242e+18  7.69506e+03  1.70394e+06  6.16158e-20  0.00000e+00  0.00000e+00  6.74099e-07
0382  7.64981e+18  7.69884e+03  1.70121e+06  6.10341e-20  0.00000e+00  0.00000e+00  6.71037e-07
0383  7.66720e+18  7.70259e+03  1.69849e+06  6.04593e-20  0.00000e+00  0.00000e+00  6.67996e-07
0384  7.68459e+18  7.70633e+03  1.69577e+06  5.98913e-20  0.00000e+00  0.00000e+00  6.64976e-07
0385  7.70199e+18  7.71006e+03  1.69306e+06  5.93299e-20  0.00000e+00  0.00000e+00  6.61976e-07
0386  7.71938e+18  7.71376e+03  1.69037e+06  5.87751e-20  0.00000e+00  0.00000e+00  6.58996e-07
0387  7.73677e+18  7.71746e+03  1.68768e+06  5.82268e-20  0.00000e+00  0.00000e+00  6.56037e-07
0388  7.75416e+18  7.72114e+03  1.68500e+06  5.76849e-20  0.00000e+00  0.00000e+00  6.53097e-07
0389  7.77156e+18  7.72480e+03  1.68233e+06  5.71492e-20  0.00000e+00  0.00000e+00  6.50177e-07
0390  7.78895e+18  7.72845e+03  1.67966e+06  5.66198e-20  0.00000e+00  0.00000e+00  6.47277e-07
0391  7.80634e+18  7.73208e+03  1.67701e+06  5.60965e-20  0.00000e+00  0.00000e+00  6.44396e-07
0392  7.82373e+18  7.73570e+03  1.67436e+06  5.55792e-20  0.00000e+00  0.00000e+00  6.41534e-07
0393  7.84113e+18  7.73930e+03  1.67173e+06  5.50679e-20  0.00000e+00  0.00000e+00  6.38691e-07
0394  7.85852e+18  7.74289e+03  1.66910e+06  5.45625e-20  0.00000e+00  0.00000e+00  6.35867e-07
0395  7.87591e+18  7.74647e+03  1.66648e+06  5.40628e-20  0.00000e+00  0.00000e+00  6.33062e-07
0396  7.89330e+18  7.75003e+03  1.66387e+06  5.35689e-20  0.00000e+00  0.00000e+00  6.30275e-07
0397  7.91070e+18  7.75357e+03  1.66127e+06  5.30806e-20  0.00000e+00  0.00000e+00  6.27507e-07
0398  7.92809e+18  7.75710e+03  1.65867e+06  5.25978e-20  0.00000e+00  0.00000e+00  6.24756e-07
0399  7.94548e+18  7.76062e+03  1.65609e+06  5.21205e-20  0.00000e+00  0.00000e+00  6.22024e-07
0400  7.96287e+18  7.76413e+03  1.65351e+06  5.16487e-20  0.00000e+00  0.00000e+00  6.19310e-07
0401  7.98027e+18  7.76762e+03  1.65094e+06  5.11821e-20  0.00000e+00  0.00000e+00  6.16613e-07
0402  7.99766e+18  7.77109e+03  1.64838e+06  5.07209e-20  0.00000e+00  0.00000e+00  6.13934e-07
0403  8.01505e+18  7.77456e+03  1.64582e+06  5.02648e-20  0.00000e+00  0.00000e+00  6.11273e-07
0404  8.03244e+18  7.77800e+03  1.64328e+06  4.98138e-20  0.00000e+00  0.00000e+00  6.08629e-07
0405  8.04984e+18  7.78144e+03  1.64074e+06  4.93679e-20  0.00000e+00  0.00000e+00  6.06001e-07
0406  8.06723e+18  7.78486e+03  1.63822e+06  4.89270e-20  0.00000e+00  0.00000e+00  6.03391e-07
0407  8.08462e+18  7.78827e+03  1.63570e+06  4.84909e-20  0.00000e+00  0.00000e+00  6.00798e-07
0408  8.10201e+18  7.79167e+03  1.63318e+06  4.80598e-20  0.00000e+00  0.00000e+00  5.98221e-07
0409  8.11940e+18  7.79505e+03  1.63068e+06  4.76334e-20  0.00000e+00  0.00000e+00  5.95661e-07
0410  8.13680e+18  7.79842e+03  1.62818e+06  4.72118e-20  0.00000e+00  0.00000e+00  5.93117e-07
0411  8.15419e+18  7.80177e+03  1.62569e+06  4.67948e-20  0.00000e+00  0.00000e+00  5.90590e-07
0412  8.17158e+18  7.80511e+03  1.62321e+06  4.63824e-20  0.00000e+00  0.00000e+00  5.88078e-07
0413  8.18897e+18  7.80844e+03  1.62074e+06  4.59745e-20  0.00000e+00  0.00000e+00  5.85583e-07
0414  8.20637e+18  7.81175e+03  1.61828e+06  4.55712e-20  0.00000e+00  0.00000e+00  5.83104e-07
0415  8.22376e+18  7.81506e+03  1.61582e+06  4.51722e-20  0.00000e+00  0.00000e+00  5.80640e-07
0416  8.24115e+18  7.81834e+03  1.61337e+06  4.47776e-20  0.00000e+00  0.00000e+00  5.78191e-07
0417  8.25854e+18  7.82162e+03  1.61093e+06  4.43874e-20  0.00000e+00  0.00000e+00  5.75759e-07
0418  8.27594e+18  7.82488e+03  1.60849e+06  4.40014e-20  0.00000e+00  0.00000e+00  5.73341e-07
0419  8.29333e+18  7.82813e+03  1.60606e+06  4.36195e-20  0.00000e+00  0.00000e+00  5.70939e-07
0420  8.31072e+18  7.83136e+03  1.60364e+06  4.32419e-20  0.00000e+00  0.00000e+00  5.68552e-07
0421  8.32811e+18  7.83458e+03  1.60123e+06  4.28683e-20  0.00000e+00  0.00000e+00  5.66180e-07
0422  8.34551e+18  7.83779e+03  1.59883e+06  4.24987e-20  0.00000e+00  0.00000e+00  5.63822e-07
0423  8.36290e+18  7.84098e+03  1.59643e+06  4.21331e-20  0.00000e+00  0.00000e+00  5.61479e-07
0424  8.38029e+18  7.84417e+03  1.59404e+06  4.17715e-20  0.00000e+00  0.00000e+00  5.59151e-07
0425  8.39768e+18  7.84734e+03  1.59166e+06  4.14137e-20  0.00000e+00  0.00000e+00  5.56837e-07
0426  8.41508e+18  7.85050e+03  1.58928e+06  4.10598e-20  0.00000e+00  0.00000e+00  5.54538e-07
0427  8.43247e+18  7.85364e+03  1.58691e+06  4.07096e-20  0.00000e+00  0.00000e+00  5.52253e-07
0428  8.44986e+18  7.85678e+03  1.58455e+06  4.03632e-20  0.00000e+00  0.00000e+00  5.49982e-07
0429  8.46725e+18  7.85990e+03  1.58220e+06  4.00204e-20  0.00000e+00  0.00000e+00  5.47725e-07
0430  8.48465e+18  7.86302e+03  1.57986e+06  3.96813e-20  0.00000e+00  0.00000e+00  5.45481e-07
0431  8.50204e+18  7.86612e+03  1.57752e+06  3.93458e-20  0.00000e+00  0.00000e+00  5.43252e-07
0432  8.51943e+18  7.86921e+03  1.57519e+06  3.90138e-20  0.00000e+00  0.00000e+00  5.41036e-07
0433  8.53682e+18  7.87229e+03  1.57286e+06  3.86852e-20  0.00000e+00  0.00000e+00  5.38834e-07
0434  8.55422e+18  7.87537e+03  1.57055e+06  3.83604e-20  0.00000e+00  0.00000e+00  5.36645e-07
0435  8.57161e+18  7.87843e+03  1.56824e+06  3.80392e-20  0.00000e+00  0.00000e+00  5.34469e-07
0436  8.58900e+18  7.88148e+03  1.56594e+06  3.77214e-20  0.00000e+00  0.00000e+00  5.32307e-07
0437  8.60639e+18  7.88452e+03  1.56365e+06  3.74069e-20  0.00000e+00  0.00000e+00  5.30158e-07
0438  8.62379e+18  7.88755e+03  1.56136e+06  3.70956e-20  0.00000e+00  0.00000e+00  5.28021e-07
0439  8.64118e+18  7.89057e+03  1.55908e+06  3.67876e-20  0.00000e+00  0.00000e+00  5.25898e-07
0440  8.65857e+18  7.89358e+03  1.55681e+06  3.64828e-20  0.00000e+00  0.00000e+00  5.23787e-07
0441  8.67596e+18  7.89658e+03  1.55454e+06  3.61811e-20  0.00000e+00  0.00000e+00  5.21689e-07
0442  8.69336e+18  7.89957e+03  1.55229e+06  3.58825e-20  0.00000e+00  0.00000e+00  5.19604e-07
0443  8.71075e+18  7.90255e+03  1.55004e+06  3.55871e-20  0.00000e+00  0.00000e+00  5.17531e-07
0444  8.72814e+18  7.90552e+03  1.54779e+06  3.52946e-20  0.00000e+00  0.00000e+00  5.15471e-07
0445  8.74553e+18  7.90848e+03  1.54556e+06  3.50051e-20  0.00000e+00  0.00000e+00  5.13422e-07
0446  8.76293e+18  7.91143e+03  1.54333e+06  3.47186e-20  0.00000e+00  0.00000e+00  5.11386e-07
0447  8.78032e+18  7.91437e+03  1.54110e+06  3.44351e-20  0.00000e+00  0.00000e+00  5.09362e-07
0448  8.79771e+18  7.91730e+03  1.53889e+06  3.41544e-20  0.00000e+00  0.00000e+00  5.07350e-07
0449  8.81510e+18  7.92022e+03  1.53668e+06  3.38766e-20  0.00000e+00  0.00000e+00  5.05350e-07
0450  8.83250e+18  7.92313e+03  1.53448e+06  3.36016e-20  0.00000e+00  0.00000e+00  5.03362e-07
0451  8.84989e+18  7.92603e+03  1.53228e+06  3.33294e-20  0.00000e+00  0.00000e+00  5.01386e-07
0452  8.86728e+18  7.92891e+03  1.53009e+06  3.30599e-20  0.00000e+00  0.00000e+00  4.99421e-07
0453  8.88467e+18  7.93178e+03  1.52791e+06  3.27932e-20  0.00000e+00  0.00000e+00  4.97467e-07
0454  8.90207e+18  7.93465e+03  1.52573e+06  3.24776e-20  0.00000e+00  0.00000e+00  4.95525e-07
0455  8.91946e+18  7.93749e+03  1.52356e+06  3.22199e-20  0.00000e+00  0.00000e+00  4.93595e-07
0456  8.93685e+18  7.94033e+03  1.52139e+06  3.19648e-20  0.00000e+00  0.00000e+00  4.91675e-07
0457  8.95424e+18  7.94315e+03  1.51923e+06  3.17122e-20  0.00000e+00  0.00000e+00  4.89767e-07
0458  8.97164e+18  7.94596e+03  1.51707e+06  3.14621e-20  0.00000e+00  0.00000e+00  4.87870e-07
0459  8.98903e+18  7.94876e+03  1.51492e+06  3.12145e-20  0.00000e+00  0.00000e+00  4.85984e-07
0460  9.00642e+18  7.95154e+03  1.51278e+06  3.09693e-20  0.00000e+00  0.00000e+00  4.84109e-07
0461  9.02381e+18  7.95432e+03  1.51064e+06  3.07265e-20  0.00000e+00  0.00000e+00  4.82244e-07
0462  9.04121e+18  7.95708e+03  1.50851e+06  3.04862e-20  0.00000e+00  0.00000e+00  4.80391e-07
0463  9.05860e+18  7.95982e+03  1.50638e+06  3.02481e-20  0.00000e+00  0.00000e+00  4.78548e-07
0464  9.07599e+18  7.96256e+03  1.50426e+06  3.00124e-20  0.00000e+00  0.00000e+00  4.76716e-07
0465  9.09338e+18  7.96529e+03  1.50215e+06  2.97790e-20  0.00000e+00  0.00000e+00  4.74894e-07
0466  9.11078e+18  7.96800e+03  1.50004e+06  2.95479e-20  0.00000e+00  0.00000e+00  4.73082e-07
0467  9.12817e+18  7.97070e+03  1.49794e+06  2.93190e-20  0.00000e+00  0.00000e+00  4.71281e-07
0468  9.14556e+18  7.97339e+03  1.49585e+06  2.90923e-20  0.00000e+00  0.00000e+00  4.69490e-07
0469  9.16295e+18  7.97607e+03  1.49376e+06  2.88679e-20  0.00000e+00  0.00000e+00  4.67710e-07
0470  9.18035e+18  7.97874e+03  1.49168e+06  2.86456e-20  0.00000e+00  0.00000e+00  4.65939e-07
0471  9.19774e+18  7.98140e+03  1.48960e+06  2.84254e-20  0.00000e+00  0.00000e+00  4.64179e-07
0472  9.21513e+18  7.98405e+03  1.48754e+06  2.82073e-20  0.00000e+00  0.00000e+00  4.62428e-07
0473  9.23252e+18  7.98670e+03  1.48547e+06  2.79914e-20  0.00000e+00  0.00000e+00  4.60688e-07
0474  9.24992e+18  7.98933e+03  1.48342e+06  2.77774e-20  0.00000e+00  0.00000e+00  4.58957e-07
0475  9.26731e+18  7.99196e+03  1.48137e+06  2.75656e-20  0.00000e+00  0.00000e+00  4.57236e-07
0476  9.28470e+18  7.99458e+03  1.47932e+06  2.73557e-20  0.00000e+00  0.00000e+00  4.55524e-07
0477  9.30209e+18  7.99718e+03  1.47729e+06  2.71478e-20  0.00000e+00  0.00000e+00  4.53823e-07
0478  9.31949e+18  7.99978e+03  1.47525e+06  2.69419e-20  0.00000e+00  0.00000e+00  4.52130e-07
0479  9.33688e+18  8.00237e+03  1.47323e+06  2.67380e-20  0.00000e+00  0.00000e+00  4.50447e-07
0480  9.35427e+18  8.00496e+03  1.47121e+06  2.65360e-20  0.00000e+00  0.00000e+00  4.48774e-07
0481  9.37166e+18  8.00753e+03  1.46920e+06  2.63359e-20  0.00000e+00  0.00000e+00  4.47110e-07
0482  9.38906e+18  8.01009e+03  1.46719e+06  2.61377e-20  0.00000e+00  0.00000e+00  4.45455e-07
0483  9.40645e+18  8.01264e+03  1.46519e+06  2.59413e-20  0.00000e+00  0.00000e+00  4.43809e-07
0484  9.42384e+18  8.01518e+03  1.46319e+06  2.57468e-20  0.00000e+00  0.00000e+00  4.42172e-07
0485  9.44123e+18  8.01771e+03  1.46120e+06  2.55541e-20  0.00000e+00  0.00000e+00  4.40545e-07
0486  9.45863e+18  8.02023e+03  1.45922e+06  2.53632e-20  0.00000e+00  0.00000e+00  4.38926e-07
0487  9.47602e+18  8.02275e+03  1.45724e+06  2.51741e-20  0.00000e+00  0.00000e+00  4.37316e-07
0488  9.49341e+18  8.02525e+03  1.45527e+06  2.49868e-20  0.00000e+00  0.00000e+00  4.35715e-07
0489  9.51080e+18  8.02775e+03  1.45330e+06  2.48012e-20  0.00000e+00  0.00000e+00  4.34123e-07
0490  9.52820e+18  8.03024e+03  1.45134e+06  2.46173e-20  0.00000e+00  0.00000e+00  4.32540e-07
0491  9.54559e+18  8.03272e+03  1.44938e+06  2.44351e-20  0.00000e+00  0.00000e+00  4.30965e-07
0492  9.56298e+18  8.03519e+03  1.44744e+06  2.42546e-20  0.00000e+00  0.00000e+00  4.29399e-07
0493  9.58037e+18  8.03765e+03  1.44549e+06  2.40758e-20  0.00000e+00  0.00000e+00  4.27841e-07
0494  9.59777e+18  8.04011e+03  1.44355e+06  2.38986e-20  0.00000e+00  0.00000e+00  4.26292e-07
0495  9.61516e+18  8.04256e+03  1.44162e+06  2.37231e-20  0.00000e+00  0.00000e+00  4.24751e-07
0496  9.63255e+18  8.04500e+03  1.43970e+06  2.35491e-20  0.00000e+00  0.00000e+00  4.23219e-07
0497  9.64994e+18  8.04744e+03  1.43778e+06  2.33767e-20  0.00000e+00  0.00000e+00  4.21695e-07
0498  9.66734e+18  8.04987e+03  1.43586e+06  2.32059e-20  0.00000e+00  0.00000e+00  4.20179e-07
0499  9.68473e+18  8.05229e+03  1.43396e+06  2.30367e-20  0.00000e+00  0.00000e+00  4.18671e-07
0500  9.70212e+18  8.05470e+03  1.43205e+06  2.28690e-20  0.00000e+00  0.00000e+00  4.17171e-07
0501  9.71951e+18  8.05710e+03  1.43016e+06  2.27029e-20  0.00000e+00  0.00000e+00  4.15679e-07
0502  9.73691e+18  8.05950e+03  1.42827e+06  2.25382e-20  0.00000e+00  0.00000e+00  4.14196e-07
0503  9.75430e+18  8.06188e+03  1.42638e+06  2.23750e-20  0.00000e+00  0.00000e+00  4.12720e-07
0504  9.77169e+18  8.06426e+03  1.42450e+06  2.22133e-20  0.00000e+00  0.00000e+00  4.11252e-07
0505  9.78908e+18  8.06663e+03  1.42262e+06  2.20531e-20  0.00000e+00  0.00000e+00  4.09792e-07
0506  9.80648e+18  8.06899e+03  1.42075e+06  2.18943e-20  0.00000e+00  0.00000e+00  4.08340e-07
0507  9.82387e+18  8.07134e+03  1.41889e+06  2.17370e-20  0.00000e+00  0.00000e+00  4.06895e-07
0508  9.84126e+18  8.07368e+03  1.41703e+06  2.15811e-20  0.00000e+00  0.00000e+00  4.05458e-07
0509  9.85865e+18  8.07601e+03  1.41517e+06  2.14265e-20  0.00000e+00  0.00000e+00  4.04029e-07
0510  9.87605e+18  8.07834e+03  1.41332e+06  2.12734e-20  0.00000e+00  0.00000e+00  4.02607e-07
0511  9.89344e+18  8.08066e+03  1.41148e+06  2.11216e-20  0.00000e+00  0.00000e+00  4.01193e-07
0512  9.91083e+18  8.08296e+03  1.40964e+06  2.09712e-20  0.00000e+00  0.00000e+00  3.99786e-07
0513  9.92822e+18  8.08526e+03  1.40781e+06  2.08221e-20  0.00000e+00  0.00000e+00  3.98386e-07
0514  9.94562e+18  8.08755e+03  1.40598e+06  2.06743e-20  0.00000e+00  0.00000e+00  3.96994e-07
0515  9.96301e+18  8.08983e+03  1.40415e+06  2.05279e-20  0.00000e+00  0.00000e+00  3.95609e-07
0516  9.98040e+18  8.09211e+03  1.40233e+06  2.03827e-20  0.00000e+00  0.00000e+00  3.94232e-07
0517  9.99779e+18  8.09438e+03  1.40052e+06  2.02388e-20  0.00000e+00  0.00000e+00  3.92861e-07
0518  1.00152e+19  8.09664e+03  1.39871e+06  2.00962e-20  0.00000e+00  0.00000e+00  3.91498e-07
0519  1.00326e+19  8.09889e+03  1.39691e+06  1.99549e-20  0.00000e+00  0.00000e+00  3.90142e-07
0520  1.00500e+19  8.10113e+03  1.39511e+06  1.98148e-20  0.00000e+00  0.00000e+00  3.88793e-07
0521  1.00674e+19  8.10337e+03  1.39332e+06  1.96759e-20  0.00000e+00  0.00000e+00  3.87450e-07
0522  1.00848e+19  8.10560e+03  1.39153e+06  1.95383e-20  0.00000e+00  0.00000e+00  3.86115e-07
0523  1.01021e+19  8.10782e+03  1.38975e+06  1.94018e-20  0.00000e+00  0.00000e+00  3.84787e-07
0524  1.01195e+19  8.11003e+03  1.38797e+06  1.92666e-20  0.00000e+00  0.00000e+00  3.83465e-07
0525  1.01369e+19  8.11224e+03  1.38620e+06  1.91325e-20  0.00000e+00  0.00000e+00  3.82150e-07
0526  1.01543e+19  8.11444e+03  1.38443e+06  1.89996e-20  0.00000e+00  0.00000e+00  3.80842e-07
0527  1.01717e+19  8.11662e+03  1.38266e+06  1.88678e-20  0.00000e+00  0.00000e+00  3.79541e-07
0528  1.01891e+19  8.11881e+03  1.38091e+06  1.87372e-20  0.00000e+00  0.00000e+00  3.78247e-07
0529  1.02065e+19  8.12098e+03  1.37915e+06  1.86077e-20  0.00000e+00  0.00000e+00  3.76959e-07
0530  1.02239e+19  8.12315e+03  1.37740e+06  1.84794e-20  0.00000e+00  0.00000e+00  3.75677e-07
0531  1.02413e+19  8.12530e+03  1.37566e+06  1.83521e-20  0.00000e+00  0.00000e+00  3.74402e-07
0532  1.02587e+19  8.12745e+03  1.37392e+06  1.82259e-20  0.00000e+00  0.00000e+00  3.73134e-07
0533  1.02761e+19  8.12960e+03  1.37218e+06  1.81009e-20  0.00000e+00  0.00000e+00  3.71872e-07
0534  1.02935e+19  8.13173e+03  1.37045e+06  1.79769e-20  0.00000e+00  0.00000e+00  3.70616e-07
0535  1.03109e+19  8.13385e+03  1.36872e+06  1.78539e-20  0.00000e+00  0.00000e+00  3.69367e-07
0536  1.03283e+19  8.13597e+03  1.36700e+06  1.77321e-20  0.00000e+00  0.00000e+00  3.68124e-07
0537  1.03456e+19  8.13808e+03  1.36529e+06  1.76112e-20  0.00000e+00  0.00000e+00  3.66887e-07
0538  1.03630e+19  8.14018e+03  1.36357e+06  1.74914e-20  0.00000e+00  0.00000e+00  3.65657e-07
0539  1.03804e+19  8.14228e+03  1.36187e+06  1.73726e-20  0.00000e+00  0.00000e+00  3.64432e-07
0540  1.03978e+19  8.14437e+03  1.36016e+06  1.72549e-20  0.00000e+00  0.00000e+00  3.63214e-07
0541  1.04152e+19  8.14645e+03  1.35847e+06  1.71381e-20  0.00000e+00  0.00000e+00  3.62002e-07
0542  1.04326e+19  8.14853e+03  1.35677e+06  1.70223e-20  0.00000e+00  0.00000e+00  3.60796e-07
0543  1.04500e+19  8.15060e+03  1.35509e+06  1.69075e-20  0.00000e+00  0.00000e+00  3.59596e-07
0544  1.04674e+19  8.15267e+03  1.35340e+06  1.67936e-20  0.00000e+00  0.00000e+00  3.58402e-07
0545  1.04848e+19  8.15473e+03  1.35172e+06  1.66807e-20  0.00000e+00  0.00000e+00  3.57214e-07
0546  1.05022e+19  8.15678e+03  1.35005e+06  1.65688e-20  0.00000e+00  0.00000e+00  3.56032e-07
0547  1.05196e+19  8.15883e+03  1.34838e+06  1.64578e-20  0.00000e+00  0.00000e+00  3.54856e-07
0548  1.05370e+19  8.16087e+03  1.34671e+06  1.63477e-20  0.00000e+00  0.00000e+00  3.53685e-07
0549  1.05544e+19  8.16290e+03  1.34505e+06  1.62385e-20  0.00000e+00  0.00000e+00  3.52520e-07
0550  1.05717e+19  8.16492e+03  1.34340e+06  1.61303e-20  0.00000e+00  0.00000e+00  3.51361e-07
0551  1.05891e+19  8.16698e+03  1.34174e+06  1.60229e-20  0.00000e+00  0.00000e+00  3.50208e-07
0552  1.06065e+19  8.16883e+03  1.34010e+06  1.59167e-20  0.00000e+00  0.00000e+00  3.49061e-07
0553  1.06239e+19  8.17153e+03  1.33842e+06  1.58086e-20  0.00000e+00  0.00000e+00  3.47919e-07
0554  1.06413e+19  8.17081e+03  1.33694e+06  1.57084e-20  0.00000e+00  0.00000e+00  3.46782e-07
0555  1.06587e+19  8.18930e+03  1.33437e+06  1.55779e-20  0.00000e+00  0.00000e+00  3.45651e-07
