# Athena++ data at time=2.700000e+11  cycle=20284000  variables=prim 
# i       x1v         rho          press          vel1         vel2         vel3     
0002  1.07548e+18  2.40946e-18  1.00596e-05 -1.61585e+06  1.93503e-08  0.00000e+00
0003  1.09287e+18  3.06136e-19  3.84631e-06 -3.24903e+06  7.15818e-02  0.00000e+00
0004  1.11027e+18  1.52909e-19  3.12810e-06 -4.94618e+06  7.02722e-02  0.00000e+00
0005  1.12766e+18  1.45100e-19  2.99324e-06 -5.00956e+06  6.87753e-02  0.00000e+00
0006  1.14505e+18  1.42396e-19  2.92354e-06 -4.81762e+06  6.73587e-02  0.00000e+00
0007  1.16244e+18  1.41063e-19  2.87267e-06 -4.66470e+06  6.59763e-02  0.00000e+00
0008  1.17983e+18  1.38671e-19  2.81018e-06 -4.52669e+06  6.46360e-02  0.00000e+00
0009  1.19723e+18  1.36469e-19  2.74225e-06 -4.39795e+06  6.33327e-02  0.00000e+00
0010  1.21462e+18  1.34354e-19  2.67997e-06 -4.26895e+06  6.20677e-02  0.00000e+00
0011  1.23201e+18  1.32346e-19  2.62043e-06 -4.14075e+06  6.08387e-02  0.00000e+00
0012  1.24940e+18  1.30399e-19  2.56258e-06 -4.01507e+06  5.96442e-02  0.00000e+00
0013  1.26679e+18  1.28509e-19  2.50542e-06 -3.89189e+06  5.84833e-02  0.00000e+00
0014  1.28419e+18  1.26685e-19  2.45041e-06 -3.77035e+06  5.73549e-02  0.00000e+00
0015  1.30158e+18  1.24927e-19  2.39749e-06 -3.65018e+06  5.62578e-02  0.00000e+00
0016  1.31897e+18  1.23231e-19  2.34653e-06 -3.53139e+06  5.51907e-02  0.00000e+00
0017  1.33636e+18  1.21593e-19  2.29743e-06 -3.41392e+06  5.41525e-02  0.00000e+00
0018  1.35375e+18  1.20012e-19  2.25010e-06 -3.29775e+06  5.31421e-02  0.00000e+00
0019  1.37115e+18  1.18483e-19  2.20445e-06 -3.18282e+06  5.21586e-02  0.00000e+00
0020  1.38854e+18  1.17006e-19  2.16041e-06 -3.06909e+06  5.12009e-02  0.00000e+00
0021  1.40593e+18  1.15576e-19  2.11789e-06 -2.95653e+06  5.02682e-02  0.00000e+00
0022  1.42332e+18  1.14193e-19  2.07683e-06 -2.84501e+06  4.93595e-02  0.00000e+00
0023  1.44071e+18  1.12850e-19  2.03681e-06 -2.73510e+06  4.84739e-02  0.00000e+00
0024  1.45811e+18  1.11540e-19  1.99737e-06 -2.62686e+06  4.76110e-02  0.00000e+00
0025  1.47550e+18  1.10269e-19  1.95923e-06 -2.51974e+06  4.67700e-02  0.00000e+00
0026  1.49289e+18  1.09038e-19  1.92235e-06 -2.41355e+06  4.59501e-02  0.00000e+00
0027  1.51028e+18  1.07845e-19  1.88667e-06 -2.30830e+06  4.51506e-02  0.00000e+00
0028  1.52767e+18  1.06688e-19  1.85213e-06 -2.20398e+06  4.43709e-02  0.00000e+00
0029  1.54507e+18  1.05566e-19  1.81870e-06 -2.10055e+06  4.36103e-02  0.00000e+00
0030  1.56246e+18  1.04474e-19  1.78630e-06 -1.99791e+06  4.28682e-02  0.00000e+00
0031  1.57985e+18  1.03421e-19  1.75494e-06 -1.89610e+06  4.21439e-02  0.00000e+00
0032  1.59724e+18  1.02382e-19  1.72443e-06 -1.79606e+06  4.14369e-02  0.00000e+00
0033  1.61463e+18  1.01332e-19  1.68976e-06 -1.70069e+06  4.07473e-02  0.00000e+00
0034  1.63203e+18  1.00282e-19  1.65658e-06 -1.60752e+06  4.00754e-02  0.00000e+00
0035  1.64942e+18  9.92735e-20  1.62449e-06 -1.51431e+06  3.94205e-02  0.00000e+00
0036  1.66681e+18  9.82925e-20  1.59341e-06 -1.42173e+06  3.87820e-02  0.00000e+00
0037  1.68420e+18  9.73387e-20  1.56331e-06 -1.32985e+06  3.81594e-02  0.00000e+00
0038  1.70160e+18  9.64049e-20  1.53412e-06 -1.23862e+06  3.75521e-02  0.00000e+00
0039  1.71899e+18  9.54870e-20  1.50440e-06 -1.14940e+06  3.69599e-02  0.00000e+00
0040  1.73638e+18  9.45762e-20  1.47559e-06 -1.06143e+06  3.63825e-02  0.00000e+00
0041  1.75377e+18  9.36958e-20  1.44774e-06 -9.73594e+05  3.58195e-02  0.00000e+00
0042  1.77116e+18  9.28387e-20  1.42081e-06 -8.86189e+05  3.52703e-02  0.00000e+00
0043  1.78856e+18  9.20031e-20  1.39475e-06 -7.99242e+05  3.47345e-02  0.00000e+00
0044  1.80595e+18  9.11884e-20  1.36953e-06 -7.12735e+05  3.42116e-02  0.00000e+00
0045  1.82334e+18  9.03939e-20  1.34511e-06 -6.26663e+05  3.37013e-02  0.00000e+00
0046  1.84073e+18  8.96189e-20  1.32145e-06 -5.41022e+05  3.32030e-02  0.00000e+00
0047  1.85813e+18  8.88624e-20  1.29854e-06 -4.55803e+05  3.27163e-02  0.00000e+00
0050  1.87552e+18  8.81241e-20  1.27632e-06 -3.71010e+05  3.22410e-02  0.00000e+00
0051  1.89291e+18  8.74017e-20  1.25478e-06 -2.86638e+05  3.17766e-02  0.00000e+00
0052  1.91030e+18  8.66939e-20  1.23339e-06 -2.03284e+05  3.13228e-02  0.00000e+00
0053  1.92769e+18  8.59920e-20  1.21234e-06 -1.20918e+05  3.08794e-02  0.00000e+00
0054  1.94509e+18  8.53071e-20  1.19192e-06 -3.88938e+04  3.04462e-02  0.00000e+00
0055  1.96248e+18  8.46389e-20  1.17214e-06  4.28171e+04  3.00227e-02  0.00000e+00
0056  1.97987e+18  8.39858e-20  1.15294e-06  1.24171e+05  2.96087e-02  0.00000e+00
0057  1.99726e+18  8.33474e-20  1.13432e-06  2.05167e+05  2.92038e-02  0.00000e+00
0058  2.01466e+18  8.27228e-20  1.11624e-06  2.85822e+05  2.88078e-02  0.00000e+00
0059  2.03205e+18  8.21120e-20  1.09862e-06  3.66011e+05  2.84203e-02  0.00000e+00
0060  2.04944e+18  8.15121e-20  1.08138e-06  4.45684e+05  2.80412e-02  0.00000e+00
0061  2.06683e+18  8.09250e-20  1.06465e-06  5.25007e+05  2.76702e-02  0.00000e+00
0062  2.08423e+18  8.03513e-20  1.04841e-06  6.04036e+05  2.73070e-02  0.00000e+00
0063  2.10162e+18  7.97903e-20  1.03264e-06  6.82755e+05  2.69515e-02  0.00000e+00
0064  2.11901e+18  7.92415e-20  1.01732e-06  7.61162e+05  2.66032e-02  0.00000e+00
0065  2.13640e+18  7.87047e-20  1.00243e-06  8.39262e+05  2.62621e-02  0.00000e+00
0066  2.15379e+18  7.81796e-20  9.87962e-07  9.17057e+05  2.59279e-02  0.00000e+00
0067  2.17119e+18  7.76658e-20  9.73896e-07  9.94549e+05  2.56005e-02  0.00000e+00
0068  2.18858e+18  7.71631e-20  9.60217e-07  1.07174e+06  2.52795e-02  0.00000e+00
0069  2.20597e+18  7.66711e-20  9.46912e-07  1.14865e+06  2.49648e-02  0.00000e+00
0070  2.22336e+18  7.61878e-20  9.33961e-07  1.22509e+06  2.46563e-02  0.00000e+00
0071  2.24076e+18  7.57075e-20  9.20050e-07  1.29994e+06  2.43538e-02  0.00000e+00
0072  2.25815e+18  7.52202e-20  9.06630e-07  1.37346e+06  2.40576e-02  0.00000e+00
0073  2.27554e+18  7.47502e-20  8.93596e-07  1.44732e+06  2.37673e-02  0.00000e+00
0074  2.29293e+18  7.42923e-20  8.80929e-07  1.52099e+06  2.34828e-02  0.00000e+00
0075  2.31033e+18  7.38432e-20  8.68613e-07  1.59439e+06  2.32039e-02  0.00000e+00
0076  2.32772e+18  7.34035e-20  8.56635e-07  1.66755e+06  2.29305e-02  0.00000e+00
0077  2.34511e+18  7.29735e-20  8.44984e-07  1.74045e+06  2.26623e-02  0.00000e+00
0078  2.36250e+18  7.25519e-20  8.33646e-07  1.81342e+06  2.23993e-02  0.00000e+00
0079  2.37989e+18  7.21455e-20  8.23292e-07  1.88652e+06  2.21411e-02  0.00000e+00
0080  2.39729e+18  7.17428e-20  8.12158e-07  1.95858e+06  2.18878e-02  0.00000e+00
0081  2.41468e+18  7.13375e-20  8.01325e-07  2.02971e+06  2.16393e-02  0.00000e+00
0082  2.43207e+18  7.09428e-20  7.90800e-07  2.10084e+06  2.13955e-02  0.00000e+00
0083  2.44946e+18  7.05578e-20  7.80573e-07  2.17181e+06  2.11563e-02  0.00000e+00
0084  2.46686e+18  7.01807e-20  7.70630e-07  2.24260e+06  2.09214e-02  0.00000e+00
0085  2.48425e+18  6.98113e-20  7.60960e-07  2.31318e+06  2.06909e-02  0.00000e+00
0086  2.50164e+18  6.94496e-20  7.51554e-07  2.38357e+06  2.04646e-02  0.00000e+00
0087  2.51903e+18  6.90953e-20  7.42402e-07  2.45377e+06  2.02423e-02  0.00000e+00
0088  2.53643e+18  6.87483e-20  7.33495e-07  2.52377e+06  2.00239e-02  0.00000e+00
0089  2.55382e+18  6.84084e-20  7.24824e-07  2.59358e+06  1.98094e-02  0.00000e+00
0090  2.57121e+18  6.80756e-20  7.16382e-07  2.66319e+06  1.95987e-02  0.00000e+00
0091  2.58860e+18  6.77494e-20  7.08160e-07  2.73261e+06  1.93916e-02  0.00000e+00
0092  2.60600e+18  6.74296e-20  7.00108e-07  2.80173e+06  1.91880e-02  0.00000e+00
0093  2.62339e+18  6.71140e-20  6.92063e-07  2.87037e+06  1.89879e-02  0.00000e+00
0094  2.64078e+18  6.68031e-20  6.84219e-07  2.93869e+06  1.87912e-02  0.00000e+00
0095  2.65817e+18  6.64991e-20  6.76576e-07  3.00686e+06  1.85979e-02  0.00000e+00
0096  2.67557e+18  6.62016e-20  6.69125e-07  3.07486e+06  1.84078e-02  0.00000e+00
0097  2.69296e+18  6.59102e-20  6.61861e-07  3.14267e+06  1.82209e-02  0.00000e+00
0098  2.71035e+18  6.56248e-20  6.54778e-07  3.21028e+06  1.80371e-02  0.00000e+00
0099  2.72774e+18  6.53453e-20  6.47868e-07  3.27771e+06  1.78563e-02  0.00000e+00
0100  2.74513e+18  6.50712e-20  6.41104e-07  3.34491e+06  1.76785e-02  0.00000e+00
0101  2.76253e+18  6.48019e-20  6.34433e-07  3.41179e+06  1.75035e-02  0.00000e+00
0102  2.77992e+18  6.45375e-20  6.27927e-07  3.47846e+06  1.73314e-02  0.00000e+00
0103  2.79731e+18  6.42789e-20  6.21584e-07  3.54497e+06  1.71620e-02  0.00000e+00
0104  2.81470e+18  6.40259e-20  6.15399e-07  3.61132e+06  1.69954e-02  0.00000e+00
0105  2.83210e+18  6.37781e-20  6.09365e-07  3.67749e+06  1.68313e-02  0.00000e+00
0106  2.84949e+18  6.35354e-20  6.03478e-07  3.74348e+06  1.66698e-02  0.00000e+00
0107  2.86688e+18  6.32978e-20  5.97734e-07  3.80930e+06  1.65109e-02  0.00000e+00
0108  2.88427e+18  6.30650e-20  5.92128e-07  3.87494e+06  1.63543e-02  0.00000e+00
0109  2.90167e+18  6.28371e-20  5.86655e-07  3.94041e+06  1.62002e-02  0.00000e+00
0110  2.91906e+18  6.26139e-20  5.81312e-07  4.00570e+06  1.60484e-02  0.00000e+00
0111  2.93645e+18  6.23952e-20  5.76094e-07  4.07081e+06  1.58989e-02  0.00000e+00
0112  2.95384e+18  6.21809e-20  5.70997e-07  4.13574e+06  1.57515e-02  0.00000e+00
0113  2.97124e+18  6.19710e-20  5.66019e-07  4.20050e+06  1.56064e-02  0.00000e+00
0114  2.98863e+18  6.17653e-20  5.61155e-07  4.26507e+06  1.54634e-02  0.00000e+00
0115  3.00602e+18  6.15638e-20  5.56402e-07  4.32947e+06  1.53224e-02  0.00000e+00
0116  3.02341e+18  6.13662e-20  5.51756e-07  4.39368e+06  1.51835e-02  0.00000e+00
0117  3.04081e+18  6.11726e-20  5.47215e-07  4.45771e+06  1.50465e-02  0.00000e+00
0118  3.05820e+18  6.09816e-20  5.42771e-07  4.52141e+06  1.49115e-02  0.00000e+00
0119  3.07559e+18  6.07890e-20  5.37560e-07  4.58411e+06  1.47785e-02  0.00000e+00
0120  3.09298e+18  6.05920e-20  5.32808e-07  4.64563e+06  1.46475e-02  0.00000e+00
0121  3.11037e+18  6.04018e-20  5.28166e-07  4.70789e+06  1.45185e-02  0.00000e+00
0122  3.12777e+18  6.02216e-20  5.24276e-07  4.77035e+06  1.43914e-02  0.00000e+00
0123  3.14516e+18  6.00454e-20  5.19523e-07  4.83290e+06  1.42660e-02  0.00000e+00
0124  3.16255e+18  5.98651e-20  5.14861e-07  4.89369e+06  1.41425e-02  0.00000e+00
0125  3.17994e+18  5.96823e-20  5.10294e-07  4.95435e+06  1.40209e-02  0.00000e+00
0126  3.19734e+18  5.95053e-20  5.05835e-07  5.01499e+06  1.39011e-02  0.00000e+00
0127  3.21473e+18  5.93329e-20  5.01480e-07  5.07550e+06  1.37831e-02  0.00000e+00
0128  3.23212e+18  5.91634e-20  4.97223e-07  5.13584e+06  1.36668e-02  0.00000e+00
0129  3.24951e+18  5.89968e-20  4.93059e-07  5.19602e+06  1.35522e-02  0.00000e+00
0130  3.26691e+18  5.88333e-20  4.88988e-07  5.25602e+06  1.34393e-02  0.00000e+00
0131  3.28430e+18  5.86728e-20  4.85005e-07  5.31587e+06  1.33280e-02  0.00000e+00
0132  3.30169e+18  5.85153e-20  4.81110e-07  5.37555e+06  1.32183e-02  0.00000e+00
0133  3.31908e+18  5.83607e-20  4.77299e-07  5.43506e+06  1.31102e-02  0.00000e+00
0134  3.33648e+18  5.82089e-20  4.73569e-07  5.49440e+06  1.30036e-02  0.00000e+00
0135  3.35387e+18  5.80598e-20  4.69919e-07  5.55358e+06  1.28984e-02  0.00000e+00
0136  3.37126e+18  5.79135e-20  4.66346e-07  5.61259e+06  1.27947e-02  0.00000e+00
0137  3.38865e+18  5.77699e-20  4.62849e-07  5.67142e+06  1.26925e-02  0.00000e+00
0138  3.40605e+18  5.76289e-20  4.59424e-07  5.73009e+06  1.25916e-02  0.00000e+00
0139  3.42344e+18  5.74905e-20  4.56071e-07  5.78859e+06  1.24921e-02  0.00000e+00
0140  3.44083e+18  5.73546e-20  4.52787e-07  5.84692e+06  1.23940e-02  0.00000e+00
0141  3.45822e+18  5.72212e-20  4.49570e-07  5.90508e+06  1.22971e-02  0.00000e+00
0142  3.47562e+18  5.70903e-20  4.46418e-07  5.96306e+06  1.22015e-02  0.00000e+00
0143  3.49301e+18  5.69617e-20  4.43330e-07  6.02087e+06  1.21072e-02  0.00000e+00
0144  3.51040e+18  5.68354e-20  4.40304e-07  6.07851e+06  1.20141e-02  0.00000e+00
0145  3.52779e+18  5.67113e-20  4.37338e-07  6.13597e+06  1.19222e-02  0.00000e+00
0146  3.54519e+18  5.65891e-20  4.34389e-07  6.19319e+06  1.18315e-02  0.00000e+00
0147  3.56258e+18  5.64682e-20  4.31452e-07  6.25010e+06  1.17420e-02  0.00000e+00
0148  3.57997e+18  5.63488e-20  4.28572e-07  6.30681e+06  1.16536e-02  0.00000e+00
0149  3.59736e+18  5.62317e-20  4.25750e-07  6.36335e+06  1.15663e-02  0.00000e+00
0150  3.61476e+18  5.61163e-20  4.22932e-07  6.41966e+06  1.14802e-02  0.00000e+00
0151  3.63215e+18  5.60018e-20  4.20103e-07  6.47560e+06  1.13952e-02  0.00000e+00
0152  3.64954e+18  5.58883e-20  4.17326e-07  6.53132e+06  1.13112e-02  0.00000e+00
0153  3.66693e+18  5.57770e-20  4.14604e-07  6.58690e+06  1.12284e-02  0.00000e+00
0154  3.68432e+18  5.56678e-20  4.11935e-07  6.64231e+06  1.11466e-02  0.00000e+00
0155  3.70172e+18  5.55605e-20  4.09316e-07  6.69755e+06  1.10658e-02  0.00000e+00
0156  3.71911e+18  5.54550e-20  4.06747e-07  6.75261e+06  1.09861e-02  0.00000e+00
0157  3.73650e+18  5.53513e-20  4.04227e-07  6.80750e+06  1.09073e-02  0.00000e+00
0158  3.75389e+18  5.52492e-20  4.01753e-07  6.86221e+06  1.08295e-02  0.00000e+00
0159  3.77129e+18  5.51489e-20  3.99326e-07  6.91674e+06  1.07527e-02  0.00000e+00
0160  3.78868e+18  5.50503e-20  3.96943e-07  6.97110e+06  1.06768e-02  0.00000e+00
0161  3.80607e+18  5.49533e-20  3.94604e-07  7.02528e+06  1.06018e-02  0.00000e+00
0162  3.82346e+18  5.48578e-20  3.92307e-07  7.07928e+06  1.05278e-02  0.00000e+00
0163  3.84086e+18  5.47640e-20  3.90052e-07  7.13310e+06  1.04546e-02  0.00000e+00
0164  3.85825e+18  5.46716e-20  3.87837e-07  7.18675e+06  1.03823e-02  0.00000e+00
0165  3.87564e+18  5.45808e-20  3.85662e-07  7.24022e+06  1.03108e-02  0.00000e+00
0166  3.89303e+18  5.44914e-20  3.83526e-07  7.29350e+06  1.02402e-02  0.00000e+00
0167  3.91043e+18  5.44035e-20  3.81426e-07  7.34661e+06  1.01703e-02  0.00000e+00
0168  3.92782e+18  5.43169e-20  3.79364e-07  7.39953e+06  1.01013e-02  0.00000e+00
0169  3.94521e+18  5.42314e-20  3.77297e-07  7.45221e+06  1.00331e-02  0.00000e+00
0170  3.96260e+18  5.41467e-20  3.75234e-07  7.50465e+06  9.96570e-03  0.00000e+00
0171  3.98000e+18  5.40631e-20  3.73316e-07  7.55699e+06  9.89904e-03  0.00000e+00
0172  3.99739e+18  5.39792e-20  3.71096e-07  7.60866e+06  9.83316e-03  0.00000e+00
0173  4.01478e+18  5.38925e-20  3.68907e-07  7.65977e+06  9.76810e-03  0.00000e+00
0174  4.03217e+18  5.38064e-20  3.66756e-07  7.71079e+06  9.70384e-03  0.00000e+00
0175  4.04957e+18  5.37228e-20  3.64649e-07  7.76169e+06  9.64037e-03  0.00000e+00
0176  4.06696e+18  5.36408e-20  3.62582e-07  7.81244e+06  9.57766e-03  0.00000e+00
0177  4.08435e+18  5.35599e-20  3.60552e-07  7.86300e+06  9.51571e-03  0.00000e+00
0178  4.10174e+18  5.34799e-20  3.58559e-07  7.91339e+06  9.45450e-03  0.00000e+00
0179  4.11914e+18  5.34010e-20  3.56602e-07  7.96361e+06  9.39401e-03  0.00000e+00
0180  4.13653e+18  5.33232e-20  3.54679e-07  8.01365e+06  9.33424e-03  0.00000e+00
0181  4.15392e+18  5.32465e-20  3.52791e-07  8.06351e+06  9.27517e-03  0.00000e+00
0182  4.17131e+18  5.31707e-20  3.50936e-07  8.11320e+06  9.21678e-03  0.00000e+00
0183  4.18871e+18  5.30959e-20  3.49113e-07  8.16271e+06  9.15906e-03  0.00000e+00
0184  4.20610e+18  5.30221e-20  3.47321e-07  8.21204e+06  9.10201e-03  0.00000e+00
0185  4.22349e+18  5.29491e-20  3.45560e-07  8.26120e+06  9.04561e-03  0.00000e+00
0186  4.24088e+18  5.28771e-20  3.43829e-07  8.31017e+06  8.98984e-03  0.00000e+00
0187  4.25828e+18  5.28059e-20  3.42127e-07  8.35897e+06  8.93470e-03  0.00000e+00
0188  4.27567e+18  5.27356e-20  3.40454e-07  8.40758e+06  8.88017e-03  0.00000e+00
0189  4.29306e+18  5.26661e-20  3.38808e-07  8.45602e+06  8.82625e-03  0.00000e+00
0190  4.31045e+18  5.25974e-20  3.37189e-07  8.50427e+06  8.77292e-03  0.00000e+00
0191  4.32785e+18  5.25294e-20  3.35596e-07  8.55234e+06  8.72017e-03  0.00000e+00
0192  4.34524e+18  5.24622e-20  3.34029e-07  8.60022e+06  8.66800e-03  0.00000e+00
0193  4.36263e+18  5.23957e-20  3.32487e-07  8.64793e+06  8.61639e-03  0.00000e+00
0194  4.38002e+18  5.23299e-20  3.30969e-07  8.69545e+06  8.56533e-03  0.00000e+00
0195  4.39742e+18  5.22647e-20  3.29475e-07  8.74278e+06  8.51481e-03  0.00000e+00
0196  4.41481e+18  5.22002e-20  3.28004e-07  8.78993e+06  8.46483e-03  0.00000e+00
0197  4.43220e+18  5.21361e-20  3.26556e-07  8.83687e+06  8.41537e-03  0.00000e+00
0198  4.44959e+18  5.20720e-20  3.25050e-07  8.88352e+06  8.36643e-03  0.00000e+00
0199  4.46699e+18  5.20071e-20  3.23530e-07  8.92977e+06  8.31803e-03  0.00000e+00
0200  4.48438e+18  5.19419e-20  3.22029e-07  8.97582e+06  8.27015e-03  0.00000e+00
0201  4.50177e+18  5.18775e-20  3.20548e-07  9.02169e+06  8.22280e-03  0.00000e+00
0202  4.51916e+18  5.18139e-20  3.19089e-07  9.06739e+06  8.17596e-03  0.00000e+00
0203  4.53655e+18  5.17507e-20  3.17648e-07  9.11290e+06  8.12962e-03  0.00000e+00
0204  4.55395e+18  5.16878e-20  3.16226e-07  9.15821e+06  8.08377e-03  0.00000e+00
0205  4.57134e+18  5.16253e-20  3.14823e-07  9.20333e+06  8.03841e-03  0.00000e+00
0206  4.58873e+18  5.15632e-20  3.13438e-07  9.24825e+06  7.99354e-03  0.00000e+00
0207  4.60612e+18  5.15014e-20  3.12070e-07  9.29298e+06  7.94913e-03  0.00000e+00
0208  4.62352e+18  5.14399e-20  3.10720e-07  9.33751e+06  7.90519e-03  0.00000e+00
0209  4.64091e+18  5.13787e-20  3.09386e-07  9.38185e+06  7.86171e-03  0.00000e+00
0210  4.65830e+18  5.13178e-20  3.08069e-07  9.42600e+06  7.81868e-03  0.00000e+00
0211  4.67569e+18  5.12572e-20  3.06768e-07  9.46995e+06  7.77610e-03  0.00000e+00
0212  4.69309e+18  5.11971e-20  3.05483e-07  9.51372e+06  7.73395e-03  0.00000e+00
0213  4.71048e+18  5.11388e-20  3.04218e-07  9.55750e+06  7.69223e-03  0.00000e+00
0214  4.72787e+18  5.10864e-20  3.03614e-07  9.60213e+06  7.65088e-03  0.00000e+00
0215  4.74526e+18  5.10412e-20  3.03062e-07  9.64755e+06  7.60976e-03  0.00000e+00
0216  4.76266e+18  5.09919e-20  3.01743e-07  9.69100e+06  7.56896e-03  0.00000e+00
0217  4.78005e+18  5.09285e-20  3.00398e-07  9.73300e+06  7.52860e-03  0.00000e+00
0218  4.79744e+18  5.08617e-20  2.99061e-07  9.77499e+06  7.48869e-03  0.00000e+00
0219  4.81483e+18  5.07992e-20  2.97754e-07  9.81705e+06  7.44920e-03  0.00000e+00
0220  4.83223e+18  5.07390e-20  2.96469e-07  9.85897e+06  7.41012e-03  0.00000e+00
0221  4.84962e+18  5.06788e-20  2.95201e-07  9.90069e+06  7.37146e-03  0.00000e+00
0222  4.86701e+18  5.06181e-20  2.93948e-07  9.94220e+06  7.33320e-03  0.00000e+00
0223  4.88440e+18  5.05574e-20  2.92710e-07  9.98352e+06  7.29534e-03  0.00000e+00
0224  4.90180e+18  5.04968e-20  2.91487e-07  1.00246e+07  7.25786e-03  0.00000e+00
0225  4.91919e+18  5.04363e-20  2.90280e-07  1.00656e+07  7.22078e-03  0.00000e+00
0226  4.93658e+18  5.03758e-20  2.89087e-07  1.01063e+07  7.18407e-03  0.00000e+00
0227  4.95397e+18  5.03155e-20  2.87930e-07  1.01469e+07  7.14773e-03  0.00000e+00
0228  4.97137e+18  5.02550e-20  2.86728e-07  1.01873e+07  7.11175e-03  0.00000e+00
0229  4.98876e+18  5.01927e-20  2.85453e-07  1.02271e+07  7.07616e-03  0.00000e+00
0230  5.00615e+18  5.01287e-20  2.84191e-07  1.02666e+07  7.04096e-03  0.00000e+00
0231  5.02354e+18  5.00649e-20  2.82946e-07  1.03060e+07  7.00613e-03  0.00000e+00
0232  5.04094e+18  5.00017e-20  2.81720e-07  1.03453e+07  6.97168e-03  0.00000e+00
0233  5.05833e+18  4.99386e-20  2.80511e-07  1.03843e+07  6.93760e-03  0.00000e+00
0234  5.07572e+18  4.98754e-20  2.79318e-07  1.04232e+07  6.90388e-03  0.00000e+00
0235  5.09311e+18  4.98120e-20  2.78139e-07  1.04619e+07  6.87051e-03  0.00000e+00
0236  5.11051e+18  4.97485e-20  2.76976e-07  1.05004e+07  6.83749e-03  0.00000e+00
0237  5.12790e+18  4.96849e-20  2.75828e-07  1.05387e+07  6.80482e-03  0.00000e+00
0238  5.14529e+18  4.96212e-20  2.74694e-07  1.05769e+07  6.77248e-03  0.00000e+00
0239  5.16268e+18  4.95574e-20  2.73574e-07  1.06148e+07  6.74048e-03  0.00000e+00
0240  5.18008e+18  4.94934e-20  2.72468e-07  1.06525e+07  6.70880e-03  0.00000e+00
0241  5.19747e+18  4.94293e-20  2.71374e-07  1.06901e+07  6.67744e-03  0.00000e+00
0242  5.21486e+18  4.93650e-20  2.70294e-07  1.07275e+07  6.64640e-03  0.00000e+00
0243  5.23225e+18  4.93005e-20  2.69226e-07  1.07647e+07  6.61568e-03  0.00000e+00
0244  5.24965e+18  4.92359e-20  2.68170e-07  1.08017e+07  6.58525e-03  0.00000e+00
0245  5.26704e+18  4.91710e-20  2.67126e-07  1.08385e+07  6.55513e-03  0.00000e+00
0246  5.28443e+18  4.91059e-20  2.66093e-07  1.08751e+07  6.52531e-03  0.00000e+00
0247  5.30182e+18  4.90406e-20  2.65072e-07  1.09115e+07  6.49578e-03  0.00000e+00
0248  5.31922e+18  4.89750e-20  2.64062e-07  1.09478e+07  6.46654e-03  0.00000e+00
0249  5.33661e+18  4.89092e-20  2.63062e-07  1.09838e+07  6.43758e-03  0.00000e+00
0250  5.35400e+18  4.88431e-20  2.62072e-07  1.10197e+07  6.40890e-03  0.00000e+00
0251  5.37139e+18  4.87768e-20  2.61093e-07  1.10553e+07  6.38049e-03  0.00000e+00
0252  5.38879e+18  4.87102e-20  2.60124e-07  1.10908e+07  6.35236e-03  0.00000e+00
0253  5.40618e+18  4.86433e-20  2.59164e-07  1.11261e+07  6.32449e-03  0.00000e+00
0254  5.42357e+18  4.85761e-20  2.58213e-07  1.11612e+07  6.29689e-03  0.00000e+00
0255  5.44096e+18  4.85086e-20  2.57272e-07  1.11961e+07  6.26954e-03  0.00000e+00
0256  5.45836e+18  4.84408e-20  2.56339e-07  1.12308e+07  6.24245e-03  0.00000e+00
0257  5.47575e+18  4.83726e-20  2.55415e-07  1.12653e+07  6.21561e-03  0.00000e+00
0258  5.49314e+18  4.83042e-20  2.54499e-07  1.12997e+07  6.18902e-03  0.00000e+00
0259  5.51053e+18  4.82354e-20  2.53591e-07  1.13338e+07  6.16267e-03  0.00000e+00
0260  5.52793e+18  4.81663e-20  2.52692e-07  1.13678e+07  6.13656e-03  0.00000e+00
0261  5.54532e+18  4.80968e-20  2.51800e-07  1.14016e+07  6.11068e-03  0.00000e+00
0262  5.56271e+18  4.80269e-20  2.50915e-07  1.14351e+07  6.08505e-03  0.00000e+00
0263  5.58010e+18  4.79565e-20  2.50017e-07  1.14685e+07  6.05964e-03  0.00000e+00
0264  5.59750e+18  4.78855e-20  2.49126e-07  1.15016e+07  6.03446e-03  0.00000e+00
0265  5.61489e+18  4.78141e-20  2.48242e-07  1.15346e+07  6.00951e-03  0.00000e+00
0266  5.63228e+18  4.77423e-20  2.47366e-07  1.15673e+07  5.98479e-03  0.00000e+00
0267  5.64967e+18  4.76703e-20  2.46498e-07  1.15999e+07  5.96029e-03  0.00000e+00
0268  5.66707e+18  4.75978e-20  2.45636e-07  1.16323e+07  5.93601e-03  0.00000e+00
0269  5.68446e+18  4.75250e-20  2.44781e-07  1.16645e+07  5.91194e-03  0.00000e+00
0270  5.70185e+18  4.74517e-20  2.43934e-07  1.16965e+07  5.88808e-03  0.00000e+00
0271  5.71924e+18  4.73781e-20  2.43092e-07  1.17284e+07  5.86444e-03  0.00000e+00
0272  5.73664e+18  4.73041e-20  2.42257e-07  1.17600e+07  5.84099e-03  0.00000e+00
0273  5.75403e+18  4.72297e-20  2.41428e-07  1.17915e+07  5.81776e-03  0.00000e+00
0274  5.77142e+18  4.71549e-20  2.40605e-07  1.18227e+07  5.79472e-03  0.00000e+00
0275  5.78881e+18  4.70797e-20  2.39789e-07  1.18538e+07  5.77188e-03  0.00000e+00
0276  5.80620e+18  4.70041e-20  2.38977e-07  1.18847e+07  5.74923e-03  0.00000e+00
0277  5.82360e+18  4.69281e-20  2.38172e-07  1.19155e+07  5.72678e-03  0.00000e+00
0278  5.84099e+18  4.68515e-20  2.37371e-07  1.19460e+07  5.70451e-03  0.00000e+00
0279  5.85838e+18  4.67742e-20  2.36535e-07  1.19763e+07  5.68244e-03  0.00000e+00
0280  5.87577e+18  4.66961e-20  2.35699e-07  1.20063e+07  5.66056e-03  0.00000e+00
0281  5.89317e+18  4.66172e-20  2.34869e-07  1.20361e+07  5.63887e-03  0.00000e+00
0282  5.91056e+18  4.65381e-20  2.34044e-07  1.20658e+07  5.61737e-03  0.00000e+00
0283  5.92795e+18  4.64586e-20  2.33226e-07  1.20953e+07  5.59606e-03  0.00000e+00
0284  5.94534e+18  4.63788e-20  2.32413e-07  1.21246e+07  5.57493e-03  0.00000e+00
0285  5.96274e+18  4.62986e-20  2.31605e-07  1.21537e+07  5.55398e-03  0.00000e+00
0286  5.98013e+18  4.62179e-20  2.30803e-07  1.21827e+07  5.53321e-03  0.00000e+00
0287  5.99752e+18  4.61368e-20  2.30005e-07  1.22115e+07  5.51262e-03  0.00000e+00
0288  6.01491e+18  4.60552e-20  2.29213e-07  1.22400e+07  5.49220e-03  0.00000e+00
0289  6.03231e+18  4.59733e-20  2.28425e-07  1.22685e+07  5.47195e-03  0.00000e+00
0290  6.04970e+18  4.58910e-20  2.27642e-07  1.22967e+07  5.45187e-03  0.00000e+00
0291  6.06709e+18  4.58082e-20  2.26864e-07  1.23248e+07  5.43196e-03  0.00000e+00
0292  6.08448e+18  4.57250e-20  2.26090e-07  1.23527e+07  5.41222e-03  0.00000e+00
0293  6.10188e+18  4.56414e-20  2.25321e-07  1.23804e+07  5.39263e-03  0.00000e+00
0294  6.11927e+18  4.55574e-20  2.24555e-07  1.24079e+07  5.37321e-03  0.00000e+00
0295  6.13666e+18  4.54730e-20  2.23795e-07  1.24353e+07  5.35395e-03  0.00000e+00
0296  6.15405e+18  4.53882e-20  2.23038e-07  1.24624e+07  5.33484e-03  0.00000e+00
0297  6.17145e+18  4.53030e-20  2.22285e-07  1.24895e+07  5.31588e-03  0.00000e+00
0298  6.18884e+18  4.52174e-20  2.21537e-07  1.25163e+07  5.29708e-03  0.00000e+00
0299  6.20623e+18  4.51314e-20  2.20792e-07  1.25430e+07  5.27843e-03  0.00000e+00
0300  6.22362e+18  4.50450e-20  2.20051e-07  1.25695e+07  5.25993e-03  0.00000e+00
0301  6.24102e+18  4.49582e-20  2.19313e-07  1.25958e+07  5.24158e-03  0.00000e+00
0302  6.25841e+18  4.48710e-20  2.18580e-07  1.26220e+07  5.22336e-03  0.00000e+00
0303  6.27580e+18  4.47834e-20  2.17850e-07  1.26479e+07  5.20530e-03  0.00000e+00
0304  6.29319e+18  4.46955e-20  2.17123e-07  1.26738e+07  5.18737e-03  0.00000e+00
0305  6.31059e+18  4.46071e-20  2.16400e-07  1.26994e+07  5.16958e-03  0.00000e+00
0306  6.32798e+18  4.45184e-20  2.15680e-07  1.27249e+07  5.15193e-03  0.00000e+00
0307  6.34537e+18  4.44292e-20  2.14958e-07  1.27502e+07  5.13442e-03  0.00000e+00
0308  6.36276e+18  4.43395e-20  2.14216e-07  1.27753e+07  5.11704e-03  0.00000e+00
0309  6.38016e+18  4.42490e-20  2.13478e-07  1.28002e+07  5.09980e-03  0.00000e+00
0310  6.39755e+18  4.41582e-20  2.12743e-07  1.28249e+07  5.08270e-03  0.00000e+00
0311  6.41494e+18  4.40671e-20  2.12013e-07  1.28495e+07  5.06574e-03  0.00000e+00
0312  6.43233e+18  4.39757e-20  2.11286e-07  1.28739e+07  5.04891e-03  0.00000e+00
0313  6.44973e+18  4.38840e-20  2.10564e-07  1.28981e+07  5.03220e-03  0.00000e+00
0314  6.46712e+18  4.37919e-20  2.09845e-07  1.29222e+07  5.01563e-03  0.00000e+00
0315  6.48451e+18  4.36995e-20  2.09130e-07  1.29461e+07  4.99919e-03  0.00000e+00
0316  6.50190e+18  4.36068e-20  2.08419e-07  1.29699e+07  4.98287e-03  0.00000e+00
0317  6.51930e+18  4.35138e-20  2.07711e-07  1.29935e+07  4.96668e-03  0.00000e+00
0318  6.53669e+18  4.34204e-20  2.07006e-07  1.30170e+07  4.95061e-03  0.00000e+00
0319  6.55408e+18  4.33268e-20  2.06306e-07  1.30403e+07  4.93466e-03  0.00000e+00
0320  6.57147e+18  4.32328e-20  2.05608e-07  1.30634e+07  4.91883e-03  0.00000e+00
0321  6.58887e+18  4.31385e-20  2.04914e-07  1.30864e+07  4.90312e-03  0.00000e+00
0322  6.60626e+18  4.30440e-20  2.04223e-07  1.31093e+07  4.88753e-03  0.00000e+00
0323  6.62365e+18  4.29491e-20  2.03535e-07  1.31320e+07  4.87206e-03  0.00000e+00
0324  6.64104e+18  4.28540e-20  2.02850e-07  1.31545e+07  4.85669e-03  0.00000e+00
0325  6.65844e+18  4.27586e-20  2.02169e-07  1.31769e+07  4.84144e-03  0.00000e+00
0326  6.67583e+18  4.26629e-20  2.01490e-07  1.31991e+07  4.82631e-03  0.00000e+00
0327  6.69322e+18  4.25670e-20  2.00815e-07  1.32212e+07  4.81128e-03  0.00000e+00
0328  6.71061e+18  4.24708e-20  2.00142e-07  1.32431e+07  4.79636e-03  0.00000e+00
0329  6.72801e+18  4.23743e-20  1.99473e-07  1.32649e+07  4.78154e-03  0.00000e+00
0330  6.74540e+18  4.22776e-20  1.98806e-07  1.32865e+07  4.76684e-03  0.00000e+00
0331  6.76279e+18  4.21807e-20  1.98142e-07  1.33080e+07  4.75224e-03  0.00000e+00
0332  6.78018e+18  4.20835e-20  1.97481e-07  1.33294e+07  4.73774e-03  0.00000e+00
0333  6.79758e+18  4.19860e-20  1.96822e-07  1.33506e+07  4.72334e-03  0.00000e+00
0334  6.81497e+18  4.18884e-20  1.96166e-07  1.33716e+07  4.70905e-03  0.00000e+00
0335  6.83236e+18  4.17905e-20  1.95513e-07  1.33925e+07  4.69485e-03  0.00000e+00
0336  6.84975e+18  4.16924e-20  1.94862e-07  1.34133e+07  4.68075e-03  0.00000e+00
0337  6.86715e+18  4.15941e-20  1.94215e-07  1.34339e+07  4.66676e-03  0.00000e+00
0338  6.88454e+18  4.14957e-20  1.93569e-07  1.34544e+07  4.65285e-03  0.00000e+00
0339  6.90193e+18  4.13970e-20  1.92926e-07  1.34747e+07  4.63904e-03  0.00000e+00
0340  6.91932e+18  4.12981e-20  1.92286e-07  1.34949e+07  4.62533e-03  0.00000e+00
0341  6.93672e+18  4.11990e-20  1.91648e-07  1.35150e+07  4.61171e-03  0.00000e+00
0342  6.95411e+18  4.10998e-20  1.91012e-07  1.35349e+07  4.59818e-03  0.00000e+00
0343  6.97150e+18  4.10004e-20  1.90379e-07  1.35547e+07  4.58475e-03  0.00000e+00
0344  6.98889e+18  4.09008e-20  1.89749e-07  1.35744e+07  4.57140e-03  0.00000e+00
0345  7.00629e+18  4.08010e-20  1.89120e-07  1.35939e+07  4.55814e-03  0.00000e+00
0346  7.02368e+18  4.07011e-20  1.88494e-07  1.36133e+07  4.54497e-03  0.00000e+00
0347  7.04107e+18  4.06011e-20  1.87871e-07  1.36325e+07  4.53189e-03  0.00000e+00
0348  7.05846e+18  4.05009e-20  1.87249e-07  1.36516e+07  4.51889e-03  0.00000e+00
0349  7.07586e+18  4.04006e-20  1.86630e-07  1.36706e+07  4.50597e-03  0.00000e+00
0350  7.09325e+18  4.03001e-20  1.86013e-07  1.36895e+07  4.49315e-03  0.00000e+00
0351  7.11064e+18  4.01996e-20  1.85399e-07  1.37082e+07  4.48040e-03  0.00000e+00
0352  7.12803e+18  4.00989e-20  1.84786e-07  1.37268e+07  4.46774e-03  0.00000e+00
0353  7.14543e+18  3.99981e-20  1.84176e-07  1.37452e+07  4.45515e-03  0.00000e+00
0354  7.16282e+18  3.98972e-20  1.83568e-07  1.37636e+07  4.44265e-03  0.00000e+00
0355  7.18021e+18  3.97962e-20  1.82962e-07  1.37818e+07  4.43023e-03  0.00000e+00
0356  7.19760e+18  3.96951e-20  1.82359e-07  1.37998e+07  4.41789e-03  0.00000e+00
0357  7.21500e+18  3.95939e-20  1.81757e-07  1.38178e+07  4.40562e-03  0.00000e+00
0358  7.23239e+18  3.94926e-20  1.81157e-07  1.38356e+07  4.39343e-03  0.00000e+00
0359  7.24978e+18  3.93912e-20  1.80560e-07  1.38533e+07  4.38132e-03  0.00000e+00
0360  7.26717e+18  3.92898e-20  1.79965e-07  1.38709e+07  4.36928e-03  0.00000e+00
0361  7.28457e+18  3.91883e-20  1.79371e-07  1.38884e+07  4.35732e-03  0.00000e+00
0362  7.30196e+18  3.90868e-20  1.78780e-07  1.39057e+07  4.34543e-03  0.00000e+00
0363  7.31935e+18  3.89852e-20  1.78191e-07  1.39229e+07  4.33361e-03  0.00000e+00
0364  7.33674e+18  3.88836e-20  1.77604e-07  1.39400e+07  4.32187e-03  0.00000e+00
0365  7.35414e+18  3.87819e-20  1.77019e-07  1.39570e+07  4.31020e-03  0.00000e+00
0366  7.37153e+18  3.86802e-20  1.76436e-07  1.39739e+07  4.29860e-03  0.00000e+00
0367  7.38892e+18  3.85784e-20  1.75855e-07  1.39906e+07  4.28707e-03  0.00000e+00
0368  7.40631e+18  3.84766e-20  1.75276e-07  1.40073e+07  4.27560e-03  0.00000e+00
0369  7.42371e+18  3.83748e-20  1.74699e-07  1.40238e+07  4.26421e-03  0.00000e+00
0370  7.44110e+18  3.82730e-20  1.74123e-07  1.40402e+07  4.25288e-03  0.00000e+00
0371  7.45849e+18  3.81712e-20  1.73550e-07  1.40564e+07  4.24163e-03  0.00000e+00
0372  7.47588e+18  3.80694e-20  1.72979e-07  1.40726e+07  4.23043e-03  0.00000e+00
0373  7.49328e+18  3.79676e-20  1.72410e-07  1.40887e+07  4.21931e-03  0.00000e+00
0374  7.51067e+18  3.78658e-20  1.71843e-07  1.41046e+07  4.20825e-03  0.00000e+00
0375  7.52806e+18  3.77640e-20  1.71277e-07  1.41205e+07  4.19725e-03  0.00000e+00
0376  7.54545e+18  3.76622e-20  1.70714e-07  1.41362e+07  4.18632e-03  0.00000e+00
0377  7.56285e+18  3.75604e-20  1.70152e-07  1.41518e+07  4.17545e-03  0.00000e+00
0378  7.58024e+18  3.74587e-20  1.69592e-07  1.41673e+07  4.16464e-03  0.00000e+00
0379  7.59763e+18  3.73569e-20  1.69028e-07  1.41827e+07  4.15390e-03  0.00000e+00
0380  7.61502e+18  3.72552e-20  1.68466e-07  1.41980e+07  4.14322e-03  0.00000e+00
0381  7.63242e+18  3.71534e-20  1.67906e-07  1.42131e+07  4.13260e-03  0.00000e+00
0382  7.64981e+18  3.70518e-20  1.67348e-07  1.42282e+07  4.12204e-03  0.00000e+00
0383  7.66720e+18  3.69502e-20  1.66792e-07  1.42431e+07  4.11154e-03  0.00000e+00
0384  7.68459e+18  3.68486e-20  1.66238e-07  1.42580e+07  4.10110e-03  0.00000e+00
0385  7.70199e+18  3.67471e-20  1.65686e-07  1.42727e+07  4.09073e-03  0.00000e+00
0386  7.71938e+18  3.66457e-20  1.65136e-07  1.42874e+07  4.08041e-03  0.00000e+00
0387  7.73677e+18  3.65443e-20  1.64588e-07  1.43019e+07  4.07015e-03  0.00000e+00
0388  7.75416e+18  3.64430e-20  1.64042e-07  1.43164e+07  4.05994e-03  0.00000e+00
0389  7.77156e+18  3.63418e-20  1.63498e-07  1.43307e+07  4.04980e-03  0.00000e+00
0390  7.78895e+18  3.62407e-20  1.62955e-07  1.43450e+07  4.03971e-03  0.00000e+00
0391  7.80634e+18  3.61397e-20  1.62415e-07  1.43591e+07  4.02968e-03  0.00000e+00
0392  7.82373e+18  3.60388e-20  1.61876e-07  1.43732e+07  4.01970e-03  0.00000e+00
0393  7.84113e+18  3.59379e-20  1.61340e-07  1.43871e+07  4.00978e-03  0.00000e+00
0394  7.85852e+18  3.58372e-20  1.60805e-07  1.44010e+07  3.99992e-03  0.00000e+00
0395  7.87591e+18  3.57366e-20  1.60272e-07  1.44147e+07  3.99010e-03  0.00000e+00
0396  7.89330e+18  3.56360e-20  1.59741e-07  1.44284e+07  3.98034e-03  0.00000e+00
0397  7.91070e+18  3.55356e-20  1.59212e-07  1.44420e+07  3.97064e-03  0.00000e+00
0398  7.92809e+18  3.54353e-20  1.58685e-07  1.44555e+07  3.96099e-03  0.00000e+00
0399  7.94548e+18  3.53351e-20  1.58160e-07  1.44688e+07  3.95139e-03  0.00000e+00
0400  7.96287e+18  3.52351e-20  1.57637e-07  1.44821e+07  3.94184e-03  0.00000e+00
0401  7.98027e+18  3.51352e-20  1.57115e-07  1.44953e+07  3.93234e-03  0.00000e+00
0402  7.99766e+18  3.50354e-20  1.56596e-07  1.45085e+07  3.92289e-03  0.00000e+00
0403  8.01505e+18  3.49357e-20  1.56078e-07  1.45215e+07  3.91350e-03  0.00000e+00
0404  8.03244e+18  3.48362e-20  1.55562e-07  1.45344e+07  3.90415e-03  0.00000e+00
0405  8.04984e+18  3.47368e-20  1.55048e-07  1.45473e+07  3.89485e-03  0.00000e+00
0406  8.06723e+18  3.46376e-20  1.54536e-07  1.45600e+07  3.88560e-03  0.00000e+00
0407  8.08462e+18  3.45385e-20  1.54026e-07  1.45727e+07  3.87640e-03  0.00000e+00
0408  8.10201e+18  3.44395e-20  1.53517e-07  1.45853e+07  3.86725e-03  0.00000e+00
0409  8.11940e+18  3.43408e-20  1.53011e-07  1.45978e+07  3.85815e-03  0.00000e+00
0410  8.13680e+18  3.42421e-20  1.52506e-07  1.46102e+07  3.84909e-03  0.00000e+00
0411  8.15419e+18  3.41437e-20  1.52003e-07  1.46225e+07  3.84008e-03  0.00000e+00
0412  8.17158e+18  3.40454e-20  1.51502e-07  1.46348e+07  3.83112e-03  0.00000e+00
0413  8.18897e+18  3.39473e-20  1.51002e-07  1.46469e+07  3.82220e-03  0.00000e+00
0414  8.20637e+18  3.38493e-20  1.50505e-07  1.46590e+07  3.81333e-03  0.00000e+00
0415  8.22376e+18  3.37515e-20  1.50009e-07  1.46710e+07  3.80450e-03  0.00000e+00
0416  8.24115e+18  3.36539e-20  1.49515e-07  1.46829e+07  3.79572e-03  0.00000e+00
0417  8.25854e+18  3.35565e-20  1.49023e-07  1.46948e+07  3.78698e-03  0.00000e+00
0418  8.27594e+18  3.34592e-20  1.48533e-07  1.47065e+07  3.77829e-03  0.00000e+00
0419  8.29333e+18  3.33621e-20  1.48045e-07  1.47182e+07  3.76964e-03  0.00000e+00
0420  8.31072e+18  3.32653e-20  1.47558e-07  1.47298e+07  3.76104e-03  0.00000e+00
0421  8.32811e+18  3.31686e-20  1.47073e-07  1.47413e+07  3.75247e-03  0.00000e+00
0422  8.34551e+18  3.30721e-20  1.46590e-07  1.47528e+07  3.74395e-03  0.00000e+00
0423  8.36290e+18  3.29758e-20  1.46109e-07  1.47641e+07  3.73547e-03  0.00000e+00
0424  8.38029e+18  3.28796e-20  1.45630e-07  1.47754e+07  3.72704e-03  0.00000e+00
0425  8.39768e+18  3.27837e-20  1.45152e-07  1.47866e+07  3.71864e-03  0.00000e+00
0426  8.41508e+18  3.26880e-20  1.44676e-07  1.47978e+07  3.71029e-03  0.00000e+00
0427  8.43247e+18  3.25925e-20  1.44202e-07  1.48088e+07  3.70198e-03  0.00000e+00
0428  8.44986e+18  3.24972e-20  1.43729e-07  1.48198e+07  3.69371e-03  0.00000e+00
0429  8.46725e+18  3.24021e-20  1.43259e-07  1.48307e+07  3.68547e-03  0.00000e+00
0430  8.48465e+18  3.23072e-20  1.42790e-07  1.48416e+07  3.67728e-03  0.00000e+00
0431  8.50204e+18  3.22125e-20  1.42323e-07  1.48524e+07  3.66913e-03  0.00000e+00
0432  8.51943e+18  3.21181e-20  1.41857e-07  1.48631e+07  3.66102e-03  0.00000e+00
0433  8.53682e+18  3.20238e-20  1.41394e-07  1.48737e+07  3.65294e-03  0.00000e+00
0434  8.55422e+18  3.19298e-20  1.40932e-07  1.48843e+07  3.64491e-03  0.00000e+00
0435  8.57161e+18  3.18359e-20  1.40472e-07  1.48947e+07  3.63691e-03  0.00000e+00
0436  8.58900e+18  3.17424e-20  1.40013e-07  1.49052e+07  3.62895e-03  0.00000e+00
0437  8.60639e+18  3.16490e-20  1.39557e-07  1.49155e+07  3.62103e-03  0.00000e+00
0438  8.62379e+18  3.15558e-20  1.39102e-07  1.49258e+07  3.61315e-03  0.00000e+00
0439  8.64118e+18  3.14629e-20  1.38649e-07  1.49360e+07  3.60530e-03  0.00000e+00
0440  8.65857e+18  3.13702e-20  1.38197e-07  1.49462e+07  3.59749e-03  0.00000e+00
0441  8.67596e+18  3.12777e-20  1.37747e-07  1.49563e+07  3.58971e-03  0.00000e+00
0442  8.69336e+18  3.11855e-20  1.37299e-07  1.49663e+07  3.58198e-03  0.00000e+00
0443  8.71075e+18  3.10935e-20  1.36853e-07  1.49762e+07  3.57428e-03  0.00000e+00
0444  8.72814e+18  3.10017e-20  1.36408e-07  1.49861e+07  3.56661e-03  0.00000e+00
0445  8.74553e+18  3.09102e-20  1.35965e-07  1.49959e+07  3.55898e-03  0.00000e+00
0446  8.76293e+18  3.08189e-20  1.35524e-07  1.50057e+07  3.55138e-03  0.00000e+00
0447  8.78032e+18  3.07278e-20  1.35084e-07  1.50154e+07  3.54382e-03  0.00000e+00
0448  8.79771e+18  3.06370e-20  1.34647e-07  1.50250e+07  3.53630e-03  0.00000e+00
0449  8.81510e+18  3.05464e-20  1.34210e-07  1.50346e+07  3.52881e-03  0.00000e+00
0450  8.83250e+18  3.04560e-20  1.33776e-07  1.50441e+07  3.52135e-03  0.00000e+00
0451  8.84989e+18  3.03659e-20  1.33343e-07  1.50535e+07  3.51392e-03  0.00000e+00
0452  8.86728e+18  3.02760e-20  1.32912e-07  1.50629e+07  3.50653e-03  0.00000e+00
0453  8.88467e+18  3.01864e-20  1.32482e-07  1.50722e+07  3.49918e-03  0.00000e+00
0454  8.90207e+18  3.00970e-20  1.32054e-07  1.50815e+07  3.49185e-03  0.00000e+00
0455  8.91946e+18  3.00079e-20  1.31628e-07  1.50907e+07  3.48456e-03  0.00000e+00
0456  8.93685e+18  2.99190e-20  1.31203e-07  1.50999e+07  3.47730e-03  0.00000e+00
0457  8.95424e+18  2.98304e-20  1.30780e-07  1.51089e+07  3.47008e-03  0.00000e+00
0458  8.97164e+18  2.97420e-20  1.30359e-07  1.51180e+07  3.46288e-03  0.00000e+00
0459  8.98903e+18  2.96539e-20  1.29939e-07  1.51269e+07  3.45572e-03  0.00000e+00
0460  9.00642e+18  2.95660e-20  1.29521e-07  1.51358e+07  3.44859e-03  0.00000e+00
0461  9.02381e+18  2.94783e-20  1.29105e-07  1.51447e+07  3.44149e-03  0.00000e+00
0462  9.04121e+18  2.93909e-20  1.28690e-07  1.51535e+07  3.43442e-03  0.00000e+00
0463  9.05860e+18  2.93038e-20  1.28277e-07  1.51623e+07  3.42738e-03  0.00000e+00
0464  9.07599e+18  2.92169e-20  1.27865e-07  1.51709e+07  3.42038e-03  0.00000e+00
0465  9.09338e+18  2.91303e-20  1.27455e-07  1.51796e+07  3.41340e-03  0.00000e+00
0466  9.11078e+18  2.90439e-20  1.27047e-07  1.51882e+07  3.40646e-03  0.00000e+00
0467  9.12817e+18  2.89578e-20  1.26640e-07  1.51967e+07  3.39954e-03  0.00000e+00
0468  9.14556e+18  2.88719e-20  1.26235e-07  1.52051e+07  3.39265e-03  0.00000e+00
0469  9.16295e+18  2.87863e-20  1.25831e-07  1.52136e+07  3.38580e-03  0.00000e+00
0470  9.18035e+18  2.87010e-20  1.25429e-07  1.52219e+07  3.37897e-03  0.00000e+00
0471  9.19774e+18  2.86159e-20  1.25029e-07  1.52302e+07  3.37217e-03  0.00000e+00
0472  9.21513e+18  2.85310e-20  1.24630e-07  1.52385e+07  3.36540e-03  0.00000e+00
0473  9.23252e+18  2.84464e-20  1.24233e-07  1.52467e+07  3.35866e-03  0.00000e+00
0474  9.24992e+18  2.83621e-20  1.23837e-07  1.52549e+07  3.35195e-03  0.00000e+00
0475  9.26731e+18  2.82780e-20  1.23443e-07  1.52630e+07  3.34527e-03  0.00000e+00
0476  9.28470e+18  2.81942e-20  1.23050e-07  1.52710e+07  3.33861e-03  0.00000e+00
0477  9.30209e+18  2.81107e-20  1.22659e-07  1.52790e+07  3.33198e-03  0.00000e+00
0478  9.31949e+18  2.80274e-20  1.22270e-07  1.52870e+07  3.32538e-03  0.00000e+00
0479  9.33688e+18  2.79444e-20  1.21882e-07  1.52949e+07  3.31881e-03  0.00000e+00
0480  9.35427e+18  2.78616e-20  1.21495e-07  1.53028e+07  3.31227e-03  0.00000e+00
0481  9.37166e+18  2.77791e-20  1.21110e-07  1.53106e+07  3.30575e-03  0.00000e+00
0482  9.38906e+18  2.76968e-20  1.20727e-07  1.53183e+07  3.29926e-03  0.00000e+00
0483  9.40645e+18  2.76148e-20  1.20345e-07  1.53261e+07  3.29279e-03  0.00000e+00
0484  9.42384e+18  2.75331e-20  1.19965e-07  1.53337e+07  3.28636e-03  0.00000e+00
0485  9.44123e+18  2.74516e-20  1.19586e-07  1.53413e+07  3.27995e-03  0.00000e+00
0486  9.45863e+18  2.73704e-20  1.19208e-07  1.53489e+07  3.27356e-03  0.00000e+00
0487  9.47602e+18  2.72895e-20  1.18833e-07  1.53564e+07  3.26720e-03  0.00000e+00
0488  9.49341e+18  2.72088e-20  1.18458e-07  1.53639e+07  3.26087e-03  0.00000e+00
0489  9.51080e+18  2.71284e-20  1.18085e-07  1.53714e+07  3.25456e-03  0.00000e+00
0490  9.52820e+18  2.70482e-20  1.17714e-07  1.53787e+07  3.24828e-03  0.00000e+00
0491  9.54559e+18  2.69683e-20  1.17344e-07  1.53861e+07  3.24203e-03  0.00000e+00
0492  9.56298e+18  2.68886e-20  1.16975e-07  1.53934e+07  3.23580e-03  0.00000e+00
0493  9.58037e+18  2.68093e-20  1.16608e-07  1.54006e+07  3.22959e-03  0.00000e+00
0494  9.59777e+18  2.67301e-20  1.16243e-07  1.54079e+07  3.22341e-03  0.00000e+00
0495  9.61516e+18  2.66513e-20  1.15879e-07  1.54150e+07  3.21726e-03  0.00000e+00
0496  9.63255e+18  2.65727e-20  1.15516e-07  1.54222e+07  3.21112e-03  0.00000e+00
0497  9.64994e+18  2.64943e-20  1.15155e-07  1.54292e+07  3.20502e-03  0.00000e+00
0498  9.66734e+18  2.64162e-20  1.14795e-07  1.54363e+07  3.19894e-03  0.00000e+00
0499  9.68473e+18  2.63384e-20  1.14437e-07  1.54433e+07  3.19288e-03  0.00000e+00
0500  9.70212e+18  2.62608e-20  1.14080e-07  1.54502e+07  3.18684e-03  0.00000e+00
0501  9.71951e+18  2.61835e-20  1.13725e-07  1.54572e+07  3.18083e-03  0.00000e+00
0502  9.73691e+18  2.61065e-20  1.13371e-07  1.54640e+07  3.17484e-03  0.00000e+00
0503  9.75430e+18  2.60297e-20  1.13018e-07  1.54709e+07  3.16888e-03  0.00000e+00
0504  9.77169e+18  2.59532e-20  1.12667e-07  1.54777e+07  3.16294e-03  0.00000e+00
0505  9.78908e+18  2.58769e-20  1.12317e-07  1.54844e+07  3.15702e-03  0.00000e+00
0506  9.80648e+18  2.58009e-20  1.11969e-07  1.54911e+07  3.15113e-03  0.00000e+00
0507  9.82387e+18  2.57251e-20  1.11622e-07  1.54978e+07  3.14526e-03  0.00000e+00
0508  9.84126e+18  2.56496e-20  1.11276e-07  1.55044e+07  3.13941e-03  0.00000e+00
0509  9.85865e+18  2.55744e-20  1.10932e-07  1.55110e+07  3.13358e-03  0.00000e+00
0510  9.87605e+18  2.54994e-20  1.10589e-07  1.55176e+07  3.12778e-03  0.00000e+00
0511  9.89344e+18  2.54247e-20  1.10248e-07  1.55241e+07  3.12200e-03  0.00000e+00
0512  9.91083e+18  2.53502e-20  1.09908e-07  1.55306e+07  3.11624e-03  0.00000e+00
0513  9.92822e+18  2.52760e-20  1.09569e-07  1.55370e+07  3.11050e-03  0.00000e+00
0514  9.94562e+18  2.52020e-20  1.09231e-07  1.55434e+07  3.10479e-03  0.00000e+00
0515  9.96301e+18  2.51283e-20  1.08895e-07  1.55498e+07  3.09910e-03  0.00000e+00
0516  9.98040e+18  2.50549e-20  1.08561e-07  1.55561e+07  3.09342e-03  0.00000e+00
0517  9.99779e+18  2.49817e-20  1.08227e-07  1.55624e+07  3.08777e-03  0.00000e+00
0518  1.00152e+19  2.49087e-20  1.07895e-07  1.55687e+07  3.08214e-03  0.00000e+00
0519  1.00326e+19  2.48361e-20  1.07565e-07  1.55749e+07  3.07654e-03  0.00000e+00
0520  1.00500e+19  2.47636e-20  1.07235e-07  1.55811e+07  3.07095e-03  0.00000e+00
0521  1.00674e+19  2.46914e-20  1.06907e-07  1.55872e+07  3.06539e-03  0.00000e+00
0522  1.00848e+19  2.46195e-20  1.06581e-07  1.55934e+07  3.05984e-03  0.00000e+00
0523  1.01021e+19  2.45478e-20  1.06255e-07  1.55994e+07  3.05432e-03  0.00000e+00
0524  1.01195e+19  2.44764e-20  1.05931e-07  1.56055e+07  3.04881e-03  0.00000e+00
0525  1.01369e+19  2.44052e-20  1.05608e-07  1.56115e+07  3.04333e-03  0.00000e+00
0526  1.01543e+19  2.43343e-20  1.05287e-07  1.56175e+07  3.03787e-03  0.00000e+00
0527  1.01717e+19  2.42636e-20  1.04967e-07  1.56234e+07  3.03242e-03  0.00000e+00
0528  1.01891e+19  2.41932e-20  1.04648e-07  1.56293e+07  3.02700e-03  0.00000e+00
0529  1.02065e+19  2.41230e-20  1.04330e-07  1.56352e+07  3.02160e-03  0.00000e+00
0530  1.02239e+19  2.40531e-20  1.04014e-07  1.56410e+07  3.01622e-03  0.00000e+00
0531  1.02413e+19  2.39834e-20  1.03699e-07  1.56468e+07  3.01085e-03  0.00000e+00
0532  1.02587e+19  2.39140e-20  1.03385e-07  1.56526e+07  3.00551e-03  0.00000e+00
0533  1.02761e+19  2.38448e-20  1.03072e-07  1.56584e+07  3.00019e-03  0.00000e+00
0534  1.02935e+19  2.37758e-20  1.02761e-07  1.56641e+07  2.99488e-03  0.00000e+00
0535  1.03109e+19  2.37071e-20  1.02451e-07  1.56698e+07  2.98960e-03  0.00000e+00
0536  1.03283e+19  2.36387e-20  1.02142e-07  1.56754e+07  2.98433e-03  0.00000e+00
0537  1.03456e+19  2.35704e-20  1.01834e-07  1.56810e+07  2.97909e-03  0.00000e+00
0538  1.03630e+19  2.35025e-20  1.01528e-07  1.56866e+07  2.97386e-03  0.00000e+00
0539  1.03804e+19  2.34347e-20  1.01223e-07  1.56922e+07  2.96865e-03  0.00000e+00
0540  1.03978e+19  2.33672e-20  1.00891e-07  1.56976e+07  2.96346e-03  0.00000e+00
0541  1.04152e+19  2.32998e-20  1.00582e-07  1.57030e+07  2.95829e-03  0.00000e+00
0542  1.04326e+19  2.32327e-20  1.00275e-07  1.57085e+07  2.95314e-03  0.00000e+00
0543  1.04500e+19  2.31659e-20  9.99687e-08  1.57139e+07  2.94802e-03  0.00000e+00
0544  1.04674e+19  2.30994e-20  9.96640e-08  1.57193e+07  2.94291e-03  0.00000e+00
0545  1.04848e+19  2.30330e-20  9.93605e-08  1.57246e+07  2.93782e-03  0.00000e+00
0546  1.05022e+19  2.29669e-20  9.90583e-08  1.57300e+07  2.93275e-03  0.00000e+00
0547  1.05196e+19  2.29011e-20  9.87573e-08  1.57353e+07  2.92769e-03  0.00000e+00
0548  1.05370e+19  2.28355e-20  9.84577e-08  1.57405e+07  2.92266e-03  0.00000e+00
0549  1.05544e+19  2.27701e-20  9.81592e-08  1.57458e+07  2.91765e-03  0.00000e+00
0550  1.05717e+19  2.27050e-20  9.78621e-08  1.57510e+07  2.91265e-03  0.00000e+00
0551  1.05891e+19  2.26400e-20  9.75660e-08  1.57561e+07  2.90767e-03  0.00000e+00
0552  1.06065e+19  2.25757e-20  9.72722e-08  1.57613e+07  2.90273e-03  0.00000e+00
0553  1.06239e+19  2.25097e-20  9.69748e-08  1.57665e+07  2.89768e-03  0.00000e+00
0554  1.06413e+19  2.24515e-20  9.66984e-08  1.57711e+07  2.89321e-03  0.00000e+00
0555  1.06587e+19  2.23511e-20  9.63108e-08  1.57789e+07  2.88551e-03  0.00000e+00
