# Athena++ data at time=4.320000e+12  cycle=324544186  variables=uov 
# i       x1v         user_out_var0          user_out_var1          user_out_var2          user_out_var3          user_out_var4          user_out_var5      
0002  1.07548e+18  4.91743e+00  3.03478e+04  7.00124e-16  0.00000e+00  0.00000e+00  3.39500e-05
0003  1.09287e+18  1.05715e+01  4.05190e+04  4.40660e-17  0.00000e+00  0.00000e+00  3.28781e-05
0004  1.11027e+18  1.62622e+01  5.06180e+04  2.31390e-17  0.00000e+00  0.00000e+00  3.18561e-05
0005  1.12766e+18  2.43241e+01  6.51832e+04  3.62589e-17  0.00000e+00  0.00000e+00  3.08811e-05
0006  1.14505e+18  3.71610e+01  9.06186e+04  5.46288e-17  0.00000e+00  0.00000e+00  2.99501e-05
0007  1.16244e+18  5.43375e+01  1.25166e+05  4.37137e-17  0.00000e+00  0.00000e+00  2.90606e-05
0008  1.17983e+18  6.10231e+01  1.34581e+05  1.11154e-17  0.00000e+00  0.00000e+00  2.82102e-05
0009  1.19723e+18  6.60230e+01  1.41156e+05  1.25506e-17  0.00000e+00  0.00000e+00  2.73965e-05
0010  1.21462e+18  7.08652e+01  1.47200e+05  1.11160e-17  0.00000e+00  0.00000e+00  2.66176e-05
0011  1.23201e+18  7.40133e+01  1.49734e+05  6.49731e-18  0.00000e+00  0.00000e+00  2.58714e-05
0012  1.24940e+18  7.69697e+01  1.52142e+05  6.99401e-18  0.00000e+00  0.00000e+00  2.51561e-05
0013  1.26679e+18  7.99505e+01  1.54602e+05  6.86025e-18  0.00000e+00  0.00000e+00  2.44701e-05
0014  1.28419e+18  8.28657e+01  1.57040e+05  6.47224e-18  0.00000e+00  0.00000e+00  2.38118e-05
0015  1.30158e+18  8.56565e+01  1.59341e+05  5.93252e-18  0.00000e+00  0.00000e+00  2.31797e-05
0016  1.31897e+18  8.81869e+01  1.61250e+05  5.27879e-18  0.00000e+00  0.00000e+00  2.25724e-05
0017  1.33636e+18  9.06399e+01  1.63139e+05  5.14183e-18  0.00000e+00  0.00000e+00  2.19887e-05
0018  1.35375e+18  9.30435e+01  1.65031e+05  4.94508e-18  0.00000e+00  0.00000e+00  2.14273e-05
0019  1.37115e+18  9.53730e+01  1.66904e+05  4.48573e-18  0.00000e+00  0.00000e+00  2.08872e-05
0020  1.38854e+18  9.71882e+01  1.67935e+05 -1.65330e-16  0.00000e+00  0.00000e+00  2.03672e-05
0021  1.40593e+18  9.91179e+01  1.69334e+05  4.11578e-18  0.00000e+00  0.00000e+00  1.98665e-05
0022  1.42332e+18  1.01329e+02  1.71278e+05  4.23404e-18  0.00000e+00  0.00000e+00  1.93839e-05
0023  1.44071e+18  1.03043e+02  1.72415e+05  3.25243e-18  0.00000e+00  0.00000e+00  1.89187e-05
0024  1.45811e+18  1.04782e+02  1.73780e+05  3.50572e-18  0.00000e+00  0.00000e+00  1.84701e-05
0025  1.47550e+18  1.06528e+02  1.75193e+05  3.39433e-18  0.00000e+00  0.00000e+00  1.80373e-05
0026  1.49289e+18  1.08193e+02  1.76583e+05  3.22009e-18  0.00000e+00  0.00000e+00  1.76194e-05
0027  1.51028e+18  1.09762e+02  1.77933e+05  3.01747e-18  0.00000e+00  0.00000e+00  1.72160e-05
0028  1.52767e+18  1.11088e+02  1.79105e+05  2.56867e-18  0.00000e+00  0.00000e+00  1.68262e-05
0029  1.54507e+18  1.11853e+02  1.79784e+05  5.37923e-18  0.00000e+00  0.00000e+00  1.64495e-05
0030  1.56246e+18  3.18343e+02  5.40389e+05  5.83754e-16  0.00000e+00  0.00000e+00  1.60854e-05
0031  1.57985e+18  6.68022e+02  9.18499e+05  2.33763e-16  0.00000e+00  0.00000e+00  1.57331e-05
0032  1.59724e+18  8.81049e+02  1.17259e+06  1.54924e-16  0.00000e+00  0.00000e+00  1.53924e-05
0033  1.61463e+18  1.03871e+03  1.34853e+06  1.30730e-16  0.00000e+00  0.00000e+00  1.50626e-05
0034  1.63203e+18  1.17648e+03  1.49313e+06  1.18825e-16  0.00000e+00  0.00000e+00  1.47432e-05
0035  1.64942e+18  1.30561e+03  1.62013e+06  1.09058e-16  0.00000e+00  0.00000e+00  1.44340e-05
0036  1.66681e+18  1.42953e+03  1.73557e+06  1.00843e-16  0.00000e+00  0.00000e+00  1.41343e-05
0037  1.68420e+18  1.54877e+03  1.84007e+06  9.25700e-17  0.00000e+00  0.00000e+00  1.38439e-05
0038  1.70160e+18  1.66344e+03  1.93572e+06  8.54012e-17  0.00000e+00  0.00000e+00  1.35623e-05
0039  1.71899e+18  1.77338e+03  2.02223e+06  7.82800e-17  0.00000e+00  0.00000e+00  1.32893e-05
0040  1.73638e+18  1.87849e+03  2.10126e+06  7.23522e-17  0.00000e+00  0.00000e+00  1.30244e-05
0041  1.75377e+18  1.97996e+03  2.17367e+06  6.72187e-17  0.00000e+00  0.00000e+00  1.27674e-05
0042  1.77116e+18  2.07798e+03  2.23989e+06  6.23817e-17  0.00000e+00  0.00000e+00  1.25178e-05
0043  1.78856e+18  2.17232e+03  2.30043e+06  5.79075e-17  0.00000e+00  0.00000e+00  1.22756e-05
0044  1.80595e+18  2.26323e+03  2.35608e+06  5.40018e-17  0.00000e+00  0.00000e+00  1.20403e-05
0045  1.82334e+18  2.35109e+03  2.40712e+06  5.03841e-17  0.00000e+00  0.00000e+00  1.18117e-05
0046  1.84073e+18  2.43577e+03  2.45403e+06  4.70508e-17  0.00000e+00  0.00000e+00  1.15895e-05
0047  1.85813e+18  2.51727e+03  2.49724e+06  4.39885e-17  0.00000e+00  0.00000e+00  1.13736e-05
0050  1.87552e+18  2.59553e+03  2.53705e+06  4.11808e-17  0.00000e+00  0.00000e+00  1.11636e-05
0051  1.89291e+18  2.67085e+03  2.57406e+06  3.87899e-17  0.00000e+00  0.00000e+00  1.09594e-05
0052  1.91030e+18  2.74415e+03  2.60837e+06  3.66765e-17  0.00000e+00  0.00000e+00  1.07608e-05
0053  1.92769e+18  2.81581e+03  2.64003e+06  3.46886e-17  0.00000e+00  0.00000e+00  1.05675e-05
0054  1.94509e+18  2.88575e+03  2.66929e+06  3.28226e-17  0.00000e+00  0.00000e+00  1.03793e-05
0055  1.96248e+18  2.95399e+03  2.69630e+06  3.10735e-17  0.00000e+00  0.00000e+00  1.01962e-05
0056  1.97987e+18  3.02050e+03  2.72125e+06  2.94355e-17  0.00000e+00  0.00000e+00  1.00178e-05
0057  1.99726e+18  3.08524e+03  2.74432e+06  2.79027e-17  0.00000e+00  0.00000e+00  9.84411e-06
0058  2.01466e+18  3.14812e+03  2.76569e+06  2.64727e-17  0.00000e+00  0.00000e+00  9.67488e-06
0059  2.03205e+18  3.20922e+03  2.78559e+06  2.51798e-17  0.00000e+00  0.00000e+00  9.50998e-06
0060  2.04944e+18  3.26913e+03  2.80384e+06  2.39617e-17  0.00000e+00  0.00000e+00  9.34925e-06
0061  2.06683e+18  3.32777e+03  2.82060e+06  2.28146e-17  0.00000e+00  0.00000e+00  9.19257e-06
0062  2.08423e+18  3.38518e+03  2.83594e+06  2.17343e-17  0.00000e+00  0.00000e+00  9.03979e-06
0063  2.10162e+18  3.44140e+03  2.84997e+06  2.07165e-17  0.00000e+00  0.00000e+00  8.89079e-06
0064  2.11901e+18  3.49645e+03  2.86274e+06  1.97574e-17  0.00000e+00  0.00000e+00  8.74544e-06
0065  2.13640e+18  3.55037e+03  2.87435e+06  1.88533e-17  0.00000e+00  0.00000e+00  8.60363e-06
0066  2.15379e+18  3.60319e+03  2.88486e+06  1.80007e-17  0.00000e+00  0.00000e+00  8.46523e-06
0067  2.17119e+18  3.65494e+03  2.89434e+06  1.71962e-17  0.00000e+00  0.00000e+00  8.33016e-06
0068  2.18858e+18  3.70565e+03  2.90284e+06  1.64367e-17  0.00000e+00  0.00000e+00  8.19828e-06
0069  2.20597e+18  3.75532e+03  2.91045e+06  1.57195e-17  0.00000e+00  0.00000e+00  8.06952e-06
0070  2.22336e+18  3.80416e+03  2.91707e+06  1.50379e-17  0.00000e+00  0.00000e+00  7.94377e-06
0071  2.24076e+18  3.85149e+03  2.92333e+06  1.44524e-17  0.00000e+00  0.00000e+00  7.82093e-06
0072  2.25815e+18  3.89744e+03  2.92924e+06  1.38947e-17  0.00000e+00  0.00000e+00  7.70092e-06
0073  2.27554e+18  3.94219e+03  2.93475e+06  1.33630e-17  0.00000e+00  0.00000e+00  7.58365e-06
0074  2.29293e+18  3.98591e+03  2.93981e+06  1.28560e-17  0.00000e+00  0.00000e+00  7.46904e-06
0075  2.31033e+18  4.02871e+03  2.94439e+06  1.23724e-17  0.00000e+00  0.00000e+00  7.35701e-06
0076  2.32772e+18  4.07066e+03  2.94848e+06  1.19108e-17  0.00000e+00  0.00000e+00  7.24748e-06
0077  2.34511e+18  4.11184e+03  2.95210e+06  1.14702e-17  0.00000e+00  0.00000e+00  7.14038e-06
0078  2.36250e+18  4.15228e+03  2.95524e+06  1.10494e-17  0.00000e+00  0.00000e+00  7.03563e-06
0079  2.37989e+18  4.19201e+03  2.95792e+06  1.06475e-17  0.00000e+00  0.00000e+00  6.93317e-06
0080  2.39729e+18  4.23108e+03  2.96015e+06  1.02635e-17  0.00000e+00  0.00000e+00  6.83294e-06
0081  2.41468e+18  4.26949e+03  2.96195e+06  9.89637e-18  0.00000e+00  0.00000e+00  6.73486e-06
0082  2.43207e+18  4.30728e+03  2.96334e+06  9.54540e-18  0.00000e+00  0.00000e+00  6.63888e-06
0083  2.44946e+18  4.34446e+03  2.96434e+06  9.20972e-18  0.00000e+00  0.00000e+00  6.54493e-06
0084  2.46686e+18  4.38106e+03  2.96495e+06  8.88858e-18  0.00000e+00  0.00000e+00  6.45297e-06
0085  2.48425e+18  4.41708e+03  2.96520e+06  8.58125e-18  0.00000e+00  0.00000e+00  6.36293e-06
0086  2.50164e+18  4.45254e+03  2.96510e+06  8.28703e-18  0.00000e+00  0.00000e+00  6.27476e-06
0087  2.51903e+18  4.48746e+03  2.96467e+06  8.00528e-18  0.00000e+00  0.00000e+00  6.18842e-06
0088  2.53643e+18  4.52185e+03  2.96393e+06  7.73539e-18  0.00000e+00  0.00000e+00  6.10384e-06
0089  2.55382e+18  4.55573e+03  2.96288e+06  7.47723e-18  0.00000e+00  0.00000e+00  6.02098e-06
0090  2.57121e+18  4.58907e+03  2.96157e+06  7.23458e-18  0.00000e+00  0.00000e+00  5.93980e-06
0091  2.58860e+18  4.62189e+03  2.96003e+06  7.00163e-18  0.00000e+00  0.00000e+00  5.86026e-06
0092  2.60600e+18  4.65421e+03  2.95826e+06  6.77791e-18  0.00000e+00  0.00000e+00  5.78229e-06
0093  2.62339e+18  4.68603e+03  2.95628e+06  6.56301e-18  0.00000e+00  0.00000e+00  5.70588e-06
0094  2.64078e+18  4.71737e+03  2.95408e+06  6.35651e-18  0.00000e+00  0.00000e+00  5.63097e-06
0095  2.65817e+18  4.74826e+03  2.95168e+06  6.15804e-18  0.00000e+00  0.00000e+00  5.55752e-06
0096  2.67557e+18  4.77869e+03  2.94909e+06  5.96723e-18  0.00000e+00  0.00000e+00  5.48550e-06
0097  2.69296e+18  4.80869e+03  2.94631e+06  5.78374e-18  0.00000e+00  0.00000e+00  5.41488e-06
0098  2.71035e+18  4.83826e+03  2.94335e+06  5.60722e-18  0.00000e+00  0.00000e+00  5.34560e-06
0099  2.72774e+18  4.86741e+03  2.94022e+06  5.43738e-18  0.00000e+00  0.00000e+00  5.27765e-06
0100  2.74513e+18  4.89615e+03  2.93692e+06  5.27392e-18  0.00000e+00  0.00000e+00  5.21099e-06
0101  2.76253e+18  4.92451e+03  2.93347e+06  5.11655e-18  0.00000e+00  0.00000e+00  5.14558e-06
0102  2.77992e+18  4.95247e+03  2.92986e+06  4.96501e-18  0.00000e+00  0.00000e+00  5.08140e-06
0103  2.79731e+18  4.98006e+03  2.92611e+06  4.81904e-18  0.00000e+00  0.00000e+00  5.01841e-06
0104  2.81470e+18  5.00727e+03  2.92223e+06  4.67840e-18  0.00000e+00  0.00000e+00  4.95658e-06
0105  2.83210e+18  5.03413e+03  2.91821e+06  4.54286e-18  0.00000e+00  0.00000e+00  4.89589e-06
0106  2.84949e+18  5.06063e+03  2.91407e+06  4.41220e-18  0.00000e+00  0.00000e+00  4.83630e-06
0107  2.86688e+18  5.08679e+03  2.90981e+06  4.28621e-18  0.00000e+00  0.00000e+00  4.77780e-06
0108  2.88427e+18  5.11260e+03  2.90543e+06  4.16470e-18  0.00000e+00  0.00000e+00  4.72035e-06
0109  2.90167e+18  5.13809e+03  2.90095e+06  4.04748e-18  0.00000e+00  0.00000e+00  4.66394e-06
0110  2.91906e+18  5.16325e+03  2.89636e+06  3.93436e-18  0.00000e+00  0.00000e+00  4.60853e-06
0111  2.93645e+18  5.18809e+03  2.89168e+06  3.82519e-18  0.00000e+00  0.00000e+00  4.55409e-06
0112  2.95384e+18  5.21262e+03  2.88690e+06  3.71978e-18  0.00000e+00  0.00000e+00  4.50062e-06
0113  2.97124e+18  5.23685e+03  2.88203e+06  3.61800e-18  0.00000e+00  0.00000e+00  4.44809e-06
0114  2.98863e+18  5.26078e+03  2.87708e+06  3.51968e-18  0.00000e+00  0.00000e+00  4.39647e-06
0115  3.00602e+18  5.28441e+03  2.87205e+06  3.42470e-18  0.00000e+00  0.00000e+00  4.34574e-06
0116  3.02341e+18  5.30775e+03  2.86694e+06  3.33291e-18  0.00000e+00  0.00000e+00  4.29588e-06
0117  3.04081e+18  5.33082e+03  2.86176e+06  3.24419e-18  0.00000e+00  0.00000e+00  4.24688e-06
0118  3.05820e+18  5.35360e+03  2.85651e+06  3.15842e-18  0.00000e+00  0.00000e+00  4.19872e-06
0119  3.07559e+18  5.37612e+03  2.85120e+06  3.07548e-18  0.00000e+00  0.00000e+00  4.15136e-06
0120  3.09298e+18  5.39836e+03  2.84583e+06  2.99525e-18  0.00000e+00  0.00000e+00  4.10481e-06
0121  3.11037e+18  5.42035e+03  2.84040e+06  2.91764e-18  0.00000e+00  0.00000e+00  4.05903e-06
0122  3.12777e+18  5.44207e+03  2.83491e+06  2.84254e-18  0.00000e+00  0.00000e+00  4.01401e-06
0123  3.14516e+18  5.46354e+03  2.82938e+06  2.76985e-18  0.00000e+00  0.00000e+00  3.96974e-06
0124  3.16255e+18  5.48479e+03  2.82376e+06  2.69562e-18  0.00000e+00  0.00000e+00  3.92620e-06
0125  3.17994e+18  5.50578e+03  2.81811e+06  2.63058e-18  0.00000e+00  0.00000e+00  3.88337e-06
0126  3.19734e+18  5.52652e+03  2.81245e+06  2.56747e-18  0.00000e+00  0.00000e+00  3.84123e-06
0127  3.21473e+18  5.54701e+03  2.80677e+06  2.50622e-18  0.00000e+00  0.00000e+00  3.79978e-06
0128  3.23212e+18  5.56725e+03  2.80109e+06  2.44677e-18  0.00000e+00  0.00000e+00  3.75900e-06
0129  3.24951e+18  5.58725e+03  2.79539e+06  2.38906e-18  0.00000e+00  0.00000e+00  3.71887e-06
0130  3.26691e+18  5.60701e+03  2.78969e+06  2.33303e-18  0.00000e+00  0.00000e+00  3.67938e-06
0131  3.28430e+18  5.62655e+03  2.78397e+06  2.27861e-18  0.00000e+00  0.00000e+00  3.64051e-06
0132  3.30169e+18  5.64586e+03  2.77825e+06  2.22576e-18  0.00000e+00  0.00000e+00  3.60226e-06
0133  3.31908e+18  5.66495e+03  2.77252e+06  2.17443e-18  0.00000e+00  0.00000e+00  3.56460e-06
0134  3.33648e+18  5.68382e+03  2.76678e+06  2.12455e-18  0.00000e+00  0.00000e+00  3.52754e-06
0135  3.35387e+18  5.70248e+03  2.76103e+06  2.07609e-18  0.00000e+00  0.00000e+00  3.49104e-06
0136  3.37126e+18  5.72094e+03  2.75528e+06  2.02900e-18  0.00000e+00  0.00000e+00  3.45512e-06
0137  3.38865e+18  5.73919e+03  2.74953e+06  1.98322e-18  0.00000e+00  0.00000e+00  3.41974e-06
0138  3.40605e+18  5.75724e+03  2.74376e+06  1.93872e-18  0.00000e+00  0.00000e+00  3.38491e-06
0139  3.42344e+18  5.77510e+03  2.73800e+06  1.89546e-18  0.00000e+00  0.00000e+00  3.35060e-06
0140  3.44083e+18  5.79277e+03  2.73223e+06  1.85339e-18  0.00000e+00  0.00000e+00  3.31681e-06
0141  3.45822e+18  5.81024e+03  2.72646e+06  1.81247e-18  0.00000e+00  0.00000e+00  3.28353e-06
0142  3.47562e+18  5.82754e+03  2.72069e+06  1.77268e-18  0.00000e+00  0.00000e+00  3.25075e-06
0143  3.49301e+18  5.84465e+03  2.71491e+06  1.73396e-18  0.00000e+00  0.00000e+00  3.21846e-06
0144  3.51040e+18  5.86158e+03  2.70914e+06  1.69630e-18  0.00000e+00  0.00000e+00  3.18665e-06
0145  3.52779e+18  5.87834e+03  2.70336e+06  1.65964e-18  0.00000e+00  0.00000e+00  3.15531e-06
0146  3.54519e+18  5.89493e+03  2.69758e+06  1.62397e-18  0.00000e+00  0.00000e+00  3.12442e-06
0147  3.56258e+18  5.91135e+03  2.69181e+06  1.58925e-18  0.00000e+00  0.00000e+00  3.09399e-06
0148  3.57997e+18  5.92761e+03  2.68603e+06  1.55544e-18  0.00000e+00  0.00000e+00  3.06400e-06
0149  3.59736e+18  5.94370e+03  2.68026e+06  1.52253e-18  0.00000e+00  0.00000e+00  3.03444e-06
0150  3.61476e+18  5.95963e+03  2.67449e+06  1.49048e-18  0.00000e+00  0.00000e+00  3.00531e-06
0151  3.63215e+18  5.97541e+03  2.66873e+06  1.45927e-18  0.00000e+00  0.00000e+00  2.97660e-06
0152  3.64954e+18  5.99103e+03  2.66296e+06  1.42887e-18  0.00000e+00  0.00000e+00  2.94830e-06
0153  3.66693e+18  6.00649e+03  2.65720e+06  1.39926e-18  0.00000e+00  0.00000e+00  2.92040e-06
0154  3.68432e+18  6.02181e+03  2.65145e+06  1.37040e-18  0.00000e+00  0.00000e+00  2.89289e-06
0155  3.70172e+18  6.03698e+03  2.64570e+06  1.34229e-18  0.00000e+00  0.00000e+00  2.86577e-06
0156  3.71911e+18  6.05201e+03  2.63996e+06  1.31489e-18  0.00000e+00  0.00000e+00  2.83903e-06
0157  3.73650e+18  6.06689e+03  2.63422e+06  1.28819e-18  0.00000e+00  0.00000e+00  2.81266e-06
0158  3.75389e+18  6.08164e+03  2.62849e+06  1.26216e-18  0.00000e+00  0.00000e+00  2.78666e-06
0159  3.77129e+18  6.09624e+03  2.62276e+06  1.23678e-18  0.00000e+00  0.00000e+00  2.76101e-06
0160  3.78868e+18  6.11071e+03  2.61705e+06  1.21203e-18  0.00000e+00  0.00000e+00  2.73572e-06
0161  3.80607e+18  6.12505e+03  2.61134e+06  1.18790e-18  0.00000e+00  0.00000e+00  2.71078e-06
0162  3.82346e+18  6.13925e+03  2.60564e+06  1.16437e-18  0.00000e+00  0.00000e+00  2.68617e-06
0163  3.84086e+18  6.15333e+03  2.59994e+06  1.14142e-18  0.00000e+00  0.00000e+00  2.66190e-06
0164  3.85825e+18  6.16728e+03  2.59426e+06  1.11903e-18  0.00000e+00  0.00000e+00  2.63795e-06
0165  3.87564e+18  6.18110e+03  2.58859e+06  1.09718e-18  0.00000e+00  0.00000e+00  2.61433e-06
0166  3.89303e+18  6.19480e+03  2.58292e+06  1.07587e-18  0.00000e+00  0.00000e+00  2.59102e-06
0167  3.91043e+18  6.20837e+03  2.57727e+06  1.05506e-18  0.00000e+00  0.00000e+00  2.56803e-06
0168  3.92782e+18  6.22183e+03  2.57163e+06  1.03476e-18  0.00000e+00  0.00000e+00  2.54533e-06
0169  3.94521e+18  6.23517e+03  2.56600e+06  1.01495e-18  0.00000e+00  0.00000e+00  2.52294e-06
0170  3.96260e+18  6.24839e+03  2.56037e+06  9.95605e-19  0.00000e+00  0.00000e+00  2.50084e-06
0171  3.98000e+18  6.26149e+03  2.55476e+06  9.76720e-19  0.00000e+00  0.00000e+00  2.47903e-06
0172  3.99739e+18  6.27448e+03  2.54917e+06  9.58281e-19  0.00000e+00  0.00000e+00  2.45751e-06
0173  4.01478e+18  6.28736e+03  2.54358e+06  9.40274e-19  0.00000e+00  0.00000e+00  2.43626e-06
0174  4.03217e+18  6.30012e+03  2.53800e+06  9.22689e-19  0.00000e+00  0.00000e+00  2.41529e-06
0175  4.04957e+18  6.31278e+03  2.53243e+06  9.05000e-19  0.00000e+00  0.00000e+00  2.39459e-06
0176  4.06696e+18  6.32533e+03  2.52688e+06  8.88208e-19  0.00000e+00  0.00000e+00  2.37415e-06
0177  4.08435e+18  6.33777e+03  2.52133e+06  8.71804e-19  0.00000e+00  0.00000e+00  2.35397e-06
0178  4.10174e+18  6.35011e+03  2.51579e+06  8.55777e-19  0.00000e+00  0.00000e+00  2.33405e-06
0179  4.11914e+18  6.36234e+03  2.51027e+06  8.40117e-19  0.00000e+00  0.00000e+00  2.31438e-06
0180  4.13653e+18  6.37447e+03  2.50476e+06  8.24813e-19  0.00000e+00  0.00000e+00  2.29496e-06
0181  4.15392e+18  6.38650e+03  2.49927e+06  8.09856e-19  0.00000e+00  0.00000e+00  2.27578e-06
0182  4.17131e+18  6.39844e+03  2.49378e+06  7.95236e-19  0.00000e+00  0.00000e+00  2.25685e-06
0183  4.18871e+18  6.41027e+03  2.48832e+06  7.80945e-19  0.00000e+00  0.00000e+00  2.23814e-06
0184  4.20610e+18  6.42201e+03  2.48286e+06  7.66973e-19  0.00000e+00  0.00000e+00  2.21967e-06
0185  4.22349e+18  6.43366e+03  2.47742e+06  7.53313e-19  0.00000e+00  0.00000e+00  2.20143e-06
0186  4.24088e+18  6.44521e+03  2.47199e+06  7.39955e-19  0.00000e+00  0.00000e+00  2.18341e-06
0187  4.25828e+18  6.45666e+03  2.46658e+06  7.26892e-19  0.00000e+00  0.00000e+00  2.16561e-06
0188  4.27567e+18  6.46803e+03  2.46118e+06  7.14116e-19  0.00000e+00  0.00000e+00  2.14803e-06
0189  4.29306e+18  6.47930e+03  2.45580e+06  7.01620e-19  0.00000e+00  0.00000e+00  2.13066e-06
0190  4.31045e+18  6.49048e+03  2.45043e+06  6.89396e-19  0.00000e+00  0.00000e+00  2.11350e-06
0191  4.32785e+18  6.50157e+03  2.44508e+06  6.77438e-19  0.00000e+00  0.00000e+00  2.09654e-06
0192  4.34524e+18  6.51258e+03  2.43975e+06  6.65738e-19  0.00000e+00  0.00000e+00  2.07979e-06
0193  4.36263e+18  6.52349e+03  2.43443e+06  6.54290e-19  0.00000e+00  0.00000e+00  2.06324e-06
0194  4.38002e+18  6.53432e+03  2.42912e+06  6.43087e-19  0.00000e+00  0.00000e+00  2.04689e-06
0195  4.39742e+18  6.54506e+03  2.42383e+06  6.32123e-19  0.00000e+00  0.00000e+00  2.03073e-06
0196  4.41481e+18  6.55573e+03  2.41856e+06  6.21392e-19  0.00000e+00  0.00000e+00  2.01476e-06
0197  4.43220e+18  6.56631e+03  2.41330e+06  6.10888e-19  0.00000e+00  0.00000e+00  1.99898e-06
0198  4.44959e+18  6.57680e+03  2.40806e+06  6.00605e-19  0.00000e+00  0.00000e+00  1.98339e-06
0199  4.46699e+18  6.58722e+03  2.40283e+06  5.90537e-19  0.00000e+00  0.00000e+00  1.96797e-06
0200  4.48438e+18  6.59756e+03  2.39762e+06  5.80717e-19  0.00000e+00  0.00000e+00  1.95273e-06
0201  4.50177e+18  6.60782e+03  2.39242e+06  5.71149e-19  0.00000e+00  0.00000e+00  1.93768e-06
0202  4.51916e+18  6.61800e+03  2.38725e+06  5.61776e-19  0.00000e+00  0.00000e+00  1.92279e-06
0203  4.53655e+18  6.62811e+03  2.38209e+06  5.52596e-19  0.00000e+00  0.00000e+00  1.90807e-06
0204  4.55395e+18  6.63814e+03  2.37695e+06  5.43601e-19  0.00000e+00  0.00000e+00  1.89353e-06
0205  4.57134e+18  6.64809e+03  2.37182e+06  5.34789e-19  0.00000e+00  0.00000e+00  1.87915e-06
0206  4.58873e+18  6.65797e+03  2.36672e+06  5.26155e-19  0.00000e+00  0.00000e+00  1.86493e-06
0207  4.60612e+18  6.66777e+03  2.36163e+06  5.17694e-19  0.00000e+00  0.00000e+00  1.85087e-06
0208  4.62352e+18  6.67750e+03  2.35656e+06  5.09403e-19  0.00000e+00  0.00000e+00  1.83697e-06
0209  4.64091e+18  6.68716e+03  2.35150e+06  5.01277e-19  0.00000e+00  0.00000e+00  1.82323e-06
0210  4.65830e+18  6.69675e+03  2.34647e+06  4.93312e-19  0.00000e+00  0.00000e+00  1.80964e-06
0211  4.67569e+18  6.70627e+03  2.34145e+06  4.85504e-19  0.00000e+00  0.00000e+00  1.79620e-06
0212  4.69309e+18  6.71572e+03  2.33645e+06  4.77851e-19  0.00000e+00  0.00000e+00  1.78291e-06
0213  4.71048e+18  6.72510e+03  2.33146e+06  4.70347e-19  0.00000e+00  0.00000e+00  1.76977e-06
0214  4.72787e+18  6.73442e+03  2.32650e+06  4.62990e-19  0.00000e+00  0.00000e+00  1.75678e-06
0215  4.74526e+18  6.74366e+03  2.32155e+06  4.55777e-19  0.00000e+00  0.00000e+00  1.74392e-06
0216  4.76266e+18  6.75284e+03  2.31662e+06  4.48703e-19  0.00000e+00  0.00000e+00  1.73121e-06
0217  4.78005e+18  6.76196e+03  2.31171e+06  4.41766e-19  0.00000e+00  0.00000e+00  1.71863e-06
0218  4.79744e+18  6.77101e+03  2.30681e+06  4.34963e-19  0.00000e+00  0.00000e+00  1.70619e-06
0219  4.81483e+18  6.78000e+03  2.30193e+06  4.28290e-19  0.00000e+00  0.00000e+00  1.69389e-06
0220  4.83223e+18  6.78892e+03  2.29707e+06  4.21744e-19  0.00000e+00  0.00000e+00  1.68172e-06
0221  4.84962e+18  6.79778e+03  2.29223e+06  4.15323e-19  0.00000e+00  0.00000e+00  1.66968e-06
0222  4.86701e+18  6.80658e+03  2.28740e+06  4.09024e-19  0.00000e+00  0.00000e+00  1.65776e-06
0223  4.88440e+18  6.81532e+03  2.28259e+06  4.02844e-19  0.00000e+00  0.00000e+00  1.64598e-06
0224  4.90180e+18  6.82400e+03  2.27780e+06  3.96780e-19  0.00000e+00  0.00000e+00  1.63432e-06
0225  4.91919e+18  6.83262e+03  2.27303e+06  3.90829e-19  0.00000e+00  0.00000e+00  1.62278e-06
0226  4.93658e+18  6.84118e+03  2.26827e+06  3.84990e-19  0.00000e+00  0.00000e+00  1.61137e-06
0227  4.95397e+18  6.84968e+03  2.26353e+06  3.79260e-19  0.00000e+00  0.00000e+00  1.60007e-06
0228  4.97137e+18  6.85812e+03  2.25881e+06  3.73635e-19  0.00000e+00  0.00000e+00  1.58890e-06
0229  4.98876e+18  6.86651e+03  2.25411e+06  3.68115e-19  0.00000e+00  0.00000e+00  1.57784e-06
0230  5.00615e+18  6.87484e+03  2.24942e+06  3.62696e-19  0.00000e+00  0.00000e+00  1.56689e-06
0231  5.02354e+18  6.88311e+03  2.24475e+06  3.57377e-19  0.00000e+00  0.00000e+00  1.55606e-06
0232  5.04094e+18  6.89133e+03  2.24009e+06  3.52155e-19  0.00000e+00  0.00000e+00  1.54534e-06
0233  5.05833e+18  6.89949e+03  2.23545e+06  3.47028e-19  0.00000e+00  0.00000e+00  1.53474e-06
0234  5.07572e+18  6.90760e+03  2.23083e+06  3.41994e-19  0.00000e+00  0.00000e+00  1.52424e-06
0235  5.09311e+18  6.91566e+03  2.22623e+06  3.37051e-19  0.00000e+00  0.00000e+00  1.51384e-06
0236  5.11051e+18  6.92366e+03  2.22164e+06  3.32197e-19  0.00000e+00  0.00000e+00  1.50356e-06
0237  5.12790e+18  6.93161e+03  2.21707e+06  3.27430e-19  0.00000e+00  0.00000e+00  1.49337e-06
0238  5.14529e+18  6.93951e+03  2.21252e+06  3.22748e-19  0.00000e+00  0.00000e+00  1.48330e-06
0239  5.16268e+18  6.94735e+03  2.20798e+06  3.18150e-19  0.00000e+00  0.00000e+00  1.47332e-06
0240  5.18008e+18  6.95515e+03  2.20346e+06  3.13633e-19  0.00000e+00  0.00000e+00  1.46344e-06
0241  5.19747e+18  6.96289e+03  2.19896e+06  3.09196e-19  0.00000e+00  0.00000e+00  1.45366e-06
0242  5.21486e+18  6.97058e+03  2.19447e+06  3.04838e-19  0.00000e+00  0.00000e+00  1.44398e-06
0243  5.23225e+18  6.97823e+03  2.19000e+06  3.00556e-19  0.00000e+00  0.00000e+00  1.43440e-06
0244  5.24965e+18  6.98582e+03  2.18555e+06  2.96349e-19  0.00000e+00  0.00000e+00  1.42491e-06
0245  5.26704e+18  6.99337e+03  2.18111e+06  2.92215e-19  0.00000e+00  0.00000e+00  1.41552e-06
0246  5.28443e+18  7.00087e+03  2.17669e+06  2.88154e-19  0.00000e+00  0.00000e+00  1.40621e-06
0247  5.30182e+18  7.00832e+03  2.17228e+06  2.84163e-19  0.00000e+00  0.00000e+00  1.39700e-06
0248  5.31922e+18  7.01573e+03  2.16789e+06  2.80240e-19  0.00000e+00  0.00000e+00  1.38788e-06
0249  5.33661e+18  7.02308e+03  2.16352e+06  2.76385e-19  0.00000e+00  0.00000e+00  1.37885e-06
0250  5.35400e+18  7.03040e+03  2.15916e+06  2.72595e-19  0.00000e+00  0.00000e+00  1.36991e-06
0251  5.37139e+18  7.03766e+03  2.15482e+06  2.68870e-19  0.00000e+00  0.00000e+00  1.36105e-06
0252  5.38879e+18  7.04488e+03  2.15049e+06  2.65208e-19  0.00000e+00  0.00000e+00  1.35228e-06
0253  5.40618e+18  7.05206e+03  2.14619e+06  2.61608e-19  0.00000e+00  0.00000e+00  1.34359e-06
0254  5.42357e+18  7.05919e+03  2.14189e+06  2.58070e-19  0.00000e+00  0.00000e+00  1.33499e-06
0255  5.44096e+18  7.06627e+03  2.13761e+06  2.54591e-19  0.00000e+00  0.00000e+00  1.32647e-06
0256  5.45836e+18  7.07332e+03  2.13335e+06  2.51170e-19  0.00000e+00  0.00000e+00  1.31803e-06
0257  5.47575e+18  7.08032e+03  2.12910e+06  2.47807e-19  0.00000e+00  0.00000e+00  1.30967e-06
0258  5.49314e+18  7.08728e+03  2.12487e+06  2.44499e-19  0.00000e+00  0.00000e+00  1.30139e-06
0259  5.51053e+18  7.09419e+03  2.12066e+06  2.41247e-19  0.00000e+00  0.00000e+00  1.29318e-06
0260  5.52793e+18  7.10106e+03  2.11646e+06  2.38049e-19  0.00000e+00  0.00000e+00  1.28506e-06
0261  5.54532e+18  7.10790e+03  2.11227e+06  2.34904e-19  0.00000e+00  0.00000e+00  1.27701e-06
0262  5.56271e+18  7.11469e+03  2.10811e+06  2.31810e-19  0.00000e+00  0.00000e+00  1.26904e-06
0263  5.58010e+18  7.12144e+03  2.10395e+06  2.28768e-19  0.00000e+00  0.00000e+00  1.26114e-06
0264  5.59750e+18  7.12815e+03  2.09982e+06  2.25775e-19  0.00000e+00  0.00000e+00  1.25331e-06
0265  5.61489e+18  7.13483e+03  2.09569e+06  2.22831e-19  0.00000e+00  0.00000e+00  1.24556e-06
0266  5.63228e+18  7.14146e+03  2.09159e+06  2.19934e-19  0.00000e+00  0.00000e+00  1.23788e-06
0267  5.64967e+18  7.14806e+03  2.08750e+06  2.17085e-19  0.00000e+00  0.00000e+00  1.23027e-06
0268  5.66707e+18  7.15462e+03  2.08342e+06  2.14282e-19  0.00000e+00  0.00000e+00  1.22273e-06
0269  5.68446e+18  7.16114e+03  2.07936e+06  2.11523e-19  0.00000e+00  0.00000e+00  1.21526e-06
0270  5.70185e+18  7.16762e+03  2.07532e+06  2.08809e-19  0.00000e+00  0.00000e+00  1.20786e-06
0271  5.71924e+18  7.17407e+03  2.07129e+06  2.06139e-19  0.00000e+00  0.00000e+00  1.20052e-06
0272  5.73664e+18  7.18048e+03  2.06727e+06  2.03511e-19  0.00000e+00  0.00000e+00  1.19325e-06
0273  5.75403e+18  7.18686e+03  2.06327e+06  2.00924e-19  0.00000e+00  0.00000e+00  1.18605e-06
0274  5.77142e+18  7.19320e+03  2.05929e+06  1.98379e-19  0.00000e+00  0.00000e+00  1.17891e-06
0275  5.78881e+18  7.19950e+03  2.05532e+06  1.95874e-19  0.00000e+00  0.00000e+00  1.17184e-06
0276  5.80620e+18  7.20577e+03  2.05137e+06  1.93408e-19  0.00000e+00  0.00000e+00  1.16483e-06
0277  5.82360e+18  7.21201e+03  2.04743e+06  1.90981e-19  0.00000e+00  0.00000e+00  1.15788e-06
0278  5.84099e+18  7.21821e+03  2.04350e+06  1.88592e-19  0.00000e+00  0.00000e+00  1.15100e-06
0279  5.85838e+18  7.22437e+03  2.03959e+06  1.86240e-19  0.00000e+00  0.00000e+00  1.14417e-06
0280  5.87577e+18  7.23050e+03  2.03570e+06  1.83925e-19  0.00000e+00  0.00000e+00  1.13741e-06
0281  5.89317e+18  7.23660e+03  2.03182e+06  1.81646e-19  0.00000e+00  0.00000e+00  1.13071e-06
0282  5.91056e+18  7.24266e+03  2.02795e+06  1.79402e-19  0.00000e+00  0.00000e+00  1.12406e-06
0283  5.92795e+18  7.24869e+03  2.02410e+06  1.77192e-19  0.00000e+00  0.00000e+00  1.11748e-06
0284  5.94534e+18  7.25468e+03  2.02026e+06  1.75017e-19  0.00000e+00  0.00000e+00  1.11095e-06
0285  5.96274e+18  7.26063e+03  2.01643e+06  1.72875e-19  0.00000e+00  0.00000e+00  1.10448e-06
0286  5.98013e+18  7.26655e+03  2.01261e+06  1.70766e-19  0.00000e+00  0.00000e+00  1.09806e-06
0287  5.99752e+18  7.27243e+03  2.00881e+06  1.68689e-19  0.00000e+00  0.00000e+00  1.09170e-06
0288  6.01491e+18  7.27827e+03  2.00502e+06  1.66643e-19  0.00000e+00  0.00000e+00  1.08540e-06
0289  6.03231e+18  7.28408e+03  2.00125e+06  1.64629e-19  0.00000e+00  0.00000e+00  1.07915e-06
0290  6.04970e+18  7.28986e+03  1.99749e+06  1.62645e-19  0.00000e+00  0.00000e+00  1.07295e-06
0291  6.06709e+18  7.29560e+03  1.99374e+06  1.60691e-19  0.00000e+00  0.00000e+00  1.06681e-06
0292  6.08448e+18  7.30130e+03  1.99000e+06  1.58767e-19  0.00000e+00  0.00000e+00  1.06072e-06
0293  6.10188e+18  7.30697e+03  1.98627e+06  1.56871e-19  0.00000e+00  0.00000e+00  1.05468e-06
0294  6.11927e+18  7.31261e+03  1.98256e+06  1.55003e-19  0.00000e+00  0.00000e+00  1.04869e-06
0295  6.13666e+18  7.31822e+03  1.97887e+06  1.53163e-19  0.00000e+00  0.00000e+00  1.04276e-06
0296  6.15405e+18  7.32380e+03  1.97518e+06  1.51351e-19  0.00000e+00  0.00000e+00  1.03687e-06
0297  6.17145e+18  7.32935e+03  1.97151e+06  1.49565e-19  0.00000e+00  0.00000e+00  1.03104e-06
0298  6.18884e+18  7.33487e+03  1.96785e+06  1.47806e-19  0.00000e+00  0.00000e+00  1.02525e-06
0299  6.20623e+18  7.34036e+03  1.96421e+06  1.46072e-19  0.00000e+00  0.00000e+00  1.01951e-06
0300  6.22362e+18  7.34582e+03  1.96058e+06  1.44364e-19  0.00000e+00  0.00000e+00  1.01382e-06
0301  6.24102e+18  7.35126e+03  1.95696e+06  1.42680e-19  0.00000e+00  0.00000e+00  1.00818e-06
0302  6.25841e+18  7.35667e+03  1.95336e+06  1.41022e-19  0.00000e+00  0.00000e+00  1.00258e-06
0303  6.27580e+18  7.36205e+03  1.94977e+06  1.39387e-19  0.00000e+00  0.00000e+00  9.97032e-07
0304  6.29319e+18  7.36740e+03  1.94619e+06  1.37775e-19  0.00000e+00  0.00000e+00  9.91529e-07
0305  6.31059e+18  7.37273e+03  1.94263e+06  1.36187e-19  0.00000e+00  0.00000e+00  9.86071e-07
0306  6.32798e+18  7.37803e+03  1.93908e+06  1.34622e-19  0.00000e+00  0.00000e+00  9.80658e-07
0307  6.34537e+18  7.38330e+03  1.93554e+06  1.33080e-19  0.00000e+00  0.00000e+00  9.75289e-07
0308  6.36276e+18  7.38854e+03  1.93202e+06  1.31559e-19  0.00000e+00  0.00000e+00  9.69965e-07
0309  6.38016e+18  7.39376e+03  1.92851e+06  1.30060e-19  0.00000e+00  0.00000e+00  9.64684e-07
0310  6.39755e+18  7.39895e+03  1.92501e+06  1.28582e-19  0.00000e+00  0.00000e+00  9.59445e-07
0311  6.41494e+18  7.40411e+03  1.92152e+06  1.27126e-19  0.00000e+00  0.00000e+00  9.54250e-07
0312  6.43233e+18  7.40925e+03  1.91804e+06  1.25689e-19  0.00000e+00  0.00000e+00  9.49097e-07
0313  6.44973e+18  7.41436e+03  1.91458e+06  1.24274e-19  0.00000e+00  0.00000e+00  9.43985e-07
0314  6.46712e+18  7.41944e+03  1.91113e+06  1.22878e-19  0.00000e+00  0.00000e+00  9.38914e-07
0315  6.48451e+18  7.42450e+03  1.90769e+06  1.21501e-19  0.00000e+00  0.00000e+00  9.33884e-07
0316  6.50190e+18  7.42953e+03  1.90427e+06  1.20144e-19  0.00000e+00  0.00000e+00  9.28895e-07
0317  6.51930e+18  7.43453e+03  1.90085e+06  1.18806e-19  0.00000e+00  0.00000e+00  9.23945e-07
0318  6.53669e+18  7.43951e+03  1.89745e+06  1.17487e-19  0.00000e+00  0.00000e+00  9.19035e-07
0319  6.55408e+18  7.44447e+03  1.89406e+06  1.16185e-19  0.00000e+00  0.00000e+00  9.14164e-07
0320  6.57147e+18  7.44940e+03  1.89069e+06  1.14902e-19  0.00000e+00  0.00000e+00  9.09331e-07
0321  6.58887e+18  7.45431e+03  1.88732e+06  1.13637e-19  0.00000e+00  0.00000e+00  9.04537e-07
0322  6.60626e+18  7.45919e+03  1.88397e+06  1.12388e-19  0.00000e+00  0.00000e+00  8.99780e-07
0323  6.62365e+18  7.46404e+03  1.88063e+06  1.11157e-19  0.00000e+00  0.00000e+00  8.95061e-07
0324  6.64104e+18  7.46888e+03  1.87730e+06  1.09943e-19  0.00000e+00  0.00000e+00  8.90379e-07
0325  6.65844e+18  7.47368e+03  1.87398e+06  1.08745e-19  0.00000e+00  0.00000e+00  8.85733e-07
0326  6.67583e+18  7.47847e+03  1.87068e+06  1.07564e-19  0.00000e+00  0.00000e+00  8.81124e-07
0327  6.69322e+18  7.48323e+03  1.86738e+06  1.06399e-19  0.00000e+00  0.00000e+00  8.76551e-07
0328  6.71061e+18  7.48797e+03  1.86410e+06  1.05249e-19  0.00000e+00  0.00000e+00  8.72013e-07
0329  6.72801e+18  7.49268e+03  1.86083e+06  1.04115e-19  0.00000e+00  0.00000e+00  8.67511e-07
0330  6.74540e+18  7.49738e+03  1.85757e+06  1.02996e-19  0.00000e+00  0.00000e+00  8.63043e-07
0331  6.76279e+18  7.50205e+03  1.85432e+06  1.01893e-19  0.00000e+00  0.00000e+00  8.58609e-07
0332  6.78018e+18  7.50669e+03  1.85108e+06  1.00804e-19  0.00000e+00  0.00000e+00  8.54210e-07
0333  6.79758e+18  7.51132e+03  1.84786e+06  9.97290e-20  0.00000e+00  0.00000e+00  8.49844e-07
0334  6.81497e+18  7.51592e+03  1.84465e+06  9.86688e-20  0.00000e+00  0.00000e+00  8.45512e-07
0335  6.83236e+18  7.52050e+03  1.84144e+06  9.76159e-20  0.00000e+00  0.00000e+00  8.41213e-07
0336  6.84975e+18  7.52505e+03  1.83825e+06  9.65825e-20  0.00000e+00  0.00000e+00  8.36946e-07
0337  6.86715e+18  7.52959e+03  1.83507e+06  9.55628e-20  0.00000e+00  0.00000e+00  8.32712e-07
0338  6.88454e+18  7.53410e+03  1.83190e+06  9.45565e-20  0.00000e+00  0.00000e+00  8.28510e-07
0339  6.90193e+18  7.53859e+03  1.82874e+06  9.35634e-20  0.00000e+00  0.00000e+00  8.24340e-07
0340  6.91932e+18  7.54306e+03  1.82559e+06  9.25834e-20  0.00000e+00  0.00000e+00  8.20201e-07
0341  6.93672e+18  7.54751e+03  1.82246e+06  9.16162e-20  0.00000e+00  0.00000e+00  8.16093e-07
0342  6.95411e+18  7.55194e+03  1.81933e+06  9.06616e-20  0.00000e+00  0.00000e+00  8.12016e-07
0343  6.97150e+18  7.55634e+03  1.81622e+06  8.97194e-20  0.00000e+00  0.00000e+00  8.07970e-07
0344  6.98889e+18  7.56073e+03  1.81311e+06  8.87895e-20  0.00000e+00  0.00000e+00  8.03953e-07
0345  7.00629e+18  7.56509e+03  1.81002e+06  8.78715e-20  0.00000e+00  0.00000e+00  7.99967e-07
0346  7.02368e+18  7.56944e+03  1.80694e+06  8.69655e-20  0.00000e+00  0.00000e+00  7.96010e-07
0347  7.04107e+18  7.57376e+03  1.80386e+06  8.60711e-20  0.00000e+00  0.00000e+00  7.92082e-07
0348  7.05846e+18  7.57806e+03  1.80080e+06  8.51882e-20  0.00000e+00  0.00000e+00  7.88183e-07
0349  7.07586e+18  7.58234e+03  1.79775e+06  8.43166e-20  0.00000e+00  0.00000e+00  7.84313e-07
0350  7.09325e+18  7.58660e+03  1.79471e+06  8.34562e-20  0.00000e+00  0.00000e+00  7.80472e-07
0351  7.11064e+18  7.59084e+03  1.79167e+06  8.26067e-20  0.00000e+00  0.00000e+00  7.76658e-07
0352  7.12803e+18  7.59506e+03  1.78865e+06  8.17680e-20  0.00000e+00  0.00000e+00  7.72873e-07
0353  7.14543e+18  7.59926e+03  1.78564e+06  8.09400e-20  0.00000e+00  0.00000e+00  7.69115e-07
0354  7.16282e+18  7.60344e+03  1.78264e+06  8.01225e-20  0.00000e+00  0.00000e+00  7.65385e-07
0355  7.18021e+18  7.60760e+03  1.77965e+06  7.93153e-20  0.00000e+00  0.00000e+00  7.61681e-07
0356  7.19760e+18  7.61174e+03  1.77667e+06  7.85182e-20  0.00000e+00  0.00000e+00  7.58004e-07
0357  7.21500e+18  7.61586e+03  1.77369e+06  7.77312e-20  0.00000e+00  0.00000e+00  7.54354e-07
0358  7.23239e+18  7.61996e+03  1.77073e+06  7.69540e-20  0.00000e+00  0.00000e+00  7.50731e-07
0359  7.24978e+18  7.62404e+03  1.76778e+06  7.61865e-20  0.00000e+00  0.00000e+00  7.47133e-07
0360  7.26717e+18  7.62810e+03  1.76484e+06  7.54286e-20  0.00000e+00  0.00000e+00  7.43561e-07
0361  7.28457e+18  7.63214e+03  1.76191e+06  7.46802e-20  0.00000e+00  0.00000e+00  7.40015e-07
0362  7.30196e+18  7.63617e+03  1.75899e+06  7.39410e-20  0.00000e+00  0.00000e+00  7.36493e-07
0363  7.31935e+18  7.64017e+03  1.75608e+06  7.32109e-20  0.00000e+00  0.00000e+00  7.32997e-07
0364  7.33674e+18  7.64416e+03  1.75317e+06  7.24898e-20  0.00000e+00  0.00000e+00  7.29526e-07
0365  7.35414e+18  7.64814e+03  1.75028e+06  7.17776e-20  0.00000e+00  0.00000e+00  7.26080e-07
0366  7.37153e+18  7.65209e+03  1.74740e+06  7.10741e-20  0.00000e+00  0.00000e+00  7.22658e-07
0367  7.38892e+18  7.65603e+03  1.74453e+06  7.03792e-20  0.00000e+00  0.00000e+00  7.19259e-07
0368  7.40631e+18  7.65995e+03  1.74167e+06  6.96928e-20  0.00000e+00  0.00000e+00  7.15885e-07
0369  7.42371e+18  7.66386e+03  1.73882e+06  6.90147e-20  0.00000e+00  0.00000e+00  7.12535e-07
0370  7.44110e+18  7.66775e+03  1.73598e+06  6.83448e-20  0.00000e+00  0.00000e+00  7.09208e-07
0371  7.45849e+18  7.67163e+03  1.73314e+06  6.76831e-20  0.00000e+00  0.00000e+00  7.05904e-07
0372  7.47588e+18  7.67548e+03  1.73032e+06  6.70294e-20  0.00000e+00  0.00000e+00  7.02623e-07
0373  7.49328e+18  7.67932e+03  1.72751e+06  6.63835e-20  0.00000e+00  0.00000e+00  6.99365e-07
0374  7.51067e+18  7.68315e+03  1.72470e+06  6.57454e-20  0.00000e+00  0.00000e+00  6.96130e-07
0375  7.52806e+18  7.68695e+03  1.72191e+06  6.51150e-20  0.00000e+00  0.00000e+00  6.92917e-07
0376  7.54545e+18  7.69074e+03  1.71912e+06  6.44922e-20  0.00000e+00  0.00000e+00  6.89727e-07
0377  7.56285e+18  7.69452e+03  1.71635e+06  6.38768e-20  0.00000e+00  0.00000e+00  6.86558e-07
0378  7.58024e+18  7.69827e+03  1.71358e+06  6.32687e-20  0.00000e+00  0.00000e+00  6.83411e-07
0379  7.59763e+18  7.70201e+03  1.71082e+06  6.26679e-20  0.00000e+00  0.00000e+00  6.80286e-07
0380  7.61502e+18  7.70573e+03  1.70807e+06  6.20742e-20  0.00000e+00  0.00000e+00  6.77182e-07
0381  7.63242e+18  7.70943e+03  1.70533e+06  6.14876e-20  0.00000e+00  0.00000e+00  6.74099e-07
0382  7.64981e+18  7.71312e+03  1.70260e+06  6.09078e-20  0.00000e+00  0.00000e+00  6.71037e-07
0383  7.66720e+18  7.71679e+03  1.69988e+06  6.03349e-20  0.00000e+00  0.00000e+00  6.67996e-07
0384  7.68459e+18  7.72044e+03  1.69716e+06  5.97688e-20  0.00000e+00  0.00000e+00  6.64976e-07
0385  7.70199e+18  7.72408e+03  1.69446e+06  5.92093e-20  0.00000e+00  0.00000e+00  6.61976e-07
0386  7.71938e+18  7.72770e+03  1.69176e+06  5.86563e-20  0.00000e+00  0.00000e+00  6.58996e-07
0387  7.73677e+18  7.73130e+03  1.68907e+06  5.81098e-20  0.00000e+00  0.00000e+00  6.56037e-07
0388  7.75416e+18  7.73489e+03  1.68639e+06  5.75697e-20  0.00000e+00  0.00000e+00  6.53097e-07
0389  7.77156e+18  7.73847e+03  1.68372e+06  5.70358e-20  0.00000e+00  0.00000e+00  6.50177e-07
0390  7.78895e+18  7.74203e+03  1.68106e+06  5.65081e-20  0.00000e+00  0.00000e+00  6.47277e-07
0391  7.80634e+18  7.74557e+03  1.67841e+06  5.59865e-20  0.00000e+00  0.00000e+00  6.44396e-07
0392  7.82373e+18  7.74910e+03  1.67577e+06  5.54710e-20  0.00000e+00  0.00000e+00  6.41534e-07
0393  7.84113e+18  7.75261e+03  1.67313e+06  5.49613e-20  0.00000e+00  0.00000e+00  6.38691e-07
0394  7.85852e+18  7.75611e+03  1.67050e+06  5.44576e-20  0.00000e+00  0.00000e+00  6.35867e-07
0395  7.87591e+18  7.75959e+03  1.66788e+06  5.39595e-20  0.00000e+00  0.00000e+00  6.33062e-07
0396  7.89330e+18  7.76306e+03  1.66527e+06  5.34672e-20  0.00000e+00  0.00000e+00  6.30275e-07
0397  7.91070e+18  7.76651e+03  1.66267e+06  5.29805e-20  0.00000e+00  0.00000e+00  6.27507e-07
0398  7.92809e+18  7.76995e+03  1.66008e+06  5.24994e-20  0.00000e+00  0.00000e+00  6.24756e-07
0399  7.94548e+18  7.77338e+03  1.65749e+06  5.20237e-20  0.00000e+00  0.00000e+00  6.22024e-07
0400  7.96287e+18  7.77678e+03  1.65492e+06  5.15534e-20  0.00000e+00  0.00000e+00  6.19310e-07
0401  7.98027e+18  7.78018e+03  1.65235e+06  5.10884e-20  0.00000e+00  0.00000e+00  6.16613e-07
0402  7.99766e+18  7.78356e+03  1.64979e+06  5.06286e-20  0.00000e+00  0.00000e+00  6.13934e-07
0403  8.01505e+18  7.78692e+03  1.64723e+06  5.01740e-20  0.00000e+00  0.00000e+00  6.11273e-07
0404  8.03244e+18  7.79027e+03  1.64469e+06  4.97246e-20  0.00000e+00  0.00000e+00  6.08629e-07
0405  8.04984e+18  7.79361e+03  1.64215e+06  4.92801e-20  0.00000e+00  0.00000e+00  6.06001e-07
0406  8.06723e+18  7.79693e+03  1.63962e+06  4.88407e-20  0.00000e+00  0.00000e+00  6.03391e-07
0407  8.08462e+18  7.80024e+03  1.63710e+06  4.84061e-20  0.00000e+00  0.00000e+00  6.00798e-07
0408  8.10201e+18  7.80354e+03  1.63459e+06  4.79763e-20  0.00000e+00  0.00000e+00  5.98221e-07
0409  8.11940e+18  7.80682e+03  1.63209e+06  4.75514e-20  0.00000e+00  0.00000e+00  5.95661e-07
0410  8.13680e+18  7.81009e+03  1.62959e+06  4.71311e-20  0.00000e+00  0.00000e+00  5.93117e-07
0411  8.15419e+18  7.81334e+03  1.62710e+06  4.67155e-20  0.00000e+00  0.00000e+00  5.90590e-07
0412  8.17158e+18  7.81658e+03  1.62462e+06  4.63045e-20  0.00000e+00  0.00000e+00  5.88078e-07
0413  8.18897e+18  7.81981e+03  1.62215e+06  4.58979e-20  0.00000e+00  0.00000e+00  5.85583e-07
0414  8.20637e+18  7.82302e+03  1.61968e+06  4.54959e-20  0.00000e+00  0.00000e+00  5.83104e-07
0415  8.22376e+18  7.82622e+03  1.61722e+06  4.50982e-20  0.00000e+00  0.00000e+00  5.80640e-07
0416  8.24115e+18  7.82941e+03  1.61477e+06  4.47049e-20  0.00000e+00  0.00000e+00  5.78191e-07
0417  8.25854e+18  7.83258e+03  1.61233e+06  4.43159e-20  0.00000e+00  0.00000e+00  5.75759e-07
0418  8.27594e+18  7.83574e+03  1.60990e+06  4.39312e-20  0.00000e+00  0.00000e+00  5.73341e-07
0419  8.29333e+18  7.83889e+03  1.60747e+06  4.35506e-20  0.00000e+00  0.00000e+00  5.70939e-07
0420  8.31072e+18  7.84202e+03  1.60505e+06  4.31741e-20  0.00000e+00  0.00000e+00  5.68552e-07
0421  8.32811e+18  7.84514e+03  1.60264e+06  4.28017e-20  0.00000e+00  0.00000e+00  5.66180e-07
0422  8.34551e+18  7.84825e+03  1.60023e+06  4.24333e-20  0.00000e+00  0.00000e+00  5.63822e-07
0423  8.36290e+18  7.85134e+03  1.59784e+06  4.20689e-20  0.00000e+00  0.00000e+00  5.61479e-07
0424  8.38029e+18  7.85442e+03  1.59545e+06  4.17084e-20  0.00000e+00  0.00000e+00  5.59151e-07
0425  8.39768e+18  7.85749e+03  1.59306e+06  4.13517e-20  0.00000e+00  0.00000e+00  5.56837e-07
0426  8.41508e+18  7.86055e+03  1.59069e+06  4.09989e-20  0.00000e+00  0.00000e+00  5.54538e-07
0427  8.43247e+18  7.86359e+03  1.58832e+06  4.06498e-20  0.00000e+00  0.00000e+00  5.52253e-07
0428  8.44986e+18  7.86662e+03  1.58596e+06  4.03045e-20  0.00000e+00  0.00000e+00  5.49982e-07
0429  8.46725e+18  7.86964e+03  1.58361e+06  3.99628e-20  0.00000e+00  0.00000e+00  5.47725e-07
0430  8.48465e+18  7.87265e+03  1.58126e+06  3.96248e-20  0.00000e+00  0.00000e+00  5.45481e-07
0431  8.50204e+18  7.87564e+03  1.57892e+06  3.92903e-20  0.00000e+00  0.00000e+00  5.43252e-07
0432  8.51943e+18  7.87862e+03  1.57659e+06  3.89594e-20  0.00000e+00  0.00000e+00  5.41036e-07
0433  8.53682e+18  7.88159e+03  1.57426e+06  3.86320e-20  0.00000e+00  0.00000e+00  5.38834e-07
0434  8.55422e+18  7.88454e+03  1.57194e+06  3.83080e-20  0.00000e+00  0.00000e+00  5.36645e-07
0435  8.57161e+18  7.88748e+03  1.56963e+06  3.79878e-20  0.00000e+00  0.00000e+00  5.34469e-07
0436  8.58900e+18  7.89041e+03  1.56733e+06  3.76710e-20  0.00000e+00  0.00000e+00  5.32307e-07
0437  8.60639e+18  7.89333e+03  1.56503e+06  3.73576e-20  0.00000e+00  0.00000e+00  5.30158e-07
0438  8.62379e+18  7.89624e+03  1.56274e+06  3.70474e-20  0.00000e+00  0.00000e+00  5.28021e-07
0439  8.64118e+18  7.89913e+03  1.56046e+06  3.67405e-20  0.00000e+00  0.00000e+00  5.25898e-07
0440  8.65857e+18  7.90201e+03  1.55818e+06  3.64367e-20  0.00000e+00  0.00000e+00  5.23787e-07
0441  8.67596e+18  7.90489e+03  1.55591e+06  3.61360e-20  0.00000e+00  0.00000e+00  5.21689e-07
0442  8.69336e+18  7.90775e+03  1.55365e+06  3.58385e-20  0.00000e+00  0.00000e+00  5.19604e-07
0443  8.71075e+18  7.91060e+03  1.55139e+06  3.55440e-20  0.00000e+00  0.00000e+00  5.17531e-07
0444  8.72814e+18  7.91344e+03  1.54914e+06  3.52526e-20  0.00000e+00  0.00000e+00  5.15471e-07
0445  8.74553e+18  7.91627e+03  1.54690e+06  3.49641e-20  0.00000e+00  0.00000e+00  5.13422e-07
0446  8.76293e+18  7.91909e+03  1.54467e+06  3.46786e-20  0.00000e+00  0.00000e+00  5.11386e-07
0447  8.78032e+18  7.92190e+03  1.54244e+06  3.43960e-20  0.00000e+00  0.00000e+00  5.09362e-07
0448  8.79771e+18  7.92470e+03  1.54022e+06  3.41162e-20  0.00000e+00  0.00000e+00  5.07350e-07
0449  8.81510e+18  7.92748e+03  1.53801e+06  3.38394e-20  0.00000e+00  0.00000e+00  5.05350e-07
0450  8.83250e+18  7.93026e+03  1.53580e+06  3.35653e-20  0.00000e+00  0.00000e+00  5.03362e-07
0451  8.84989e+18  7.93303e+03  1.53360e+06  3.32940e-20  0.00000e+00  0.00000e+00  5.01386e-07
0452  8.86728e+18  7.93579e+03  1.53140e+06  3.29743e-20  0.00000e+00  0.00000e+00  4.99421e-07
0453  8.88467e+18  7.93853e+03  1.52921e+06  3.27121e-20  0.00000e+00  0.00000e+00  4.97467e-07
0454  8.90207e+18  7.94127e+03  1.52703e+06  3.24524e-20  0.00000e+00  0.00000e+00  4.95525e-07
0455  8.91946e+18  7.94399e+03  1.52485e+06  3.21954e-20  0.00000e+00  0.00000e+00  4.93595e-07
0456  8.93685e+18  7.94671e+03  1.52268e+06  3.19408e-20  0.00000e+00  0.00000e+00  4.91675e-07
0457  8.95424e+18  7.94941e+03  1.52051e+06  3.16888e-20  0.00000e+00  0.00000e+00  4.89767e-07
0458  8.97164e+18  7.95210e+03  1.51836e+06  3.14393e-20  0.00000e+00  0.00000e+00  4.87870e-07
0459  8.98903e+18  7.95478e+03  1.51621e+06  3.11922e-20  0.00000e+00  0.00000e+00  4.85984e-07
0460  9.00642e+18  7.95745e+03  1.51406e+06  3.09476e-20  0.00000e+00  0.00000e+00  4.84109e-07
0461  9.02381e+18  7.96010e+03  1.51192e+06  3.07054e-20  0.00000e+00  0.00000e+00  4.82244e-07
0462  9.04121e+18  7.96275e+03  1.50979e+06  3.04655e-20  0.00000e+00  0.00000e+00  4.80391e-07
0463  9.05860e+18  7.96539e+03  1.50767e+06  3.02280e-20  0.00000e+00  0.00000e+00  4.78548e-07
0464  9.07599e+18  7.96801e+03  1.50555e+06  2.99928e-20  0.00000e+00  0.00000e+00  4.76716e-07
0465  9.09338e+18  7.97062e+03  1.50344e+06  2.97599e-20  0.00000e+00  0.00000e+00  4.74894e-07
0466  9.11078e+18  7.97322e+03  1.50133e+06  2.95292e-20  0.00000e+00  0.00000e+00  4.73082e-07
0467  9.12817e+18  7.97581e+03  1.49923e+06  2.93008e-20  0.00000e+00  0.00000e+00  4.71281e-07
0468  9.14556e+18  7.97839e+03  1.49714e+06  2.90747e-20  0.00000e+00  0.00000e+00  4.69490e-07
0469  9.16295e+18  7.98095e+03  1.49506e+06  2.88507e-20  0.00000e+00  0.00000e+00  4.67710e-07
0470  9.18035e+18  7.98350e+03  1.49298e+06  2.86288e-20  0.00000e+00  0.00000e+00  4.65939e-07
0471  9.19774e+18  7.98605e+03  1.49091e+06  2.84091e-20  0.00000e+00  0.00000e+00  4.64179e-07
0472  9.21513e+18  7.98858e+03  1.48884e+06  2.81915e-20  0.00000e+00  0.00000e+00  4.62428e-07
0473  9.23252e+18  7.99110e+03  1.48678e+06  2.79760e-20  0.00000e+00  0.00000e+00  4.60688e-07
0474  9.24992e+18  7.99361e+03  1.48473e+06  2.77626e-20  0.00000e+00  0.00000e+00  4.58957e-07
0475  9.26731e+18  7.99611e+03  1.48268e+06  2.75512e-20  0.00000e+00  0.00000e+00  4.57236e-07
0476  9.28470e+18  7.99860e+03  1.48064e+06  2.73418e-20  0.00000e+00  0.00000e+00  4.55524e-07
0477  9.30209e+18  8.00108e+03  1.47861e+06  2.71344e-20  0.00000e+00  0.00000e+00  4.53823e-07
0478  9.31949e+18  8.00355e+03  1.47658e+06  2.69289e-20  0.00000e+00  0.00000e+00  4.52130e-07
0479  9.33688e+18  8.00602e+03  1.47455e+06  2.67254e-20  0.00000e+00  0.00000e+00  4.50447e-07
0480  9.35427e+18  8.00848e+03  1.47254e+06  2.65238e-20  0.00000e+00  0.00000e+00  4.48774e-07
0481  9.37166e+18  8.01093e+03  1.47052e+06  2.63241e-20  0.00000e+00  0.00000e+00  4.47110e-07
0482  9.38906e+18  8.01337e+03  1.46852e+06  2.61263e-20  0.00000e+00  0.00000e+00  4.45455e-07
0483  9.40645e+18  8.01581e+03  1.46651e+06  2.59304e-20  0.00000e+00  0.00000e+00  4.43809e-07
0484  9.42384e+18  8.01825e+03  1.46452e+06  2.57362e-20  0.00000e+00  0.00000e+00  4.42172e-07
0485  9.44123e+18  8.02067e+03  1.46253e+06  2.55439e-20  0.00000e+00  0.00000e+00  4.40545e-07
0486  9.45863e+18  8.02309e+03  1.46054e+06  2.53534e-20  0.00000e+00  0.00000e+00  4.38926e-07
0487  9.47602e+18  8.02551e+03  1.45857e+06  2.51646e-20  0.00000e+00  0.00000e+00  4.37316e-07
0488  9.49341e+18  8.02791e+03  1.45659e+06  2.49776e-20  0.00000e+00  0.00000e+00  4.35715e-07
0489  9.51080e+18  8.03031e+03  1.45463e+06  2.47923e-20  0.00000e+00  0.00000e+00  4.34123e-07
0490  9.52820e+18  8.03270e+03  1.45266e+06  2.46088e-20  0.00000e+00  0.00000e+00  4.32540e-07
0491  9.54559e+18  8.03507e+03  1.45071e+06  2.44269e-20  0.00000e+00  0.00000e+00  4.30965e-07
0492  9.56298e+18  8.03744e+03  1.44876e+06  2.42467e-20  0.00000e+00  0.00000e+00  4.29399e-07
0493  9.58037e+18  8.03980e+03  1.44681e+06  2.40682e-20  0.00000e+00  0.00000e+00  4.27841e-07
0494  9.59777e+18  8.04215e+03  1.44488e+06  2.38914e-20  0.00000e+00  0.00000e+00  4.26292e-07
0495  9.61516e+18  8.04448e+03  1.44294e+06  2.37161e-20  0.00000e+00  0.00000e+00  4.24751e-07
0496  9.63255e+18  8.04681e+03  1.44102e+06  2.35425e-20  0.00000e+00  0.00000e+00  4.23219e-07
0497  9.64994e+18  8.04913e+03  1.43910e+06  2.33705e-20  0.00000e+00  0.00000e+00  4.21695e-07
0498  9.66734e+18  8.05144e+03  1.43718e+06  2.32000e-20  0.00000e+00  0.00000e+00  4.20179e-07
0499  9.68473e+18  8.05374e+03  1.43527e+06  2.30311e-20  0.00000e+00  0.00000e+00  4.18671e-07
0500  9.70212e+18  8.05603e+03  1.43337e+06  2.28638e-20  0.00000e+00  0.00000e+00  4.17171e-07
0501  9.71951e+18  8.05831e+03  1.43147e+06  2.26979e-20  0.00000e+00  0.00000e+00  4.15679e-07
0502  9.73691e+18  8.06059e+03  1.42957e+06  2.25336e-20  0.00000e+00  0.00000e+00  4.14196e-07
0503  9.75430e+18  8.06286e+03  1.42768e+06  2.23708e-20  0.00000e+00  0.00000e+00  4.12720e-07
0504  9.77169e+18  8.06512e+03  1.42580e+06  2.22094e-20  0.00000e+00  0.00000e+00  4.11252e-07
0505  9.78908e+18  8.06737e+03  1.42392e+06  2.20495e-20  0.00000e+00  0.00000e+00  4.09792e-07
0506  9.80648e+18  8.06962e+03  1.42205e+06  2.18910e-20  0.00000e+00  0.00000e+00  4.08340e-07
0507  9.82387e+18  8.07185e+03  1.42018e+06  2.17339e-20  0.00000e+00  0.00000e+00  4.06895e-07
0508  9.84126e+18  8.07408e+03  1.41832e+06  2.15783e-20  0.00000e+00  0.00000e+00  4.05458e-07
0509  9.85865e+18  8.07630e+03  1.41646e+06  2.14240e-20  0.00000e+00  0.00000e+00  4.04029e-07
0510  9.87605e+18  8.07851e+03  1.41461e+06  2.12711e-20  0.00000e+00  0.00000e+00  4.02607e-07
0511  9.89344e+18  8.08072e+03  1.41277e+06  2.11196e-20  0.00000e+00  0.00000e+00  4.01193e-07
0512  9.91083e+18  8.08291e+03  1.41093e+06  2.09694e-20  0.00000e+00  0.00000e+00  3.99786e-07
0513  9.92822e+18  8.08510e+03  1.40909e+06  2.08206e-20  0.00000e+00  0.00000e+00  3.98386e-07
0514  9.94562e+18  8.08728e+03  1.40726e+06  2.06731e-20  0.00000e+00  0.00000e+00  3.96994e-07
0515  9.96301e+18  8.08945e+03  1.40543e+06  2.05269e-20  0.00000e+00  0.00000e+00  3.95609e-07
0516  9.98040e+18  8.09162e+03  1.40361e+06  2.03820e-20  0.00000e+00  0.00000e+00  3.94232e-07
0517  9.99779e+18  8.09378e+03  1.40180e+06  2.02384e-20  0.00000e+00  0.00000e+00  3.92861e-07
0518  1.00152e+19  8.09592e+03  1.39999e+06  2.00960e-20  0.00000e+00  0.00000e+00  3.91498e-07
0519  1.00326e+19  8.09806e+03  1.39818e+06  1.99549e-20  0.00000e+00  0.00000e+00  3.90142e-07
0520  1.00500e+19  8.10020e+03  1.39638e+06  1.98151e-20  0.00000e+00  0.00000e+00  3.88793e-07
0521  1.00674e+19  8.10232e+03  1.39459e+06  1.96764e-20  0.00000e+00  0.00000e+00  3.87450e-07
0522  1.00848e+19  8.10444e+03  1.39280e+06  1.95390e-20  0.00000e+00  0.00000e+00  3.86115e-07
0523  1.01021e+19  8.10655e+03  1.39101e+06  1.94028e-20  0.00000e+00  0.00000e+00  3.84787e-07
0524  1.01195e+19  8.10866e+03  1.38923e+06  1.92677e-20  0.00000e+00  0.00000e+00  3.83465e-07
0525  1.01369e+19  8.11075e+03  1.38746e+06  1.91339e-20  0.00000e+00  0.00000e+00  3.82150e-07
0526  1.01543e+19  8.11284e+03  1.38569e+06  1.90012e-20  0.00000e+00  0.00000e+00  3.80842e-07
0527  1.01717e+19  8.11492e+03  1.38392e+06  1.88696e-20  0.00000e+00  0.00000e+00  3.79541e-07
0528  1.01891e+19  8.11700e+03  1.38216e+06  1.87392e-20  0.00000e+00  0.00000e+00  3.78247e-07
0529  1.02065e+19  8.11906e+03  1.38040e+06  1.86099e-20  0.00000e+00  0.00000e+00  3.76959e-07
0530  1.02239e+19  8.12112e+03  1.37865e+06  1.84818e-20  0.00000e+00  0.00000e+00  3.75677e-07
0531  1.02413e+19  8.12317e+03  1.37691e+06  1.83547e-20  0.00000e+00  0.00000e+00  3.74402e-07
0532  1.02587e+19  8.12522e+03  1.37516e+06  1.82287e-20  0.00000e+00  0.00000e+00  3.73134e-07
0533  1.02761e+19  8.12725e+03  1.37343e+06  1.81039e-20  0.00000e+00  0.00000e+00  3.71872e-07
0534  1.02935e+19  8.12928e+03  1.37169e+06  1.79800e-20  0.00000e+00  0.00000e+00  3.70616e-07
0535  1.03109e+19  8.13131e+03  1.36997e+06  1.78573e-20  0.00000e+00  0.00000e+00  3.69367e-07
0536  1.03283e+19  8.13332e+03  1.36824e+06  1.77356e-20  0.00000e+00  0.00000e+00  3.68124e-07
0537  1.03456e+19  8.13533e+03  1.36653e+06  1.76149e-20  0.00000e+00  0.00000e+00  3.66887e-07
0538  1.03630e+19  8.13733e+03  1.36481e+06  1.74953e-20  0.00000e+00  0.00000e+00  3.65657e-07
0539  1.03804e+19  8.13933e+03  1.36310e+06  1.73767e-20  0.00000e+00  0.00000e+00  3.64432e-07
0540  1.03978e+19  8.14132e+03  1.36140e+06  1.72590e-20  0.00000e+00  0.00000e+00  3.63214e-07
0541  1.04152e+19  8.14330e+03  1.35970e+06  1.71424e-20  0.00000e+00  0.00000e+00  3.62002e-07
0542  1.04326e+19  8.14527e+03  1.35800e+06  1.70268e-20  0.00000e+00  0.00000e+00  3.60796e-07
0543  1.04500e+19  8.14724e+03  1.35631e+06  1.69121e-20  0.00000e+00  0.00000e+00  3.59596e-07
0544  1.04674e+19  8.14921e+03  1.35463e+06  1.67984e-20  0.00000e+00  0.00000e+00  3.58402e-07
0545  1.04848e+19  8.15116e+03  1.35295e+06  1.66857e-20  0.00000e+00  0.00000e+00  3.57214e-07
0546  1.05022e+19  8.15311e+03  1.35127e+06  1.65739e-20  0.00000e+00  0.00000e+00  3.56032e-07
0547  1.05196e+19  8.15505e+03  1.34960e+06  1.64630e-20  0.00000e+00  0.00000e+00  3.54856e-07
0548  1.05370e+19  8.15699e+03  1.34793e+06  1.63531e-20  0.00000e+00  0.00000e+00  3.53685e-07
0549  1.05544e+19  8.15893e+03  1.34626e+06  1.62441e-20  0.00000e+00  0.00000e+00  3.52520e-07
0550  1.05717e+19  8.16084e+03  1.34460e+06  1.61360e-20  0.00000e+00  0.00000e+00  3.51361e-07
0551  1.05891e+19  8.16280e+03  1.34295e+06  1.60287e-20  0.00000e+00  0.00000e+00  3.50208e-07
0552  1.06065e+19  8.16455e+03  1.34130e+06  1.59227e-20  0.00000e+00  0.00000e+00  3.49061e-07
0553  1.06239e+19  8.16715e+03  1.33962e+06  1.58161e-20  0.00000e+00  0.00000e+00  3.47919e-07
0554  1.06413e+19  8.16635e+03  1.33813e+06  1.57146e-20  0.00000e+00  0.00000e+00  3.46782e-07
0555  1.06587e+19  8.18468e+03  1.33555e+06  1.55843e-20  0.00000e+00  0.00000e+00  3.45651e-07
