# Athena++ data at time=2.850000e+12  cycle=214109013  variables=uov 
# i       x1v         user_out_var0          user_out_var1          user_out_var2          user_out_var3          user_out_var4          user_out_var5      
0002  1.07548e+18  4.91743e+00  3.03478e+04  7.00881e-16  0.00000e+00  0.00000e+00  3.39500e-05
0003  1.09287e+18  1.06070e+01  4.05906e+04  4.63871e-17  0.00000e+00  0.00000e+00  3.28781e-05
0004  1.11027e+18  1.63201e+01  5.07147e+04  2.53108e-17  0.00000e+00  0.00000e+00  3.18561e-05
0005  1.12766e+18  2.44563e+01  6.54013e+04  3.84829e-17  0.00000e+00  0.00000e+00  3.08811e-05
0006  1.14505e+18  3.76459e+01  9.15770e+04  5.76180e-17  0.00000e+00  0.00000e+00  2.99501e-05
0007  1.16244e+18  5.48491e+01  1.25911e+05  4.47183e-17  0.00000e+00  0.00000e+00  2.90606e-05
0008  1.17983e+18  6.17069e+01  1.35488e+05  1.19974e-17  0.00000e+00  0.00000e+00  2.82102e-05
0009  1.19723e+18  6.69099e+01  1.42309e+05  1.32708e-17  0.00000e+00  0.00000e+00  2.73965e-05
0010  1.21462e+18  7.15939e+01  1.47783e+05  1.09220e-17  0.00000e+00  0.00000e+00  2.66176e-05
0011  1.23201e+18  7.48797e+01  1.50436e+05  7.23448e-18  0.00000e+00  0.00000e+00  2.58714e-05
0012  1.24940e+18  7.80206e+01  1.53005e+05  7.59990e-18  0.00000e+00  0.00000e+00  2.51561e-05
0013  1.26679e+18  8.11797e+01  1.55626e+05  7.37146e-18  0.00000e+00  0.00000e+00  2.44701e-05
0014  1.28419e+18  8.42779e+01  1.58233e+05  6.83074e-18  0.00000e+00  0.00000e+00  2.38118e-05
0015  1.30158e+18  8.71153e+01  1.60436e+05  5.99381e-18  0.00000e+00  0.00000e+00  2.31797e-05
0016  1.31897e+18  8.98076e+01  1.62493e+05  5.65537e-18  0.00000e+00  0.00000e+00  2.25724e-05
0017  1.33636e+18  9.24485e+01  1.64559e+05  5.44841e-18  0.00000e+00  0.00000e+00  2.19887e-05
0018  1.35375e+18  9.50286e+01  1.66624e+05  4.96333e-18  0.00000e+00  0.00000e+00  2.14273e-05
0019  1.37115e+18  9.71336e+01  1.67936e+05 -2.11782e-16  0.00000e+00  0.00000e+00  2.08872e-05
0020  1.38854e+18  9.92877e+01  1.69480e+05  4.33896e-18  0.00000e+00  0.00000e+00  2.03672e-05
0021  1.40593e+18  1.01755e+02  1.71665e+05  4.38183e-18  0.00000e+00  0.00000e+00  1.98665e-05
0022  1.42332e+18  1.03623e+02  1.72867e+05  3.16911e-18  0.00000e+00  0.00000e+00  1.93839e-05
0023  1.44071e+18  1.05566e+02  1.74410e+05  3.49007e-18  0.00000e+00  0.00000e+00  1.89187e-05
0024  1.45811e+18  1.07533e+02  1.76028e+05  3.27159e-18  0.00000e+00  0.00000e+00  1.84701e-05
0025  1.47550e+18  1.09414e+02  1.77630e+05  3.01403e-18  0.00000e+00  0.00000e+00  1.80373e-05
0026  1.49289e+18  1.11217e+02  1.79220e+05  2.81597e-18  0.00000e+00  0.00000e+00  1.76194e-05
0027  1.51028e+18  1.12901e+02  1.80755e+05  2.57123e-18  0.00000e+00  0.00000e+00  1.72160e-05
0028  1.52767e+18  1.14404e+02  1.82169e+05  2.19179e-18  0.00000e+00  0.00000e+00  1.68262e-05
0029  1.54507e+18  1.15186e+02  1.82910e+05  4.84079e-18  0.00000e+00  0.00000e+00  1.64495e-05
0030  1.56246e+18  3.27140e+02  5.49377e+05  5.85265e-16  0.00000e+00  0.00000e+00  1.60854e-05
0031  1.57985e+18  6.85952e+02  9.30515e+05  2.31233e-16  0.00000e+00  0.00000e+00  1.57331e-05
0032  1.59724e+18  9.03214e+02  1.18576e+06  1.53834e-16  0.00000e+00  0.00000e+00  1.53924e-05
0033  1.61463e+18  1.06576e+03  1.36450e+06  1.31069e-16  0.00000e+00  0.00000e+00  1.50626e-05
0034  1.63203e+18  1.20790e+03  1.51029e+06  1.18196e-16  0.00000e+00  0.00000e+00  1.47432e-05
0035  1.64942e+18  1.34115e+03  1.63904e+06  1.08765e-16  0.00000e+00  0.00000e+00  1.44340e-05
0036  1.66681e+18  1.46882e+03  1.75496e+06  9.99010e-17  0.00000e+00  0.00000e+00  1.41343e-05
0037  1.68420e+18  1.59153e+03  1.86037e+06  9.18712e-17  0.00000e+00  0.00000e+00  1.38439e-05
0038  1.70160e+18  1.70926e+03  1.95593e+06  8.41007e-17  0.00000e+00  0.00000e+00  1.35623e-05
0039  1.71899e+18  1.82122e+03  2.04208e+06  7.68933e-17  0.00000e+00  0.00000e+00  1.32893e-05
0040  1.73638e+18  1.92856e+03  2.12118e+06  7.13911e-17  0.00000e+00  0.00000e+00  1.30244e-05
0041  1.75377e+18  2.03246e+03  2.19331e+06  6.61537e-17  0.00000e+00  0.00000e+00  1.27674e-05
0042  1.77116e+18  2.13243e+03  2.25919e+06  6.12766e-17  0.00000e+00  0.00000e+00  1.25178e-05
0043  1.78856e+18  2.22862e+03  2.31952e+06  5.69356e-17  0.00000e+00  0.00000e+00  1.22756e-05
0044  1.80595e+18  2.32135e+03  2.37482e+06  5.30168e-17  0.00000e+00  0.00000e+00  1.20403e-05
0045  1.82334e+18  2.41071e+03  2.42554e+06  4.94082e-17  0.00000e+00  0.00000e+00  1.18117e-05
0046  1.84073e+18  2.49665e+03  2.47215e+06  4.60984e-17  0.00000e+00  0.00000e+00  1.15895e-05
0047  1.85813e+18  2.57915e+03  2.51505e+06  4.30697e-17  0.00000e+00  0.00000e+00  1.13736e-05
0050  1.87552e+18  2.65842e+03  2.55475e+06  4.04432e-17  0.00000e+00  0.00000e+00  1.11636e-05
0051  1.89291e+18  2.73533e+03  2.59160e+06  3.81886e-17  0.00000e+00  0.00000e+00  1.09594e-05
0052  1.91030e+18  2.81047e+03  2.62559e+06  3.60697e-17  0.00000e+00  0.00000e+00  1.07608e-05
0053  1.92769e+18  2.88375e+03  2.65698e+06  3.40834e-17  0.00000e+00  0.00000e+00  1.05675e-05
0054  1.94509e+18  2.95518e+03  2.68598e+06  3.22243e-17  0.00000e+00  0.00000e+00  1.03793e-05
0055  1.96248e+18  3.02473e+03  2.71276e+06  3.04863e-17  0.00000e+00  0.00000e+00  1.01962e-05
0056  1.97987e+18  3.09236e+03  2.73751e+06  2.88627e-17  0.00000e+00  0.00000e+00  1.00178e-05
0057  1.99726e+18  3.15805e+03  2.76044e+06  2.73592e-17  0.00000e+00  0.00000e+00  9.84411e-06
0058  2.01466e+18  3.22196e+03  2.78172e+06  2.59936e-17  0.00000e+00  0.00000e+00  9.67488e-06
0059  2.03205e+18  3.28456e+03  2.80125e+06  2.47090e-17  0.00000e+00  0.00000e+00  9.50998e-06
0060  2.04944e+18  3.34579e+03  2.81919e+06  2.35011e-17  0.00000e+00  0.00000e+00  9.34925e-06
0061  2.06683e+18  3.40571e+03  2.83562e+06  2.23652e-17  0.00000e+00  0.00000e+00  9.19257e-06
0062  2.08423e+18  3.46434e+03  2.85065e+06  2.12966e-17  0.00000e+00  0.00000e+00  9.03979e-06
0063  2.10162e+18  3.52171e+03  2.86436e+06  2.02912e-17  0.00000e+00  0.00000e+00  8.89079e-06
0064  2.11901e+18  3.57787e+03  2.87683e+06  1.93448e-17  0.00000e+00  0.00000e+00  8.74544e-06
0065  2.13640e+18  3.63284e+03  2.88814e+06  1.84535e-17  0.00000e+00  0.00000e+00  8.60363e-06
0066  2.15379e+18  3.68668e+03  2.89834e+06  1.76136e-17  0.00000e+00  0.00000e+00  8.46523e-06
0067  2.17119e+18  3.73929e+03  2.90759e+06  1.68221e-17  0.00000e+00  0.00000e+00  8.33016e-06
0068  2.18858e+18  3.79131e+03  2.91551e+06  1.60536e-17  0.00000e+00  0.00000e+00  8.19828e-06
0069  2.20597e+18  3.84148e+03  2.92310e+06  1.54126e-17  0.00000e+00  0.00000e+00  8.06952e-06
0070  2.22336e+18  3.88999e+03  2.93037e+06  1.48029e-17  0.00000e+00  0.00000e+00  7.94377e-06
0071  2.24076e+18  3.93715e+03  2.93720e+06  1.42226e-17  0.00000e+00  0.00000e+00  7.82093e-06
0072  2.25815e+18  3.98316e+03  2.94353e+06  1.36699e-17  0.00000e+00  0.00000e+00  7.70092e-06
0073  2.27554e+18  4.02817e+03  2.94932e+06  1.31432e-17  0.00000e+00  0.00000e+00  7.58365e-06
0074  2.29293e+18  4.07226e+03  2.95456e+06  1.26412e-17  0.00000e+00  0.00000e+00  7.46904e-06
0075  2.31033e+18  4.11550e+03  2.95926e+06  1.21625e-17  0.00000e+00  0.00000e+00  7.35701e-06
0076  2.32772e+18  4.15796e+03  2.96342e+06  1.17059e-17  0.00000e+00  0.00000e+00  7.24748e-06
0077  2.34511e+18  4.19967e+03  2.96706e+06  1.12701e-17  0.00000e+00  0.00000e+00  7.14038e-06
0078  2.36250e+18  4.24066e+03  2.97018e+06  1.08542e-17  0.00000e+00  0.00000e+00  7.03563e-06
0079  2.37989e+18  4.28097e+03  2.97281e+06  1.04572e-17  0.00000e+00  0.00000e+00  6.93317e-06
0080  2.39729e+18  4.32061e+03  2.97497e+06  1.00779e-17  0.00000e+00  0.00000e+00  6.83294e-06
0081  2.41468e+18  4.35960e+03  2.97669e+06  9.71554e-18  0.00000e+00  0.00000e+00  6.73486e-06
0082  2.43207e+18  4.39795e+03  2.97798e+06  9.36925e-18  0.00000e+00  0.00000e+00  6.63888e-06
0083  2.44946e+18  4.43568e+03  2.97886e+06  9.03819e-18  0.00000e+00  0.00000e+00  6.54493e-06
0084  2.46686e+18  4.47280e+03  2.97935e+06  8.72162e-18  0.00000e+00  0.00000e+00  6.45297e-06
0085  2.48425e+18  4.50933e+03  2.97948e+06  8.41879e-18  0.00000e+00  0.00000e+00  6.36293e-06
0086  2.50164e+18  4.54528e+03  2.97925e+06  8.12900e-18  0.00000e+00  0.00000e+00  6.27476e-06
0087  2.51903e+18  4.58064e+03  2.97871e+06  7.85639e-18  0.00000e+00  0.00000e+00  6.18842e-06
0088  2.53643e+18  4.61542e+03  2.97790e+06  7.59631e-18  0.00000e+00  0.00000e+00  6.10384e-06
0089  2.55382e+18  4.64963e+03  2.97681e+06  7.34685e-18  0.00000e+00  0.00000e+00  6.02098e-06
0090  2.57121e+18  4.68328e+03  2.97548e+06  7.10751e-18  0.00000e+00  0.00000e+00  5.93980e-06
0091  2.58860e+18  4.71640e+03  2.97390e+06  6.87780e-18  0.00000e+00  0.00000e+00  5.86026e-06
0092  2.60600e+18  4.74900e+03  2.97208e+06  6.65727e-18  0.00000e+00  0.00000e+00  5.78229e-06
0093  2.62339e+18  4.78110e+03  2.97004e+06  6.44551e-18  0.00000e+00  0.00000e+00  5.70588e-06
0094  2.64078e+18  4.81271e+03  2.96778e+06  6.24209e-18  0.00000e+00  0.00000e+00  5.63097e-06
0095  2.65817e+18  4.84384e+03  2.96531e+06  6.04664e-18  0.00000e+00  0.00000e+00  5.55752e-06
0096  2.67557e+18  4.87450e+03  2.96265e+06  5.85879e-18  0.00000e+00  0.00000e+00  5.48550e-06
0097  2.69296e+18  4.90471e+03  2.95979e+06  5.67819e-18  0.00000e+00  0.00000e+00  5.41488e-06
0098  2.71035e+18  4.93449e+03  2.95674e+06  5.50451e-18  0.00000e+00  0.00000e+00  5.34560e-06
0099  2.72774e+18  4.96382e+03  2.95353e+06  5.33744e-18  0.00000e+00  0.00000e+00  5.27765e-06
0100  2.74513e+18  4.99274e+03  2.95014e+06  5.17667e-18  0.00000e+00  0.00000e+00  5.21099e-06
0101  2.76253e+18  5.02125e+03  2.94659e+06  5.02194e-18  0.00000e+00  0.00000e+00  5.14558e-06
0102  2.77992e+18  5.04936e+03  2.94290e+06  4.87297e-18  0.00000e+00  0.00000e+00  5.08140e-06
0103  2.79731e+18  5.07707e+03  2.93905e+06  4.72951e-18  0.00000e+00  0.00000e+00  5.01841e-06
0104  2.81470e+18  5.10440e+03  2.93507e+06  4.59131e-18  0.00000e+00  0.00000e+00  4.95658e-06
0105  2.83210e+18  5.13136e+03  2.93096e+06  4.45815e-18  0.00000e+00  0.00000e+00  4.89589e-06
0106  2.84949e+18  5.15794e+03  2.92672e+06  4.32981e-18  0.00000e+00  0.00000e+00  4.83630e-06
0107  2.86688e+18  5.18417e+03  2.92236e+06  4.20608e-18  0.00000e+00  0.00000e+00  4.77780e-06
0108  2.88427e+18  5.21005e+03  2.91788e+06  4.08677e-18  0.00000e+00  0.00000e+00  4.72035e-06
0109  2.90167e+18  5.23558e+03  2.91330e+06  3.97168e-18  0.00000e+00  0.00000e+00  4.66394e-06
0110  2.91906e+18  5.26078e+03  2.90861e+06  3.86064e-18  0.00000e+00  0.00000e+00  4.60853e-06
0111  2.93645e+18  5.28564e+03  2.90382e+06  3.75348e-18  0.00000e+00  0.00000e+00  4.55409e-06
0112  2.95384e+18  5.31019e+03  2.89895e+06  3.65004e-18  0.00000e+00  0.00000e+00  4.50062e-06
0113  2.97124e+18  5.33441e+03  2.89398e+06  3.55016e-18  0.00000e+00  0.00000e+00  4.44809e-06
0114  2.98863e+18  5.35832e+03  2.88893e+06  3.45370e-18  0.00000e+00  0.00000e+00  4.39647e-06
0115  3.00602e+18  5.38193e+03  2.88380e+06  3.36052e-18  0.00000e+00  0.00000e+00  4.34574e-06
0116  3.02341e+18  5.40523e+03  2.87860e+06  3.27049e-18  0.00000e+00  0.00000e+00  4.29588e-06
0117  3.04081e+18  5.42825e+03  2.87333e+06  3.18347e-18  0.00000e+00  0.00000e+00  4.24688e-06
0118  3.05820e+18  5.45097e+03  2.86798e+06  3.09936e-18  0.00000e+00  0.00000e+00  4.19872e-06
0119  3.07559e+18  5.47341e+03  2.86259e+06  3.01802e-18  0.00000e+00  0.00000e+00  4.15136e-06
0120  3.09298e+18  5.49559e+03  2.85710e+06  2.93688e-18  0.00000e+00  0.00000e+00  4.10481e-06
0121  3.11037e+18  5.51748e+03  2.85158e+06  2.86423e-18  0.00000e+00  0.00000e+00  4.05903e-06
0122  3.12777e+18  5.53908e+03  2.84603e+06  2.79380e-18  0.00000e+00  0.00000e+00  4.01401e-06
0123  3.14516e+18  5.56041e+03  2.84047e+06  2.72551e-18  0.00000e+00  0.00000e+00  3.96974e-06
0124  3.16255e+18  5.58146e+03  2.83489e+06  2.65927e-18  0.00000e+00  0.00000e+00  3.92620e-06
0125  3.17994e+18  5.60224e+03  2.82929e+06  2.59502e-18  0.00000e+00  0.00000e+00  3.88337e-06
0126  3.19734e+18  5.62276e+03  2.82367e+06  2.53269e-18  0.00000e+00  0.00000e+00  3.84123e-06
0127  3.21473e+18  5.64303e+03  2.81804e+06  2.47221e-18  0.00000e+00  0.00000e+00  3.79978e-06
0128  3.23212e+18  5.66304e+03  2.81239e+06  2.41351e-18  0.00000e+00  0.00000e+00  3.75900e-06
0129  3.24951e+18  5.68281e+03  2.80673e+06  2.35654e-18  0.00000e+00  0.00000e+00  3.71887e-06
0130  3.26691e+18  5.70235e+03  2.80105e+06  2.30123e-18  0.00000e+00  0.00000e+00  3.67938e-06
0131  3.28430e+18  5.72164e+03  2.79537e+06  2.24752e-18  0.00000e+00  0.00000e+00  3.64051e-06
0132  3.30169e+18  5.74071e+03  2.78967e+06  2.19537e-18  0.00000e+00  0.00000e+00  3.60226e-06
0133  3.31908e+18  5.75956e+03  2.78396e+06  2.14472e-18  0.00000e+00  0.00000e+00  3.56460e-06
0134  3.33648e+18  5.77818e+03  2.77824e+06  2.09552e-18  0.00000e+00  0.00000e+00  3.52754e-06
0135  3.35387e+18  5.79659e+03  2.77251e+06  2.04771e-18  0.00000e+00  0.00000e+00  3.49104e-06
0136  3.37126e+18  5.81479e+03  2.76677e+06  2.00126e-18  0.00000e+00  0.00000e+00  3.45512e-06
0137  3.38865e+18  5.83278e+03  2.76103e+06  1.95611e-18  0.00000e+00  0.00000e+00  3.41974e-06
0138  3.40605e+18  5.85057e+03  2.75527e+06  1.91223e-18  0.00000e+00  0.00000e+00  3.38491e-06
0139  3.42344e+18  5.86816e+03  2.74952e+06  1.86956e-18  0.00000e+00  0.00000e+00  3.35060e-06
0140  3.44083e+18  5.88555e+03  2.74375e+06  1.82808e-18  0.00000e+00  0.00000e+00  3.31681e-06
0141  3.45822e+18  5.90275e+03  2.73799e+06  1.78775e-18  0.00000e+00  0.00000e+00  3.28353e-06
0142  3.47562e+18  5.91977e+03  2.73221e+06  1.74851e-18  0.00000e+00  0.00000e+00  3.25075e-06
0143  3.49301e+18  5.93659e+03  2.72644e+06  1.71035e-18  0.00000e+00  0.00000e+00  3.21846e-06
0144  3.51040e+18  5.95323e+03  2.72067e+06  1.67322e-18  0.00000e+00  0.00000e+00  3.18665e-06
0145  3.52779e+18  5.96969e+03  2.71489e+06  1.63709e-18  0.00000e+00  0.00000e+00  3.15531e-06
0146  3.54519e+18  5.98598e+03  2.70912e+06  1.60194e-18  0.00000e+00  0.00000e+00  3.12442e-06
0147  3.56258e+18  6.00209e+03  2.70334e+06  1.56772e-18  0.00000e+00  0.00000e+00  3.09399e-06
0148  3.57997e+18  6.01803e+03  2.69757e+06  1.53441e-18  0.00000e+00  0.00000e+00  3.06400e-06
0149  3.59736e+18  6.03380e+03  2.69179e+06  1.50198e-18  0.00000e+00  0.00000e+00  3.03444e-06
0150  3.61476e+18  6.04941e+03  2.68602e+06  1.47040e-18  0.00000e+00  0.00000e+00  3.00531e-06
0151  3.63215e+18  6.06487e+03  2.68025e+06  1.43965e-18  0.00000e+00  0.00000e+00  2.97660e-06
0152  3.64954e+18  6.08016e+03  2.67448e+06  1.40970e-18  0.00000e+00  0.00000e+00  2.94830e-06
0153  3.66693e+18  6.09530e+03  2.66872e+06  1.38052e-18  0.00000e+00  0.00000e+00  2.92040e-06
0154  3.68432e+18  6.11029e+03  2.66296e+06  1.35210e-18  0.00000e+00  0.00000e+00  2.89289e-06
0155  3.70172e+18  6.12513e+03  2.65720e+06  1.32440e-18  0.00000e+00  0.00000e+00  2.86577e-06
0156  3.71911e+18  6.13982e+03  2.65145e+06  1.29741e-18  0.00000e+00  0.00000e+00  2.83903e-06
0157  3.73650e+18  6.15436e+03  2.64571e+06  1.27111e-18  0.00000e+00  0.00000e+00  2.81266e-06
0158  3.75389e+18  6.16875e+03  2.63997e+06  1.24546e-18  0.00000e+00  0.00000e+00  2.78666e-06
0159  3.77129e+18  6.18301e+03  2.63424e+06  1.22047e-18  0.00000e+00  0.00000e+00  2.76101e-06
0160  3.78868e+18  6.19712e+03  2.62852e+06  1.19609e-18  0.00000e+00  0.00000e+00  2.73572e-06
0161  3.80607e+18  6.21110e+03  2.62281e+06  1.17233e-18  0.00000e+00  0.00000e+00  2.71078e-06
0162  3.82346e+18  6.22495e+03  2.61711e+06  1.14915e-18  0.00000e+00  0.00000e+00  2.68617e-06
0163  3.84086e+18  6.23865e+03  2.61141e+06  1.12654e-18  0.00000e+00  0.00000e+00  2.66190e-06
0164  3.85825e+18  6.25223e+03  2.60573e+06  1.10449e-18  0.00000e+00  0.00000e+00  2.63795e-06
0165  3.87564e+18  6.26567e+03  2.60005e+06  1.08298e-18  0.00000e+00  0.00000e+00  2.61433e-06
0166  3.89303e+18  6.27899e+03  2.59438e+06  1.06199e-18  0.00000e+00  0.00000e+00  2.59102e-06
0167  3.91043e+18  6.29217e+03  2.58872e+06  1.04150e-18  0.00000e+00  0.00000e+00  2.56803e-06
0168  3.92782e+18  6.30522e+03  2.58308e+06  1.02151e-18  0.00000e+00  0.00000e+00  2.54533e-06
0169  3.94521e+18  6.31815e+03  2.57744e+06  1.00200e-18  0.00000e+00  0.00000e+00  2.52294e-06
0170  3.96260e+18  6.33095e+03  2.57181e+06  9.82960e-19  0.00000e+00  0.00000e+00  2.50084e-06
0171  3.98000e+18  6.34362e+03  2.56619e+06  9.64368e-19  0.00000e+00  0.00000e+00  2.47903e-06
0172  3.99739e+18  6.35617e+03  2.56058e+06  9.46215e-19  0.00000e+00  0.00000e+00  2.45751e-06
0173  4.01478e+18  6.36861e+03  2.55499e+06  9.28489e-19  0.00000e+00  0.00000e+00  2.43626e-06
0174  4.03217e+18  6.38092e+03  2.54940e+06  9.11177e-19  0.00000e+00  0.00000e+00  2.41529e-06
0175  4.04957e+18  6.39313e+03  2.54383e+06  8.94269e-19  0.00000e+00  0.00000e+00  2.39459e-06
0176  4.06696e+18  6.40522e+03  2.53827e+06  8.77752e-19  0.00000e+00  0.00000e+00  2.37415e-06
0177  4.08435e+18  6.41720e+03  2.53272e+06  8.61130e-19  0.00000e+00  0.00000e+00  2.35397e-06
0178  4.10174e+18  6.42908e+03  2.52718e+06  8.45352e-19  0.00000e+00  0.00000e+00  2.33405e-06
0179  4.11914e+18  6.44084e+03  2.52165e+06  8.29934e-19  0.00000e+00  0.00000e+00  2.31438e-06
0180  4.13653e+18  6.45250e+03  2.51613e+06  8.14868e-19  0.00000e+00  0.00000e+00  2.29496e-06
0181  4.15392e+18  6.46406e+03  2.51063e+06  8.00144e-19  0.00000e+00  0.00000e+00  2.27578e-06
0182  4.17131e+18  6.47551e+03  2.50513e+06  7.85752e-19  0.00000e+00  0.00000e+00  2.25685e-06
0183  4.18871e+18  6.48685e+03  2.49966e+06  7.71683e-19  0.00000e+00  0.00000e+00  2.23814e-06
0184  4.20610e+18  6.49809e+03  2.49419e+06  7.57930e-19  0.00000e+00  0.00000e+00  2.21967e-06
0185  4.22349e+18  6.50923e+03  2.48874e+06  7.44483e-19  0.00000e+00  0.00000e+00  2.20143e-06
0186  4.24088e+18  6.52027e+03  2.48330e+06  7.31334e-19  0.00000e+00  0.00000e+00  2.18341e-06
0187  4.25828e+18  6.53120e+03  2.47788e+06  7.18476e-19  0.00000e+00  0.00000e+00  2.16561e-06
0188  4.27567e+18  6.54205e+03  2.47248e+06  7.05900e-19  0.00000e+00  0.00000e+00  2.14803e-06
0189  4.29306e+18  6.55279e+03  2.46708e+06  6.93599e-19  0.00000e+00  0.00000e+00  2.13066e-06
0190  4.31045e+18  6.56344e+03  2.46171e+06  6.81567e-19  0.00000e+00  0.00000e+00  2.11350e-06
0191  4.32785e+18  6.57400e+03  2.45635e+06  6.69795e-19  0.00000e+00  0.00000e+00  2.09654e-06
0192  4.34524e+18  6.58446e+03  2.45100e+06  6.58278e-19  0.00000e+00  0.00000e+00  2.07979e-06
0193  4.36263e+18  6.59483e+03  2.44567e+06  6.47024e-19  0.00000e+00  0.00000e+00  2.06324e-06
0194  4.38002e+18  6.60510e+03  2.44035e+06  6.36091e-19  0.00000e+00  0.00000e+00  2.04689e-06
0195  4.39742e+18  6.61528e+03  2.43505e+06  6.25389e-19  0.00000e+00  0.00000e+00  2.03073e-06
0196  4.41481e+18  6.62537e+03  2.42977e+06  6.14911e-19  0.00000e+00  0.00000e+00  2.01476e-06
0197  4.43220e+18  6.63537e+03  2.42450e+06  6.04653e-19  0.00000e+00  0.00000e+00  1.99898e-06
0198  4.44959e+18  6.64529e+03  2.41925e+06  5.94609e-19  0.00000e+00  0.00000e+00  1.98339e-06
0199  4.46699e+18  6.65512e+03  2.41401e+06  5.84773e-19  0.00000e+00  0.00000e+00  1.96797e-06
0200  4.48438e+18  6.66486e+03  2.40879e+06  5.75141e-19  0.00000e+00  0.00000e+00  1.95273e-06
0201  4.50177e+18  6.67453e+03  2.40359e+06  5.65706e-19  0.00000e+00  0.00000e+00  1.93768e-06
0202  4.51916e+18  6.68411e+03  2.39841e+06  5.56464e-19  0.00000e+00  0.00000e+00  1.92279e-06
0203  4.53655e+18  6.69361e+03  2.39324e+06  5.47412e-19  0.00000e+00  0.00000e+00  1.90807e-06
0204  4.55395e+18  6.70304e+03  2.38809e+06  5.38543e-19  0.00000e+00  0.00000e+00  1.89353e-06
0205  4.57134e+18  6.71238e+03  2.38296e+06  5.29853e-19  0.00000e+00  0.00000e+00  1.87915e-06
0206  4.58873e+18  6.72165e+03  2.37784e+06  5.21339e-19  0.00000e+00  0.00000e+00  1.86493e-06
0207  4.60612e+18  6.73084e+03  2.37274e+06  5.12995e-19  0.00000e+00  0.00000e+00  1.85087e-06
0208  4.62352e+18  6.73995e+03  2.36766e+06  5.04819e-19  0.00000e+00  0.00000e+00  1.83697e-06
0209  4.64091e+18  6.74899e+03  2.36260e+06  4.96805e-19  0.00000e+00  0.00000e+00  1.82323e-06
0210  4.65830e+18  6.75795e+03  2.35756e+06  4.88950e-19  0.00000e+00  0.00000e+00  1.80964e-06
0211  4.67569e+18  6.76684e+03  2.35253e+06  4.81251e-19  0.00000e+00  0.00000e+00  1.79620e-06
0212  4.69309e+18  6.77566e+03  2.34752e+06  4.73703e-19  0.00000e+00  0.00000e+00  1.78291e-06
0213  4.71048e+18  6.78440e+03  2.34253e+06  4.66303e-19  0.00000e+00  0.00000e+00  1.76977e-06
0214  4.72787e+18  6.79307e+03  2.33755e+06  4.59047e-19  0.00000e+00  0.00000e+00  1.75678e-06
0215  4.74526e+18  6.80168e+03  2.33259e+06  4.51933e-19  0.00000e+00  0.00000e+00  1.74392e-06
0216  4.76266e+18  6.81021e+03  2.32765e+06  4.44956e-19  0.00000e+00  0.00000e+00  1.73121e-06
0217  4.78005e+18  6.81868e+03  2.32273e+06  4.38114e-19  0.00000e+00  0.00000e+00  1.71863e-06
0218  4.79744e+18  6.82708e+03  2.31783e+06  4.31404e-19  0.00000e+00  0.00000e+00  1.70619e-06
0219  4.81483e+18  6.83542e+03  2.31294e+06  4.24821e-19  0.00000e+00  0.00000e+00  1.69389e-06
0220  4.83223e+18  6.84369e+03  2.30807e+06  4.18365e-19  0.00000e+00  0.00000e+00  1.68172e-06
0221  4.84962e+18  6.85190e+03  2.30322e+06  4.12031e-19  0.00000e+00  0.00000e+00  1.66968e-06
0222  4.86701e+18  6.86005e+03  2.29838e+06  4.05816e-19  0.00000e+00  0.00000e+00  1.65776e-06
0223  4.88440e+18  6.86813e+03  2.29356e+06  3.99719e-19  0.00000e+00  0.00000e+00  1.64598e-06
0224  4.90180e+18  6.87615e+03  2.28876e+06  3.93736e-19  0.00000e+00  0.00000e+00  1.63432e-06
0225  4.91919e+18  6.88411e+03  2.28398e+06  3.87865e-19  0.00000e+00  0.00000e+00  1.62278e-06
0226  4.93658e+18  6.89201e+03  2.27921e+06  3.82104e-19  0.00000e+00  0.00000e+00  1.61137e-06
0227  4.95397e+18  6.89985e+03  2.27446e+06  3.76450e-19  0.00000e+00  0.00000e+00  1.60007e-06
0228  4.97137e+18  6.90763e+03  2.26973e+06  3.70900e-19  0.00000e+00  0.00000e+00  1.58890e-06
0229  4.98876e+18  6.91535e+03  2.26502e+06  3.65453e-19  0.00000e+00  0.00000e+00  1.57784e-06
0230  5.00615e+18  6.92300e+03  2.26032e+06  3.60105e-19  0.00000e+00  0.00000e+00  1.56689e-06
0231  5.02354e+18  6.93060e+03  2.25564e+06  3.54856e-19  0.00000e+00  0.00000e+00  1.55606e-06
0232  5.04094e+18  6.93814e+03  2.25098e+06  3.49702e-19  0.00000e+00  0.00000e+00  1.54534e-06
0233  5.05833e+18  6.94562e+03  2.24633e+06  3.44643e-19  0.00000e+00  0.00000e+00  1.53474e-06
0234  5.07572e+18  6.95304e+03  2.24171e+06  3.39674e-19  0.00000e+00  0.00000e+00  1.52424e-06
0235  5.09311e+18  6.96041e+03  2.23710e+06  3.34796e-19  0.00000e+00  0.00000e+00  1.51384e-06
0236  5.11051e+18  6.96772e+03  2.23250e+06  3.30005e-19  0.00000e+00  0.00000e+00  1.50356e-06
0237  5.12790e+18  6.97498e+03  2.22793e+06  3.25299e-19  0.00000e+00  0.00000e+00  1.49337e-06
0238  5.14529e+18  6.98219e+03  2.22336e+06  3.20678e-19  0.00000e+00  0.00000e+00  1.48330e-06
0239  5.16268e+18  6.98934e+03  2.21882e+06  3.16139e-19  0.00000e+00  0.00000e+00  1.47332e-06
0240  5.18008e+18  6.99644e+03  2.21429e+06  3.11680e-19  0.00000e+00  0.00000e+00  1.46344e-06
0241  5.19747e+18  7.00349e+03  2.20978e+06  3.07300e-19  0.00000e+00  0.00000e+00  1.45366e-06
0242  5.21486e+18  7.01049e+03  2.20528e+06  3.02997e-19  0.00000e+00  0.00000e+00  1.44398e-06
0243  5.23225e+18  7.01744e+03  2.20080e+06  2.98769e-19  0.00000e+00  0.00000e+00  1.43440e-06
0244  5.24965e+18  7.02434e+03  2.19634e+06  2.94615e-19  0.00000e+00  0.00000e+00  1.42491e-06
0245  5.26704e+18  7.03119e+03  2.19189e+06  2.90533e-19  0.00000e+00  0.00000e+00  1.41552e-06
0246  5.28443e+18  7.03799e+03  2.18746e+06  2.86522e-19  0.00000e+00  0.00000e+00  1.40621e-06
0247  5.30182e+18  7.04475e+03  2.18304e+06  2.82580e-19  0.00000e+00  0.00000e+00  1.39700e-06
0248  5.31922e+18  7.05145e+03  2.17864e+06  2.78706e-19  0.00000e+00  0.00000e+00  1.38788e-06
0249  5.33661e+18  7.05811e+03  2.17426e+06  2.74899e-19  0.00000e+00  0.00000e+00  1.37885e-06
0250  5.35400e+18  7.06471e+03  2.16989e+06  2.71156e-19  0.00000e+00  0.00000e+00  1.36991e-06
0251  5.37139e+18  7.07127e+03  2.16554e+06  2.67478e-19  0.00000e+00  0.00000e+00  1.36105e-06
0252  5.38879e+18  7.07778e+03  2.16120e+06  2.63861e-19  0.00000e+00  0.00000e+00  1.35228e-06
0253  5.40618e+18  7.08424e+03  2.15688e+06  2.60305e-19  0.00000e+00  0.00000e+00  1.34359e-06
0254  5.42357e+18  7.09066e+03  2.15257e+06  2.56810e-19  0.00000e+00  0.00000e+00  1.33499e-06
0255  5.44096e+18  7.09702e+03  2.14828e+06  2.53373e-19  0.00000e+00  0.00000e+00  1.32647e-06
0256  5.45836e+18  7.10334e+03  2.14401e+06  2.49993e-19  0.00000e+00  0.00000e+00  1.31803e-06
0257  5.47575e+18  7.10961e+03  2.13975e+06  2.46670e-19  0.00000e+00  0.00000e+00  1.30967e-06
0258  5.49314e+18  7.11584e+03  2.13550e+06  2.43403e-19  0.00000e+00  0.00000e+00  1.30139e-06
0259  5.51053e+18  7.12202e+03  2.13127e+06  2.40190e-19  0.00000e+00  0.00000e+00  1.29318e-06
0260  5.52793e+18  7.12815e+03  2.12706e+06  2.37030e-19  0.00000e+00  0.00000e+00  1.28506e-06
0261  5.54532e+18  7.13425e+03  2.12286e+06  2.33922e-19  0.00000e+00  0.00000e+00  1.27701e-06
0262  5.56271e+18  7.14029e+03  2.11867e+06  2.30865e-19  0.00000e+00  0.00000e+00  1.26904e-06
0263  5.58010e+18  7.14630e+03  2.11450e+06  2.27858e-19  0.00000e+00  0.00000e+00  1.26114e-06
0264  5.59750e+18  7.15227e+03  2.11034e+06  2.24900e-19  0.00000e+00  0.00000e+00  1.25331e-06
0265  5.61489e+18  7.15820e+03  2.10620e+06  2.21991e-19  0.00000e+00  0.00000e+00  1.24556e-06
0266  5.63228e+18  7.16408e+03  2.10207e+06  2.19128e-19  0.00000e+00  0.00000e+00  1.23788e-06
0267  5.64967e+18  7.16992e+03  2.09796e+06  2.16312e-19  0.00000e+00  0.00000e+00  1.23027e-06
0268  5.66707e+18  7.17573e+03  2.09386e+06  2.13541e-19  0.00000e+00  0.00000e+00  1.22273e-06
0269  5.68446e+18  7.18149e+03  2.08978e+06  2.10814e-19  0.00000e+00  0.00000e+00  1.21526e-06
0270  5.70185e+18  7.18722e+03  2.08571e+06  2.08131e-19  0.00000e+00  0.00000e+00  1.20786e-06
0271  5.71924e+18  7.19291e+03  2.08166e+06  2.05491e-19  0.00000e+00  0.00000e+00  1.20052e-06
0272  5.73664e+18  7.19855e+03  2.07762e+06  2.02893e-19  0.00000e+00  0.00000e+00  1.19325e-06
0273  5.75403e+18  7.20416e+03  2.07359e+06  2.00336e-19  0.00000e+00  0.00000e+00  1.18605e-06
0274  5.77142e+18  7.20973e+03  2.06959e+06  1.97819e-19  0.00000e+00  0.00000e+00  1.17891e-06
0275  5.78881e+18  7.21527e+03  2.06559e+06  1.95342e-19  0.00000e+00  0.00000e+00  1.17184e-06
0276  5.80620e+18  7.22076e+03  2.06161e+06  1.92904e-19  0.00000e+00  0.00000e+00  1.16483e-06
0277  5.82360e+18  7.22622e+03  2.05764e+06  1.90504e-19  0.00000e+00  0.00000e+00  1.15788e-06
0278  5.84099e+18  7.23165e+03  2.05369e+06  1.88141e-19  0.00000e+00  0.00000e+00  1.15100e-06
0279  5.85838e+18  7.23704e+03  2.04976e+06  1.85815e-19  0.00000e+00  0.00000e+00  1.14417e-06
0280  5.87577e+18  7.24239e+03  2.04583e+06  1.83525e-19  0.00000e+00  0.00000e+00  1.13741e-06
0281  5.89317e+18  7.24771e+03  2.04193e+06  1.81271e-19  0.00000e+00  0.00000e+00  1.13071e-06
0282  5.91056e+18  7.25299e+03  2.03803e+06  1.79051e-19  0.00000e+00  0.00000e+00  1.12406e-06
0283  5.92795e+18  7.25824e+03  2.03415e+06  1.76865e-19  0.00000e+00  0.00000e+00  1.11748e-06
0284  5.94534e+18  7.26345e+03  2.03028e+06  1.74712e-19  0.00000e+00  0.00000e+00  1.11095e-06
0285  5.96274e+18  7.26862e+03  2.02643e+06  1.72593e-19  0.00000e+00  0.00000e+00  1.10448e-06
0286  5.98013e+18  7.27377e+03  2.02259e+06  1.70506e-19  0.00000e+00  0.00000e+00  1.09806e-06
0287  5.99752e+18  7.27887e+03  2.01876e+06  1.68450e-19  0.00000e+00  0.00000e+00  1.09170e-06
0288  6.01491e+18  7.28394e+03  2.01495e+06  1.66426e-19  0.00000e+00  0.00000e+00  1.08540e-06
0289  6.03231e+18  7.28898e+03  2.01115e+06  1.64432e-19  0.00000e+00  0.00000e+00  1.07915e-06
0290  6.04970e+18  7.29398e+03  2.00736e+06  1.62468e-19  0.00000e+00  0.00000e+00  1.07295e-06
0291  6.06709e+18  7.29895e+03  2.00358e+06  1.60533e-19  0.00000e+00  0.00000e+00  1.06681e-06
0292  6.08448e+18  7.30389e+03  1.99982e+06  1.58628e-19  0.00000e+00  0.00000e+00  1.06072e-06
0293  6.10188e+18  7.30879e+03  1.99607e+06  1.56751e-19  0.00000e+00  0.00000e+00  1.05468e-06
0294  6.11927e+18  7.31366e+03  1.99233e+06  1.54901e-19  0.00000e+00  0.00000e+00  1.04869e-06
0295  6.13666e+18  7.31850e+03  1.98861e+06  1.53079e-19  0.00000e+00  0.00000e+00  1.04276e-06
0296  6.15405e+18  7.32330e+03  1.98489e+06  1.51284e-19  0.00000e+00  0.00000e+00  1.03687e-06
0297  6.17145e+18  7.32808e+03  1.98119e+06  1.49515e-19  0.00000e+00  0.00000e+00  1.03104e-06
0298  6.18884e+18  7.33282e+03  1.97751e+06  1.47773e-19  0.00000e+00  0.00000e+00  1.02525e-06
0299  6.20623e+18  7.33754e+03  1.97383e+06  1.46055e-19  0.00000e+00  0.00000e+00  1.01951e-06
0300  6.22362e+18  7.34222e+03  1.97017e+06  1.44363e-19  0.00000e+00  0.00000e+00  1.01382e-06
0301  6.24102e+18  7.34688e+03  1.96653e+06  1.42695e-19  0.00000e+00  0.00000e+00  1.00818e-06
0302  6.25841e+18  7.35151e+03  1.96289e+06  1.41052e-19  0.00000e+00  0.00000e+00  1.00258e-06
0303  6.27580e+18  7.35611e+03  1.95927e+06  1.39432e-19  0.00000e+00  0.00000e+00  9.97032e-07
0304  6.29319e+18  7.36067e+03  1.95566e+06  1.37835e-19  0.00000e+00  0.00000e+00  9.91529e-07
0305  6.31059e+18  7.36522e+03  1.95206e+06  1.36262e-19  0.00000e+00  0.00000e+00  9.86071e-07
0306  6.32798e+18  7.36973e+03  1.94848e+06  1.34711e-19  0.00000e+00  0.00000e+00  9.80658e-07
0307  6.34537e+18  7.37422e+03  1.94491e+06  1.33182e-19  0.00000e+00  0.00000e+00  9.75289e-07
0308  6.36276e+18  7.37868e+03  1.94135e+06  1.31675e-19  0.00000e+00  0.00000e+00  9.69965e-07
0309  6.38016e+18  7.38311e+03  1.93780e+06  1.30189e-19  0.00000e+00  0.00000e+00  9.64684e-07
0310  6.39755e+18  7.38752e+03  1.93427e+06  1.28724e-19  0.00000e+00  0.00000e+00  9.59445e-07
0311  6.41494e+18  7.39190e+03  1.93075e+06  1.27280e-19  0.00000e+00  0.00000e+00  9.54250e-07
0312  6.43233e+18  7.39625e+03  1.92724e+06  1.25856e-19  0.00000e+00  0.00000e+00  9.49097e-07
0313  6.44973e+18  7.40058e+03  1.92375e+06  1.24452e-19  0.00000e+00  0.00000e+00  9.43985e-07
0314  6.46712e+18  7.40489e+03  1.92026e+06  1.23067e-19  0.00000e+00  0.00000e+00  9.38914e-07
0315  6.48451e+18  7.40917e+03  1.91679e+06  1.21702e-19  0.00000e+00  0.00000e+00  9.33884e-07
0316  6.50190e+18  7.41343e+03  1.91334e+06  1.20356e-19  0.00000e+00  0.00000e+00  9.28895e-07
0317  6.51930e+18  7.41766e+03  1.90989e+06  1.19028e-19  0.00000e+00  0.00000e+00  9.23945e-07
0318  6.53669e+18  7.42187e+03  1.90646e+06  1.17719e-19  0.00000e+00  0.00000e+00  9.19035e-07
0319  6.55408e+18  7.42605e+03  1.90303e+06  1.16428e-19  0.00000e+00  0.00000e+00  9.14164e-07
0320  6.57147e+18  7.43022e+03  1.89962e+06  1.15155e-19  0.00000e+00  0.00000e+00  9.09331e-07
0321  6.58887e+18  7.43436e+03  1.89623e+06  1.13899e-19  0.00000e+00  0.00000e+00  9.04537e-07
0322  6.60626e+18  7.43848e+03  1.89284e+06  1.12660e-19  0.00000e+00  0.00000e+00  8.99780e-07
0323  6.62365e+18  7.44258e+03  1.88947e+06  1.11438e-19  0.00000e+00  0.00000e+00  8.95061e-07
0324  6.64104e+18  7.44665e+03  1.88611e+06  1.10232e-19  0.00000e+00  0.00000e+00  8.90379e-07
0325  6.65844e+18  7.45071e+03  1.88276e+06  1.09043e-19  0.00000e+00  0.00000e+00  8.85733e-07
0326  6.67583e+18  7.45474e+03  1.87942e+06  1.07870e-19  0.00000e+00  0.00000e+00  8.81124e-07
0327  6.69322e+18  7.45875e+03  1.87609e+06  1.06713e-19  0.00000e+00  0.00000e+00  8.76551e-07
0328  6.71061e+18  7.46274e+03  1.87278e+06  1.05571e-19  0.00000e+00  0.00000e+00  8.72013e-07
0329  6.72801e+18  7.46671e+03  1.86947e+06  1.04444e-19  0.00000e+00  0.00000e+00  8.67511e-07
0330  6.74540e+18  7.47065e+03  1.86618e+06  1.03333e-19  0.00000e+00  0.00000e+00  8.63043e-07
0331  6.76279e+18  7.47457e+03  1.86290e+06  1.02236e-19  0.00000e+00  0.00000e+00  8.58609e-07
0332  6.78018e+18  7.47847e+03  1.85963e+06  1.01154e-19  0.00000e+00  0.00000e+00  8.54210e-07
0333  6.79758e+18  7.48235e+03  1.85637e+06  1.00087e-19  0.00000e+00  0.00000e+00  8.49844e-07
0334  6.81497e+18  7.48621e+03  1.85312e+06  9.90331e-20  0.00000e+00  0.00000e+00  8.45512e-07
0335  6.83236e+18  7.49004e+03  1.84988e+06  9.79935e-20  0.00000e+00  0.00000e+00  8.41213e-07
0336  6.84975e+18  7.49386e+03  1.84666e+06  9.69675e-20  0.00000e+00  0.00000e+00  8.36946e-07
0337  6.86715e+18  7.49765e+03  1.84344e+06  9.59489e-20  0.00000e+00  0.00000e+00  8.32712e-07
0338  6.88454e+18  7.50143e+03  1.84024e+06  9.49485e-20  0.00000e+00  0.00000e+00  8.28510e-07
0339  6.90193e+18  7.50518e+03  1.83705e+06  9.39611e-20  0.00000e+00  0.00000e+00  8.24340e-07
0340  6.91932e+18  7.50892e+03  1.83387e+06  9.29866e-20  0.00000e+00  0.00000e+00  8.20201e-07
0341  6.93672e+18  7.51263e+03  1.83070e+06  9.20247e-20  0.00000e+00  0.00000e+00  8.16093e-07
0342  6.95411e+18  7.51633e+03  1.82754e+06  9.10753e-20  0.00000e+00  0.00000e+00  8.12016e-07
0343  6.97150e+18  7.52001e+03  1.82439e+06  9.01381e-20  0.00000e+00  0.00000e+00  8.07970e-07
0344  6.98889e+18  7.52367e+03  1.82125e+06  8.92130e-20  0.00000e+00  0.00000e+00  8.03953e-07
0345  7.00629e+18  7.52730e+03  1.81812e+06  8.82998e-20  0.00000e+00  0.00000e+00  7.99967e-07
0346  7.02368e+18  7.53092e+03  1.81501e+06  8.73983e-20  0.00000e+00  0.00000e+00  7.96010e-07
0347  7.04107e+18  7.53452e+03  1.81190e+06  8.65084e-20  0.00000e+00  0.00000e+00  7.92082e-07
0348  7.05846e+18  7.53809e+03  1.80880e+06  8.56298e-20  0.00000e+00  0.00000e+00  7.88183e-07
0349  7.07586e+18  7.54165e+03  1.80572e+06  8.47624e-20  0.00000e+00  0.00000e+00  7.84313e-07
0350  7.09325e+18  7.54519e+03  1.80264e+06  8.39061e-20  0.00000e+00  0.00000e+00  7.80472e-07
0351  7.11064e+18  7.54870e+03  1.79958e+06  8.30605e-20  0.00000e+00  0.00000e+00  7.76658e-07
0352  7.12803e+18  7.55220e+03  1.79652e+06  8.22257e-20  0.00000e+00  0.00000e+00  7.72873e-07
0353  7.14543e+18  7.55567e+03  1.79347e+06  8.14014e-20  0.00000e+00  0.00000e+00  7.69115e-07
0354  7.16282e+18  7.55913e+03  1.79044e+06  8.05875e-20  0.00000e+00  0.00000e+00  7.65385e-07
0355  7.18021e+18  7.56257e+03  1.78741e+06  7.97838e-20  0.00000e+00  0.00000e+00  7.61681e-07
0356  7.19760e+18  7.56598e+03  1.78439e+06  7.89901e-20  0.00000e+00  0.00000e+00  7.58004e-07
0357  7.21500e+18  7.56938e+03  1.78139e+06  7.82064e-20  0.00000e+00  0.00000e+00  7.54354e-07
0358  7.23239e+18  7.57276e+03  1.77839e+06  7.74324e-20  0.00000e+00  0.00000e+00  7.50731e-07
0359  7.24978e+18  7.57612e+03  1.77540e+06  7.66680e-20  0.00000e+00  0.00000e+00  7.47133e-07
0360  7.26717e+18  7.57946e+03  1.77242e+06  7.59131e-20  0.00000e+00  0.00000e+00  7.43561e-07
0361  7.28457e+18  7.58279e+03  1.76945e+06  7.51675e-20  0.00000e+00  0.00000e+00  7.40015e-07
0362  7.30196e+18  7.58609e+03  1.76649e+06  7.44310e-20  0.00000e+00  0.00000e+00  7.36493e-07
0363  7.31935e+18  7.58938e+03  1.76354e+06  7.37037e-20  0.00000e+00  0.00000e+00  7.32997e-07
0364  7.33674e+18  7.59265e+03  1.76060e+06  7.29852e-20  0.00000e+00  0.00000e+00  7.29526e-07
0365  7.35414e+18  7.59590e+03  1.75766e+06  7.22755e-20  0.00000e+00  0.00000e+00  7.26080e-07
0366  7.37153e+18  7.59914e+03  1.75474e+06  7.15745e-20  0.00000e+00  0.00000e+00  7.22658e-07
0367  7.38892e+18  7.60236e+03  1.75183e+06  7.08820e-20  0.00000e+00  0.00000e+00  7.19259e-07
0368  7.40631e+18  7.60556e+03  1.74892e+06  7.01978e-20  0.00000e+00  0.00000e+00  7.15885e-07
0369  7.42371e+18  7.60875e+03  1.74603e+06  6.95220e-20  0.00000e+00  0.00000e+00  7.12535e-07
0370  7.44110e+18  7.61193e+03  1.74315e+06  6.88542e-20  0.00000e+00  0.00000e+00  7.09208e-07
0371  7.45849e+18  7.61509e+03  1.74027e+06  6.81945e-20  0.00000e+00  0.00000e+00  7.05904e-07
0372  7.47588e+18  7.61823e+03  1.73741e+06  6.75427e-20  0.00000e+00  0.00000e+00  7.02623e-07
0373  7.49328e+18  7.62136e+03  1.73455e+06  6.68987e-20  0.00000e+00  0.00000e+00  6.99365e-07
0374  7.51067e+18  7.62447e+03  1.73171e+06  6.62624e-20  0.00000e+00  0.00000e+00  6.96130e-07
0375  7.52806e+18  7.62757e+03  1.72887e+06  6.56337e-20  0.00000e+00  0.00000e+00  6.92917e-07
0376  7.54545e+18  7.63066e+03  1.72604e+06  6.50124e-20  0.00000e+00  0.00000e+00  6.89727e-07
0377  7.56285e+18  7.63373e+03  1.72322e+06  6.43984e-20  0.00000e+00  0.00000e+00  6.86558e-07
0378  7.58024e+18  7.63678e+03  1.72042e+06  6.37918e-20  0.00000e+00  0.00000e+00  6.83411e-07
0379  7.59763e+18  7.63983e+03  1.71762e+06  6.31922e-20  0.00000e+00  0.00000e+00  6.80286e-07
0380  7.61502e+18  7.64285e+03  1.71483e+06  6.25998e-20  0.00000e+00  0.00000e+00  6.77182e-07
0381  7.63242e+18  7.64587e+03  1.71204e+06  6.20142e-20  0.00000e+00  0.00000e+00  6.74099e-07
0382  7.64981e+18  7.64887e+03  1.70927e+06  6.14356e-20  0.00000e+00  0.00000e+00  6.71037e-07
0383  7.66720e+18  7.65186e+03  1.70651e+06  6.08636e-20  0.00000e+00  0.00000e+00  6.67996e-07
0384  7.68459e+18  7.65483e+03  1.70375e+06  6.02984e-20  0.00000e+00  0.00000e+00  6.64976e-07
0385  7.70199e+18  7.65779e+03  1.70101e+06  5.97397e-20  0.00000e+00  0.00000e+00  6.61976e-07
0386  7.71938e+18  7.66073e+03  1.69827e+06  5.91875e-20  0.00000e+00  0.00000e+00  6.58996e-07
0387  7.73677e+18  7.66366e+03  1.69555e+06  5.86417e-20  0.00000e+00  0.00000e+00  6.56037e-07
0388  7.75416e+18  7.66658e+03  1.69283e+06  5.81022e-20  0.00000e+00  0.00000e+00  6.53097e-07
0389  7.77156e+18  7.66949e+03  1.69012e+06  5.75689e-20  0.00000e+00  0.00000e+00  6.50177e-07
0390  7.78895e+18  7.67238e+03  1.68742e+06  5.70417e-20  0.00000e+00  0.00000e+00  6.47277e-07
0391  7.80634e+18  7.67526e+03  1.68472e+06  5.65205e-20  0.00000e+00  0.00000e+00  6.44396e-07
0392  7.82373e+18  7.67813e+03  1.68204e+06  5.60053e-20  0.00000e+00  0.00000e+00  6.41534e-07
0393  7.84113e+18  7.68098e+03  1.67936e+06  5.54960e-20  0.00000e+00  0.00000e+00  6.38691e-07
0394  7.85852e+18  7.68383e+03  1.67670e+06  5.49924e-20  0.00000e+00  0.00000e+00  6.35867e-07
0395  7.87591e+18  7.68666e+03  1.67404e+06  5.44946e-20  0.00000e+00  0.00000e+00  6.33062e-07
0396  7.89330e+18  7.68948e+03  1.67139e+06  5.40024e-20  0.00000e+00  0.00000e+00  6.30275e-07
0397  7.91070e+18  7.69229e+03  1.66875e+06  5.35157e-20  0.00000e+00  0.00000e+00  6.27507e-07
0398  7.92809e+18  7.69509e+03  1.66612e+06  5.30345e-20  0.00000e+00  0.00000e+00  6.24756e-07
0399  7.94548e+18  7.69788e+03  1.66349e+06  5.25588e-20  0.00000e+00  0.00000e+00  6.22024e-07
0400  7.96287e+18  7.70065e+03  1.66088e+06  5.20883e-20  0.00000e+00  0.00000e+00  6.19310e-07
0401  7.98027e+18  7.70341e+03  1.65827e+06  5.16232e-20  0.00000e+00  0.00000e+00  6.16613e-07
0402  7.99766e+18  7.70616e+03  1.65567e+06  5.11632e-20  0.00000e+00  0.00000e+00  6.13934e-07
0403  8.01505e+18  7.70890e+03  1.65308e+06  5.07084e-20  0.00000e+00  0.00000e+00  6.11273e-07
0404  8.03244e+18  7.71162e+03  1.65049e+06  5.02587e-20  0.00000e+00  0.00000e+00  6.08629e-07
0405  8.04984e+18  7.71433e+03  1.64792e+06  4.98139e-20  0.00000e+00  0.00000e+00  6.06001e-07
0406  8.06723e+18  7.71702e+03  1.64535e+06  4.93741e-20  0.00000e+00  0.00000e+00  6.03391e-07
0407  8.08462e+18  7.71971e+03  1.64279e+06  4.89392e-20  0.00000e+00  0.00000e+00  6.00798e-07
0408  8.10201e+18  7.72238e+03  1.64024e+06  4.85090e-20  0.00000e+00  0.00000e+00  5.98221e-07
0409  8.11940e+18  7.72504e+03  1.63769e+06  4.80836e-20  0.00000e+00  0.00000e+00  5.95661e-07
0410  8.13680e+18  7.72769e+03  1.63516e+06  4.76629e-20  0.00000e+00  0.00000e+00  5.93117e-07
0411  8.15419e+18  7.73032e+03  1.63263e+06  4.72468e-20  0.00000e+00  0.00000e+00  5.90590e-07
0412  8.17158e+18  7.73295e+03  1.63011e+06  4.68352e-20  0.00000e+00  0.00000e+00  5.88078e-07
0413  8.18897e+18  7.73556e+03  1.62759e+06  4.64281e-20  0.00000e+00  0.00000e+00  5.85583e-07
0414  8.20637e+18  7.73817e+03  1.62509e+06  4.60254e-20  0.00000e+00  0.00000e+00  5.83104e-07
0415  8.22376e+18  7.74076e+03  1.62259e+06  4.56271e-20  0.00000e+00  0.00000e+00  5.80640e-07
0416  8.24115e+18  7.74335e+03  1.62010e+06  4.52331e-20  0.00000e+00  0.00000e+00  5.78191e-07
0417  8.25854e+18  7.74592e+03  1.61762e+06  4.48433e-20  0.00000e+00  0.00000e+00  5.75759e-07
0418  8.27594e+18  7.74849e+03  1.61514e+06  4.44577e-20  0.00000e+00  0.00000e+00  5.73341e-07
0419  8.29333e+18  7.75105e+03  1.61267e+06  4.40762e-20  0.00000e+00  0.00000e+00  5.70939e-07
0420  8.31072e+18  7.75361e+03  1.61022e+06  4.36988e-20  0.00000e+00  0.00000e+00  5.68552e-07
0421  8.32811e+18  7.75615e+03  1.60776e+06  4.33255e-20  0.00000e+00  0.00000e+00  5.66180e-07
0422  8.34551e+18  7.75869e+03  1.60532e+06  4.29561e-20  0.00000e+00  0.00000e+00  5.63822e-07
0423  8.36290e+18  7.76122e+03  1.60289e+06  4.25906e-20  0.00000e+00  0.00000e+00  5.61479e-07
0424  8.38029e+18  7.76375e+03  1.60046e+06  4.22290e-20  0.00000e+00  0.00000e+00  5.59151e-07
0425  8.39768e+18  7.76627e+03  1.59804e+06  4.18712e-20  0.00000e+00  0.00000e+00  5.56837e-07
0426  8.41508e+18  7.76877e+03  1.59563e+06  4.15172e-20  0.00000e+00  0.00000e+00  5.54538e-07
0427  8.43247e+18  7.77128e+03  1.59322e+06  4.11669e-20  0.00000e+00  0.00000e+00  5.52253e-07
0428  8.44986e+18  7.77377e+03  1.59083e+06  4.08203e-20  0.00000e+00  0.00000e+00  5.49982e-07
0429  8.46725e+18  7.77625e+03  1.58844e+06  4.04774e-20  0.00000e+00  0.00000e+00  5.47725e-07
0430  8.48465e+18  7.77873e+03  1.58606e+06  4.01380e-20  0.00000e+00  0.00000e+00  5.45481e-07
0431  8.50204e+18  7.78120e+03  1.58368e+06  3.98022e-20  0.00000e+00  0.00000e+00  5.43252e-07
0432  8.51943e+18  7.78365e+03  1.58132e+06  3.94699e-20  0.00000e+00  0.00000e+00  5.41036e-07
0433  8.53682e+18  7.78610e+03  1.57896e+06  3.91411e-20  0.00000e+00  0.00000e+00  5.38834e-07
0434  8.55422e+18  7.78855e+03  1.57660e+06  3.88157e-20  0.00000e+00  0.00000e+00  5.36645e-07
0435  8.57161e+18  7.79098e+03  1.57426e+06  3.84937e-20  0.00000e+00  0.00000e+00  5.34469e-07
0436  8.58900e+18  7.79340e+03  1.57192e+06  3.81750e-20  0.00000e+00  0.00000e+00  5.32307e-07
0437  8.60639e+18  7.79581e+03  1.56959e+06  3.78600e-20  0.00000e+00  0.00000e+00  5.30158e-07
0438  8.62379e+18  7.79822e+03  1.56726e+06  3.75484e-20  0.00000e+00  0.00000e+00  5.28021e-07
0439  8.64118e+18  7.80061e+03  1.56495e+06  3.72400e-20  0.00000e+00  0.00000e+00  5.25898e-07
0440  8.65857e+18  7.80300e+03  1.56264e+06  3.69347e-20  0.00000e+00  0.00000e+00  5.23787e-07
0441  8.67596e+18  7.80538e+03  1.56033e+06  3.66326e-20  0.00000e+00  0.00000e+00  5.21689e-07
0442  8.69336e+18  7.80774e+03  1.55803e+06  3.63335e-20  0.00000e+00  0.00000e+00  5.19604e-07
0443  8.71075e+18  7.81010e+03  1.55574e+06  3.60375e-20  0.00000e+00  0.00000e+00  5.17531e-07
0444  8.72814e+18  7.81245e+03  1.55346e+06  3.57446e-20  0.00000e+00  0.00000e+00  5.15471e-07
0445  8.74553e+18  7.81479e+03  1.55118e+06  3.54546e-20  0.00000e+00  0.00000e+00  5.13422e-07
0446  8.76293e+18  7.81712e+03  1.54891e+06  3.51676e-20  0.00000e+00  0.00000e+00  5.11386e-07
0447  8.78032e+18  7.81944e+03  1.54665e+06  3.48834e-20  0.00000e+00  0.00000e+00  5.09362e-07
0448  8.79771e+18  7.82175e+03  1.54439e+06  3.46022e-20  0.00000e+00  0.00000e+00  5.07350e-07
0449  8.81510e+18  7.82405e+03  1.54214e+06  3.43237e-20  0.00000e+00  0.00000e+00  5.05350e-07
0450  8.83250e+18  7.82635e+03  1.53989e+06  3.40481e-20  0.00000e+00  0.00000e+00  5.03362e-07
0451  8.84989e+18  7.82864e+03  1.53765e+06  3.37753e-20  0.00000e+00  0.00000e+00  5.01386e-07
0452  8.86728e+18  7.83092e+03  1.53542e+06  3.35051e-20  0.00000e+00  0.00000e+00  4.99421e-07
0453  8.88467e+18  7.83319e+03  1.53319e+06  3.32377e-20  0.00000e+00  0.00000e+00  4.97467e-07
0454  8.90207e+18  7.83545e+03  1.53098e+06  3.29729e-20  0.00000e+00  0.00000e+00  4.95525e-07
0455  8.91946e+18  7.83771e+03  1.52876e+06  3.27108e-20  0.00000e+00  0.00000e+00  4.93595e-07
0456  8.93685e+18  7.83996e+03  1.52656e+06  3.24513e-20  0.00000e+00  0.00000e+00  4.91675e-07
0457  8.95424e+18  7.84221e+03  1.52436e+06  3.21943e-20  0.00000e+00  0.00000e+00  4.89767e-07
0458  8.97164e+18  7.84444e+03  1.52216e+06  3.19399e-20  0.00000e+00  0.00000e+00  4.87870e-07
0459  8.98903e+18  7.84667e+03  1.51998e+06  3.16880e-20  0.00000e+00  0.00000e+00  4.85984e-07
0460  9.00642e+18  7.84890e+03  1.51780e+06  3.14386e-20  0.00000e+00  0.00000e+00  4.84109e-07
0461  9.02381e+18  7.85111e+03  1.51562e+06  3.11916e-20  0.00000e+00  0.00000e+00  4.82244e-07
0462  9.04121e+18  7.85332e+03  1.51345e+06  3.09470e-20  0.00000e+00  0.00000e+00  4.80391e-07
0463  9.05860e+18  7.85552e+03  1.51129e+06  3.07049e-20  0.00000e+00  0.00000e+00  4.78548e-07
0464  9.07599e+18  7.85771e+03  1.50914e+06  3.04651e-20  0.00000e+00  0.00000e+00  4.76716e-07
0465  9.09338e+18  7.85990e+03  1.50699e+06  3.02276e-20  0.00000e+00  0.00000e+00  4.74894e-07
0466  9.11078e+18  7.86207e+03  1.50485e+06  2.99925e-20  0.00000e+00  0.00000e+00  4.73082e-07
0467  9.12817e+18  7.86424e+03  1.50271e+06  2.97597e-20  0.00000e+00  0.00000e+00  4.71281e-07
0468  9.14556e+18  7.86640e+03  1.50058e+06  2.95291e-20  0.00000e+00  0.00000e+00  4.69490e-07
0469  9.16295e+18  7.86855e+03  1.49846e+06  2.93008e-20  0.00000e+00  0.00000e+00  4.67710e-07
0470  9.18035e+18  7.87069e+03  1.49634e+06  2.90747e-20  0.00000e+00  0.00000e+00  4.65939e-07
0471  9.19774e+18  7.87282e+03  1.49423e+06  2.88507e-20  0.00000e+00  0.00000e+00  4.64179e-07
0472  9.21513e+18  7.87494e+03  1.49213e+06  2.86290e-20  0.00000e+00  0.00000e+00  4.62428e-07
0473  9.23252e+18  7.87705e+03  1.49003e+06  2.84093e-20  0.00000e+00  0.00000e+00  4.60688e-07
0474  9.24992e+18  7.87916e+03  1.48793e+06  2.81918e-20  0.00000e+00  0.00000e+00  4.58957e-07
0475  9.26731e+18  7.88126e+03  1.48585e+06  2.79764e-20  0.00000e+00  0.00000e+00  4.57236e-07
0476  9.28470e+18  7.88335e+03  1.48377e+06  2.77630e-20  0.00000e+00  0.00000e+00  4.55524e-07
0477  9.30209e+18  7.88544e+03  1.48169e+06  2.75516e-20  0.00000e+00  0.00000e+00  4.53823e-07
0478  9.31949e+18  7.88753e+03  1.47962e+06  2.73423e-20  0.00000e+00  0.00000e+00  4.52130e-07
0479  9.33688e+18  7.88960e+03  1.47756e+06  2.71349e-20  0.00000e+00  0.00000e+00  4.50447e-07
0480  9.35427e+18  7.89168e+03  1.47550e+06  2.69295e-20  0.00000e+00  0.00000e+00  4.48774e-07
0481  9.37166e+18  7.89375e+03  1.47344e+06  2.67260e-20  0.00000e+00  0.00000e+00  4.47110e-07
0482  9.38906e+18  7.89582e+03  1.47140e+06  2.65244e-20  0.00000e+00  0.00000e+00  4.45455e-07
0483  9.40645e+18  7.89788e+03  1.46935e+06  2.63247e-20  0.00000e+00  0.00000e+00  4.43809e-07
0484  9.42384e+18  7.89995e+03  1.46732e+06  2.61269e-20  0.00000e+00  0.00000e+00  4.42172e-07
0485  9.44123e+18  7.90200e+03  1.46529e+06  2.59309e-20  0.00000e+00  0.00000e+00  4.40545e-07
0486  9.45863e+18  7.90405e+03  1.46326e+06  2.57368e-20  0.00000e+00  0.00000e+00  4.38926e-07
0487  9.47602e+18  7.90610e+03  1.46124e+06  2.55444e-20  0.00000e+00  0.00000e+00  4.37316e-07
0488  9.49341e+18  7.90814e+03  1.45923e+06  2.53539e-20  0.00000e+00  0.00000e+00  4.35715e-07
0489  9.51080e+18  7.91017e+03  1.45722e+06  2.51651e-20  0.00000e+00  0.00000e+00  4.34123e-07
0490  9.52820e+18  7.91220e+03  1.45522e+06  2.49781e-20  0.00000e+00  0.00000e+00  4.32540e-07
0491  9.54559e+18  7.91422e+03  1.45322e+06  2.47929e-20  0.00000e+00  0.00000e+00  4.30965e-07
0492  9.56298e+18  7.91623e+03  1.45123e+06  2.46093e-20  0.00000e+00  0.00000e+00  4.29399e-07
0493  9.58037e+18  7.91824e+03  1.44925e+06  2.44275e-20  0.00000e+00  0.00000e+00  4.27841e-07
0494  9.59777e+18  7.92024e+03  1.44727e+06  2.42473e-20  0.00000e+00  0.00000e+00  4.26292e-07
0495  9.61516e+18  7.92223e+03  1.44529e+06  2.40688e-20  0.00000e+00  0.00000e+00  4.24751e-07
0496  9.63255e+18  7.92421e+03  1.44332e+06  2.38919e-20  0.00000e+00  0.00000e+00  4.23219e-07
0497  9.64994e+18  7.92619e+03  1.44136e+06  2.37167e-20  0.00000e+00  0.00000e+00  4.21695e-07
0498  9.66734e+18  7.92817e+03  1.43940e+06  2.35431e-20  0.00000e+00  0.00000e+00  4.20179e-07
0499  9.68473e+18  7.93014e+03  1.43745e+06  2.33710e-20  0.00000e+00  0.00000e+00  4.18671e-07
0500  9.70212e+18  7.93210e+03  1.43551e+06  2.32005e-20  0.00000e+00  0.00000e+00  4.17171e-07
0501  9.71951e+18  7.93406e+03  1.43356e+06  2.30316e-20  0.00000e+00  0.00000e+00  4.15679e-07
0502  9.73691e+18  7.93602e+03  1.43163e+06  2.28292e-20  0.00000e+00  0.00000e+00  4.14196e-07
0503  9.75430e+18  7.93797e+03  1.42969e+06  2.26652e-20  0.00000e+00  0.00000e+00  4.12720e-07
0504  9.77169e+18  7.93991e+03  1.42776e+06  2.25026e-20  0.00000e+00  0.00000e+00  4.11252e-07
0505  9.78908e+18  7.94185e+03  1.42584e+06  2.23414e-20  0.00000e+00  0.00000e+00  4.09792e-07
0506  9.80648e+18  7.94379e+03  1.42392e+06  2.21817e-20  0.00000e+00  0.00000e+00  4.08340e-07
0507  9.82387e+18  7.94572e+03  1.42201e+06  2.20234e-20  0.00000e+00  0.00000e+00  4.06895e-07
0508  9.84126e+18  7.94765e+03  1.42011e+06  2.18665e-20  0.00000e+00  0.00000e+00  4.05458e-07
0509  9.85865e+18  7.94958e+03  1.41820e+06  2.17111e-20  0.00000e+00  0.00000e+00  4.04029e-07
0510  9.87605e+18  7.95150e+03  1.41631e+06  2.15569e-20  0.00000e+00  0.00000e+00  4.02607e-07
0511  9.89344e+18  7.95341e+03  1.41442e+06  2.14042e-20  0.00000e+00  0.00000e+00  4.01193e-07
0512  9.91083e+18  7.95532e+03  1.41253e+06  2.12528e-20  0.00000e+00  0.00000e+00  3.99786e-07
0513  9.92822e+18  7.95722e+03  1.41065e+06  2.11027e-20  0.00000e+00  0.00000e+00  3.98386e-07
0514  9.94562e+18  7.95913e+03  1.40878e+06  2.09540e-20  0.00000e+00  0.00000e+00  3.96994e-07
0515  9.96301e+18  7.96102e+03  1.40691e+06  2.08066e-20  0.00000e+00  0.00000e+00  3.95609e-07
0516  9.98040e+18  7.96292e+03  1.40505e+06  2.06604e-20  0.00000e+00  0.00000e+00  3.94232e-07
0517  9.99779e+18  7.96481e+03  1.40319e+06  2.05155e-20  0.00000e+00  0.00000e+00  3.92861e-07
0518  1.00152e+19  7.96669e+03  1.40133e+06  2.03719e-20  0.00000e+00  0.00000e+00  3.91498e-07
0519  1.00326e+19  7.96857e+03  1.39948e+06  2.02296e-20  0.00000e+00  0.00000e+00  3.90142e-07
0520  1.00500e+19  7.97044e+03  1.39764e+06  2.00885e-20  0.00000e+00  0.00000e+00  3.88793e-07
0521  1.00674e+19  7.97231e+03  1.39580e+06  1.99486e-20  0.00000e+00  0.00000e+00  3.87450e-07
0522  1.00848e+19  7.97418e+03  1.39397e+06  1.98100e-20  0.00000e+00  0.00000e+00  3.86115e-07
0523  1.01021e+19  7.97604e+03  1.39214e+06  1.96725e-20  0.00000e+00  0.00000e+00  3.84787e-07
0524  1.01195e+19  7.97790e+03  1.39032e+06  1.95362e-20  0.00000e+00  0.00000e+00  3.83465e-07
0525  1.01369e+19  7.97975e+03  1.38850e+06  1.94011e-20  0.00000e+00  0.00000e+00  3.82150e-07
0526  1.01543e+19  7.98160e+03  1.38668e+06  1.92672e-20  0.00000e+00  0.00000e+00  3.80842e-07
0527  1.01717e+19  7.98344e+03  1.38488e+06  1.91344e-20  0.00000e+00  0.00000e+00  3.79541e-07
0528  1.01891e+19  7.98528e+03  1.38307e+06  1.90028e-20  0.00000e+00  0.00000e+00  3.78247e-07
0529  1.02065e+19  7.98711e+03  1.38127e+06  1.88723e-20  0.00000e+00  0.00000e+00  3.76959e-07
0530  1.02239e+19  7.98894e+03  1.37948e+06  1.87429e-20  0.00000e+00  0.00000e+00  3.75677e-07
0531  1.02413e+19  7.99077e+03  1.37769e+06  1.86146e-20  0.00000e+00  0.00000e+00  3.74402e-07
0532  1.02587e+19  7.99259e+03  1.37590e+06  1.84874e-20  0.00000e+00  0.00000e+00  3.73134e-07
0533  1.02761e+19  7.99441e+03  1.37413e+06  1.83613e-20  0.00000e+00  0.00000e+00  3.71872e-07
0534  1.02935e+19  7.99622e+03  1.37235e+06  1.82363e-20  0.00000e+00  0.00000e+00  3.70616e-07
0535  1.03109e+19  7.99803e+03  1.37058e+06  1.81123e-20  0.00000e+00  0.00000e+00  3.69367e-07
0536  1.03283e+19  7.99983e+03  1.36882e+06  1.79894e-20  0.00000e+00  0.00000e+00  3.68124e-07
0537  1.03456e+19  8.00163e+03  1.36706e+06  1.78675e-20  0.00000e+00  0.00000e+00  3.66887e-07
0538  1.03630e+19  8.00343e+03  1.36530e+06  1.77466e-20  0.00000e+00  0.00000e+00  3.65657e-07
0539  1.03804e+19  8.00522e+03  1.36355e+06  1.76268e-20  0.00000e+00  0.00000e+00  3.64432e-07
0540  1.03978e+19  8.00701e+03  1.36181e+06  1.75080e-20  0.00000e+00  0.00000e+00  3.63214e-07
0541  1.04152e+19  8.00879e+03  1.36007e+06  1.73902e-20  0.00000e+00  0.00000e+00  3.62002e-07
0542  1.04326e+19  8.01057e+03  1.35833e+06  1.72733e-20  0.00000e+00  0.00000e+00  3.60796e-07
0543  1.04500e+19  8.01235e+03  1.35660e+06  1.71575e-20  0.00000e+00  0.00000e+00  3.59596e-07
0544  1.04674e+19  8.01412e+03  1.35487e+06  1.70426e-20  0.00000e+00  0.00000e+00  3.58402e-07
0545  1.04848e+19  8.01589e+03  1.35315e+06  1.69286e-20  0.00000e+00  0.00000e+00  3.57214e-07
0546  1.05022e+19  8.01766e+03  1.35143e+06  1.68156e-20  0.00000e+00  0.00000e+00  3.56032e-07
0547  1.05196e+19  8.01942e+03  1.34972e+06  1.67036e-20  0.00000e+00  0.00000e+00  3.54856e-07
0548  1.05370e+19  8.02118e+03  1.34801e+06  1.65925e-20  0.00000e+00  0.00000e+00  3.53685e-07
0549  1.05544e+19  8.02294e+03  1.34630e+06  1.64823e-20  0.00000e+00  0.00000e+00  3.52520e-07
0550  1.05717e+19  8.02469e+03  1.34460e+06  1.63730e-20  0.00000e+00  0.00000e+00  3.51361e-07
0551  1.05891e+19  8.02648e+03  1.34290e+06  1.62646e-20  0.00000e+00  0.00000e+00  3.50208e-07
0552  1.06065e+19  8.02808e+03  1.34122e+06  1.61573e-20  0.00000e+00  0.00000e+00  3.49061e-07
0553  1.06239e+19  8.03050e+03  1.33949e+06  1.60482e-20  0.00000e+00  0.00000e+00  3.47919e-07
0554  1.06413e+19  8.02960e+03  1.33797e+06  1.59468e-20  0.00000e+00  0.00000e+00  3.46782e-07
0555  1.06587e+19  8.04744e+03  1.33533e+06  1.58158e-20  0.00000e+00  0.00000e+00  3.45651e-07
