# Athena++ data at time=5.830000e+12  cycle=437984398  variables=uov 
# i       x1v         user_out_var0          user_out_var1          user_out_var2          user_out_var3          user_out_var4          user_out_var5      
0002  1.07548e+18  4.91743e+00  3.03478e+04  7.00269e-16  0.00000e+00  0.00000e+00  3.39500e-05
0003  1.09287e+18  1.05744e+01  4.05247e+04  4.37149e-17  0.00000e+00  0.00000e+00  3.28781e-05
0004  1.11027e+18  1.62666e+01  5.06255e+04  2.32362e-17  0.00000e+00  0.00000e+00  3.18561e-05
0005  1.12766e+18  2.43517e+01  6.52286e+04  3.62861e-17  0.00000e+00  0.00000e+00  3.08811e-05
0006  1.14505e+18  3.72571e+01  9.08079e+04  5.47273e-17  0.00000e+00  0.00000e+00  2.99501e-05
0007  1.16244e+18  5.44393e+01  1.25314e+05  4.34852e-17  0.00000e+00  0.00000e+00  2.90606e-05
0008  1.17983e+18  6.11500e+01  1.34750e+05  1.12278e-17  0.00000e+00  0.00000e+00  2.82102e-05
0009  1.19723e+18  6.61935e+01  1.41378e+05  1.26246e-17  0.00000e+00  0.00000e+00  2.73965e-05
0010  1.21462e+18  7.10080e+01  1.47314e+05  1.09937e-17  0.00000e+00  0.00000e+00  2.66176e-05
0011  1.23201e+18  7.41854e+01  1.49873e+05  6.59875e-18  0.00000e+00  0.00000e+00  2.58714e-05
0012  1.24940e+18  7.71822e+01  1.52316e+05  7.07620e-18  0.00000e+00  0.00000e+00  2.51561e-05
0013  1.26679e+18  8.02027e+01  1.54812e+05  6.93577e-18  0.00000e+00  0.00000e+00  2.44701e-05
0014  1.28419e+18  8.31596e+01  1.57288e+05  6.53359e-18  0.00000e+00  0.00000e+00  2.38118e-05
0015  1.30158e+18  8.59648e+01  1.59571e+05  5.94248e-18  0.00000e+00  0.00000e+00  2.31797e-05
0016  1.31897e+18  8.85351e+01  1.61515e+05  5.36522e-18  0.00000e+00  0.00000e+00  2.25724e-05
0017  1.33636e+18  9.10345e+01  1.63447e+05  5.22188e-18  0.00000e+00  0.00000e+00  2.19887e-05
0018  1.35375e+18  9.34847e+01  1.65383e+05  5.01795e-18  0.00000e+00  0.00000e+00  2.14273e-05
0019  1.37115e+18  9.58559e+01  1.67297e+05  4.43191e-18  0.00000e+00  0.00000e+00  2.08872e-05
0020  1.38854e+18  9.75068e+01  1.67984e+05  3.33715e-18  0.00000e+00  0.00000e+00  2.03672e-05
0021  1.40593e+18  9.96860e+01  1.69823e+05  4.69609e-18  0.00000e+00  0.00000e+00  1.98665e-05
0022  1.42332e+18  1.02023e+02  1.71910e+05  4.22606e-18  0.00000e+00  0.00000e+00  1.93839e-05
0023  1.44071e+18  1.03657e+02  1.72893e+05  3.06334e-18  0.00000e+00  0.00000e+00  1.89187e-05
0024  1.45811e+18  1.05415e+02  1.74287e+05  3.55320e-18  0.00000e+00  0.00000e+00  1.84701e-05
0025  1.47550e+18  1.07207e+02  1.75755e+05  3.41883e-18  0.00000e+00  0.00000e+00  1.80373e-05
0026  1.49289e+18  1.08907e+02  1.77192e+05  3.21636e-18  0.00000e+00  0.00000e+00  1.76194e-05
0027  1.51028e+18  1.10506e+02  1.78586e+05  3.00477e-18  0.00000e+00  0.00000e+00  1.72160e-05
0028  1.52767e+18  1.11857e+02  1.79798e+05  2.55390e-18  0.00000e+00  0.00000e+00  1.68262e-05
0029  1.54507e+18  1.12628e+02  1.80493e+05  5.34197e-18  0.00000e+00  0.00000e+00  1.64495e-05
0030  1.56246e+18  3.20669e+02  5.42839e+05  5.84183e-16  0.00000e+00  0.00000e+00  1.60854e-05
0031  1.57985e+18  6.72739e+02  9.21932e+05  2.32956e-16  0.00000e+00  0.00000e+00  1.57331e-05
0032  1.59724e+18  8.86735e+02  1.17633e+06  1.54575e-16  0.00000e+00  0.00000e+00  1.53924e-05
0033  1.61463e+18  1.04556e+03  1.35301e+06  1.30802e-16  0.00000e+00  0.00000e+00  1.50626e-05
0034  1.63203e+18  1.18434e+03  1.49791e+06  1.18654e-16  0.00000e+00  0.00000e+00  1.47432e-05
0035  1.64942e+18  1.31445e+03  1.62540e+06  1.08988e-16  0.00000e+00  0.00000e+00  1.44340e-05
0036  1.66681e+18  1.43920e+03  1.74088e+06  1.00610e-16  0.00000e+00  0.00000e+00  1.41343e-05
0037  1.68420e+18  1.55949e+03  1.84596e+06  9.26568e-17  0.00000e+00  0.00000e+00  1.38439e-05
0038  1.70160e+18  1.67510e+03  1.94155e+06  8.50655e-17  0.00000e+00  0.00000e+00  1.35623e-05
0039  1.71899e+18  1.78544e+03  2.02800e+06  7.79212e-17  0.00000e+00  0.00000e+00  1.32893e-05
0040  1.73638e+18  1.89104e+03  2.10704e+06  7.21087e-17  0.00000e+00  0.00000e+00  1.30244e-05
0041  1.75377e+18  1.99304e+03  2.17937e+06  6.69491e-17  0.00000e+00  0.00000e+00  1.27674e-05
0042  1.77116e+18  2.09147e+03  2.24550e+06  6.21026e-17  0.00000e+00  0.00000e+00  1.25178e-05
0043  1.78856e+18  2.18619e+03  2.30597e+06  5.76639e-17  0.00000e+00  0.00000e+00  1.22756e-05
0044  1.80595e+18  2.27748e+03  2.36153e+06  5.37557e-17  0.00000e+00  0.00000e+00  1.20403e-05
0045  1.82334e+18  2.36563e+03  2.41248e+06  5.01411e-17  0.00000e+00  0.00000e+00  1.18117e-05
0046  1.84073e+18  2.45054e+03  2.45931e+06  4.68146e-17  0.00000e+00  0.00000e+00  1.15895e-05
0047  1.85813e+18  2.53221e+03  2.50244e+06  4.37614e-17  0.00000e+00  0.00000e+00  1.13736e-05
0050  1.87552e+18  2.61062e+03  2.54221e+06  4.09892e-17  0.00000e+00  0.00000e+00  1.11636e-05
0051  1.89291e+18  2.68620e+03  2.57919e+06  3.86441e-17  0.00000e+00  0.00000e+00  1.09594e-05
0052  1.91030e+18  2.75988e+03  2.61340e+06  3.65299e-17  0.00000e+00  0.00000e+00  1.07608e-05
0053  1.92769e+18  2.83184e+03  2.64499e+06  3.45429e-17  0.00000e+00  0.00000e+00  1.05675e-05
0054  1.94509e+18  2.90206e+03  2.67418e+06  3.26791e-17  0.00000e+00  0.00000e+00  1.03793e-05
0055  1.96248e+18  2.97053e+03  2.70113e+06  3.09332e-17  0.00000e+00  0.00000e+00  1.01962e-05
0056  1.97987e+18  3.03723e+03  2.72602e+06  2.92992e-17  0.00000e+00  0.00000e+00  1.00178e-05
0057  1.99726e+18  3.10211e+03  2.74905e+06  2.77710e-17  0.00000e+00  0.00000e+00  9.84411e-06
0058  2.01466e+18  3.16511e+03  2.77040e+06  2.63601e-17  0.00000e+00  0.00000e+00  9.67488e-06
0059  2.03205e+18  3.22648e+03  2.79020e+06  2.50697e-17  0.00000e+00  0.00000e+00  9.50998e-06
0060  2.04944e+18  3.28660e+03  2.80837e+06  2.38545e-17  0.00000e+00  0.00000e+00  9.34925e-06
0061  2.06683e+18  3.34544e+03  2.82504e+06  2.27104e-17  0.00000e+00  0.00000e+00  9.19257e-06
0062  2.08423e+18  3.40304e+03  2.84031e+06  2.16333e-17  0.00000e+00  0.00000e+00  9.03979e-06
0063  2.10162e+18  3.45944e+03  2.85425e+06  2.06188e-17  0.00000e+00  0.00000e+00  8.89079e-06
0064  2.11901e+18  3.51465e+03  2.86695e+06  1.96630e-17  0.00000e+00  0.00000e+00  8.74544e-06
0065  2.13640e+18  3.56872e+03  2.87848e+06  1.87623e-17  0.00000e+00  0.00000e+00  8.60363e-06
0066  2.15379e+18  3.62167e+03  2.88891e+06  1.79129e-17  0.00000e+00  0.00000e+00  8.46523e-06
0067  2.17119e+18  3.67355e+03  2.89831e+06  1.71117e-17  0.00000e+00  0.00000e+00  8.33016e-06
0068  2.18858e+18  3.72436e+03  2.90674e+06  1.63555e-17  0.00000e+00  0.00000e+00  8.19828e-06
0069  2.20597e+18  3.77418e+03  2.91424e+06  1.56412e-17  0.00000e+00  0.00000e+00  8.06952e-06
0070  2.22336e+18  3.82288e+03  2.92098e+06  1.49859e-17  0.00000e+00  0.00000e+00  7.94377e-06
0071  2.24076e+18  3.87008e+03  2.92735e+06  1.44018e-17  0.00000e+00  0.00000e+00  7.82093e-06
0072  2.25815e+18  3.91594e+03  2.93335e+06  1.38453e-17  0.00000e+00  0.00000e+00  7.70092e-06
0073  2.27554e+18  3.96067e+03  2.93890e+06  1.33149e-17  0.00000e+00  0.00000e+00  7.58365e-06
0074  2.29293e+18  4.00439e+03  2.94399e+06  1.28092e-17  0.00000e+00  0.00000e+00  7.46904e-06
0075  2.31033e+18  4.04722e+03  2.94857e+06  1.23268e-17  0.00000e+00  0.00000e+00  7.35701e-06
0076  2.32772e+18  4.08921e+03  2.95266e+06  1.18665e-17  0.00000e+00  0.00000e+00  7.24748e-06
0077  2.34511e+18  4.13043e+03  2.95626e+06  1.14270e-17  0.00000e+00  0.00000e+00  7.14038e-06
0078  2.36250e+18  4.17092e+03  2.95938e+06  1.10075e-17  0.00000e+00  0.00000e+00  7.03563e-06
0079  2.37989e+18  4.21070e+03  2.96204e+06  1.06067e-17  0.00000e+00  0.00000e+00  6.93317e-06
0080  2.39729e+18  4.24981e+03  2.96424e+06  1.02239e-17  0.00000e+00  0.00000e+00  6.83294e-06
0081  2.41468e+18  4.28827e+03  2.96601e+06  9.85793e-18  0.00000e+00  0.00000e+00  6.73486e-06
0082  2.43207e+18  4.32610e+03  2.96737e+06  9.50810e-18  0.00000e+00  0.00000e+00  6.63888e-06
0083  2.44946e+18  4.36332e+03  2.96833e+06  9.17354e-18  0.00000e+00  0.00000e+00  6.54493e-06
0084  2.46686e+18  4.39994e+03  2.96890e+06  8.85350e-18  0.00000e+00  0.00000e+00  6.45297e-06
0085  2.48425e+18  4.43599e+03  2.96912e+06  8.54724e-18  0.00000e+00  0.00000e+00  6.36293e-06
0086  2.50164e+18  4.47148e+03  2.96898e+06  8.25408e-18  0.00000e+00  0.00000e+00  6.27476e-06
0087  2.51903e+18  4.50642e+03  2.96851e+06  7.97336e-18  0.00000e+00  0.00000e+00  6.18842e-06
0088  2.53643e+18  4.54083e+03  2.96773e+06  7.70446e-18  0.00000e+00  0.00000e+00  6.10384e-06
0089  2.55382e+18  4.57470e+03  2.96666e+06  7.45038e-18  0.00000e+00  0.00000e+00  6.02098e-06
0090  2.57121e+18  4.60803e+03  2.96534e+06  7.20852e-18  0.00000e+00  0.00000e+00  5.93980e-06
0091  2.58860e+18  4.64083e+03  2.96378e+06  6.97632e-18  0.00000e+00  0.00000e+00  5.86026e-06
0092  2.60600e+18  4.67313e+03  2.96199e+06  6.75335e-18  0.00000e+00  0.00000e+00  5.78229e-06
0093  2.62339e+18  4.70493e+03  2.95999e+06  6.53917e-18  0.00000e+00  0.00000e+00  5.70588e-06
0094  2.64078e+18  4.73626e+03  2.95777e+06  6.33339e-18  0.00000e+00  0.00000e+00  5.63097e-06
0095  2.65817e+18  4.76711e+03  2.95535e+06  6.13561e-18  0.00000e+00  0.00000e+00  5.55752e-06
0096  2.67557e+18  4.79752e+03  2.95273e+06  5.94548e-18  0.00000e+00  0.00000e+00  5.48550e-06
0097  2.69296e+18  4.82748e+03  2.94993e+06  5.76264e-18  0.00000e+00  0.00000e+00  5.41488e-06
0098  2.71035e+18  4.85702e+03  2.94694e+06  5.58677e-18  0.00000e+00  0.00000e+00  5.34560e-06
0099  2.72774e+18  4.88613e+03  2.94379e+06  5.41755e-18  0.00000e+00  0.00000e+00  5.27765e-06
0100  2.74513e+18  4.91484e+03  2.94047e+06  5.25470e-18  0.00000e+00  0.00000e+00  5.21099e-06
0101  2.76253e+18  4.94315e+03  2.93699e+06  5.09792e-18  0.00000e+00  0.00000e+00  5.14558e-06
0102  2.77992e+18  4.97107e+03  2.93336e+06  4.94695e-18  0.00000e+00  0.00000e+00  5.08140e-06
0103  2.79731e+18  4.99861e+03  2.92958e+06  4.80153e-18  0.00000e+00  0.00000e+00  5.01841e-06
0104  2.81470e+18  5.02577e+03  2.92567e+06  4.66144e-18  0.00000e+00  0.00000e+00  4.95658e-06
0105  2.83210e+18  5.05257e+03  2.92163e+06  4.52642e-18  0.00000e+00  0.00000e+00  4.89589e-06
0106  2.84949e+18  5.07902e+03  2.91746e+06  4.39627e-18  0.00000e+00  0.00000e+00  4.83630e-06
0107  2.86688e+18  5.10511e+03  2.91317e+06  4.27078e-18  0.00000e+00  0.00000e+00  4.77780e-06
0108  2.88427e+18  5.13087e+03  2.90877e+06  4.14975e-18  0.00000e+00  0.00000e+00  4.72035e-06
0109  2.90167e+18  5.15629e+03  2.90426e+06  4.03300e-18  0.00000e+00  0.00000e+00  4.66394e-06
0110  2.91906e+18  5.18138e+03  2.89964e+06  3.92034e-18  0.00000e+00  0.00000e+00  4.60853e-06
0111  2.93645e+18  5.20615e+03  2.89493e+06  3.81160e-18  0.00000e+00  0.00000e+00  4.55409e-06
0112  2.95384e+18  5.23061e+03  2.89013e+06  3.70662e-18  0.00000e+00  0.00000e+00  4.50062e-06
0113  2.97124e+18  5.25475e+03  2.88524e+06  3.60525e-18  0.00000e+00  0.00000e+00  4.44809e-06
0114  2.98863e+18  5.27860e+03  2.88026e+06  3.50733e-18  0.00000e+00  0.00000e+00  4.39647e-06
0115  3.00602e+18  5.30215e+03  2.87520e+06  3.41274e-18  0.00000e+00  0.00000e+00  4.34574e-06
0116  3.02341e+18  5.32541e+03  2.87007e+06  3.32133e-18  0.00000e+00  0.00000e+00  4.29588e-06
0117  3.04081e+18  5.34838e+03  2.86487e+06  3.23297e-18  0.00000e+00  0.00000e+00  4.24688e-06
0118  3.05820e+18  5.37108e+03  2.85959e+06  3.14755e-18  0.00000e+00  0.00000e+00  4.19872e-06
0119  3.07559e+18  5.39350e+03  2.85426e+06  3.06495e-18  0.00000e+00  0.00000e+00  4.15136e-06
0120  3.09298e+18  5.41565e+03  2.84886e+06  2.98506e-18  0.00000e+00  0.00000e+00  4.10481e-06
0121  3.11037e+18  5.43754e+03  2.84341e+06  2.90777e-18  0.00000e+00  0.00000e+00  4.05903e-06
0122  3.12777e+18  5.45916e+03  2.83791e+06  2.83298e-18  0.00000e+00  0.00000e+00  4.01401e-06
0123  3.14516e+18  5.48055e+03  2.83231e+06  2.75600e-18  0.00000e+00  0.00000e+00  3.96974e-06
0124  3.16255e+18  5.50169e+03  2.82668e+06  2.68913e-18  0.00000e+00  0.00000e+00  3.92620e-06
0125  3.17994e+18  5.52256e+03  2.82103e+06  2.62426e-18  0.00000e+00  0.00000e+00  3.88337e-06
0126  3.19734e+18  5.54318e+03  2.81537e+06  2.56132e-18  0.00000e+00  0.00000e+00  3.84123e-06
0127  3.21473e+18  5.56355e+03  2.80969e+06  2.50023e-18  0.00000e+00  0.00000e+00  3.79978e-06
0128  3.23212e+18  5.58366e+03  2.80401e+06  2.44094e-18  0.00000e+00  0.00000e+00  3.75900e-06
0129  3.24951e+18  5.60354e+03  2.79831e+06  2.38339e-18  0.00000e+00  0.00000e+00  3.71887e-06
0130  3.26691e+18  5.62318e+03  2.79260e+06  2.32751e-18  0.00000e+00  0.00000e+00  3.67938e-06
0131  3.28430e+18  5.64259e+03  2.78688e+06  2.27324e-18  0.00000e+00  0.00000e+00  3.64051e-06
0132  3.30169e+18  5.66178e+03  2.78116e+06  2.22054e-18  0.00000e+00  0.00000e+00  3.60226e-06
0133  3.31908e+18  5.68074e+03  2.77542e+06  2.16935e-18  0.00000e+00  0.00000e+00  3.56460e-06
0134  3.33648e+18  5.69949e+03  2.76968e+06  2.11961e-18  0.00000e+00  0.00000e+00  3.52754e-06
0135  3.35387e+18  5.71803e+03  2.76393e+06  2.07129e-18  0.00000e+00  0.00000e+00  3.49104e-06
0136  3.37126e+18  5.73636e+03  2.75817e+06  2.02432e-18  0.00000e+00  0.00000e+00  3.45512e-06
0137  3.38865e+18  5.75449e+03  2.75241e+06  1.97868e-18  0.00000e+00  0.00000e+00  3.41974e-06
0138  3.40605e+18  5.77241e+03  2.74664e+06  1.93430e-18  0.00000e+00  0.00000e+00  3.38491e-06
0139  3.42344e+18  5.79014e+03  2.74087e+06  1.89116e-18  0.00000e+00  0.00000e+00  3.35060e-06
0140  3.44083e+18  5.80768e+03  2.73509e+06  1.84921e-18  0.00000e+00  0.00000e+00  3.31681e-06
0141  3.45822e+18  5.82503e+03  2.72931e+06  1.80841e-18  0.00000e+00  0.00000e+00  3.28353e-06
0142  3.47562e+18  5.84220e+03  2.72353e+06  1.76873e-18  0.00000e+00  0.00000e+00  3.25075e-06
0143  3.49301e+18  5.85918e+03  2.71774e+06  1.73013e-18  0.00000e+00  0.00000e+00  3.21846e-06
0144  3.51040e+18  5.87599e+03  2.71196e+06  1.69257e-18  0.00000e+00  0.00000e+00  3.18665e-06
0145  3.52779e+18  5.89262e+03  2.70617e+06  1.65602e-18  0.00000e+00  0.00000e+00  3.15531e-06
0146  3.54519e+18  5.90908e+03  2.70039e+06  1.62045e-18  0.00000e+00  0.00000e+00  3.12442e-06
0147  3.56258e+18  5.92537e+03  2.69460e+06  1.58583e-18  0.00000e+00  0.00000e+00  3.09399e-06
0148  3.57997e+18  5.94149e+03  2.68882e+06  1.55212e-18  0.00000e+00  0.00000e+00  3.06400e-06
0149  3.59736e+18  5.95745e+03  2.68303e+06  1.51930e-18  0.00000e+00  0.00000e+00  3.03444e-06
0150  3.61476e+18  5.97325e+03  2.67725e+06  1.48735e-18  0.00000e+00  0.00000e+00  3.00531e-06
0151  3.63215e+18  5.98889e+03  2.67148e+06  1.45623e-18  0.00000e+00  0.00000e+00  2.97660e-06
0152  3.64954e+18  6.00437e+03  2.66571e+06  1.42592e-18  0.00000e+00  0.00000e+00  2.94830e-06
0153  3.66693e+18  6.01969e+03  2.65994e+06  1.39639e-18  0.00000e+00  0.00000e+00  2.92040e-06
0154  3.68432e+18  6.03487e+03  2.65418e+06  1.36762e-18  0.00000e+00  0.00000e+00  2.89289e-06
0155  3.70172e+18  6.04989e+03  2.64842e+06  1.33959e-18  0.00000e+00  0.00000e+00  2.86577e-06
0156  3.71911e+18  6.06478e+03  2.64266e+06  1.31227e-18  0.00000e+00  0.00000e+00  2.83903e-06
0157  3.73650e+18  6.07952e+03  2.63692e+06  1.28564e-18  0.00000e+00  0.00000e+00  2.81266e-06
0158  3.75389e+18  6.09412e+03  2.63117e+06  1.25968e-18  0.00000e+00  0.00000e+00  2.78666e-06
0159  3.77129e+18  6.10859e+03  2.62544e+06  1.23438e-18  0.00000e+00  0.00000e+00  2.76101e-06
0160  3.78868e+18  6.12292e+03  2.61971e+06  1.20971e-18  0.00000e+00  0.00000e+00  2.73572e-06
0161  3.80607e+18  6.13712e+03  2.61399e+06  1.18565e-18  0.00000e+00  0.00000e+00  2.71078e-06
0162  3.82346e+18  6.15118e+03  2.60828e+06  1.16218e-18  0.00000e+00  0.00000e+00  2.68617e-06
0163  3.84086e+18  6.16511e+03  2.60257e+06  1.13929e-18  0.00000e+00  0.00000e+00  2.66190e-06
0164  3.85825e+18  6.17892e+03  2.59688e+06  1.11696e-18  0.00000e+00  0.00000e+00  2.63795e-06
0165  3.87564e+18  6.19259e+03  2.59119e+06  1.09518e-18  0.00000e+00  0.00000e+00  2.61433e-06
0166  3.89303e+18  6.20614e+03  2.58551e+06  1.07393e-18  0.00000e+00  0.00000e+00  2.59102e-06
0167  3.91043e+18  6.21957e+03  2.57985e+06  1.05319e-18  0.00000e+00  0.00000e+00  2.56803e-06
0168  3.92782e+18  6.23288e+03  2.57419e+06  1.03294e-18  0.00000e+00  0.00000e+00  2.54533e-06
0169  3.94521e+18  6.24606e+03  2.56855e+06  1.01318e-18  0.00000e+00  0.00000e+00  2.52294e-06
0170  3.96260e+18  6.25913e+03  2.56291e+06  9.93896e-19  0.00000e+00  0.00000e+00  2.50084e-06
0171  3.98000e+18  6.27209e+03  2.55729e+06  9.75064e-19  0.00000e+00  0.00000e+00  2.47903e-06
0172  3.99739e+18  6.28492e+03  2.55168e+06  9.56677e-19  0.00000e+00  0.00000e+00  2.45751e-06
0173  4.01478e+18  6.29765e+03  2.54608e+06  9.38721e-19  0.00000e+00  0.00000e+00  2.43626e-06
0174  4.03217e+18  6.31026e+03  2.54049e+06  9.21185e-19  0.00000e+00  0.00000e+00  2.41529e-06
0175  4.04957e+18  6.32277e+03  2.53491e+06  9.03555e-19  0.00000e+00  0.00000e+00  2.39459e-06
0176  4.06696e+18  6.33517e+03  2.52934e+06  8.86810e-19  0.00000e+00  0.00000e+00  2.37415e-06
0177  4.08435e+18  6.34746e+03  2.52378e+06  8.70451e-19  0.00000e+00  0.00000e+00  2.35397e-06
0178  4.10174e+18  6.35965e+03  2.51823e+06  8.54467e-19  0.00000e+00  0.00000e+00  2.33405e-06
0179  4.11914e+18  6.37173e+03  2.51270e+06  8.38849e-19  0.00000e+00  0.00000e+00  2.31438e-06
0180  4.13653e+18  6.38371e+03  2.50718e+06  8.23587e-19  0.00000e+00  0.00000e+00  2.29496e-06
0181  4.15392e+18  6.39559e+03  2.50168e+06  8.08670e-19  0.00000e+00  0.00000e+00  2.27578e-06
0182  4.17131e+18  6.40737e+03  2.49619e+06  7.94090e-19  0.00000e+00  0.00000e+00  2.25685e-06
0183  4.18871e+18  6.41905e+03  2.49071e+06  7.79837e-19  0.00000e+00  0.00000e+00  2.23814e-06
0184  4.20610e+18  6.43063e+03  2.48524e+06  7.65903e-19  0.00000e+00  0.00000e+00  2.21967e-06
0185  4.22349e+18  6.44212e+03  2.47979e+06  7.52278e-19  0.00000e+00  0.00000e+00  2.20143e-06
0186  4.24088e+18  6.45351e+03  2.47436e+06  7.38956e-19  0.00000e+00  0.00000e+00  2.18341e-06
0187  4.25828e+18  6.46481e+03  2.46894e+06  7.25928e-19  0.00000e+00  0.00000e+00  2.16561e-06
0188  4.27567e+18  6.47601e+03  2.46353e+06  7.13186e-19  0.00000e+00  0.00000e+00  2.14803e-06
0189  4.29306e+18  6.48713e+03  2.45814e+06  7.00722e-19  0.00000e+00  0.00000e+00  2.13066e-06
0190  4.31045e+18  6.49815e+03  2.45277e+06  6.88530e-19  0.00000e+00  0.00000e+00  2.11350e-06
0191  4.32785e+18  6.50909e+03  2.44740e+06  6.76603e-19  0.00000e+00  0.00000e+00  2.09654e-06
0192  4.34524e+18  6.51994e+03  2.44206e+06  6.64933e-19  0.00000e+00  0.00000e+00  2.07979e-06
0193  4.36263e+18  6.53070e+03  2.43673e+06  6.53513e-19  0.00000e+00  0.00000e+00  2.06324e-06
0194  4.38002e+18  6.54137e+03  2.43141e+06  6.42338e-19  0.00000e+00  0.00000e+00  2.04689e-06
0195  4.39742e+18  6.55196e+03  2.42611e+06  6.31402e-19  0.00000e+00  0.00000e+00  2.03073e-06
0196  4.41481e+18  6.56247e+03  2.42083e+06  6.20697e-19  0.00000e+00  0.00000e+00  2.01476e-06
0197  4.43220e+18  6.57290e+03  2.41556e+06  6.10219e-19  0.00000e+00  0.00000e+00  1.99898e-06
0198  4.44959e+18  6.58324e+03  2.41031e+06  5.99960e-19  0.00000e+00  0.00000e+00  1.98339e-06
0199  4.46699e+18  6.59351e+03  2.40508e+06  5.89920e-19  0.00000e+00  0.00000e+00  1.96797e-06
0200  4.48438e+18  6.60370e+03  2.39986e+06  5.80172e-19  0.00000e+00  0.00000e+00  1.95273e-06
0201  4.50177e+18  6.61381e+03  2.39466e+06  5.70624e-19  0.00000e+00  0.00000e+00  1.93768e-06
0202  4.51916e+18  6.62384e+03  2.38948e+06  5.61272e-19  0.00000e+00  0.00000e+00  1.92279e-06
0203  4.53655e+18  6.63379e+03  2.38431e+06  5.52110e-19  0.00000e+00  0.00000e+00  1.90807e-06
0204  4.55395e+18  6.64367e+03  2.37917e+06  5.43135e-19  0.00000e+00  0.00000e+00  1.89353e-06
0205  4.57134e+18  6.65347e+03  2.37404e+06  5.34341e-19  0.00000e+00  0.00000e+00  1.87915e-06
0206  4.58873e+18  6.66319e+03  2.36893e+06  5.25725e-19  0.00000e+00  0.00000e+00  1.86493e-06
0207  4.60612e+18  6.67284e+03  2.36383e+06  5.17282e-19  0.00000e+00  0.00000e+00  1.85087e-06
0208  4.62352e+18  6.68241e+03  2.35875e+06  5.09008e-19  0.00000e+00  0.00000e+00  1.83697e-06
0209  4.64091e+18  6.69191e+03  2.35369e+06  5.00899e-19  0.00000e+00  0.00000e+00  1.82323e-06
0210  4.65830e+18  6.70134e+03  2.34865e+06  4.92950e-19  0.00000e+00  0.00000e+00  1.80964e-06
0211  4.67569e+18  6.71070e+03  2.34362e+06  4.85159e-19  0.00000e+00  0.00000e+00  1.79620e-06
0212  4.69309e+18  6.71999e+03  2.33861e+06  4.77521e-19  0.00000e+00  0.00000e+00  1.78291e-06
0213  4.71048e+18  6.72921e+03  2.33362e+06  4.70033e-19  0.00000e+00  0.00000e+00  1.76977e-06
0214  4.72787e+18  6.73837e+03  2.32865e+06  4.62691e-19  0.00000e+00  0.00000e+00  1.75678e-06
0215  4.74526e+18  6.74746e+03  2.32370e+06  4.55492e-19  0.00000e+00  0.00000e+00  1.74392e-06
0216  4.76266e+18  6.75648e+03  2.31876e+06  4.48433e-19  0.00000e+00  0.00000e+00  1.73121e-06
0217  4.78005e+18  6.76544e+03  2.31384e+06  4.41510e-19  0.00000e+00  0.00000e+00  1.71863e-06
0218  4.79744e+18  6.77433e+03  2.30894e+06  4.34719e-19  0.00000e+00  0.00000e+00  1.70619e-06
0219  4.81483e+18  6.78315e+03  2.30405e+06  4.28060e-19  0.00000e+00  0.00000e+00  1.69389e-06
0220  4.83223e+18  6.79192e+03  2.29918e+06  4.21527e-19  0.00000e+00  0.00000e+00  1.68172e-06
0221  4.84962e+18  6.80062e+03  2.29433e+06  4.15118e-19  0.00000e+00  0.00000e+00  1.66968e-06
0222  4.86701e+18  6.80926e+03  2.28950e+06  4.08831e-19  0.00000e+00  0.00000e+00  1.65776e-06
0223  4.88440e+18  6.81784e+03  2.28468e+06  4.02663e-19  0.00000e+00  0.00000e+00  1.64598e-06
0224  4.90180e+18  6.82635e+03  2.27989e+06  3.96610e-19  0.00000e+00  0.00000e+00  1.63432e-06
0225  4.91919e+18  6.83481e+03  2.27510e+06  3.90671e-19  0.00000e+00  0.00000e+00  1.62278e-06
0226  4.93658e+18  6.84321e+03  2.27034e+06  3.84843e-19  0.00000e+00  0.00000e+00  1.61137e-06
0227  4.95397e+18  6.85155e+03  2.26559e+06  3.79123e-19  0.00000e+00  0.00000e+00  1.60007e-06
0228  4.97137e+18  6.85983e+03  2.26086e+06  3.73509e-19  0.00000e+00  0.00000e+00  1.58890e-06
0229  4.98876e+18  6.86806e+03  2.25615e+06  3.67999e-19  0.00000e+00  0.00000e+00  1.57784e-06
0230  5.00615e+18  6.87623e+03  2.25146e+06  3.62590e-19  0.00000e+00  0.00000e+00  1.56689e-06
0231  5.02354e+18  6.88434e+03  2.24678e+06  3.57280e-19  0.00000e+00  0.00000e+00  1.55606e-06
0232  5.04094e+18  6.89239e+03  2.24212e+06  3.52067e-19  0.00000e+00  0.00000e+00  1.54534e-06
0233  5.05833e+18  6.90040e+03  2.23747e+06  3.46949e-19  0.00000e+00  0.00000e+00  1.53474e-06
0234  5.07572e+18  6.90834e+03  2.23285e+06  3.41924e-19  0.00000e+00  0.00000e+00  1.52424e-06
0235  5.09311e+18  6.91624e+03  2.22824e+06  3.36990e-19  0.00000e+00  0.00000e+00  1.51384e-06
0236  5.11051e+18  6.92408e+03  2.22364e+06  3.32144e-19  0.00000e+00  0.00000e+00  1.50356e-06
0237  5.12790e+18  6.93186e+03  2.21906e+06  3.27385e-19  0.00000e+00  0.00000e+00  1.49337e-06
0238  5.14529e+18  6.93960e+03  2.21450e+06  3.22711e-19  0.00000e+00  0.00000e+00  1.48330e-06
0239  5.16268e+18  6.94728e+03  2.20996e+06  3.18121e-19  0.00000e+00  0.00000e+00  1.47332e-06
0240  5.18008e+18  6.95492e+03  2.20543e+06  3.13612e-19  0.00000e+00  0.00000e+00  1.46344e-06
0241  5.19747e+18  6.96250e+03  2.20092e+06  3.09182e-19  0.00000e+00  0.00000e+00  1.45366e-06
0242  5.21486e+18  6.97003e+03  2.19643e+06  3.04831e-19  0.00000e+00  0.00000e+00  1.44398e-06
0243  5.23225e+18  6.97751e+03  2.19195e+06  3.00556e-19  0.00000e+00  0.00000e+00  1.43440e-06
0244  5.24965e+18  6.98494e+03  2.18749e+06  2.96356e-19  0.00000e+00  0.00000e+00  1.42491e-06
0245  5.26704e+18  6.99233e+03  2.18305e+06  2.92229e-19  0.00000e+00  0.00000e+00  1.41552e-06
0246  5.28443e+18  6.99966e+03  2.17862e+06  2.88173e-19  0.00000e+00  0.00000e+00  1.40621e-06
0247  5.30182e+18  7.00695e+03  2.17421e+06  2.84188e-19  0.00000e+00  0.00000e+00  1.39700e-06
0248  5.31922e+18  7.01419e+03  2.16981e+06  2.80272e-19  0.00000e+00  0.00000e+00  1.38788e-06
0249  5.33661e+18  7.02138e+03  2.16543e+06  2.76423e-19  0.00000e+00  0.00000e+00  1.37885e-06
0250  5.35400e+18  7.02853e+03  2.16107e+06  2.72639e-19  0.00000e+00  0.00000e+00  1.36991e-06
0251  5.37139e+18  7.03564e+03  2.15672e+06  2.68920e-19  0.00000e+00  0.00000e+00  1.36105e-06
0252  5.38879e+18  7.04270e+03  2.15239e+06  2.65263e-19  0.00000e+00  0.00000e+00  1.35228e-06
0253  5.40618e+18  7.04971e+03  2.14808e+06  2.61668e-19  0.00000e+00  0.00000e+00  1.34359e-06
0254  5.42357e+18  7.05668e+03  2.14378e+06  2.58135e-19  0.00000e+00  0.00000e+00  1.33499e-06
0255  5.44096e+18  7.06361e+03  2.13949e+06  2.54660e-19  0.00000e+00  0.00000e+00  1.32647e-06
0256  5.45836e+18  7.07050e+03  2.13522e+06  2.51244e-19  0.00000e+00  0.00000e+00  1.31803e-06
0257  5.47575e+18  7.07734e+03  2.13097e+06  2.47886e-19  0.00000e+00  0.00000e+00  1.30967e-06
0258  5.49314e+18  7.08414e+03  2.12673e+06  2.44583e-19  0.00000e+00  0.00000e+00  1.30139e-06
0259  5.51053e+18  7.09089e+03  2.12251e+06  2.41335e-19  0.00000e+00  0.00000e+00  1.29318e-06
0260  5.52793e+18  7.09761e+03  2.11831e+06  2.38141e-19  0.00000e+00  0.00000e+00  1.28506e-06
0261  5.54532e+18  7.10428e+03  2.11412e+06  2.35000e-19  0.00000e+00  0.00000e+00  1.27701e-06
0262  5.56271e+18  7.11091e+03  2.10994e+06  2.31910e-19  0.00000e+00  0.00000e+00  1.26904e-06
0263  5.58010e+18  7.11750e+03  2.10578e+06  2.28872e-19  0.00000e+00  0.00000e+00  1.26114e-06
0264  5.59750e+18  7.12405e+03  2.10164e+06  2.25882e-19  0.00000e+00  0.00000e+00  1.25331e-06
0265  5.61489e+18  7.13056e+03  2.09751e+06  2.22942e-19  0.00000e+00  0.00000e+00  1.24556e-06
0266  5.63228e+18  7.13703e+03  2.09339e+06  2.20049e-19  0.00000e+00  0.00000e+00  1.23788e-06
0267  5.64967e+18  7.14347e+03  2.08929e+06  2.17203e-19  0.00000e+00  0.00000e+00  1.23027e-06
0268  5.66707e+18  7.14986e+03  2.08521e+06  2.14404e-19  0.00000e+00  0.00000e+00  1.22273e-06
0269  5.68446e+18  7.15622e+03  2.08114e+06  2.11649e-19  0.00000e+00  0.00000e+00  1.21526e-06
0270  5.70185e+18  7.16253e+03  2.07709e+06  2.08938e-19  0.00000e+00  0.00000e+00  1.20786e-06
0271  5.71924e+18  7.16881e+03  2.07305e+06  2.06271e-19  0.00000e+00  0.00000e+00  1.20052e-06
0272  5.73664e+18  7.17506e+03  2.06902e+06  2.03646e-19  0.00000e+00  0.00000e+00  1.19325e-06
0273  5.75403e+18  7.18126e+03  2.06501e+06  2.01063e-19  0.00000e+00  0.00000e+00  1.18605e-06
0274  5.77142e+18  7.18743e+03  2.06102e+06  1.98521e-19  0.00000e+00  0.00000e+00  1.17891e-06
0275  5.78881e+18  7.19356e+03  2.05704e+06  1.96018e-19  0.00000e+00  0.00000e+00  1.17184e-06
0276  5.80620e+18  7.19966e+03  2.05307e+06  1.93556e-19  0.00000e+00  0.00000e+00  1.16483e-06
0277  5.82360e+18  7.20572e+03  2.04912e+06  1.91132e-19  0.00000e+00  0.00000e+00  1.15788e-06
0278  5.84099e+18  7.21175e+03  2.04518e+06  1.88745e-19  0.00000e+00  0.00000e+00  1.15100e-06
0279  5.85838e+18  7.21774e+03  2.04126e+06  1.86396e-19  0.00000e+00  0.00000e+00  1.14417e-06
0280  5.87577e+18  7.22369e+03  2.03735e+06  1.84084e-19  0.00000e+00  0.00000e+00  1.13741e-06
0281  5.89317e+18  7.22961e+03  2.03346e+06  1.81807e-19  0.00000e+00  0.00000e+00  1.13071e-06
0282  5.91056e+18  7.23550e+03  2.02958e+06  1.79565e-19  0.00000e+00  0.00000e+00  1.12406e-06
0283  5.92795e+18  7.24136e+03  2.02571e+06  1.77358e-19  0.00000e+00  0.00000e+00  1.11748e-06
0284  5.94534e+18  7.24718e+03  2.02186e+06  1.75185e-19  0.00000e+00  0.00000e+00  1.11095e-06
0285  5.96274e+18  7.25296e+03  2.01802e+06  1.73045e-19  0.00000e+00  0.00000e+00  1.10448e-06
0286  5.98013e+18  7.25872e+03  2.01420e+06  1.70938e-19  0.00000e+00  0.00000e+00  1.09806e-06
0287  5.99752e+18  7.26444e+03  2.01039e+06  1.68863e-19  0.00000e+00  0.00000e+00  1.09170e-06
0288  6.01491e+18  7.27013e+03  2.00660e+06  1.66819e-19  0.00000e+00  0.00000e+00  1.08540e-06
0289  6.03231e+18  7.27579e+03  2.00281e+06  1.64806e-19  0.00000e+00  0.00000e+00  1.07915e-06
0290  6.04970e+18  7.28141e+03  1.99905e+06  1.62823e-19  0.00000e+00  0.00000e+00  1.07295e-06
0291  6.06709e+18  7.28701e+03  1.99529e+06  1.60870e-19  0.00000e+00  0.00000e+00  1.06681e-06
0292  6.08448e+18  7.29257e+03  1.99155e+06  1.58947e-19  0.00000e+00  0.00000e+00  1.06072e-06
0293  6.10188e+18  7.29810e+03  1.98782e+06  1.57052e-19  0.00000e+00  0.00000e+00  1.05468e-06
0294  6.11927e+18  7.30361e+03  1.98411e+06  1.55185e-19  0.00000e+00  0.00000e+00  1.04869e-06
0295  6.13666e+18  7.30908e+03  1.98041e+06  1.53346e-19  0.00000e+00  0.00000e+00  1.04276e-06
0296  6.15405e+18  7.31452e+03  1.97672e+06  1.51535e-19  0.00000e+00  0.00000e+00  1.03687e-06
0297  6.17145e+18  7.31993e+03  1.97305e+06  1.49750e-19  0.00000e+00  0.00000e+00  1.03104e-06
0298  6.18884e+18  7.32531e+03  1.96939e+06  1.47991e-19  0.00000e+00  0.00000e+00  1.02525e-06
0299  6.20623e+18  7.33066e+03  1.96574e+06  1.46258e-19  0.00000e+00  0.00000e+00  1.01951e-06
0300  6.22362e+18  7.33599e+03  1.96210e+06  1.44550e-19  0.00000e+00  0.00000e+00  1.01382e-06
0301  6.24102e+18  7.34128e+03  1.95848e+06  1.42868e-19  0.00000e+00  0.00000e+00  1.00818e-06
0302  6.25841e+18  7.34655e+03  1.95488e+06  1.41209e-19  0.00000e+00  0.00000e+00  1.00258e-06
0303  6.27580e+18  7.35178e+03  1.95128e+06  1.39575e-19  0.00000e+00  0.00000e+00  9.97032e-07
0304  6.29319e+18  7.35699e+03  1.94770e+06  1.37965e-19  0.00000e+00  0.00000e+00  9.91529e-07
0305  6.31059e+18  7.36217e+03  1.94413e+06  1.36377e-19  0.00000e+00  0.00000e+00  9.86071e-07
0306  6.32798e+18  7.36733e+03  1.94057e+06  1.34813e-19  0.00000e+00  0.00000e+00  9.80658e-07
0307  6.34537e+18  7.37245e+03  1.93703e+06  1.33270e-19  0.00000e+00  0.00000e+00  9.75289e-07
0308  6.36276e+18  7.37755e+03  1.93350e+06  1.31750e-19  0.00000e+00  0.00000e+00  9.69965e-07
0309  6.38016e+18  7.38262e+03  1.92998e+06  1.30252e-19  0.00000e+00  0.00000e+00  9.64684e-07
0310  6.39755e+18  7.38767e+03  1.92647e+06  1.28775e-19  0.00000e+00  0.00000e+00  9.59445e-07
0311  6.41494e+18  7.39269e+03  1.92298e+06  1.27318e-19  0.00000e+00  0.00000e+00  9.54250e-07
0312  6.43233e+18  7.39768e+03  1.91950e+06  1.25883e-19  0.00000e+00  0.00000e+00  9.49097e-07
0313  6.44973e+18  7.40264e+03  1.91603e+06  1.24467e-19  0.00000e+00  0.00000e+00  9.43985e-07
0314  6.46712e+18  7.40758e+03  1.91257e+06  1.23072e-19  0.00000e+00  0.00000e+00  9.38914e-07
0315  6.48451e+18  7.41250e+03  1.90913e+06  1.21696e-19  0.00000e+00  0.00000e+00  9.33884e-07
0316  6.50190e+18  7.41739e+03  1.90570e+06  1.20339e-19  0.00000e+00  0.00000e+00  9.28895e-07
0317  6.51930e+18  7.42225e+03  1.90228e+06  1.19001e-19  0.00000e+00  0.00000e+00  9.23945e-07
0318  6.53669e+18  7.42709e+03  1.89887e+06  1.17682e-19  0.00000e+00  0.00000e+00  9.19035e-07
0319  6.55408e+18  7.43190e+03  1.89547e+06  1.16381e-19  0.00000e+00  0.00000e+00  9.14164e-07
0320  6.57147e+18  7.43669e+03  1.89209e+06  1.15098e-19  0.00000e+00  0.00000e+00  9.09331e-07
0321  6.58887e+18  7.44145e+03  1.88872e+06  1.13832e-19  0.00000e+00  0.00000e+00  9.04537e-07
0322  6.60626e+18  7.44619e+03  1.88536e+06  1.12584e-19  0.00000e+00  0.00000e+00  8.99780e-07
0323  6.62365e+18  7.45091e+03  1.88201e+06  1.11353e-19  0.00000e+00  0.00000e+00  8.95061e-07
0324  6.64104e+18  7.45560e+03  1.87867e+06  1.10139e-19  0.00000e+00  0.00000e+00  8.90379e-07
0325  6.65844e+18  7.46027e+03  1.87535e+06  1.08941e-19  0.00000e+00  0.00000e+00  8.85733e-07
0326  6.67583e+18  7.46491e+03  1.87204e+06  1.07760e-19  0.00000e+00  0.00000e+00  8.81124e-07
0327  6.69322e+18  7.46953e+03  1.86873e+06  1.06595e-19  0.00000e+00  0.00000e+00  8.76551e-07
0328  6.71061e+18  7.47413e+03  1.86545e+06  1.05445e-19  0.00000e+00  0.00000e+00  8.72013e-07
0329  6.72801e+18  7.47870e+03  1.86217e+06  1.04311e-19  0.00000e+00  0.00000e+00  8.67511e-07
0330  6.74540e+18  7.48326e+03  1.85890e+06  1.03192e-19  0.00000e+00  0.00000e+00  8.63043e-07
0331  6.76279e+18  7.48779e+03  1.85565e+06  1.02088e-19  0.00000e+00  0.00000e+00  8.58609e-07
0332  6.78018e+18  7.49229e+03  1.85240e+06  1.00999e-19  0.00000e+00  0.00000e+00  8.54210e-07
0333  6.79758e+18  7.49678e+03  1.84917e+06  9.99246e-20  0.00000e+00  0.00000e+00  8.49844e-07
0334  6.81497e+18  7.50124e+03  1.84595e+06  9.88643e-20  0.00000e+00  0.00000e+00  8.45512e-07
0335  6.83236e+18  7.50568e+03  1.84274e+06  9.78117e-20  0.00000e+00  0.00000e+00  8.41213e-07
0336  6.84975e+18  7.51010e+03  1.83954e+06  9.67781e-20  0.00000e+00  0.00000e+00  8.36946e-07
0337  6.86715e+18  7.51449e+03  1.83635e+06  9.57582e-20  0.00000e+00  0.00000e+00  8.32712e-07
0338  6.88454e+18  7.51887e+03  1.83317e+06  9.47517e-20  0.00000e+00  0.00000e+00  8.28510e-07
0339  6.90193e+18  7.52322e+03  1.83001e+06  9.37585e-20  0.00000e+00  0.00000e+00  8.24340e-07
0340  6.91932e+18  7.52756e+03  1.82685e+06  9.27782e-20  0.00000e+00  0.00000e+00  8.20201e-07
0341  6.93672e+18  7.53187e+03  1.82371e+06  9.18107e-20  0.00000e+00  0.00000e+00  8.16093e-07
0342  6.95411e+18  7.53616e+03  1.82057e+06  9.08559e-20  0.00000e+00  0.00000e+00  8.12016e-07
0343  6.97150e+18  7.54043e+03  1.81745e+06  8.99134e-20  0.00000e+00  0.00000e+00  8.07970e-07
0344  6.98889e+18  7.54468e+03  1.81434e+06  8.89832e-20  0.00000e+00  0.00000e+00  8.03953e-07
0345  7.00629e+18  7.54891e+03  1.81123e+06  8.80650e-20  0.00000e+00  0.00000e+00  7.99967e-07
0346  7.02368e+18  7.55312e+03  1.80814e+06  8.71586e-20  0.00000e+00  0.00000e+00  7.96010e-07
0347  7.04107e+18  7.55731e+03  1.80506e+06  8.62638e-20  0.00000e+00  0.00000e+00  7.92082e-07
0348  7.05846e+18  7.56147e+03  1.80199e+06  8.53806e-20  0.00000e+00  0.00000e+00  7.88183e-07
0349  7.07586e+18  7.56562e+03  1.79893e+06  8.45086e-20  0.00000e+00  0.00000e+00  7.84313e-07
0350  7.09325e+18  7.56975e+03  1.79588e+06  8.36478e-20  0.00000e+00  0.00000e+00  7.80472e-07
0351  7.11064e+18  7.57386e+03  1.79284e+06  8.27979e-20  0.00000e+00  0.00000e+00  7.76658e-07
0352  7.12803e+18  7.57795e+03  1.78982e+06  8.19588e-20  0.00000e+00  0.00000e+00  7.72873e-07
0353  7.14543e+18  7.58203e+03  1.78680e+06  8.11303e-20  0.00000e+00  0.00000e+00  7.69115e-07
0354  7.16282e+18  7.58608e+03  1.78379e+06  8.03123e-20  0.00000e+00  0.00000e+00  7.65385e-07
0355  7.18021e+18  7.59011e+03  1.78079e+06  7.95046e-20  0.00000e+00  0.00000e+00  7.61681e-07
0356  7.19760e+18  7.59413e+03  1.77780e+06  7.87071e-20  0.00000e+00  0.00000e+00  7.58004e-07
0357  7.21500e+18  7.59812e+03  1.77483e+06  7.79195e-20  0.00000e+00  0.00000e+00  7.54354e-07
0358  7.23239e+18  7.60210e+03  1.77186e+06  7.71418e-20  0.00000e+00  0.00000e+00  7.50731e-07
0359  7.24978e+18  7.60606e+03  1.76890e+06  7.63738e-20  0.00000e+00  0.00000e+00  7.47133e-07
0360  7.26717e+18  7.61000e+03  1.76595e+06  7.56153e-20  0.00000e+00  0.00000e+00  7.43561e-07
0361  7.28457e+18  7.61392e+03  1.76301e+06  7.48662e-20  0.00000e+00  0.00000e+00  7.40015e-07
0362  7.30196e+18  7.61783e+03  1.76009e+06  7.41265e-20  0.00000e+00  0.00000e+00  7.36493e-07
0363  7.31935e+18  7.62172e+03  1.75717e+06  7.33958e-20  0.00000e+00  0.00000e+00  7.32997e-07
0364  7.33674e+18  7.62559e+03  1.75426e+06  7.26741e-20  0.00000e+00  0.00000e+00  7.29526e-07
0365  7.35414e+18  7.62944e+03  1.75136e+06  7.19614e-20  0.00000e+00  0.00000e+00  7.26080e-07
0366  7.37153e+18  7.63327e+03  1.74847e+06  7.12573e-20  0.00000e+00  0.00000e+00  7.22658e-07
0367  7.38892e+18  7.63709e+03  1.74559e+06  7.05619e-20  0.00000e+00  0.00000e+00  7.19259e-07
0368  7.40631e+18  7.64089e+03  1.74272e+06  6.98749e-20  0.00000e+00  0.00000e+00  7.15885e-07
0369  7.42371e+18  7.64467e+03  1.73986e+06  6.91963e-20  0.00000e+00  0.00000e+00  7.12535e-07
0370  7.44110e+18  7.64843e+03  1.73701e+06  6.85259e-20  0.00000e+00  0.00000e+00  7.09208e-07
0371  7.45849e+18  7.65218e+03  1.73417e+06  6.78636e-20  0.00000e+00  0.00000e+00  7.05904e-07
0372  7.47588e+18  7.65592e+03  1.73133e+06  6.72094e-20  0.00000e+00  0.00000e+00  7.02623e-07
0373  7.49328e+18  7.65963e+03  1.72851e+06  6.65630e-20  0.00000e+00  0.00000e+00  6.99365e-07
0374  7.51067e+18  7.66333e+03  1.72570e+06  6.59244e-20  0.00000e+00  0.00000e+00  6.96130e-07
0375  7.52806e+18  7.66701e+03  1.72289e+06  6.52934e-20  0.00000e+00  0.00000e+00  6.92917e-07
0376  7.54545e+18  7.67068e+03  1.72010e+06  6.46700e-20  0.00000e+00  0.00000e+00  6.89727e-07
0377  7.56285e+18  7.67433e+03  1.71731e+06  6.40540e-20  0.00000e+00  0.00000e+00  6.86558e-07
0378  7.58024e+18  7.67796e+03  1.71453e+06  6.34454e-20  0.00000e+00  0.00000e+00  6.83411e-07
0379  7.59763e+18  7.68158e+03  1.71177e+06  6.28440e-20  0.00000e+00  0.00000e+00  6.80286e-07
0380  7.61502e+18  7.68518e+03  1.70901e+06  6.22497e-20  0.00000e+00  0.00000e+00  6.77182e-07
0381  7.63242e+18  7.68876e+03  1.70626e+06  6.16624e-20  0.00000e+00  0.00000e+00  6.74099e-07
0382  7.64981e+18  7.69234e+03  1.70352e+06  6.10820e-20  0.00000e+00  0.00000e+00  6.71037e-07
0383  7.66720e+18  7.69589e+03  1.70079e+06  6.05085e-20  0.00000e+00  0.00000e+00  6.67996e-07
0384  7.68459e+18  7.69943e+03  1.69806e+06  5.99417e-20  0.00000e+00  0.00000e+00  6.64976e-07
0385  7.70199e+18  7.70295e+03  1.69535e+06  5.93815e-20  0.00000e+00  0.00000e+00  6.61976e-07
0386  7.71938e+18  7.70646e+03  1.69264e+06  5.88279e-20  0.00000e+00  0.00000e+00  6.58996e-07
0387  7.73677e+18  7.70996e+03  1.68995e+06  5.82808e-20  0.00000e+00  0.00000e+00  6.56037e-07
0388  7.75416e+18  7.71344e+03  1.68726e+06  5.77399e-20  0.00000e+00  0.00000e+00  6.53097e-07
0389  7.77156e+18  7.71690e+03  1.68458e+06  5.72054e-20  0.00000e+00  0.00000e+00  6.50177e-07
0390  7.78895e+18  7.72035e+03  1.68191e+06  5.66770e-20  0.00000e+00  0.00000e+00  6.47277e-07
0391  7.80634e+18  7.72378e+03  1.67925e+06  5.61548e-20  0.00000e+00  0.00000e+00  6.44396e-07
0392  7.82373e+18  7.72720e+03  1.67659e+06  5.56385e-20  0.00000e+00  0.00000e+00  6.41534e-07
0393  7.84113e+18  7.73061e+03  1.67395e+06  5.51282e-20  0.00000e+00  0.00000e+00  6.38691e-07
0394  7.85852e+18  7.73400e+03  1.67131e+06  5.46237e-20  0.00000e+00  0.00000e+00  6.35867e-07
0395  7.87591e+18  7.73738e+03  1.66869e+06  5.41250e-20  0.00000e+00  0.00000e+00  6.33062e-07
0396  7.89330e+18  7.74074e+03  1.66607e+06  5.36320e-20  0.00000e+00  0.00000e+00  6.30275e-07
0397  7.91070e+18  7.74409e+03  1.66346e+06  5.31446e-20  0.00000e+00  0.00000e+00  6.27507e-07
0398  7.92809e+18  7.74743e+03  1.66085e+06  5.26627e-20  0.00000e+00  0.00000e+00  6.24756e-07
0399  7.94548e+18  7.75075e+03  1.65826e+06  5.21863e-20  0.00000e+00  0.00000e+00  6.22024e-07
0400  7.96287e+18  7.75405e+03  1.65567e+06  5.17153e-20  0.00000e+00  0.00000e+00  6.19310e-07
0401  7.98027e+18  7.75735e+03  1.65310e+06  5.12496e-20  0.00000e+00  0.00000e+00  6.16613e-07
0402  7.99766e+18  7.76063e+03  1.65053e+06  5.07891e-20  0.00000e+00  0.00000e+00  6.13934e-07
0403  8.01505e+18  7.76389e+03  1.64797e+06  5.03338e-20  0.00000e+00  0.00000e+00  6.11273e-07
0404  8.03244e+18  7.76715e+03  1.64541e+06  4.98836e-20  0.00000e+00  0.00000e+00  6.08629e-07
0405  8.04984e+18  7.77039e+03  1.64287e+06  4.94385e-20  0.00000e+00  0.00000e+00  6.06001e-07
0406  8.06723e+18  7.77361e+03  1.64033e+06  4.89982e-20  0.00000e+00  0.00000e+00  6.03391e-07
0407  8.08462e+18  7.77683e+03  1.63780e+06  4.85629e-20  0.00000e+00  0.00000e+00  6.00798e-07
0408  8.10201e+18  7.78003e+03  1.63528e+06  4.81325e-20  0.00000e+00  0.00000e+00  5.98221e-07
0409  8.11940e+18  7.78321e+03  1.63277e+06  4.77068e-20  0.00000e+00  0.00000e+00  5.95661e-07
0410  8.13680e+18  7.78639e+03  1.63026e+06  4.72858e-20  0.00000e+00  0.00000e+00  5.93117e-07
0411  8.15419e+18  7.78955e+03  1.62777e+06  4.68694e-20  0.00000e+00  0.00000e+00  5.90590e-07
0412  8.17158e+18  7.79270e+03  1.62528e+06  4.64576e-20  0.00000e+00  0.00000e+00  5.88078e-07
0413  8.18897e+18  7.79583e+03  1.62280e+06  4.60504e-20  0.00000e+00  0.00000e+00  5.85583e-07
0414  8.20637e+18  7.79896e+03  1.62032e+06  4.56476e-20  0.00000e+00  0.00000e+00  5.83104e-07
0415  8.22376e+18  7.80207e+03  1.61786e+06  4.52492e-20  0.00000e+00  0.00000e+00  5.80640e-07
0416  8.24115e+18  7.80516e+03  1.61540e+06  4.48552e-20  0.00000e+00  0.00000e+00  5.78191e-07
0417  8.25854e+18  7.80825e+03  1.61295e+06  4.44654e-20  0.00000e+00  0.00000e+00  5.75759e-07
0418  8.27594e+18  7.81132e+03  1.61050e+06  4.40799e-20  0.00000e+00  0.00000e+00  5.73341e-07
0419  8.29333e+18  7.81438e+03  1.60807e+06  4.36985e-20  0.00000e+00  0.00000e+00  5.70939e-07
0420  8.31072e+18  7.81743e+03  1.60564e+06  4.33213e-20  0.00000e+00  0.00000e+00  5.68552e-07
0421  8.32811e+18  7.82047e+03  1.60322e+06  4.29482e-20  0.00000e+00  0.00000e+00  5.66180e-07
0422  8.34551e+18  7.82349e+03  1.60081e+06  4.25790e-20  0.00000e+00  0.00000e+00  5.63822e-07
0423  8.36290e+18  7.82650e+03  1.59840e+06  4.22139e-20  0.00000e+00  0.00000e+00  5.61479e-07
0424  8.38029e+18  7.82950e+03  1.59600e+06  4.18526e-20  0.00000e+00  0.00000e+00  5.59151e-07
0425  8.39768e+18  7.83249e+03  1.59361e+06  4.14952e-20  0.00000e+00  0.00000e+00  5.56837e-07
0426  8.41508e+18  7.83547e+03  1.59123e+06  4.11416e-20  0.00000e+00  0.00000e+00  5.54538e-07
0427  8.43247e+18  7.83843e+03  1.58885e+06  4.07918e-20  0.00000e+00  0.00000e+00  5.52253e-07
0428  8.44986e+18  7.84139e+03  1.58648e+06  4.04457e-20  0.00000e+00  0.00000e+00  5.49982e-07
0429  8.46725e+18  7.84433e+03  1.58412e+06  4.01033e-20  0.00000e+00  0.00000e+00  5.47725e-07
0430  8.48465e+18  7.84726e+03  1.58177e+06  3.97645e-20  0.00000e+00  0.00000e+00  5.45481e-07
0431  8.50204e+18  7.85018e+03  1.57942e+06  3.94293e-20  0.00000e+00  0.00000e+00  5.43252e-07
0432  8.51943e+18  7.85308e+03  1.57708e+06  3.90976e-20  0.00000e+00  0.00000e+00  5.41036e-07
0433  8.53682e+18  7.85598e+03  1.57475e+06  3.87694e-20  0.00000e+00  0.00000e+00  5.38834e-07
0434  8.55422e+18  7.85886e+03  1.57242e+06  3.84447e-20  0.00000e+00  0.00000e+00  5.36645e-07
0435  8.57161e+18  7.86174e+03  1.57010e+06  3.81236e-20  0.00000e+00  0.00000e+00  5.34469e-07
0436  8.58900e+18  7.86460e+03  1.56779e+06  3.78061e-20  0.00000e+00  0.00000e+00  5.32307e-07
0437  8.60639e+18  7.86745e+03  1.56549e+06  3.74919e-20  0.00000e+00  0.00000e+00  5.30158e-07
0438  8.62379e+18  7.87029e+03  1.56319e+06  3.71810e-20  0.00000e+00  0.00000e+00  5.28021e-07
0439  8.64118e+18  7.87312e+03  1.56090e+06  3.68733e-20  0.00000e+00  0.00000e+00  5.25898e-07
0440  8.65857e+18  7.87594e+03  1.55861e+06  3.65687e-20  0.00000e+00  0.00000e+00  5.23787e-07
0441  8.67596e+18  7.87875e+03  1.55634e+06  3.62673e-20  0.00000e+00  0.00000e+00  5.21689e-07
0442  8.69336e+18  7.88154e+03  1.55407e+06  3.59691e-20  0.00000e+00  0.00000e+00  5.19604e-07
0443  8.71075e+18  7.88433e+03  1.55180e+06  3.56738e-20  0.00000e+00  0.00000e+00  5.17531e-07
0444  8.72814e+18  7.88711e+03  1.54955e+06  3.53817e-20  0.00000e+00  0.00000e+00  5.15471e-07
0445  8.74553e+18  7.88987e+03  1.54730e+06  3.50925e-20  0.00000e+00  0.00000e+00  5.13422e-07
0446  8.76293e+18  7.89263e+03  1.54506e+06  3.48062e-20  0.00000e+00  0.00000e+00  5.11386e-07
0447  8.78032e+18  7.89537e+03  1.54282e+06  3.45229e-20  0.00000e+00  0.00000e+00  5.09362e-07
0448  8.79771e+18  7.89811e+03  1.54059e+06  3.42425e-20  0.00000e+00  0.00000e+00  5.07350e-07
0449  8.81510e+18  7.90083e+03  1.53837e+06  3.39649e-20  0.00000e+00  0.00000e+00  5.05350e-07
0450  8.83250e+18  7.90355e+03  1.53615e+06  3.36901e-20  0.00000e+00  0.00000e+00  5.03362e-07
0451  8.84989e+18  7.90625e+03  1.53394e+06  3.34181e-20  0.00000e+00  0.00000e+00  5.01386e-07
0452  8.86728e+18  7.90894e+03  1.53174e+06  3.31489e-20  0.00000e+00  0.00000e+00  4.99421e-07
0453  8.88467e+18  7.91163e+03  1.52954e+06  3.28823e-20  0.00000e+00  0.00000e+00  4.97467e-07
0454  8.90207e+18  7.91430e+03  1.52735e+06  3.26185e-20  0.00000e+00  0.00000e+00  4.95525e-07
0455  8.91946e+18  7.91697e+03  1.52517e+06  3.23572e-20  0.00000e+00  0.00000e+00  4.93595e-07
0456  8.93685e+18  7.91962e+03  1.52299e+06  3.20987e-20  0.00000e+00  0.00000e+00  4.91675e-07
0457  8.95424e+18  7.92227e+03  1.52082e+06  3.18426e-20  0.00000e+00  0.00000e+00  4.89767e-07
0458  8.97164e+18  7.92490e+03  1.51866e+06  3.15892e-20  0.00000e+00  0.00000e+00  4.87870e-07
0459  8.98903e+18  7.92753e+03  1.51650e+06  3.13382e-20  0.00000e+00  0.00000e+00  4.85984e-07
0460  9.00642e+18  7.93014e+03  1.51435e+06  3.10898e-20  0.00000e+00  0.00000e+00  4.84109e-07
0461  9.02381e+18  7.93275e+03  1.51221e+06  3.08438e-20  0.00000e+00  0.00000e+00  4.82244e-07
0462  9.04121e+18  7.93535e+03  1.51007e+06  3.05525e-20  0.00000e+00  0.00000e+00  4.80391e-07
0463  9.05860e+18  7.93794e+03  1.50793e+06  3.03145e-20  0.00000e+00  0.00000e+00  4.78548e-07
0464  9.07599e+18  7.94052e+03  1.50580e+06  3.00788e-20  0.00000e+00  0.00000e+00  4.76716e-07
0465  9.09338e+18  7.94309e+03  1.50368e+06  2.98454e-20  0.00000e+00  0.00000e+00  4.74894e-07
0466  9.11078e+18  7.94565e+03  1.50156e+06  2.96143e-20  0.00000e+00  0.00000e+00  4.73082e-07
0467  9.12817e+18  7.94820e+03  1.49946e+06  2.93854e-20  0.00000e+00  0.00000e+00  4.71281e-07
0468  9.14556e+18  7.95074e+03  1.49735e+06  2.91587e-20  0.00000e+00  0.00000e+00  4.69490e-07
0469  9.16295e+18  7.95327e+03  1.49525e+06  2.89342e-20  0.00000e+00  0.00000e+00  4.67710e-07
0470  9.18035e+18  7.95579e+03  1.49316e+06  2.87119e-20  0.00000e+00  0.00000e+00  4.65939e-07
0471  9.19774e+18  7.95831e+03  1.49108e+06  2.84917e-20  0.00000e+00  0.00000e+00  4.64179e-07
0472  9.21513e+18  7.96081e+03  1.48900e+06  2.82736e-20  0.00000e+00  0.00000e+00  4.62428e-07
0473  9.23252e+18  7.96330e+03  1.48693e+06  2.80576e-20  0.00000e+00  0.00000e+00  4.60688e-07
0474  9.24992e+18  7.96579e+03  1.48486e+06  2.78437e-20  0.00000e+00  0.00000e+00  4.58957e-07
0475  9.26731e+18  7.96826e+03  1.48280e+06  2.76318e-20  0.00000e+00  0.00000e+00  4.57236e-07
0476  9.28470e+18  7.97073e+03  1.48075e+06  2.74219e-20  0.00000e+00  0.00000e+00  4.55524e-07
0477  9.30209e+18  7.97318e+03  1.47870e+06  2.72140e-20  0.00000e+00  0.00000e+00  4.53823e-07
0478  9.31949e+18  7.97563e+03  1.47666e+06  2.70081e-20  0.00000e+00  0.00000e+00  4.52130e-07
0479  9.33688e+18  7.97806e+03  1.47462e+06  2.68041e-20  0.00000e+00  0.00000e+00  4.50447e-07
0480  9.35427e+18  7.98049e+03  1.47259e+06  2.66021e-20  0.00000e+00  0.00000e+00  4.48774e-07
0481  9.37166e+18  7.98290e+03  1.47056e+06  2.64020e-20  0.00000e+00  0.00000e+00  4.47110e-07
0482  9.38906e+18  7.98531e+03  1.46854e+06  2.62037e-20  0.00000e+00  0.00000e+00  4.45455e-07
0483  9.40645e+18  7.98770e+03  1.46653e+06  2.60073e-20  0.00000e+00  0.00000e+00  4.43809e-07
0484  9.42384e+18  7.99009e+03  1.46452e+06  2.58128e-20  0.00000e+00  0.00000e+00  4.42172e-07
0485  9.44123e+18  7.99246e+03  1.46252e+06  2.56201e-20  0.00000e+00  0.00000e+00  4.40545e-07
0486  9.45863e+18  7.99483e+03  1.46052e+06  2.54292e-20  0.00000e+00  0.00000e+00  4.38926e-07
0487  9.47602e+18  7.99719e+03  1.45853e+06  2.52400e-20  0.00000e+00  0.00000e+00  4.37316e-07
0488  9.49341e+18  7.99954e+03  1.45654e+06  2.50527e-20  0.00000e+00  0.00000e+00  4.35715e-07
0489  9.51080e+18  8.00188e+03  1.45456e+06  2.48670e-20  0.00000e+00  0.00000e+00  4.34123e-07
0490  9.52820e+18  8.00421e+03  1.45259e+06  2.46831e-20  0.00000e+00  0.00000e+00  4.32540e-07
0491  9.54559e+18  8.00654e+03  1.45062e+06  2.45009e-20  0.00000e+00  0.00000e+00  4.30965e-07
0492  9.56298e+18  8.00886e+03  1.44866e+06  2.43203e-20  0.00000e+00  0.00000e+00  4.29399e-07
0493  9.58037e+18  8.01117e+03  1.44670e+06  2.41414e-20  0.00000e+00  0.00000e+00  4.27841e-07
0494  9.59777e+18  8.01348e+03  1.44475e+06  2.39642e-20  0.00000e+00  0.00000e+00  4.26292e-07
0495  9.61516e+18  8.01578e+03  1.44280e+06  2.37886e-20  0.00000e+00  0.00000e+00  4.24751e-07
0496  9.63255e+18  8.01807e+03  1.44087e+06  2.36145e-20  0.00000e+00  0.00000e+00  4.23219e-07
0497  9.64994e+18  8.02036e+03  1.43893e+06  2.34421e-20  0.00000e+00  0.00000e+00  4.21695e-07
0498  9.66734e+18  8.02264e+03  1.43701e+06  2.32712e-20  0.00000e+00  0.00000e+00  4.20179e-07
0499  9.68473e+18  8.02492e+03  1.43509e+06  2.31019e-20  0.00000e+00  0.00000e+00  4.18671e-07
0500  9.70212e+18  8.02719e+03  1.43317e+06  2.29341e-20  0.00000e+00  0.00000e+00  4.17171e-07
0501  9.71951e+18  8.02946e+03  1.43126e+06  2.27678e-20  0.00000e+00  0.00000e+00  4.15679e-07
0502  9.73691e+18  8.03172e+03  1.42936e+06  2.26031e-20  0.00000e+00  0.00000e+00  4.14196e-07
0503  9.75430e+18  8.03398e+03  1.42746e+06  2.24398e-20  0.00000e+00  0.00000e+00  4.12720e-07
0504  9.77169e+18  8.03623e+03  1.42557e+06  2.22780e-20  0.00000e+00  0.00000e+00  4.11252e-07
0505  9.78908e+18  8.03847e+03  1.42368e+06  2.21176e-20  0.00000e+00  0.00000e+00  4.09792e-07
0506  9.80648e+18  8.04071e+03  1.42180e+06  2.19587e-20  0.00000e+00  0.00000e+00  4.08340e-07
0507  9.82387e+18  8.04294e+03  1.41993e+06  2.18012e-20  0.00000e+00  0.00000e+00  4.06895e-07
0508  9.84126e+18  8.04516e+03  1.41806e+06  2.16451e-20  0.00000e+00  0.00000e+00  4.05458e-07
0509  9.85865e+18  8.04737e+03  1.41619e+06  2.14904e-20  0.00000e+00  0.00000e+00  4.04029e-07
0510  9.87605e+18  8.04958e+03  1.41433e+06  2.13371e-20  0.00000e+00  0.00000e+00  4.02607e-07
0511  9.89344e+18  8.05178e+03  1.41248e+06  2.11851e-20  0.00000e+00  0.00000e+00  4.01193e-07
0512  9.91083e+18  8.05397e+03  1.41063e+06  2.10346e-20  0.00000e+00  0.00000e+00  3.99786e-07
0513  9.92822e+18  8.05616e+03  1.40879e+06  2.08853e-20  0.00000e+00  0.00000e+00  3.98386e-07
0514  9.94562e+18  8.05833e+03  1.40695e+06  2.07374e-20  0.00000e+00  0.00000e+00  3.96994e-07
0515  9.96301e+18  8.06050e+03  1.40511e+06  2.05908e-20  0.00000e+00  0.00000e+00  3.95609e-07
0516  9.98040e+18  8.06266e+03  1.40328e+06  2.04455e-20  0.00000e+00  0.00000e+00  3.94232e-07
0517  9.99779e+18  8.06481e+03  1.40146e+06  2.03014e-20  0.00000e+00  0.00000e+00  3.92861e-07
0518  1.00152e+19  8.06695e+03  1.39964e+06  2.01587e-20  0.00000e+00  0.00000e+00  3.91498e-07
0519  1.00326e+19  8.06909e+03  1.39782e+06  2.00172e-20  0.00000e+00  0.00000e+00  3.90142e-07
0520  1.00500e+19  8.07122e+03  1.39602e+06  1.98769e-20  0.00000e+00  0.00000e+00  3.88793e-07
0521  1.00674e+19  8.07334e+03  1.39421e+06  1.97379e-20  0.00000e+00  0.00000e+00  3.87450e-07
0522  1.00848e+19  8.07545e+03  1.39241e+06  1.96000e-20  0.00000e+00  0.00000e+00  3.86115e-07
0523  1.01021e+19  8.07756e+03  1.39062e+06  1.94634e-20  0.00000e+00  0.00000e+00  3.84787e-07
0524  1.01195e+19  8.07966e+03  1.38883e+06  1.93280e-20  0.00000e+00  0.00000e+00  3.83465e-07
0525  1.01369e+19  8.08176e+03  1.38704e+06  1.91938e-20  0.00000e+00  0.00000e+00  3.82150e-07
0526  1.01543e+19  8.08384e+03  1.38526e+06  1.90607e-20  0.00000e+00  0.00000e+00  3.80842e-07
0527  1.01717e+19  8.08592e+03  1.38349e+06  1.89287e-20  0.00000e+00  0.00000e+00  3.79541e-07
0528  1.01891e+19  8.08800e+03  1.38172e+06  1.87979e-20  0.00000e+00  0.00000e+00  3.78247e-07
0529  1.02065e+19  8.09007e+03  1.37995e+06  1.86683e-20  0.00000e+00  0.00000e+00  3.76959e-07
0530  1.02239e+19  8.09213e+03  1.37819e+06  1.85397e-20  0.00000e+00  0.00000e+00  3.75677e-07
0531  1.02413e+19  8.09418e+03  1.37644e+06  1.84123e-20  0.00000e+00  0.00000e+00  3.74402e-07
0532  1.02587e+19  8.09623e+03  1.37469e+06  1.82860e-20  0.00000e+00  0.00000e+00  3.73134e-07
0533  1.02761e+19  8.09828e+03  1.37294e+06  1.81607e-20  0.00000e+00  0.00000e+00  3.71872e-07
0534  1.02935e+19  8.10031e+03  1.37120e+06  1.80365e-20  0.00000e+00  0.00000e+00  3.70616e-07
0535  1.03109e+19  8.10234e+03  1.36947e+06  1.79134e-20  0.00000e+00  0.00000e+00  3.69367e-07
0536  1.03283e+19  8.10436e+03  1.36773e+06  1.77913e-20  0.00000e+00  0.00000e+00  3.68124e-07
0537  1.03456e+19  8.10638e+03  1.36601e+06  1.76703e-20  0.00000e+00  0.00000e+00  3.66887e-07
0538  1.03630e+19  8.10839e+03  1.36428e+06  1.75503e-20  0.00000e+00  0.00000e+00  3.65657e-07
0539  1.03804e+19  8.11040e+03  1.36257e+06  1.74313e-20  0.00000e+00  0.00000e+00  3.64432e-07
0540  1.03978e+19  8.11239e+03  1.36085e+06  1.73133e-20  0.00000e+00  0.00000e+00  3.63214e-07
0541  1.04152e+19  8.11439e+03  1.35915e+06  1.71963e-20  0.00000e+00  0.00000e+00  3.62002e-07
0542  1.04326e+19  8.11637e+03  1.35744e+06  1.70803e-20  0.00000e+00  0.00000e+00  3.60796e-07
0543  1.04500e+19  8.11835e+03  1.35574e+06  1.69653e-20  0.00000e+00  0.00000e+00  3.59596e-07
0544  1.04674e+19  8.12032e+03  1.35405e+06  1.68512e-20  0.00000e+00  0.00000e+00  3.58402e-07
0545  1.04848e+19  8.12229e+03  1.35236e+06  1.67381e-20  0.00000e+00  0.00000e+00  3.57214e-07
0546  1.05022e+19  8.12425e+03  1.35067e+06  1.66260e-20  0.00000e+00  0.00000e+00  3.56032e-07
0547  1.05196e+19  8.12620e+03  1.34899e+06  1.65148e-20  0.00000e+00  0.00000e+00  3.54856e-07
0548  1.05370e+19  8.12815e+03  1.34732e+06  1.64045e-20  0.00000e+00  0.00000e+00  3.53685e-07
0549  1.05544e+19  8.13010e+03  1.34564e+06  1.62952e-20  0.00000e+00  0.00000e+00  3.52520e-07
0550  1.05717e+19  8.13202e+03  1.34398e+06  1.61867e-20  0.00000e+00  0.00000e+00  3.51361e-07
0551  1.05891e+19  8.13399e+03  1.34231e+06  1.60791e-20  0.00000e+00  0.00000e+00  3.50208e-07
0552  1.06065e+19  8.13576e+03  1.34066e+06  1.59727e-20  0.00000e+00  0.00000e+00  3.49061e-07
0553  1.06239e+19  8.13836e+03  1.33897e+06  1.58645e-20  0.00000e+00  0.00000e+00  3.47919e-07
0554  1.06413e+19  8.13758e+03  1.33747e+06  1.57640e-20  0.00000e+00  0.00000e+00  3.46782e-07
0555  1.06587e+19  8.15588e+03  1.33489e+06  1.56335e-20  0.00000e+00  0.00000e+00  3.45651e-07
