# Athena++ data at time=4.970000e+12  cycle=373376065  variables=prim 
# i       x1v         rho          press          vel1         vel2         vel3     
0002  1.07548e+18  2.40946e-18  1.00596e-05 -4.92795e+05  1.38461e-09  0.00000e+00
0003  1.09287e+18  1.08499e-18  6.04927e-06  1.38714e+05  1.96936e-02  0.00000e+00
0004  1.11027e+18  6.83383e-19  4.75986e-06  1.40715e+05  4.29419e-02  0.00000e+00
0005  1.12766e+18  4.42441e-19  3.97104e-06  1.92795e+05  6.37160e-02  0.00000e+00
0006  1.14505e+18  2.80374e-19  3.50439e-06  2.86483e+05  8.19441e-02  0.00000e+00
0007  1.16244e+18  1.86217e-19  3.21125e-06  4.06634e+05  9.84144e-02  0.00000e+00
0008  1.17983e+18  1.60920e-19  2.98403e-06  4.64577e+05  1.13550e-01  0.00000e+00
0009  1.19723e+18  1.44353e-19  2.80871e-06  4.92887e+05  1.27669e-01  0.00000e+00
0010  1.21462e+18  1.30756e-19  2.65048e-06  5.28172e+05  1.40893e-01  0.00000e+00
0011  1.23201e+18  1.21637e-19  2.50857e-06  5.53178e+05  1.53304e-01  0.00000e+00
0012  1.24940e+18  1.13669e-19  2.38258e-06  5.73903e+05  1.64986e-01  0.00000e+00
0013  1.26679e+18  1.06394e-19  2.26675e-06  5.96632e+05  1.75999e-01  0.00000e+00
0014  1.28419e+18  9.98400e-20  2.16127e-06  6.18668e+05  1.86405e-01  0.00000e+00
0015  1.30158e+18  9.40166e-20  2.06469e-06  6.39653e+05  1.96264e-01  0.00000e+00
0016  1.31897e+18  8.88879e-20  1.97594e-06  6.58952e+05  2.05632e-01  0.00000e+00
0017  1.33636e+18  8.42034e-20  1.89431e-06  6.77446e+05  2.14560e-01  0.00000e+00
0018  1.35375e+18  7.98958e-20  1.81879e-06  6.95669e+05  2.23093e-01  0.00000e+00
0019  1.37115e+18  7.59485e-20  1.74906e-06  7.13207e+05  2.31271e-01  0.00000e+00
0020  1.38854e+18  7.27988e-20  1.68348e-06  7.26638e+05  2.39120e-01  0.00000e+00
0021  1.40593e+18  6.94486e-20  1.62375e-06  7.41126e+05  2.46673e-01  0.00000e+00
0022  1.42332e+18  6.62009e-20  1.56704e-06  7.59074e+05  2.53947e-01  0.00000e+00
0023  1.44071e+18  6.36057e-20  1.51390e-06  7.72022e+05  2.60957e-01  0.00000e+00
0024  1.45811e+18  6.10607e-20  1.46509e-06  7.83812e+05  2.67722e-01  0.00000e+00
0025  1.47550e+18  5.86278e-20  1.41867e-06  7.97372e+05  2.74249e-01  0.00000e+00
0026  1.49289e+18  5.63730e-20  1.37534e-06  8.09692e+05  2.80552e-01  0.00000e+00
0027  1.51028e+18  5.42824e-20  1.33483e-06  8.20593e+05  2.86623e-01  0.00000e+00
0028  1.52767e+18  5.24101e-20  1.29761e-06  8.28310e+05  2.92538e-01  0.00000e+00
0029  1.54507e+18  5.08861e-20  1.26477e-06  7.98028e+05  2.98062e-01  0.00000e+00
0030  1.56246e+18  1.74764e-20  1.30650e-06  2.04975e+06  3.04311e-01  0.00000e+00
0031  1.57985e+18  8.14833e-21  1.03436e-06  5.39983e+06  3.08910e-01  0.00000e+00
0032  1.59724e+18  6.04876e-21  9.79594e-07  6.76389e+06  3.12903e-01  0.00000e+00
0033  1.61463e+18  5.01983e-21  9.35086e-07  7.85074e+06  3.16559e-01  0.00000e+00
0034  1.63203e+18  4.33752e-21  8.94496e-07  8.84572e+06  3.19961e-01  0.00000e+00
0035  1.64942e+18  3.82610e-21  8.56187e-07  9.79854e+06  3.23137e-01  0.00000e+00
0036  1.66681e+18  3.42187e-21  8.20111e-07  1.07179e+07  3.26102e-01  0.00000e+00
0037  1.68420e+18  3.09308e-21  7.86032e-07  1.16069e+07  3.28870e-01  0.00000e+00
0038  1.70160e+18  2.82110e-21  7.54012e-07  1.24619e+07  3.31454e-01  0.00000e+00
0039  1.71899e+18  2.59356e-21  7.24032e-07  1.32792e+07  3.33864e-01  0.00000e+00
0040  1.73638e+18  2.39996e-21  6.96084e-07  1.40604e+07  3.36116e-01  0.00000e+00
0041  1.75377e+18  2.23222e-21  6.69635e-07  1.48158e+07  3.38218e-01  0.00000e+00
0042  1.77116e+18  2.08563e-21  6.44625e-07  1.55452e+07  3.40180e-01  0.00000e+00
0043  1.78856e+18  1.95668e-21  6.21044e-07  1.62472e+07  3.42011e-01  0.00000e+00
0044  1.80595e+18  1.84227e-21  5.98804e-07  1.69235e+07  3.43718e-01  0.00000e+00
0045  1.82334e+18  1.73997e-21  5.77743e-07  1.75769e+07  3.45310e-01  0.00000e+00
0046  1.84073e+18  1.64812e-21  5.57853e-07  1.82063e+07  3.46794e-01  0.00000e+00
0047  1.85813e+18  1.56527e-21  5.39099e-07  1.88116e+07  3.48176e-01  0.00000e+00
0050  1.87552e+18  1.49036e-21  5.21422e-07  1.93921e+07  3.49465e-01  0.00000e+00
0051  1.89291e+18  1.42211e-21  5.04806e-07  1.99497e+07  3.50666e-01  0.00000e+00
0052  1.91030e+18  1.35903e-21  4.88799e-07  2.04966e+07  3.51785e-01  0.00000e+00
0053  1.92769e+18  1.30071e-21  4.73478e-07  2.10303e+07  3.52825e-01  0.00000e+00
0054  1.94509e+18  1.24665e-21  4.58801e-07  2.15512e+07  3.53790e-01  0.00000e+00
0055  1.96248e+18  1.19643e-21  4.44754e-07  2.20590e+07  3.54683e-01  0.00000e+00
0056  1.97987e+18  1.14970e-21  4.31318e-07  2.25537e+07  3.55509e-01  0.00000e+00
0057  1.99726e+18  1.10615e-21  4.18484e-07  2.30347e+07  3.56270e-01  0.00000e+00
0058  2.01466e+18  1.06551e-21  4.06237e-07  2.35020e+07  3.56970e-01  0.00000e+00
0059  2.03205e+18  1.02743e-21  3.94515e-07  2.39572e+07  3.57613e-01  0.00000e+00
0060  2.04944e+18  9.91594e-22  3.83231e-07  2.44033e+07  3.58202e-01  0.00000e+00
0061  2.06683e+18  9.57832e-22  3.72377e-07  2.48399e+07  3.58737e-01  0.00000e+00
0062  2.08423e+18  9.25975e-22  3.61935e-07  2.52672e+07  3.59223e-01  0.00000e+00
0063  2.10162e+18  8.95872e-22  3.51884e-07  2.56856e+07  3.59661e-01  0.00000e+00
0064  2.11901e+18  8.67388e-22  3.42209e-07  2.60953e+07  3.60053e-01  0.00000e+00
0065  2.13640e+18  8.40400e-22  3.32893e-07  2.64964e+07  3.60401e-01  0.00000e+00
0066  2.15379e+18  8.14797e-22  3.23919e-07  2.68893e+07  3.60708e-01  0.00000e+00
0067  2.17119e+18  7.90479e-22  3.15271e-07  2.72741e+07  3.60974e-01  0.00000e+00
0068  2.18858e+18  7.67357e-22  3.06938e-07  2.76511e+07  3.61202e-01  0.00000e+00
0069  2.20597e+18  7.45337e-22  2.98897e-07  2.80208e+07  3.61394e-01  0.00000e+00
0070  2.22336e+18  7.24392e-22  2.91171e-07  2.83817e+07  3.61551e-01  0.00000e+00
0071  2.24076e+18  7.04506e-22  2.83799e-07  2.87315e+07  3.61675e-01  0.00000e+00
0072  2.25815e+18  6.85581e-22  2.76742e-07  2.90715e+07  3.61771e-01  0.00000e+00
0073  2.27554e+18  6.67525e-22  2.69965e-07  2.94032e+07  3.61831e-01  0.00000e+00
0074  2.29293e+18  6.50265e-22  2.63440e-07  2.97275e+07  3.61884e-01  0.00000e+00
0075  2.31033e+18  6.33739e-22  2.57145e-07  3.00451e+07  3.61884e-01  0.00000e+00
0076  2.32772e+18  6.17898e-22  2.51065e-07  3.03567e+07  3.61869e-01  0.00000e+00
0077  2.34511e+18  6.02695e-22  2.45186e-07  3.06625e+07  3.61834e-01  0.00000e+00
0078  2.36250e+18  5.88094e-22  2.39498e-07  3.09629e+07  3.61776e-01  0.00000e+00
0079  2.37989e+18  5.74057e-22  2.33991e-07  3.12581e+07  3.61697e-01  0.00000e+00
0080  2.39729e+18  5.60555e-22  2.28657e-07  3.15483e+07  3.61597e-01  0.00000e+00
0081  2.41468e+18  5.47557e-22  2.23488e-07  3.18337e+07  3.61477e-01  0.00000e+00
0082  2.43207e+18  5.35036e-22  2.18477e-07  3.21144e+07  3.61339e-01  0.00000e+00
0083  2.44946e+18  5.22968e-22  2.13617e-07  3.23906e+07  3.61182e-01  0.00000e+00
0084  2.46686e+18  5.11330e-22  2.08904e-07  3.26625e+07  3.61008e-01  0.00000e+00
0085  2.48425e+18  5.00101e-22  2.04330e-07  3.29300e+07  3.60818e-01  0.00000e+00
0086  2.50164e+18  4.89260e-22  1.99891e-07  3.31934e+07  3.60611e-01  0.00000e+00
0087  2.51903e+18  4.78788e-22  1.95582e-07  3.34527e+07  3.60389e-01  0.00000e+00
0088  2.53643e+18  4.68669e-22  1.91396e-07  3.37081e+07  3.60153e-01  0.00000e+00
0089  2.55382e+18  4.58887e-22  1.87334e-07  3.39594e+07  3.59902e-01  0.00000e+00
0090  2.57121e+18  4.49428e-22  1.83391e-07  3.42068e+07  3.59638e-01  0.00000e+00
0091  2.58860e+18  4.40277e-22  1.79562e-07  3.44502e+07  3.59361e-01  0.00000e+00
0092  2.60600e+18  4.31420e-22  1.75844e-07  3.46899e+07  3.59071e-01  0.00000e+00
0093  2.62339e+18  4.22843e-22  1.72231e-07  3.49259e+07  3.58770e-01  0.00000e+00
0094  2.64078e+18  4.14535e-22  1.68720e-07  3.51584e+07  3.58457e-01  0.00000e+00
0095  2.65817e+18  4.06482e-22  1.65307e-07  3.53874e+07  3.58134e-01  0.00000e+00
0096  2.67557e+18  3.98674e-22  1.61988e-07  3.56131e+07  3.57800e-01  0.00000e+00
0097  2.69296e+18  3.91100e-22  1.58760e-07  3.58355e+07  3.57457e-01  0.00000e+00
0098  2.71035e+18  3.83751e-22  1.55619e-07  3.60547e+07  3.57103e-01  0.00000e+00
0099  2.72774e+18  3.76617e-22  1.52562e-07  3.62708e+07  3.56741e-01  0.00000e+00
0100  2.74513e+18  3.69690e-22  1.49587e-07  3.64839e+07  3.56370e-01  0.00000e+00
0101  2.76253e+18  3.62961e-22  1.46690e-07  3.66940e+07  3.55991e-01  0.00000e+00
0102  2.77992e+18  3.56423e-22  1.43869e-07  3.69012e+07  3.55604e-01  0.00000e+00
0103  2.79731e+18  3.50067e-22  1.41122e-07  3.71057e+07  3.55209e-01  0.00000e+00
0104  2.81470e+18  3.43887e-22  1.38445e-07  3.73073e+07  3.54806e-01  0.00000e+00
0105  2.83210e+18  3.37877e-22  1.35837e-07  3.75062e+07  3.54397e-01  0.00000e+00
0106  2.84949e+18  3.32029e-22  1.33296e-07  3.77025e+07  3.53981e-01  0.00000e+00
0107  2.86688e+18  3.26337e-22  1.30818e-07  3.78963e+07  3.53558e-01  0.00000e+00
0108  2.88427e+18  3.20797e-22  1.28403e-07  3.80874e+07  3.53130e-01  0.00000e+00
0109  2.90167e+18  3.15402e-22  1.26048e-07  3.82761e+07  3.52695e-01  0.00000e+00
0110  2.91906e+18  3.10147e-22  1.23751e-07  3.84624e+07  3.52255e-01  0.00000e+00
0111  2.93645e+18  3.05028e-22  1.21510e-07  3.86463e+07  3.51810e-01  0.00000e+00
0112  2.95384e+18  3.00039e-22  1.19324e-07  3.88279e+07  3.51359e-01  0.00000e+00
0113  2.97124e+18  2.95175e-22  1.17191e-07  3.90072e+07  3.50904e-01  0.00000e+00
0114  2.98863e+18  2.90433e-22  1.15109e-07  3.91842e+07  3.50444e-01  0.00000e+00
0115  3.00602e+18  2.85809e-22  1.13077e-07  3.93590e+07  3.49979e-01  0.00000e+00
0116  3.02341e+18  2.81298e-22  1.11094e-07  3.95317e+07  3.49510e-01  0.00000e+00
0117  3.04081e+18  2.76896e-22  1.09157e-07  3.97023e+07  3.49037e-01  0.00000e+00
0118  3.05820e+18  2.72600e-22  1.07266e-07  3.98708e+07  3.48561e-01  0.00000e+00
0119  3.07559e+18  2.68407e-22  1.05419e-07  4.00372e+07  3.48080e-01  0.00000e+00
0120  3.09298e+18  2.64313e-22  1.03614e-07  4.02017e+07  3.47596e-01  0.00000e+00
0121  3.11037e+18  2.60315e-22  1.01852e-07  4.03642e+07  3.47109e-01  0.00000e+00
0122  3.12777e+18  2.56410e-22  1.00130e-07  4.05248e+07  3.46619e-01  0.00000e+00
0123  3.14516e+18  2.52594e-22  9.84448e-08  4.06836e+07  3.46125e-01  0.00000e+00
0124  3.16255e+18  2.48865e-22  9.67988e-08  4.08405e+07  3.45629e-01  0.00000e+00
0125  3.17994e+18  2.45221e-22  9.51911e-08  4.09955e+07  3.45130e-01  0.00000e+00
0126  3.19734e+18  2.41660e-22  9.36206e-08  4.11485e+07  3.44629e-01  0.00000e+00
0127  3.21473e+18  2.38179e-22  9.20860e-08  4.12997e+07  3.44125e-01  0.00000e+00
0128  3.23212e+18  2.34775e-22  9.05864e-08  4.14491e+07  3.43619e-01  0.00000e+00
0129  3.24951e+18  2.31446e-22  8.91206e-08  4.15967e+07  3.43110e-01  0.00000e+00
0130  3.26691e+18  2.28190e-22  8.76877e-08  4.17425e+07  3.42600e-01  0.00000e+00
0131  3.28430e+18  2.25005e-22  8.62866e-08  4.18867e+07  3.42088e-01  0.00000e+00
0132  3.30169e+18  2.21887e-22  8.49163e-08  4.20291e+07  3.41575e-01  0.00000e+00
0133  3.31908e+18  2.18836e-22  8.35761e-08  4.21699e+07  3.41060e-01  0.00000e+00
0134  3.33648e+18  2.15850e-22  8.22650e-08  4.23092e+07  3.40544e-01  0.00000e+00
0135  3.35387e+18  2.12925e-22  8.09821e-08  4.24468e+07  3.40026e-01  0.00000e+00
0136  3.37126e+18  2.10062e-22  7.97267e-08  4.25829e+07  3.39507e-01  0.00000e+00
0137  3.38865e+18  2.07257e-22  7.84980e-08  4.27175e+07  3.38987e-01  0.00000e+00
0138  3.40605e+18  2.04510e-22  7.72953e-08  4.28507e+07  3.38467e-01  0.00000e+00
0139  3.42344e+18  2.01818e-22  7.61178e-08  4.29824e+07  3.37945e-01  0.00000e+00
0140  3.44083e+18  1.99180e-22  7.49649e-08  4.31126e+07  3.37423e-01  0.00000e+00
0141  3.45822e+18  1.96595e-22  7.38359e-08  4.32415e+07  3.36899e-01  0.00000e+00
0142  3.47562e+18  1.94061e-22  7.27300e-08  4.33690e+07  3.36375e-01  0.00000e+00
0143  3.49301e+18  1.91577e-22  7.16468e-08  4.34951e+07  3.35851e-01  0.00000e+00
0144  3.51040e+18  1.89142e-22  7.05857e-08  4.36199e+07  3.35325e-01  0.00000e+00
0145  3.52779e+18  1.86754e-22  6.95459e-08  4.37434e+07  3.34800e-01  0.00000e+00
0146  3.54519e+18  1.84412e-22  6.85270e-08  4.38657e+07  3.34273e-01  0.00000e+00
0147  3.56258e+18  1.82115e-22  6.75285e-08  4.39867e+07  3.33747e-01  0.00000e+00
0148  3.57997e+18  1.79861e-22  6.65498e-08  4.41064e+07  3.33220e-01  0.00000e+00
0149  3.59736e+18  1.77650e-22  6.55903e-08  4.42250e+07  3.32692e-01  0.00000e+00
0150  3.61476e+18  1.75481e-22  6.46497e-08  4.43424e+07  3.32165e-01  0.00000e+00
0151  3.63215e+18  1.73352e-22  6.37274e-08  4.44586e+07  3.31638e-01  0.00000e+00
0152  3.64954e+18  1.71262e-22  6.28230e-08  4.45736e+07  3.31110e-01  0.00000e+00
0153  3.66693e+18  1.69210e-22  6.19360e-08  4.46875e+07  3.30583e-01  0.00000e+00
0154  3.68432e+18  1.67196e-22  6.10661e-08  4.48003e+07  3.30055e-01  0.00000e+00
0155  3.70172e+18  1.65218e-22  6.02127e-08  4.49120e+07  3.29528e-01  0.00000e+00
0156  3.71911e+18  1.63276e-22  5.93755e-08  4.50226e+07  3.29001e-01  0.00000e+00
0157  3.73650e+18  1.61368e-22  5.85541e-08  4.51321e+07  3.28474e-01  0.00000e+00
0158  3.75389e+18  1.59494e-22  5.77480e-08  4.52407e+07  3.27948e-01  0.00000e+00
0159  3.77129e+18  1.57653e-22  5.69571e-08  4.53481e+07  3.27422e-01  0.00000e+00
0160  3.78868e+18  1.55845e-22  5.61808e-08  4.54546e+07  3.26897e-01  0.00000e+00
0161  3.80607e+18  1.54067e-22  5.54188e-08  4.55601e+07  3.26371e-01  0.00000e+00
0162  3.82346e+18  1.52321e-22  5.46709e-08  4.56645e+07  3.25847e-01  0.00000e+00
0163  3.84086e+18  1.50604e-22  5.39366e-08  4.57681e+07  3.25323e-01  0.00000e+00
0164  3.85825e+18  1.48917e-22  5.32157e-08  4.58706e+07  3.24799e-01  0.00000e+00
0165  3.87564e+18  1.47259e-22  5.25078e-08  4.59722e+07  3.24276e-01  0.00000e+00
0166  3.89303e+18  1.45628e-22  5.18127e-08  4.60729e+07  3.23753e-01  0.00000e+00
0167  3.91043e+18  1.44025e-22  5.11300e-08  4.61727e+07  3.23231e-01  0.00000e+00
0168  3.92782e+18  1.42449e-22  5.04595e-08  4.62715e+07  3.22710e-01  0.00000e+00
0169  3.94521e+18  1.40899e-22  4.98010e-08  4.63695e+07  3.22189e-01  0.00000e+00
0170  3.96260e+18  1.39374e-22  4.91540e-08  4.64666e+07  3.21669e-01  0.00000e+00
0171  3.98000e+18  1.37874e-22  4.85185e-08  4.65628e+07  3.21150e-01  0.00000e+00
0172  3.99739e+18  1.36399e-22  4.78940e-08  4.66582e+07  3.20632e-01  0.00000e+00
0173  4.01478e+18  1.34947e-22  4.72804e-08  4.67528e+07  3.20115e-01  0.00000e+00
0174  4.03217e+18  1.33519e-22  4.66774e-08  4.68465e+07  3.19598e-01  0.00000e+00
0175  4.04957e+18  1.32114e-22  4.60846e-08  4.69395e+07  3.19082e-01  0.00000e+00
0176  4.06696e+18  1.30731e-22  4.55019e-08  4.70316e+07  3.18567e-01  0.00000e+00
0177  4.08435e+18  1.29370e-22  4.49292e-08  4.71230e+07  3.18053e-01  0.00000e+00
0178  4.10174e+18  1.28030e-22  4.43662e-08  4.72136e+07  3.17540e-01  0.00000e+00
0179  4.11914e+18  1.26711e-22  4.38127e-08  4.73034e+07  3.17027e-01  0.00000e+00
0180  4.13653e+18  1.25413e-22  4.32685e-08  4.73924e+07  3.16516e-01  0.00000e+00
0181  4.15392e+18  1.24135e-22  4.27335e-08  4.74807e+07  3.16005e-01  0.00000e+00
0182  4.17131e+18  1.22876e-22  4.22074e-08  4.75683e+07  3.15496e-01  0.00000e+00
0183  4.18871e+18  1.21637e-22  4.16900e-08  4.76551e+07  3.14988e-01  0.00000e+00
0184  4.20610e+18  1.20417e-22  4.11812e-08  4.77412e+07  3.14480e-01  0.00000e+00
0185  4.22349e+18  1.19215e-22  4.06808e-08  4.78266e+07  3.13974e-01  0.00000e+00
0186  4.24088e+18  1.18031e-22  4.01885e-08  4.79113e+07  3.13468e-01  0.00000e+00
0187  4.25828e+18  1.16865e-22  3.97043e-08  4.79953e+07  3.12964e-01  0.00000e+00
0188  4.27567e+18  1.15716e-22  3.92280e-08  4.80786e+07  3.12461e-01  0.00000e+00
0189  4.29306e+18  1.14585e-22  3.87594e-08  4.81612e+07  3.11959e-01  0.00000e+00
0190  4.31045e+18  1.13470e-22  3.82983e-08  4.82432e+07  3.11458e-01  0.00000e+00
0191  4.32785e+18  1.12371e-22  3.78446e-08  4.83245e+07  3.10958e-01  0.00000e+00
0192  4.34524e+18  1.11289e-22  3.73981e-08  4.84052e+07  3.10459e-01  0.00000e+00
0193  4.36263e+18  1.10222e-22  3.69588e-08  4.84852e+07  3.09961e-01  0.00000e+00
0194  4.38002e+18  1.09171e-22  3.65264e-08  4.85646e+07  3.09464e-01  0.00000e+00
0195  4.39742e+18  1.08134e-22  3.61008e-08  4.86433e+07  3.08969e-01  0.00000e+00
0196  4.41481e+18  1.07113e-22  3.56820e-08  4.87214e+07  3.08475e-01  0.00000e+00
0197  4.43220e+18  1.06106e-22  3.52696e-08  4.87990e+07  3.07981e-01  0.00000e+00
0198  4.44959e+18  1.05113e-22  3.48637e-08  4.88759e+07  3.07490e-01  0.00000e+00
0199  4.46699e+18  1.04135e-22  3.44641e-08  4.89522e+07  3.06999e-01  0.00000e+00
0200  4.48438e+18  1.03170e-22  3.40707e-08  4.90279e+07  3.06509e-01  0.00000e+00
0201  4.50177e+18  1.02219e-22  3.36833e-08  4.91031e+07  3.06021e-01  0.00000e+00
0202  4.51916e+18  1.01280e-22  3.33019e-08  4.91776e+07  3.05534e-01  0.00000e+00
0203  4.53655e+18  1.00355e-22  3.29264e-08  4.92516e+07  3.05048e-01  0.00000e+00
0204  4.55395e+18  9.94428e-23  3.25565e-08  4.93250e+07  3.04563e-01  0.00000e+00
0205  4.57134e+18  9.85429e-23  3.21923e-08  4.93979e+07  3.04079e-01  0.00000e+00
0206  4.58873e+18  9.76553e-23  3.18336e-08  4.94702e+07  3.03597e-01  0.00000e+00
0207  4.60612e+18  9.67797e-23  3.14803e-08  4.95419e+07  3.03116e-01  0.00000e+00
0208  4.62352e+18  9.59159e-23  3.11323e-08  4.96132e+07  3.02636e-01  0.00000e+00
0209  4.64091e+18  9.50638e-23  3.07895e-08  4.96838e+07  3.02157e-01  0.00000e+00
0210  4.65830e+18  9.42230e-23  3.04519e-08  4.97540e+07  3.01680e-01  0.00000e+00
0211  4.67569e+18  9.33935e-23  3.01192e-08  4.98236e+07  3.01204e-01  0.00000e+00
0212  4.69309e+18  9.25749e-23  2.97914e-08  4.98928e+07  3.00729e-01  0.00000e+00
0213  4.71048e+18  9.17672e-23  2.94684e-08  4.99614e+07  3.00256e-01  0.00000e+00
0214  4.72787e+18  9.09701e-23  2.91502e-08  5.00295e+07  2.99783e-01  0.00000e+00
0215  4.74526e+18  9.01834e-23  2.88366e-08  5.00971e+07  2.99312e-01  0.00000e+00
0216  4.76266e+18  8.94069e-23  2.85276e-08  5.01642e+07  2.98842e-01  0.00000e+00
0217  4.78005e+18  8.86405e-23  2.82230e-08  5.02309e+07  2.98374e-01  0.00000e+00
0218  4.79744e+18  8.78840e-23  2.79229e-08  5.02970e+07  2.97907e-01  0.00000e+00
0219  4.81483e+18  8.71373e-23  2.76270e-08  5.03627e+07  2.97441e-01  0.00000e+00
0220  4.83223e+18  8.64001e-23  2.73354e-08  5.04279e+07  2.96976e-01  0.00000e+00
0221  4.84962e+18  8.56722e-23  2.70480e-08  5.04927e+07  2.96513e-01  0.00000e+00
0222  4.86701e+18  8.49537e-23  2.67646e-08  5.05570e+07  2.96051e-01  0.00000e+00
0223  4.88440e+18  8.42442e-23  2.64853e-08  5.06208e+07  2.95590e-01  0.00000e+00
0224  4.90180e+18  8.35436e-23  2.62098e-08  5.06842e+07  2.95130e-01  0.00000e+00
0225  4.91919e+18  8.28518e-23  2.59383e-08  5.07472e+07  2.94672e-01  0.00000e+00
0226  4.93658e+18  8.21686e-23  2.56706e-08  5.08097e+07  2.94215e-01  0.00000e+00
0227  4.95397e+18  8.14939e-23  2.54066e-08  5.08718e+07  2.93759e-01  0.00000e+00
0228  4.97137e+18  8.08276e-23  2.51462e-08  5.09335e+07  2.93305e-01  0.00000e+00
0229  4.98876e+18  8.01695e-23  2.48895e-08  5.09947e+07  2.92852e-01  0.00000e+00
0230  5.00615e+18  7.95194e-23  2.46363e-08  5.10556e+07  2.92400e-01  0.00000e+00
0231  5.02354e+18  7.88772e-23  2.43866e-08  5.11160e+07  2.91950e-01  0.00000e+00
0232  5.04094e+18  7.82429e-23  2.41403e-08  5.11760e+07  2.91500e-01  0.00000e+00
0233  5.05833e+18  7.76161e-23  2.38973e-08  5.12355e+07  2.91052e-01  0.00000e+00
0234  5.07572e+18  7.69970e-23  2.36577e-08  5.12947e+07  2.90606e-01  0.00000e+00
0235  5.09311e+18  7.63852e-23  2.34213e-08  5.13535e+07  2.90160e-01  0.00000e+00
0236  5.11051e+18  7.57807e-23  2.31880e-08  5.14119e+07  2.89716e-01  0.00000e+00
0237  5.12790e+18  7.51834e-23  2.29579e-08  5.14698e+07  2.89273e-01  0.00000e+00
0238  5.14529e+18  7.45931e-23  2.27308e-08  5.15274e+07  2.88832e-01  0.00000e+00
0239  5.16268e+18  7.40098e-23  2.25068e-08  5.15846e+07  2.88392e-01  0.00000e+00
0240  5.18008e+18  7.34333e-23  2.22858e-08  5.16414e+07  2.87953e-01  0.00000e+00
0241  5.19747e+18  7.28636e-23  2.20676e-08  5.16979e+07  2.87515e-01  0.00000e+00
0242  5.21486e+18  7.23005e-23  2.18524e-08  5.17540e+07  2.87079e-01  0.00000e+00
0243  5.23225e+18  7.17440e-23  2.16400e-08  5.18097e+07  2.86644e-01  0.00000e+00
0244  5.24965e+18  7.11939e-23  2.14304e-08  5.18651e+07  2.86210e-01  0.00000e+00
0245  5.26704e+18  7.06502e-23  2.12235e-08  5.19201e+07  2.85777e-01  0.00000e+00
0246  5.28443e+18  7.01127e-23  2.10193e-08  5.19747e+07  2.85346e-01  0.00000e+00
0247  5.30182e+18  6.95814e-23  2.08178e-08  5.20290e+07  2.84916e-01  0.00000e+00
0248  5.31922e+18  6.90562e-23  2.06189e-08  5.20829e+07  2.84487e-01  0.00000e+00
0249  5.33661e+18  6.85369e-23  2.04225e-08  5.21365e+07  2.84059e-01  0.00000e+00
0250  5.35400e+18  6.80235e-23  2.02286e-08  5.21898e+07  2.83633e-01  0.00000e+00
0251  5.37139e+18  6.75159e-23  2.00373e-08  5.22427e+07  2.83208e-01  0.00000e+00
0252  5.38879e+18  6.70139e-23  1.98484e-08  5.22953e+07  2.82784e-01  0.00000e+00
0253  5.40618e+18  6.65176e-23  1.96618e-08  5.23476e+07  2.82362e-01  0.00000e+00
0254  5.42357e+18  6.60267e-23  1.94777e-08  5.23995e+07  2.81941e-01  0.00000e+00
0255  5.44096e+18  6.55413e-23  1.92958e-08  5.24511e+07  2.81521e-01  0.00000e+00
0256  5.45836e+18  6.50613e-23  1.91163e-08  5.25024e+07  2.81102e-01  0.00000e+00
0257  5.47575e+18  6.45865e-23  1.89390e-08  5.25533e+07  2.80684e-01  0.00000e+00
0258  5.49314e+18  6.41170e-23  1.87639e-08  5.26040e+07  2.80268e-01  0.00000e+00
0259  5.51053e+18  6.36525e-23  1.85910e-08  5.26543e+07  2.79853e-01  0.00000e+00
0260  5.52793e+18  6.31932e-23  1.84203e-08  5.27043e+07  2.79439e-01  0.00000e+00
0261  5.54532e+18  6.27388e-23  1.82516e-08  5.27540e+07  2.79026e-01  0.00000e+00
0262  5.56271e+18  6.22893e-23  1.80851e-08  5.28035e+07  2.78615e-01  0.00000e+00
0263  5.58010e+18  6.18446e-23  1.79205e-08  5.28526e+07  2.78205e-01  0.00000e+00
0264  5.59750e+18  6.14047e-23  1.77580e-08  5.29014e+07  2.77796e-01  0.00000e+00
0265  5.61489e+18  6.09695e-23  1.75975e-08  5.29499e+07  2.77388e-01  0.00000e+00
0266  5.63228e+18  6.05390e-23  1.74390e-08  5.29981e+07  2.76982e-01  0.00000e+00
0267  5.64967e+18  6.01130e-23  1.72824e-08  5.30461e+07  2.76577e-01  0.00000e+00
0268  5.66707e+18  5.96915e-23  1.71276e-08  5.30937e+07  2.76173e-01  0.00000e+00
0269  5.68446e+18  5.92744e-23  1.69747e-08  5.31411e+07  2.75770e-01  0.00000e+00
0270  5.70185e+18  5.88617e-23  1.68237e-08  5.31882e+07  2.75368e-01  0.00000e+00
0271  5.71924e+18  5.84534e-23  1.66745e-08  5.32350e+07  2.74968e-01  0.00000e+00
0272  5.73664e+18  5.80492e-23  1.65271e-08  5.32815e+07  2.74568e-01  0.00000e+00
0273  5.75403e+18  5.76493e-23  1.63814e-08  5.33278e+07  2.74170e-01  0.00000e+00
0274  5.77142e+18  5.72535e-23  1.62374e-08  5.33737e+07  2.73773e-01  0.00000e+00
0275  5.78881e+18  5.68618e-23  1.60952e-08  5.34194e+07  2.73378e-01  0.00000e+00
0276  5.80620e+18  5.64741e-23  1.59546e-08  5.34649e+07  2.72983e-01  0.00000e+00
0277  5.82360e+18  5.60904e-23  1.58157e-08  5.35101e+07  2.72590e-01  0.00000e+00
0278  5.84099e+18  5.57106e-23  1.56784e-08  5.35550e+07  2.72198e-01  0.00000e+00
0279  5.85838e+18  5.53346e-23  1.55427e-08  5.35997e+07  2.71807e-01  0.00000e+00
0280  5.87577e+18  5.49625e-23  1.54086e-08  5.36441e+07  2.71417e-01  0.00000e+00
0281  5.89317e+18  5.45941e-23  1.52761e-08  5.36882e+07  2.71028e-01  0.00000e+00
0282  5.91056e+18  5.42294e-23  1.51451e-08  5.37321e+07  2.70641e-01  0.00000e+00
0283  5.92795e+18  5.38684e-23  1.50156e-08  5.37758e+07  2.70254e-01  0.00000e+00
0284  5.94534e+18  5.35110e-23  1.48876e-08  5.38192e+07  2.69869e-01  0.00000e+00
0285  5.96274e+18  5.31571e-23  1.47611e-08  5.38623e+07  2.69485e-01  0.00000e+00
0286  5.98013e+18  5.28067e-23  1.46360e-08  5.39052e+07  2.69102e-01  0.00000e+00
0287  5.99752e+18  5.24599e-23  1.45123e-08  5.39479e+07  2.68721e-01  0.00000e+00
0288  6.01491e+18  5.21164e-23  1.43901e-08  5.39903e+07  2.68340e-01  0.00000e+00
0289  6.03231e+18  5.17763e-23  1.42692e-08  5.40325e+07  2.67960e-01  0.00000e+00
0290  6.04970e+18  5.14395e-23  1.41497e-08  5.40745e+07  2.67582e-01  0.00000e+00
0291  6.06709e+18  5.11060e-23  1.40316e-08  5.41162e+07  2.67205e-01  0.00000e+00
0292  6.08448e+18  5.07758e-23  1.39148e-08  5.41577e+07  2.66829e-01  0.00000e+00
0293  6.10188e+18  5.04487e-23  1.37992e-08  5.41989e+07  2.66454e-01  0.00000e+00
0294  6.11927e+18  5.01249e-23  1.36850e-08  5.42400e+07  2.66080e-01  0.00000e+00
0295  6.13666e+18  4.98041e-23  1.35721e-08  5.42808e+07  2.65707e-01  0.00000e+00
0296  6.15405e+18  4.94864e-23  1.34604e-08  5.43214e+07  2.65336e-01  0.00000e+00
0297  6.17145e+18  4.91718e-23  1.33499e-08  5.43617e+07  2.64965e-01  0.00000e+00
0298  6.18884e+18  4.88601e-23  1.32407e-08  5.44019e+07  2.64596e-01  0.00000e+00
0299  6.20623e+18  4.85515e-23  1.31327e-08  5.44418e+07  2.64227e-01  0.00000e+00
0300  6.22362e+18  4.82457e-23  1.30258e-08  5.44815e+07  2.63860e-01  0.00000e+00
0301  6.24102e+18  4.79429e-23  1.29202e-08  5.45210e+07  2.63494e-01  0.00000e+00
0302  6.25841e+18  4.76428e-23  1.28157e-08  5.45603e+07  2.63129e-01  0.00000e+00
0303  6.27580e+18  4.73457e-23  1.27123e-08  5.45994e+07  2.62765e-01  0.00000e+00
0304  6.29319e+18  4.70512e-23  1.26100e-08  5.46383e+07  2.62402e-01  0.00000e+00
0305  6.31059e+18  4.67596e-23  1.25089e-08  5.46769e+07  2.62040e-01  0.00000e+00
0306  6.32798e+18  4.64706e-23  1.24088e-08  5.47154e+07  2.61679e-01  0.00000e+00
0307  6.34537e+18  4.61843e-23  1.23099e-08  5.47536e+07  2.61320e-01  0.00000e+00
0308  6.36276e+18  4.59007e-23  1.22120e-08  5.47917e+07  2.60961e-01  0.00000e+00
0309  6.38016e+18  4.56196e-23  1.21151e-08  5.48295e+07  2.60604e-01  0.00000e+00
0310  6.39755e+18  4.53412e-23  1.20193e-08  5.48672e+07  2.60247e-01  0.00000e+00
0311  6.41494e+18  4.50653e-23  1.19244e-08  5.49046e+07  2.59892e-01  0.00000e+00
0312  6.43233e+18  4.47919e-23  1.18306e-08  5.49419e+07  2.59537e-01  0.00000e+00
0313  6.44973e+18  4.45209e-23  1.17378e-08  5.49789e+07  2.59184e-01  0.00000e+00
0314  6.46712e+18  4.42525e-23  1.16460e-08  5.50158e+07  2.58832e-01  0.00000e+00
0315  6.48451e+18  4.39864e-23  1.15551e-08  5.50525e+07  2.58481e-01  0.00000e+00
0316  6.50190e+18  4.37228e-23  1.14652e-08  5.50889e+07  2.58131e-01  0.00000e+00
0317  6.51930e+18  4.34615e-23  1.13762e-08  5.51252e+07  2.57781e-01  0.00000e+00
0318  6.53669e+18  4.32026e-23  1.12882e-08  5.51614e+07  2.57433e-01  0.00000e+00
0319  6.55408e+18  4.29460e-23  1.12011e-08  5.51973e+07  2.57086e-01  0.00000e+00
0320  6.57147e+18  4.26917e-23  1.11148e-08  5.52330e+07  2.56740e-01  0.00000e+00
0321  6.58887e+18  4.24396e-23  1.10295e-08  5.52686e+07  2.56395e-01  0.00000e+00
0322  6.60626e+18  4.21897e-23  1.09451e-08  5.53040e+07  2.56051e-01  0.00000e+00
0323  6.62365e+18  4.19421e-23  1.08615e-08  5.53392e+07  2.55708e-01  0.00000e+00
0324  6.64104e+18  4.16966e-23  1.07788e-08  5.53742e+07  2.55366e-01  0.00000e+00
0325  6.65844e+18  4.14533e-23  1.06969e-08  5.54090e+07  2.55025e-01  0.00000e+00
0326  6.67583e+18  4.12121e-23  1.06159e-08  5.54437e+07  2.54685e-01  0.00000e+00
0327  6.69322e+18  4.09731e-23  1.05357e-08  5.54782e+07  2.54346e-01  0.00000e+00
0328  6.71061e+18  4.07361e-23  1.04563e-08  5.55125e+07  2.54008e-01  0.00000e+00
0329  6.72801e+18  4.05011e-23  1.03777e-08  5.55467e+07  2.53671e-01  0.00000e+00
0330  6.74540e+18  4.02682e-23  1.02999e-08  5.55807e+07  2.53335e-01  0.00000e+00
0331  6.76279e+18  4.00373e-23  1.02229e-08  5.56145e+07  2.53000e-01  0.00000e+00
0332  6.78018e+18  3.98084e-23  1.01467e-08  5.56481e+07  2.52666e-01  0.00000e+00
0333  6.79758e+18  3.95814e-23  1.00712e-08  5.56816e+07  2.52332e-01  0.00000e+00
0334  6.81497e+18  3.93564e-23  9.99652e-09  5.57149e+07  2.52000e-01  0.00000e+00
0335  6.83236e+18  3.91333e-23  9.92256e-09  5.57481e+07  2.51669e-01  0.00000e+00
0336  6.84975e+18  3.89121e-23  9.84933e-09  5.57811e+07  2.51339e-01  0.00000e+00
0337  6.86715e+18  3.86927e-23  9.77683e-09  5.58139e+07  2.51009e-01  0.00000e+00
0338  6.88454e+18  3.84752e-23  9.70505e-09  5.58466e+07  2.50681e-01  0.00000e+00
0339  6.90193e+18  3.82596e-23  9.63397e-09  5.58791e+07  2.50354e-01  0.00000e+00
0340  6.91932e+18  3.80457e-23  9.56360e-09  5.59115e+07  2.50027e-01  0.00000e+00
0341  6.93672e+18  3.78337e-23  9.49391e-09  5.59437e+07  2.49701e-01  0.00000e+00
0342  6.95411e+18  3.76234e-23  9.42491e-09  5.59757e+07  2.49377e-01  0.00000e+00
0343  6.97150e+18  3.74149e-23  9.35659e-09  5.60076e+07  2.49053e-01  0.00000e+00
0344  6.98889e+18  3.72081e-23  9.28893e-09  5.60394e+07  2.48730e-01  0.00000e+00
0345  7.00629e+18  3.70030e-23  9.22193e-09  5.60710e+07  2.48408e-01  0.00000e+00
0346  7.02368e+18  3.67996e-23  9.15558e-09  5.61024e+07  2.48088e-01  0.00000e+00
0347  7.04107e+18  3.65979e-23  9.08987e-09  5.61337e+07  2.47767e-01  0.00000e+00
0348  7.05846e+18  3.63978e-23  9.02479e-09  5.61648e+07  2.47448e-01  0.00000e+00
0349  7.07586e+18  3.61994e-23  8.96035e-09  5.61958e+07  2.47130e-01  0.00000e+00
0350  7.09325e+18  3.60026e-23  8.89652e-09  5.62267e+07  2.46813e-01  0.00000e+00
0351  7.11064e+18  3.58074e-23  8.83330e-09  5.62574e+07  2.46497e-01  0.00000e+00
0352  7.12803e+18  3.56138e-23  8.77069e-09  5.62880e+07  2.46181e-01  0.00000e+00
0353  7.14543e+18  3.54217e-23  8.70867e-09  5.63184e+07  2.45866e-01  0.00000e+00
0354  7.16282e+18  3.52312e-23  8.64724e-09  5.63486e+07  2.45553e-01  0.00000e+00
0355  7.18021e+18  3.50422e-23  8.58640e-09  5.63788e+07  2.45240e-01  0.00000e+00
0356  7.19760e+18  3.48548e-23  8.52613e-09  5.64088e+07  2.44928e-01  0.00000e+00
0357  7.21500e+18  3.46688e-23  8.46643e-09  5.64386e+07  2.44617e-01  0.00000e+00
0358  7.23239e+18  3.44844e-23  8.40729e-09  5.64684e+07  2.44307e-01  0.00000e+00
0359  7.24978e+18  3.43014e-23  8.34871e-09  5.64980e+07  2.43998e-01  0.00000e+00
0360  7.26717e+18  3.41199e-23  8.29068e-09  5.65274e+07  2.43689e-01  0.00000e+00
0361  7.28457e+18  3.39398e-23  8.23319e-09  5.65567e+07  2.43382e-01  0.00000e+00
0362  7.30196e+18  3.37611e-23  8.17624e-09  5.65859e+07  2.43075e-01  0.00000e+00
0363  7.31935e+18  3.35838e-23  8.11981e-09  5.66149e+07  2.42769e-01  0.00000e+00
0364  7.33674e+18  3.34080e-23  8.06391e-09  5.66439e+07  2.42464e-01  0.00000e+00
0365  7.35414e+18  3.32335e-23  8.00853e-09  5.66726e+07  2.42160e-01  0.00000e+00
0366  7.37153e+18  3.30603e-23  7.95366e-09  5.67013e+07  2.41857e-01  0.00000e+00
0367  7.38892e+18  3.28886e-23  7.89929e-09  5.67298e+07  2.41554e-01  0.00000e+00
0368  7.40631e+18  3.27181e-23  7.84543e-09  5.67582e+07  2.41253e-01  0.00000e+00
0369  7.42371e+18  3.25490e-23  7.79205e-09  5.67865e+07  2.40952e-01  0.00000e+00
0370  7.44110e+18  3.23812e-23  7.73917e-09  5.68146e+07  2.40652e-01  0.00000e+00
0371  7.45849e+18  3.22147e-23  7.68677e-09  5.68427e+07  2.40353e-01  0.00000e+00
0372  7.47588e+18  3.20494e-23  7.63484e-09  5.68705e+07  2.40055e-01  0.00000e+00
0373  7.49328e+18  3.18855e-23  7.58339e-09  5.68983e+07  2.39758e-01  0.00000e+00
0374  7.51067e+18  3.17228e-23  7.53241e-09  5.69260e+07  2.39461e-01  0.00000e+00
0375  7.52806e+18  3.15613e-23  7.48188e-09  5.69535e+07  2.39166e-01  0.00000e+00
0376  7.54545e+18  3.14010e-23  7.43181e-09  5.69809e+07  2.38871e-01  0.00000e+00
0377  7.56285e+18  3.12420e-23  7.38219e-09  5.70082e+07  2.38577e-01  0.00000e+00
0378  7.58024e+18  3.10842e-23  7.33302e-09  5.70353e+07  2.38284e-01  0.00000e+00
0379  7.59763e+18  3.09276e-23  7.28429e-09  5.70624e+07  2.37991e-01  0.00000e+00
0380  7.61502e+18  3.07722e-23  7.23599e-09  5.70893e+07  2.37700e-01  0.00000e+00
0381  7.63242e+18  3.06179e-23  7.18812e-09  5.71161e+07  2.37409e-01  0.00000e+00
0382  7.64981e+18  3.04648e-23  7.14068e-09  5.71428e+07  2.37119e-01  0.00000e+00
0383  7.66720e+18  3.03128e-23  7.09366e-09  5.71694e+07  2.36829e-01  0.00000e+00
0384  7.68459e+18  3.01620e-23  7.04706e-09  5.71958e+07  2.36541e-01  0.00000e+00
0385  7.70199e+18  3.00123e-23  7.00086e-09  5.72222e+07  2.36253e-01  0.00000e+00
0386  7.71938e+18  2.98637e-23  6.95508e-09  5.72484e+07  2.35966e-01  0.00000e+00
0387  7.73677e+18  2.97163e-23  6.90970e-09  5.72745e+07  2.35680e-01  0.00000e+00
0388  7.75416e+18  2.95699e-23  6.86471e-09  5.73006e+07  2.35394e-01  0.00000e+00
0389  7.77156e+18  2.94246e-23  6.82012e-09  5.73265e+07  2.35109e-01  0.00000e+00
0390  7.78895e+18  2.92804e-23  6.77592e-09  5.73522e+07  2.34825e-01  0.00000e+00
0391  7.80634e+18  2.91372e-23  6.73210e-09  5.73779e+07  2.34541e-01  0.00000e+00
0392  7.82373e+18  2.89951e-23  6.68867e-09  5.74035e+07  2.34258e-01  0.00000e+00
0393  7.84113e+18  2.88541e-23  6.64561e-09  5.74289e+07  2.33976e-01  0.00000e+00
0394  7.85852e+18  2.87140e-23  6.60292e-09  5.74543e+07  2.33695e-01  0.00000e+00
0395  7.87591e+18  2.85750e-23  6.56061e-09  5.74796e+07  2.33414e-01  0.00000e+00
0396  7.89330e+18  2.84370e-23  6.51865e-09  5.75047e+07  2.33134e-01  0.00000e+00
0397  7.91070e+18  2.83001e-23  6.47706e-09  5.75297e+07  2.32855e-01  0.00000e+00
0398  7.92809e+18  2.81641e-23  6.43582e-09  5.75547e+07  2.32576e-01  0.00000e+00
0399  7.94548e+18  2.80290e-23  6.39494e-09  5.75795e+07  2.32298e-01  0.00000e+00
0400  7.96287e+18  2.78950e-23  6.35441e-09  5.76042e+07  2.32021e-01  0.00000e+00
0401  7.98027e+18  2.77619e-23  6.31422e-09  5.76288e+07  2.31745e-01  0.00000e+00
0402  7.99766e+18  2.76297e-23  6.27437e-09  5.76534e+07  2.31469e-01  0.00000e+00
0403  8.01505e+18  2.74985e-23  6.23486e-09  5.76778e+07  2.31195e-01  0.00000e+00
0404  8.03244e+18  2.73682e-23  6.19569e-09  5.77021e+07  2.30921e-01  0.00000e+00
0405  8.04984e+18  2.72389e-23  6.15684e-09  5.77263e+07  2.30648e-01  0.00000e+00
0406  8.06723e+18  2.71104e-23  6.11833e-09  5.77504e+07  2.30375e-01  0.00000e+00
0407  8.08462e+18  2.69829e-23  6.08013e-09  5.77744e+07  2.30104e-01  0.00000e+00
0408  8.10201e+18  2.68562e-23  6.04226e-09  5.77984e+07  2.29833e-01  0.00000e+00
0409  8.11940e+18  2.67304e-23  6.00471e-09  5.78222e+07  2.29563e-01  0.00000e+00
0410  8.13680e+18  2.66055e-23  5.96747e-09  5.78459e+07  2.29294e-01  0.00000e+00
0411  8.15419e+18  2.64814e-23  5.93053e-09  5.78695e+07  2.29026e-01  0.00000e+00
0412  8.17158e+18  2.63582e-23  5.89391e-09  5.78931e+07  2.28759e-01  0.00000e+00
0413  8.18897e+18  2.62359e-23  5.85759e-09  5.79165e+07  2.28492e-01  0.00000e+00
0414  8.20637e+18  2.61144e-23  5.82157e-09  5.79399e+07  2.28227e-01  0.00000e+00
0415  8.22376e+18  2.59937e-23  5.78585e-09  5.79631e+07  2.27962e-01  0.00000e+00
0416  8.24115e+18  2.58739e-23  5.75043e-09  5.79863e+07  2.27697e-01  0.00000e+00
0417  8.25854e+18  2.57548e-23  5.71529e-09  5.80093e+07  2.27434e-01  0.00000e+00
0418  8.27594e+18  2.56366e-23  5.68044e-09  5.80323e+07  2.27171e-01  0.00000e+00
0419  8.29333e+18  2.55193e-23  5.64588e-09  5.80552e+07  2.26909e-01  0.00000e+00
0420  8.31072e+18  2.54027e-23  5.61161e-09  5.80780e+07  2.26647e-01  0.00000e+00
0421  8.32811e+18  2.52869e-23  5.57761e-09  5.81007e+07  2.26386e-01  0.00000e+00
0422  8.34551e+18  2.51719e-23  5.54389e-09  5.81233e+07  2.26126e-01  0.00000e+00
0423  8.36290e+18  2.50577e-23  5.51044e-09  5.81458e+07  2.25866e-01  0.00000e+00
0424  8.38029e+18  2.49443e-23  5.47726e-09  5.81682e+07  2.25607e-01  0.00000e+00
0425  8.39768e+18  2.48316e-23  5.44436e-09  5.81906e+07  2.25349e-01  0.00000e+00
0426  8.41508e+18  2.47198e-23  5.41172e-09  5.82128e+07  2.25092e-01  0.00000e+00
0427  8.43247e+18  2.46086e-23  5.37934e-09  5.82350e+07  2.24835e-01  0.00000e+00
0428  8.44986e+18  2.44982e-23  5.34722e-09  5.82571e+07  2.24578e-01  0.00000e+00
0429  8.46725e+18  2.43886e-23  5.31536e-09  5.82791e+07  2.24322e-01  0.00000e+00
0430  8.48465e+18  2.42797e-23  5.28375e-09  5.83010e+07  2.24067e-01  0.00000e+00
0431  8.50204e+18  2.41715e-23  5.25240e-09  5.83228e+07  2.23813e-01  0.00000e+00
0432  8.51943e+18  2.40641e-23  5.22130e-09  5.83445e+07  2.23559e-01  0.00000e+00
0433  8.53682e+18  2.39573e-23  5.19044e-09  5.83662e+07  2.23306e-01  0.00000e+00
0434  8.55422e+18  2.38513e-23  5.15983e-09  5.83878e+07  2.23054e-01  0.00000e+00
0435  8.57161e+18  2.37460e-23  5.12947e-09  5.84092e+07  2.22802e-01  0.00000e+00
0436  8.58900e+18  2.36413e-23  5.09934e-09  5.84306e+07  2.22551e-01  0.00000e+00
0437  8.60639e+18  2.35374e-23  5.06945e-09  5.84520e+07  2.22300e-01  0.00000e+00
0438  8.62379e+18  2.34341e-23  5.03980e-09  5.84732e+07  2.22050e-01  0.00000e+00
0439  8.64118e+18  2.33315e-23  5.01038e-09  5.84944e+07  2.21801e-01  0.00000e+00
0440  8.65857e+18  2.32296e-23  4.98119e-09  5.85154e+07  2.21553e-01  0.00000e+00
0441  8.67596e+18  2.31284e-23  4.95223e-09  5.85364e+07  2.21305e-01  0.00000e+00
0442  8.69336e+18  2.30278e-23  4.92349e-09  5.85574e+07  2.21058e-01  0.00000e+00
0443  8.71075e+18  2.29278e-23  4.89498e-09  5.85782e+07  2.20811e-01  0.00000e+00
0444  8.72814e+18  2.28286e-23  4.86669e-09  5.85990e+07  2.20565e-01  0.00000e+00
0445  8.74553e+18  2.27299e-23  4.83863e-09  5.86196e+07  2.20320e-01  0.00000e+00
0446  8.76293e+18  2.26319e-23  4.81078e-09  5.86402e+07  2.20075e-01  0.00000e+00
0447  8.78032e+18  2.25345e-23  4.78314e-09  5.86608e+07  2.19831e-01  0.00000e+00
0448  8.79771e+18  2.24378e-23  4.75572e-09  5.86812e+07  2.19587e-01  0.00000e+00
0449  8.81510e+18  2.23417e-23  4.72851e-09  5.87016e+07  2.19344e-01  0.00000e+00
0450  8.83250e+18  2.22461e-23  4.70151e-09  5.87219e+07  2.19102e-01  0.00000e+00
0451  8.84989e+18  2.21512e-23  4.67471e-09  5.87421e+07  2.18860e-01  0.00000e+00
0452  8.86728e+18  2.20570e-23  4.64813e-09  5.87622e+07  2.18619e-01  0.00000e+00
0453  8.88467e+18  2.19633e-23  4.62174e-09  5.87823e+07  2.18379e-01  0.00000e+00
0454  8.90207e+18  2.18702e-23  4.59556e-09  5.88023e+07  2.18139e-01  0.00000e+00
0455  8.91946e+18  2.17777e-23  4.56957e-09  5.88222e+07  2.17900e-01  0.00000e+00
0456  8.93685e+18  2.16857e-23  4.54379e-09  5.88421e+07  2.17661e-01  0.00000e+00
0457  8.95424e+18  2.15944e-23  4.51819e-09  5.88619e+07  2.17423e-01  0.00000e+00
0458  8.97164e+18  2.15036e-23  4.49280e-09  5.88816e+07  2.17186e-01  0.00000e+00
0459  8.98903e+18  2.14134e-23  4.46759e-09  5.89012e+07  2.16949e-01  0.00000e+00
0460  9.00642e+18  2.13238e-23  4.44258e-09  5.89207e+07  2.16712e-01  0.00000e+00
0461  9.02381e+18  2.12347e-23  4.41775e-09  5.89402e+07  2.16477e-01  0.00000e+00
0462  9.04121e+18  2.11462e-23  4.39311e-09  5.89596e+07  2.16242e-01  0.00000e+00
0463  9.05860e+18  2.10582e-23  4.36865e-09  5.89790e+07  2.16007e-01  0.00000e+00
0464  9.07599e+18  2.09708e-23  4.34438e-09  5.89983e+07  2.15773e-01  0.00000e+00
0465  9.09338e+18  2.08840e-23  4.32028e-09  5.90175e+07  2.15540e-01  0.00000e+00
0466  9.11078e+18  2.07976e-23  4.29636e-09  5.90366e+07  2.15307e-01  0.00000e+00
0467  9.12817e+18  2.07118e-23  4.27262e-09  5.90557e+07  2.15075e-01  0.00000e+00
0468  9.14556e+18  2.06265e-23  4.24905e-09  5.90747e+07  2.14843e-01  0.00000e+00
0469  9.16295e+18  2.05418e-23  4.22566e-09  5.90936e+07  2.14612e-01  0.00000e+00
0470  9.18035e+18  2.04576e-23  4.20245e-09  5.91125e+07  2.14382e-01  0.00000e+00
0471  9.19774e+18  2.03738e-23  4.17940e-09  5.91313e+07  2.14152e-01  0.00000e+00
0472  9.21513e+18  2.02906e-23  4.15653e-09  5.91500e+07  2.13923e-01  0.00000e+00
0473  9.23252e+18  2.02080e-23  4.13382e-09  5.91687e+07  2.13694e-01  0.00000e+00
0474  9.24992e+18  2.01258e-23  4.11128e-09  5.91873e+07  2.13466e-01  0.00000e+00
0475  9.26731e+18  2.00441e-23  4.08891e-09  5.92058e+07  2.13238e-01  0.00000e+00
0476  9.28470e+18  1.99629e-23  4.06670e-09  5.92243e+07  2.13011e-01  0.00000e+00
0477  9.30209e+18  1.98822e-23  4.04466e-09  5.92427e+07  2.12784e-01  0.00000e+00
0478  9.31949e+18  1.98020e-23  4.02277e-09  5.92610e+07  2.12558e-01  0.00000e+00
0479  9.33688e+18  1.97222e-23  4.00105e-09  5.92793e+07  2.12333e-01  0.00000e+00
0480  9.35427e+18  1.96430e-23  3.97948e-09  5.92975e+07  2.12108e-01  0.00000e+00
0481  9.37166e+18  1.95642e-23  3.95807e-09  5.93156e+07  2.11884e-01  0.00000e+00
0482  9.38906e+18  1.94859e-23  3.93681e-09  5.93337e+07  2.11660e-01  0.00000e+00
0483  9.40645e+18  1.94081e-23  3.91571e-09  5.93517e+07  2.11436e-01  0.00000e+00
0484  9.42384e+18  1.93307e-23  3.89476e-09  5.93696e+07  2.11214e-01  0.00000e+00
0485  9.44123e+18  1.92538e-23  3.87397e-09  5.93875e+07  2.10992e-01  0.00000e+00
0486  9.45863e+18  1.91774e-23  3.85332e-09  5.94053e+07  2.10770e-01  0.00000e+00
0487  9.47602e+18  1.91014e-23  3.83282e-09  5.94231e+07  2.10549e-01  0.00000e+00
0488  9.49341e+18  1.90258e-23  3.81247e-09  5.94408e+07  2.10328e-01  0.00000e+00
0489  9.51080e+18  1.89507e-23  3.79226e-09  5.94584e+07  2.10108e-01  0.00000e+00
0490  9.52820e+18  1.88761e-23  3.77220e-09  5.94760e+07  2.09889e-01  0.00000e+00
0491  9.54559e+18  1.88019e-23  3.75228e-09  5.94935e+07  2.09670e-01  0.00000e+00
0492  9.56298e+18  1.87281e-23  3.73250e-09  5.95110e+07  2.09451e-01  0.00000e+00
0493  9.58037e+18  1.86547e-23  3.71286e-09  5.95284e+07  2.09233e-01  0.00000e+00
0494  9.59777e+18  1.85818e-23  3.69337e-09  5.95457e+07  2.09016e-01  0.00000e+00
0495  9.61516e+18  1.85093e-23  3.67401e-09  5.95630e+07  2.08799e-01  0.00000e+00
0496  9.63255e+18  1.84373e-23  3.65478e-09  5.95802e+07  2.08583e-01  0.00000e+00
0497  9.64994e+18  1.83656e-23  3.63570e-09  5.95973e+07  2.08367e-01  0.00000e+00
0498  9.66734e+18  1.82944e-23  3.61674e-09  5.96144e+07  2.08152e-01  0.00000e+00
0499  9.68473e+18  1.82236e-23  3.59792e-09  5.96315e+07  2.07937e-01  0.00000e+00
0500  9.70212e+18  1.81532e-23  3.57923e-09  5.96485e+07  2.07722e-01  0.00000e+00
0501  9.71951e+18  1.80831e-23  3.56068e-09  5.96654e+07  2.07509e-01  0.00000e+00
0502  9.73691e+18  1.80136e-23  3.54225e-09  5.96822e+07  2.07295e-01  0.00000e+00
0503  9.75430e+18  1.79444e-23  3.52395e-09  5.96990e+07  2.07083e-01  0.00000e+00
0504  9.77169e+18  1.78755e-23  3.50578e-09  5.97158e+07  2.06870e-01  0.00000e+00
0505  9.78908e+18  1.78071e-23  3.48773e-09  5.97325e+07  2.06659e-01  0.00000e+00
0506  9.80648e+18  1.77391e-23  3.46981e-09  5.97491e+07  2.06447e-01  0.00000e+00
0507  9.82387e+18  1.76715e-23  3.45202e-09  5.97657e+07  2.06237e-01  0.00000e+00
0508  9.84126e+18  1.76043e-23  3.43434e-09  5.97822e+07  2.06026e-01  0.00000e+00
0509  9.85865e+18  1.75374e-23  3.41679e-09  5.97987e+07  2.05816e-01  0.00000e+00
0510  9.87605e+18  1.74709e-23  3.39936e-09  5.98151e+07  2.05607e-01  0.00000e+00
0511  9.89344e+18  1.74048e-23  3.38205e-09  5.98315e+07  2.05398e-01  0.00000e+00
0512  9.91083e+18  1.73391e-23  3.36486e-09  5.98478e+07  2.05190e-01  0.00000e+00
0513  9.92822e+18  1.72737e-23  3.34779e-09  5.98640e+07  2.04982e-01  0.00000e+00
0514  9.94562e+18  1.72087e-23  3.33083e-09  5.98802e+07  2.04775e-01  0.00000e+00
0515  9.96301e+18  1.71441e-23  3.31399e-09  5.98964e+07  2.04568e-01  0.00000e+00
0516  9.98040e+18  1.70798e-23  3.29726e-09  5.99125e+07  2.04362e-01  0.00000e+00
0517  9.99779e+18  1.70159e-23  3.28065e-09  5.99285e+07  2.04156e-01  0.00000e+00
0518  1.00152e+19  1.69524e-23  3.26415e-09  5.99445e+07  2.03950e-01  0.00000e+00
0519  1.00326e+19  1.68892e-23  3.24776e-09  5.99604e+07  2.03745e-01  0.00000e+00
0520  1.00500e+19  1.68264e-23  3.23148e-09  5.99763e+07  2.03541e-01  0.00000e+00
0521  1.00674e+19  1.67639e-23  3.21532e-09  5.99922e+07  2.03337e-01  0.00000e+00
0522  1.00848e+19  1.67017e-23  3.19926e-09  6.00079e+07  2.03134e-01  0.00000e+00
0523  1.01021e+19  1.66399e-23  3.18331e-09  6.00237e+07  2.02931e-01  0.00000e+00
0524  1.01195e+19  1.65785e-23  3.16746e-09  6.00393e+07  2.02728e-01  0.00000e+00
0525  1.01369e+19  1.65174e-23  3.15173e-09  6.00550e+07  2.02526e-01  0.00000e+00
0526  1.01543e+19  1.64566e-23  3.13609e-09  6.00705e+07  2.02324e-01  0.00000e+00
0527  1.01717e+19  1.63961e-23  3.12057e-09  6.00861e+07  2.02123e-01  0.00000e+00
0528  1.01891e+19  1.63360e-23  3.10514e-09  6.01015e+07  2.01922e-01  0.00000e+00
0529  1.02065e+19  1.62762e-23  3.08982e-09  6.01170e+07  2.01722e-01  0.00000e+00
0530  1.02239e+19  1.62168e-23  3.07460e-09  6.01323e+07  2.01522e-01  0.00000e+00
0531  1.02413e+19  1.61576e-23  3.05949e-09  6.01477e+07  2.01323e-01  0.00000e+00
0532  1.02587e+19  1.60988e-23  3.04447e-09  6.01629e+07  2.01124e-01  0.00000e+00
0533  1.02761e+19  1.60403e-23  3.02955e-09  6.01782e+07  2.00926e-01  0.00000e+00
0534  1.02935e+19  1.59822e-23  3.01473e-09  6.01933e+07  2.00728e-01  0.00000e+00
0535  1.03109e+19  1.59243e-23  3.00001e-09  6.02085e+07  2.00530e-01  0.00000e+00
0536  1.03283e+19  1.58667e-23  2.98538e-09  6.02235e+07  2.00333e-01  0.00000e+00
0537  1.03456e+19  1.58095e-23  2.97085e-09  6.02386e+07  2.00137e-01  0.00000e+00
0538  1.03630e+19  1.57526e-23  2.95642e-09  6.02536e+07  1.99941e-01  0.00000e+00
0539  1.03804e+19  1.56960e-23  2.94208e-09  6.02685e+07  1.99745e-01  0.00000e+00
0540  1.03978e+19  1.56396e-23  2.92783e-09  6.02834e+07  1.99550e-01  0.00000e+00
0541  1.04152e+19  1.55836e-23  2.91368e-09  6.02982e+07  1.99355e-01  0.00000e+00
0542  1.04326e+19  1.55279e-23  2.89962e-09  6.03130e+07  1.99161e-01  0.00000e+00
0543  1.04500e+19  1.54725e-23  2.88565e-09  6.03278e+07  1.98967e-01  0.00000e+00
0544  1.04674e+19  1.54174e-23  2.87177e-09  6.03425e+07  1.98773e-01  0.00000e+00
0545  1.04848e+19  1.53625e-23  2.85798e-09  6.03572e+07  1.98580e-01  0.00000e+00
0546  1.05022e+19  1.53080e-23  2.84428e-09  6.03718e+07  1.98387e-01  0.00000e+00
0547  1.05196e+19  1.52538e-23  2.83067e-09  6.03863e+07  1.98195e-01  0.00000e+00
0548  1.05370e+19  1.51998e-23  2.81714e-09  6.04009e+07  1.98003e-01  0.00000e+00
0549  1.05544e+19  1.51461e-23  2.80370e-09  6.04153e+07  1.97812e-01  0.00000e+00
0550  1.05717e+19  1.50927e-23  2.79036e-09  6.04298e+07  1.97621e-01  0.00000e+00
0551  1.05891e+19  1.50396e-23  2.77707e-09  6.04442e+07  1.97431e-01  0.00000e+00
0552  1.06065e+19  1.49870e-23  2.76397e-09  6.04584e+07  1.97242e-01  0.00000e+00
0553  1.06239e+19  1.49332e-23  2.75056e-09  6.04731e+07  1.97047e-01  0.00000e+00
0554  1.06413e+19  1.48859e-23  2.73877e-09  6.04860e+07  1.96876e-01  0.00000e+00
0555  1.06587e+19  1.48040e-23  2.71844e-09  6.05083e+07  1.96579e-01  0.00000e+00
