# Athena++ data at time=2.160000e+12  cycle=162272094  variables=uov 
# i       x1v         user_out_var0          user_out_var1          user_out_var2          user_out_var3          user_out_var4          user_out_var5      
0002  1.07548e+18  4.91743e+00  3.03478e+04  6.99028e-16  0.00000e+00  0.00000e+00  3.39500e-05
0003  1.09287e+18  1.06033e+01  4.05830e+04  5.39495e-17  0.00000e+00  0.00000e+00  3.28781e-05
0004  1.11027e+18  1.62897e+01  5.06647e+04  2.71618e-17  0.00000e+00  0.00000e+00  3.18561e-05
0005  1.12766e+18  2.41792e+01  6.49455e+04  4.15889e-17  0.00000e+00  0.00000e+00  3.08811e-05
0006  1.14505e+18  3.66242e+01  8.95687e+04  6.01519e-17  0.00000e+00  0.00000e+00  2.99501e-05
0007  1.16244e+18  5.36470e+01  1.24158e+05  4.86793e-17  0.00000e+00  0.00000e+00  2.90606e-05
0008  1.17983e+18  6.01084e+01  1.33364e+05  9.37682e-18  0.00000e+00  0.00000e+00  2.82102e-05
0009  1.19723e+18  6.46929e+01  1.39421e+05  1.05401e-17  0.00000e+00  0.00000e+00  2.73965e-05
0010  1.21462e+18  6.91363e+01  1.44989e+05  1.02799e-17  0.00000e+00  0.00000e+00  2.66176e-05
0011  1.23201e+18  7.25955e+01  1.48589e+05  7.31171e-18  0.00000e+00  0.00000e+00  2.58714e-05
0012  1.24940e+18  7.53056e+01  1.50783e+05  5.78757e-18  0.00000e+00  0.00000e+00  2.51561e-05
0013  1.26679e+18  7.79205e+01  1.52924e+05  6.07033e-18  0.00000e+00  0.00000e+00  2.44701e-05
0014  1.28419e+18  8.05120e+01  1.55069e+05  6.09846e-18  0.00000e+00  0.00000e+00  2.38118e-05
0015  1.30158e+18  8.30603e+01  1.57204e+05  5.94185e-18  0.00000e+00  0.00000e+00  2.31797e-05
0016  1.31897e+18  8.55159e+01  1.59236e+05  5.47685e-18  0.00000e+00  0.00000e+00  2.25724e-05
0017  1.33636e+18  8.77339e+01  1.60905e+05  4.67238e-18  0.00000e+00  0.00000e+00  2.19887e-05
0018  1.35375e+18  8.98483e+01  1.62526e+05  4.32227e-18  0.00000e+00  0.00000e+00  2.14273e-05
0019  1.37115e+18  9.18726e+01  1.64105e+05  4.00755e-18  0.00000e+00  0.00000e+00  2.08872e-05
0020  1.38854e+18  9.37996e+01  1.65635e+05  3.80832e-18  0.00000e+00  0.00000e+00  2.03672e-05
0021  1.40593e+18  9.56641e+01  1.67141e+05  3.52090e-18  0.00000e+00  0.00000e+00  1.98665e-05
0022  1.42332e+18  9.70975e+01  1.67935e+05 -2.03721e-16  0.00000e+00  0.00000e+00  1.93839e-05
0023  1.44071e+18  9.85672e+01  1.68867e+05  3.24789e-18  0.00000e+00  0.00000e+00  1.89187e-05
0024  1.45811e+18  1.00348e+02  1.70403e+05  3.64075e-18  0.00000e+00  0.00000e+00  1.84701e-05
0025  1.47550e+18  1.02148e+02  1.72027e+05  3.03665e-18  0.00000e+00  0.00000e+00  1.80373e-05
0026  1.49289e+18  1.03319e+02  1.72631e+05  2.11238e-18  0.00000e+00  0.00000e+00  1.76194e-05
0027  1.51028e+18  1.04613e+02  1.73646e+05  2.65679e-18  0.00000e+00  0.00000e+00  1.72160e-05
0028  1.52767e+18  1.05834e+02  1.74628e+05  2.28381e-18  0.00000e+00  0.00000e+00  1.68262e-05
0029  1.54507e+18  1.06539e+02  1.75196e+05  5.07219e-18  0.00000e+00  0.00000e+00  1.64495e-05
0030  1.56246e+18  2.98326e+02  5.17573e+05  5.77644e-16  0.00000e+00  0.00000e+00  1.60854e-05
0031  1.57985e+18  6.30682e+02  8.90277e+05  2.45084e-16  0.00000e+00  0.00000e+00  1.57331e-05
0032  1.59724e+18  8.37276e+02  1.14071e+06  1.57945e-16  0.00000e+00  0.00000e+00  1.53924e-05
0033  1.61463e+18  9.88129e+02  1.31332e+06  1.31859e-16  0.00000e+00  0.00000e+00  1.50626e-05
0034  1.63203e+18  1.11959e+03  1.45541e+06  1.19827e-16  0.00000e+00  0.00000e+00  1.47432e-05
0035  1.64942e+18  1.24184e+03  1.57905e+06  1.09282e-16  0.00000e+00  0.00000e+00  1.44340e-05
0036  1.66681e+18  1.35946e+03  1.69289e+06  1.02300e-16  0.00000e+00  0.00000e+00  1.41343e-05
0037  1.68420e+18  1.47395e+03  1.79656e+06  9.45062e-17  0.00000e+00  0.00000e+00  1.38439e-05
0038  1.70160e+18  1.58465e+03  1.89200e+06  8.75840e-17  0.00000e+00  0.00000e+00  1.35623e-05
0039  1.71899e+18  1.69163e+03  1.97910e+06  8.06884e-17  0.00000e+00  0.00000e+00  1.32893e-05
0040  1.73638e+18  1.79399e+03  2.05826e+06  7.42136e-17  0.00000e+00  0.00000e+00  1.30244e-05
0041  1.75377e+18  1.89235e+03  2.13101e+06  6.89745e-17  0.00000e+00  0.00000e+00  1.27674e-05
0042  1.77116e+18  1.98771e+03  2.19775e+06  6.42399e-17  0.00000e+00  0.00000e+00  1.25178e-05
0043  1.78856e+18  2.08003e+03  2.25900e+06  5.97793e-17  0.00000e+00  0.00000e+00  1.22756e-05
0044  1.80595e+18  2.16911e+03  2.31514e+06  5.56377e-17  0.00000e+00  0.00000e+00  1.20403e-05
0045  1.82334e+18  2.25519e+03  2.36686e+06  5.20048e-17  0.00000e+00  0.00000e+00  1.18117e-05
0046  1.84073e+18  2.33863e+03  2.41440e+06  4.86318e-17  0.00000e+00  0.00000e+00  1.15895e-05
0047  1.85813e+18  2.41929e+03  2.45818e+06  4.55111e-17  0.00000e+00  0.00000e+00  1.13736e-05
0050  1.87552e+18  2.49716e+03  2.49857e+06  4.26323e-17  0.00000e+00  0.00000e+00  1.11636e-05
0051  1.89291e+18  2.57216e+03  2.53592e+06  3.99819e-17  0.00000e+00  0.00000e+00  1.09594e-05
0052  1.91030e+18  2.64434e+03  2.57056e+06  3.76124e-17  0.00000e+00  0.00000e+00  1.07608e-05
0053  1.92769e+18  2.71435e+03  2.60294e+06  3.56198e-17  0.00000e+00  0.00000e+00  1.05675e-05
0054  1.94509e+18  2.78303e+03  2.63283e+06  3.37393e-17  0.00000e+00  0.00000e+00  1.03793e-05
0055  1.96248e+18  2.85021e+03  2.66050e+06  3.19689e-17  0.00000e+00  0.00000e+00  1.01962e-05
0056  1.97987e+18  2.91591e+03  2.68609e+06  3.03045e-17  0.00000e+00  0.00000e+00  1.00178e-05
0057  1.99726e+18  2.98013e+03  2.70974e+06  2.87414e-17  0.00000e+00  0.00000e+00  9.84411e-06
0058  2.01466e+18  3.04280e+03  2.73160e+06  2.72746e-17  0.00000e+00  0.00000e+00  9.67488e-06
0059  2.03205e+18  3.10387e+03  2.75184e+06  2.58992e-17  0.00000e+00  0.00000e+00  9.50998e-06
0060  2.04944e+18  3.16327e+03  2.77064e+06  2.46253e-17  0.00000e+00  0.00000e+00  9.34925e-06
0061  2.06683e+18  3.22123e+03  2.78808e+06  2.34570e-17  0.00000e+00  0.00000e+00  9.19257e-06
0062  2.08423e+18  3.27809e+03  2.80410e+06  2.23543e-17  0.00000e+00  0.00000e+00  9.03979e-06
0063  2.10162e+18  3.33386e+03  2.81880e+06  2.13138e-17  0.00000e+00  0.00000e+00  8.89079e-06
0064  2.11901e+18  3.38857e+03  2.83225e+06  2.03317e-17  0.00000e+00  0.00000e+00  8.74544e-06
0065  2.13640e+18  3.44223e+03  2.84454e+06  1.94047e-17  0.00000e+00  0.00000e+00  8.60363e-06
0066  2.15379e+18  3.49488e+03  2.85572e+06  1.85294e-17  0.00000e+00  0.00000e+00  8.46523e-06
0067  2.17119e+18  3.54652e+03  2.86586e+06  1.77027e-17  0.00000e+00  0.00000e+00  8.33016e-06
0068  2.18858e+18  3.59717e+03  2.87500e+06  1.69216e-17  0.00000e+00  0.00000e+00  8.19828e-06
0069  2.20597e+18  3.64686e+03  2.88320e+06  1.61834e-17  0.00000e+00  0.00000e+00  8.06952e-06
0070  2.22336e+18  3.69561e+03  2.89051e+06  1.54853e-17  0.00000e+00  0.00000e+00  7.94377e-06
0071  2.24076e+18  3.74340e+03  2.89703e+06  1.48249e-17  0.00000e+00  0.00000e+00  7.82093e-06
0072  2.25815e+18  3.79053e+03  2.90254e+06  1.41805e-17  0.00000e+00  0.00000e+00  7.70092e-06
0073  2.27554e+18  3.83632e+03  2.90769e+06  1.36401e-17  0.00000e+00  0.00000e+00  7.58365e-06
0074  2.29293e+18  3.88083e+03  2.91254e+06  1.31245e-17  0.00000e+00  0.00000e+00  7.46904e-06
0075  2.31033e+18  3.92423e+03  2.91705e+06  1.26325e-17  0.00000e+00  0.00000e+00  7.35701e-06
0076  2.32772e+18  3.96665e+03  2.92117e+06  1.21629e-17  0.00000e+00  0.00000e+00  7.24748e-06
0077  2.34511e+18  4.00818e+03  2.92489e+06  1.17143e-17  0.00000e+00  0.00000e+00  7.14038e-06
0078  2.36250e+18  4.04890e+03  2.92820e+06  1.12858e-17  0.00000e+00  0.00000e+00  7.03563e-06
0079  2.37989e+18  4.08887e+03  2.93110e+06  1.08763e-17  0.00000e+00  0.00000e+00  6.93317e-06
0080  2.39729e+18  4.12816e+03  2.93357e+06  1.04848e-17  0.00000e+00  0.00000e+00  6.83294e-06
0081  2.41468e+18  4.16680e+03  2.93564e+06  1.01105e-17  0.00000e+00  0.00000e+00  6.73486e-06
0082  2.43207e+18  4.20482e+03  2.93731e+06  9.75235e-18  0.00000e+00  0.00000e+00  6.63888e-06
0083  2.44946e+18  4.24226e+03  2.93859e+06  9.40969e-18  0.00000e+00  0.00000e+00  6.54493e-06
0084  2.46686e+18  4.27913e+03  2.93950e+06  9.08173e-18  0.00000e+00  0.00000e+00  6.45297e-06
0085  2.48425e+18  4.31545e+03  2.94005e+06  8.76773e-18  0.00000e+00  0.00000e+00  6.36293e-06
0086  2.50164e+18  4.35123e+03  2.94027e+06  8.46703e-18  0.00000e+00  0.00000e+00  6.27476e-06
0087  2.51903e+18  4.38649e+03  2.94015e+06  8.17897e-18  0.00000e+00  0.00000e+00  6.18842e-06
0088  2.53643e+18  4.42125e+03  2.93973e+06  7.90293e-18  0.00000e+00  0.00000e+00  6.10384e-06
0089  2.55382e+18  4.45552e+03  2.93900e+06  7.63833e-18  0.00000e+00  0.00000e+00  6.02098e-06
0090  2.57121e+18  4.48932e+03  2.93798e+06  7.38463e-18  0.00000e+00  0.00000e+00  5.93980e-06
0091  2.58860e+18  4.52265e+03  2.93669e+06  7.14129e-18  0.00000e+00  0.00000e+00  5.86026e-06
0092  2.60600e+18  4.55552e+03  2.93513e+06  6.90824e-18  0.00000e+00  0.00000e+00  5.78229e-06
0093  2.62339e+18  4.58793e+03  2.93335e+06  6.68892e-18  0.00000e+00  0.00000e+00  5.70588e-06
0094  2.64078e+18  4.61987e+03  2.93137e+06  6.47813e-18  0.00000e+00  0.00000e+00  5.63097e-06
0095  2.65817e+18  4.65135e+03  2.92919e+06  6.27549e-18  0.00000e+00  0.00000e+00  5.55752e-06
0096  2.67557e+18  4.68239e+03  2.92683e+06  6.08063e-18  0.00000e+00  0.00000e+00  5.48550e-06
0097  2.69296e+18  4.71301e+03  2.92429e+06  5.89321e-18  0.00000e+00  0.00000e+00  5.41488e-06
0098  2.71035e+18  4.74320e+03  2.92157e+06  5.71289e-18  0.00000e+00  0.00000e+00  5.34560e-06
0099  2.72774e+18  4.77299e+03  2.91869e+06  5.53936e-18  0.00000e+00  0.00000e+00  5.27765e-06
0100  2.74513e+18  4.80238e+03  2.91564e+06  5.37232e-18  0.00000e+00  0.00000e+00  5.21099e-06
0101  2.76253e+18  4.83139e+03  2.91244e+06  5.21149e-18  0.00000e+00  0.00000e+00  5.14558e-06
0102  2.77992e+18  4.86002e+03  2.90908e+06  5.05660e-18  0.00000e+00  0.00000e+00  5.08140e-06
0103  2.79731e+18  4.88829e+03  2.90558e+06  4.90739e-18  0.00000e+00  0.00000e+00  5.01841e-06
0104  2.81470e+18  4.91620e+03  2.90194e+06  4.76361e-18  0.00000e+00  0.00000e+00  4.95658e-06
0105  2.83210e+18  4.94376e+03  2.89816e+06  4.62504e-18  0.00000e+00  0.00000e+00  4.89589e-06
0106  2.84949e+18  4.97097e+03  2.89426e+06  4.49146e-18  0.00000e+00  0.00000e+00  4.83630e-06
0107  2.86688e+18  4.99785e+03  2.89023e+06  4.36265e-18  0.00000e+00  0.00000e+00  4.77780e-06
0108  2.88427e+18  5.02439e+03  2.88608e+06  4.23841e-18  0.00000e+00  0.00000e+00  4.72035e-06
0109  2.90167e+18  5.05061e+03  2.88181e+06  4.11856e-18  0.00000e+00  0.00000e+00  4.66394e-06
0110  2.91906e+18  5.07650e+03  2.87744e+06  4.00292e-18  0.00000e+00  0.00000e+00  4.60853e-06
0111  2.93645e+18  5.10208e+03  2.87296e+06  3.89129e-18  0.00000e+00  0.00000e+00  4.55409e-06
0112  2.95384e+18  5.12736e+03  2.86839e+06  3.78353e-18  0.00000e+00  0.00000e+00  4.50062e-06
0113  2.97124e+18  5.15234e+03  2.86371e+06  3.67948e-18  0.00000e+00  0.00000e+00  4.44809e-06
0114  2.98863e+18  5.17702e+03  2.85895e+06  3.57897e-18  0.00000e+00  0.00000e+00  4.39647e-06
0115  3.00602e+18  5.20142e+03  2.85410e+06  3.48188e-18  0.00000e+00  0.00000e+00  4.34574e-06
0116  3.02341e+18  5.22553e+03  2.84918e+06  3.38805e-18  0.00000e+00  0.00000e+00  4.29588e-06
0117  3.04081e+18  5.24937e+03  2.84417e+06  3.29736e-18  0.00000e+00  0.00000e+00  4.24688e-06
0118  3.05820e+18  5.27294e+03  2.83909e+06  3.20969e-18  0.00000e+00  0.00000e+00  4.19872e-06
0119  3.07559e+18  5.29624e+03  2.83394e+06  3.12492e-18  0.00000e+00  0.00000e+00  4.15136e-06
0120  3.09298e+18  5.31929e+03  2.82872e+06  3.04292e-18  0.00000e+00  0.00000e+00  4.10481e-06
0121  3.11037e+18  5.34208e+03  2.82345e+06  2.96361e-18  0.00000e+00  0.00000e+00  4.05903e-06
0122  3.12777e+18  5.36461e+03  2.81811e+06  2.88686e-18  0.00000e+00  0.00000e+00  4.01401e-06
0123  3.14516e+18  5.38691e+03  2.81271e+06  2.81258e-18  0.00000e+00  0.00000e+00  3.96974e-06
0124  3.16255e+18  5.40895e+03  2.80726e+06  2.74068e-18  0.00000e+00  0.00000e+00  3.92620e-06
0125  3.17994e+18  5.43076e+03  2.80176e+06  2.67107e-18  0.00000e+00  0.00000e+00  3.88337e-06
0126  3.19734e+18  5.45233e+03  2.79621e+06  2.60366e-18  0.00000e+00  0.00000e+00  3.84123e-06
0127  3.21473e+18  5.47366e+03  2.79062e+06  2.53837e-18  0.00000e+00  0.00000e+00  3.79978e-06
0128  3.23212e+18  5.49478e+03  2.78495e+06  2.47293e-18  0.00000e+00  0.00000e+00  3.75900e-06
0129  3.24951e+18  5.51567e+03  2.77926e+06  2.41441e-18  0.00000e+00  0.00000e+00  3.71887e-06
0130  3.26691e+18  5.53633e+03  2.77356e+06  2.35759e-18  0.00000e+00  0.00000e+00  3.67938e-06
0131  3.28430e+18  5.55673e+03  2.76784e+06  2.30242e-18  0.00000e+00  0.00000e+00  3.64051e-06
0132  3.30169e+18  5.57689e+03  2.76212e+06  2.24884e-18  0.00000e+00  0.00000e+00  3.60226e-06
0133  3.31908e+18  5.59683e+03  2.75639e+06  2.19679e-18  0.00000e+00  0.00000e+00  3.56460e-06
0134  3.33648e+18  5.61654e+03  2.75065e+06  2.14622e-18  0.00000e+00  0.00000e+00  3.52754e-06
0135  3.35387e+18  5.63606e+03  2.74491e+06  2.09708e-18  0.00000e+00  0.00000e+00  3.49104e-06
0136  3.37126e+18  5.65537e+03  2.73916e+06  2.04932e-18  0.00000e+00  0.00000e+00  3.45512e-06
0137  3.38865e+18  5.67449e+03  2.73340e+06  2.00290e-18  0.00000e+00  0.00000e+00  3.41974e-06
0138  3.40605e+18  5.69341e+03  2.72764e+06  1.95778e-18  0.00000e+00  0.00000e+00  3.38491e-06
0139  3.42344e+18  5.71212e+03  2.72187e+06  1.91391e-18  0.00000e+00  0.00000e+00  3.35060e-06
0140  3.44083e+18  5.73064e+03  2.71611e+06  1.87125e-18  0.00000e+00  0.00000e+00  3.31681e-06
0141  3.45822e+18  5.74897e+03  2.71034e+06  1.82976e-18  0.00000e+00  0.00000e+00  3.28353e-06
0142  3.47562e+18  5.76712e+03  2.70457e+06  1.78941e-18  0.00000e+00  0.00000e+00  3.25075e-06
0143  3.49301e+18  5.78509e+03  2.69881e+06  1.75015e-18  0.00000e+00  0.00000e+00  3.21846e-06
0144  3.51040e+18  5.80289e+03  2.69304e+06  1.71195e-18  0.00000e+00  0.00000e+00  3.18665e-06
0145  3.52779e+18  5.82053e+03  2.68727e+06  1.67478e-18  0.00000e+00  0.00000e+00  3.15531e-06
0146  3.54519e+18  5.83800e+03  2.68151e+06  1.63860e-18  0.00000e+00  0.00000e+00  3.12442e-06
0147  3.56258e+18  5.85532e+03  2.67575e+06  1.60339e-18  0.00000e+00  0.00000e+00  3.09399e-06
0148  3.57997e+18  5.87247e+03  2.66999e+06  1.56910e-18  0.00000e+00  0.00000e+00  3.06400e-06
0149  3.59736e+18  5.88948e+03  2.66425e+06  1.53572e-18  0.00000e+00  0.00000e+00  3.03444e-06
0150  3.61476e+18  5.90633e+03  2.65851e+06  1.50322e-18  0.00000e+00  0.00000e+00  3.00531e-06
0151  3.63215e+18  5.92303e+03  2.65278e+06  1.47156e-18  0.00000e+00  0.00000e+00  2.97660e-06
0152  3.64954e+18  5.93960e+03  2.64705e+06  1.44072e-18  0.00000e+00  0.00000e+00  2.94830e-06
0153  3.66693e+18  5.95602e+03  2.64133e+06  1.41068e-18  0.00000e+00  0.00000e+00  2.92040e-06
0154  3.68432e+18  5.97231e+03  2.63562e+06  1.38141e-18  0.00000e+00  0.00000e+00  2.89289e-06
0155  3.70172e+18  5.98846e+03  2.62992e+06  1.35289e-18  0.00000e+00  0.00000e+00  2.86577e-06
0156  3.71911e+18  6.00448e+03  2.62423e+06  1.32509e-18  0.00000e+00  0.00000e+00  2.83903e-06
0157  3.73650e+18  6.02036e+03  2.61854e+06  1.29800e-18  0.00000e+00  0.00000e+00  2.81266e-06
0158  3.75389e+18  6.03612e+03  2.61287e+06  1.27160e-18  0.00000e+00  0.00000e+00  2.78666e-06
0159  3.77129e+18  6.05174e+03  2.60720e+06  1.24585e-18  0.00000e+00  0.00000e+00  2.76101e-06
0160  3.78868e+18  6.06723e+03  2.60155e+06  1.22075e-18  0.00000e+00  0.00000e+00  2.73572e-06
0161  3.80607e+18  6.08260e+03  2.59591e+06  1.19627e-18  0.00000e+00  0.00000e+00  2.71078e-06
0162  3.82346e+18  6.09784e+03  2.59027e+06  1.17240e-18  0.00000e+00  0.00000e+00  2.68617e-06
0163  3.84086e+18  6.11296e+03  2.58465e+06  1.14912e-18  0.00000e+00  0.00000e+00  2.66190e-06
0164  3.85825e+18  6.12794e+03  2.57903e+06  1.12641e-18  0.00000e+00  0.00000e+00  2.63795e-06
0165  3.87564e+18  6.14281e+03  2.57342e+06  1.10425e-18  0.00000e+00  0.00000e+00  2.61433e-06
0166  3.89303e+18  6.15754e+03  2.56783e+06  1.08263e-18  0.00000e+00  0.00000e+00  2.59102e-06
0167  3.91043e+18  6.17215e+03  2.56224e+06  1.06154e-18  0.00000e+00  0.00000e+00  2.56803e-06
0168  3.92782e+18  6.18665e+03  2.55665e+06  1.04096e-18  0.00000e+00  0.00000e+00  2.54533e-06
0169  3.94521e+18  6.20102e+03  2.55108e+06  1.02087e-18  0.00000e+00  0.00000e+00  2.52294e-06
0170  3.96260e+18  6.21528e+03  2.54552e+06  1.00127e-18  0.00000e+00  0.00000e+00  2.50084e-06
0171  3.98000e+18  6.22943e+03  2.53997e+06  9.82123e-19  0.00000e+00  0.00000e+00  2.47903e-06
0172  3.99739e+18  6.24346e+03  2.53442e+06  9.62897e-19  0.00000e+00  0.00000e+00  2.45751e-06
0173  4.01478e+18  6.25739e+03  2.52888e+06  9.44634e-19  0.00000e+00  0.00000e+00  2.43626e-06
0174  4.03217e+18  6.27121e+03  2.52334e+06  9.26800e-19  0.00000e+00  0.00000e+00  2.41529e-06
0175  4.04957e+18  6.28492e+03  2.51782e+06  9.09383e-19  0.00000e+00  0.00000e+00  2.39459e-06
0176  4.06696e+18  6.29851e+03  2.51231e+06  8.92372e-19  0.00000e+00  0.00000e+00  2.37415e-06
0177  4.08435e+18  6.31200e+03  2.50682e+06  8.75756e-19  0.00000e+00  0.00000e+00  2.35397e-06
0178  4.10174e+18  6.32539e+03  2.50133e+06  8.59523e-19  0.00000e+00  0.00000e+00  2.33405e-06
0179  4.11914e+18  6.33867e+03  2.49586e+06  8.43663e-19  0.00000e+00  0.00000e+00  2.31438e-06
0180  4.13653e+18  6.35185e+03  2.49040e+06  8.28166e-19  0.00000e+00  0.00000e+00  2.29496e-06
0181  4.15392e+18  6.36493e+03  2.48495e+06  8.13021e-19  0.00000e+00  0.00000e+00  2.27578e-06
0182  4.17131e+18  6.37791e+03  2.47952e+06  7.98220e-19  0.00000e+00  0.00000e+00  2.25685e-06
0183  4.18871e+18  6.39080e+03  2.47411e+06  7.83752e-19  0.00000e+00  0.00000e+00  2.23814e-06
0184  4.20610e+18  6.40360e+03  2.46870e+06  7.69608e-19  0.00000e+00  0.00000e+00  2.21967e-06
0185  4.22349e+18  6.41630e+03  2.46331e+06  7.55781e-19  0.00000e+00  0.00000e+00  2.20143e-06
0186  4.24088e+18  6.42891e+03  2.45794e+06  7.42262e-19  0.00000e+00  0.00000e+00  2.18341e-06
0187  4.25828e+18  6.44143e+03  2.45258e+06  7.29042e-19  0.00000e+00  0.00000e+00  2.16561e-06
0188  4.27567e+18  6.45386e+03  2.44723e+06  7.16114e-19  0.00000e+00  0.00000e+00  2.14803e-06
0189  4.29306e+18  6.46620e+03  2.44190e+06  7.03470e-19  0.00000e+00  0.00000e+00  2.13066e-06
0190  4.31045e+18  6.47846e+03  2.43659e+06  6.91102e-19  0.00000e+00  0.00000e+00  2.11350e-06
0191  4.32785e+18  6.49063e+03  2.43129e+06  6.79004e-19  0.00000e+00  0.00000e+00  2.09654e-06
0192  4.34524e+18  6.50271e+03  2.42600e+06  6.67169e-19  0.00000e+00  0.00000e+00  2.07979e-06
0193  4.36263e+18  6.51471e+03  2.42073e+06  6.55589e-19  0.00000e+00  0.00000e+00  2.06324e-06
0194  4.38002e+18  6.52663e+03  2.41547e+06  6.44258e-19  0.00000e+00  0.00000e+00  2.04689e-06
0195  4.39742e+18  6.53846e+03  2.41023e+06  6.33170e-19  0.00000e+00  0.00000e+00  2.03073e-06
0196  4.41481e+18  6.55021e+03  2.40500e+06  6.22320e-19  0.00000e+00  0.00000e+00  2.01476e-06
0197  4.43220e+18  6.56187e+03  2.39978e+06  6.11700e-19  0.00000e+00  0.00000e+00  1.99898e-06
0198  4.44959e+18  6.57345e+03  2.39458e+06  6.01305e-19  0.00000e+00  0.00000e+00  1.98339e-06
0199  4.46699e+18  6.58495e+03  2.38940e+06  5.91130e-19  0.00000e+00  0.00000e+00  1.96797e-06
0200  4.48438e+18  6.59636e+03  2.38423e+06  5.81195e-19  0.00000e+00  0.00000e+00  1.95273e-06
0201  4.50177e+18  6.60770e+03  2.37907e+06  5.71535e-19  0.00000e+00  0.00000e+00  1.93768e-06
0202  4.51916e+18  6.61896e+03  2.37394e+06  5.62073e-19  0.00000e+00  0.00000e+00  1.92279e-06
0203  4.53655e+18  6.63015e+03  2.36882e+06  5.52806e-19  0.00000e+00  0.00000e+00  1.90807e-06
0204  4.55395e+18  6.64126e+03  2.36372e+06  5.43727e-19  0.00000e+00  0.00000e+00  1.89353e-06
0205  4.57134e+18  6.65230e+03  2.35863e+06  5.34833e-19  0.00000e+00  0.00000e+00  1.87915e-06
0206  4.58873e+18  6.66327e+03  2.35357e+06  5.26119e-19  0.00000e+00  0.00000e+00  1.86493e-06
0207  4.60612e+18  6.67417e+03  2.34852e+06  5.17581e-19  0.00000e+00  0.00000e+00  1.85087e-06
0208  4.62352e+18  6.68500e+03  2.34349e+06  5.09214e-19  0.00000e+00  0.00000e+00  1.83697e-06
0209  4.64091e+18  6.69575e+03  2.33848e+06  5.01015e-19  0.00000e+00  0.00000e+00  1.82323e-06
0210  4.65830e+18  6.70644e+03  2.33349e+06  4.92979e-19  0.00000e+00  0.00000e+00  1.80964e-06
0211  4.67569e+18  6.71706e+03  2.32852e+06  4.85103e-19  0.00000e+00  0.00000e+00  1.79620e-06
0212  4.69309e+18  6.72761e+03  2.32356e+06  4.77383e-19  0.00000e+00  0.00000e+00  1.78291e-06
0213  4.71048e+18  6.73809e+03  2.31862e+06  4.69815e-19  0.00000e+00  0.00000e+00  1.76977e-06
0214  4.72787e+18  6.74850e+03  2.31370e+06  4.62396e-19  0.00000e+00  0.00000e+00  1.75678e-06
0215  4.74526e+18  6.75885e+03  2.30880e+06  4.55122e-19  0.00000e+00  0.00000e+00  1.74392e-06
0216  4.76266e+18  6.76913e+03  2.30391e+06  4.47990e-19  0.00000e+00  0.00000e+00  1.73121e-06
0217  4.78005e+18  6.77935e+03  2.29904e+06  4.40996e-19  0.00000e+00  0.00000e+00  1.71863e-06
0218  4.79744e+18  6.78951e+03  2.29419e+06  4.34137e-19  0.00000e+00  0.00000e+00  1.70619e-06
0219  4.81483e+18  6.79960e+03  2.28936e+06  4.27411e-19  0.00000e+00  0.00000e+00  1.69389e-06
0220  4.83223e+18  6.80963e+03  2.28454e+06  4.20814e-19  0.00000e+00  0.00000e+00  1.68172e-06
0221  4.84962e+18  6.81959e+03  2.27974e+06  4.14343e-19  0.00000e+00  0.00000e+00  1.66968e-06
0222  4.86701e+18  6.82950e+03  2.27496e+06  4.07996e-19  0.00000e+00  0.00000e+00  1.65776e-06
0223  4.88440e+18  6.83934e+03  2.27020e+06  4.01769e-19  0.00000e+00  0.00000e+00  1.64598e-06
0224  4.90180e+18  6.84912e+03  2.26545e+06  3.95660e-19  0.00000e+00  0.00000e+00  1.63432e-06
0225  4.91919e+18  6.85884e+03  2.26072e+06  3.89666e-19  0.00000e+00  0.00000e+00  1.62278e-06
0226  4.93658e+18  6.86850e+03  2.25601e+06  3.83785e-19  0.00000e+00  0.00000e+00  1.61137e-06
0227  4.95397e+18  6.87811e+03  2.25131e+06  3.78014e-19  0.00000e+00  0.00000e+00  1.60007e-06
0228  4.97137e+18  6.88765e+03  2.24663e+06  3.72350e-19  0.00000e+00  0.00000e+00  1.58890e-06
0229  4.98876e+18  6.89715e+03  2.24197e+06  3.66792e-19  0.00000e+00  0.00000e+00  1.57784e-06
0230  5.00615e+18  6.90658e+03  2.23733e+06  3.61336e-19  0.00000e+00  0.00000e+00  1.56689e-06
0231  5.02354e+18  6.91596e+03  2.23270e+06  3.55982e-19  0.00000e+00  0.00000e+00  1.55606e-06
0232  5.04094e+18  6.92529e+03  2.22809e+06  3.50725e-19  0.00000e+00  0.00000e+00  1.54534e-06
0233  5.05833e+18  6.93456e+03  2.22349e+06  3.45565e-19  0.00000e+00  0.00000e+00  1.53474e-06
0234  5.07572e+18  6.94377e+03  2.21892e+06  3.40499e-19  0.00000e+00  0.00000e+00  1.52424e-06
0235  5.09311e+18  6.95292e+03  2.21436e+06  3.35526e-19  0.00000e+00  0.00000e+00  1.51384e-06
0236  5.11051e+18  6.96203e+03  2.20981e+06  3.30642e-19  0.00000e+00  0.00000e+00  1.50356e-06
0237  5.12790e+18  6.97107e+03  2.20528e+06  3.25847e-19  0.00000e+00  0.00000e+00  1.49337e-06
0238  5.14529e+18  6.98006e+03  2.20077e+06  3.21139e-19  0.00000e+00  0.00000e+00  1.48330e-06
0239  5.16268e+18  6.98900e+03  2.19628e+06  3.16514e-19  0.00000e+00  0.00000e+00  1.47332e-06
0240  5.18008e+18  6.99789e+03  2.19180e+06  3.11973e-19  0.00000e+00  0.00000e+00  1.46344e-06
0241  5.19747e+18  7.00673e+03  2.18733e+06  3.07512e-19  0.00000e+00  0.00000e+00  1.45366e-06
0242  5.21486e+18  7.01551e+03  2.18289e+06  3.03131e-19  0.00000e+00  0.00000e+00  1.44398e-06
0243  5.23225e+18  7.02424e+03  2.17845e+06  2.98827e-19  0.00000e+00  0.00000e+00  1.43440e-06
0244  5.24965e+18  7.03291e+03  2.17404e+06  2.94599e-19  0.00000e+00  0.00000e+00  1.42491e-06
0245  5.26704e+18  7.04154e+03  2.16964e+06  2.90446e-19  0.00000e+00  0.00000e+00  1.41552e-06
0246  5.28443e+18  7.05011e+03  2.16525e+06  2.86366e-19  0.00000e+00  0.00000e+00  1.40621e-06
0247  5.30182e+18  7.05863e+03  2.16088e+06  2.82356e-19  0.00000e+00  0.00000e+00  1.39700e-06
0248  5.31922e+18  7.06709e+03  2.15653e+06  2.78415e-19  0.00000e+00  0.00000e+00  1.38788e-06
0249  5.33661e+18  7.07551e+03  2.15219e+06  2.74543e-19  0.00000e+00  0.00000e+00  1.37885e-06
0250  5.35400e+18  7.08388e+03  2.14787e+06  2.70738e-19  0.00000e+00  0.00000e+00  1.36991e-06
0251  5.37139e+18  7.09220e+03  2.14357e+06  2.66998e-19  0.00000e+00  0.00000e+00  1.36105e-06
0252  5.38879e+18  7.10047e+03  2.13928e+06  2.63322e-19  0.00000e+00  0.00000e+00  1.35228e-06
0253  5.40618e+18  7.10870e+03  2.13501e+06  2.59709e-19  0.00000e+00  0.00000e+00  1.34359e-06
0254  5.42357e+18  7.11689e+03  2.13075e+06  2.56158e-19  0.00000e+00  0.00000e+00  1.33499e-06
0255  5.44096e+18  7.12504e+03  2.12651e+06  2.52667e-19  0.00000e+00  0.00000e+00  1.32647e-06
0256  5.45836e+18  7.13314e+03  2.12229e+06  2.49234e-19  0.00000e+00  0.00000e+00  1.31803e-06
0257  5.47575e+18  7.14121e+03  2.11808e+06  2.45860e-19  0.00000e+00  0.00000e+00  1.30967e-06
0258  5.49314e+18  7.14923e+03  2.11389e+06  2.42542e-19  0.00000e+00  0.00000e+00  1.30139e-06
0259  5.51053e+18  7.15722e+03  2.10971e+06  2.39280e-19  0.00000e+00  0.00000e+00  1.29318e-06
0260  5.52793e+18  7.16517e+03  2.10555e+06  2.36072e-19  0.00000e+00  0.00000e+00  1.28506e-06
0261  5.54532e+18  7.17308e+03  2.10141e+06  2.32917e-19  0.00000e+00  0.00000e+00  1.27701e-06
0262  5.56271e+18  7.18095e+03  2.09728e+06  2.29814e-19  0.00000e+00  0.00000e+00  1.26904e-06
0263  5.58010e+18  7.18878e+03  2.09317e+06  2.26763e-19  0.00000e+00  0.00000e+00  1.26114e-06
0264  5.59750e+18  7.19657e+03  2.08908e+06  2.23762e-19  0.00000e+00  0.00000e+00  1.25331e-06
0265  5.61489e+18  7.20432e+03  2.08499e+06  2.20811e-19  0.00000e+00  0.00000e+00  1.24556e-06
0266  5.63228e+18  7.21203e+03  2.08093e+06  2.17908e-19  0.00000e+00  0.00000e+00  1.23788e-06
0267  5.64967e+18  7.21969e+03  2.07688e+06  2.15052e-19  0.00000e+00  0.00000e+00  1.23027e-06
0268  5.66707e+18  7.22732e+03  2.07284e+06  2.12243e-19  0.00000e+00  0.00000e+00  1.22273e-06
0269  5.68446e+18  7.23490e+03  2.06882e+06  2.09479e-19  0.00000e+00  0.00000e+00  1.21526e-06
0270  5.70185e+18  7.24243e+03  2.06481e+06  2.06761e-19  0.00000e+00  0.00000e+00  1.20786e-06
0271  5.71924e+18  7.24992e+03  2.06082e+06  2.04086e-19  0.00000e+00  0.00000e+00  1.20052e-06
0272  5.73664e+18  7.25737e+03  2.05684e+06  2.01455e-19  0.00000e+00  0.00000e+00  1.19325e-06
0273  5.75403e+18  7.26477e+03  2.05288e+06  1.98865e-19  0.00000e+00  0.00000e+00  1.18605e-06
0274  5.77142e+18  7.27213e+03  2.04894e+06  1.96318e-19  0.00000e+00  0.00000e+00  1.17891e-06
0275  5.78881e+18  7.27945e+03  2.04501e+06  1.93811e-19  0.00000e+00  0.00000e+00  1.17184e-06
0276  5.80620e+18  7.28672e+03  2.04109e+06  1.91344e-19  0.00000e+00  0.00000e+00  1.16483e-06
0277  5.82360e+18  7.29396e+03  2.03720e+06  1.88916e-19  0.00000e+00  0.00000e+00  1.15788e-06
0278  5.84099e+18  7.30116e+03  2.03332e+06  1.86526e-19  0.00000e+00  0.00000e+00  1.15100e-06
0279  5.85838e+18  7.30832e+03  2.02945e+06  1.84174e-19  0.00000e+00  0.00000e+00  1.14417e-06
0280  5.87577e+18  7.31544e+03  2.02560e+06  1.81859e-19  0.00000e+00  0.00000e+00  1.13741e-06
0281  5.89317e+18  7.32253e+03  2.02176e+06  1.79580e-19  0.00000e+00  0.00000e+00  1.13071e-06
0282  5.91056e+18  7.32958e+03  2.01794e+06  1.77336e-19  0.00000e+00  0.00000e+00  1.12406e-06
0283  5.92795e+18  7.33659e+03  2.01413e+06  1.75128e-19  0.00000e+00  0.00000e+00  1.11748e-06
0284  5.94534e+18  7.34357e+03  2.01034e+06  1.72953e-19  0.00000e+00  0.00000e+00  1.11095e-06
0285  5.96274e+18  7.35052e+03  2.00656e+06  1.70812e-19  0.00000e+00  0.00000e+00  1.10448e-06
0286  5.98013e+18  7.35743e+03  2.00280e+06  1.68704e-19  0.00000e+00  0.00000e+00  1.09806e-06
0287  5.99752e+18  7.36430e+03  1.99905e+06  1.66629e-19  0.00000e+00  0.00000e+00  1.09170e-06
0288  6.01491e+18  7.37114e+03  1.99531e+06  1.64585e-19  0.00000e+00  0.00000e+00  1.08540e-06
0289  6.03231e+18  7.37795e+03  1.99159e+06  1.62573e-19  0.00000e+00  0.00000e+00  1.07915e-06
0290  6.04970e+18  7.38472e+03  1.98789e+06  1.60591e-19  0.00000e+00  0.00000e+00  1.07295e-06
0291  6.06709e+18  7.39146e+03  1.98420e+06  1.58639e-19  0.00000e+00  0.00000e+00  1.06681e-06
0292  6.08448e+18  7.39816e+03  1.98052e+06  1.56716e-19  0.00000e+00  0.00000e+00  1.06072e-06
0293  6.10188e+18  7.40484e+03  1.97686e+06  1.54823e-19  0.00000e+00  0.00000e+00  1.05468e-06
0294  6.11927e+18  7.41148e+03  1.97322e+06  1.52958e-19  0.00000e+00  0.00000e+00  1.04869e-06
0295  6.13666e+18  7.41809e+03  1.96958e+06  1.51120e-19  0.00000e+00  0.00000e+00  1.04276e-06
0296  6.15405e+18  7.42467e+03  1.96596e+06  1.49311e-19  0.00000e+00  0.00000e+00  1.03687e-06
0297  6.17145e+18  7.43122e+03  1.96236e+06  1.47528e-19  0.00000e+00  0.00000e+00  1.03104e-06
0298  6.18884e+18  7.43774e+03  1.95877e+06  1.45771e-19  0.00000e+00  0.00000e+00  1.02525e-06
0299  6.20623e+18  7.44423e+03  1.95519e+06  1.44041e-19  0.00000e+00  0.00000e+00  1.01951e-06
0300  6.22362e+18  7.45070e+03  1.95162e+06  1.42336e-19  0.00000e+00  0.00000e+00  1.01382e-06
0301  6.24102e+18  7.45715e+03  1.94807e+06  1.40656e-19  0.00000e+00  0.00000e+00  1.00818e-06
0302  6.25841e+18  7.46357e+03  1.94453e+06  1.39000e-19  0.00000e+00  0.00000e+00  1.00258e-06
0303  6.27580e+18  7.46997e+03  1.94100e+06  1.37369e-19  0.00000e+00  0.00000e+00  9.97032e-07
0304  6.29319e+18  7.47634e+03  1.93749e+06  1.35761e-19  0.00000e+00  0.00000e+00  9.91529e-07
0305  6.31059e+18  7.48270e+03  1.93398e+06  1.34177e-19  0.00000e+00  0.00000e+00  9.86071e-07
0306  6.32798e+18  7.48903e+03  1.93049e+06  1.32615e-19  0.00000e+00  0.00000e+00  9.80658e-07
0307  6.34537e+18  7.49534e+03  1.92701e+06  1.31076e-19  0.00000e+00  0.00000e+00  9.75289e-07
0308  6.36276e+18  7.50163e+03  1.92354e+06  1.29559e-19  0.00000e+00  0.00000e+00  9.69965e-07
0309  6.38016e+18  7.50789e+03  1.92008e+06  1.28064e-19  0.00000e+00  0.00000e+00  9.64684e-07
0310  6.39755e+18  7.51413e+03  1.91663e+06  1.26590e-19  0.00000e+00  0.00000e+00  9.59445e-07
0311  6.41494e+18  7.52035e+03  1.91320e+06  1.25137e-19  0.00000e+00  0.00000e+00  9.54250e-07
0312  6.43233e+18  7.52653e+03  1.90977e+06  1.23705e-19  0.00000e+00  0.00000e+00  9.49097e-07
0313  6.44973e+18  7.53269e+03  1.90636e+06  1.22293e-19  0.00000e+00  0.00000e+00  9.43985e-07
0314  6.46712e+18  7.53881e+03  1.90296e+06  1.20902e-19  0.00000e+00  0.00000e+00  9.38914e-07
0315  6.48451e+18  7.54489e+03  1.89957e+06  1.19530e-19  0.00000e+00  0.00000e+00  9.33884e-07
0316  6.50190e+18  7.55094e+03  1.89620e+06  1.18178e-19  0.00000e+00  0.00000e+00  9.28895e-07
0317  6.51930e+18  7.55695e+03  1.89284e+06  1.16845e-19  0.00000e+00  0.00000e+00  9.23945e-07
0318  6.53669e+18  7.56292e+03  1.88950e+06  1.15531e-19  0.00000e+00  0.00000e+00  9.19035e-07
0319  6.55408e+18  7.56885e+03  1.88617e+06  1.14235e-19  0.00000e+00  0.00000e+00  9.14164e-07
0320  6.57147e+18  7.57473e+03  1.88285e+06  1.12958e-19  0.00000e+00  0.00000e+00  9.09331e-07
0321  6.58887e+18  7.58058e+03  1.87955e+06  1.11699e-19  0.00000e+00  0.00000e+00  9.04537e-07
0322  6.60626e+18  7.58638e+03  1.87627e+06  1.10458e-19  0.00000e+00  0.00000e+00  8.99780e-07
0323  6.62365e+18  7.59215e+03  1.87299e+06  1.09233e-19  0.00000e+00  0.00000e+00  8.95061e-07
0324  6.64104e+18  7.59789e+03  1.86973e+06  1.08026e-19  0.00000e+00  0.00000e+00  8.90379e-07
0325  6.65844e+18  7.60359e+03  1.86649e+06  1.06836e-19  0.00000e+00  0.00000e+00  8.85733e-07
0326  6.67583e+18  7.60926e+03  1.86326e+06  1.05662e-19  0.00000e+00  0.00000e+00  8.81124e-07
0327  6.69322e+18  7.61490e+03  1.86003e+06  1.04504e-19  0.00000e+00  0.00000e+00  8.76551e-07
0328  6.71061e+18  7.62052e+03  1.85683e+06  1.03362e-19  0.00000e+00  0.00000e+00  8.72013e-07
0329  6.72801e+18  7.62611e+03  1.85363e+06  1.02235e-19  0.00000e+00  0.00000e+00  8.67511e-07
0330  6.74540e+18  7.63168e+03  1.85044e+06  1.01124e-19  0.00000e+00  0.00000e+00  8.63043e-07
0331  6.76279e+18  7.63722e+03  1.84727e+06  1.00027e-19  0.00000e+00  0.00000e+00  8.58609e-07
0332  6.78018e+18  7.64274e+03  1.84410e+06  9.89457e-20  0.00000e+00  0.00000e+00  8.54210e-07
0333  6.79758e+18  7.64824e+03  1.84095e+06  9.78723e-20  0.00000e+00  0.00000e+00  8.49844e-07
0334  6.81497e+18  7.65371e+03  1.83780e+06  9.68185e-20  0.00000e+00  0.00000e+00  8.45512e-07
0335  6.83236e+18  7.65916e+03  1.83467e+06  9.57789e-20  0.00000e+00  0.00000e+00  8.41213e-07
0336  6.84975e+18  7.66458e+03  1.83155e+06  9.47532e-20  0.00000e+00  0.00000e+00  8.36946e-07
0337  6.86715e+18  7.66998e+03  1.82843e+06  9.37412e-20  0.00000e+00  0.00000e+00  8.32712e-07
0338  6.88454e+18  7.67535e+03  1.82533e+06  9.27428e-20  0.00000e+00  0.00000e+00  8.28510e-07
0339  6.90193e+18  7.68069e+03  1.82224e+06  9.17576e-20  0.00000e+00  0.00000e+00  8.24340e-07
0340  6.91932e+18  7.68600e+03  1.81916e+06  9.07855e-20  0.00000e+00  0.00000e+00  8.20201e-07
0341  6.93672e+18  7.69129e+03  1.81609e+06  8.98263e-20  0.00000e+00  0.00000e+00  8.16093e-07
0342  6.95411e+18  7.69654e+03  1.81303e+06  8.88798e-20  0.00000e+00  0.00000e+00  8.12016e-07
0343  6.97150e+18  7.70177e+03  1.80998e+06  8.79458e-20  0.00000e+00  0.00000e+00  8.07970e-07
0344  6.98889e+18  7.70698e+03  1.80694e+06  8.70240e-20  0.00000e+00  0.00000e+00  8.03953e-07
0345  7.00629e+18  7.71215e+03  1.80391e+06  8.61143e-20  0.00000e+00  0.00000e+00  7.99967e-07
0346  7.02368e+18  7.71730e+03  1.80090e+06  8.52165e-20  0.00000e+00  0.00000e+00  7.96010e-07
0347  7.04107e+18  7.72243e+03  1.79789e+06  8.43304e-20  0.00000e+00  0.00000e+00  7.92082e-07
0348  7.05846e+18  7.72753e+03  1.79489e+06  8.34558e-20  0.00000e+00  0.00000e+00  7.88183e-07
0349  7.07586e+18  7.73260e+03  1.79191e+06  8.25926e-20  0.00000e+00  0.00000e+00  7.84313e-07
0350  7.09325e+18  7.73765e+03  1.78893e+06  8.17405e-20  0.00000e+00  0.00000e+00  7.80472e-07
0351  7.11064e+18  7.74268e+03  1.78596e+06  8.08993e-20  0.00000e+00  0.00000e+00  7.76658e-07
0352  7.12803e+18  7.74769e+03  1.78301e+06  8.00690e-20  0.00000e+00  0.00000e+00  7.72873e-07
0353  7.14543e+18  7.75267e+03  1.78006e+06  7.92493e-20  0.00000e+00  0.00000e+00  7.69115e-07
0354  7.16282e+18  7.75762e+03  1.77713e+06  7.84401e-20  0.00000e+00  0.00000e+00  7.65385e-07
0355  7.18021e+18  7.76255e+03  1.77420e+06  7.76413e-20  0.00000e+00  0.00000e+00  7.61681e-07
0356  7.19760e+18  7.76746e+03  1.77129e+06  7.68526e-20  0.00000e+00  0.00000e+00  7.58004e-07
0357  7.21500e+18  7.77234e+03  1.76839e+06  7.60739e-20  0.00000e+00  0.00000e+00  7.54354e-07
0358  7.23239e+18  7.77720e+03  1.76549e+06  7.53051e-20  0.00000e+00  0.00000e+00  7.50731e-07
0359  7.24978e+18  7.78204e+03  1.76261e+06  7.45460e-20  0.00000e+00  0.00000e+00  7.47133e-07
0360  7.26717e+18  7.78685e+03  1.75973e+06  7.37964e-20  0.00000e+00  0.00000e+00  7.43561e-07
0361  7.28457e+18  7.79164e+03  1.75687e+06  7.30563e-20  0.00000e+00  0.00000e+00  7.40015e-07
0362  7.30196e+18  7.79640e+03  1.75402e+06  7.23255e-20  0.00000e+00  0.00000e+00  7.36493e-07
0363  7.31935e+18  7.80115e+03  1.75117e+06  7.16039e-20  0.00000e+00  0.00000e+00  7.32997e-07
0364  7.33674e+18  7.80586e+03  1.74834e+06  7.08912e-20  0.00000e+00  0.00000e+00  7.29526e-07
0365  7.35414e+18  7.81056e+03  1.74551e+06  7.01874e-20  0.00000e+00  0.00000e+00  7.26080e-07
0366  7.37153e+18  7.81524e+03  1.74270e+06  6.94923e-20  0.00000e+00  0.00000e+00  7.22658e-07
0367  7.38892e+18  7.81989e+03  1.73989e+06  6.88058e-20  0.00000e+00  0.00000e+00  7.19259e-07
0368  7.40631e+18  7.82452e+03  1.73709e+06  6.81279e-20  0.00000e+00  0.00000e+00  7.15885e-07
0369  7.42371e+18  7.82912e+03  1.73431e+06  6.74582e-20  0.00000e+00  0.00000e+00  7.12535e-07
0370  7.44110e+18  7.83371e+03  1.73153e+06  6.67968e-20  0.00000e+00  0.00000e+00  7.09208e-07
0371  7.45849e+18  7.83827e+03  1.72876e+06  6.61435e-20  0.00000e+00  0.00000e+00  7.05904e-07
0372  7.47588e+18  7.84281e+03  1.72600e+06  6.54983e-20  0.00000e+00  0.00000e+00  7.02623e-07
0373  7.49328e+18  7.84733e+03  1.72326e+06  6.48609e-20  0.00000e+00  0.00000e+00  6.99365e-07
0374  7.51067e+18  7.85183e+03  1.72052e+06  6.42312e-20  0.00000e+00  0.00000e+00  6.96130e-07
0375  7.52806e+18  7.85630e+03  1.71779e+06  6.36092e-20  0.00000e+00  0.00000e+00  6.92917e-07
0376  7.54545e+18  7.86075e+03  1.71507e+06  6.29948e-20  0.00000e+00  0.00000e+00  6.89727e-07
0377  7.56285e+18  7.86518e+03  1.71236e+06  6.23878e-20  0.00000e+00  0.00000e+00  6.86558e-07
0378  7.58024e+18  7.86958e+03  1.70965e+06  6.17881e-20  0.00000e+00  0.00000e+00  6.83411e-07
0379  7.59763e+18  7.87397e+03  1.70696e+06  6.11957e-20  0.00000e+00  0.00000e+00  6.80286e-07
0380  7.61502e+18  7.87833e+03  1.70428e+06  6.06104e-20  0.00000e+00  0.00000e+00  6.77182e-07
0381  7.63242e+18  7.88267e+03  1.70161e+06  6.00321e-20  0.00000e+00  0.00000e+00  6.74099e-07
0382  7.64981e+18  7.88698e+03  1.69894e+06  5.94607e-20  0.00000e+00  0.00000e+00  6.71037e-07
0383  7.66720e+18  7.89128e+03  1.69628e+06  5.88961e-20  0.00000e+00  0.00000e+00  6.67996e-07
0384  7.68459e+18  7.89555e+03  1.69364e+06  5.83382e-20  0.00000e+00  0.00000e+00  6.64976e-07
0385  7.70199e+18  7.89980e+03  1.69100e+06  5.77870e-20  0.00000e+00  0.00000e+00  6.61976e-07
0386  7.71938e+18  7.90403e+03  1.68837e+06  5.72423e-20  0.00000e+00  0.00000e+00  6.58996e-07
0387  7.73677e+18  7.90824e+03  1.68575e+06  5.67040e-20  0.00000e+00  0.00000e+00  6.56037e-07
0388  7.75416e+18  7.91243e+03  1.68314e+06  5.61721e-20  0.00000e+00  0.00000e+00  6.53097e-07
0389  7.77156e+18  7.91660e+03  1.68053e+06  5.56464e-20  0.00000e+00  0.00000e+00  6.50177e-07
0390  7.78895e+18  7.92074e+03  1.67794e+06  5.51270e-20  0.00000e+00  0.00000e+00  6.47277e-07
0391  7.80634e+18  7.92487e+03  1.67535e+06  5.46135e-20  0.00000e+00  0.00000e+00  6.44396e-07
0392  7.82373e+18  7.92897e+03  1.67278e+06  5.41061e-20  0.00000e+00  0.00000e+00  6.41534e-07
0393  7.84113e+18  7.93305e+03  1.67021e+06  5.36046e-20  0.00000e+00  0.00000e+00  6.38691e-07
0394  7.85852e+18  7.93712e+03  1.66764e+06  5.30287e-20  0.00000e+00  0.00000e+00  6.35867e-07
0395  7.87591e+18  7.94117e+03  1.66509e+06  5.25470e-20  0.00000e+00  0.00000e+00  6.33062e-07
0396  7.89330e+18  7.94519e+03  1.66254e+06  5.20708e-20  0.00000e+00  0.00000e+00  6.30275e-07
0397  7.91070e+18  7.94920e+03  1.66001e+06  5.16000e-20  0.00000e+00  0.00000e+00  6.27507e-07
0398  7.92809e+18  7.95320e+03  1.65748e+06  5.11345e-20  0.00000e+00  0.00000e+00  6.24756e-07
0399  7.94548e+18  7.95717e+03  1.65496e+06  5.06742e-20  0.00000e+00  0.00000e+00  6.22024e-07
0400  7.96287e+18  7.96112e+03  1.65245e+06  5.02192e-20  0.00000e+00  0.00000e+00  6.19310e-07
0401  7.98027e+18  7.96504e+03  1.64995e+06  4.97692e-20  0.00000e+00  0.00000e+00  6.16613e-07
0402  7.99766e+18  7.96896e+03  1.64746e+06  4.93243e-20  0.00000e+00  0.00000e+00  6.13934e-07
0403  8.01505e+18  7.97285e+03  1.64498e+06  4.88844e-20  0.00000e+00  0.00000e+00  6.11273e-07
0404  8.03244e+18  7.97672e+03  1.64250e+06  4.84494e-20  0.00000e+00  0.00000e+00  6.08629e-07
0405  8.04984e+18  7.98056e+03  1.64004e+06  4.80192e-20  0.00000e+00  0.00000e+00  6.06001e-07
0406  8.06723e+18  7.98439e+03  1.63758e+06  4.75939e-20  0.00000e+00  0.00000e+00  6.03391e-07
0407  8.08462e+18  7.98819e+03  1.63513e+06  4.71732e-20  0.00000e+00  0.00000e+00  6.00798e-07
0408  8.10201e+18  7.99196e+03  1.63269e+06  4.67573e-20  0.00000e+00  0.00000e+00  5.98221e-07
0409  8.11940e+18  7.99572e+03  1.63026e+06  4.63459e-20  0.00000e+00  0.00000e+00  5.95661e-07
0410  8.13680e+18  7.99946e+03  1.62783e+06  4.59391e-20  0.00000e+00  0.00000e+00  5.93117e-07
0411  8.15419e+18  8.00317e+03  1.62542e+06  4.55368e-20  0.00000e+00  0.00000e+00  5.90590e-07
0412  8.17158e+18  8.00686e+03  1.62301e+06  4.51389e-20  0.00000e+00  0.00000e+00  5.88078e-07
0413  8.18897e+18  8.01053e+03  1.62061e+06  4.47453e-20  0.00000e+00  0.00000e+00  5.85583e-07
0414  8.20637e+18  8.01418e+03  1.61822e+06  4.43561e-20  0.00000e+00  0.00000e+00  5.83104e-07
0415  8.22376e+18  8.01781e+03  1.61583e+06  4.39711e-20  0.00000e+00  0.00000e+00  5.80640e-07
0416  8.24115e+18  8.02142e+03  1.61346e+06  4.35903e-20  0.00000e+00  0.00000e+00  5.78191e-07
0417  8.25854e+18  8.02501e+03  1.61109e+06  4.32137e-20  0.00000e+00  0.00000e+00  5.75759e-07
0418  8.27594e+18  8.02858e+03  1.60873e+06  4.28411e-20  0.00000e+00  0.00000e+00  5.73341e-07
0419  8.29333e+18  8.03214e+03  1.60638e+06  4.24726e-20  0.00000e+00  0.00000e+00  5.70939e-07
0420  8.31072e+18  8.03567e+03  1.60403e+06  4.21080e-20  0.00000e+00  0.00000e+00  5.68552e-07
0421  8.32811e+18  8.03918e+03  1.60169e+06  4.17473e-20  0.00000e+00  0.00000e+00  5.66180e-07
0422  8.34551e+18  8.04268e+03  1.59936e+06  4.13906e-20  0.00000e+00  0.00000e+00  5.63822e-07
0423  8.36290e+18  8.04615e+03  1.59704e+06  4.10376e-20  0.00000e+00  0.00000e+00  5.61479e-07
0424  8.38029e+18  8.04961e+03  1.59472e+06  4.06885e-20  0.00000e+00  0.00000e+00  5.59151e-07
0425  8.39768e+18  8.05304e+03  1.59241e+06  4.03431e-20  0.00000e+00  0.00000e+00  5.56837e-07
0426  8.41508e+18  8.05646e+03  1.59011e+06  4.00013e-20  0.00000e+00  0.00000e+00  5.54538e-07
0427  8.43247e+18  8.05985e+03  1.58782e+06  3.96632e-20  0.00000e+00  0.00000e+00  5.52253e-07
0428  8.44986e+18  8.06322e+03  1.58553e+06  3.93287e-20  0.00000e+00  0.00000e+00  5.49982e-07
0429  8.46725e+18  8.06658e+03  1.58326e+06  3.89978e-20  0.00000e+00  0.00000e+00  5.47725e-07
0430  8.48465e+18  8.06991e+03  1.58099e+06  3.86703e-20  0.00000e+00  0.00000e+00  5.45481e-07
0431  8.50204e+18  8.07323e+03  1.57872e+06  3.83463e-20  0.00000e+00  0.00000e+00  5.43252e-07
0432  8.51943e+18  8.07652e+03  1.57646e+06  3.80257e-20  0.00000e+00  0.00000e+00  5.41036e-07
0433  8.53682e+18  8.07979e+03  1.57422e+06  3.77085e-20  0.00000e+00  0.00000e+00  5.38834e-07
0434  8.55422e+18  8.08305e+03  1.57197e+06  3.73946e-20  0.00000e+00  0.00000e+00  5.36645e-07
0435  8.57161e+18  8.08628e+03  1.56974e+06  3.70844e-20  0.00000e+00  0.00000e+00  5.34469e-07
0436  8.58900e+18  8.08950e+03  1.56751e+06  3.67775e-20  0.00000e+00  0.00000e+00  5.32307e-07
0437  8.60639e+18  8.09270e+03  1.56529e+06  3.64738e-20  0.00000e+00  0.00000e+00  5.30158e-07
0438  8.62379e+18  8.09588e+03  1.56307e+06  3.61732e-20  0.00000e+00  0.00000e+00  5.28021e-07
0439  8.64118e+18  8.09904e+03  1.56087e+06  3.58758e-20  0.00000e+00  0.00000e+00  5.25898e-07
0440  8.65857e+18  8.10218e+03  1.55867e+06  3.55814e-20  0.00000e+00  0.00000e+00  5.23787e-07
0441  8.67596e+18  8.10530e+03  1.55647e+06  3.52901e-20  0.00000e+00  0.00000e+00  5.21689e-07
0442  8.69336e+18  8.10841e+03  1.55429e+06  3.50018e-20  0.00000e+00  0.00000e+00  5.19604e-07
0443  8.71075e+18  8.11149e+03  1.55211e+06  3.47164e-20  0.00000e+00  0.00000e+00  5.17531e-07
0444  8.72814e+18  8.11456e+03  1.54994e+06  3.44339e-20  0.00000e+00  0.00000e+00  5.15471e-07
0445  8.74553e+18  8.11762e+03  1.54777e+06  3.41544e-20  0.00000e+00  0.00000e+00  5.13422e-07
0446  8.76293e+18  8.12065e+03  1.54561e+06  3.38777e-20  0.00000e+00  0.00000e+00  5.11386e-07
0447  8.78032e+18  8.12367e+03  1.54346e+06  3.36038e-20  0.00000e+00  0.00000e+00  5.09362e-07
0448  8.79771e+18  8.12667e+03  1.54132e+06  3.33327e-20  0.00000e+00  0.00000e+00  5.07350e-07
0449  8.81510e+18  8.12965e+03  1.53918e+06  3.30644e-20  0.00000e+00  0.00000e+00  5.05350e-07
0450  8.83250e+18  8.13262e+03  1.53705e+06  3.27987e-20  0.00000e+00  0.00000e+00  5.03362e-07
0451  8.84989e+18  8.13556e+03  1.53492e+06  3.25358e-20  0.00000e+00  0.00000e+00  5.01386e-07
0452  8.86728e+18  8.13849e+03  1.53280e+06  3.22755e-20  0.00000e+00  0.00000e+00  4.99421e-07
0453  8.88467e+18  8.14140e+03  1.53069e+06  3.20179e-20  0.00000e+00  0.00000e+00  4.97467e-07
0454  8.90207e+18  8.14429e+03  1.52859e+06  3.17628e-20  0.00000e+00  0.00000e+00  4.95525e-07
0455  8.91946e+18  8.14717e+03  1.52649e+06  3.15103e-20  0.00000e+00  0.00000e+00  4.93595e-07
0456  8.93685e+18  8.15003e+03  1.52439e+06  3.12603e-20  0.00000e+00  0.00000e+00  4.91675e-07
0457  8.95424e+18  8.15287e+03  1.52231e+06  3.10129e-20  0.00000e+00  0.00000e+00  4.89767e-07
0458  8.97164e+18  8.15569e+03  1.52023e+06  3.07678e-20  0.00000e+00  0.00000e+00  4.87870e-07
0459  8.98903e+18  8.15850e+03  1.51815e+06  3.05253e-20  0.00000e+00  0.00000e+00  4.85984e-07
0460  9.00642e+18  8.16128e+03  1.51609e+06  3.02851e-20  0.00000e+00  0.00000e+00  4.84109e-07
0461  9.02381e+18  8.16405e+03  1.51402e+06  3.00474e-20  0.00000e+00  0.00000e+00  4.82244e-07
0462  9.04121e+18  8.16680e+03  1.51197e+06  2.98119e-20  0.00000e+00  0.00000e+00  4.80391e-07
0463  9.05860e+18  8.16953e+03  1.50992e+06  2.95789e-20  0.00000e+00  0.00000e+00  4.78548e-07
0464  9.07599e+18  8.17225e+03  1.50788e+06  2.93481e-20  0.00000e+00  0.00000e+00  4.76716e-07
0465  9.09338e+18  8.17494e+03  1.50584e+06  2.91196e-20  0.00000e+00  0.00000e+00  4.74894e-07
0466  9.11078e+18  8.17762e+03  1.50381e+06  2.88933e-20  0.00000e+00  0.00000e+00  4.73082e-07
0467  9.12817e+18  8.18028e+03  1.50179e+06  2.86693e-20  0.00000e+00  0.00000e+00  4.71281e-07
0468  9.14556e+18  8.18292e+03  1.49977e+06  2.84474e-20  0.00000e+00  0.00000e+00  4.69490e-07
0469  9.16295e+18  8.18555e+03  1.49775e+06  2.82278e-20  0.00000e+00  0.00000e+00  4.67710e-07
0470  9.18035e+18  8.18816e+03  1.49575e+06  2.80102e-20  0.00000e+00  0.00000e+00  4.65939e-07
0471  9.19774e+18  8.19074e+03  1.49375e+06  2.77948e-20  0.00000e+00  0.00000e+00  4.64179e-07
0472  9.21513e+18  8.19332e+03  1.49175e+06  2.75815e-20  0.00000e+00  0.00000e+00  4.62428e-07
0473  9.23252e+18  8.19587e+03  1.48976e+06  2.73702e-20  0.00000e+00  0.00000e+00  4.60688e-07
0474  9.24992e+18  8.19840e+03  1.48777e+06  2.71611e-20  0.00000e+00  0.00000e+00  4.58957e-07
0475  9.26731e+18  8.20092e+03  1.48580e+06  2.69539e-20  0.00000e+00  0.00000e+00  4.57236e-07
0476  9.28470e+18  8.20341e+03  1.48382e+06  2.67487e-20  0.00000e+00  0.00000e+00  4.55524e-07
0477  9.30209e+18  8.20589e+03  1.48185e+06  2.65455e-20  0.00000e+00  0.00000e+00  4.53823e-07
0478  9.31949e+18  8.20835e+03  1.47989e+06  2.63443e-20  0.00000e+00  0.00000e+00  4.52130e-07
0479  9.33688e+18  8.21080e+03  1.47794e+06  2.61450e-20  0.00000e+00  0.00000e+00  4.50447e-07
0480  9.35427e+18  8.21322e+03  1.47598e+06  2.59476e-20  0.00000e+00  0.00000e+00  4.48774e-07
0481  9.37166e+18  8.21563e+03  1.47404e+06  2.57521e-20  0.00000e+00  0.00000e+00  4.47110e-07
0482  9.38906e+18  8.21803e+03  1.47210e+06  2.55584e-20  0.00000e+00  0.00000e+00  4.45455e-07
0483  9.40645e+18  8.22040e+03  1.47016e+06  2.53666e-20  0.00000e+00  0.00000e+00  4.43809e-07
0484  9.42384e+18  8.22276e+03  1.46823e+06  2.51766e-20  0.00000e+00  0.00000e+00  4.42172e-07
0485  9.44123e+18  8.22510e+03  1.46631e+06  2.49884e-20  0.00000e+00  0.00000e+00  4.40545e-07
0486  9.45863e+18  8.22742e+03  1.46439e+06  2.48020e-20  0.00000e+00  0.00000e+00  4.38926e-07
0487  9.47602e+18  8.22973e+03  1.46248e+06  2.46174e-20  0.00000e+00  0.00000e+00  4.37316e-07
0488  9.49341e+18  8.23201e+03  1.46057e+06  2.44345e-20  0.00000e+00  0.00000e+00  4.35715e-07
0489  9.51080e+18  8.23428e+03  1.45867e+06  2.42534e-20  0.00000e+00  0.00000e+00  4.34123e-07
0490  9.52820e+18  8.23652e+03  1.45677e+06  2.40739e-20  0.00000e+00  0.00000e+00  4.32540e-07
0491  9.54559e+18  8.23874e+03  1.45488e+06  2.38962e-20  0.00000e+00  0.00000e+00  4.30965e-07
0492  9.56298e+18  8.24095e+03  1.45299e+06  2.37201e-20  0.00000e+00  0.00000e+00  4.29399e-07
0493  9.58037e+18  8.24313e+03  1.45111e+06  2.35456e-20  0.00000e+00  0.00000e+00  4.27841e-07
0494  9.59777e+18  8.24529e+03  1.44924e+06  2.33728e-20  0.00000e+00  0.00000e+00  4.26292e-07
0495  9.61516e+18  8.24743e+03  1.44737e+06  2.32017e-20  0.00000e+00  0.00000e+00  4.24751e-07
0496  9.63255e+18  8.24956e+03  1.44551e+06  2.30321e-20  0.00000e+00  0.00000e+00  4.23219e-07
0497  9.64994e+18  8.25166e+03  1.44365e+06  2.28641e-20  0.00000e+00  0.00000e+00  4.21695e-07
0498  9.66734e+18  8.25375e+03  1.44179e+06  2.26976e-20  0.00000e+00  0.00000e+00  4.20179e-07
0499  9.68473e+18  8.25582e+03  1.43995e+06  2.25327e-20  0.00000e+00  0.00000e+00  4.18671e-07
0500  9.70212e+18  8.25788e+03  1.43811e+06  2.23693e-20  0.00000e+00  0.00000e+00  4.17171e-07
0501  9.71951e+18  8.25993e+03  1.43627e+06  2.22074e-20  0.00000e+00  0.00000e+00  4.15679e-07
0502  9.73691e+18  8.26196e+03  1.43444e+06  2.20470e-20  0.00000e+00  0.00000e+00  4.14196e-07
0503  9.75430e+18  8.26399e+03  1.43261e+06  2.18880e-20  0.00000e+00  0.00000e+00  4.12720e-07
0504  9.77169e+18  8.26600e+03  1.43078e+06  2.17305e-20  0.00000e+00  0.00000e+00  4.11252e-07
0505  9.78908e+18  8.26800e+03  1.42897e+06  2.15743e-20  0.00000e+00  0.00000e+00  4.09792e-07
0506  9.80648e+18  8.26999e+03  1.42715e+06  2.14197e-20  0.00000e+00  0.00000e+00  4.08340e-07
0507  9.82387e+18  8.27197e+03  1.42534e+06  2.12664e-20  0.00000e+00  0.00000e+00  4.06895e-07
0508  9.84126e+18  8.27394e+03  1.42354e+06  2.11144e-20  0.00000e+00  0.00000e+00  4.05458e-07
0509  9.85865e+18  8.27589e+03  1.42174e+06  2.09639e-20  0.00000e+00  0.00000e+00  4.04029e-07
0510  9.87605e+18  8.27784e+03  1.41995e+06  2.08147e-20  0.00000e+00  0.00000e+00  4.02607e-07
0511  9.89344e+18  8.27977e+03  1.41816e+06  2.06669e-20  0.00000e+00  0.00000e+00  4.01193e-07
0512  9.91083e+18  8.28169e+03  1.41637e+06  2.05203e-20  0.00000e+00  0.00000e+00  3.99786e-07
0513  9.92822e+18  8.28359e+03  1.41459e+06  2.03751e-20  0.00000e+00  0.00000e+00  3.98386e-07
0514  9.94562e+18  8.28547e+03  1.41282e+06  2.02312e-20  0.00000e+00  0.00000e+00  3.96994e-07
0515  9.96301e+18  8.28735e+03  1.41105e+06  2.00886e-20  0.00000e+00  0.00000e+00  3.95609e-07
0516  9.98040e+18  8.28920e+03  1.40929e+06  1.99473e-20  0.00000e+00  0.00000e+00  3.94232e-07
0517  9.99779e+18  8.29104e+03  1.40753e+06  1.98072e-20  0.00000e+00  0.00000e+00  3.92861e-07
0518  1.00152e+19  8.29287e+03  1.40578e+06  1.96684e-20  0.00000e+00  0.00000e+00  3.91498e-07
0519  1.00326e+19  8.29468e+03  1.40403e+06  1.95308e-20  0.00000e+00  0.00000e+00  3.90142e-07
0520  1.00500e+19  8.29648e+03  1.40228e+06  1.93945e-20  0.00000e+00  0.00000e+00  3.88793e-07
0521  1.00674e+19  8.29826e+03  1.40055e+06  1.92593e-20  0.00000e+00  0.00000e+00  3.87450e-07
0522  1.00848e+19  8.30003e+03  1.39881e+06  1.91253e-20  0.00000e+00  0.00000e+00  3.86115e-07
0523  1.01021e+19  8.30178e+03  1.39708e+06  1.89926e-20  0.00000e+00  0.00000e+00  3.84787e-07
0524  1.01195e+19  8.30352e+03  1.39536e+06  1.88609e-20  0.00000e+00  0.00000e+00  3.83465e-07
0525  1.01369e+19  8.30526e+03  1.39364e+06  1.87305e-20  0.00000e+00  0.00000e+00  3.82150e-07
0526  1.01543e+19  8.30697e+03  1.39192e+06  1.86011e-20  0.00000e+00  0.00000e+00  3.80842e-07
0527  1.01717e+19  8.30868e+03  1.39021e+06  1.84729e-20  0.00000e+00  0.00000e+00  3.79541e-07
0528  1.01891e+19  8.31038e+03  1.38851e+06  1.83459e-20  0.00000e+00  0.00000e+00  3.78247e-07
0529  1.02065e+19  8.31206e+03  1.38681e+06  1.82199e-20  0.00000e+00  0.00000e+00  3.76959e-07
0530  1.02239e+19  8.31374e+03  1.38511e+06  1.80950e-20  0.00000e+00  0.00000e+00  3.75677e-07
0531  1.02413e+19  8.31540e+03  1.38342e+06  1.79712e-20  0.00000e+00  0.00000e+00  3.74402e-07
0532  1.02587e+19  8.31705e+03  1.38173e+06  1.78485e-20  0.00000e+00  0.00000e+00  3.73134e-07
0533  1.02761e+19  8.31869e+03  1.38005e+06  1.77268e-20  0.00000e+00  0.00000e+00  3.71872e-07
0534  1.02935e+19  8.32032e+03  1.37838e+06  1.76062e-20  0.00000e+00  0.00000e+00  3.70616e-07
0535  1.03109e+19  8.32194e+03  1.37670e+06  1.74866e-20  0.00000e+00  0.00000e+00  3.69367e-07
0536  1.03283e+19  8.32354e+03  1.37504e+06  1.73680e-20  0.00000e+00  0.00000e+00  3.68124e-07
0537  1.03456e+19  8.32514e+03  1.37338e+06  1.72505e-20  0.00000e+00  0.00000e+00  3.66887e-07
0538  1.03630e+19  8.32672e+03  1.37172e+06  1.71339e-20  0.00000e+00  0.00000e+00  3.65657e-07
0539  1.03804e+19  8.32829e+03  1.37007e+06  1.70184e-20  0.00000e+00  0.00000e+00  3.64432e-07
0540  1.03978e+19  8.32986e+03  1.36842e+06  1.69038e-20  0.00000e+00  0.00000e+00  3.63214e-07
0541  1.04152e+19  8.33141e+03  1.36677e+06  1.67902e-20  0.00000e+00  0.00000e+00  3.62002e-07
0542  1.04326e+19  8.33295e+03  1.36514e+06  1.66776e-20  0.00000e+00  0.00000e+00  3.60796e-07
0543  1.04500e+19  8.33448e+03  1.36350e+06  1.65660e-20  0.00000e+00  0.00000e+00  3.59596e-07
0544  1.04674e+19  8.33600e+03  1.36187e+06  1.64552e-20  0.00000e+00  0.00000e+00  3.58402e-07
0545  1.04848e+19  8.33751e+03  1.36025e+06  1.63455e-20  0.00000e+00  0.00000e+00  3.57214e-07
0546  1.05022e+19  8.33901e+03  1.35863e+06  1.62366e-20  0.00000e+00  0.00000e+00  3.56032e-07
0547  1.05196e+19  8.34049e+03  1.35701e+06  1.61286e-20  0.00000e+00  0.00000e+00  3.54856e-07
0548  1.05370e+19  8.34197e+03  1.35540e+06  1.60216e-20  0.00000e+00  0.00000e+00  3.53685e-07
0549  1.05544e+19  8.34344e+03  1.35379e+06  1.59155e-20  0.00000e+00  0.00000e+00  3.52520e-07
0550  1.05717e+19  8.34489e+03  1.35219e+06  1.58102e-20  0.00000e+00  0.00000e+00  3.51361e-07
0551  1.05891e+19  8.34638e+03  1.35059e+06  1.57058e-20  0.00000e+00  0.00000e+00  3.50208e-07
0552  1.06065e+19  8.34765e+03  1.34901e+06  1.56026e-20  0.00000e+00  0.00000e+00  3.49061e-07
0553  1.06239e+19  8.34977e+03  1.34738e+06  1.54988e-20  0.00000e+00  0.00000e+00  3.47919e-07
0554  1.06413e+19  8.34848e+03  1.34594e+06  1.54014e-20  0.00000e+00  0.00000e+00  3.46782e-07
0555  1.06587e+19  8.36639e+03  1.34346e+06  1.52740e-20  0.00000e+00  0.00000e+00  3.45651e-07
