# Athena++ data at time=8.070000e+12  cycle=606266566  variables=prim 
# i       x1v         rho          press          vel1         vel2         vel3     
0002  1.07548e+18  2.40946e-18  1.00596e-05 -4.92506e+05  1.38461e-09  0.00000e+00
0003  1.09287e+18  1.08516e-18  6.04971e-06  1.39076e+05  1.95027e-02  0.00000e+00
0004  1.11027e+18  6.83506e-19  4.76025e-06  1.41137e+05  4.26788e-02  0.00000e+00
0005  1.12766e+18  4.42660e-19  3.97180e-06  1.93211e+05  6.34531e-02  0.00000e+00
0006  1.14505e+18  2.80669e-19  3.50510e-06  2.86877e+05  8.16539e-02  0.00000e+00
0007  1.16244e+18  1.86353e-19  3.21212e-06  4.07163e+05  9.80560e-02  0.00000e+00
0008  1.17983e+18  1.61052e-19  2.98500e-06  4.65109e+05  1.13098e-01  0.00000e+00
0009  1.19723e+18  1.44504e-19  2.80986e-06  4.93161e+05  1.27123e-01  0.00000e+00
0010  1.21462e+18  1.30866e-19  2.65184e-06  5.28375e+05  1.40275e-01  0.00000e+00
0011  1.23201e+18  1.21757e-19  2.51005e-06  5.53273e+05  1.52647e-01  0.00000e+00
0012  1.24940e+18  1.13804e-19  2.38424e-06  5.73745e+05  1.64330e-01  0.00000e+00
0013  1.26679e+18  1.06540e-19  2.26852e-06  5.96256e+05  1.75383e-01  0.00000e+00
0014  1.28419e+18  9.99956e-20  2.16314e-06  6.18066e+05  1.85861e-01  0.00000e+00
0015  1.30158e+18  9.41661e-20  2.06665e-06  6.38900e+05  1.95812e-01  0.00000e+00
0016  1.31897e+18  8.90431e-20  1.97794e-06  6.58028e+05  2.05279e-01  0.00000e+00
0017  1.33636e+18  8.43656e-20  1.89637e-06  6.76292e+05  2.14303e-01  0.00000e+00
0018  1.35375e+18  8.00629e-20  1.82088e-06  6.94319e+05  2.22917e-01  0.00000e+00
0019  1.37115e+18  7.61190e-20  1.75115e-06  7.11680e+05  2.31156e-01  0.00000e+00
0020  1.38854e+18  7.29586e-20  1.68560e-06  7.25080e+05  2.39042e-01  0.00000e+00
0021  1.40593e+18  6.96268e-20  1.62580e-06  7.39392e+05  2.46607e-01  0.00000e+00
0022  1.42332e+18  6.63894e-20  1.56907e-06  7.57076e+05  2.53873e-01  0.00000e+00
0023  1.44071e+18  6.37650e-20  1.51591e-06  7.70254e+05  2.60855e-01  0.00000e+00
0024  1.45811e+18  6.12155e-20  1.46699e-06  7.82218e+05  2.67581e-01  0.00000e+00
0025  1.47550e+18  5.87852e-20  1.42054e-06  7.95697e+05  2.74064e-01  0.00000e+00
0026  1.49289e+18  5.65300e-20  1.37715e-06  8.08052e+05  2.80324e-01  0.00000e+00
0027  1.51028e+18  5.44382e-20  1.33657e-06  8.19012e+05  2.86361e-01  0.00000e+00
0028  1.52767e+18  5.25645e-20  1.29927e-06  8.26806e+05  2.92255e-01  0.00000e+00
0029  1.54507e+18  5.10365e-20  1.26636e-06  7.96612e+05  2.97782e-01  0.00000e+00
0030  1.56246e+18  1.75296e-20  1.30803e-06  2.04673e+06  3.04039e-01  0.00000e+00
0031  1.57985e+18  8.17232e-21  1.03582e-06  5.39245e+06  3.08644e-01  0.00000e+00
0032  1.59724e+18  6.06514e-21  9.80967e-07  6.75617e+06  3.12642e-01  0.00000e+00
0033  1.61463e+18  5.03375e-21  9.36406e-07  7.84172e+06  3.16303e-01  0.00000e+00
0034  1.63203e+18  4.34975e-21  8.95845e-07  8.83492e+06  3.19710e-01  0.00000e+00
0035  1.64942e+18  3.83702e-21  8.57500e-07  9.78661e+06  3.22890e-01  0.00000e+00
0036  1.66681e+18  3.43170e-21  8.21426e-07  1.07046e+07  3.25860e-01  0.00000e+00
0037  1.68420e+18  3.10188e-21  7.87310e-07  1.15930e+07  3.28632e-01  0.00000e+00
0038  1.70160e+18  2.82903e-21  7.55258e-07  1.24475e+07  3.31220e-01  0.00000e+00
0039  1.71899e+18  2.60068e-21  7.25234e-07  1.32648e+07  3.33635e-01  0.00000e+00
0040  1.73638e+18  2.40645e-21  6.97238e-07  1.40459e+07  3.35891e-01  0.00000e+00
0041  1.75377e+18  2.23820e-21  6.70766e-07  1.48008e+07  3.37997e-01  0.00000e+00
0042  1.77116e+18  2.09114e-21  6.45721e-07  1.55300e+07  3.39963e-01  0.00000e+00
0043  1.78856e+18  1.96179e-21  6.22104e-07  1.62319e+07  3.41797e-01  0.00000e+00
0044  1.80595e+18  1.84703e-21  5.99835e-07  1.69081e+07  3.43508e-01  0.00000e+00
0045  1.82334e+18  1.74441e-21  5.78739e-07  1.75615e+07  3.45104e-01  0.00000e+00
0046  1.84073e+18  1.65226e-21  5.58814e-07  1.81910e+07  3.46591e-01  0.00000e+00
0047  1.85813e+18  1.56914e-21  5.40015e-07  1.87966e+07  3.47977e-01  0.00000e+00
0050  1.87552e+18  1.49388e-21  5.22291e-07  1.93784e+07  3.49268e-01  0.00000e+00
0051  1.89291e+18  1.42526e-21  5.05552e-07  1.99388e+07  3.50472e-01  0.00000e+00
0052  1.91030e+18  1.36207e-21  4.89551e-07  2.04849e+07  3.51593e-01  0.00000e+00
0053  1.92769e+18  1.30360e-21  4.74205e-07  2.10186e+07  3.52635e-01  0.00000e+00
0054  1.94509e+18  1.24940e-21  4.59508e-07  2.15394e+07  3.53603e-01  0.00000e+00
0055  1.96248e+18  1.19905e-21  4.45438e-07  2.20473e+07  3.54498e-01  0.00000e+00
0056  1.97987e+18  1.15220e-21  4.31978e-07  2.25421e+07  3.55326e-01  0.00000e+00
0057  1.99726e+18  1.10853e-21  4.19118e-07  2.30234e+07  3.56089e-01  0.00000e+00
0058  2.01466e+18  1.06777e-21  4.06845e-07  2.34909e+07  3.56791e-01  0.00000e+00
0059  2.03205e+18  1.02960e-21  3.95111e-07  2.39460e+07  3.57436e-01  0.00000e+00
0060  2.04944e+18  9.93680e-22  3.83810e-07  2.43921e+07  3.58026e-01  0.00000e+00
0061  2.06683e+18  9.59838e-22  3.72942e-07  2.48286e+07  3.58564e-01  0.00000e+00
0062  2.08423e+18  9.27903e-22  3.62485e-07  2.52559e+07  3.59051e-01  0.00000e+00
0063  2.10162e+18  8.97727e-22  3.52420e-07  2.56743e+07  3.59491e-01  0.00000e+00
0064  2.11901e+18  8.69173e-22  3.42730e-07  2.60840e+07  3.59884e-01  0.00000e+00
0065  2.13640e+18  8.42118e-22  3.33399e-07  2.64852e+07  3.60234e-01  0.00000e+00
0066  2.15379e+18  8.16452e-22  3.24411e-07  2.68782e+07  3.60543e-01  0.00000e+00
0067  2.17119e+18  7.92074e-22  3.15750e-07  2.72631e+07  3.60811e-01  0.00000e+00
0068  2.18858e+18  7.68894e-22  3.07403e-07  2.76402e+07  3.61041e-01  0.00000e+00
0069  2.20597e+18  7.46824e-22  2.99352e-07  2.80099e+07  3.61234e-01  0.00000e+00
0070  2.22336e+18  7.25808e-22  2.91599e-07  2.83716e+07  3.61393e-01  0.00000e+00
0071  2.24076e+18  7.05858e-22  2.84201e-07  2.87221e+07  3.61518e-01  0.00000e+00
0072  2.25815e+18  6.86877e-22  2.77124e-07  2.90627e+07  3.61615e-01  0.00000e+00
0073  2.27554e+18  6.68772e-22  2.70330e-07  2.93948e+07  3.61678e-01  0.00000e+00
0074  2.29293e+18  6.51468e-22  2.63790e-07  2.97194e+07  3.61726e-01  0.00000e+00
0075  2.31033e+18  6.34902e-22  2.57482e-07  3.00373e+07  3.61731e-01  0.00000e+00
0076  2.32772e+18  6.19022e-22  2.51391e-07  3.03490e+07  3.61718e-01  0.00000e+00
0077  2.34511e+18  6.03784e-22  2.45502e-07  3.06550e+07  3.61683e-01  0.00000e+00
0078  2.36250e+18  5.89149e-22  2.39804e-07  3.09555e+07  3.61626e-01  0.00000e+00
0079  2.37989e+18  5.75081e-22  2.34288e-07  3.12508e+07  3.61548e-01  0.00000e+00
0080  2.39729e+18  5.61548e-22  2.28946e-07  3.15411e+07  3.61449e-01  0.00000e+00
0081  2.41468e+18  5.48521e-22  2.23769e-07  3.18266e+07  3.61330e-01  0.00000e+00
0082  2.43207e+18  5.35973e-22  2.18750e-07  3.21074e+07  3.61193e-01  0.00000e+00
0083  2.44946e+18  5.23879e-22  2.13883e-07  3.23837e+07  3.61037e-01  0.00000e+00
0084  2.46686e+18  5.12216e-22  2.09163e-07  3.26556e+07  3.60864e-01  0.00000e+00
0085  2.48425e+18  5.00962e-22  2.04582e-07  3.29232e+07  3.60674e-01  0.00000e+00
0086  2.50164e+18  4.90097e-22  2.00136e-07  3.31867e+07  3.60468e-01  0.00000e+00
0087  2.51903e+18  4.79603e-22  1.95821e-07  3.34461e+07  3.60247e-01  0.00000e+00
0088  2.53643e+18  4.69461e-22  1.91630e-07  3.37015e+07  3.60011e-01  0.00000e+00
0089  2.55382e+18  4.59658e-22  1.87560e-07  3.39530e+07  3.59761e-01  0.00000e+00
0090  2.57121e+18  4.50178e-22  1.83610e-07  3.42005e+07  3.59498e-01  0.00000e+00
0091  2.58860e+18  4.41006e-22  1.79776e-07  3.44441e+07  3.59221e-01  0.00000e+00
0092  2.60600e+18  4.32130e-22  1.76051e-07  3.46839e+07  3.58932e-01  0.00000e+00
0093  2.62339e+18  4.23534e-22  1.72432e-07  3.49200e+07  3.58632e-01  0.00000e+00
0094  2.64078e+18  4.15207e-22  1.68916e-07  3.51526e+07  3.58320e-01  0.00000e+00
0095  2.65817e+18  4.07137e-22  1.65497e-07  3.53818e+07  3.57997e-01  0.00000e+00
0096  2.67557e+18  3.99312e-22  1.62173e-07  3.56076e+07  3.57664e-01  0.00000e+00
0097  2.69296e+18  3.91722e-22  1.58939e-07  3.58301e+07  3.57321e-01  0.00000e+00
0098  2.71035e+18  3.84357e-22  1.55793e-07  3.60494e+07  3.56968e-01  0.00000e+00
0099  2.72774e+18  3.77208e-22  1.52732e-07  3.62657e+07  3.56607e-01  0.00000e+00
0100  2.74513e+18  3.70266e-22  1.49752e-07  3.64789e+07  3.56236e-01  0.00000e+00
0101  2.76253e+18  3.63522e-22  1.46851e-07  3.66891e+07  3.55858e-01  0.00000e+00
0102  2.77992e+18  3.56970e-22  1.44026e-07  3.68965e+07  3.55471e-01  0.00000e+00
0103  2.79731e+18  3.50601e-22  1.41274e-07  3.71010e+07  3.55076e-01  0.00000e+00
0104  2.81470e+18  3.44408e-22  1.38594e-07  3.73028e+07  3.54675e-01  0.00000e+00
0105  2.83210e+18  3.38384e-22  1.35982e-07  3.75018e+07  3.54266e-01  0.00000e+00
0106  2.84949e+18  3.32524e-22  1.33436e-07  3.76982e+07  3.53850e-01  0.00000e+00
0107  2.86688e+18  3.26821e-22  1.30955e-07  3.78921e+07  3.53428e-01  0.00000e+00
0108  2.88427e+18  3.21269e-22  1.28536e-07  3.80834e+07  3.53000e-01  0.00000e+00
0109  2.90167e+18  3.15862e-22  1.26177e-07  3.82722e+07  3.52566e-01  0.00000e+00
0110  2.91906e+18  3.10596e-22  1.23877e-07  3.84586e+07  3.52127e-01  0.00000e+00
0111  2.93645e+18  3.05466e-22  1.21633e-07  3.86426e+07  3.51682e-01  0.00000e+00
0112  2.95384e+18  3.00466e-22  1.19443e-07  3.88243e+07  3.51232e-01  0.00000e+00
0113  2.97124e+18  2.95593e-22  1.17307e-07  3.90037e+07  3.50777e-01  0.00000e+00
0114  2.98863e+18  2.90841e-22  1.15222e-07  3.91809e+07  3.50317e-01  0.00000e+00
0115  3.00602e+18  2.86207e-22  1.13188e-07  3.93558e+07  3.49853e-01  0.00000e+00
0116  3.02341e+18  2.81686e-22  1.11201e-07  3.95287e+07  3.49385e-01  0.00000e+00
0117  3.04081e+18  2.77275e-22  1.09261e-07  3.96994e+07  3.48913e-01  0.00000e+00
0118  3.05820e+18  2.72971e-22  1.07367e-07  3.98680e+07  3.48436e-01  0.00000e+00
0119  3.07559e+18  2.68769e-22  1.05517e-07  4.00346e+07  3.47956e-01  0.00000e+00
0120  3.09298e+18  2.64666e-22  1.03710e-07  4.01992e+07  3.47473e-01  0.00000e+00
0121  3.11037e+18  2.60660e-22  1.01945e-07  4.03618e+07  3.46986e-01  0.00000e+00
0122  3.12777e+18  2.56746e-22  1.00220e-07  4.05225e+07  3.46496e-01  0.00000e+00
0123  3.14516e+18  2.52923e-22  9.85345e-08  4.06813e+07  3.46004e-01  0.00000e+00
0124  3.16255e+18  2.49187e-22  9.68862e-08  4.08384e+07  3.45508e-01  0.00000e+00
0125  3.17994e+18  2.45535e-22  9.52757e-08  4.09935e+07  3.45009e-01  0.00000e+00
0126  3.19734e+18  2.41967e-22  9.37024e-08  4.11467e+07  3.44509e-01  0.00000e+00
0127  3.21473e+18  2.38478e-22  9.21652e-08  4.12981e+07  3.44005e-01  0.00000e+00
0128  3.23212e+18  2.35067e-22  9.06630e-08  4.14476e+07  3.43500e-01  0.00000e+00
0129  3.24951e+18  2.31731e-22  8.91948e-08  4.15954e+07  3.42992e-01  0.00000e+00
0130  3.26691e+18  2.28468e-22  8.77594e-08  4.17414e+07  3.42482e-01  0.00000e+00
0131  3.28430e+18  2.25276e-22  8.63560e-08  4.18857e+07  3.41971e-01  0.00000e+00
0132  3.30169e+18  2.22152e-22  8.49835e-08  4.20283e+07  3.41458e-01  0.00000e+00
0133  3.31908e+18  2.19095e-22  8.36411e-08  4.21693e+07  3.40943e-01  0.00000e+00
0134  3.33648e+18  2.16102e-22  8.23278e-08  4.23087e+07  3.40427e-01  0.00000e+00
0135  3.35387e+18  2.13172e-22  8.10430e-08  4.24465e+07  3.39910e-01  0.00000e+00
0136  3.37126e+18  2.10303e-22  7.97856e-08  4.25827e+07  3.39391e-01  0.00000e+00
0137  3.38865e+18  2.07493e-22  7.85550e-08  4.27175e+07  3.38871e-01  0.00000e+00
0138  3.40605e+18  2.04740e-22  7.73505e-08  4.28508e+07  3.38350e-01  0.00000e+00
0139  3.42344e+18  2.02044e-22  7.61712e-08  4.29826e+07  3.37829e-01  0.00000e+00
0140  3.44083e+18  1.99401e-22  7.50165e-08  4.31130e+07  3.37306e-01  0.00000e+00
0141  3.45822e+18  1.96811e-22  7.38858e-08  4.32420e+07  3.36783e-01  0.00000e+00
0142  3.47562e+18  1.94273e-22  7.27783e-08  4.33696e+07  3.36258e-01  0.00000e+00
0143  3.49301e+18  1.91785e-22  7.16935e-08  4.34959e+07  3.35734e-01  0.00000e+00
0144  3.51040e+18  1.89345e-22  7.06307e-08  4.36209e+07  3.35208e-01  0.00000e+00
0145  3.52779e+18  1.86952e-22  6.95895e-08  4.37446e+07  3.34683e-01  0.00000e+00
0146  3.54519e+18  1.84606e-22  6.85691e-08  4.38670e+07  3.34157e-01  0.00000e+00
0147  3.56258e+18  1.82304e-22  6.75691e-08  4.39881e+07  3.33630e-01  0.00000e+00
0148  3.57997e+18  1.80046e-22  6.65890e-08  4.41080e+07  3.33104e-01  0.00000e+00
0149  3.59736e+18  1.77831e-22  6.56282e-08  4.42267e+07  3.32577e-01  0.00000e+00
0150  3.61476e+18  1.75657e-22  6.46863e-08  4.43442e+07  3.32050e-01  0.00000e+00
0151  3.63215e+18  1.73524e-22  6.37627e-08  4.44605e+07  3.31523e-01  0.00000e+00
0152  3.64954e+18  1.71429e-22  6.28570e-08  4.45757e+07  3.30996e-01  0.00000e+00
0153  3.66693e+18  1.69374e-22  6.19689e-08  4.46897e+07  3.30469e-01  0.00000e+00
0154  3.68432e+18  1.67355e-22  6.10977e-08  4.48026e+07  3.29942e-01  0.00000e+00
0155  3.70172e+18  1.65374e-22  6.02432e-08  4.49145e+07  3.29415e-01  0.00000e+00
0156  3.71911e+18  1.63427e-22  5.94048e-08  4.50252e+07  3.28889e-01  0.00000e+00
0157  3.73650e+18  1.61516e-22  5.85823e-08  4.51349e+07  3.28363e-01  0.00000e+00
0158  3.75389e+18  1.59638e-22  5.77753e-08  4.52435e+07  3.27837e-01  0.00000e+00
0159  3.77129e+18  1.57794e-22  5.69833e-08  4.53511e+07  3.27311e-01  0.00000e+00
0160  3.78868e+18  1.55982e-22  5.62060e-08  4.54577e+07  3.26786e-01  0.00000e+00
0161  3.80607e+18  1.54201e-22  5.54430e-08  4.55633e+07  3.26261e-01  0.00000e+00
0162  3.82346e+18  1.52451e-22  5.46941e-08  4.56679e+07  3.25737e-01  0.00000e+00
0163  3.84086e+18  1.50732e-22  5.39589e-08  4.57716e+07  3.25213e-01  0.00000e+00
0164  3.85825e+18  1.49041e-22  5.32371e-08  4.58743e+07  3.24689e-01  0.00000e+00
0165  3.87564e+18  1.47380e-22  5.25283e-08  4.59760e+07  3.24167e-01  0.00000e+00
0166  3.89303e+18  1.45746e-22  5.18323e-08  4.60768e+07  3.23644e-01  0.00000e+00
0167  3.91043e+18  1.44140e-22  5.11487e-08  4.61767e+07  3.23123e-01  0.00000e+00
0168  3.92782e+18  1.42561e-22  5.04774e-08  4.62757e+07  3.22602e-01  0.00000e+00
0169  3.94521e+18  1.41007e-22  4.98179e-08  4.63738e+07  3.22081e-01  0.00000e+00
0170  3.96260e+18  1.39480e-22  4.91701e-08  4.64711e+07  3.21562e-01  0.00000e+00
0171  3.98000e+18  1.37977e-22  4.85337e-08  4.65675e+07  3.21043e-01  0.00000e+00
0172  3.99739e+18  1.36499e-22  4.79084e-08  4.66630e+07  3.20525e-01  0.00000e+00
0173  4.01478e+18  1.35045e-22  4.72940e-08  4.67577e+07  3.20008e-01  0.00000e+00
0174  4.03217e+18  1.33614e-22  4.66903e-08  4.68516e+07  3.19491e-01  0.00000e+00
0175  4.04957e+18  1.32206e-22  4.60968e-08  4.69446e+07  3.18976e-01  0.00000e+00
0176  4.06696e+18  1.30821e-22  4.55135e-08  4.70369e+07  3.18461e-01  0.00000e+00
0177  4.08435e+18  1.29457e-22  4.49401e-08  4.71284e+07  3.17947e-01  0.00000e+00
0178  4.10174e+18  1.28115e-22  4.43765e-08  4.72191e+07  3.17434e-01  0.00000e+00
0179  4.11914e+18  1.26794e-22  4.38224e-08  4.73090e+07  3.16922e-01  0.00000e+00
0180  4.13653e+18  1.25493e-22  4.32776e-08  4.73982e+07  3.16411e-01  0.00000e+00
0181  4.15392e+18  1.24213e-22  4.27420e-08  4.74866e+07  3.15901e-01  0.00000e+00
0182  4.17131e+18  1.22952e-22  4.22153e-08  4.75743e+07  3.15392e-01  0.00000e+00
0183  4.18871e+18  1.21711e-22  4.16974e-08  4.76612e+07  3.14883e-01  0.00000e+00
0184  4.20610e+18  1.20488e-22  4.11880e-08  4.77474e+07  3.14376e-01  0.00000e+00
0185  4.22349e+18  1.19284e-22  4.06871e-08  4.78329e+07  3.13870e-01  0.00000e+00
0186  4.24088e+18  1.18098e-22  4.01943e-08  4.79177e+07  3.13365e-01  0.00000e+00
0187  4.25828e+18  1.16930e-22  3.97096e-08  4.80018e+07  3.12861e-01  0.00000e+00
0188  4.27567e+18  1.15780e-22  3.92328e-08  4.80853e+07  3.12358e-01  0.00000e+00
0189  4.29306e+18  1.14646e-22  3.87636e-08  4.81680e+07  3.11856e-01  0.00000e+00
0190  4.31045e+18  1.13529e-22  3.83021e-08  4.82501e+07  3.11355e-01  0.00000e+00
0191  4.32785e+18  1.12429e-22  3.78479e-08  4.83315e+07  3.10855e-01  0.00000e+00
0192  4.34524e+18  1.11345e-22  3.74010e-08  4.84123e+07  3.10357e-01  0.00000e+00
0193  4.36263e+18  1.10276e-22  3.69613e-08  4.84924e+07  3.09859e-01  0.00000e+00
0194  4.38002e+18  1.09223e-22  3.65284e-08  4.85719e+07  3.09363e-01  0.00000e+00
0195  4.39742e+18  1.08185e-22  3.61025e-08  4.86508e+07  3.08868e-01  0.00000e+00
0196  4.41481e+18  1.07162e-22  3.56832e-08  4.87290e+07  3.08374e-01  0.00000e+00
0197  4.43220e+18  1.06153e-22  3.52704e-08  4.88066e+07  3.07881e-01  0.00000e+00
0198  4.44959e+18  1.05159e-22  3.48641e-08  4.88837e+07  3.07389e-01  0.00000e+00
0199  4.46699e+18  1.04179e-22  3.44641e-08  4.89601e+07  3.06898e-01  0.00000e+00
0200  4.48438e+18  1.03213e-22  3.40703e-08  4.90359e+07  3.06409e-01  0.00000e+00
0201  4.50177e+18  1.02260e-22  3.36826e-08  4.91112e+07  3.05921e-01  0.00000e+00
0202  4.51916e+18  1.01320e-22  3.33008e-08  4.91858e+07  3.05434e-01  0.00000e+00
0203  4.53655e+18  1.00393e-22  3.29249e-08  4.92599e+07  3.04948e-01  0.00000e+00
0204  4.55395e+18  9.94794e-23  3.25548e-08  4.93335e+07  3.04464e-01  0.00000e+00
0205  4.57134e+18  9.85781e-23  3.21902e-08  4.94064e+07  3.03980e-01  0.00000e+00
0206  4.58873e+18  9.76890e-23  3.18312e-08  4.94788e+07  3.03498e-01  0.00000e+00
0207  4.60612e+18  9.68120e-23  3.14776e-08  4.95507e+07  3.03017e-01  0.00000e+00
0208  4.62352e+18  9.59469e-23  3.11293e-08  4.96220e+07  3.02538e-01  0.00000e+00
0209  4.64091e+18  9.50934e-23  3.07862e-08  4.96928e+07  3.02059e-01  0.00000e+00
0210  4.65830e+18  9.42514e-23  3.04482e-08  4.97631e+07  3.01582e-01  0.00000e+00
0211  4.67569e+18  9.34205e-23  3.01152e-08  4.98328e+07  3.01106e-01  0.00000e+00
0212  4.69309e+18  9.26007e-23  2.97872e-08  4.99021e+07  3.00632e-01  0.00000e+00
0213  4.71048e+18  9.17918e-23  2.94640e-08  4.99708e+07  3.00158e-01  0.00000e+00
0214  4.72787e+18  9.09934e-23  2.91455e-08  5.00390e+07  2.99686e-01  0.00000e+00
0215  4.74526e+18  9.02055e-23  2.88316e-08  5.01067e+07  2.99215e-01  0.00000e+00
0216  4.76266e+18  8.94279e-23  2.85223e-08  5.01740e+07  2.98746e-01  0.00000e+00
0217  4.78005e+18  8.86604e-23  2.82175e-08  5.02407e+07  2.98277e-01  0.00000e+00
0218  4.79744e+18  8.79027e-23  2.79171e-08  5.03070e+07  2.97810e-01  0.00000e+00
0219  4.81483e+18  8.71548e-23  2.76211e-08  5.03727e+07  2.97345e-01  0.00000e+00
0220  4.83223e+18  8.64165e-23  2.73292e-08  5.04381e+07  2.96880e-01  0.00000e+00
0221  4.84962e+18  8.56876e-23  2.70415e-08  5.05029e+07  2.96417e-01  0.00000e+00
0222  4.86701e+18  8.49679e-23  2.67579e-08  5.05673e+07  2.95955e-01  0.00000e+00
0223  4.88440e+18  8.42573e-23  2.64784e-08  5.06312e+07  2.95494e-01  0.00000e+00
0224  4.90180e+18  8.35557e-23  2.62027e-08  5.06947e+07  2.95035e-01  0.00000e+00
0225  4.91919e+18  8.28628e-23  2.59309e-08  5.07578e+07  2.94577e-01  0.00000e+00
0226  4.93658e+18  8.21786e-23  2.56630e-08  5.08204e+07  2.94120e-01  0.00000e+00
0227  4.95397e+18  8.15029e-23  2.53988e-08  5.08825e+07  2.93665e-01  0.00000e+00
0228  4.97137e+18  8.08355e-23  2.51382e-08  5.09443e+07  2.93211e-01  0.00000e+00
0229  4.98876e+18  8.01763e-23  2.48812e-08  5.10056e+07  2.92758e-01  0.00000e+00
0230  5.00615e+18  7.95253e-23  2.46278e-08  5.10665e+07  2.92306e-01  0.00000e+00
0231  5.02354e+18  7.88821e-23  2.43779e-08  5.11270e+07  2.91856e-01  0.00000e+00
0232  5.04094e+18  7.82468e-23  2.41314e-08  5.11870e+07  2.91407e-01  0.00000e+00
0233  5.05833e+18  7.76192e-23  2.38883e-08  5.12467e+07  2.90959e-01  0.00000e+00
0234  5.07572e+18  7.69991e-23  2.36484e-08  5.13060e+07  2.90512e-01  0.00000e+00
0235  5.09311e+18  7.63865e-23  2.34118e-08  5.13648e+07  2.90067e-01  0.00000e+00
0236  5.11051e+18  7.57812e-23  2.31784e-08  5.14233e+07  2.89623e-01  0.00000e+00
0237  5.12790e+18  7.51831e-23  2.29482e-08  5.14813e+07  2.89181e-01  0.00000e+00
0238  5.14529e+18  7.45921e-23  2.27210e-08  5.15390e+07  2.88739e-01  0.00000e+00
0239  5.16268e+18  7.40081e-23  2.24968e-08  5.15963e+07  2.88299e-01  0.00000e+00
0240  5.18008e+18  7.34309e-23  2.22757e-08  5.16533e+07  2.87861e-01  0.00000e+00
0241  5.19747e+18  7.28605e-23  2.20574e-08  5.17098e+07  2.87423e-01  0.00000e+00
0242  5.21486e+18  7.22968e-23  2.18421e-08  5.17660e+07  2.86987e-01  0.00000e+00
0243  5.23225e+18  7.17396e-23  2.16296e-08  5.18218e+07  2.86552e-01  0.00000e+00
0244  5.24965e+18  7.11888e-23  2.14199e-08  5.18772e+07  2.86118e-01  0.00000e+00
0245  5.26704e+18  7.06444e-23  2.12129e-08  5.19323e+07  2.85686e-01  0.00000e+00
0246  5.28443e+18  7.01063e-23  2.10086e-08  5.19871e+07  2.85255e-01  0.00000e+00
0247  5.30182e+18  6.95743e-23  2.08069e-08  5.20414e+07  2.84825e-01  0.00000e+00
0248  5.31922e+18  6.90484e-23  2.06079e-08  5.20955e+07  2.84396e-01  0.00000e+00
0249  5.33661e+18  6.85284e-23  2.04114e-08  5.21492e+07  2.83969e-01  0.00000e+00
0250  5.35400e+18  6.80143e-23  2.02175e-08  5.22025e+07  2.83543e-01  0.00000e+00
0251  5.37139e+18  6.75060e-23  2.00260e-08  5.22555e+07  2.83118e-01  0.00000e+00
0252  5.38879e+18  6.70034e-23  1.98370e-08  5.23082e+07  2.82695e-01  0.00000e+00
0253  5.40618e+18  6.65065e-23  1.96504e-08  5.23605e+07  2.82272e-01  0.00000e+00
0254  5.42357e+18  6.60150e-23  1.94662e-08  5.24125e+07  2.81851e-01  0.00000e+00
0255  5.44096e+18  6.55290e-23  1.92843e-08  5.24642e+07  2.81432e-01  0.00000e+00
0256  5.45836e+18  6.50484e-23  1.91046e-08  5.25156e+07  2.81013e-01  0.00000e+00
0257  5.47575e+18  6.45731e-23  1.89273e-08  5.25666e+07  2.80596e-01  0.00000e+00
0258  5.49314e+18  6.41030e-23  1.87521e-08  5.26173e+07  2.80180e-01  0.00000e+00
0259  5.51053e+18  6.36380e-23  1.85791e-08  5.26677e+07  2.79765e-01  0.00000e+00
0260  5.52793e+18  6.31781e-23  1.84083e-08  5.27178e+07  2.79351e-01  0.00000e+00
0261  5.54532e+18  6.27232e-23  1.82396e-08  5.27676e+07  2.78939e-01  0.00000e+00
0262  5.56271e+18  6.22731e-23  1.80730e-08  5.28171e+07  2.78528e-01  0.00000e+00
0263  5.58010e+18  6.18280e-23  1.79084e-08  5.28663e+07  2.78118e-01  0.00000e+00
0264  5.59750e+18  6.13876e-23  1.77459e-08  5.29152e+07  2.77709e-01  0.00000e+00
0265  5.61489e+18  6.09519e-23  1.75853e-08  5.29638e+07  2.77302e-01  0.00000e+00
0266  5.63228e+18  6.05208e-23  1.74267e-08  5.30121e+07  2.76896e-01  0.00000e+00
0267  5.64967e+18  6.00944e-23  1.72700e-08  5.30601e+07  2.76491e-01  0.00000e+00
0268  5.66707e+18  5.96724e-23  1.71152e-08  5.31078e+07  2.76087e-01  0.00000e+00
0269  5.68446e+18  5.92549e-23  1.69623e-08  5.31553e+07  2.75684e-01  0.00000e+00
0270  5.70185e+18  5.88417e-23  1.68113e-08  5.32024e+07  2.75283e-01  0.00000e+00
0271  5.71924e+18  5.84329e-23  1.66620e-08  5.32493e+07  2.74883e-01  0.00000e+00
0272  5.73664e+18  5.80283e-23  1.65145e-08  5.32959e+07  2.74484e-01  0.00000e+00
0273  5.75403e+18  5.76280e-23  1.63688e-08  5.33422e+07  2.74086e-01  0.00000e+00
0274  5.77142e+18  5.72318e-23  1.62248e-08  5.33883e+07  2.73690e-01  0.00000e+00
0275  5.78881e+18  5.68396e-23  1.60825e-08  5.34341e+07  2.73294e-01  0.00000e+00
0276  5.80620e+18  5.64515e-23  1.59419e-08  5.34796e+07  2.72900e-01  0.00000e+00
0277  5.82360e+18  5.60674e-23  1.58030e-08  5.35249e+07  2.72507e-01  0.00000e+00
0278  5.84099e+18  5.56872e-23  1.56657e-08  5.35698e+07  2.72115e-01  0.00000e+00
0279  5.85838e+18  5.53108e-23  1.55300e-08  5.36146e+07  2.71724e-01  0.00000e+00
0280  5.87577e+18  5.49383e-23  1.53958e-08  5.36590e+07  2.71335e-01  0.00000e+00
0281  5.89317e+18  5.45696e-23  1.52633e-08  5.37033e+07  2.70947e-01  0.00000e+00
0282  5.91056e+18  5.42045e-23  1.51322e-08  5.37472e+07  2.70559e-01  0.00000e+00
0283  5.92795e+18  5.38431e-23  1.50027e-08  5.37909e+07  2.70173e-01  0.00000e+00
0284  5.94534e+18  5.34853e-23  1.48747e-08  5.38344e+07  2.69789e-01  0.00000e+00
0285  5.96274e+18  5.31311e-23  1.47481e-08  5.38776e+07  2.69405e-01  0.00000e+00
0286  5.98013e+18  5.27804e-23  1.46230e-08  5.39206e+07  2.69022e-01  0.00000e+00
0287  5.99752e+18  5.24332e-23  1.44994e-08  5.39633e+07  2.68641e-01  0.00000e+00
0288  6.01491e+18  5.20894e-23  1.43771e-08  5.40058e+07  2.68261e-01  0.00000e+00
0289  6.03231e+18  5.17490e-23  1.42562e-08  5.40481e+07  2.67881e-01  0.00000e+00
0290  6.04970e+18  5.14119e-23  1.41367e-08  5.40901e+07  2.67503e-01  0.00000e+00
0291  6.06709e+18  5.10781e-23  1.40186e-08  5.41319e+07  2.67127e-01  0.00000e+00
0292  6.08448e+18  5.07476e-23  1.39017e-08  5.41734e+07  2.66751e-01  0.00000e+00
0293  6.10188e+18  5.04202e-23  1.37862e-08  5.42147e+07  2.66376e-01  0.00000e+00
0294  6.11927e+18  5.00960e-23  1.36720e-08  5.42558e+07  2.66003e-01  0.00000e+00
0295  6.13666e+18  4.97750e-23  1.35591e-08  5.42967e+07  2.65630e-01  0.00000e+00
0296  6.15405e+18  4.94570e-23  1.34474e-08  5.43373e+07  2.65259e-01  0.00000e+00
0297  6.17145e+18  4.91421e-23  1.33369e-08  5.43778e+07  2.64889e-01  0.00000e+00
0298  6.18884e+18  4.88302e-23  1.32277e-08  5.44180e+07  2.64520e-01  0.00000e+00
0299  6.20623e+18  4.85213e-23  1.31196e-08  5.44579e+07  2.64152e-01  0.00000e+00
0300  6.22362e+18  4.82152e-23  1.30128e-08  5.44977e+07  2.63785e-01  0.00000e+00
0301  6.24102e+18  4.79121e-23  1.29071e-08  5.45373e+07  2.63419e-01  0.00000e+00
0302  6.25841e+18  4.76118e-23  1.28026e-08  5.45766e+07  2.63055e-01  0.00000e+00
0303  6.27580e+18  4.73144e-23  1.26992e-08  5.46157e+07  2.62691e-01  0.00000e+00
0304  6.29319e+18  4.70197e-23  1.25970e-08  5.46546e+07  2.62328e-01  0.00000e+00
0305  6.31059e+18  4.67278e-23  1.24958e-08  5.46933e+07  2.61967e-01  0.00000e+00
0306  6.32798e+18  4.64386e-23  1.23958e-08  5.47318e+07  2.61607e-01  0.00000e+00
0307  6.34537e+18  4.61521e-23  1.22968e-08  5.47701e+07  2.61247e-01  0.00000e+00
0308  6.36276e+18  4.58682e-23  1.21989e-08  5.48082e+07  2.60889e-01  0.00000e+00
0309  6.38016e+18  4.55870e-23  1.21021e-08  5.48461e+07  2.60532e-01  0.00000e+00
0310  6.39755e+18  4.53083e-23  1.20062e-08  5.48838e+07  2.60176e-01  0.00000e+00
0311  6.41494e+18  4.50322e-23  1.19114e-08  5.49213e+07  2.59821e-01  0.00000e+00
0312  6.43233e+18  4.47586e-23  1.18176e-08  5.49586e+07  2.59467e-01  0.00000e+00
0313  6.44973e+18  4.44875e-23  1.17248e-08  5.49957e+07  2.59114e-01  0.00000e+00
0314  6.46712e+18  4.42189e-23  1.16330e-08  5.50326e+07  2.58762e-01  0.00000e+00
0315  6.48451e+18  4.39527e-23  1.15422e-08  5.50694e+07  2.58411e-01  0.00000e+00
0316  6.50190e+18  4.36889e-23  1.14523e-08  5.51059e+07  2.58061e-01  0.00000e+00
0317  6.51930e+18  4.34274e-23  1.13633e-08  5.51422e+07  2.57712e-01  0.00000e+00
0318  6.53669e+18  4.31684e-23  1.12753e-08  5.51784e+07  2.57364e-01  0.00000e+00
0319  6.55408e+18  4.29116e-23  1.11882e-08  5.52144e+07  2.57018e-01  0.00000e+00
0320  6.57147e+18  4.26571e-23  1.11020e-08  5.52501e+07  2.56672e-01  0.00000e+00
0321  6.58887e+18  4.24049e-23  1.10167e-08  5.52857e+07  2.56327e-01  0.00000e+00
0322  6.60626e+18  4.21549e-23  1.09323e-08  5.53212e+07  2.55983e-01  0.00000e+00
0323  6.62365e+18  4.19071e-23  1.08487e-08  5.53564e+07  2.55641e-01  0.00000e+00
0324  6.64104e+18  4.16615e-23  1.07660e-08  5.53915e+07  2.55299e-01  0.00000e+00
0325  6.65844e+18  4.14181e-23  1.06842e-08  5.54264e+07  2.54958e-01  0.00000e+00
0326  6.67583e+18  4.11767e-23  1.06032e-08  5.54611e+07  2.54619e-01  0.00000e+00
0327  6.69322e+18  4.09375e-23  1.05230e-08  5.54956e+07  2.54280e-01  0.00000e+00
0328  6.71061e+18  4.07004e-23  1.04436e-08  5.55300e+07  2.53942e-01  0.00000e+00
0329  6.72801e+18  4.04654e-23  1.03651e-08  5.55642e+07  2.53605e-01  0.00000e+00
0330  6.74540e+18  4.02323e-23  1.02873e-08  5.55982e+07  2.53270e-01  0.00000e+00
0331  6.76279e+18  4.00013e-23  1.02103e-08  5.56320e+07  2.52935e-01  0.00000e+00
0332  6.78018e+18  3.97723e-23  1.01341e-08  5.56657e+07  2.52601e-01  0.00000e+00
0333  6.79758e+18  3.95452e-23  1.00587e-08  5.56992e+07  2.52268e-01  0.00000e+00
0334  6.81497e+18  3.93201e-23  9.98401e-09  5.57326e+07  2.51936e-01  0.00000e+00
0335  6.83236e+18  3.90969e-23  9.91007e-09  5.57658e+07  2.51605e-01  0.00000e+00
0336  6.84975e+18  3.88756e-23  9.83687e-09  5.57988e+07  2.51275e-01  0.00000e+00
0337  6.86715e+18  3.86561e-23  9.76440e-09  5.58317e+07  2.50946e-01  0.00000e+00
0338  6.88454e+18  3.84385e-23  9.69265e-09  5.58644e+07  2.50618e-01  0.00000e+00
0339  6.90193e+18  3.82228e-23  9.62160e-09  5.58969e+07  2.50291e-01  0.00000e+00
0340  6.91932e+18  3.80089e-23  9.55126e-09  5.59293e+07  2.49965e-01  0.00000e+00
0341  6.93672e+18  3.77967e-23  9.48161e-09  5.59615e+07  2.49640e-01  0.00000e+00
0342  6.95411e+18  3.75864e-23  9.41264e-09  5.59936e+07  2.49315e-01  0.00000e+00
0343  6.97150e+18  3.73778e-23  9.34435e-09  5.60255e+07  2.48992e-01  0.00000e+00
0344  6.98889e+18  3.71709e-23  9.27672e-09  5.60573e+07  2.48670e-01  0.00000e+00
0345  7.00629e+18  3.69657e-23  9.20975e-09  5.60889e+07  2.48348e-01  0.00000e+00
0346  7.02368e+18  3.67623e-23  9.14343e-09  5.61204e+07  2.48028e-01  0.00000e+00
0347  7.04107e+18  3.65605e-23  9.07776e-09  5.61517e+07  2.47708e-01  0.00000e+00
0348  7.05846e+18  3.63603e-23  9.01272e-09  5.61829e+07  2.47389e-01  0.00000e+00
0349  7.07586e+18  3.61618e-23  8.94830e-09  5.62139e+07  2.47071e-01  0.00000e+00
0350  7.09325e+18  3.59650e-23  8.88451e-09  5.62448e+07  2.46754e-01  0.00000e+00
0351  7.11064e+18  3.57697e-23  8.82133e-09  5.62755e+07  2.46438e-01  0.00000e+00
0352  7.12803e+18  3.55760e-23  8.75875e-09  5.63061e+07  2.46123e-01  0.00000e+00
0353  7.14543e+18  3.53839e-23  8.69677e-09  5.63365e+07  2.45809e-01  0.00000e+00
0354  7.16282e+18  3.51934e-23  8.63538e-09  5.63668e+07  2.45496e-01  0.00000e+00
0355  7.18021e+18  3.50044e-23  8.57457e-09  5.63970e+07  2.45183e-01  0.00000e+00
0356  7.19760e+18  3.48169e-23  8.51434e-09  5.64270e+07  2.44872e-01  0.00000e+00
0357  7.21500e+18  3.46309e-23  8.45468e-09  5.64569e+07  2.44561e-01  0.00000e+00
0358  7.23239e+18  3.44464e-23  8.39558e-09  5.64866e+07  2.44251e-01  0.00000e+00
0359  7.24978e+18  3.42634e-23  8.33703e-09  5.65162e+07  2.43943e-01  0.00000e+00
0360  7.26717e+18  3.40818e-23  8.27904e-09  5.65457e+07  2.43635e-01  0.00000e+00
0361  7.28457e+18  3.39017e-23  8.22159e-09  5.65750e+07  2.43327e-01  0.00000e+00
0362  7.30196e+18  3.37230e-23  8.16467e-09  5.66042e+07  2.43021e-01  0.00000e+00
0363  7.31935e+18  3.35457e-23  8.10828e-09  5.66333e+07  2.42716e-01  0.00000e+00
0364  7.33674e+18  3.33698e-23  8.05242e-09  5.66622e+07  2.42411e-01  0.00000e+00
0365  7.35414e+18  3.31953e-23  7.99708e-09  5.66910e+07  2.42107e-01  0.00000e+00
0366  7.37153e+18  3.30221e-23  7.94225e-09  5.67197e+07  2.41805e-01  0.00000e+00
0367  7.38892e+18  3.28503e-23  7.88792e-09  5.67482e+07  2.41502e-01  0.00000e+00
0368  7.40631e+18  3.26799e-23  7.83409e-09  5.67767e+07  2.41201e-01  0.00000e+00
0369  7.42371e+18  3.25107e-23  7.78076e-09  5.68049e+07  2.40901e-01  0.00000e+00
0370  7.44110e+18  3.23429e-23  7.72792e-09  5.68331e+07  2.40602e-01  0.00000e+00
0371  7.45849e+18  3.21764e-23  7.67556e-09  5.68611e+07  2.40303e-01  0.00000e+00
0372  7.47588e+18  3.20111e-23  7.62367e-09  5.68890e+07  2.40005e-01  0.00000e+00
0373  7.49328e+18  3.18472e-23  7.57226e-09  5.69168e+07  2.39708e-01  0.00000e+00
0374  7.51067e+18  3.16844e-23  7.52132e-09  5.69445e+07  2.39412e-01  0.00000e+00
0375  7.52806e+18  3.15230e-23  7.47083e-09  5.69720e+07  2.39117e-01  0.00000e+00
0376  7.54545e+18  3.13627e-23  7.42080e-09  5.69994e+07  2.38822e-01  0.00000e+00
0377  7.56285e+18  3.12037e-23  7.37122e-09  5.70267e+07  2.38528e-01  0.00000e+00
0378  7.58024e+18  3.10459e-23  7.32209e-09  5.70539e+07  2.38236e-01  0.00000e+00
0379  7.59763e+18  3.08893e-23  7.27340e-09  5.70809e+07  2.37944e-01  0.00000e+00
0380  7.61502e+18  3.07339e-23  7.22514e-09  5.71078e+07  2.37652e-01  0.00000e+00
0381  7.63242e+18  3.05796e-23  7.17732e-09  5.71347e+07  2.37362e-01  0.00000e+00
0382  7.64981e+18  3.04265e-23  7.12992e-09  5.71614e+07  2.37072e-01  0.00000e+00
0383  7.66720e+18  3.02745e-23  7.08294e-09  5.71879e+07  2.36783e-01  0.00000e+00
0384  7.68459e+18  3.01237e-23  7.03638e-09  5.72144e+07  2.36495e-01  0.00000e+00
0385  7.70199e+18  2.99740e-23  6.99023e-09  5.72407e+07  2.36208e-01  0.00000e+00
0386  7.71938e+18  2.98255e-23  6.94449e-09  5.72670e+07  2.35921e-01  0.00000e+00
0387  7.73677e+18  2.96780e-23  6.89915e-09  5.72931e+07  2.35636e-01  0.00000e+00
0388  7.75416e+18  2.95316e-23  6.85420e-09  5.73191e+07  2.35351e-01  0.00000e+00
0389  7.77156e+18  2.93863e-23  6.80966e-09  5.73450e+07  2.35067e-01  0.00000e+00
0390  7.78895e+18  2.92421e-23  6.76550e-09  5.73708e+07  2.34783e-01  0.00000e+00
0391  7.80634e+18  2.90989e-23  6.72172e-09  5.73965e+07  2.34501e-01  0.00000e+00
0392  7.82373e+18  2.89568e-23  6.67833e-09  5.74220e+07  2.34219e-01  0.00000e+00
0393  7.84113e+18  2.88157e-23  6.63532e-09  5.74475e+07  2.33938e-01  0.00000e+00
0394  7.85852e+18  2.86756e-23  6.59267e-09  5.74729e+07  2.33658e-01  0.00000e+00
0395  7.87591e+18  2.85366e-23  6.55040e-09  5.74981e+07  2.33378e-01  0.00000e+00
0396  7.89330e+18  2.83986e-23  6.50849e-09  5.75232e+07  2.33099e-01  0.00000e+00
0397  7.91070e+18  2.82615e-23  6.46694e-09  5.75483e+07  2.32821e-01  0.00000e+00
0398  7.92809e+18  2.81255e-23  6.42575e-09  5.75732e+07  2.32544e-01  0.00000e+00
0399  7.94548e+18  2.79904e-23  6.38491e-09  5.75980e+07  2.32268e-01  0.00000e+00
0400  7.96287e+18  2.78563e-23  6.34442e-09  5.76227e+07  2.31992e-01  0.00000e+00
0401  7.98027e+18  2.77232e-23  6.30428e-09  5.76473e+07  2.31717e-01  0.00000e+00
0402  7.99766e+18  2.75910e-23  6.26447e-09  5.76719e+07  2.31443e-01  0.00000e+00
0403  8.01505e+18  2.74598e-23  6.22501e-09  5.76963e+07  2.31169e-01  0.00000e+00
0404  8.03244e+18  2.73295e-23  6.18588e-09  5.77206e+07  2.30896e-01  0.00000e+00
0405  8.04984e+18  2.72002e-23  6.14708e-09  5.77448e+07  2.30624e-01  0.00000e+00
0406  8.06723e+18  2.70717e-23  6.10861e-09  5.77689e+07  2.30353e-01  0.00000e+00
0407  8.08462e+18  2.69442e-23  6.07046e-09  5.77929e+07  2.30082e-01  0.00000e+00
0408  8.10201e+18  2.68175e-23  6.03263e-09  5.78168e+07  2.29812e-01  0.00000e+00
0409  8.11940e+18  2.66918e-23  5.99512e-09  5.78406e+07  2.29543e-01  0.00000e+00
0410  8.13680e+18  2.65669e-23  5.95792e-09  5.78643e+07  2.29275e-01  0.00000e+00
0411  8.15419e+18  2.64429e-23  5.92104e-09  5.78879e+07  2.29007e-01  0.00000e+00
0412  8.17158e+18  2.63198e-23  5.88446e-09  5.79114e+07  2.28740e-01  0.00000e+00
0413  8.18897e+18  2.61975e-23  5.84818e-09  5.79349e+07  2.28474e-01  0.00000e+00
0414  8.20637e+18  2.60761e-23  5.81221e-09  5.79582e+07  2.28208e-01  0.00000e+00
0415  8.22376e+18  2.59555e-23  5.77653e-09  5.79814e+07  2.27943e-01  0.00000e+00
0416  8.24115e+18  2.58358e-23  5.74115e-09  5.80046e+07  2.27679e-01  0.00000e+00
0417  8.25854e+18  2.57168e-23  5.70606e-09  5.80276e+07  2.27415e-01  0.00000e+00
0418  8.27594e+18  2.55987e-23  5.67126e-09  5.80506e+07  2.27153e-01  0.00000e+00
0419  8.29333e+18  2.54815e-23  5.63674e-09  5.80734e+07  2.26890e-01  0.00000e+00
0420  8.31072e+18  2.53650e-23  5.60251e-09  5.80962e+07  2.26629e-01  0.00000e+00
0421  8.32811e+18  2.52493e-23  5.56856e-09  5.81189e+07  2.26368e-01  0.00000e+00
0422  8.34551e+18  2.51344e-23  5.53488e-09  5.81415e+07  2.26108e-01  0.00000e+00
0423  8.36290e+18  2.50203e-23  5.50148e-09  5.81640e+07  2.25849e-01  0.00000e+00
0424  8.38029e+18  2.49070e-23  5.46834e-09  5.81864e+07  2.25590e-01  0.00000e+00
0425  8.39768e+18  2.47944e-23  5.43548e-09  5.82087e+07  2.25332e-01  0.00000e+00
0426  8.41508e+18  2.46826e-23  5.40288e-09  5.82309e+07  2.25075e-01  0.00000e+00
0427  8.43247e+18  2.45715e-23  5.37055e-09  5.82531e+07  2.24818e-01  0.00000e+00
0428  8.44986e+18  2.44612e-23  5.33847e-09  5.82751e+07  2.24562e-01  0.00000e+00
0429  8.46725e+18  2.43517e-23  5.30666e-09  5.82971e+07  2.24307e-01  0.00000e+00
0430  8.48465e+18  2.42428e-23  5.27509e-09  5.83190e+07  2.24052e-01  0.00000e+00
0431  8.50204e+18  2.41347e-23  5.24378e-09  5.83408e+07  2.23798e-01  0.00000e+00
0432  8.51943e+18  2.40274e-23  5.21273e-09  5.83625e+07  2.23545e-01  0.00000e+00
0433  8.53682e+18  2.39207e-23  5.18191e-09  5.83841e+07  2.23292e-01  0.00000e+00
0434  8.55422e+18  2.38148e-23  5.15135e-09  5.84057e+07  2.23040e-01  0.00000e+00
0435  8.57161e+18  2.37095e-23  5.12102e-09  5.84271e+07  2.22789e-01  0.00000e+00
0436  8.58900e+18  2.36049e-23  5.09094e-09  5.84485e+07  2.22538e-01  0.00000e+00
0437  8.60639e+18  2.35011e-23  5.06109e-09  5.84698e+07  2.22288e-01  0.00000e+00
0438  8.62379e+18  2.33979e-23  5.03148e-09  5.84910e+07  2.22038e-01  0.00000e+00
0439  8.64118e+18  2.32954e-23  5.00210e-09  5.85121e+07  2.21789e-01  0.00000e+00
0440  8.65857e+18  2.31936e-23  4.97296e-09  5.85332e+07  2.21541e-01  0.00000e+00
0441  8.67596e+18  2.30924e-23  4.94404e-09  5.85541e+07  2.21294e-01  0.00000e+00
0442  8.69336e+18  2.29919e-23  4.91535e-09  5.85750e+07  2.21047e-01  0.00000e+00
0443  8.71075e+18  2.28921e-23  4.88688e-09  5.85958e+07  2.20801e-01  0.00000e+00
0444  8.72814e+18  2.27929e-23  4.85863e-09  5.86166e+07  2.20555e-01  0.00000e+00
0445  8.74553e+18  2.26943e-23  4.83061e-09  5.86372e+07  2.20310e-01  0.00000e+00
0446  8.76293e+18  2.25964e-23  4.80280e-09  5.86578e+07  2.20066e-01  0.00000e+00
0447  8.78032e+18  2.24991e-23  4.77521e-09  5.86783e+07  2.19822e-01  0.00000e+00
0448  8.79771e+18  2.24024e-23  4.74783e-09  5.86987e+07  2.19579e-01  0.00000e+00
0449  8.81510e+18  2.23064e-23  4.72066e-09  5.87190e+07  2.19336e-01  0.00000e+00
0450  8.83250e+18  2.22110e-23  4.69370e-09  5.87393e+07  2.19094e-01  0.00000e+00
0451  8.84989e+18  2.21162e-23  4.66695e-09  5.87595e+07  2.18853e-01  0.00000e+00
0452  8.86728e+18  2.20220e-23  4.64040e-09  5.87796e+07  2.18612e-01  0.00000e+00
0453  8.88467e+18  2.19284e-23  4.61406e-09  5.87996e+07  2.18372e-01  0.00000e+00
0454  8.90207e+18  2.18354e-23  4.58791e-09  5.88196e+07  2.18133e-01  0.00000e+00
0455  8.91946e+18  2.17430e-23  4.56197e-09  5.88395e+07  2.17894e-01  0.00000e+00
0456  8.93685e+18  2.16511e-23  4.53623e-09  5.88593e+07  2.17656e-01  0.00000e+00
0457  8.95424e+18  2.15599e-23  4.51068e-09  5.88790e+07  2.17418e-01  0.00000e+00
0458  8.97164e+18  2.14692e-23  4.48532e-09  5.88987e+07  2.17181e-01  0.00000e+00
0459  8.98903e+18  2.13791e-23  4.46016e-09  5.89183e+07  2.16944e-01  0.00000e+00
0460  9.00642e+18  2.12896e-23  4.43517e-09  5.89378e+07  2.16708e-01  0.00000e+00
0461  9.02381e+18  2.12006e-23  4.41038e-09  5.89572e+07  2.16473e-01  0.00000e+00
0462  9.04121e+18  2.11121e-23  4.38577e-09  5.89766e+07  2.16238e-01  0.00000e+00
0463  9.05860e+18  2.10243e-23  4.36135e-09  5.89959e+07  2.16004e-01  0.00000e+00
0464  9.07599e+18  2.09370e-23  4.33711e-09  5.90152e+07  2.15771e-01  0.00000e+00
0465  9.09338e+18  2.08502e-23  4.31305e-09  5.90343e+07  2.15538e-01  0.00000e+00
0466  9.11078e+18  2.07639e-23  4.28917e-09  5.90534e+07  2.15305e-01  0.00000e+00
0467  9.12817e+18  2.06782e-23  4.26547e-09  5.90725e+07  2.15074e-01  0.00000e+00
0468  9.14556e+18  2.05931e-23  4.24195e-09  5.90914e+07  2.14842e-01  0.00000e+00
0469  9.16295e+18  2.05084e-23  4.21860e-09  5.91103e+07  2.14612e-01  0.00000e+00
0470  9.18035e+18  2.04243e-23  4.19542e-09  5.91291e+07  2.14382e-01  0.00000e+00
0471  9.19774e+18  2.03407e-23  4.17242e-09  5.91479e+07  2.14152e-01  0.00000e+00
0472  9.21513e+18  2.02576e-23  4.14959e-09  5.91666e+07  2.13923e-01  0.00000e+00
0473  9.23252e+18  2.01750e-23  4.12693e-09  5.91852e+07  2.13695e-01  0.00000e+00
0474  9.24992e+18  2.00929e-23  4.10443e-09  5.92037e+07  2.13467e-01  0.00000e+00
0475  9.26731e+18  2.00113e-23  4.08210e-09  5.92222e+07  2.13240e-01  0.00000e+00
0476  9.28470e+18  1.99302e-23  4.05993e-09  5.92406e+07  2.13013e-01  0.00000e+00
0477  9.30209e+18  1.98496e-23  4.03793e-09  5.92590e+07  2.12787e-01  0.00000e+00
0478  9.31949e+18  1.97695e-23  4.01609e-09  5.92773e+07  2.12561e-01  0.00000e+00
0479  9.33688e+18  1.96899e-23  3.99440e-09  5.92955e+07  2.12336e-01  0.00000e+00
0480  9.35427e+18  1.96107e-23  3.97288e-09  5.93136e+07  2.12112e-01  0.00000e+00
0481  9.37166e+18  1.95320e-23  3.95151e-09  5.93317e+07  2.11888e-01  0.00000e+00
0482  9.38906e+18  1.94538e-23  3.93029e-09  5.93497e+07  2.11664e-01  0.00000e+00
0483  9.40645e+18  1.93761e-23  3.90923e-09  5.93677e+07  2.11441e-01  0.00000e+00
0484  9.42384e+18  1.92988e-23  3.88833e-09  5.93856e+07  2.11219e-01  0.00000e+00
0485  9.44123e+18  1.92220e-23  3.86757e-09  5.94034e+07  2.10997e-01  0.00000e+00
0486  9.45863e+18  1.91457e-23  3.84696e-09  5.94212e+07  2.10776e-01  0.00000e+00
0487  9.47602e+18  1.90698e-23  3.82650e-09  5.94389e+07  2.10555e-01  0.00000e+00
0488  9.49341e+18  1.89944e-23  3.80619e-09  5.94565e+07  2.10335e-01  0.00000e+00
0489  9.51080e+18  1.89194e-23  3.78602e-09  5.94741e+07  2.10116e-01  0.00000e+00
0490  9.52820e+18  1.88448e-23  3.76600e-09  5.94917e+07  2.09897e-01  0.00000e+00
0491  9.54559e+18  1.87707e-23  3.74612e-09  5.95091e+07  2.09678e-01  0.00000e+00
0492  9.56298e+18  1.86970e-23  3.72638e-09  5.95265e+07  2.09460e-01  0.00000e+00
0493  9.58037e+18  1.86238e-23  3.70678e-09  5.95438e+07  2.09242e-01  0.00000e+00
0494  9.59777e+18  1.85510e-23  3.68733e-09  5.95611e+07  2.09025e-01  0.00000e+00
0495  9.61516e+18  1.84786e-23  3.66801e-09  5.95783e+07  2.08809e-01  0.00000e+00
0496  9.63255e+18  1.84066e-23  3.64882e-09  5.95955e+07  2.08593e-01  0.00000e+00
0497  9.64994e+18  1.83351e-23  3.62977e-09  5.96126e+07  2.08377e-01  0.00000e+00
0498  9.66734e+18  1.82639e-23  3.61086e-09  5.96296e+07  2.08163e-01  0.00000e+00
0499  9.68473e+18  1.81932e-23  3.59208e-09  5.96466e+07  2.07948e-01  0.00000e+00
0500  9.70212e+18  1.81229e-23  3.57343e-09  5.96635e+07  2.07734e-01  0.00000e+00
0501  9.71951e+18  1.80530e-23  3.55491e-09  5.96804e+07  2.07521e-01  0.00000e+00
0502  9.73691e+18  1.79835e-23  3.53652e-09  5.96972e+07  2.07308e-01  0.00000e+00
0503  9.75430e+18  1.79144e-23  3.51826e-09  5.97140e+07  2.07096e-01  0.00000e+00
0504  9.77169e+18  1.78457e-23  3.50012e-09  5.97306e+07  2.06884e-01  0.00000e+00
0505  9.78908e+18  1.77774e-23  3.48212e-09  5.97473e+07  2.06672e-01  0.00000e+00
0506  9.80648e+18  1.77095e-23  3.46423e-09  5.97639e+07  2.06461e-01  0.00000e+00
0507  9.82387e+18  1.76420e-23  3.44647e-09  5.97804e+07  2.06251e-01  0.00000e+00
0508  9.84126e+18  1.75749e-23  3.42884e-09  5.97968e+07  2.06041e-01  0.00000e+00
0509  9.85865e+18  1.75081e-23  3.41132e-09  5.98132e+07  2.05832e-01  0.00000e+00
0510  9.87605e+18  1.74417e-23  3.39393e-09  5.98296e+07  2.05623e-01  0.00000e+00
0511  9.89344e+18  1.73757e-23  3.37666e-09  5.98459e+07  2.05414e-01  0.00000e+00
0512  9.91083e+18  1.73101e-23  3.35950e-09  5.98621e+07  2.05207e-01  0.00000e+00
0513  9.92822e+18  1.72448e-23  3.34246e-09  5.98783e+07  2.04999e-01  0.00000e+00
0514  9.94562e+18  1.71800e-23  3.32554e-09  5.98945e+07  2.04792e-01  0.00000e+00
0515  9.96301e+18  1.71154e-23  3.30874e-09  5.99106e+07  2.04586e-01  0.00000e+00
0516  9.98040e+18  1.70513e-23  3.29205e-09  5.99266e+07  2.04380e-01  0.00000e+00
0517  9.99779e+18  1.69875e-23  3.27547e-09  5.99426e+07  2.04174e-01  0.00000e+00
0518  1.00152e+19  1.69240e-23  3.25900e-09  5.99585e+07  2.03969e-01  0.00000e+00
0519  1.00326e+19  1.68610e-23  3.24265e-09  5.99743e+07  2.03765e-01  0.00000e+00
0520  1.00500e+19  1.67982e-23  3.22641e-09  5.99902e+07  2.03561e-01  0.00000e+00
0521  1.00674e+19  1.67358e-23  3.21028e-09  6.00059e+07  2.03357e-01  0.00000e+00
0522  1.00848e+19  1.66738e-23  3.19425e-09  6.00216e+07  2.03154e-01  0.00000e+00
0523  1.01021e+19  1.66121e-23  3.17834e-09  6.00373e+07  2.02951e-01  0.00000e+00
0524  1.01195e+19  1.65508e-23  3.16253e-09  6.00529e+07  2.02749e-01  0.00000e+00
0525  1.01369e+19  1.64898e-23  3.14683e-09  6.00685e+07  2.02547e-01  0.00000e+00
0526  1.01543e+19  1.64291e-23  3.13123e-09  6.00840e+07  2.02346e-01  0.00000e+00
0527  1.01717e+19  1.63687e-23  3.11573e-09  6.00994e+07  2.02145e-01  0.00000e+00
0528  1.01891e+19  1.63087e-23  3.10035e-09  6.01148e+07  2.01945e-01  0.00000e+00
0529  1.02065e+19  1.62490e-23  3.08506e-09  6.01302e+07  2.01745e-01  0.00000e+00
0530  1.02239e+19  1.61897e-23  3.06987e-09  6.01455e+07  2.01546e-01  0.00000e+00
0531  1.02413e+19  1.61307e-23  3.05479e-09  6.01607e+07  2.01347e-01  0.00000e+00
0532  1.02587e+19  1.60720e-23  3.03980e-09  6.01760e+07  2.01148e-01  0.00000e+00
0533  1.02761e+19  1.60136e-23  3.02492e-09  6.01911e+07  2.00950e-01  0.00000e+00
0534  1.02935e+19  1.59555e-23  3.01013e-09  6.02062e+07  2.00753e-01  0.00000e+00
0535  1.03109e+19  1.58977e-23  2.99544e-09  6.02213e+07  2.00556e-01  0.00000e+00
0536  1.03283e+19  1.58403e-23  2.98085e-09  6.02363e+07  2.00359e-01  0.00000e+00
0537  1.03456e+19  1.57832e-23  2.96635e-09  6.02513e+07  2.00163e-01  0.00000e+00
0538  1.03630e+19  1.57264e-23  2.95195e-09  6.02662e+07  1.99967e-01  0.00000e+00
0539  1.03804e+19  1.56698e-23  2.93764e-09  6.02810e+07  1.99772e-01  0.00000e+00
0540  1.03978e+19  1.56136e-23  2.92343e-09  6.02958e+07  1.99577e-01  0.00000e+00
0541  1.04152e+19  1.55577e-23  2.90930e-09  6.03106e+07  1.99382e-01  0.00000e+00
0542  1.04326e+19  1.55021e-23  2.89527e-09  6.03253e+07  1.99188e-01  0.00000e+00
0543  1.04500e+19  1.54468e-23  2.88134e-09  6.03400e+07  1.98995e-01  0.00000e+00
0544  1.04674e+19  1.53918e-23  2.86749e-09  6.03547e+07  1.98802e-01  0.00000e+00
0545  1.04848e+19  1.53371e-23  2.85373e-09  6.03692e+07  1.98609e-01  0.00000e+00
0546  1.05022e+19  1.52826e-23  2.84006e-09  6.03838e+07  1.98417e-01  0.00000e+00
0547  1.05196e+19  1.52285e-23  2.82648e-09  6.03983e+07  1.98225e-01  0.00000e+00
0548  1.05370e+19  1.51746e-23  2.81299e-09  6.04127e+07  1.98034e-01  0.00000e+00
0549  1.05544e+19  1.51210e-23  2.79958e-09  6.04271e+07  1.97843e-01  0.00000e+00
0550  1.05717e+19  1.50678e-23  2.78627e-09  6.04415e+07  1.97652e-01  0.00000e+00
0551  1.05891e+19  1.50147e-23  2.77301e-09  6.04558e+07  1.97462e-01  0.00000e+00
0552  1.06065e+19  1.49623e-23  2.75994e-09  6.04700e+07  1.97273e-01  0.00000e+00
0553  1.06239e+19  1.49086e-23  2.74656e-09  6.04846e+07  1.97079e-01  0.00000e+00
0554  1.06413e+19  1.48613e-23  2.73480e-09  6.04974e+07  1.96908e-01  0.00000e+00
0555  1.06587e+19  1.47796e-23  2.71451e-09  6.05196e+07  1.96612e-01  0.00000e+00
