# Athena++ data at time=3.900000e+12  cycle=292991279  variables=prim 
# i       x1v         rho          press          vel1         vel2         vel3     
0002  1.07548e+18  2.40946e-18  1.00596e-05 -4.91859e+05  1.38461e-09  0.00000e+00
0003  1.09287e+18  1.08551e-18  6.05065e-06  1.39704e+05  1.89954e-02  0.00000e+00
0004  1.11027e+18  6.83797e-19  4.76117e-06  1.41488e+05  4.19283e-02  0.00000e+00
0005  1.12766e+18  4.43207e-19  3.97369e-06  1.93121e+05  6.26879e-02  0.00000e+00
0006  1.14505e+18  2.81531e-19  3.50717e-06  2.86068e+05  8.08310e-02  0.00000e+00
0007  1.16244e+18  1.86785e-19  3.21485e-06  4.06101e+05  9.70770e-02  0.00000e+00
0008  1.17983e+18  1.61485e-19  2.98819e-06  4.63804e+05  1.11883e-01  0.00000e+00
0009  1.19723e+18  1.44980e-19  2.81348e-06  4.91130e+05  1.25651e-01  0.00000e+00
0010  1.21462e+18  1.31202e-19  2.65602e-06  5.26142e+05  1.38582e-01  0.00000e+00
0011  1.23201e+18  1.22116e-19  2.51449e-06  5.50742e+05  1.50806e-01  0.00000e+00
0012  1.24940e+18  1.14199e-19  2.38908e-06  5.70525e+05  1.62445e-01  0.00000e+00
0013  1.26679e+18  1.06960e-19  2.27362e-06  5.92472e+05  1.73566e-01  0.00000e+00
0014  1.28419e+18  1.00436e-19  2.16843e-06  6.13714e+05  1.84212e-01  0.00000e+00
0015  1.30158e+18  9.45850e-20  2.07214e-06  6.34188e+05  1.94405e-01  0.00000e+00
0016  1.31897e+18  8.94751e-20  1.98353e-06  6.52902e+05  2.04154e-01  0.00000e+00
0017  1.33636e+18  8.48147e-20  1.90209e-06  6.70582e+05  2.13463e-01  0.00000e+00
0018  1.35375e+18  8.05248e-20  1.82666e-06  6.88151e+05  2.22333e-01  0.00000e+00
0019  1.37115e+18  7.65858e-20  1.75688e-06  7.05158e+05  2.30771e-01  0.00000e+00
0020  1.38854e+18  7.32233e-20  1.69171e-06  7.19779e+05  2.38791e-01  0.00000e+00
0021  1.40593e+18  7.01042e-20  1.63134e-06  7.33107e+05  2.46411e-01  0.00000e+00
0022  1.42332e+18  6.69365e-20  1.57504e-06  7.48894e+05  2.53662e-01  0.00000e+00
0023  1.44071e+18  6.42213e-20  1.52172e-06  7.63377e+05  2.60571e-01  0.00000e+00
0024  1.45811e+18  6.16607e-20  1.47251e-06  7.76073e+05  2.67182e-01  0.00000e+00
0025  1.47550e+18  5.92386e-20  1.42599e-06  7.89603e+05  2.73533e-01  0.00000e+00
0026  1.49289e+18  5.69833e-20  1.38243e-06  8.02354e+05  2.79663e-01  0.00000e+00
0027  1.51028e+18  5.48890e-20  1.34164e-06  8.13747e+05  2.85592e-01  0.00000e+00
0028  1.52767e+18  5.30156e-20  1.30420e-06  8.22016e+05  2.91403e-01  0.00000e+00
0029  1.54507e+18  5.14765e-20  1.27108e-06  7.92331e+05  2.96907e-01  0.00000e+00
0030  1.56246e+18  1.76883e-20  1.31251e-06  2.03766e+06  3.03162e-01  0.00000e+00
0031  1.57985e+18  8.24479e-21  1.04016e-06  5.37012e+06  3.07777e-01  0.00000e+00
0032  1.59724e+18  6.11464e-21  9.85037e-07  6.73296e+06  3.11784e-01  0.00000e+00
0033  1.61463e+18  5.07586e-21  9.40310e-07  7.81477e+06  3.15454e-01  0.00000e+00
0034  1.63203e+18  4.38679e-21  8.99837e-07  8.80269e+06  3.18871e-01  0.00000e+00
0035  1.64942e+18  3.87018e-21  8.61372e-07  9.75106e+06  3.22060e-01  0.00000e+00
0036  1.66681e+18  3.46139e-21  8.25327e-07  1.06651e+07  3.25040e-01  0.00000e+00
0037  1.68420e+18  3.12918e-21  7.91080e-07  1.15502e+07  3.27823e-01  0.00000e+00
0038  1.70160e+18  2.85410e-21  7.59098e-07  1.24001e+07  3.30422e-01  0.00000e+00
0039  1.71899e+18  2.62308e-21  7.28891e-07  1.32180e+07  3.32848e-01  0.00000e+00
0040  1.73638e+18  2.42683e-21  7.00744e-07  1.39990e+07  3.35114e-01  0.00000e+00
0041  1.75377e+18  2.25697e-21  6.74192e-07  1.47526e+07  3.37231e-01  0.00000e+00
0042  1.77116e+18  2.10838e-21  6.49027e-07  1.54817e+07  3.39207e-01  0.00000e+00
0043  1.78856e+18  1.97770e-21  6.25284e-07  1.61839e+07  3.41051e-01  0.00000e+00
0044  1.80595e+18  1.86178e-21  6.02902e-07  1.68602e+07  3.42772e-01  0.00000e+00
0045  1.82334e+18  1.75811e-21  5.81687e-07  1.75141e+07  3.44377e-01  0.00000e+00
0046  1.84073e+18  1.66499e-21  5.61635e-07  1.81446e+07  3.45873e-01  0.00000e+00
0047  1.85813e+18  1.58099e-21  5.42704e-07  1.87516e+07  3.47267e-01  0.00000e+00
0050  1.87552e+18  1.50493e-21  5.24849e-07  1.93349e+07  3.48567e-01  0.00000e+00
0051  1.89291e+18  1.43569e-21  5.08009e-07  1.98958e+07  3.49778e-01  0.00000e+00
0052  1.91030e+18  1.37201e-21  4.91962e-07  2.04409e+07  3.50906e-01  0.00000e+00
0053  1.92769e+18  1.31306e-21  4.76552e-07  2.09742e+07  3.51956e-01  0.00000e+00
0054  1.94509e+18  1.25841e-21  4.61790e-07  2.14948e+07  3.52930e-01  0.00000e+00
0055  1.96248e+18  1.20763e-21  4.47650e-07  2.20029e+07  3.53833e-01  0.00000e+00
0056  1.97987e+18  1.16036e-21  4.34114e-07  2.24982e+07  3.54667e-01  0.00000e+00
0057  1.99726e+18  1.11628e-21  4.21173e-07  2.29803e+07  3.55437e-01  0.00000e+00
0058  2.01466e+18  1.07515e-21  4.08818e-07  2.34488e+07  3.56145e-01  0.00000e+00
0059  2.03205e+18  1.03669e-21  3.97036e-07  2.39036e+07  3.56796e-01  0.00000e+00
0060  2.04944e+18  1.00049e-21  3.85688e-07  2.43495e+07  3.57392e-01  0.00000e+00
0061  2.06683e+18  9.66381e-22  3.74774e-07  2.47859e+07  3.57936e-01  0.00000e+00
0062  2.08423e+18  9.34195e-22  3.64269e-07  2.52132e+07  3.58429e-01  0.00000e+00
0063  2.10162e+18  9.03780e-22  3.54158e-07  2.56316e+07  3.58875e-01  0.00000e+00
0064  2.11901e+18  8.74999e-22  3.44423e-07  2.60414e+07  3.59274e-01  0.00000e+00
0065  2.13640e+18  8.47729e-22  3.35047e-07  2.64428e+07  3.59630e-01  0.00000e+00
0066  2.15379e+18  8.21858e-22  3.26015e-07  2.68359e+07  3.59944e-01  0.00000e+00
0067  2.17119e+18  7.97286e-22  3.17311e-07  2.72211e+07  3.60217e-01  0.00000e+00
0068  2.18858e+18  7.73918e-22  3.08919e-07  2.75985e+07  3.60453e-01  0.00000e+00
0069  2.20597e+18  7.51685e-22  3.00837e-07  2.79680e+07  3.60652e-01  0.00000e+00
0070  2.22336e+18  7.30440e-22  2.92994e-07  2.83324e+07  3.60815e-01  0.00000e+00
0071  2.24076e+18  7.10281e-22  2.85514e-07  2.86855e+07  3.60945e-01  0.00000e+00
0072  2.25815e+18  6.91118e-22  2.78369e-07  2.90279e+07  3.61045e-01  0.00000e+00
0073  2.27554e+18  6.72852e-22  2.71519e-07  2.93613e+07  3.61114e-01  0.00000e+00
0074  2.29293e+18  6.55404e-22  2.64933e-07  2.96869e+07  3.61159e-01  0.00000e+00
0075  2.31033e+18  6.38706e-22  2.58585e-07  3.00056e+07  3.61174e-01  0.00000e+00
0076  2.32772e+18  6.22705e-22  2.52457e-07  3.03179e+07  3.61162e-01  0.00000e+00
0077  2.34511e+18  6.07353e-22  2.46535e-07  3.06243e+07  3.61130e-01  0.00000e+00
0078  2.36250e+18  5.92611e-22  2.40807e-07  3.09252e+07  3.61076e-01  0.00000e+00
0079  2.37989e+18  5.78441e-22  2.35263e-07  3.12208e+07  3.61000e-01  0.00000e+00
0080  2.39729e+18  5.64811e-22  2.29894e-07  3.15114e+07  3.60904e-01  0.00000e+00
0081  2.41468e+18  5.51691e-22  2.24691e-07  3.17972e+07  3.60788e-01  0.00000e+00
0082  2.43207e+18  5.39054e-22  2.19648e-07  3.20783e+07  3.60652e-01  0.00000e+00
0083  2.44946e+18  5.26874e-22  2.14758e-07  3.23548e+07  3.60499e-01  0.00000e+00
0084  2.46686e+18  5.15129e-22  2.10015e-07  3.26270e+07  3.60329e-01  0.00000e+00
0085  2.48425e+18  5.03796e-22  2.05413e-07  3.28948e+07  3.60141e-01  0.00000e+00
0086  2.50164e+18  4.92855e-22  2.00946e-07  3.31585e+07  3.59938e-01  0.00000e+00
0087  2.51903e+18  4.82287e-22  1.96610e-07  3.34182e+07  3.59719e-01  0.00000e+00
0088  2.53643e+18  4.72075e-22  1.92400e-07  3.36739e+07  3.59486e-01  0.00000e+00
0089  2.55382e+18  4.62201e-22  1.88309e-07  3.39257e+07  3.59238e-01  0.00000e+00
0090  2.57121e+18  4.52653e-22  1.84338e-07  3.41737e+07  3.58977e-01  0.00000e+00
0091  2.58860e+18  4.43416e-22  1.80482e-07  3.44177e+07  3.58703e-01  0.00000e+00
0092  2.60600e+18  4.34476e-22  1.76738e-07  3.46580e+07  3.58416e-01  0.00000e+00
0093  2.62339e+18  4.25819e-22  1.73100e-07  3.48945e+07  3.58118e-01  0.00000e+00
0094  2.64078e+18  4.17433e-22  1.69565e-07  3.51275e+07  3.57808e-01  0.00000e+00
0095  2.65817e+18  4.09305e-22  1.66129e-07  3.53571e+07  3.57487e-01  0.00000e+00
0096  2.67557e+18  4.01425e-22  1.62788e-07  3.55833e+07  3.57156e-01  0.00000e+00
0097  2.69296e+18  3.93782e-22  1.59538e-07  3.58062e+07  3.56815e-01  0.00000e+00
0098  2.71035e+18  3.86366e-22  1.56376e-07  3.60259e+07  3.56465e-01  0.00000e+00
0099  2.72774e+18  3.79167e-22  1.53299e-07  3.62425e+07  3.56105e-01  0.00000e+00
0100  2.74513e+18  3.72176e-22  1.50305e-07  3.64561e+07  3.55737e-01  0.00000e+00
0101  2.76253e+18  3.65386e-22  1.47389e-07  3.66667e+07  3.55360e-01  0.00000e+00
0102  2.77992e+18  3.58788e-22  1.44550e-07  3.68744e+07  3.54975e-01  0.00000e+00
0103  2.79731e+18  3.52375e-22  1.41785e-07  3.70793e+07  3.54582e-01  0.00000e+00
0104  2.81470e+18  3.46139e-22  1.39091e-07  3.72815e+07  3.54183e-01  0.00000e+00
0105  2.83210e+18  3.40074e-22  1.36466e-07  3.74809e+07  3.53776e-01  0.00000e+00
0106  2.84949e+18  3.34174e-22  1.33908e-07  3.76777e+07  3.53362e-01  0.00000e+00
0107  2.86688e+18  3.28431e-22  1.31415e-07  3.78719e+07  3.52942e-01  0.00000e+00
0108  2.88427e+18  3.22841e-22  1.28984e-07  3.80636e+07  3.52516e-01  0.00000e+00
0109  2.90167e+18  3.17398e-22  1.26614e-07  3.82528e+07  3.52084e-01  0.00000e+00
0110  2.91906e+18  3.12096e-22  1.24302e-07  3.84396e+07  3.51647e-01  0.00000e+00
0111  2.93645e+18  3.06930e-22  1.22047e-07  3.86240e+07  3.51204e-01  0.00000e+00
0112  2.95384e+18  3.01896e-22  1.19847e-07  3.88061e+07  3.50756e-01  0.00000e+00
0113  2.97124e+18  2.96989e-22  1.17701e-07  3.89859e+07  3.50303e-01  0.00000e+00
0114  2.98863e+18  2.92205e-22  1.15606e-07  3.91634e+07  3.49845e-01  0.00000e+00
0115  3.00602e+18  2.87539e-22  1.13561e-07  3.93388e+07  3.49383e-01  0.00000e+00
0116  3.02341e+18  2.82988e-22  1.11565e-07  3.95120e+07  3.48917e-01  0.00000e+00
0117  3.04081e+18  2.78547e-22  1.09616e-07  3.96831e+07  3.48447e-01  0.00000e+00
0118  3.05820e+18  2.74213e-22  1.07713e-07  3.98521e+07  3.47973e-01  0.00000e+00
0119  3.07559e+18  2.69983e-22  1.05854e-07  4.00191e+07  3.47495e-01  0.00000e+00
0120  3.09298e+18  2.65852e-22  1.04038e-07  4.01841e+07  3.47014e-01  0.00000e+00
0121  3.11037e+18  2.61819e-22  1.02265e-07  4.03472e+07  3.46529e-01  0.00000e+00
0122  3.12777e+18  2.57879e-22  1.00531e-07  4.05083e+07  3.46042e-01  0.00000e+00
0123  3.14516e+18  2.54030e-22  9.88377e-08  4.06675e+07  3.45551e-01  0.00000e+00
0124  3.16255e+18  2.50269e-22  9.71825e-08  4.08248e+07  3.45057e-01  0.00000e+00
0125  3.17994e+18  2.46593e-22  9.55635e-08  4.09805e+07  3.44561e-01  0.00000e+00
0126  3.19734e+18  2.42999e-22  9.39815e-08  4.11343e+07  3.44063e-01  0.00000e+00
0127  3.21473e+18  2.39487e-22  9.24358e-08  4.12861e+07  3.43562e-01  0.00000e+00
0128  3.23212e+18  2.36052e-22  9.09254e-08  4.14362e+07  3.43058e-01  0.00000e+00
0129  3.24951e+18  2.32694e-22  8.94492e-08  4.15845e+07  3.42553e-01  0.00000e+00
0130  3.26691e+18  2.29409e-22  8.80063e-08  4.17310e+07  3.42045e-01  0.00000e+00
0131  3.28430e+18  2.26195e-22  8.65955e-08  4.18757e+07  3.41536e-01  0.00000e+00
0132  3.30169e+18  2.23050e-22  8.52159e-08  4.20188e+07  3.41025e-01  0.00000e+00
0133  3.31908e+18  2.19973e-22  8.38665e-08  4.21603e+07  3.40513e-01  0.00000e+00
0134  3.33648e+18  2.16960e-22  8.25464e-08  4.23002e+07  3.39999e-01  0.00000e+00
0135  3.35387e+18  2.14010e-22  8.12548e-08  4.24385e+07  3.39484e-01  0.00000e+00
0136  3.37126e+18  2.11122e-22  7.99909e-08  4.25752e+07  3.38967e-01  0.00000e+00
0137  3.38865e+18  2.08293e-22  7.87542e-08  4.27105e+07  3.38450e-01  0.00000e+00
0138  3.40605e+18  2.05522e-22  7.75438e-08  4.28442e+07  3.37931e-01  0.00000e+00
0139  3.42344e+18  2.02808e-22  7.63589e-08  4.29764e+07  3.37411e-01  0.00000e+00
0140  3.44083e+18  2.00149e-22  7.51988e-08  4.31072e+07  3.36891e-01  0.00000e+00
0141  3.45822e+18  1.97543e-22  7.40628e-08  4.32366e+07  3.36370e-01  0.00000e+00
0142  3.47562e+18  1.94988e-22  7.29503e-08  4.33647e+07  3.35848e-01  0.00000e+00
0143  3.49301e+18  1.92484e-22  7.18605e-08  4.34913e+07  3.35325e-01  0.00000e+00
0144  3.51040e+18  1.90029e-22  7.07929e-08  4.36167e+07  3.34802e-01  0.00000e+00
0145  3.52779e+18  1.87621e-22  6.97470e-08  4.37407e+07  3.34278e-01  0.00000e+00
0146  3.54519e+18  1.85260e-22  6.87221e-08  4.38635e+07  3.33754e-01  0.00000e+00
0147  3.56258e+18  1.82944e-22  6.77176e-08  4.39850e+07  3.33230e-01  0.00000e+00
0148  3.57997e+18  1.80672e-22  6.67332e-08  4.41053e+07  3.32705e-01  0.00000e+00
0149  3.59736e+18  1.78443e-22  6.57682e-08  4.42244e+07  3.32181e-01  0.00000e+00
0150  3.61476e+18  1.76255e-22  6.48222e-08  4.43423e+07  3.31656e-01  0.00000e+00
0151  3.63215e+18  1.74109e-22  6.38946e-08  4.44590e+07  3.31131e-01  0.00000e+00
0152  3.64954e+18  1.72002e-22  6.29851e-08  4.45745e+07  3.30606e-01  0.00000e+00
0153  3.66693e+18  1.69934e-22  6.20931e-08  4.46889e+07  3.30081e-01  0.00000e+00
0154  3.68432e+18  1.67904e-22  6.12183e-08  4.48022e+07  3.29556e-01  0.00000e+00
0155  3.70172e+18  1.65910e-22  6.03602e-08  4.49144e+07  3.29031e-01  0.00000e+00
0156  3.71911e+18  1.63952e-22  5.95184e-08  4.50255e+07  3.28506e-01  0.00000e+00
0157  3.73650e+18  1.62029e-22  5.86925e-08  4.51355e+07  3.27982e-01  0.00000e+00
0158  3.75389e+18  1.60141e-22  5.78821e-08  4.52445e+07  3.27458e-01  0.00000e+00
0159  3.77129e+18  1.58285e-22  5.70868e-08  4.53525e+07  3.26934e-01  0.00000e+00
0160  3.78868e+18  1.56462e-22  5.63064e-08  4.54594e+07  3.26410e-01  0.00000e+00
0161  3.80607e+18  1.54671e-22  5.55404e-08  4.55654e+07  3.25887e-01  0.00000e+00
0162  3.82346e+18  1.52911e-22  5.47885e-08  4.56704e+07  3.25364e-01  0.00000e+00
0163  3.84086e+18  1.51181e-22  5.40503e-08  4.57743e+07  3.24842e-01  0.00000e+00
0164  3.85825e+18  1.49481e-22  5.33256e-08  4.58774e+07  3.24320e-01  0.00000e+00
0165  3.87564e+18  1.47809e-22  5.26141e-08  4.59795e+07  3.23799e-01  0.00000e+00
0166  3.89303e+18  1.46166e-22  5.19153e-08  4.60806e+07  3.23279e-01  0.00000e+00
0167  3.91043e+18  1.44551e-22  5.12291e-08  4.61809e+07  3.22759e-01  0.00000e+00
0168  3.92782e+18  1.42962e-22  5.05552e-08  4.62802e+07  3.22239e-01  0.00000e+00
0169  3.94521e+18  1.41400e-22  4.98932e-08  4.63786e+07  3.21720e-01  0.00000e+00
0170  3.96260e+18  1.39864e-22  4.92429e-08  4.64762e+07  3.21202e-01  0.00000e+00
0171  3.98000e+18  1.38353e-22  4.86040e-08  4.65729e+07  3.20685e-01  0.00000e+00
0172  3.99739e+18  1.36866e-22  4.79763e-08  4.66688e+07  3.20168e-01  0.00000e+00
0173  4.01478e+18  1.35404e-22  4.73597e-08  4.67638e+07  3.19652e-01  0.00000e+00
0174  4.03217e+18  1.33965e-22  4.67535e-08  4.68580e+07  3.19137e-01  0.00000e+00
0175  4.04957e+18  1.32549e-22  4.61578e-08  4.69514e+07  3.18623e-01  0.00000e+00
0176  4.06696e+18  1.31156e-22  4.55724e-08  4.70440e+07  3.18110e-01  0.00000e+00
0177  4.08435e+18  1.29784e-22  4.49969e-08  4.71359e+07  3.17597e-01  0.00000e+00
0178  4.10174e+18  1.28435e-22  4.44312e-08  4.72269e+07  3.17085e-01  0.00000e+00
0179  4.11914e+18  1.27106e-22  4.38752e-08  4.73171e+07  3.16575e-01  0.00000e+00
0180  4.13653e+18  1.25799e-22  4.33285e-08  4.74066e+07  3.16065e-01  0.00000e+00
0181  4.15392e+18  1.24511e-22  4.27909e-08  4.74954e+07  3.15556e-01  0.00000e+00
0182  4.17131e+18  1.23244e-22  4.22624e-08  4.75834e+07  3.15048e-01  0.00000e+00
0183  4.18871e+18  1.21996e-22  4.17426e-08  4.76707e+07  3.14541e-01  0.00000e+00
0184  4.20610e+18  1.20766e-22  4.12315e-08  4.77572e+07  3.14035e-01  0.00000e+00
0185  4.22349e+18  1.19556e-22  4.07288e-08  4.78430e+07  3.13530e-01  0.00000e+00
0186  4.24088e+18  1.18364e-22  4.02343e-08  4.79282e+07  3.13026e-01  0.00000e+00
0187  4.25828e+18  1.17190e-22  3.97479e-08  4.80126e+07  3.12523e-01  0.00000e+00
0188  4.27567e+18  1.16033e-22  3.92695e-08  4.80963e+07  3.12021e-01  0.00000e+00
0189  4.29306e+18  1.14893e-22  3.87987e-08  4.81794e+07  3.11520e-01  0.00000e+00
0190  4.31045e+18  1.13770e-22  3.83356e-08  4.82618e+07  3.11020e-01  0.00000e+00
0191  4.32785e+18  1.12664e-22  3.78799e-08  4.83436e+07  3.10522e-01  0.00000e+00
0192  4.34524e+18  1.11574e-22  3.74315e-08  4.84247e+07  3.10024e-01  0.00000e+00
0193  4.36263e+18  1.10500e-22  3.69902e-08  4.85051e+07  3.09528e-01  0.00000e+00
0194  4.38002e+18  1.09441e-22  3.65560e-08  4.85849e+07  3.09032e-01  0.00000e+00
0195  4.39742e+18  1.08398e-22  3.61285e-08  4.86641e+07  3.08538e-01  0.00000e+00
0196  4.41481e+18  1.07369e-22  3.57078e-08  4.87427e+07  3.08045e-01  0.00000e+00
0197  4.43220e+18  1.06355e-22  3.52938e-08  4.88206e+07  3.07553e-01  0.00000e+00
0198  4.44959e+18  1.05356e-22  3.48861e-08  4.88980e+07  3.07063e-01  0.00000e+00
0199  4.46699e+18  1.04371e-22  3.44849e-08  4.89747e+07  3.06573e-01  0.00000e+00
0200  4.48438e+18  1.03399e-22  3.40898e-08  4.90509e+07  3.06085e-01  0.00000e+00
0201  4.50177e+18  1.02442e-22  3.37008e-08  4.91264e+07  3.05598e-01  0.00000e+00
0202  4.51916e+18  1.01497e-22  3.33179e-08  4.92014e+07  3.05112e-01  0.00000e+00
0203  4.53655e+18  1.00566e-22  3.29408e-08  4.92758e+07  3.04627e-01  0.00000e+00
0204  4.55395e+18  9.96473e-23  3.25695e-08  4.93496e+07  3.04144e-01  0.00000e+00
0205  4.57134e+18  9.87414e-23  3.22039e-08  4.94229e+07  3.03661e-01  0.00000e+00
0206  4.58873e+18  9.78479e-23  3.18438e-08  4.94956e+07  3.03180e-01  0.00000e+00
0207  4.60612e+18  9.69665e-23  3.14891e-08  4.95678e+07  3.02701e-01  0.00000e+00
0208  4.62352e+18  9.60971e-23  3.11397e-08  4.96394e+07  3.02222e-01  0.00000e+00
0209  4.64091e+18  9.52394e-23  3.07956e-08  4.97105e+07  3.01745e-01  0.00000e+00
0210  4.65830e+18  9.43932e-23  3.04567e-08  4.97810e+07  3.01269e-01  0.00000e+00
0211  4.67569e+18  9.35583e-23  3.01227e-08  4.98511e+07  3.00794e-01  0.00000e+00
0212  4.69309e+18  9.27345e-23  2.97937e-08  4.99206e+07  3.00320e-01  0.00000e+00
0213  4.71048e+18  9.19215e-23  2.94696e-08  4.99896e+07  2.99848e-01  0.00000e+00
0214  4.72787e+18  9.11193e-23  2.91502e-08  5.00581e+07  2.99377e-01  0.00000e+00
0215  4.74526e+18  9.03276e-23  2.88354e-08  5.01261e+07  2.98907e-01  0.00000e+00
0216  4.76266e+18  8.95462e-23  2.85253e-08  5.01936e+07  2.98439e-01  0.00000e+00
0217  4.78005e+18  8.87750e-23  2.82196e-08  5.02606e+07  2.97971e-01  0.00000e+00
0218  4.79744e+18  8.80137e-23  2.79184e-08  5.03272e+07  2.97506e-01  0.00000e+00
0219  4.81483e+18  8.72623e-23  2.76215e-08  5.03933e+07  2.97041e-01  0.00000e+00
0220  4.83223e+18  8.65204e-23  2.73289e-08  5.04589e+07  2.96578e-01  0.00000e+00
0221  4.84962e+18  8.57881e-23  2.70404e-08  5.05240e+07  2.96115e-01  0.00000e+00
0222  4.86701e+18  8.50650e-23  2.67561e-08  5.05886e+07  2.95655e-01  0.00000e+00
0223  4.88440e+18  8.43511e-23  2.64758e-08  5.06529e+07  2.95195e-01  0.00000e+00
0224  4.90180e+18  8.36462e-23  2.61994e-08  5.07166e+07  2.94737e-01  0.00000e+00
0225  4.91919e+18  8.29501e-23  2.59270e-08  5.07799e+07  2.94280e-01  0.00000e+00
0226  4.93658e+18  8.22627e-23  2.56583e-08  5.08428e+07  2.93824e-01  0.00000e+00
0227  4.95397e+18  8.15839e-23  2.53934e-08  5.09053e+07  2.93370e-01  0.00000e+00
0228  4.97137e+18  8.09134e-23  2.51322e-08  5.09673e+07  2.92917e-01  0.00000e+00
0229  4.98876e+18  8.02512e-23  2.48746e-08  5.10288e+07  2.92465e-01  0.00000e+00
0230  5.00615e+18  7.95972e-23  2.46206e-08  5.10900e+07  2.92014e-01  0.00000e+00
0231  5.02354e+18  7.89511e-23  2.43701e-08  5.11507e+07  2.91565e-01  0.00000e+00
0232  5.04094e+18  7.83130e-23  2.41230e-08  5.12111e+07  2.91117e-01  0.00000e+00
0233  5.05833e+18  7.76825e-23  2.38792e-08  5.12710e+07  2.90670e-01  0.00000e+00
0234  5.07572e+18  7.70597e-23  2.36388e-08  5.13305e+07  2.90225e-01  0.00000e+00
0235  5.09311e+18  7.64444e-23  2.34017e-08  5.13896e+07  2.89780e-01  0.00000e+00
0236  5.11051e+18  7.58364e-23  2.31677e-08  5.14483e+07  2.89338e-01  0.00000e+00
0237  5.12790e+18  7.52357e-23  2.29370e-08  5.15067e+07  2.88896e-01  0.00000e+00
0238  5.14529e+18  7.46421e-23  2.27093e-08  5.15646e+07  2.88456e-01  0.00000e+00
0239  5.16268e+18  7.40555e-23  2.24846e-08  5.16222e+07  2.88016e-01  0.00000e+00
0240  5.18008e+18  7.34759e-23  2.22630e-08  5.16793e+07  2.87579e-01  0.00000e+00
0241  5.19747e+18  7.29030e-23  2.20443e-08  5.17361e+07  2.87142e-01  0.00000e+00
0242  5.21486e+18  7.23369e-23  2.18284e-08  5.17926e+07  2.86707e-01  0.00000e+00
0243  5.23225e+18  7.17773e-23  2.16155e-08  5.18486e+07  2.86273e-01  0.00000e+00
0244  5.24965e+18  7.12243e-23  2.14053e-08  5.19043e+07  2.85840e-01  0.00000e+00
0245  5.26704e+18  7.06776e-23  2.11979e-08  5.19596e+07  2.85409e-01  0.00000e+00
0246  5.28443e+18  7.01372e-23  2.09932e-08  5.20146e+07  2.84978e-01  0.00000e+00
0247  5.30182e+18  6.96030e-23  2.07911e-08  5.20692e+07  2.84549e-01  0.00000e+00
0248  5.31922e+18  6.90749e-23  2.05917e-08  5.21235e+07  2.84122e-01  0.00000e+00
0249  5.33661e+18  6.85528e-23  2.03949e-08  5.21774e+07  2.83695e-01  0.00000e+00
0250  5.35400e+18  6.80366e-23  2.02005e-08  5.22310e+07  2.83270e-01  0.00000e+00
0251  5.37139e+18  6.75263e-23  2.00087e-08  5.22842e+07  2.82846e-01  0.00000e+00
0252  5.38879e+18  6.70216e-23  1.98193e-08  5.23371e+07  2.82424e-01  0.00000e+00
0253  5.40618e+18  6.65227e-23  1.96324e-08  5.23897e+07  2.82002e-01  0.00000e+00
0254  5.42357e+18  6.60292e-23  1.94478e-08  5.24419e+07  2.81582e-01  0.00000e+00
0255  5.44096e+18  6.55413e-23  1.92655e-08  5.24939e+07  2.81163e-01  0.00000e+00
0256  5.45836e+18  6.50588e-23  1.90856e-08  5.25454e+07  2.80746e-01  0.00000e+00
0257  5.47575e+18  6.45815e-23  1.89079e-08  5.25967e+07  2.80329e-01  0.00000e+00
0258  5.49314e+18  6.41096e-23  1.87324e-08  5.26477e+07  2.79914e-01  0.00000e+00
0259  5.51053e+18  6.36428e-23  1.85591e-08  5.26983e+07  2.79500e-01  0.00000e+00
0260  5.52793e+18  6.31810e-23  1.83880e-08  5.27486e+07  2.79088e-01  0.00000e+00
0261  5.54532e+18  6.27243e-23  1.82190e-08  5.27986e+07  2.78676e-01  0.00000e+00
0262  5.56271e+18  6.22726e-23  1.80521e-08  5.28484e+07  2.78266e-01  0.00000e+00
0263  5.58010e+18  6.18257e-23  1.78873e-08  5.28978e+07  2.77857e-01  0.00000e+00
0264  5.59750e+18  6.13836e-23  1.77244e-08  5.29469e+07  2.77449e-01  0.00000e+00
0265  5.61489e+18  6.09463e-23  1.75636e-08  5.29957e+07  2.77043e-01  0.00000e+00
0266  5.63228e+18  6.05136e-23  1.74048e-08  5.30442e+07  2.76638e-01  0.00000e+00
0267  5.64967e+18  6.00855e-23  1.72478e-08  5.30924e+07  2.76234e-01  0.00000e+00
0268  5.66707e+18  5.96619e-23  1.70928e-08  5.31404e+07  2.75831e-01  0.00000e+00
0269  5.68446e+18  5.92428e-23  1.69396e-08  5.31880e+07  2.75429e-01  0.00000e+00
0270  5.70185e+18  5.88281e-23  1.67883e-08  5.32354e+07  2.75029e-01  0.00000e+00
0271  5.71924e+18  5.84177e-23  1.66388e-08  5.32825e+07  2.74630e-01  0.00000e+00
0272  5.73664e+18  5.80116e-23  1.64911e-08  5.33293e+07  2.74232e-01  0.00000e+00
0273  5.75403e+18  5.76098e-23  1.63452e-08  5.33758e+07  2.73836e-01  0.00000e+00
0274  5.77142e+18  5.72121e-23  1.62010e-08  5.34221e+07  2.73440e-01  0.00000e+00
0275  5.78881e+18  5.68185e-23  1.60585e-08  5.34681e+07  2.73046e-01  0.00000e+00
0276  5.80620e+18  5.64289e-23  1.59177e-08  5.35138e+07  2.72653e-01  0.00000e+00
0277  5.82360e+18  5.60434e-23  1.57786e-08  5.35593e+07  2.72261e-01  0.00000e+00
0278  5.84099e+18  5.56618e-23  1.56411e-08  5.36045e+07  2.71870e-01  0.00000e+00
0279  5.85838e+18  5.52841e-23  1.55052e-08  5.36494e+07  2.71481e-01  0.00000e+00
0280  5.87577e+18  5.49102e-23  1.53709e-08  5.36941e+07  2.71093e-01  0.00000e+00
0281  5.89317e+18  5.45402e-23  1.52382e-08  5.37385e+07  2.70705e-01  0.00000e+00
0282  5.91056e+18  5.41738e-23  1.51070e-08  5.37826e+07  2.70320e-01  0.00000e+00
0283  5.92795e+18  5.38112e-23  1.49774e-08  5.38265e+07  2.69935e-01  0.00000e+00
0284  5.94534e+18  5.34522e-23  1.48492e-08  5.38702e+07  2.69551e-01  0.00000e+00
0285  5.96274e+18  5.30967e-23  1.47225e-08  5.39136e+07  2.69169e-01  0.00000e+00
0286  5.98013e+18  5.27449e-23  1.45973e-08  5.39567e+07  2.68787e-01  0.00000e+00
0287  5.99752e+18  5.23965e-23  1.44735e-08  5.39996e+07  2.68407e-01  0.00000e+00
0288  6.01491e+18  5.20515e-23  1.43511e-08  5.40423e+07  2.68028e-01  0.00000e+00
0289  6.03231e+18  5.17100e-23  1.42301e-08  5.40847e+07  2.67650e-01  0.00000e+00
0290  6.04970e+18  5.13718e-23  1.41105e-08  5.41269e+07  2.67273e-01  0.00000e+00
0291  6.06709e+18  5.10370e-23  1.39922e-08  5.41689e+07  2.66897e-01  0.00000e+00
0292  6.08448e+18  5.07054e-23  1.38753e-08  5.42106e+07  2.66523e-01  0.00000e+00
0293  6.10188e+18  5.03770e-23  1.37597e-08  5.42521e+07  2.66149e-01  0.00000e+00
0294  6.11927e+18  5.00519e-23  1.36453e-08  5.42933e+07  2.65777e-01  0.00000e+00
0295  6.13666e+18  4.97298e-23  1.35323e-08  5.43344e+07  2.65406e-01  0.00000e+00
0296  6.15405e+18  4.94109e-23  1.34205e-08  5.43752e+07  2.65036e-01  0.00000e+00
0297  6.17145e+18  4.90950e-23  1.33100e-08  5.44158e+07  2.64667e-01  0.00000e+00
0298  6.18884e+18  4.87822e-23  1.32007e-08  5.44561e+07  2.64299e-01  0.00000e+00
0299  6.20623e+18  4.84723e-23  1.30926e-08  5.44963e+07  2.63932e-01  0.00000e+00
0300  6.22362e+18  4.81653e-23  1.29856e-08  5.45362e+07  2.63567e-01  0.00000e+00
0301  6.24102e+18  4.78613e-23  1.28799e-08  5.45759e+07  2.63202e-01  0.00000e+00
0302  6.25841e+18  4.75601e-23  1.27753e-08  5.46154e+07  2.62839e-01  0.00000e+00
0303  6.27580e+18  4.72617e-23  1.26719e-08  5.46547e+07  2.62477e-01  0.00000e+00
0304  6.29319e+18  4.69661e-23  1.25696e-08  5.46938e+07  2.62116e-01  0.00000e+00
0305  6.31059e+18  4.66733e-23  1.24684e-08  5.47326e+07  2.61756e-01  0.00000e+00
0306  6.32798e+18  4.63832e-23  1.23683e-08  5.47713e+07  2.61398e-01  0.00000e+00
0307  6.34537e+18  4.60958e-23  1.22692e-08  5.48097e+07  2.61040e-01  0.00000e+00
0308  6.36276e+18  4.58111e-23  1.21713e-08  5.48480e+07  2.60684e-01  0.00000e+00
0309  6.38016e+18  4.55289e-23  1.20744e-08  5.48860e+07  2.60329e-01  0.00000e+00
0310  6.39755e+18  4.52494e-23  1.19785e-08  5.49238e+07  2.59975e-01  0.00000e+00
0311  6.41494e+18  4.49724e-23  1.18837e-08  5.49615e+07  2.59622e-01  0.00000e+00
0312  6.43233e+18  4.46980e-23  1.17899e-08  5.49989e+07  2.59270e-01  0.00000e+00
0313  6.44973e+18  4.44260e-23  1.16970e-08  5.50362e+07  2.58919e-01  0.00000e+00
0314  6.46712e+18  4.41565e-23  1.16052e-08  5.50732e+07  2.58570e-01  0.00000e+00
0315  6.48451e+18  4.38895e-23  1.15143e-08  5.51101e+07  2.58221e-01  0.00000e+00
0316  6.50190e+18  4.36248e-23  1.14244e-08  5.51467e+07  2.57874e-01  0.00000e+00
0317  6.51930e+18  4.33626e-23  1.13354e-08  5.51832e+07  2.57528e-01  0.00000e+00
0318  6.53669e+18  4.31027e-23  1.12474e-08  5.52195e+07  2.57182e-01  0.00000e+00
0319  6.55408e+18  4.28451e-23  1.11603e-08  5.52556e+07  2.56838e-01  0.00000e+00
0320  6.57147e+18  4.25899e-23  1.10740e-08  5.52915e+07  2.56495e-01  0.00000e+00
0321  6.58887e+18  4.23369e-23  1.09887e-08  5.53272e+07  2.56152e-01  0.00000e+00
0322  6.60626e+18  4.20862e-23  1.09043e-08  5.53628e+07  2.55811e-01  0.00000e+00
0323  6.62365e+18  4.18378e-23  1.08208e-08  5.53981e+07  2.55470e-01  0.00000e+00
0324  6.64104e+18  4.15916e-23  1.07381e-08  5.54333e+07  2.55130e-01  0.00000e+00
0325  6.65844e+18  4.13475e-23  1.06562e-08  5.54683e+07  2.54791e-01  0.00000e+00
0326  6.67583e+18  4.11056e-23  1.05752e-08  5.55032e+07  2.54453e-01  0.00000e+00
0327  6.69322e+18  4.08658e-23  1.04951e-08  5.55378e+07  2.54116e-01  0.00000e+00
0328  6.71061e+18  4.06282e-23  1.04157e-08  5.55723e+07  2.53780e-01  0.00000e+00
0329  6.72801e+18  4.03926e-23  1.03372e-08  5.56066e+07  2.53445e-01  0.00000e+00
0330  6.74540e+18  4.01591e-23  1.02594e-08  5.56407e+07  2.53110e-01  0.00000e+00
0331  6.76279e+18  3.99277e-23  1.01824e-08  5.56747e+07  2.52776e-01  0.00000e+00
0332  6.78018e+18  3.96982e-23  1.01063e-08  5.57085e+07  2.52444e-01  0.00000e+00
0333  6.79758e+18  3.94707e-23  1.00308e-08  5.57421e+07  2.52112e-01  0.00000e+00
0334  6.81497e+18  3.92452e-23  9.95618e-09  5.57756e+07  2.51781e-01  0.00000e+00
0335  6.83236e+18  3.90216e-23  9.88227e-09  5.58089e+07  2.51451e-01  0.00000e+00
0336  6.84975e+18  3.87999e-23  9.80909e-09  5.58420e+07  2.51122e-01  0.00000e+00
0337  6.86715e+18  3.85801e-23  9.73665e-09  5.58750e+07  2.50794e-01  0.00000e+00
0338  6.88454e+18  3.83622e-23  9.66492e-09  5.59078e+07  2.50466e-01  0.00000e+00
0339  6.90193e+18  3.81461e-23  9.59391e-09  5.59404e+07  2.50140e-01  0.00000e+00
0340  6.91932e+18  3.79318e-23  9.52359e-09  5.59729e+07  2.49815e-01  0.00000e+00
0341  6.93672e+18  3.77193e-23  9.45398e-09  5.60052e+07  2.49491e-01  0.00000e+00
0342  6.95411e+18  3.75086e-23  9.38504e-09  5.60374e+07  2.49168e-01  0.00000e+00
0343  6.97150e+18  3.72997e-23  9.31679e-09  5.60694e+07  2.48845e-01  0.00000e+00
0344  6.98889e+18  3.70925e-23  9.24920e-09  5.61013e+07  2.48524e-01  0.00000e+00
0345  7.00629e+18  3.68870e-23  9.18227e-09  5.61330e+07  2.48203e-01  0.00000e+00
0346  7.02368e+18  3.66832e-23  9.11599e-09  5.61646e+07  2.47884e-01  0.00000e+00
0347  7.04107e+18  3.64811e-23  9.05036e-09  5.61960e+07  2.47565e-01  0.00000e+00
0348  7.05846e+18  3.62807e-23  8.98536e-09  5.62272e+07  2.47247e-01  0.00000e+00
0349  7.07586e+18  3.60820e-23  8.92099e-09  5.62583e+07  2.46930e-01  0.00000e+00
0350  7.09325e+18  3.58848e-23  8.85724e-09  5.62893e+07  2.46614e-01  0.00000e+00
0351  7.11064e+18  3.56893e-23  8.79410e-09  5.63201e+07  2.46299e-01  0.00000e+00
0352  7.12803e+18  3.54954e-23  8.73157e-09  5.63508e+07  2.45985e-01  0.00000e+00
0353  7.14543e+18  3.53031e-23  8.66964e-09  5.63813e+07  2.45672e-01  0.00000e+00
0354  7.16282e+18  3.51123e-23  8.60830e-09  5.64117e+07  2.45360e-01  0.00000e+00
0355  7.18021e+18  3.49230e-23  8.54754e-09  5.64419e+07  2.45048e-01  0.00000e+00
0356  7.19760e+18  3.47353e-23  8.48737e-09  5.64720e+07  2.44738e-01  0.00000e+00
0357  7.21500e+18  3.45491e-23  8.42776e-09  5.65020e+07  2.44428e-01  0.00000e+00
0358  7.23239e+18  3.43643e-23  8.36871e-09  5.65318e+07  2.44120e-01  0.00000e+00
0359  7.24978e+18  3.41811e-23  8.31022e-09  5.65615e+07  2.43812e-01  0.00000e+00
0360  7.26717e+18  3.39993e-23  8.25228e-09  5.65910e+07  2.43505e-01  0.00000e+00
0361  7.28457e+18  3.38189e-23  8.19489e-09  5.66204e+07  2.43199e-01  0.00000e+00
0362  7.30196e+18  3.36400e-23  8.13803e-09  5.66497e+07  2.42894e-01  0.00000e+00
0363  7.31935e+18  3.34625e-23  8.08170e-09  5.66788e+07  2.42590e-01  0.00000e+00
0364  7.33674e+18  3.32863e-23  8.02590e-09  5.67078e+07  2.42287e-01  0.00000e+00
0365  7.35414e+18  3.31116e-23  7.97062e-09  5.67367e+07  2.41985e-01  0.00000e+00
0366  7.37153e+18  3.29382e-23  7.91585e-09  5.67654e+07  2.41683e-01  0.00000e+00
0367  7.38892e+18  3.27662e-23  7.86159e-09  5.67940e+07  2.41383e-01  0.00000e+00
0368  7.40631e+18  3.25956e-23  7.80782e-09  5.68225e+07  2.41083e-01  0.00000e+00
0369  7.42371e+18  3.24263e-23  7.75455e-09  5.68509e+07  2.40784e-01  0.00000e+00
0370  7.44110e+18  3.22582e-23  7.70178e-09  5.68791e+07  2.40486e-01  0.00000e+00
0371  7.45849e+18  3.20915e-23  7.64948e-09  5.69072e+07  2.40189e-01  0.00000e+00
0372  7.47588e+18  3.19261e-23  7.59766e-09  5.69351e+07  2.39892e-01  0.00000e+00
0373  7.49328e+18  3.17620e-23  7.54632e-09  5.69630e+07  2.39597e-01  0.00000e+00
0374  7.51067e+18  3.15991e-23  7.49544e-09  5.69907e+07  2.39302e-01  0.00000e+00
0375  7.52806e+18  3.14375e-23  7.44502e-09  5.70182e+07  2.39008e-01  0.00000e+00
0376  7.54545e+18  3.12772e-23  7.39506e-09  5.70457e+07  2.38714e-01  0.00000e+00
0377  7.56285e+18  3.11180e-23  7.34556e-09  5.70730e+07  2.38422e-01  0.00000e+00
0378  7.58024e+18  3.09601e-23  7.29649e-09  5.71003e+07  2.38130e-01  0.00000e+00
0379  7.59763e+18  3.08033e-23  7.24787e-09  5.71274e+07  2.37840e-01  0.00000e+00
0380  7.61502e+18  3.06478e-23  7.19968e-09  5.71543e+07  2.37550e-01  0.00000e+00
0381  7.63242e+18  3.04934e-23  7.15193e-09  5.71812e+07  2.37260e-01  0.00000e+00
0382  7.64981e+18  3.03402e-23  7.10460e-09  5.72079e+07  2.36972e-01  0.00000e+00
0383  7.66720e+18  3.01881e-23  7.05769e-09  5.72345e+07  2.36684e-01  0.00000e+00
0384  7.68459e+18  3.00372e-23  7.01120e-09  5.72610e+07  2.36398e-01  0.00000e+00
0385  7.70199e+18  2.98874e-23  6.96512e-09  5.72874e+07  2.36112e-01  0.00000e+00
0386  7.71938e+18  2.97387e-23  6.91945e-09  5.73137e+07  2.35826e-01  0.00000e+00
0387  7.73677e+18  2.95912e-23  6.87419e-09  5.73399e+07  2.35542e-01  0.00000e+00
0388  7.75416e+18  2.94447e-23  6.82932e-09  5.73659e+07  2.35258e-01  0.00000e+00
0389  7.77156e+18  2.92993e-23  6.78485e-09  5.73918e+07  2.34975e-01  0.00000e+00
0390  7.78895e+18  2.91551e-23  6.74077e-09  5.74176e+07  2.34693e-01  0.00000e+00
0391  7.80634e+18  2.90118e-23  6.69707e-09  5.74434e+07  2.34412e-01  0.00000e+00
0392  7.82373e+18  2.88697e-23  6.65376e-09  5.74690e+07  2.34131e-01  0.00000e+00
0393  7.84113e+18  2.87285e-23  6.61082e-09  5.74944e+07  2.33851e-01  0.00000e+00
0394  7.85852e+18  2.85885e-23  6.56826e-09  5.75198e+07  2.33572e-01  0.00000e+00
0395  7.87591e+18  2.84494e-23  6.52606e-09  5.75451e+07  2.33294e-01  0.00000e+00
0396  7.89330e+18  2.83114e-23  6.48424e-09  5.75703e+07  2.33016e-01  0.00000e+00
0397  7.91070e+18  2.81743e-23  6.44277e-09  5.75953e+07  2.32739e-01  0.00000e+00
0398  7.92809e+18  2.80383e-23  6.40166e-09  5.76203e+07  2.32463e-01  0.00000e+00
0399  7.94548e+18  2.79032e-23  6.36090e-09  5.76451e+07  2.32187e-01  0.00000e+00
0400  7.96287e+18  2.77691e-23  6.32049e-09  5.76698e+07  2.31912e-01  0.00000e+00
0401  7.98027e+18  2.76360e-23  6.28043e-09  5.76945e+07  2.31638e-01  0.00000e+00
0402  7.99766e+18  2.75039e-23  6.24070e-09  5.77190e+07  2.31365e-01  0.00000e+00
0403  8.01505e+18  2.73726e-23  6.20132e-09  5.77434e+07  2.31093e-01  0.00000e+00
0404  8.03244e+18  2.72424e-23  6.16227e-09  5.77677e+07  2.30821e-01  0.00000e+00
0405  8.04984e+18  2.71130e-23  6.12356e-09  5.77919e+07  2.30550e-01  0.00000e+00
0406  8.06723e+18  2.69846e-23  6.08517e-09  5.78161e+07  2.30280e-01  0.00000e+00
0407  8.08462e+18  2.68570e-23  6.04710e-09  5.78401e+07  2.30010e-01  0.00000e+00
0408  8.10201e+18  2.67304e-23  6.00936e-09  5.78640e+07  2.29741e-01  0.00000e+00
0409  8.11940e+18  2.66047e-23  5.97193e-09  5.78878e+07  2.29473e-01  0.00000e+00
0410  8.13680e+18  2.64798e-23  5.93482e-09  5.79115e+07  2.29206e-01  0.00000e+00
0411  8.15419e+18  2.63558e-23  5.89802e-09  5.79351e+07  2.28939e-01  0.00000e+00
0412  8.17158e+18  2.62327e-23  5.86152e-09  5.79587e+07  2.28673e-01  0.00000e+00
0413  8.18897e+18  2.61105e-23  5.82533e-09  5.79821e+07  2.28408e-01  0.00000e+00
0414  8.20637e+18  2.59891e-23  5.78944e-09  5.80054e+07  2.28144e-01  0.00000e+00
0415  8.22376e+18  2.58686e-23  5.75385e-09  5.80286e+07  2.27880e-01  0.00000e+00
0416  8.24115e+18  2.57488e-23  5.71856e-09  5.80518e+07  2.27617e-01  0.00000e+00
0417  8.25854e+18  2.56300e-23  5.68355e-09  5.80748e+07  2.27354e-01  0.00000e+00
0418  8.27594e+18  2.55119e-23  5.64883e-09  5.80977e+07  2.27092e-01  0.00000e+00
0419  8.29333e+18  2.53947e-23  5.61440e-09  5.81206e+07  2.26831e-01  0.00000e+00
0420  8.31072e+18  2.52783e-23  5.58026e-09  5.81434e+07  2.26571e-01  0.00000e+00
0421  8.32811e+18  2.51626e-23  5.54639e-09  5.81660e+07  2.26311e-01  0.00000e+00
0422  8.34551e+18  2.50478e-23  5.51280e-09  5.81886e+07  2.26052e-01  0.00000e+00
0423  8.36290e+18  2.49338e-23  5.47948e-09  5.82111e+07  2.25794e-01  0.00000e+00
0424  8.38029e+18  2.48205e-23  5.44643e-09  5.82335e+07  2.25536e-01  0.00000e+00
0425  8.39768e+18  2.47080e-23  5.41366e-09  5.82558e+07  2.25279e-01  0.00000e+00
0426  8.41508e+18  2.45963e-23  5.38114e-09  5.82780e+07  2.25023e-01  0.00000e+00
0427  8.43247e+18  2.44853e-23  5.34890e-09  5.83001e+07  2.24767e-01  0.00000e+00
0428  8.44986e+18  2.43751e-23  5.31691e-09  5.83221e+07  2.24512e-01  0.00000e+00
0429  8.46725e+18  2.42656e-23  5.28518e-09  5.83441e+07  2.24258e-01  0.00000e+00
0430  8.48465e+18  2.41568e-23  5.25370e-09  5.83659e+07  2.24004e-01  0.00000e+00
0431  8.50204e+18  2.40488e-23  5.22248e-09  5.83877e+07  2.23751e-01  0.00000e+00
0432  8.51943e+18  2.39416e-23  5.19151e-09  5.84094e+07  2.23499e-01  0.00000e+00
0433  8.53682e+18  2.38350e-23  5.16079e-09  5.84310e+07  2.23247e-01  0.00000e+00
0434  8.55422e+18  2.37291e-23  5.13031e-09  5.84525e+07  2.22996e-01  0.00000e+00
0435  8.57161e+18  2.36240e-23  5.10007e-09  5.84739e+07  2.22746e-01  0.00000e+00
0436  8.58900e+18  2.35195e-23  5.07008e-09  5.84953e+07  2.22496e-01  0.00000e+00
0437  8.60639e+18  2.34158e-23  5.04032e-09  5.85165e+07  2.22247e-01  0.00000e+00
0438  8.62379e+18  2.33127e-23  5.01080e-09  5.85377e+07  2.21998e-01  0.00000e+00
0439  8.64118e+18  2.32103e-23  4.98151e-09  5.85588e+07  2.21751e-01  0.00000e+00
0440  8.65857e+18  2.31086e-23  4.95245e-09  5.85798e+07  2.21503e-01  0.00000e+00
0441  8.67596e+18  2.30075e-23  4.92363e-09  5.86008e+07  2.21257e-01  0.00000e+00
0442  8.69336e+18  2.29072e-23  4.89502e-09  5.86216e+07  2.21011e-01  0.00000e+00
0443  8.71075e+18  2.28074e-23  4.86665e-09  5.86424e+07  2.20766e-01  0.00000e+00
0444  8.72814e+18  2.27084e-23  4.83849e-09  5.86631e+07  2.20521e-01  0.00000e+00
0445  8.74553e+18  2.26099e-23  4.81055e-09  5.86837e+07  2.20277e-01  0.00000e+00
0446  8.76293e+18  2.25121e-23  4.78283e-09  5.87042e+07  2.20033e-01  0.00000e+00
0447  8.78032e+18  2.24150e-23  4.75533e-09  5.87246e+07  2.19791e-01  0.00000e+00
0448  8.79771e+18  2.23185e-23  4.72804e-09  5.87450e+07  2.19548e-01  0.00000e+00
0449  8.81510e+18  2.22225e-23  4.70095e-09  5.87653e+07  2.19307e-01  0.00000e+00
0450  8.83250e+18  2.21273e-23  4.67407e-09  5.87855e+07  2.19066e-01  0.00000e+00
0451  8.84989e+18  2.20326e-23  4.64739e-09  5.88057e+07  2.18826e-01  0.00000e+00
0452  8.86728e+18  2.19385e-23  4.62092e-09  5.88257e+07  2.18586e-01  0.00000e+00
0453  8.88467e+18  2.18450e-23  4.59466e-09  5.88457e+07  2.18347e-01  0.00000e+00
0454  8.90207e+18  2.17522e-23  4.56859e-09  5.88656e+07  2.18108e-01  0.00000e+00
0455  8.91946e+18  2.16599e-23  4.54273e-09  5.88854e+07  2.17870e-01  0.00000e+00
0456  8.93685e+18  2.15682e-23  4.51706e-09  5.89052e+07  2.17633e-01  0.00000e+00
0457  8.95424e+18  2.14771e-23  4.49159e-09  5.89249e+07  2.17396e-01  0.00000e+00
0458  8.97164e+18  2.13866e-23  4.46632e-09  5.89445e+07  2.17160e-01  0.00000e+00
0459  8.98903e+18  2.12966e-23  4.44124e-09  5.89640e+07  2.16924e-01  0.00000e+00
0460  9.00642e+18  2.12072e-23  4.41634e-09  5.89834e+07  2.16689e-01  0.00000e+00
0461  9.02381e+18  2.11184e-23  4.39164e-09  5.90028e+07  2.16455e-01  0.00000e+00
0462  9.04121e+18  2.10301e-23  4.36713e-09  5.90221e+07  2.16221e-01  0.00000e+00
0463  9.05860e+18  2.09424e-23  4.34280e-09  5.90413e+07  2.15988e-01  0.00000e+00
0464  9.07599e+18  2.08553e-23  4.31865e-09  5.90605e+07  2.15756e-01  0.00000e+00
0465  9.09338e+18  2.07686e-23  4.29469e-09  5.90796e+07  2.15524e-01  0.00000e+00
0466  9.11078e+18  2.06826e-23  4.27091e-09  5.90986e+07  2.15292e-01  0.00000e+00
0467  9.12817e+18  2.05970e-23  4.24730e-09  5.91176e+07  2.15061e-01  0.00000e+00
0468  9.14556e+18  2.05120e-23  4.22387e-09  5.91364e+07  2.14831e-01  0.00000e+00
0469  9.16295e+18  2.04275e-23  4.20062e-09  5.91552e+07  2.14601e-01  0.00000e+00
0470  9.18035e+18  2.03435e-23  4.17754e-09  5.91740e+07  2.14372e-01  0.00000e+00
0471  9.19774e+18  2.02601e-23  4.15463e-09  5.91926e+07  2.14144e-01  0.00000e+00
0472  9.21513e+18  2.01771e-23  4.13189e-09  5.92112e+07  2.13916e-01  0.00000e+00
0473  9.23252e+18  2.00947e-23  4.10932e-09  5.92297e+07  2.13688e-01  0.00000e+00
0474  9.24992e+18  2.00128e-23  4.08692e-09  5.92482e+07  2.13461e-01  0.00000e+00
0475  9.26731e+18  1.99314e-23  4.06468e-09  5.92666e+07  2.13235e-01  0.00000e+00
0476  9.28470e+18  1.98504e-23  4.04260e-09  5.92849e+07  2.13009e-01  0.00000e+00
0477  9.30209e+18  1.97700e-23  4.02069e-09  5.93032e+07  2.12784e-01  0.00000e+00
0478  9.31949e+18  1.96901e-23  3.99894e-09  5.93213e+07  2.12559e-01  0.00000e+00
0479  9.33688e+18  1.96106e-23  3.97734e-09  5.93395e+07  2.12335e-01  0.00000e+00
0480  9.35427e+18  1.95317e-23  3.95591e-09  5.93575e+07  2.12112e-01  0.00000e+00
0481  9.37166e+18  1.94532e-23  3.93463e-09  5.93755e+07  2.11889e-01  0.00000e+00
0482  9.38906e+18  1.93751e-23  3.91351e-09  5.93934e+07  2.11666e-01  0.00000e+00
0483  9.40645e+18  1.92976e-23  3.89254e-09  5.94113e+07  2.11444e-01  0.00000e+00
0484  9.42384e+18  1.92205e-23  3.87172e-09  5.94291e+07  2.11223e-01  0.00000e+00
0485  9.44123e+18  1.91439e-23  3.85106e-09  5.94468e+07  2.11002e-01  0.00000e+00
0486  9.45863e+18  1.90677e-23  3.83054e-09  5.94645e+07  2.10782e-01  0.00000e+00
0487  9.47602e+18  1.89920e-23  3.81017e-09  5.94821e+07  2.10562e-01  0.00000e+00
0488  9.49341e+18  1.89168e-23  3.78995e-09  5.94996e+07  2.10343e-01  0.00000e+00
0489  9.51080e+18  1.88420e-23  3.76988e-09  5.95171e+07  2.10124e-01  0.00000e+00
0490  9.52820e+18  1.87676e-23  3.74994e-09  5.95345e+07  2.09906e-01  0.00000e+00
0491  9.54559e+18  1.86937e-23  3.73015e-09  5.95518e+07  2.09689e-01  0.00000e+00
0492  9.56298e+18  1.86202e-23  3.71051e-09  5.95691e+07  2.09471e-01  0.00000e+00
0493  9.58037e+18  1.85472e-23  3.69100e-09  5.95863e+07  2.09255e-01  0.00000e+00
0494  9.59777e+18  1.84746e-23  3.67163e-09  5.96035e+07  2.09039e-01  0.00000e+00
0495  9.61516e+18  1.84024e-23  3.65240e-09  5.96206e+07  2.08823e-01  0.00000e+00
0496  9.63255e+18  1.83306e-23  3.63330e-09  5.96376e+07  2.08608e-01  0.00000e+00
0497  9.64994e+18  1.82593e-23  3.61434e-09  5.96546e+07  2.08394e-01  0.00000e+00
0498  9.66734e+18  1.81883e-23  3.59552e-09  5.96715e+07  2.08180e-01  0.00000e+00
0499  9.68473e+18  1.81178e-23  3.57682e-09  5.96884e+07  2.07966e-01  0.00000e+00
0500  9.70212e+18  1.80477e-23  3.55826e-09  5.97052e+07  2.07753e-01  0.00000e+00
0501  9.71951e+18  1.79780e-23  3.53983e-09  5.97219e+07  2.07541e-01  0.00000e+00
0502  9.73691e+18  1.79087e-23  3.52153e-09  5.97386e+07  2.07329e-01  0.00000e+00
0503  9.75430e+18  1.78398e-23  3.50335e-09  5.97552e+07  2.07118e-01  0.00000e+00
0504  9.77169e+18  1.77713e-23  3.48531e-09  5.97718e+07  2.06907e-01  0.00000e+00
0505  9.78908e+18  1.77032e-23  3.46739e-09  5.97883e+07  2.06696e-01  0.00000e+00
0506  9.80648e+18  1.76355e-23  3.44959e-09  5.98047e+07  2.06486e-01  0.00000e+00
0507  9.82387e+18  1.75682e-23  3.43192e-09  5.98211e+07  2.06277e-01  0.00000e+00
0508  9.84126e+18  1.75013e-23  3.41437e-09  5.98374e+07  2.06068e-01  0.00000e+00
0509  9.85865e+18  1.74347e-23  3.39694e-09  5.98537e+07  2.05859e-01  0.00000e+00
0510  9.87605e+18  1.73686e-23  3.37963e-09  5.98699e+07  2.05651e-01  0.00000e+00
0511  9.89344e+18  1.73028e-23  3.36244e-09  5.98861e+07  2.05444e-01  0.00000e+00
0512  9.91083e+18  1.72374e-23  3.34537e-09  5.99022e+07  2.05237e-01  0.00000e+00
0513  9.92822e+18  1.71723e-23  3.32842e-09  5.99183e+07  2.05030e-01  0.00000e+00
0514  9.94562e+18  1.71077e-23  3.31158e-09  5.99343e+07  2.04824e-01  0.00000e+00
0515  9.96301e+18  1.70433e-23  3.29486e-09  5.99502e+07  2.04619e-01  0.00000e+00
0516  9.98040e+18  1.69794e-23  3.27826e-09  5.99661e+07  2.04414e-01  0.00000e+00
0517  9.99779e+18  1.69158e-23  3.26177e-09  5.99819e+07  2.04209e-01  0.00000e+00
0518  1.00152e+19  1.68526e-23  3.24539e-09  5.99977e+07  2.04005e-01  0.00000e+00
0519  1.00326e+19  1.67898e-23  3.22912e-09  6.00134e+07  2.03802e-01  0.00000e+00
0520  1.00500e+19  1.67272e-23  3.21297e-09  6.00291e+07  2.03599e-01  0.00000e+00
0521  1.00674e+19  1.66651e-23  3.19692e-09  6.00448e+07  2.03396e-01  0.00000e+00
0522  1.00848e+19  1.66033e-23  3.18099e-09  6.00603e+07  2.03194e-01  0.00000e+00
0523  1.01021e+19  1.65418e-23  3.16516e-09  6.00759e+07  2.02992e-01  0.00000e+00
0524  1.01195e+19  1.64807e-23  3.14945e-09  6.00913e+07  2.02791e-01  0.00000e+00
0525  1.01369e+19  1.64200e-23  3.13384e-09  6.01068e+07  2.02590e-01  0.00000e+00
0526  1.01543e+19  1.63596e-23  3.11833e-09  6.01221e+07  2.02390e-01  0.00000e+00
0527  1.01717e+19  1.62995e-23  3.10293e-09  6.01375e+07  2.02190e-01  0.00000e+00
0528  1.01891e+19  1.62397e-23  3.08764e-09  6.01528e+07  2.01990e-01  0.00000e+00
0529  1.02065e+19  1.61803e-23  3.07244e-09  6.01680e+07  2.01792e-01  0.00000e+00
0530  1.02239e+19  1.61212e-23  3.05735e-09  6.01832e+07  2.01593e-01  0.00000e+00
0531  1.02413e+19  1.60625e-23  3.04236e-09  6.01983e+07  2.01395e-01  0.00000e+00
0532  1.02587e+19  1.60040e-23  3.02747e-09  6.02134e+07  2.01198e-01  0.00000e+00
0533  1.02761e+19  1.59459e-23  3.01268e-09  6.02284e+07  2.01000e-01  0.00000e+00
0534  1.02935e+19  1.58881e-23  2.99798e-09  6.02434e+07  2.00804e-01  0.00000e+00
0535  1.03109e+19  1.58306e-23  2.98337e-09  6.02583e+07  2.00608e-01  0.00000e+00
0536  1.03283e+19  1.57734e-23  2.96887e-09  6.02732e+07  2.00412e-01  0.00000e+00
0537  1.03456e+19  1.57165e-23  2.95445e-09  6.02880e+07  2.00217e-01  0.00000e+00
0538  1.03630e+19  1.56599e-23  2.94013e-09  6.03027e+07  2.00022e-01  0.00000e+00
0539  1.03804e+19  1.56036e-23  2.92589e-09  6.03174e+07  1.99827e-01  0.00000e+00
0540  1.03978e+19  1.55476e-23  2.91175e-09  6.03321e+07  1.99633e-01  0.00000e+00
0541  1.04152e+19  1.54919e-23  2.89770e-09  6.03466e+07  1.99440e-01  0.00000e+00
0542  1.04326e+19  1.54365e-23  2.88374e-09  6.03612e+07  1.99247e-01  0.00000e+00
0543  1.04500e+19  1.53814e-23  2.86987e-09  6.03757e+07  1.99054e-01  0.00000e+00
0544  1.04674e+19  1.53265e-23  2.85609e-09  6.03901e+07  1.98862e-01  0.00000e+00
0545  1.04848e+19  1.52720e-23  2.84240e-09  6.04045e+07  1.98670e-01  0.00000e+00
0546  1.05022e+19  1.52178e-23  2.82880e-09  6.04188e+07  1.98479e-01  0.00000e+00
0547  1.05196e+19  1.51639e-23  2.81529e-09  6.04331e+07  1.98288e-01  0.00000e+00
0548  1.05370e+19  1.51102e-23  2.80187e-09  6.04473e+07  1.98097e-01  0.00000e+00
0549  1.05544e+19  1.50569e-23  2.78853e-09  6.04616e+07  1.97907e-01  0.00000e+00
0550  1.05717e+19  1.50038e-23  2.77529e-09  6.04757e+07  1.97718e-01  0.00000e+00
0551  1.05891e+19  1.49510e-23  2.76211e-09  6.04899e+07  1.97528e-01  0.00000e+00
0552  1.06065e+19  1.48988e-23  2.74911e-09  6.05039e+07  1.97340e-01  0.00000e+00
0553  1.06239e+19  1.48453e-23  2.73581e-09  6.05182e+07  1.97147e-01  0.00000e+00
0554  1.06413e+19  1.47983e-23  2.72412e-09  6.05309e+07  1.96977e-01  0.00000e+00
0555  1.06587e+19  1.47170e-23  2.70395e-09  6.05529e+07  1.96682e-01  0.00000e+00
