# Athena++ data at time=5.390000e+12  cycle=404928972  variables=uov 
# i       x1v         user_out_var0          user_out_var1          user_out_var2          user_out_var3          user_out_var4          user_out_var5      
0002  1.07548e+18  4.91743e+00  3.03478e+04  7.00287e-16  0.00000e+00  0.00000e+00  3.39500e-05
0003  1.09287e+18  1.05744e+01  4.05247e+04  4.36160e-17  0.00000e+00  0.00000e+00  3.28781e-05
0004  1.11027e+18  1.62666e+01  5.06255e+04  2.32197e-17  0.00000e+00  0.00000e+00  3.18561e-05
0005  1.12766e+18  2.43548e+01  6.52337e+04  3.62371e-17  0.00000e+00  0.00000e+00  3.08811e-05
0006  1.14505e+18  3.72670e+01  9.08274e+04  5.46432e-17  0.00000e+00  0.00000e+00  2.99501e-05
0007  1.16244e+18  5.44480e+01  1.25327e+05  4.33831e-17  0.00000e+00  0.00000e+00  2.90606e-05
0008  1.17983e+18  6.11591e+01  1.34762e+05  1.12188e-17  0.00000e+00  0.00000e+00  2.82102e-05
0009  1.19723e+18  6.62064e+01  1.41395e+05  1.26193e-17  0.00000e+00  0.00000e+00  2.73965e-05
0010  1.21462e+18  7.10194e+01  1.47323e+05  1.09758e-17  0.00000e+00  0.00000e+00  2.66176e-05
0011  1.23201e+18  7.41998e+01  1.49885e+05  6.60763e-18  0.00000e+00  0.00000e+00  2.58714e-05
0012  1.24940e+18  7.72008e+01  1.52332e+05  7.08582e-18  0.00000e+00  0.00000e+00  2.51561e-05
0013  1.26679e+18  8.02255e+01  1.54831e+05  6.94621e-18  0.00000e+00  0.00000e+00  2.44701e-05
0014  1.28419e+18  8.31868e+01  1.57311e+05  6.54351e-18  0.00000e+00  0.00000e+00  2.38118e-05
0015  1.30158e+18  8.59940e+01  1.59593e+05  5.94653e-18  0.00000e+00  0.00000e+00  2.31797e-05
0016  1.31897e+18  8.85684e+01  1.61541e+05  5.37638e-18  0.00000e+00  0.00000e+00  2.25724e-05
0017  1.33636e+18  9.10728e+01  1.63477e+05  5.23240e-18  0.00000e+00  0.00000e+00  2.19887e-05
0018  1.35375e+18  9.35279e+01  1.65417e+05  5.02818e-18  0.00000e+00  0.00000e+00  2.14273e-05
0019  1.37115e+18  9.59045e+01  1.67337e+05  4.44233e-18  0.00000e+00  0.00000e+00  2.08872e-05
0020  1.38854e+18  9.75598e+01  1.68028e+05  3.34821e-18  0.00000e+00  0.00000e+00  2.03672e-05
0021  1.40593e+18  9.97460e+01  1.69875e+05  4.71120e-18  0.00000e+00  0.00000e+00  1.98665e-05
0022  1.42332e+18  1.02091e+02  1.71973e+05  4.23520e-18  0.00000e+00  0.00000e+00  1.93839e-05
0023  1.44071e+18  1.03719e+02  1.72942e+05  3.05329e-18  0.00000e+00  0.00000e+00  1.89187e-05
0024  1.45811e+18  1.05480e+02  1.74339e+05  3.56441e-18  0.00000e+00  0.00000e+00  1.84701e-05
0025  1.47550e+18  1.07278e+02  1.75814e+05  3.42915e-18  0.00000e+00  0.00000e+00  1.80373e-05
0026  1.49289e+18  1.08981e+02  1.77256e+05  3.22459e-18  0.00000e+00  0.00000e+00  1.76194e-05
0027  1.51028e+18  1.10584e+02  1.78655e+05  3.01227e-18  0.00000e+00  0.00000e+00  1.72160e-05
0028  1.52767e+18  1.11937e+02  1.79871e+05  2.56003e-18  0.00000e+00  0.00000e+00  1.68262e-05
0029  1.54507e+18  1.12708e+02  1.80567e+05  5.34727e-18  0.00000e+00  0.00000e+00  1.64495e-05
0030  1.56246e+18  3.20923e+02  5.43107e+05  5.84209e-16  0.00000e+00  0.00000e+00  1.60854e-05
0031  1.57985e+18  6.73238e+02  9.22309e+05  2.32859e-16  0.00000e+00  0.00000e+00  1.57331e-05
0032  1.59724e+18  8.87325e+02  1.17674e+06  1.54533e-16  0.00000e+00  0.00000e+00  1.53924e-05
0033  1.61463e+18  1.04626e+03  1.35348e+06  1.30806e-16  0.00000e+00  0.00000e+00  1.50626e-05
0034  1.63203e+18  1.18514e+03  1.49842e+06  1.18634e-16  0.00000e+00  0.00000e+00  1.47432e-05
0035  1.64942e+18  1.31534e+03  1.62595e+06  1.08979e-16  0.00000e+00  0.00000e+00  1.44340e-05
0036  1.66681e+18  1.44017e+03  1.74145e+06  1.00585e-16  0.00000e+00  0.00000e+00  1.41343e-05
0037  1.68420e+18  1.56052e+03  1.84653e+06  9.26301e-17  0.00000e+00  0.00000e+00  1.38439e-05
0038  1.70160e+18  1.67618e+03  1.94212e+06  8.50333e-17  0.00000e+00  0.00000e+00  1.35623e-05
0039  1.71899e+18  1.78656e+03  2.02857e+06  7.78872e-17  0.00000e+00  0.00000e+00  1.32893e-05
0040  1.73638e+18  1.89220e+03  2.10761e+06  7.20855e-17  0.00000e+00  0.00000e+00  1.30244e-05
0041  1.75377e+18  1.99424e+03  2.17993e+06  6.69237e-17  0.00000e+00  0.00000e+00  1.27674e-05
0042  1.77116e+18  2.09271e+03  2.24605e+06  6.20765e-17  0.00000e+00  0.00000e+00  1.25178e-05
0043  1.78856e+18  2.18746e+03  2.30652e+06  5.76412e-17  0.00000e+00  0.00000e+00  1.22756e-05
0044  1.80595e+18  2.27877e+03  2.36207e+06  5.37330e-17  0.00000e+00  0.00000e+00  1.20403e-05
0045  1.82334e+18  2.36695e+03  2.41301e+06  5.01188e-17  0.00000e+00  0.00000e+00  1.18117e-05
0046  1.84073e+18  2.45188e+03  2.45983e+06  4.67930e-17  0.00000e+00  0.00000e+00  1.15895e-05
0047  1.85813e+18  2.53356e+03  2.50295e+06  4.37408e-17  0.00000e+00  0.00000e+00  1.13736e-05
0050  1.87552e+18  2.61196e+03  2.54271e+06  4.09694e-17  0.00000e+00  0.00000e+00  1.11636e-05
0051  1.89291e+18  2.68756e+03  2.57969e+06  3.86309e-17  0.00000e+00  0.00000e+00  1.09594e-05
0052  1.91030e+18  2.76126e+03  2.61390e+06  3.65167e-17  0.00000e+00  0.00000e+00  1.07608e-05
0053  1.92769e+18  2.83324e+03  2.64549e+06  3.45299e-17  0.00000e+00  0.00000e+00  1.05675e-05
0054  1.94509e+18  2.90348e+03  2.67466e+06  3.26664e-17  0.00000e+00  0.00000e+00  1.03793e-05
0055  1.96248e+18  2.97197e+03  2.70161e+06  3.09209e-17  0.00000e+00  0.00000e+00  1.01962e-05
0056  1.97987e+18  3.03868e+03  2.72650e+06  2.92873e-17  0.00000e+00  0.00000e+00  1.00178e-05
0057  1.99726e+18  3.10355e+03  2.74951e+06  2.77595e-17  0.00000e+00  0.00000e+00  9.84411e-06
0058  2.01466e+18  3.16656e+03  2.77087e+06  2.63504e-17  0.00000e+00  0.00000e+00  9.67488e-06
0059  2.03205e+18  3.22794e+03  2.79066e+06  2.50602e-17  0.00000e+00  0.00000e+00  9.50998e-06
0060  2.04944e+18  3.28808e+03  2.80882e+06  2.38453e-17  0.00000e+00  0.00000e+00  9.34925e-06
0061  2.06683e+18  3.34693e+03  2.82549e+06  2.27016e-17  0.00000e+00  0.00000e+00  9.19257e-06
0062  2.08423e+18  3.40454e+03  2.84075e+06  2.16247e-17  0.00000e+00  0.00000e+00  9.03979e-06
0063  2.10162e+18  3.46094e+03  2.85468e+06  2.06105e-17  0.00000e+00  0.00000e+00  8.89079e-06
0064  2.11901e+18  3.51616e+03  2.86737e+06  1.96551e-17  0.00000e+00  0.00000e+00  8.74544e-06
0065  2.13640e+18  3.57023e+03  2.87889e+06  1.87547e-17  0.00000e+00  0.00000e+00  8.60363e-06
0066  2.15379e+18  3.62319e+03  2.88932e+06  1.79057e-17  0.00000e+00  0.00000e+00  8.46523e-06
0067  2.17119e+18  3.67506e+03  2.89871e+06  1.71047e-17  0.00000e+00  0.00000e+00  8.33016e-06
0068  2.18858e+18  3.72588e+03  2.90714e+06  1.63488e-17  0.00000e+00  0.00000e+00  8.19828e-06
0069  2.20597e+18  3.77570e+03  2.91463e+06  1.56348e-17  0.00000e+00  0.00000e+00  8.06952e-06
0070  2.22336e+18  3.82438e+03  2.92137e+06  1.49817e-17  0.00000e+00  0.00000e+00  7.94377e-06
0071  2.24076e+18  3.87156e+03  2.92776e+06  1.43976e-17  0.00000e+00  0.00000e+00  7.82093e-06
0072  2.25815e+18  3.91741e+03  2.93376e+06  1.38413e-17  0.00000e+00  0.00000e+00  7.70092e-06
0073  2.27554e+18  3.96213e+03  2.93932e+06  1.33110e-17  0.00000e+00  0.00000e+00  7.58365e-06
0074  2.29293e+18  4.00585e+03  2.94440e+06  1.28054e-17  0.00000e+00  0.00000e+00  7.46904e-06
0075  2.31033e+18  4.04867e+03  2.94899e+06  1.23231e-17  0.00000e+00  0.00000e+00  7.35701e-06
0076  2.32772e+18  4.09066e+03  2.95307e+06  1.18629e-17  0.00000e+00  0.00000e+00  7.24748e-06
0077  2.34511e+18  4.13187e+03  2.95667e+06  1.14236e-17  0.00000e+00  0.00000e+00  7.14038e-06
0078  2.36250e+18  4.17235e+03  2.95979e+06  1.10042e-17  0.00000e+00  0.00000e+00  7.03563e-06
0079  2.37989e+18  4.21213e+03  2.96244e+06  1.06036e-17  0.00000e+00  0.00000e+00  6.93317e-06
0080  2.39729e+18  4.25124e+03  2.96464e+06  1.02208e-17  0.00000e+00  0.00000e+00  6.83294e-06
0081  2.41468e+18  4.28969e+03  2.96641e+06  9.85496e-18  0.00000e+00  0.00000e+00  6.73486e-06
0082  2.43207e+18  4.32752e+03  2.96776e+06  9.50523e-18  0.00000e+00  0.00000e+00  6.63888e-06
0083  2.44946e+18  4.36473e+03  2.96871e+06  9.17078e-18  0.00000e+00  0.00000e+00  6.54493e-06
0084  2.46686e+18  4.40136e+03  2.96929e+06  8.85083e-18  0.00000e+00  0.00000e+00  6.45297e-06
0085  2.48425e+18  4.43740e+03  2.96950e+06  8.54467e-18  0.00000e+00  0.00000e+00  6.36293e-06
0086  2.50164e+18  4.47288e+03  2.96936e+06  8.25160e-18  0.00000e+00  0.00000e+00  6.27476e-06
0087  2.51903e+18  4.50781e+03  2.96889e+06  7.97097e-18  0.00000e+00  0.00000e+00  6.18842e-06
0088  2.53643e+18  4.54221e+03  2.96810e+06  7.70217e-18  0.00000e+00  0.00000e+00  6.10384e-06
0089  2.55382e+18  4.57607e+03  2.96702e+06  7.44840e-18  0.00000e+00  0.00000e+00  6.02098e-06
0090  2.57121e+18  4.60939e+03  2.96570e+06  7.20660e-18  0.00000e+00  0.00000e+00  5.93980e-06
0091  2.58860e+18  4.64219e+03  2.96414e+06  6.97447e-18  0.00000e+00  0.00000e+00  5.86026e-06
0092  2.60600e+18  4.67448e+03  2.96235e+06  6.75156e-18  0.00000e+00  0.00000e+00  5.78229e-06
0093  2.62339e+18  4.70627e+03  2.96034e+06  6.53745e-18  0.00000e+00  0.00000e+00  5.70588e-06
0094  2.64078e+18  4.73758e+03  2.95812e+06  6.33173e-18  0.00000e+00  0.00000e+00  5.63097e-06
0095  2.65817e+18  4.76843e+03  2.95570e+06  6.13401e-18  0.00000e+00  0.00000e+00  5.55752e-06
0096  2.67557e+18  4.79882e+03  2.95308e+06  5.94394e-18  0.00000e+00  0.00000e+00  5.48550e-06
0097  2.69296e+18  4.82878e+03  2.95027e+06  5.76115e-18  0.00000e+00  0.00000e+00  5.41488e-06
0098  2.71035e+18  4.85830e+03  2.94729e+06  5.58534e-18  0.00000e+00  0.00000e+00  5.34560e-06
0099  2.72774e+18  4.88741e+03  2.94413e+06  5.41618e-18  0.00000e+00  0.00000e+00  5.27765e-06
0100  2.74513e+18  4.91610e+03  2.94080e+06  5.25337e-18  0.00000e+00  0.00000e+00  5.21099e-06
0101  2.76253e+18  4.94440e+03  2.93732e+06  5.09664e-18  0.00000e+00  0.00000e+00  5.14558e-06
0102  2.77992e+18  4.97231e+03  2.93369e+06  4.94572e-18  0.00000e+00  0.00000e+00  5.08140e-06
0103  2.79731e+18  4.99983e+03  2.92991e+06  4.80035e-18  0.00000e+00  0.00000e+00  5.01841e-06
0104  2.81470e+18  5.02698e+03  2.92599e+06  4.66030e-18  0.00000e+00  0.00000e+00  4.95658e-06
0105  2.83210e+18  5.05377e+03  2.92195e+06  4.52533e-18  0.00000e+00  0.00000e+00  4.89589e-06
0106  2.84949e+18  5.08020e+03  2.91778e+06  4.39522e-18  0.00000e+00  0.00000e+00  4.83630e-06
0107  2.86688e+18  5.10629e+03  2.91349e+06  4.26977e-18  0.00000e+00  0.00000e+00  4.77780e-06
0108  2.88427e+18  5.13203e+03  2.90908e+06  4.14878e-18  0.00000e+00  0.00000e+00  4.72035e-06
0109  2.90167e+18  5.15743e+03  2.90457e+06  4.03206e-18  0.00000e+00  0.00000e+00  4.66394e-06
0110  2.91906e+18  5.18251e+03  2.89995e+06  3.91944e-18  0.00000e+00  0.00000e+00  4.60853e-06
0111  2.93645e+18  5.20727e+03  2.89524e+06  3.81073e-18  0.00000e+00  0.00000e+00  4.55409e-06
0112  2.95384e+18  5.23171e+03  2.89043e+06  3.70579e-18  0.00000e+00  0.00000e+00  4.50062e-06
0113  2.97124e+18  5.25585e+03  2.88554e+06  3.60445e-18  0.00000e+00  0.00000e+00  4.44809e-06
0114  2.98863e+18  5.27968e+03  2.88056e+06  3.50657e-18  0.00000e+00  0.00000e+00  4.39647e-06
0115  3.00602e+18  5.30321e+03  2.87550e+06  3.41200e-18  0.00000e+00  0.00000e+00  4.34574e-06
0116  3.02341e+18  5.32646e+03  2.87037e+06  3.32062e-18  0.00000e+00  0.00000e+00  4.29588e-06
0117  3.04081e+18  5.34942e+03  2.86516e+06  3.23229e-18  0.00000e+00  0.00000e+00  4.24688e-06
0118  3.05820e+18  5.37210e+03  2.85989e+06  3.14690e-18  0.00000e+00  0.00000e+00  4.19872e-06
0119  3.07559e+18  5.39450e+03  2.85455e+06  3.06433e-18  0.00000e+00  0.00000e+00  4.15136e-06
0120  3.09298e+18  5.41664e+03  2.84915e+06  2.98446e-18  0.00000e+00  0.00000e+00  4.10481e-06
0121  3.11037e+18  5.43851e+03  2.84369e+06  2.90719e-18  0.00000e+00  0.00000e+00  4.05903e-06
0122  3.12777e+18  5.46012e+03  2.83819e+06  2.83243e-18  0.00000e+00  0.00000e+00  4.01401e-06
0123  3.14516e+18  5.48150e+03  2.83259e+06  2.75561e-18  0.00000e+00  0.00000e+00  3.96974e-06
0124  3.16255e+18  5.50262e+03  2.82696e+06  2.68876e-18  0.00000e+00  0.00000e+00  3.92620e-06
0125  3.17994e+18  5.52347e+03  2.82131e+06  2.62390e-18  0.00000e+00  0.00000e+00  3.88337e-06
0126  3.19734e+18  5.54407e+03  2.81565e+06  2.56097e-18  0.00000e+00  0.00000e+00  3.84123e-06
0127  3.21473e+18  5.56442e+03  2.80997e+06  2.49990e-18  0.00000e+00  0.00000e+00  3.79978e-06
0128  3.23212e+18  5.58452e+03  2.80429e+06  2.44062e-18  0.00000e+00  0.00000e+00  3.75900e-06
0129  3.24951e+18  5.60438e+03  2.79859e+06  2.38308e-18  0.00000e+00  0.00000e+00  3.71887e-06
0130  3.26691e+18  5.62401e+03  2.79288e+06  2.32721e-18  0.00000e+00  0.00000e+00  3.67938e-06
0131  3.28430e+18  5.64340e+03  2.78716e+06  2.27296e-18  0.00000e+00  0.00000e+00  3.64051e-06
0132  3.30169e+18  5.66257e+03  2.78144e+06  2.22026e-18  0.00000e+00  0.00000e+00  3.60226e-06
0133  3.31908e+18  5.68152e+03  2.77570e+06  2.16908e-18  0.00000e+00  0.00000e+00  3.56460e-06
0134  3.33648e+18  5.70025e+03  2.76996e+06  2.11936e-18  0.00000e+00  0.00000e+00  3.52754e-06
0135  3.35387e+18  5.71877e+03  2.76420e+06  2.07104e-18  0.00000e+00  0.00000e+00  3.49104e-06
0136  3.37126e+18  5.73709e+03  2.75845e+06  2.02409e-18  0.00000e+00  0.00000e+00  3.45512e-06
0137  3.38865e+18  5.75520e+03  2.75268e+06  1.97845e-18  0.00000e+00  0.00000e+00  3.41974e-06
0138  3.40605e+18  5.77311e+03  2.74691e+06  1.93409e-18  0.00000e+00  0.00000e+00  3.38491e-06
0139  3.42344e+18  5.79082e+03  2.74114e+06  1.89095e-18  0.00000e+00  0.00000e+00  3.35060e-06
0140  3.44083e+18  5.80834e+03  2.73536e+06  1.84901e-18  0.00000e+00  0.00000e+00  3.31681e-06
0141  3.45822e+18  5.82568e+03  2.72958e+06  1.80822e-18  0.00000e+00  0.00000e+00  3.28353e-06
0142  3.47562e+18  5.84282e+03  2.72380e+06  1.76855e-18  0.00000e+00  0.00000e+00  3.25075e-06
0143  3.49301e+18  5.85979e+03  2.71801e+06  1.72995e-18  0.00000e+00  0.00000e+00  3.21846e-06
0144  3.51040e+18  5.87658e+03  2.71223e+06  1.69240e-18  0.00000e+00  0.00000e+00  3.18665e-06
0145  3.52779e+18  5.89319e+03  2.70644e+06  1.65586e-18  0.00000e+00  0.00000e+00  3.15531e-06
0146  3.54519e+18  5.90964e+03  2.70065e+06  1.62030e-18  0.00000e+00  0.00000e+00  3.12442e-06
0147  3.56258e+18  5.92591e+03  2.69487e+06  1.58568e-18  0.00000e+00  0.00000e+00  3.09399e-06
0148  3.57997e+18  5.94201e+03  2.68908e+06  1.55198e-18  0.00000e+00  0.00000e+00  3.06400e-06
0149  3.59736e+18  5.95795e+03  2.68330e+06  1.51917e-18  0.00000e+00  0.00000e+00  3.03444e-06
0150  3.61476e+18  5.97373e+03  2.67752e+06  1.48723e-18  0.00000e+00  0.00000e+00  3.00531e-06
0151  3.63215e+18  5.98934e+03  2.67175e+06  1.45611e-18  0.00000e+00  0.00000e+00  2.97660e-06
0152  3.64954e+18  6.00480e+03  2.66597e+06  1.42581e-18  0.00000e+00  0.00000e+00  2.94830e-06
0153  3.66693e+18  6.02011e+03  2.66020e+06  1.39628e-18  0.00000e+00  0.00000e+00  2.92040e-06
0154  3.68432e+18  6.03527e+03  2.65444e+06  1.36752e-18  0.00000e+00  0.00000e+00  2.89289e-06
0155  3.70172e+18  6.05028e+03  2.64868e+06  1.33949e-18  0.00000e+00  0.00000e+00  2.86577e-06
0156  3.71911e+18  6.06515e+03  2.64293e+06  1.31218e-18  0.00000e+00  0.00000e+00  2.83903e-06
0157  3.73650e+18  6.07988e+03  2.63718e+06  1.28556e-18  0.00000e+00  0.00000e+00  2.81266e-06
0158  3.75389e+18  6.09447e+03  2.63143e+06  1.25960e-18  0.00000e+00  0.00000e+00  2.78666e-06
0159  3.77129e+18  6.10892e+03  2.62569e+06  1.23430e-18  0.00000e+00  0.00000e+00  2.76101e-06
0160  3.78868e+18  6.12323e+03  2.61996e+06  1.20963e-18  0.00000e+00  0.00000e+00  2.73572e-06
0161  3.80607e+18  6.13741e+03  2.61424e+06  1.18558e-18  0.00000e+00  0.00000e+00  2.71078e-06
0162  3.82346e+18  6.15145e+03  2.60853e+06  1.16212e-18  0.00000e+00  0.00000e+00  2.68617e-06
0163  3.84086e+18  6.16537e+03  2.60282e+06  1.13923e-18  0.00000e+00  0.00000e+00  2.66190e-06
0164  3.85825e+18  6.17915e+03  2.59713e+06  1.11691e-18  0.00000e+00  0.00000e+00  2.63795e-06
0165  3.87564e+18  6.19281e+03  2.59144e+06  1.09513e-18  0.00000e+00  0.00000e+00  2.61433e-06
0166  3.89303e+18  6.20634e+03  2.58576e+06  1.07388e-18  0.00000e+00  0.00000e+00  2.59102e-06
0167  3.91043e+18  6.21975e+03  2.58010e+06  1.05314e-18  0.00000e+00  0.00000e+00  2.56803e-06
0168  3.92782e+18  6.23304e+03  2.57444e+06  1.03290e-18  0.00000e+00  0.00000e+00  2.54533e-06
0169  3.94521e+18  6.24621e+03  2.56879e+06  1.01315e-18  0.00000e+00  0.00000e+00  2.52294e-06
0170  3.96260e+18  6.25926e+03  2.56316e+06  9.93864e-19  0.00000e+00  0.00000e+00  2.50084e-06
0171  3.98000e+18  6.27219e+03  2.55754e+06  9.75036e-19  0.00000e+00  0.00000e+00  2.47903e-06
0172  3.99739e+18  6.28501e+03  2.55192e+06  9.56652e-19  0.00000e+00  0.00000e+00  2.45751e-06
0173  4.01478e+18  6.29772e+03  2.54632e+06  9.38699e-19  0.00000e+00  0.00000e+00  2.43626e-06
0174  4.03217e+18  6.31032e+03  2.54074e+06  9.21166e-19  0.00000e+00  0.00000e+00  2.41529e-06
0175  4.04957e+18  6.32280e+03  2.53515e+06  9.03540e-19  0.00000e+00  0.00000e+00  2.39459e-06
0176  4.06696e+18  6.33518e+03  2.52958e+06  8.86797e-19  0.00000e+00  0.00000e+00  2.37415e-06
0177  4.08435e+18  6.34746e+03  2.52402e+06  8.70441e-19  0.00000e+00  0.00000e+00  2.35397e-06
0178  4.10174e+18  6.35962e+03  2.51848e+06  8.54460e-19  0.00000e+00  0.00000e+00  2.33405e-06
0179  4.11914e+18  6.37169e+03  2.51294e+06  8.38845e-19  0.00000e+00  0.00000e+00  2.31438e-06
0180  4.13653e+18  6.38365e+03  2.50742e+06  8.23584e-19  0.00000e+00  0.00000e+00  2.29496e-06
0181  4.15392e+18  6.39551e+03  2.50192e+06  8.08670e-19  0.00000e+00  0.00000e+00  2.27578e-06
0182  4.17131e+18  6.40727e+03  2.49643e+06  7.94092e-19  0.00000e+00  0.00000e+00  2.25685e-06
0183  4.18871e+18  6.41893e+03  2.49095e+06  7.79841e-19  0.00000e+00  0.00000e+00  2.23814e-06
0184  4.20610e+18  6.43049e+03  2.48548e+06  7.65909e-19  0.00000e+00  0.00000e+00  2.21967e-06
0185  4.22349e+18  6.44196e+03  2.48003e+06  7.52287e-19  0.00000e+00  0.00000e+00  2.20143e-06
0186  4.24088e+18  6.45334e+03  2.47460e+06  7.38967e-19  0.00000e+00  0.00000e+00  2.18341e-06
0187  4.25828e+18  6.46461e+03  2.46918e+06  7.25940e-19  0.00000e+00  0.00000e+00  2.16561e-06
0188  4.27567e+18  6.47580e+03  2.46377e+06  7.13200e-19  0.00000e+00  0.00000e+00  2.14803e-06
0189  4.29306e+18  6.48690e+03  2.45838e+06  7.00738e-19  0.00000e+00  0.00000e+00  2.13066e-06
0190  4.31045e+18  6.49790e+03  2.45300e+06  6.88548e-19  0.00000e+00  0.00000e+00  2.11350e-06
0191  4.32785e+18  6.50882e+03  2.44764e+06  6.76622e-19  0.00000e+00  0.00000e+00  2.09654e-06
0192  4.34524e+18  6.51965e+03  2.44229e+06  6.64953e-19  0.00000e+00  0.00000e+00  2.07979e-06
0193  4.36263e+18  6.53040e+03  2.43696e+06  6.53535e-19  0.00000e+00  0.00000e+00  2.06324e-06
0194  4.38002e+18  6.54106e+03  2.43165e+06  6.42361e-19  0.00000e+00  0.00000e+00  2.04689e-06
0195  4.39742e+18  6.55163e+03  2.42635e+06  6.31426e-19  0.00000e+00  0.00000e+00  2.03073e-06
0196  4.41481e+18  6.56213e+03  2.42107e+06  6.20722e-19  0.00000e+00  0.00000e+00  2.01476e-06
0197  4.43220e+18  6.57254e+03  2.41580e+06  6.10244e-19  0.00000e+00  0.00000e+00  1.99898e-06
0198  4.44959e+18  6.58287e+03  2.41055e+06  5.99987e-19  0.00000e+00  0.00000e+00  1.98339e-06
0199  4.46699e+18  6.59312e+03  2.40532e+06  5.89945e-19  0.00000e+00  0.00000e+00  1.96797e-06
0200  4.48438e+18  6.60328e+03  2.40010e+06  5.80197e-19  0.00000e+00  0.00000e+00  1.95273e-06
0201  4.50177e+18  6.61337e+03  2.39490e+06  5.70651e-19  0.00000e+00  0.00000e+00  1.93768e-06
0202  4.51916e+18  6.62338e+03  2.38971e+06  5.61300e-19  0.00000e+00  0.00000e+00  1.92279e-06
0203  4.53655e+18  6.63330e+03  2.38454e+06  5.52140e-19  0.00000e+00  0.00000e+00  1.90807e-06
0204  4.55395e+18  6.64316e+03  2.37939e+06  5.43166e-19  0.00000e+00  0.00000e+00  1.89353e-06
0205  4.57134e+18  6.65293e+03  2.37426e+06  5.34374e-19  0.00000e+00  0.00000e+00  1.87915e-06
0206  4.58873e+18  6.66263e+03  2.36915e+06  5.25759e-19  0.00000e+00  0.00000e+00  1.86493e-06
0207  4.60612e+18  6.67226e+03  2.36405e+06  5.17317e-19  0.00000e+00  0.00000e+00  1.85087e-06
0208  4.62352e+18  6.68181e+03  2.35897e+06  5.09044e-19  0.00000e+00  0.00000e+00  1.83697e-06
0209  4.64091e+18  6.69129e+03  2.35391e+06  5.00936e-19  0.00000e+00  0.00000e+00  1.82323e-06
0210  4.65830e+18  6.70071e+03  2.34887e+06  4.92988e-19  0.00000e+00  0.00000e+00  1.80964e-06
0211  4.67569e+18  6.71005e+03  2.34384e+06  4.85197e-19  0.00000e+00  0.00000e+00  1.79620e-06
0212  4.69309e+18  6.71932e+03  2.33883e+06  4.77560e-19  0.00000e+00  0.00000e+00  1.78291e-06
0213  4.71048e+18  6.72852e+03  2.33384e+06  4.70072e-19  0.00000e+00  0.00000e+00  1.76977e-06
0214  4.72787e+18  6.73766e+03  2.32887e+06  4.62731e-19  0.00000e+00  0.00000e+00  1.75678e-06
0215  4.74526e+18  6.74673e+03  2.32391e+06  4.55533e-19  0.00000e+00  0.00000e+00  1.74392e-06
0216  4.76266e+18  6.75573e+03  2.31897e+06  4.48474e-19  0.00000e+00  0.00000e+00  1.73121e-06
0217  4.78005e+18  6.76467e+03  2.31405e+06  4.41551e-19  0.00000e+00  0.00000e+00  1.71863e-06
0218  4.79744e+18  6.77354e+03  2.30915e+06  4.34762e-19  0.00000e+00  0.00000e+00  1.70619e-06
0219  4.81483e+18  6.78235e+03  2.30426e+06  4.28102e-19  0.00000e+00  0.00000e+00  1.69389e-06
0220  4.83223e+18  6.79109e+03  2.29939e+06  4.21570e-19  0.00000e+00  0.00000e+00  1.68172e-06
0221  4.84962e+18  6.79977e+03  2.29454e+06  4.15162e-19  0.00000e+00  0.00000e+00  1.66968e-06
0222  4.86701e+18  6.80839e+03  2.28971e+06  4.08875e-19  0.00000e+00  0.00000e+00  1.65776e-06
0223  4.88440e+18  6.81695e+03  2.28489e+06  4.02707e-19  0.00000e+00  0.00000e+00  1.64598e-06
0224  4.90180e+18  6.82545e+03  2.28009e+06  3.96655e-19  0.00000e+00  0.00000e+00  1.63432e-06
0225  4.91919e+18  6.83389e+03  2.27531e+06  3.90717e-19  0.00000e+00  0.00000e+00  1.62278e-06
0226  4.93658e+18  6.84227e+03  2.27055e+06  3.84889e-19  0.00000e+00  0.00000e+00  1.61137e-06
0227  4.95397e+18  6.85059e+03  2.26580e+06  3.79169e-19  0.00000e+00  0.00000e+00  1.60007e-06
0228  4.97137e+18  6.85885e+03  2.26107e+06  3.73556e-19  0.00000e+00  0.00000e+00  1.58890e-06
0229  4.98876e+18  6.86706e+03  2.25635e+06  3.68046e-19  0.00000e+00  0.00000e+00  1.57784e-06
0230  5.00615e+18  6.87521e+03  2.25166e+06  3.62637e-19  0.00000e+00  0.00000e+00  1.56689e-06
0231  5.02354e+18  6.88330e+03  2.24698e+06  3.57328e-19  0.00000e+00  0.00000e+00  1.55606e-06
0232  5.04094e+18  6.89134e+03  2.24232e+06  3.52115e-19  0.00000e+00  0.00000e+00  1.54534e-06
0233  5.05833e+18  6.89932e+03  2.23767e+06  3.46997e-19  0.00000e+00  0.00000e+00  1.53474e-06
0234  5.07572e+18  6.90725e+03  2.23304e+06  3.41972e-19  0.00000e+00  0.00000e+00  1.52424e-06
0235  5.09311e+18  6.91512e+03  2.22843e+06  3.37038e-19  0.00000e+00  0.00000e+00  1.51384e-06
0236  5.11051e+18  6.92294e+03  2.22384e+06  3.32193e-19  0.00000e+00  0.00000e+00  1.50356e-06
0237  5.12790e+18  6.93071e+03  2.21926e+06  3.27434e-19  0.00000e+00  0.00000e+00  1.49337e-06
0238  5.14529e+18  6.93842e+03  2.21470e+06  3.22761e-19  0.00000e+00  0.00000e+00  1.48330e-06
0239  5.16268e+18  6.94608e+03  2.21015e+06  3.18170e-19  0.00000e+00  0.00000e+00  1.47332e-06
0240  5.18008e+18  6.95370e+03  2.20563e+06  3.13661e-19  0.00000e+00  0.00000e+00  1.46344e-06
0241  5.19747e+18  6.96126e+03  2.20112e+06  3.09232e-19  0.00000e+00  0.00000e+00  1.45366e-06
0242  5.21486e+18  6.96877e+03  2.19662e+06  3.04881e-19  0.00000e+00  0.00000e+00  1.44398e-06
0243  5.23225e+18  6.97623e+03  2.19214e+06  3.00606e-19  0.00000e+00  0.00000e+00  1.43440e-06
0244  5.24965e+18  6.98365e+03  2.18768e+06  2.96406e-19  0.00000e+00  0.00000e+00  1.42491e-06
0245  5.26704e+18  6.99101e+03  2.18324e+06  2.92279e-19  0.00000e+00  0.00000e+00  1.41552e-06
0246  5.28443e+18  6.99833e+03  2.17881e+06  2.88224e-19  0.00000e+00  0.00000e+00  1.40621e-06
0247  5.30182e+18  7.00561e+03  2.17439e+06  2.84238e-19  0.00000e+00  0.00000e+00  1.39700e-06
0248  5.31922e+18  7.01283e+03  2.17000e+06  2.80322e-19  0.00000e+00  0.00000e+00  1.38788e-06
0249  5.33661e+18  7.02001e+03  2.16561e+06  2.76473e-19  0.00000e+00  0.00000e+00  1.37885e-06
0250  5.35400e+18  7.02714e+03  2.16125e+06  2.72689e-19  0.00000e+00  0.00000e+00  1.36991e-06
0251  5.37139e+18  7.03423e+03  2.15690e+06  2.68969e-19  0.00000e+00  0.00000e+00  1.36105e-06
0252  5.38879e+18  7.04127e+03  2.15257e+06  2.65313e-19  0.00000e+00  0.00000e+00  1.35228e-06
0253  5.40618e+18  7.04827e+03  2.14825e+06  2.61718e-19  0.00000e+00  0.00000e+00  1.34359e-06
0254  5.42357e+18  7.05522e+03  2.14395e+06  2.58185e-19  0.00000e+00  0.00000e+00  1.33499e-06
0255  5.44096e+18  7.06213e+03  2.13966e+06  2.54710e-19  0.00000e+00  0.00000e+00  1.32647e-06
0256  5.45836e+18  7.06900e+03  2.13539e+06  2.51294e-19  0.00000e+00  0.00000e+00  1.31803e-06
0257  5.47575e+18  7.07582e+03  2.13114e+06  2.47936e-19  0.00000e+00  0.00000e+00  1.30967e-06
0258  5.49314e+18  7.08260e+03  2.12690e+06  2.44633e-19  0.00000e+00  0.00000e+00  1.30139e-06
0259  5.51053e+18  7.08934e+03  2.12268e+06  2.41385e-19  0.00000e+00  0.00000e+00  1.29318e-06
0260  5.52793e+18  7.09604e+03  2.11847e+06  2.38191e-19  0.00000e+00  0.00000e+00  1.28506e-06
0261  5.54532e+18  7.10269e+03  2.11428e+06  2.35050e-19  0.00000e+00  0.00000e+00  1.27701e-06
0262  5.56271e+18  7.10930e+03  2.11010e+06  2.31960e-19  0.00000e+00  0.00000e+00  1.26904e-06
0263  5.58010e+18  7.11588e+03  2.10594e+06  2.28921e-19  0.00000e+00  0.00000e+00  1.26114e-06
0264  5.59750e+18  7.12241e+03  2.10180e+06  2.25932e-19  0.00000e+00  0.00000e+00  1.25331e-06
0265  5.61489e+18  7.12891e+03  2.09767e+06  2.22991e-19  0.00000e+00  0.00000e+00  1.24556e-06
0266  5.63228e+18  7.13536e+03  2.09355e+06  2.20099e-19  0.00000e+00  0.00000e+00  1.23788e-06
0267  5.64967e+18  7.14177e+03  2.08945e+06  2.17253e-19  0.00000e+00  0.00000e+00  1.23027e-06
0268  5.66707e+18  7.14815e+03  2.08537e+06  2.14453e-19  0.00000e+00  0.00000e+00  1.22273e-06
0269  5.68446e+18  7.15449e+03  2.08130e+06  2.11698e-19  0.00000e+00  0.00000e+00  1.21526e-06
0270  5.70185e+18  7.16079e+03  2.07724e+06  2.08987e-19  0.00000e+00  0.00000e+00  1.20786e-06
0271  5.71924e+18  7.16705e+03  2.07320e+06  2.06320e-19  0.00000e+00  0.00000e+00  1.20052e-06
0272  5.73664e+18  7.17328e+03  2.06917e+06  2.03695e-19  0.00000e+00  0.00000e+00  1.19325e-06
0273  5.75403e+18  7.17947e+03  2.06516e+06  2.01111e-19  0.00000e+00  0.00000e+00  1.18605e-06
0274  5.77142e+18  7.18562e+03  2.06117e+06  1.98569e-19  0.00000e+00  0.00000e+00  1.17891e-06
0275  5.78881e+18  7.19173e+03  2.05719e+06  1.96067e-19  0.00000e+00  0.00000e+00  1.17184e-06
0276  5.80620e+18  7.19781e+03  2.05322e+06  1.93604e-19  0.00000e+00  0.00000e+00  1.16483e-06
0277  5.82360e+18  7.20386e+03  2.04927e+06  1.91180e-19  0.00000e+00  0.00000e+00  1.15788e-06
0278  5.84099e+18  7.20987e+03  2.04533e+06  1.88793e-19  0.00000e+00  0.00000e+00  1.15100e-06
0279  5.85838e+18  7.21584e+03  2.04140e+06  1.86444e-19  0.00000e+00  0.00000e+00  1.14417e-06
0280  5.87577e+18  7.22178e+03  2.03749e+06  1.84131e-19  0.00000e+00  0.00000e+00  1.13741e-06
0281  5.89317e+18  7.22768e+03  2.03360e+06  1.81855e-19  0.00000e+00  0.00000e+00  1.13071e-06
0282  5.91056e+18  7.23355e+03  2.02972e+06  1.79613e-19  0.00000e+00  0.00000e+00  1.12406e-06
0283  5.92795e+18  7.23939e+03  2.02585e+06  1.77406e-19  0.00000e+00  0.00000e+00  1.11748e-06
0284  5.94534e+18  7.24520e+03  2.02200e+06  1.75232e-19  0.00000e+00  0.00000e+00  1.11095e-06
0285  5.96274e+18  7.25097e+03  2.01816e+06  1.73092e-19  0.00000e+00  0.00000e+00  1.10448e-06
0286  5.98013e+18  7.25670e+03  2.01433e+06  1.70985e-19  0.00000e+00  0.00000e+00  1.09806e-06
0287  5.99752e+18  7.26241e+03  2.01052e+06  1.68909e-19  0.00000e+00  0.00000e+00  1.09170e-06
0288  6.01491e+18  7.26808e+03  2.00673e+06  1.66865e-19  0.00000e+00  0.00000e+00  1.08540e-06
0289  6.03231e+18  7.27372e+03  2.00294e+06  1.64852e-19  0.00000e+00  0.00000e+00  1.07915e-06
0290  6.04970e+18  7.27933e+03  1.99917e+06  1.62869e-19  0.00000e+00  0.00000e+00  1.07295e-06
0291  6.06709e+18  7.28491e+03  1.99542e+06  1.60916e-19  0.00000e+00  0.00000e+00  1.06681e-06
0292  6.08448e+18  7.29046e+03  1.99167e+06  1.58993e-19  0.00000e+00  0.00000e+00  1.06072e-06
0293  6.10188e+18  7.29597e+03  1.98795e+06  1.57098e-19  0.00000e+00  0.00000e+00  1.05468e-06
0294  6.11927e+18  7.30146e+03  1.98423e+06  1.55231e-19  0.00000e+00  0.00000e+00  1.04869e-06
0295  6.13666e+18  7.30691e+03  1.98053e+06  1.53392e-19  0.00000e+00  0.00000e+00  1.04276e-06
0296  6.15405e+18  7.31234e+03  1.97684e+06  1.51580e-19  0.00000e+00  0.00000e+00  1.03687e-06
0297  6.17145e+18  7.31773e+03  1.97316e+06  1.49795e-19  0.00000e+00  0.00000e+00  1.03104e-06
0298  6.18884e+18  7.32310e+03  1.96950e+06  1.48036e-19  0.00000e+00  0.00000e+00  1.02525e-06
0299  6.20623e+18  7.32844e+03  1.96585e+06  1.46302e-19  0.00000e+00  0.00000e+00  1.01951e-06
0300  6.22362e+18  7.33374e+03  1.96222e+06  1.44595e-19  0.00000e+00  0.00000e+00  1.01382e-06
0301  6.24102e+18  7.33902e+03  1.95860e+06  1.42912e-19  0.00000e+00  0.00000e+00  1.00818e-06
0302  6.25841e+18  7.34427e+03  1.95499e+06  1.41253e-19  0.00000e+00  0.00000e+00  1.00258e-06
0303  6.27580e+18  7.34949e+03  1.95139e+06  1.39619e-19  0.00000e+00  0.00000e+00  9.97032e-07
0304  6.29319e+18  7.35469e+03  1.94781e+06  1.38008e-19  0.00000e+00  0.00000e+00  9.91529e-07
0305  6.31059e+18  7.35985e+03  1.94423e+06  1.36421e-19  0.00000e+00  0.00000e+00  9.86071e-07
0306  6.32798e+18  7.36499e+03  1.94068e+06  1.34856e-19  0.00000e+00  0.00000e+00  9.80658e-07
0307  6.34537e+18  7.37010e+03  1.93713e+06  1.33313e-19  0.00000e+00  0.00000e+00  9.75289e-07
0308  6.36276e+18  7.37519e+03  1.93360e+06  1.31793e-19  0.00000e+00  0.00000e+00  9.69965e-07
0309  6.38016e+18  7.38025e+03  1.93008e+06  1.30294e-19  0.00000e+00  0.00000e+00  9.64684e-07
0310  6.39755e+18  7.38528e+03  1.92657e+06  1.28817e-19  0.00000e+00  0.00000e+00  9.59445e-07
0311  6.41494e+18  7.39028e+03  1.92308e+06  1.27361e-19  0.00000e+00  0.00000e+00  9.54250e-07
0312  6.43233e+18  7.39526e+03  1.91959e+06  1.25925e-19  0.00000e+00  0.00000e+00  9.49097e-07
0313  6.44973e+18  7.40021e+03  1.91612e+06  1.24509e-19  0.00000e+00  0.00000e+00  9.43985e-07
0314  6.46712e+18  7.40514e+03  1.91267e+06  1.23113e-19  0.00000e+00  0.00000e+00  9.38914e-07
0315  6.48451e+18  7.41004e+03  1.90922e+06  1.21737e-19  0.00000e+00  0.00000e+00  9.33884e-07
0316  6.50190e+18  7.41491e+03  1.90579e+06  1.20380e-19  0.00000e+00  0.00000e+00  9.28895e-07
0317  6.51930e+18  7.41976e+03  1.90237e+06  1.19042e-19  0.00000e+00  0.00000e+00  9.23945e-07
0318  6.53669e+18  7.42459e+03  1.89896e+06  1.17722e-19  0.00000e+00  0.00000e+00  9.19035e-07
0319  6.55408e+18  7.42939e+03  1.89556e+06  1.16421e-19  0.00000e+00  0.00000e+00  9.14164e-07
0320  6.57147e+18  7.43417e+03  1.89218e+06  1.15138e-19  0.00000e+00  0.00000e+00  9.09331e-07
0321  6.58887e+18  7.43892e+03  1.88880e+06  1.13872e-19  0.00000e+00  0.00000e+00  9.04537e-07
0322  6.60626e+18  7.44365e+03  1.88544e+06  1.12624e-19  0.00000e+00  0.00000e+00  8.99780e-07
0323  6.62365e+18  7.44835e+03  1.88210e+06  1.11392e-19  0.00000e+00  0.00000e+00  8.95061e-07
0324  6.64104e+18  7.45303e+03  1.87876e+06  1.10178e-19  0.00000e+00  0.00000e+00  8.90379e-07
0325  6.65844e+18  7.45769e+03  1.87543e+06  1.08980e-19  0.00000e+00  0.00000e+00  8.85733e-07
0326  6.67583e+18  7.46232e+03  1.87212e+06  1.07799e-19  0.00000e+00  0.00000e+00  8.81124e-07
0327  6.69322e+18  7.46693e+03  1.86882e+06  1.06633e-19  0.00000e+00  0.00000e+00  8.76551e-07
0328  6.71061e+18  7.47152e+03  1.86553e+06  1.05483e-19  0.00000e+00  0.00000e+00  8.72013e-07
0329  6.72801e+18  7.47608e+03  1.86225e+06  1.04349e-19  0.00000e+00  0.00000e+00  8.67511e-07
0330  6.74540e+18  7.48062e+03  1.85898e+06  1.03230e-19  0.00000e+00  0.00000e+00  8.63043e-07
0331  6.76279e+18  7.48514e+03  1.85572e+06  1.02126e-19  0.00000e+00  0.00000e+00  8.58609e-07
0332  6.78018e+18  7.48963e+03  1.85248e+06  1.01036e-19  0.00000e+00  0.00000e+00  8.54210e-07
0333  6.79758e+18  7.49411e+03  1.84925e+06  9.99615e-20  0.00000e+00  0.00000e+00  8.49844e-07
0334  6.81497e+18  7.49856e+03  1.84602e+06  9.89009e-20  0.00000e+00  0.00000e+00  8.45512e-07
0335  6.83236e+18  7.50299e+03  1.84281e+06  9.78481e-20  0.00000e+00  0.00000e+00  8.41213e-07
0336  6.84975e+18  7.50740e+03  1.83961e+06  9.68143e-20  0.00000e+00  0.00000e+00  8.36946e-07
0337  6.86715e+18  7.51178e+03  1.83642e+06  9.57941e-20  0.00000e+00  0.00000e+00  8.32712e-07
0338  6.88454e+18  7.51615e+03  1.83324e+06  9.47874e-20  0.00000e+00  0.00000e+00  8.28510e-07
0339  6.90193e+18  7.52049e+03  1.83008e+06  9.37939e-20  0.00000e+00  0.00000e+00  8.24340e-07
0340  6.91932e+18  7.52481e+03  1.82692e+06  9.28134e-20  0.00000e+00  0.00000e+00  8.20201e-07
0341  6.93672e+18  7.52911e+03  1.82377e+06  9.18457e-20  0.00000e+00  0.00000e+00  8.16093e-07
0342  6.95411e+18  7.53339e+03  1.82064e+06  9.08907e-20  0.00000e+00  0.00000e+00  8.12016e-07
0343  6.97150e+18  7.53765e+03  1.81752e+06  8.99480e-20  0.00000e+00  0.00000e+00  8.07970e-07
0344  6.98889e+18  7.54189e+03  1.81440e+06  8.90175e-20  0.00000e+00  0.00000e+00  8.03953e-07
0345  7.00629e+18  7.54611e+03  1.81130e+06  8.80991e-20  0.00000e+00  0.00000e+00  7.99967e-07
0346  7.02368e+18  7.55031e+03  1.80821e+06  8.71925e-20  0.00000e+00  0.00000e+00  7.96010e-07
0347  7.04107e+18  7.55449e+03  1.80512e+06  8.62975e-20  0.00000e+00  0.00000e+00  7.92082e-07
0348  7.05846e+18  7.55865e+03  1.80205e+06  8.54140e-20  0.00000e+00  0.00000e+00  7.88183e-07
0349  7.07586e+18  7.56279e+03  1.79899e+06  8.45419e-20  0.00000e+00  0.00000e+00  7.84313e-07
0350  7.09325e+18  7.56691e+03  1.79594e+06  8.36808e-20  0.00000e+00  0.00000e+00  7.80472e-07
0351  7.11064e+18  7.57101e+03  1.79290e+06  8.28307e-20  0.00000e+00  0.00000e+00  7.76658e-07
0352  7.12803e+18  7.57509e+03  1.78987e+06  8.19914e-20  0.00000e+00  0.00000e+00  7.72873e-07
0353  7.14543e+18  7.57915e+03  1.78685e+06  8.11627e-20  0.00000e+00  0.00000e+00  7.69115e-07
0354  7.16282e+18  7.58319e+03  1.78384e+06  8.03445e-20  0.00000e+00  0.00000e+00  7.65385e-07
0355  7.18021e+18  7.58722e+03  1.78084e+06  7.95366e-20  0.00000e+00  0.00000e+00  7.61681e-07
0356  7.19760e+18  7.59122e+03  1.77786e+06  7.87388e-20  0.00000e+00  0.00000e+00  7.58004e-07
0357  7.21500e+18  7.59521e+03  1.77488e+06  7.79510e-20  0.00000e+00  0.00000e+00  7.54354e-07
0358  7.23239e+18  7.59918e+03  1.77191e+06  7.71731e-20  0.00000e+00  0.00000e+00  7.50731e-07
0359  7.24978e+18  7.60313e+03  1.76895e+06  7.64049e-20  0.00000e+00  0.00000e+00  7.47133e-07
0360  7.26717e+18  7.60706e+03  1.76600e+06  7.56462e-20  0.00000e+00  0.00000e+00  7.43561e-07
0361  7.28457e+18  7.61098e+03  1.76306e+06  7.48969e-20  0.00000e+00  0.00000e+00  7.40015e-07
0362  7.30196e+18  7.61487e+03  1.76013e+06  7.41569e-20  0.00000e+00  0.00000e+00  7.36493e-07
0363  7.31935e+18  7.61875e+03  1.75721e+06  7.34261e-20  0.00000e+00  0.00000e+00  7.32997e-07
0364  7.33674e+18  7.62261e+03  1.75430e+06  7.27042e-20  0.00000e+00  0.00000e+00  7.29526e-07
0365  7.35414e+18  7.62645e+03  1.75140e+06  7.19912e-20  0.00000e+00  0.00000e+00  7.26080e-07
0366  7.37153e+18  7.63028e+03  1.74851e+06  7.12869e-20  0.00000e+00  0.00000e+00  7.22658e-07
0367  7.38892e+18  7.63409e+03  1.74563e+06  7.05913e-20  0.00000e+00  0.00000e+00  7.19259e-07
0368  7.40631e+18  7.63788e+03  1.74276e+06  6.99041e-20  0.00000e+00  0.00000e+00  7.15885e-07
0369  7.42371e+18  7.64166e+03  1.73990e+06  6.92253e-20  0.00000e+00  0.00000e+00  7.12535e-07
0370  7.44110e+18  7.64541e+03  1.73705e+06  6.85547e-20  0.00000e+00  0.00000e+00  7.09208e-07
0371  7.45849e+18  7.64916e+03  1.73420e+06  6.78922e-20  0.00000e+00  0.00000e+00  7.05904e-07
0372  7.47588e+18  7.65288e+03  1.73137e+06  6.72378e-20  0.00000e+00  0.00000e+00  7.02623e-07
0373  7.49328e+18  7.65659e+03  1.72855e+06  6.65912e-20  0.00000e+00  0.00000e+00  6.99365e-07
0374  7.51067e+18  7.66028e+03  1.72573e+06  6.59524e-20  0.00000e+00  0.00000e+00  6.96130e-07
0375  7.52806e+18  7.66395e+03  1.72293e+06  6.53212e-20  0.00000e+00  0.00000e+00  6.92917e-07
0376  7.54545e+18  7.66761e+03  1.72013e+06  6.46976e-20  0.00000e+00  0.00000e+00  6.89727e-07
0377  7.56285e+18  7.67126e+03  1.71734e+06  6.40814e-20  0.00000e+00  0.00000e+00  6.86558e-07
0378  7.58024e+18  7.67488e+03  1.71457e+06  6.34726e-20  0.00000e+00  0.00000e+00  6.83411e-07
0379  7.59763e+18  7.67850e+03  1.71180e+06  6.28709e-20  0.00000e+00  0.00000e+00  6.80286e-07
0380  7.61502e+18  7.68209e+03  1.70904e+06  6.22764e-20  0.00000e+00  0.00000e+00  6.77182e-07
0381  7.63242e+18  7.68567e+03  1.70629e+06  6.16890e-20  0.00000e+00  0.00000e+00  6.74099e-07
0382  7.64981e+18  7.68923e+03  1.70355e+06  6.11084e-20  0.00000e+00  0.00000e+00  6.71037e-07
0383  7.66720e+18  7.69278e+03  1.70081e+06  6.05347e-20  0.00000e+00  0.00000e+00  6.67996e-07
0384  7.68459e+18  7.69632e+03  1.69809e+06  5.99677e-20  0.00000e+00  0.00000e+00  6.64976e-07
0385  7.70199e+18  7.69983e+03  1.69537e+06  5.94074e-20  0.00000e+00  0.00000e+00  6.61976e-07
0386  7.71938e+18  7.70333e+03  1.69267e+06  5.88536e-20  0.00000e+00  0.00000e+00  6.58996e-07
0387  7.73677e+18  7.70682e+03  1.68997e+06  5.83063e-20  0.00000e+00  0.00000e+00  6.56037e-07
0388  7.75416e+18  7.71029e+03  1.68728e+06  5.77653e-20  0.00000e+00  0.00000e+00  6.53097e-07
0389  7.77156e+18  7.71374e+03  1.68460e+06  5.72306e-20  0.00000e+00  0.00000e+00  6.50177e-07
0390  7.78895e+18  7.71718e+03  1.68193e+06  5.67021e-20  0.00000e+00  0.00000e+00  6.47277e-07
0391  7.80634e+18  7.72060e+03  1.67926e+06  5.61798e-20  0.00000e+00  0.00000e+00  6.44396e-07
0392  7.82373e+18  7.72400e+03  1.67660e+06  5.56634e-20  0.00000e+00  0.00000e+00  6.41534e-07
0393  7.84113e+18  7.72739e+03  1.67396e+06  5.51530e-20  0.00000e+00  0.00000e+00  6.38691e-07
0394  7.85852e+18  7.73076e+03  1.67132e+06  5.46485e-20  0.00000e+00  0.00000e+00  6.35867e-07
0395  7.87591e+18  7.73412e+03  1.66869e+06  5.41497e-20  0.00000e+00  0.00000e+00  6.33062e-07
0396  7.89330e+18  7.73746e+03  1.66606e+06  5.36566e-20  0.00000e+00  0.00000e+00  6.30275e-07
0397  7.91070e+18  7.74079e+03  1.66345e+06  5.31692e-20  0.00000e+00  0.00000e+00  6.27507e-07
0398  7.92809e+18  7.74410e+03  1.66084e+06  5.26873e-20  0.00000e+00  0.00000e+00  6.24756e-07
0399  7.94548e+18  7.74739e+03  1.65824e+06  5.22109e-20  0.00000e+00  0.00000e+00  6.22024e-07
0400  7.96287e+18  7.75067e+03  1.65565e+06  5.17398e-20  0.00000e+00  0.00000e+00  6.19310e-07
0401  7.98027e+18  7.75394e+03  1.65306e+06  5.12741e-20  0.00000e+00  0.00000e+00  6.16613e-07
0402  7.99766e+18  7.75720e+03  1.65049e+06  5.08136e-20  0.00000e+00  0.00000e+00  6.13934e-07
0403  8.01505e+18  7.76044e+03  1.64792e+06  5.03583e-20  0.00000e+00  0.00000e+00  6.11273e-07
0404  8.03244e+18  7.76366e+03  1.64536e+06  4.99081e-20  0.00000e+00  0.00000e+00  6.08629e-07
0405  8.04984e+18  7.76688e+03  1.64281e+06  4.94628e-20  0.00000e+00  0.00000e+00  6.06001e-07
0406  8.06723e+18  7.77009e+03  1.64027e+06  4.90226e-20  0.00000e+00  0.00000e+00  6.03391e-07
0407  8.08462e+18  7.77328e+03  1.63774e+06  4.85872e-20  0.00000e+00  0.00000e+00  6.00798e-07
0408  8.10201e+18  7.77646e+03  1.63522e+06  4.81566e-20  0.00000e+00  0.00000e+00  5.98221e-07
0409  8.11940e+18  7.77963e+03  1.63270e+06  4.77308e-20  0.00000e+00  0.00000e+00  5.95661e-07
0410  8.13680e+18  7.78280e+03  1.63019e+06  4.73097e-20  0.00000e+00  0.00000e+00  5.93117e-07
0411  8.15419e+18  7.78595e+03  1.62769e+06  4.68932e-20  0.00000e+00  0.00000e+00  5.90590e-07
0412  8.17158e+18  7.78909e+03  1.62520e+06  4.64813e-20  0.00000e+00  0.00000e+00  5.88078e-07
0413  8.18897e+18  7.79222e+03  1.62272e+06  4.60738e-20  0.00000e+00  0.00000e+00  5.85583e-07
0414  8.20637e+18  7.79534e+03  1.62024e+06  4.56709e-20  0.00000e+00  0.00000e+00  5.83104e-07
0415  8.22376e+18  7.79845e+03  1.61778e+06  4.52723e-20  0.00000e+00  0.00000e+00  5.80640e-07
0416  8.24115e+18  7.80155e+03  1.61532e+06  4.48780e-20  0.00000e+00  0.00000e+00  5.78191e-07
0417  8.25854e+18  7.80464e+03  1.61287e+06  4.44880e-20  0.00000e+00  0.00000e+00  5.75759e-07
0418  8.27594e+18  7.80772e+03  1.61043e+06  4.41023e-20  0.00000e+00  0.00000e+00  5.73341e-07
0419  8.29333e+18  7.81079e+03  1.60799e+06  4.37207e-20  0.00000e+00  0.00000e+00  5.70939e-07
0420  8.31072e+18  7.81385e+03  1.60557e+06  4.33432e-20  0.00000e+00  0.00000e+00  5.68552e-07
0421  8.32811e+18  7.81689e+03  1.60315e+06  4.29698e-20  0.00000e+00  0.00000e+00  5.66180e-07
0422  8.34551e+18  7.81992e+03  1.60073e+06  4.26005e-20  0.00000e+00  0.00000e+00  5.63822e-07
0423  8.36290e+18  7.82294e+03  1.59833e+06  4.22351e-20  0.00000e+00  0.00000e+00  5.61479e-07
0424  8.38029e+18  7.82594e+03  1.59593e+06  4.18736e-20  0.00000e+00  0.00000e+00  5.59151e-07
0425  8.39768e+18  7.82894e+03  1.59354e+06  4.15160e-20  0.00000e+00  0.00000e+00  5.56837e-07
0426  8.41508e+18  7.83192e+03  1.59116e+06  4.11623e-20  0.00000e+00  0.00000e+00  5.54538e-07
0427  8.43247e+18  7.83488e+03  1.58878e+06  4.08123e-20  0.00000e+00  0.00000e+00  5.52253e-07
0428  8.44986e+18  7.83784e+03  1.58641e+06  4.04660e-20  0.00000e+00  0.00000e+00  5.49982e-07
0429  8.46725e+18  7.84078e+03  1.58405e+06  4.01234e-20  0.00000e+00  0.00000e+00  5.47725e-07
0430  8.48465e+18  7.84371e+03  1.58170e+06  3.97844e-20  0.00000e+00  0.00000e+00  5.45481e-07
0431  8.50204e+18  7.84663e+03  1.57935e+06  3.94490e-20  0.00000e+00  0.00000e+00  5.43252e-07
0432  8.51943e+18  7.84954e+03  1.57701e+06  3.91172e-20  0.00000e+00  0.00000e+00  5.41036e-07
0433  8.53682e+18  7.85243e+03  1.57467e+06  3.87888e-20  0.00000e+00  0.00000e+00  5.38834e-07
0434  8.55422e+18  7.85532e+03  1.57235e+06  3.84639e-20  0.00000e+00  0.00000e+00  5.36645e-07
0435  8.57161e+18  7.85819e+03  1.57003e+06  3.81427e-20  0.00000e+00  0.00000e+00  5.34469e-07
0436  8.58900e+18  7.86105e+03  1.56772e+06  3.78251e-20  0.00000e+00  0.00000e+00  5.32307e-07
0437  8.60639e+18  7.86390e+03  1.56541e+06  3.75107e-20  0.00000e+00  0.00000e+00  5.30158e-07
0438  8.62379e+18  7.86674e+03  1.56311e+06  3.71996e-20  0.00000e+00  0.00000e+00  5.28021e-07
0439  8.64118e+18  7.86957e+03  1.56082e+06  3.68917e-20  0.00000e+00  0.00000e+00  5.25898e-07
0440  8.65857e+18  7.87239e+03  1.55854e+06  3.65871e-20  0.00000e+00  0.00000e+00  5.23787e-07
0441  8.67596e+18  7.87520e+03  1.55626e+06  3.62855e-20  0.00000e+00  0.00000e+00  5.21689e-07
0442  8.69336e+18  7.87800e+03  1.55399e+06  3.59871e-20  0.00000e+00  0.00000e+00  5.19604e-07
0443  8.71075e+18  7.88079e+03  1.55173e+06  3.56917e-20  0.00000e+00  0.00000e+00  5.17531e-07
0444  8.72814e+18  7.88357e+03  1.54947e+06  3.53994e-20  0.00000e+00  0.00000e+00  5.15471e-07
0445  8.74553e+18  7.88633e+03  1.54722e+06  3.51100e-20  0.00000e+00  0.00000e+00  5.13422e-07
0446  8.76293e+18  7.88909e+03  1.54498e+06  3.48236e-20  0.00000e+00  0.00000e+00  5.11386e-07
0447  8.78032e+18  7.89184e+03  1.54274e+06  3.45401e-20  0.00000e+00  0.00000e+00  5.09362e-07
0448  8.79771e+18  7.89457e+03  1.54051e+06  3.42596e-20  0.00000e+00  0.00000e+00  5.07350e-07
0449  8.81510e+18  7.89730e+03  1.53829e+06  3.39818e-20  0.00000e+00  0.00000e+00  5.05350e-07
0450  8.83250e+18  7.90002e+03  1.53607e+06  3.37069e-20  0.00000e+00  0.00000e+00  5.03362e-07
0451  8.84989e+18  7.90272e+03  1.53386e+06  3.34348e-20  0.00000e+00  0.00000e+00  5.01386e-07
0452  8.86728e+18  7.90542e+03  1.53166e+06  3.31654e-20  0.00000e+00  0.00000e+00  4.99421e-07
0453  8.88467e+18  7.90810e+03  1.52946e+06  3.28987e-20  0.00000e+00  0.00000e+00  4.97467e-07
0454  8.90207e+18  7.91078e+03  1.52727e+06  3.26347e-20  0.00000e+00  0.00000e+00  4.95525e-07
0455  8.91946e+18  7.91345e+03  1.52509e+06  3.23734e-20  0.00000e+00  0.00000e+00  4.93595e-07
0456  8.93685e+18  7.91610e+03  1.52291e+06  3.21146e-20  0.00000e+00  0.00000e+00  4.91675e-07
0457  8.95424e+18  7.91875e+03  1.52074e+06  3.18585e-20  0.00000e+00  0.00000e+00  4.89767e-07
0458  8.97164e+18  7.92139e+03  1.51858e+06  3.16049e-20  0.00000e+00  0.00000e+00  4.87870e-07
0459  8.98903e+18  7.92401e+03  1.51642e+06  3.13538e-20  0.00000e+00  0.00000e+00  4.85984e-07
0460  9.00642e+18  7.92663e+03  1.51427e+06  3.11052e-20  0.00000e+00  0.00000e+00  4.84109e-07
0461  9.02381e+18  7.92924e+03  1.51212e+06  3.08591e-20  0.00000e+00  0.00000e+00  4.82244e-07
0462  9.04121e+18  7.93184e+03  1.50999e+06  3.06154e-20  0.00000e+00  0.00000e+00  4.80391e-07
0463  9.05860e+18  7.93443e+03  1.50785e+06  3.03258e-20  0.00000e+00  0.00000e+00  4.78548e-07
0464  9.07599e+18  7.93701e+03  1.50572e+06  3.00900e-20  0.00000e+00  0.00000e+00  4.76716e-07
0465  9.09338e+18  7.93958e+03  1.50360e+06  2.98566e-20  0.00000e+00  0.00000e+00  4.74894e-07
0466  9.11078e+18  7.94215e+03  1.50148e+06  2.96253e-20  0.00000e+00  0.00000e+00  4.73082e-07
0467  9.12817e+18  7.94470e+03  1.49937e+06  2.93964e-20  0.00000e+00  0.00000e+00  4.71281e-07
0468  9.14556e+18  7.94725e+03  1.49727e+06  2.91696e-20  0.00000e+00  0.00000e+00  4.69490e-07
0469  9.16295e+18  7.94978e+03  1.49517e+06  2.89450e-20  0.00000e+00  0.00000e+00  4.67710e-07
0470  9.18035e+18  7.95231e+03  1.49308e+06  2.87226e-20  0.00000e+00  0.00000e+00  4.65939e-07
0471  9.19774e+18  7.95482e+03  1.49099e+06  2.85023e-20  0.00000e+00  0.00000e+00  4.64179e-07
0472  9.21513e+18  7.95733e+03  1.48891e+06  2.82841e-20  0.00000e+00  0.00000e+00  4.62428e-07
0473  9.23252e+18  7.95983e+03  1.48684e+06  2.80680e-20  0.00000e+00  0.00000e+00  4.60688e-07
0474  9.24992e+18  7.96232e+03  1.48477e+06  2.78540e-20  0.00000e+00  0.00000e+00  4.58957e-07
0475  9.26731e+18  7.96480e+03  1.48271e+06  2.76420e-20  0.00000e+00  0.00000e+00  4.57236e-07
0476  9.28470e+18  7.96728e+03  1.48066e+06  2.74320e-20  0.00000e+00  0.00000e+00  4.55524e-07
0477  9.30209e+18  7.96974e+03  1.47861e+06  2.72240e-20  0.00000e+00  0.00000e+00  4.53823e-07
0478  9.31949e+18  7.97220e+03  1.47657e+06  2.70180e-20  0.00000e+00  0.00000e+00  4.52130e-07
0479  9.33688e+18  7.97464e+03  1.47453e+06  2.68139e-20  0.00000e+00  0.00000e+00  4.50447e-07
0480  9.35427e+18  7.97708e+03  1.47250e+06  2.66118e-20  0.00000e+00  0.00000e+00  4.48774e-07
0481  9.37166e+18  7.97951e+03  1.47048e+06  2.64115e-20  0.00000e+00  0.00000e+00  4.47110e-07
0482  9.38906e+18  7.98193e+03  1.46846e+06  2.62132e-20  0.00000e+00  0.00000e+00  4.45455e-07
0483  9.40645e+18  7.98434e+03  1.46645e+06  2.60167e-20  0.00000e+00  0.00000e+00  4.43809e-07
0484  9.42384e+18  7.98675e+03  1.46444e+06  2.58220e-20  0.00000e+00  0.00000e+00  4.42172e-07
0485  9.44123e+18  7.98914e+03  1.46244e+06  2.56292e-20  0.00000e+00  0.00000e+00  4.40545e-07
0486  9.45863e+18  7.99153e+03  1.46045e+06  2.54381e-20  0.00000e+00  0.00000e+00  4.38926e-07
0487  9.47602e+18  7.99391e+03  1.45846e+06  2.52489e-20  0.00000e+00  0.00000e+00  4.37316e-07
0488  9.49341e+18  7.99628e+03  1.45648e+06  2.50614e-20  0.00000e+00  0.00000e+00  4.35715e-07
0489  9.51080e+18  7.99864e+03  1.45450e+06  2.48756e-20  0.00000e+00  0.00000e+00  4.34123e-07
0490  9.52820e+18  8.00100e+03  1.45253e+06  2.46916e-20  0.00000e+00  0.00000e+00  4.32540e-07
0491  9.54559e+18  8.00334e+03  1.45056e+06  2.45092e-20  0.00000e+00  0.00000e+00  4.30965e-07
0492  9.56298e+18  8.00568e+03  1.44860e+06  2.43286e-20  0.00000e+00  0.00000e+00  4.29399e-07
0493  9.58037e+18  8.00801e+03  1.44665e+06  2.41496e-20  0.00000e+00  0.00000e+00  4.27841e-07
0494  9.59777e+18  8.01034e+03  1.44470e+06  2.39722e-20  0.00000e+00  0.00000e+00  4.26292e-07
0495  9.61516e+18  8.01265e+03  1.44276e+06  2.37965e-20  0.00000e+00  0.00000e+00  4.24751e-07
0496  9.63255e+18  8.01496e+03  1.44082e+06  2.36224e-20  0.00000e+00  0.00000e+00  4.23219e-07
0497  9.64994e+18  8.01727e+03  1.43889e+06  2.34498e-20  0.00000e+00  0.00000e+00  4.21695e-07
0498  9.66734e+18  8.01956e+03  1.43696e+06  2.32789e-20  0.00000e+00  0.00000e+00  4.20179e-07
0499  9.68473e+18  8.02185e+03  1.43504e+06  2.31095e-20  0.00000e+00  0.00000e+00  4.18671e-07
0500  9.70212e+18  8.02413e+03  1.43313e+06  2.29416e-20  0.00000e+00  0.00000e+00  4.17171e-07
0501  9.71951e+18  8.02640e+03  1.43122e+06  2.27753e-20  0.00000e+00  0.00000e+00  4.15679e-07
0502  9.73691e+18  8.02866e+03  1.42931e+06  2.26105e-20  0.00000e+00  0.00000e+00  4.14196e-07
0503  9.75430e+18  8.03091e+03  1.42741e+06  2.24471e-20  0.00000e+00  0.00000e+00  4.12720e-07
0504  9.77169e+18  8.03316e+03  1.42552e+06  2.22853e-20  0.00000e+00  0.00000e+00  4.11252e-07
0505  9.78908e+18  8.03540e+03  1.42363e+06  2.21249e-20  0.00000e+00  0.00000e+00  4.09792e-07
0506  9.80648e+18  8.03763e+03  1.42175e+06  2.19659e-20  0.00000e+00  0.00000e+00  4.08340e-07
0507  9.82387e+18  8.03985e+03  1.41987e+06  2.18084e-20  0.00000e+00  0.00000e+00  4.06895e-07
0508  9.84126e+18  8.04207e+03  1.41800e+06  2.16523e-20  0.00000e+00  0.00000e+00  4.05458e-07
0509  9.85865e+18  8.04428e+03  1.41613e+06  2.14975e-20  0.00000e+00  0.00000e+00  4.04029e-07
0510  9.87605e+18  8.04648e+03  1.41427e+06  2.13442e-20  0.00000e+00  0.00000e+00  4.02607e-07
0511  9.89344e+18  8.04868e+03  1.41242e+06  2.11922e-20  0.00000e+00  0.00000e+00  4.01193e-07
0512  9.91083e+18  8.05086e+03  1.41056e+06  2.10416e-20  0.00000e+00  0.00000e+00  3.99786e-07
0513  9.92822e+18  8.05304e+03  1.40872e+06  2.08923e-20  0.00000e+00  0.00000e+00  3.98386e-07
0514  9.94562e+18  8.05522e+03  1.40688e+06  2.07443e-20  0.00000e+00  0.00000e+00  3.96994e-07
0515  9.96301e+18  8.05739e+03  1.40504e+06  2.05977e-20  0.00000e+00  0.00000e+00  3.95609e-07
0516  9.98040e+18  8.05955e+03  1.40321e+06  2.04523e-20  0.00000e+00  0.00000e+00  3.94232e-07
0517  9.99779e+18  8.06170e+03  1.40139e+06  2.03082e-20  0.00000e+00  0.00000e+00  3.92861e-07
0518  1.00152e+19  8.06385e+03  1.39957e+06  2.01654e-20  0.00000e+00  0.00000e+00  3.91498e-07
0519  1.00326e+19  8.06598e+03  1.39775e+06  2.00239e-20  0.00000e+00  0.00000e+00  3.90142e-07
0520  1.00500e+19  8.06812e+03  1.39594e+06  1.98836e-20  0.00000e+00  0.00000e+00  3.88793e-07
0521  1.00674e+19  8.07024e+03  1.39413e+06  1.97445e-20  0.00000e+00  0.00000e+00  3.87450e-07
0522  1.00848e+19  8.07236e+03  1.39233e+06  1.96066e-20  0.00000e+00  0.00000e+00  3.86115e-07
0523  1.01021e+19  8.07447e+03  1.39054e+06  1.94699e-20  0.00000e+00  0.00000e+00  3.84787e-07
0524  1.01195e+19  8.07658e+03  1.38875e+06  1.93345e-20  0.00000e+00  0.00000e+00  3.83465e-07
0525  1.01369e+19  8.07868e+03  1.38696e+06  1.92002e-20  0.00000e+00  0.00000e+00  3.82150e-07
0526  1.01543e+19  8.08077e+03  1.38518e+06  1.90670e-20  0.00000e+00  0.00000e+00  3.80842e-07
0527  1.01717e+19  8.08285e+03  1.38341e+06  1.89350e-20  0.00000e+00  0.00000e+00  3.79541e-07
0528  1.01891e+19  8.08493e+03  1.38164e+06  1.88042e-20  0.00000e+00  0.00000e+00  3.78247e-07
0529  1.02065e+19  8.08700e+03  1.37987e+06  1.86745e-20  0.00000e+00  0.00000e+00  3.76959e-07
0530  1.02239e+19  8.08907e+03  1.37811e+06  1.85459e-20  0.00000e+00  0.00000e+00  3.75677e-07
0531  1.02413e+19  8.09113e+03  1.37635e+06  1.84184e-20  0.00000e+00  0.00000e+00  3.74402e-07
0532  1.02587e+19  8.09318e+03  1.37460e+06  1.82920e-20  0.00000e+00  0.00000e+00  3.73134e-07
0533  1.02761e+19  8.09523e+03  1.37286e+06  1.81667e-20  0.00000e+00  0.00000e+00  3.71872e-07
0534  1.02935e+19  8.09727e+03  1.37111e+06  1.80425e-20  0.00000e+00  0.00000e+00  3.70616e-07
0535  1.03109e+19  8.09930e+03  1.36938e+06  1.79193e-20  0.00000e+00  0.00000e+00  3.69367e-07
0536  1.03283e+19  8.10133e+03  1.36764e+06  1.77972e-20  0.00000e+00  0.00000e+00  3.68124e-07
0537  1.03456e+19  8.10335e+03  1.36592e+06  1.76761e-20  0.00000e+00  0.00000e+00  3.66887e-07
0538  1.03630e+19  8.10536e+03  1.36419e+06  1.75561e-20  0.00000e+00  0.00000e+00  3.65657e-07
0539  1.03804e+19  8.10737e+03  1.36248e+06  1.74370e-20  0.00000e+00  0.00000e+00  3.64432e-07
0540  1.03978e+19  8.10937e+03  1.36076e+06  1.73190e-20  0.00000e+00  0.00000e+00  3.63214e-07
0541  1.04152e+19  8.11137e+03  1.35905e+06  1.72020e-20  0.00000e+00  0.00000e+00  3.62002e-07
0542  1.04326e+19  8.11336e+03  1.35735e+06  1.70859e-20  0.00000e+00  0.00000e+00  3.60796e-07
0543  1.04500e+19  8.11534e+03  1.35565e+06  1.69709e-20  0.00000e+00  0.00000e+00  3.59596e-07
0544  1.04674e+19  8.11732e+03  1.35395e+06  1.68568e-20  0.00000e+00  0.00000e+00  3.58402e-07
0545  1.04848e+19  8.11929e+03  1.35226e+06  1.67436e-20  0.00000e+00  0.00000e+00  3.57214e-07
0546  1.05022e+19  8.12126e+03  1.35058e+06  1.66314e-20  0.00000e+00  0.00000e+00  3.56032e-07
0547  1.05196e+19  8.12322e+03  1.34889e+06  1.65202e-20  0.00000e+00  0.00000e+00  3.54856e-07
0548  1.05370e+19  8.12517e+03  1.34722e+06  1.64099e-20  0.00000e+00  0.00000e+00  3.53685e-07
0549  1.05544e+19  8.12712e+03  1.34554e+06  1.63005e-20  0.00000e+00  0.00000e+00  3.52520e-07
0550  1.05717e+19  8.12905e+03  1.34388e+06  1.61920e-20  0.00000e+00  0.00000e+00  3.51361e-07
0551  1.05891e+19  8.13103e+03  1.34221e+06  1.60844e-20  0.00000e+00  0.00000e+00  3.50208e-07
0552  1.06065e+19  8.13280e+03  1.34056e+06  1.59779e-20  0.00000e+00  0.00000e+00  3.49061e-07
0553  1.06239e+19  8.13541e+03  1.33886e+06  1.58696e-20  0.00000e+00  0.00000e+00  3.47919e-07
0554  1.06413e+19  8.13463e+03  1.33737e+06  1.57691e-20  0.00000e+00  0.00000e+00  3.46782e-07
0555  1.06587e+19  8.15293e+03  1.33478e+06  1.56385e-20  0.00000e+00  0.00000e+00  3.45651e-07
