# Athena++ data at time=9.100000e+11  cycle=68364632  variables=uov 
# i       x1v         user_out_var0          user_out_var1          user_out_var2          user_out_var3          user_out_var4          user_out_var5      
0002  1.07548e+18  4.91743e+00  3.03478e+04  7.11329e-16  0.00000e+00  0.00000e+00  3.39500e-05
0003  1.09287e+18  1.10681e+01  4.15459e+04  8.70715e-17  0.00000e+00  0.00000e+00  3.28781e-05
0004  1.11027e+18  1.69323e+01  5.17223e+04  3.51400e-17  0.00000e+00  0.00000e+00  3.18561e-05
0005  1.12766e+18  2.42324e+01  6.50328e+04  1.93553e-17  0.00000e+00  0.00000e+00  3.08811e-05
0006  1.14505e+18  3.41451e+01  8.41692e+04 -9.35553e-18  0.00000e+00  0.00000e+00  2.99501e-05
0007  1.16244e+18  4.69413e+01  1.11008e+05 -1.01385e-17  0.00000e+00  0.00000e+00  2.90606e-05
0008  1.17983e+18  5.34723e+01  1.23905e+05  2.28480e-17  0.00000e+00  0.00000e+00  2.82102e-05
0009  1.19723e+18  5.98496e+01  1.33003e+05  8.57799e-17  0.00000e+00  0.00000e+00  2.73965e-05
0010  1.21462e+18  6.92584e+01  1.45107e+05  9.84316e-17  0.00000e+00  0.00000e+00  2.66176e-05
0011  1.23201e+18  7.72470e+01  1.52356e+05  4.19332e-17  0.00000e+00  0.00000e+00  2.58714e-05
0012  1.24940e+18  8.23146e+01  1.56569e+05  2.32774e-17  0.00000e+00  0.00000e+00  2.51561e-05
0013  1.26679e+18  8.62351e+01  1.59762e+05  2.54640e-17  0.00000e+00  0.00000e+00  2.44701e-05
0014  1.28419e+18  9.04446e+01  1.62971e+05  2.90637e-17  0.00000e+00  0.00000e+00  2.38118e-05
0015  1.30158e+18  9.45589e+01  1.66244e+05  6.73313e-18  0.00000e+00  0.00000e+00  2.31797e-05
0016  1.31897e+18  9.59013e+01  1.67351e+05 -1.14897e-17  0.00000e+00  0.00000e+00  2.25724e-05
0017  1.33636e+18  9.60829e+01  1.67492e+05 -4.45439e-18  0.00000e+00  0.00000e+00  2.19887e-05
0018  1.35375e+18  2.06039e+02  3.61971e+05  2.03759e-16  0.00000e+00  0.00000e+00  2.14273e-05
0019  1.37115e+18  5.00990e+02  8.36461e+05  3.92865e-16  0.00000e+00  0.00000e+00  2.08872e-05
0020  1.38854e+18  7.60916e+02  1.24577e+06  1.78605e-16  0.00000e+00  0.00000e+00  2.03672e-05
0021  1.40593e+18  9.71345e+02  1.60430e+06  1.59447e-16  0.00000e+00  0.00000e+00  1.98665e-05
0022  1.42332e+18  1.17001e+03  1.94448e+06  1.60850e-16  0.00000e+00  0.00000e+00  1.93839e-05
0023  1.44071e+18  1.35929e+03  2.27511e+06  1.51799e-16  0.00000e+00  0.00000e+00  1.89187e-05
0024  1.45811e+18  1.53628e+03  2.59578e+06  1.37904e-16  0.00000e+00  0.00000e+00  1.84701e-05
0025  1.47550e+18  1.69469e+03  2.89443e+06  1.23141e-16  0.00000e+00  0.00000e+00  1.80373e-05
0026  1.49289e+18  1.82438e+03  3.14912e+06  1.10320e-16  0.00000e+00  0.00000e+00  1.76194e-05
0027  1.51028e+18  1.91666e+03  3.34414e+06  1.01812e-16  0.00000e+00  0.00000e+00  1.72160e-05
0028  1.52767e+18  1.96818e+03  3.47555e+06  9.49675e-17  0.00000e+00  0.00000e+00  1.68262e-05
0029  1.54507e+18  1.98550e+03  3.55458e+06  8.95602e-17  0.00000e+00  0.00000e+00  1.64495e-05
0030  1.56246e+18  1.98203e+03  3.59735e+06  8.51043e-17  0.00000e+00  0.00000e+00  1.60854e-05
0031  1.57985e+18  1.97067e+03  3.61827e+06  8.12109e-17  0.00000e+00  0.00000e+00  1.57331e-05
0032  1.59724e+18  1.95783e+03  3.63041e+06  7.76289e-17  0.00000e+00  0.00000e+00  1.53924e-05
0033  1.61463e+18  1.94363e+03  3.64716e+06  7.41744e-17  0.00000e+00  0.00000e+00  1.50626e-05
0034  1.63203e+18  1.93014e+03  3.67738e+06  7.07373e-17  0.00000e+00  0.00000e+00  1.47432e-05
0035  1.64942e+18  1.92406e+03  3.72321e+06  6.73114e-17  0.00000e+00  0.00000e+00  1.44340e-05
0036  1.66681e+18  1.93318e+03  3.78255e+06  6.39574e-17  0.00000e+00  0.00000e+00  1.41343e-05
0037  1.68420e+18  1.95857e+03  3.86386e+06  6.05475e-17  0.00000e+00  0.00000e+00  1.38439e-05
0038  1.70160e+18  1.99212e+03  3.98464e+06  5.69425e-17  0.00000e+00  0.00000e+00  1.35623e-05
0039  1.71899e+18  2.03553e+03  4.16231e+06  5.31078e-17  0.00000e+00  0.00000e+00  1.32893e-05
0040  1.73638e+18  2.09623e+03  4.38531e+06  4.92281e-17  0.00000e+00  0.00000e+00  1.30244e-05
0041  1.75377e+18  2.18825e+03  4.64326e+06  4.53534e-17  0.00000e+00  0.00000e+00  1.27674e-05
0042  1.77116e+18  2.32406e+03  4.93016e+06  4.16818e-17  0.00000e+00  0.00000e+00  1.25178e-05
0043  1.78856e+18  2.46013e+03  5.27186e+06  3.79636e-17  0.00000e+00  0.00000e+00  1.22756e-05
0044  1.80595e+18  2.57511e+03  5.67071e+06  3.44560e-17  0.00000e+00  0.00000e+00  1.20403e-05
0045  1.82334e+18  2.73676e+03  6.32375e+06  3.08878e-17  0.00000e+00  0.00000e+00  1.18117e-05
0046  1.84073e+18  2.79323e+03  6.60435e+06  2.89703e-17  0.00000e+00  0.00000e+00  1.15895e-05
0047  1.85813e+18  1.90432e+03  4.55691e+06  3.61404e-17  0.00000e+00  0.00000e+00  1.13736e-05
0050  1.87552e+18  1.36913e+02  2.25231e+05 -8.59618e-16  0.00000e+00  0.00000e+00  1.11636e-05
0051  1.89291e+18  4.29559e+01  1.02876e+05 -3.68411e-16  0.00000e+00  0.00000e+00  1.09594e-05
0052  1.91030e+18  4.40736e+01  1.05055e+05 -7.47562e-17  0.00000e+00  0.00000e+00  1.07608e-05
0053  1.92769e+18  4.94014e+01  1.16282e+05  4.55326e-18  0.00000e+00  0.00000e+00  1.05675e-05
0054  1.94509e+18  5.48447e+01  1.25899e+05  1.08468e-17  0.00000e+00  0.00000e+00  1.03793e-05
0055  1.96248e+18  5.94122e+01  1.32432e+05  2.44929e-18  0.00000e+00  0.00000e+00  1.01962e-05
0056  1.97987e+18  6.30920e+01  1.37337e+05 -9.40727e-18  0.00000e+00  0.00000e+00  1.00178e-05
0057  1.99726e+18  6.61860e+01  1.41404e+05 -1.63525e-17  0.00000e+00  0.00000e+00  9.84411e-06
0058  2.01466e+18  6.90425e+01  1.44913e+05 -1.46111e-17  0.00000e+00  0.00000e+00  9.67488e-06
0059  2.03205e+18  7.25424e+01  1.48555e+05 -2.55513e-18  0.00000e+00  0.00000e+00  9.50998e-06
0060  2.04944e+18  7.75170e+01  1.52597e+05 -1.00219e-18  0.00000e+00  0.00000e+00  9.34925e-06
0061  2.06683e+18  8.88835e+01  1.61853e+05 -1.41470e-17  0.00000e+00  0.00000e+00  9.19257e-06
0062  2.08423e+18  1.67640e+02  2.78022e+05 -1.79648e-16  0.00000e+00  0.00000e+00  9.03979e-06
0063  2.10162e+18  4.72000e+02  8.29224e+05  6.22647e-17  0.00000e+00  0.00000e+00  8.89079e-06
0064  2.11901e+18  1.14475e+03  1.99661e+06  3.11428e-17  0.00000e+00  0.00000e+00  8.74544e-06
0065  2.13640e+18  2.08198e+03  3.59867e+06  2.40988e-17  0.00000e+00  0.00000e+00  8.60363e-06
0066  2.15379e+18  2.72405e+03  4.73412e+06  1.83898e-17  0.00000e+00  0.00000e+00  8.46523e-06
0067  2.17119e+18  2.77785e+03  4.88945e+06  1.74462e-17  0.00000e+00  0.00000e+00  8.33016e-06
0068  2.18858e+18  2.60533e+03  4.69121e+06  1.75594e-17  0.00000e+00  0.00000e+00  8.19828e-06
0069  2.20597e+18  1.67408e+03  3.10570e+06  2.36207e-17  0.00000e+00  0.00000e+00  8.06952e-06
0070  2.22336e+18  3.37065e+02  6.62783e+05  5.28375e-17  0.00000e+00  0.00000e+00  7.94377e-06
0071  2.24076e+18  9.98811e+01  1.71831e+05 -1.91686e-16  0.00000e+00  0.00000e+00  7.82093e-06
0072  2.25815e+18  8.82721e+01  1.61329e+05 -1.64892e-18  0.00000e+00  0.00000e+00  7.70092e-06
0073  2.27554e+18  8.80641e+01  1.61156e+05  5.66547e-19  0.00000e+00  0.00000e+00  7.58365e-06
0074  2.29293e+18  8.84030e+01  1.61409e+05  1.40792e-18  0.00000e+00  0.00000e+00  7.46904e-06
0075  2.31033e+18  8.89470e+01  1.61819e+05  2.18320e-18  0.00000e+00  0.00000e+00  7.35701e-06
0076  2.32772e+18  8.98072e+01  1.62469e+05  3.73352e-18  0.00000e+00  0.00000e+00  7.24748e-06
0077  2.34511e+18  9.08010e+01  1.63232e+05  4.49114e-18  0.00000e+00  0.00000e+00  7.14038e-06
0078  2.36250e+18  9.17666e+01  1.63985e+05  4.57507e-18  0.00000e+00  0.00000e+00  7.03563e-06
0079  2.37989e+18  9.25700e+01  1.64623e+05  4.00520e-18  0.00000e+00  0.00000e+00  6.93317e-06
0080  2.39729e+18  9.35310e+01  1.65404e+05  2.12541e-18  0.00000e+00  0.00000e+00  6.83294e-06
0081  2.41468e+18  9.46920e+01  1.66347e+05  9.68477e-19  0.00000e+00  0.00000e+00  6.73486e-06
0082  2.43207e+18  9.56448e+01  1.67134e+05 -3.48808e-19  0.00000e+00  0.00000e+00  6.63888e-06
0083  2.44946e+18  9.65306e+01  1.67861e+05 -5.04646e-19  0.00000e+00  0.00000e+00  6.54493e-06
0084  2.46686e+18  9.75567e+01  1.68046e+05 -1.33270e-18  0.00000e+00  0.00000e+00  6.45297e-06
0085  2.48425e+18  9.92669e+01  1.69488e+05 -1.45361e-18  0.00000e+00  0.00000e+00  6.36293e-06
0086  2.50164e+18  1.03767e+02  1.73122e+05 -7.88316e-18  0.00000e+00  0.00000e+00  6.27476e-06
0087  2.51903e+18  1.21480e+02  1.90526e+05 -3.32607e-17  0.00000e+00  0.00000e+00  6.18842e-06
0088  2.53643e+18  1.51738e+02  2.34223e+05 -1.44990e-17  0.00000e+00  0.00000e+00  6.10384e-06
0089  2.55382e+18  1.60313e+02  2.46729e+05  3.62439e-19  0.00000e+00  0.00000e+00  6.02098e-06
0090  2.57121e+18  1.60069e+02  2.46235e+05  1.00124e-18  0.00000e+00  0.00000e+00  5.93980e-06
0091  2.58860e+18  1.59039e+02  2.44499e+05  1.03997e-18  0.00000e+00  0.00000e+00  5.86026e-06
0092  2.60600e+18  1.58124e+02  2.42994e+05  8.86412e-19  0.00000e+00  0.00000e+00  5.78229e-06
0093  2.62339e+18  1.57527e+02  2.42009e+05  8.53264e-19  0.00000e+00  0.00000e+00  5.70588e-06
0094  2.64078e+18  1.57104e+02  2.41306e+05  8.88108e-19  0.00000e+00  0.00000e+00  5.63097e-06
0095  2.65817e+18  1.56642e+02  2.40544e+05  9.07361e-19  0.00000e+00  0.00000e+00  5.55752e-06
0096  2.67557e+18  1.56099e+02  2.39657e+05  8.94910e-19  0.00000e+00  0.00000e+00  5.48550e-06
0097  2.69296e+18  1.55564e+02  2.38787e+05  8.86266e-19  0.00000e+00  0.00000e+00  5.41488e-06
0098  2.71035e+18  1.55100e+02  2.38034e+05  8.98630e-19  0.00000e+00  0.00000e+00  5.34560e-06
0099  2.72774e+18  1.54678e+02  2.37349e+05  9.17641e-19  0.00000e+00  0.00000e+00  5.27765e-06
0100  2.74513e+18  1.54202e+02  2.36582e+05  9.17490e-19  0.00000e+00  0.00000e+00  5.21099e-06
0101  2.76253e+18  1.53600e+02  2.35624e+05  8.92303e-19  0.00000e+00  0.00000e+00  5.14558e-06
0102  2.77992e+18  1.52902e+02  2.34517e+05  8.66359e-19  0.00000e+00  0.00000e+00  5.08140e-06
0103  2.79731e+18  1.52220e+02  2.33438e+05  8.69673e-19  0.00000e+00  0.00000e+00  5.01841e-06
0104  2.81470e+18  1.51677e+02  2.32579e+05  9.13701e-19  0.00000e+00  0.00000e+00  4.95658e-06
0105  2.83210e+18  1.51368e+02  2.32082e+05  9.86567e-19  0.00000e+00  0.00000e+00  4.89589e-06
0106  2.84949e+18  1.51280e+02  2.31926e+05  1.07718e-18  0.00000e+00  0.00000e+00  4.83630e-06
0107  2.86688e+18  1.51075e+02  2.31592e+05  1.15656e-18  0.00000e+00  0.00000e+00  4.77780e-06
0108  2.88427e+18  1.49992e+02  2.29916e+05  1.13430e-18  0.00000e+00  0.00000e+00  4.72035e-06
0109  2.90167e+18  1.47860e+02  2.27248e+05  2.36501e-18  0.00000e+00  0.00000e+00  4.66394e-06
0110  2.91906e+18  1.45240e+02  2.22538e+05  3.24026e-19  0.00000e+00  0.00000e+00  4.60853e-06
0111  2.93645e+18  1.44252e+02  2.20793e+05 -2.31813e-19  0.00000e+00  0.00000e+00  4.55409e-06
0112  2.95384e+18  1.45430e+02  2.22859e+05  5.36837e-19  0.00000e+00  0.00000e+00  4.50062e-06
0113  2.97124e+18  1.46545e+02  2.24774e+05  1.73910e-18  0.00000e+00  0.00000e+00  4.44809e-06
0114  2.98863e+18  1.45541e+02  2.23002e+05  9.19899e-19  0.00000e+00  0.00000e+00  4.39647e-06
0115  3.00602e+18  1.44533e+02  2.21198e+05  4.82792e-19  0.00000e+00  0.00000e+00  4.34574e-06
0116  3.02341e+18  1.44008e+02  2.20244e+05  4.33503e-19  0.00000e+00  0.00000e+00  4.29588e-06
0117  3.04081e+18  1.43854e+02  2.19951e+05  5.12419e-19  0.00000e+00  0.00000e+00  4.24688e-06
0118  3.05820e+18  1.43757e+02  2.19745e+05  6.81750e-19  0.00000e+00  0.00000e+00  4.19872e-06
0119  3.07559e+18  1.43503e+02  2.19281e+05  6.99680e-19  0.00000e+00  0.00000e+00  4.15136e-06
0120  3.09298e+18  1.43158e+02  2.18669e+05  6.50564e-19  0.00000e+00  0.00000e+00  4.10481e-06
0121  3.11037e+18  1.42820e+02  2.18069e+05  6.20409e-19  0.00000e+00  0.00000e+00  4.05903e-06
0122  3.12777e+18  1.42511e+02  2.17521e+05  6.14609e-19  0.00000e+00  0.00000e+00  4.01401e-06
0123  3.14516e+18  1.42217e+02  2.17001e+05  6.16507e-19  0.00000e+00  0.00000e+00  3.96974e-06
0124  3.16255e+18  1.41923e+02  2.16487e+05  6.16159e-19  0.00000e+00  0.00000e+00  3.92620e-06
0125  3.17994e+18  1.41629e+02  2.15973e+05  6.12837e-19  0.00000e+00  0.00000e+00  3.88337e-06
0126  3.19734e+18  1.41336e+02  2.15465e+05  6.08537e-19  0.00000e+00  0.00000e+00  3.84123e-06
0127  3.21473e+18  1.41046e+02  2.14965e+05  6.04255e-19  0.00000e+00  0.00000e+00  3.79978e-06
0128  3.23212e+18  1.40760e+02  2.14476e+05  5.99720e-19  0.00000e+00  0.00000e+00  3.75900e-06
0129  3.24951e+18  1.40479e+02  2.13997e+05  5.97036e-19  0.00000e+00  0.00000e+00  3.71887e-06
0130  3.26691e+18  1.40199e+02  2.13520e+05  6.00376e-19  0.00000e+00  0.00000e+00  3.67938e-06
0131  3.28430e+18  1.39898e+02  2.13038e+05  6.22582e-19  0.00000e+00  0.00000e+00  3.64051e-06
0132  3.30169e+18  1.39548e+02  2.12494e+05  6.46406e-19  0.00000e+00  0.00000e+00  3.60226e-06
0133  3.31908e+18  1.39170e+02  2.11913e+05  6.47582e-19  0.00000e+00  0.00000e+00  3.56460e-06
0134  3.33648e+18  1.38789e+02  2.11334e+05  6.42546e-19  0.00000e+00  0.00000e+00  3.52754e-06
0135  3.35387e+18  1.38413e+02  2.10766e+05  6.37933e-19  0.00000e+00  0.00000e+00  3.49104e-06
0136  3.37126e+18  1.38039e+02  2.10206e+05  6.34681e-19  0.00000e+00  0.00000e+00  3.45512e-06
0137  3.38865e+18  1.37664e+02  2.09648e+05  6.32188e-19  0.00000e+00  0.00000e+00  3.41974e-06
0138  3.40605e+18  1.37288e+02  2.09093e+05  6.29883e-19  0.00000e+00  0.00000e+00  3.38491e-06
0139  3.42344e+18  1.36911e+02  2.08540e+05  6.27513e-19  0.00000e+00  0.00000e+00  3.35060e-06
0140  3.44083e+18  1.36533e+02  2.07990e+05  6.25034e-19  0.00000e+00  0.00000e+00  3.31681e-06
0141  3.45822e+18  1.36154e+02  2.07442e+05  6.22470e-19  0.00000e+00  0.00000e+00  3.28353e-06
0142  3.47562e+18  1.35774e+02  2.06897e+05  6.19848e-19  0.00000e+00  0.00000e+00  3.25075e-06
0143  3.49301e+18  1.35394e+02  2.06356e+05  6.17180e-19  0.00000e+00  0.00000e+00  3.21846e-06
0144  3.51040e+18  1.35013e+02  2.05817e+05  6.14466e-19  0.00000e+00  0.00000e+00  3.18665e-06
0145  3.52779e+18  1.34631e+02  2.05281e+05  6.11704e-19  0.00000e+00  0.00000e+00  3.15531e-06
0146  3.54519e+18  1.34248e+02  2.04748e+05  6.08890e-19  0.00000e+00  0.00000e+00  3.12442e-06
0147  3.56258e+18  1.33866e+02  2.04219e+05  6.06021e-19  0.00000e+00  0.00000e+00  3.09399e-06
0148  3.57997e+18  1.33483e+02  2.03693e+05  6.03095e-19  0.00000e+00  0.00000e+00  3.06400e-06
0149  3.59736e+18  1.33099e+02  2.03171e+05  6.00109e-19  0.00000e+00  0.00000e+00  3.03444e-06
0150  3.61476e+18  1.32716e+02  2.02652e+05  5.97057e-19  0.00000e+00  0.00000e+00  3.00531e-06
0151  3.63215e+18  1.32333e+02  2.02137e+05  5.93936e-19  0.00000e+00  0.00000e+00  2.97660e-06
0152  3.64954e+18  1.31950e+02  2.01626e+05  5.90739e-19  0.00000e+00  0.00000e+00  2.94830e-06
0153  3.66693e+18  1.31567e+02  2.01119e+05  5.87458e-19  0.00000e+00  0.00000e+00  2.92040e-06
0154  3.68432e+18  1.31185e+02  2.00617e+05  5.84083e-19  0.00000e+00  0.00000e+00  2.89289e-06
0155  3.70172e+18  1.30803e+02  2.00119e+05  5.80603e-19  0.00000e+00  0.00000e+00  2.86577e-06
0156  3.71911e+18  1.30423e+02  1.99625e+05  5.77002e-19  0.00000e+00  0.00000e+00  2.83903e-06
0157  3.73650e+18  1.30043e+02  1.99137e+05  5.73267e-19  0.00000e+00  0.00000e+00  2.81266e-06
0158  3.75389e+18  1.29665e+02  1.98654e+05  5.69366e-19  0.00000e+00  0.00000e+00  2.78666e-06
0159  3.77129e+18  1.29289e+02  1.98176e+05  5.65224e-19  0.00000e+00  0.00000e+00  2.76101e-06
0160  3.78868e+18  1.28915e+02  1.97705e+05  5.61716e-19  0.00000e+00  0.00000e+00  2.73572e-06
0161  3.80607e+18  1.28542e+02  1.97236e+05  5.61706e-19  0.00000e+00  0.00000e+00  2.71078e-06
0162  3.82346e+18  1.28160e+02  1.96775e+05  5.64963e-19  0.00000e+00  0.00000e+00  2.68617e-06
0163  3.84086e+18  1.27752e+02  1.96297e+05  5.81527e-19  0.00000e+00  0.00000e+00  2.66190e-06
0164  3.85825e+18  1.27323e+02  1.95801e+05  5.85838e-19  0.00000e+00  0.00000e+00  2.63795e-06
0165  3.87564e+18  1.26887e+02  1.95302e+05  5.83747e-19  0.00000e+00  0.00000e+00  2.61433e-06
0166  3.89303e+18  1.26451e+02  1.94808e+05  5.79683e-19  0.00000e+00  0.00000e+00  2.59102e-06
0167  3.91043e+18  1.26017e+02  1.94319e+05  5.76095e-19  0.00000e+00  0.00000e+00  2.56803e-06
0168  3.92782e+18  1.25584e+02  1.93834e+05  5.73575e-19  0.00000e+00  0.00000e+00  2.54533e-06
0169  3.94521e+18  1.25149e+02  1.93352e+05  5.71828e-19  0.00000e+00  0.00000e+00  2.52294e-06
0170  3.96260e+18  1.24713e+02  1.92871e+05  5.70465e-19  0.00000e+00  0.00000e+00  2.50084e-06
0171  3.98000e+18  1.24273e+02  1.92390e+05  5.69297e-19  0.00000e+00  0.00000e+00  2.47903e-06
0172  3.99739e+18  1.23831e+02  1.91910e+05  5.67528e-19  0.00000e+00  0.00000e+00  2.45751e-06
0173  4.01478e+18  1.23388e+02  1.91434e+05  5.62301e-19  0.00000e+00  0.00000e+00  2.43626e-06
0174  4.03217e+18  1.22953e+02  1.90955e+05  5.56287e-19  0.00000e+00  0.00000e+00  2.41529e-06
0175  4.04957e+18  1.22542e+02  1.90494e+05  5.34909e-19  0.00000e+00  0.00000e+00  2.39459e-06
0176  4.06696e+18  1.22150e+02  1.90056e+05  5.26894e-19  0.00000e+00  0.00000e+00  2.37415e-06
0177  4.08435e+18  1.21763e+02  1.89624e+05  5.25009e-19  0.00000e+00  0.00000e+00  2.35397e-06
0178  4.10174e+18  1.21373e+02  1.89193e+05  5.24773e-19  0.00000e+00  0.00000e+00  2.33405e-06
0179  4.11914e+18  1.20979e+02  1.88761e+05  5.23915e-19  0.00000e+00  0.00000e+00  2.31438e-06
0180  4.13653e+18  1.20582e+02  1.88331e+05  5.22063e-19  0.00000e+00  0.00000e+00  2.29496e-06
0181  4.15392e+18  1.20185e+02  1.87903e+05  5.19646e-19  0.00000e+00  0.00000e+00  2.27578e-06
0182  4.17131e+18  1.19788e+02  1.87479e+05  5.17100e-19  0.00000e+00  0.00000e+00  2.25685e-06
0183  4.18871e+18  1.19391e+02  1.87059e+05  5.14625e-19  0.00000e+00  0.00000e+00  2.23814e-06
0184  4.20610e+18  1.18994e+02  1.86642e+05  5.12248e-19  0.00000e+00  0.00000e+00  2.21967e-06
0185  4.22349e+18  1.18596e+02  1.86228e+05  5.09928e-19  0.00000e+00  0.00000e+00  2.20143e-06
0186  4.24088e+18  1.18198e+02  1.85817e+05  5.07628e-19  0.00000e+00  0.00000e+00  2.18341e-06
0187  4.25828e+18  1.17800e+02  1.85409e+05  5.05332e-19  0.00000e+00  0.00000e+00  2.16561e-06
0188  4.27567e+18  1.17402e+02  1.85004e+05  5.03038e-19  0.00000e+00  0.00000e+00  2.14803e-06
0189  4.29306e+18  1.17003e+02  1.84602e+05  5.00751e-19  0.00000e+00  0.00000e+00  2.13066e-06
0190  4.31045e+18  1.16605e+02  1.84203e+05  4.98476e-19  0.00000e+00  0.00000e+00  2.11350e-06
0191  4.32785e+18  1.16206e+02  1.83808e+05  4.96215e-19  0.00000e+00  0.00000e+00  2.09654e-06
0192  4.34524e+18  1.15807e+02  1.83415e+05  4.93969e-19  0.00000e+00  0.00000e+00  2.07979e-06
0193  4.36263e+18  1.15408e+02  1.83026e+05  4.91738e-19  0.00000e+00  0.00000e+00  2.06324e-06
0194  4.38002e+18  1.15009e+02  1.82639e+05  4.89523e-19  0.00000e+00  0.00000e+00  2.04689e-06
0195  4.39742e+18  1.14610e+02  1.82256e+05  4.87325e-19  0.00000e+00  0.00000e+00  2.03073e-06
0196  4.41481e+18  1.14211e+02  1.81875e+05  4.85143e-19  0.00000e+00  0.00000e+00  2.01476e-06
0197  4.43220e+18  1.13812e+02  1.81498e+05  4.82980e-19  0.00000e+00  0.00000e+00  1.99898e-06
0198  4.44959e+18  1.13413e+02  1.81123e+05  4.80835e-19  0.00000e+00  0.00000e+00  1.98339e-06
0199  4.46699e+18  1.13014e+02  1.80752e+05  4.78710e-19  0.00000e+00  0.00000e+00  1.96797e-06
0200  4.48438e+18  1.12615e+02  1.80383e+05  4.76604e-19  0.00000e+00  0.00000e+00  1.95273e-06
0201  4.50177e+18  1.12216e+02  1.80017e+05  4.74520e-19  0.00000e+00  0.00000e+00  1.93768e-06
0202  4.51916e+18  1.11817e+02  1.79654e+05  4.72456e-19  0.00000e+00  0.00000e+00  1.92279e-06
0203  4.53655e+18  1.11418e+02  1.79294e+05  4.70415e-19  0.00000e+00  0.00000e+00  1.90807e-06
0204  4.55395e+18  1.11020e+02  1.78937e+05  4.68396e-19  0.00000e+00  0.00000e+00  1.89353e-06
0205  4.57134e+18  1.10621e+02  1.78582e+05  4.66402e-19  0.00000e+00  0.00000e+00  1.87915e-06
0206  4.58873e+18  1.10223e+02  1.78231e+05  4.64432e-19  0.00000e+00  0.00000e+00  1.86493e-06
0207  4.60612e+18  1.09824e+02  1.77882e+05  4.62487e-19  0.00000e+00  0.00000e+00  1.85087e-06
0208  4.62352e+18  1.09426e+02  1.77535e+05  4.60566e-19  0.00000e+00  0.00000e+00  1.83697e-06
0209  4.64091e+18  1.09028e+02  1.77192e+05  4.58665e-19  0.00000e+00  0.00000e+00  1.82323e-06
0210  4.65830e+18  1.08630e+02  1.76851e+05  4.56782e-19  0.00000e+00  0.00000e+00  1.80964e-06
0211  4.67569e+18  1.08232e+02  1.76512e+05  4.54918e-19  0.00000e+00  0.00000e+00  1.79620e-06
0212  4.69309e+18  1.07834e+02  1.76176e+05  4.53076e-19  0.00000e+00  0.00000e+00  1.78291e-06
0213  4.71048e+18  1.07436e+02  1.75843e+05  4.51265e-19  0.00000e+00  0.00000e+00  1.76977e-06
0214  4.72787e+18  1.07039e+02  1.75512e+05  4.49492e-19  0.00000e+00  0.00000e+00  1.75678e-06
0215  4.74526e+18  1.06641e+02  1.75183e+05  4.47758e-19  0.00000e+00  0.00000e+00  1.74392e-06
0216  4.76266e+18  1.06244e+02  1.74857e+05  4.46061e-19  0.00000e+00  0.00000e+00  1.73121e-06
0217  4.78005e+18  1.05847e+02  1.74534e+05  4.44395e-19  0.00000e+00  0.00000e+00  1.71863e-06
0218  4.79744e+18  1.05449e+02  1.74212e+05  4.42757e-19  0.00000e+00  0.00000e+00  1.70619e-06
0219  4.81483e+18  1.05052e+02  1.73893e+05  4.41143e-19  0.00000e+00  0.00000e+00  1.69389e-06
0220  4.83223e+18  1.04656e+02  1.73577e+05  4.39549e-19  0.00000e+00  0.00000e+00  1.68172e-06
0221  4.84962e+18  1.04259e+02  1.73263e+05  4.37983e-19  0.00000e+00  0.00000e+00  1.66968e-06
0222  4.86701e+18  1.03862e+02  1.72951e+05  4.36649e-19  0.00000e+00  0.00000e+00  1.65776e-06
0223  4.88440e+18  1.03465e+02  1.72641e+05  4.34147e-19  0.00000e+00  0.00000e+00  1.64598e-06
0224  4.90180e+18  1.03063e+02  1.72326e+05  4.46125e-19  0.00000e+00  0.00000e+00  1.63432e-06
0225  4.91919e+18  1.02634e+02  1.71987e+05  4.81828e-19  0.00000e+00  0.00000e+00  1.62278e-06
0226  4.93658e+18  1.02113e+02  1.71843e+05  6.42282e-19  0.00000e+00  0.00000e+00  1.61137e-06
0227  4.95397e+18  1.01561e+02  1.71380e+05  4.71828e-19  0.00000e+00  0.00000e+00  1.60007e-06
0228  4.97137e+18  1.01137e+02  1.71012e+05  4.12381e-19  0.00000e+00  0.00000e+00  1.58890e-06
0229  4.98876e+18  1.00818e+02  1.70731e+05  3.90538e-19  0.00000e+00  0.00000e+00  1.57784e-06
0230  5.00615e+18  1.00515e+02  1.70461e+05  3.91752e-19  0.00000e+00  0.00000e+00  1.56689e-06
0231  5.02354e+18  1.00195e+02  1.70177e+05  4.00632e-19  0.00000e+00  0.00000e+00  1.55606e-06
0232  5.04094e+18  9.98579e+01  1.69880e+05  4.05695e-19  0.00000e+00  0.00000e+00  1.54534e-06
0233  5.05833e+18  9.95130e+01  1.69581e+05  4.05491e-19  0.00000e+00  0.00000e+00  1.53474e-06
0234  5.07572e+18  9.91682e+01  1.69285e+05  4.02735e-19  0.00000e+00  0.00000e+00  1.52424e-06
0235  5.09311e+18  9.88261e+01  1.68994e+05  3.99791e-19  0.00000e+00  0.00000e+00  1.51384e-06
0236  5.11051e+18  9.84857e+01  1.68707e+05  3.97412e-19  0.00000e+00  0.00000e+00  1.50356e-06
0237  5.12790e+18  9.81433e+01  1.68418e+05  4.04162e-19  0.00000e+00  0.00000e+00  1.49337e-06
0238  5.14529e+18  9.77671e+01  1.68092e+05  4.58818e-19  0.00000e+00  0.00000e+00  1.48330e-06
0239  5.16268e+18  9.72693e+01  1.67935e+05 -5.87850e-19  0.00000e+00  0.00000e+00  1.47332e-06
0240  5.18008e+18  9.65860e+01  1.67735e+05  6.89352e-19  0.00000e+00  0.00000e+00  1.46344e-06
0241  5.19747e+18  9.59286e+01  1.67253e+05  4.57328e-19  0.00000e+00  0.00000e+00  1.45366e-06
0242  5.21486e+18  9.54683e+01  1.66891e+05  4.04074e-19  0.00000e+00  0.00000e+00  1.44398e-06
0243  5.23225e+18  9.51659e+01  1.66653e+05  3.70875e-19  0.00000e+00  0.00000e+00  1.43440e-06
0244  5.24965e+18  9.48771e+01  1.66417e+05  3.74412e-19  0.00000e+00  0.00000e+00  1.42491e-06
0245  5.26704e+18  9.45526e+01  1.66151e+05  3.92453e-19  0.00000e+00  0.00000e+00  1.41552e-06
0246  5.28443e+18  9.41962e+01  1.65861e+05  4.03527e-19  0.00000e+00  0.00000e+00  1.40621e-06
0247  5.30182e+18  9.38257e+01  1.65563e+05  4.05131e-19  0.00000e+00  0.00000e+00  1.39700e-06
0248  5.31922e+18  9.34550e+01  1.65267e+05  4.02044e-19  0.00000e+00  0.00000e+00  1.38788e-06
0249  5.33661e+18  9.30893e+01  1.64977e+05  3.98353e-19  0.00000e+00  0.00000e+00  1.37885e-06
0250  5.35400e+18  9.27281e+01  1.64690e+05  3.95760e-19  0.00000e+00  0.00000e+00  1.36991e-06
0251  5.37139e+18  9.23690e+01  1.64406e+05  3.94301e-19  0.00000e+00  0.00000e+00  1.36105e-06
0252  5.38879e+18  9.20103e+01  1.64123e+05  3.93408e-19  0.00000e+00  0.00000e+00  1.35228e-06
0253  5.40618e+18  9.16513e+01  1.63841e+05  3.92601e-19  0.00000e+00  0.00000e+00  1.34359e-06
0254  5.42357e+18  9.12922e+01  1.63559e+05  3.91689e-19  0.00000e+00  0.00000e+00  1.33499e-06
0255  5.44096e+18  9.09332e+01  1.63278e+05  3.90682e-19  0.00000e+00  0.00000e+00  1.32647e-06
0256  5.45836e+18  9.05745e+01  1.62999e+05  3.89654e-19  0.00000e+00  0.00000e+00  1.31803e-06
0257  5.47575e+18  9.02160e+01  1.62721e+05  3.88664e-19  0.00000e+00  0.00000e+00  1.30967e-06
0258  5.49314e+18  8.98578e+01  1.62443e+05  3.87735e-19  0.00000e+00  0.00000e+00  1.30139e-06
0259  5.51053e+18  8.94996e+01  1.62167e+05  3.86867e-19  0.00000e+00  0.00000e+00  1.29318e-06
0260  5.52793e+18  8.91415e+01  1.61891e+05  3.86051e-19  0.00000e+00  0.00000e+00  1.28506e-06
0261  5.54532e+18  8.87833e+01  1.61616e+05  3.85284e-19  0.00000e+00  0.00000e+00  1.27701e-06
0262  5.56271e+18  8.84250e+01  1.61342e+05  3.84566e-19  0.00000e+00  0.00000e+00  1.26904e-06
0263  5.58010e+18  8.80664e+01  1.61069e+05  3.83900e-19  0.00000e+00  0.00000e+00  1.26114e-06
0264  5.59750e+18  8.77077e+01  1.60796e+05  3.83290e-19  0.00000e+00  0.00000e+00  1.25331e-06
0265  5.61489e+18  8.73485e+01  1.60524e+05  3.82740e-19  0.00000e+00  0.00000e+00  1.24556e-06
0266  5.63228e+18  8.69889e+01  1.60252e+05  3.82254e-19  0.00000e+00  0.00000e+00  1.23788e-06
0267  5.64967e+18  8.66288e+01  1.59981e+05  3.81836e-19  0.00000e+00  0.00000e+00  1.23027e-06
0268  5.66707e+18  8.62679e+01  1.59710e+05  3.81484e-19  0.00000e+00  0.00000e+00  1.22273e-06
0269  5.68446e+18  8.59063e+01  1.59439e+05  3.81192e-19  0.00000e+00  0.00000e+00  1.21526e-06
0270  5.70185e+18  8.55442e+01  1.59169e+05  3.80348e-19  0.00000e+00  0.00000e+00  1.20786e-06
0271  5.71924e+18  8.51832e+01  1.58901e+05  3.76437e-19  0.00000e+00  0.00000e+00  1.20052e-06
0272  5.73664e+18  8.48301e+01  1.58616e+05  3.78077e-19  0.00000e+00  0.00000e+00  1.19325e-06
0273  5.75403e+18  8.44939e+01  1.58332e+05  3.67261e-19  0.00000e+00  0.00000e+00  1.18605e-06
0274  5.77142e+18  8.41713e+01  1.58059e+05  3.64060e-19  0.00000e+00  0.00000e+00  1.17891e-06
0275  5.78881e+18  8.38514e+01  1.57789e+05  3.63880e-19  0.00000e+00  0.00000e+00  1.17184e-06
0276  5.80620e+18  8.35292e+01  1.57516e+05  3.64596e-19  0.00000e+00  0.00000e+00  1.16483e-06
0277  5.82360e+18  8.32044e+01  1.57241e+05  3.64766e-19  0.00000e+00  0.00000e+00  1.15788e-06
0278  5.84099e+18  8.28786e+01  1.56967e+05  3.64161e-19  0.00000e+00  0.00000e+00  1.15100e-06
0279  5.85838e+18  8.25531e+01  1.56693e+05  3.63146e-19  0.00000e+00  0.00000e+00  1.14417e-06
0280  5.87577e+18  8.22283e+01  1.56420e+05  3.62091e-19  0.00000e+00  0.00000e+00  1.13741e-06
0281  5.89317e+18  8.19043e+01  1.56149e+05  3.61160e-19  0.00000e+00  0.00000e+00  1.13071e-06
0282  5.91056e+18  8.15806e+01  1.55878e+05  3.60362e-19  0.00000e+00  0.00000e+00  1.12406e-06
0283  5.92795e+18  8.12571e+01  1.55607e+05  3.59645e-19  0.00000e+00  0.00000e+00  1.11748e-06
0284  5.94534e+18  8.09337e+01  1.55337e+05  3.58966e-19  0.00000e+00  0.00000e+00  1.11095e-06
0285  5.96274e+18  8.06104e+01  1.55068e+05  3.58306e-19  0.00000e+00  0.00000e+00  1.10448e-06
0286  5.98013e+18  8.02872e+01  1.54799e+05  3.57669e-19  0.00000e+00  0.00000e+00  1.09806e-06
0287  5.99752e+18  7.99640e+01  1.54530e+05  3.57062e-19  0.00000e+00  0.00000e+00  1.09170e-06
0288  6.01491e+18  7.96409e+01  1.54262e+05  3.56493e-19  0.00000e+00  0.00000e+00  1.08540e-06
0289  6.03231e+18  7.93176e+01  1.53994e+05  3.55965e-19  0.00000e+00  0.00000e+00  1.07915e-06
0290  6.04970e+18  7.89942e+01  1.53726e+05  3.55480e-19  0.00000e+00  0.00000e+00  1.07295e-06
0291  6.06709e+18  7.86706e+01  1.53459e+05  3.55038e-19  0.00000e+00  0.00000e+00  1.06681e-06
0292  6.08448e+18  7.83468e+01  1.53192e+05  3.54642e-19  0.00000e+00  0.00000e+00  1.06072e-06
0293  6.10188e+18  7.80226e+01  1.52925e+05  3.54292e-19  0.00000e+00  0.00000e+00  1.05468e-06
0294  6.11927e+18  7.76980e+01  1.52658e+05  3.53992e-19  0.00000e+00  0.00000e+00  1.04869e-06
0295  6.13666e+18  7.73730e+01  1.52391e+05  3.53743e-19  0.00000e+00  0.00000e+00  1.04276e-06
0296  6.15405e+18  7.70474e+01  1.52124e+05  3.53551e-19  0.00000e+00  0.00000e+00  1.03687e-06
0297  6.17145e+18  7.67211e+01  1.51856e+05  3.53416e-19  0.00000e+00  0.00000e+00  1.03104e-06
0298  6.18884e+18  7.63941e+01  1.51589e+05  3.53345e-19  0.00000e+00  0.00000e+00  1.02525e-06
0299  6.20623e+18  7.60663e+01  1.51321e+05  3.53339e-19  0.00000e+00  0.00000e+00  1.01951e-06
0300  6.22362e+18  7.57374e+01  1.51053e+05  3.53405e-19  0.00000e+00  0.00000e+00  1.01382e-06
0301  6.24102e+18  7.54075e+01  1.50784e+05  3.53547e-19  0.00000e+00  0.00000e+00  1.00818e-06
0302  6.25841e+18  7.50764e+01  1.50514e+05  3.53771e-19  0.00000e+00  0.00000e+00  1.00258e-06
0303  6.27580e+18  7.47438e+01  1.50244e+05  3.54084e-19  0.00000e+00  0.00000e+00  9.97032e-07
0304  6.29319e+18  7.44098e+01  1.49973e+05  3.54493e-19  0.00000e+00  0.00000e+00  9.91529e-07
0305  6.31059e+18  7.40740e+01  1.49701e+05  3.55007e-19  0.00000e+00  0.00000e+00  9.86071e-07
0306  6.32798e+18  7.37364e+01  1.49428e+05  3.55635e-19  0.00000e+00  0.00000e+00  9.80658e-07
0307  6.34537e+18  7.33966e+01  1.49153e+05  3.56389e-19  0.00000e+00  0.00000e+00  9.75289e-07
0308  6.36276e+18  7.30545e+01  1.48877e+05  3.57283e-19  0.00000e+00  0.00000e+00  9.69965e-07
0309  6.38016e+18  7.27097e+01  1.48599e+05  3.58330e-19  0.00000e+00  0.00000e+00  9.64684e-07
0310  6.39755e+18  7.23620e+01  1.48319e+05  3.59542e-19  0.00000e+00  0.00000e+00  9.59445e-07
0311  6.41494e+18  7.20112e+01  1.48037e+05  3.60904e-19  0.00000e+00  0.00000e+00  9.54250e-07
0312  6.43233e+18  7.16569e+01  1.47752e+05  3.62277e-19  0.00000e+00  0.00000e+00  9.49097e-07
0313  6.44973e+18  7.13006e+01  1.47467e+05  3.61577e-19  0.00000e+00  0.00000e+00  9.43985e-07
0314  6.46712e+18  7.09507e+01  1.47194e+05  3.33727e-19  0.00000e+00  0.00000e+00  9.38914e-07
0315  6.48451e+18  7.06433e+01  1.46685e+05  2.43669e-19  0.00000e+00  0.00000e+00  9.33884e-07
0316  6.50190e+18  7.04289e+01  1.46426e+05  2.86029e-19  0.00000e+00  0.00000e+00  9.28895e-07
0317  6.51930e+18  7.02430e+01  1.46204e+05  3.14143e-19  0.00000e+00  0.00000e+00  9.23945e-07
0318  6.53669e+18  7.00007e+01  1.45918e+05  3.33708e-19  0.00000e+00  0.00000e+00  9.19035e-07
0319  6.55408e+18  6.97251e+01  1.45597e+05  3.40114e-19  0.00000e+00  0.00000e+00  9.14164e-07
0320  6.57147e+18  6.94444e+01  1.45271e+05  3.37268e-19  0.00000e+00  0.00000e+00  9.09331e-07
0321  6.58887e+18  6.91702e+01  1.44953e+05  3.32728e-19  0.00000e+00  0.00000e+00  9.04537e-07
0322  6.60626e+18  6.89026e+01  1.44643e+05  3.29743e-19  0.00000e+00  0.00000e+00  8.99780e-07
0323  6.62365e+18  6.86381e+01  1.44335e+05  3.28570e-19  0.00000e+00  0.00000e+00  8.95061e-07
0324  6.64104e+18  6.83736e+01  1.44026e+05  3.28296e-19  0.00000e+00  0.00000e+00  8.90379e-07
0325  6.65844e+18  6.81084e+01  1.43717e+05  3.28023e-19  0.00000e+00  0.00000e+00  8.85733e-07
0326  6.67583e+18  6.78433e+01  1.43408e+05  3.25896e-19  0.00000e+00  0.00000e+00  8.81124e-07
0327  6.69322e+18  6.75810e+01  1.43095e+05  3.33986e-19  0.00000e+00  0.00000e+00  8.76551e-07
0328  6.71061e+18  6.73271e+01  1.42770e+05  3.20176e-19  0.00000e+00  0.00000e+00  8.72013e-07
0329  6.72801e+18  6.70839e+01  1.42455e+05  3.16776e-19  0.00000e+00  0.00000e+00  8.67511e-07
0330  6.74540e+18  6.68449e+01  1.42145e+05  3.16311e-19  0.00000e+00  0.00000e+00  8.63043e-07
0331  6.76279e+18  6.66050e+01  1.41834e+05  3.16525e-19  0.00000e+00  0.00000e+00  8.58609e-07
0332  6.78018e+18  6.63635e+01  1.41520e+05  3.16358e-19  0.00000e+00  0.00000e+00  8.54210e-07
0333  6.79758e+18  6.61217e+01  1.41205e+05  3.15619e-19  0.00000e+00  0.00000e+00  8.49844e-07
0334  6.81497e+18  6.58804e+01  1.40892e+05  3.14594e-19  0.00000e+00  0.00000e+00  8.45512e-07
0335  6.83236e+18  6.56400e+01  1.40578e+05  3.13554e-19  0.00000e+00  0.00000e+00  8.41213e-07
0336  6.84975e+18  6.54003e+01  1.40266e+05  3.12602e-19  0.00000e+00  0.00000e+00  8.36946e-07
0337  6.86715e+18  6.51612e+01  1.39954e+05  3.11721e-19  0.00000e+00  0.00000e+00  8.32712e-07
0338  6.88454e+18  6.49226e+01  1.39642e+05  3.10872e-19  0.00000e+00  0.00000e+00  8.28510e-07
0339  6.90193e+18  6.46845e+01  1.39331e+05  3.10029e-19  0.00000e+00  0.00000e+00  8.24340e-07
0340  6.91932e+18  6.44468e+01  1.39020e+05  3.09188e-19  0.00000e+00  0.00000e+00  8.20201e-07
0341  6.93672e+18  6.42096e+01  1.38709e+05  3.08353e-19  0.00000e+00  0.00000e+00  8.16093e-07
0342  6.95411e+18  6.39730e+01  1.38399e+05  3.07530e-19  0.00000e+00  0.00000e+00  8.12016e-07
0343  6.97150e+18  6.37368e+01  1.38089e+05  3.06719e-19  0.00000e+00  0.00000e+00  8.07970e-07
0344  6.98889e+18  6.35010e+01  1.37779e+05  3.05921e-19  0.00000e+00  0.00000e+00  8.03953e-07
0345  7.00629e+18  6.32657e+01  1.37470e+05  3.05135e-19  0.00000e+00  0.00000e+00  7.99967e-07
0346  7.02368e+18  6.30308e+01  1.37161e+05  3.04361e-19  0.00000e+00  0.00000e+00  7.96010e-07
0347  7.04107e+18  6.27963e+01  1.36852e+05  3.03599e-19  0.00000e+00  0.00000e+00  7.92082e-07
0348  7.05846e+18  6.25622e+01  1.36543e+05  3.02850e-19  0.00000e+00  0.00000e+00  7.88183e-07
0349  7.07586e+18  6.23285e+01  1.36234e+05  3.02112e-19  0.00000e+00  0.00000e+00  7.84313e-07
0350  7.09325e+18  6.20952e+01  1.35926e+05  3.01387e-19  0.00000e+00  0.00000e+00  7.80472e-07
0351  7.11064e+18  6.18622e+01  1.35618e+05  3.00675e-19  0.00000e+00  0.00000e+00  7.76658e-07
0352  7.12803e+18  6.16296e+01  1.35310e+05  2.99976e-19  0.00000e+00  0.00000e+00  7.72873e-07
0353  7.14543e+18  6.13973e+01  1.35002e+05  2.99290e-19  0.00000e+00  0.00000e+00  7.69115e-07
0354  7.16282e+18  6.11654e+01  1.34694e+05  2.98617e-19  0.00000e+00  0.00000e+00  7.65385e-07
0355  7.18021e+18  6.09337e+01  1.34387e+05  2.97957e-19  0.00000e+00  0.00000e+00  7.61681e-07
0356  7.19760e+18  6.07023e+01  1.34079e+05  2.97311e-19  0.00000e+00  0.00000e+00  7.58004e-07
0357  7.21500e+18  6.04712e+01  1.33772e+05  2.96679e-19  0.00000e+00  0.00000e+00  7.54354e-07
0358  7.23239e+18  6.02403e+01  1.33464e+05  2.96061e-19  0.00000e+00  0.00000e+00  7.50731e-07
0359  7.24978e+18  6.00096e+01  1.33156e+05  2.95457e-19  0.00000e+00  0.00000e+00  7.47133e-07
0360  7.26717e+18  5.97792e+01  1.32849e+05  2.94869e-19  0.00000e+00  0.00000e+00  7.43561e-07
0361  7.28457e+18  5.95489e+01  1.32541e+05  2.94294e-19  0.00000e+00  0.00000e+00  7.40015e-07
0362  7.30196e+18  5.93189e+01  1.32234e+05  2.93727e-19  0.00000e+00  0.00000e+00  7.36493e-07
0363  7.31935e+18  5.90890e+01  1.31926e+05  2.93084e-19  0.00000e+00  0.00000e+00  7.32997e-07
0364  7.33674e+18  5.88598e+01  1.31619e+05  2.90906e-19  0.00000e+00  0.00000e+00  7.29526e-07
0365  7.35414e+18  5.86329e+01  1.31305e+05  2.93969e-19  0.00000e+00  0.00000e+00  7.26080e-07
0366  7.37153e+18  5.84111e+01  1.30988e+05  2.87923e-19  0.00000e+00  0.00000e+00  7.22658e-07
0367  7.38892e+18  5.81942e+01  1.30677e+05  2.86774e-19  0.00000e+00  0.00000e+00  7.19259e-07
0368  7.40631e+18  5.79784e+01  1.30367e+05  2.86667e-19  0.00000e+00  0.00000e+00  7.15885e-07
0369  7.42371e+18  5.77616e+01  1.30056e+05  2.86621e-19  0.00000e+00  0.00000e+00  7.12535e-07
0370  7.44110e+18  5.75442e+01  1.29743e+05  2.86273e-19  0.00000e+00  0.00000e+00  7.09208e-07
0371  7.45849e+18  5.73266e+01  1.29430e+05  2.85665e-19  0.00000e+00  0.00000e+00  7.05904e-07
0372  7.47588e+18  5.71094e+01  1.29117e+05  2.84974e-19  0.00000e+00  0.00000e+00  7.02623e-07
0373  7.49328e+18  5.68925e+01  1.28804e+05  2.84317e-19  0.00000e+00  0.00000e+00  6.99365e-07
0374  7.51067e+18  5.66758e+01  1.28491e+05  2.83716e-19  0.00000e+00  0.00000e+00  6.96130e-07
0375  7.52806e+18  5.64594e+01  1.28179e+05  2.83153e-19  0.00000e+00  0.00000e+00  6.92917e-07
0376  7.54545e+18  5.62430e+01  1.27866e+05  2.82606e-19  0.00000e+00  0.00000e+00  6.89727e-07
0377  7.56285e+18  5.60268e+01  1.27554e+05  2.82068e-19  0.00000e+00  0.00000e+00  6.86558e-07
0378  7.58024e+18  5.58107e+01  1.27241e+05  2.81539e-19  0.00000e+00  0.00000e+00  6.83411e-07
0379  7.59763e+18  5.55947e+01  1.26928e+05  2.81024e-19  0.00000e+00  0.00000e+00  6.80286e-07
0380  7.61502e+18  5.53787e+01  1.26615e+05  2.80524e-19  0.00000e+00  0.00000e+00  6.77182e-07
0381  7.63242e+18  5.51628e+01  1.26301e+05  2.80041e-19  0.00000e+00  0.00000e+00  6.74099e-07
0382  7.64981e+18  5.49470e+01  1.25988e+05  2.79573e-19  0.00000e+00  0.00000e+00  6.71037e-07
0383  7.66720e+18  5.47311e+01  1.25674e+05  2.79123e-19  0.00000e+00  0.00000e+00  6.67996e-07
0384  7.68459e+18  5.45152e+01  1.25360e+05  2.78688e-19  0.00000e+00  0.00000e+00  6.64976e-07
0385  7.70199e+18  5.42993e+01  1.25045e+05  2.78271e-19  0.00000e+00  0.00000e+00  6.61976e-07
0386  7.71938e+18  5.40833e+01  1.24731e+05  2.77872e-19  0.00000e+00  0.00000e+00  6.58996e-07
0387  7.73677e+18  5.38673e+01  1.24416e+05  2.77492e-19  0.00000e+00  0.00000e+00  6.56037e-07
0388  7.75416e+18  5.36511e+01  1.24100e+05  2.77130e-19  0.00000e+00  0.00000e+00  6.53097e-07
0389  7.77156e+18  5.34347e+01  1.23784e+05  2.76788e-19  0.00000e+00  0.00000e+00  6.50177e-07
0390  7.78895e+18  5.32182e+01  1.23467e+05  2.76463e-19  0.00000e+00  0.00000e+00  6.47277e-07
0391  7.80634e+18  5.30015e+01  1.23150e+05  2.76133e-19  0.00000e+00  0.00000e+00  6.44396e-07
0392  7.82373e+18  5.27848e+01  1.22832e+05  2.75677e-19  0.00000e+00  0.00000e+00  6.41534e-07
0393  7.84113e+18  5.25697e+01  1.22519e+05  2.68347e-19  0.00000e+00  0.00000e+00  6.38691e-07
0394  7.85852e+18  5.23640e+01  1.22207e+05  3.06822e-19  0.00000e+00  0.00000e+00  6.35867e-07
0395  7.87591e+18  5.21874e+01  1.21770e+05  2.17562e-19  0.00000e+00  0.00000e+00  6.33062e-07
0396  7.89330e+18  5.20423e+01  1.21468e+05  2.52869e-19  0.00000e+00  0.00000e+00  6.30275e-07
0397  7.91070e+18  5.18890e+01  1.21159e+05  2.61137e-19  0.00000e+00  0.00000e+00  6.27507e-07
0398  7.92809e+18  5.17193e+01  1.20819e+05  2.62335e-19  0.00000e+00  0.00000e+00  6.24756e-07
0399  7.94548e+18  5.15459e+01  1.20473e+05  2.60517e-19  0.00000e+00  0.00000e+00  6.22024e-07
0400  7.96287e+18  5.13750e+01  1.20132e+05  2.58517e-19  0.00000e+00  0.00000e+00  6.19310e-07
0401  7.98027e+18  5.12066e+01  1.19796e+05  2.57177e-19  0.00000e+00  0.00000e+00  6.16613e-07
0402  7.99766e+18  5.10391e+01  1.19462e+05  2.56297e-19  0.00000e+00  0.00000e+00  6.13934e-07
0403  8.01505e+18  5.08717e+01  1.19128e+05  2.55535e-19  0.00000e+00  0.00000e+00  6.11273e-07
0404  8.03244e+18  5.07044e+01  1.18795e+05  2.54728e-19  0.00000e+00  0.00000e+00  6.08629e-07
0405  8.04984e+18  5.05373e+01  1.18462e+05  2.53868e-19  0.00000e+00  0.00000e+00  6.06001e-07
0406  8.06723e+18  5.03707e+01  1.18130e+05  2.52993e-19  0.00000e+00  0.00000e+00  6.03391e-07
0407  8.08462e+18  5.02044e+01  1.17800e+05  2.52128e-19  0.00000e+00  0.00000e+00  6.00798e-07
0408  8.10201e+18  5.00385e+01  1.17470e+05  2.51276e-19  0.00000e+00  0.00000e+00  5.98221e-07
0409  8.11940e+18  4.98729e+01  1.17140e+05  2.50432e-19  0.00000e+00  0.00000e+00  5.95661e-07
0410  8.13680e+18  4.97077e+01  1.16812e+05  2.49594e-19  0.00000e+00  0.00000e+00  5.93117e-07
0411  8.15419e+18  4.95428e+01  1.16484e+05  2.48761e-19  0.00000e+00  0.00000e+00  5.90590e-07
0412  8.17158e+18  4.93782e+01  1.16158e+05  2.47931e-19  0.00000e+00  0.00000e+00  5.88078e-07
0413  8.18897e+18  4.92140e+01  1.15832e+05  2.47123e-19  0.00000e+00  0.00000e+00  5.85583e-07
0414  8.20637e+18  4.90505e+01  1.15508e+05  2.44953e-19  0.00000e+00  0.00000e+00  5.83104e-07
0415  8.22376e+18  4.88896e+01  1.15190e+05  2.41274e-19  0.00000e+00  0.00000e+00  5.80640e-07
0416  8.24115e+18  4.87366e+01  1.14821e+05  2.21175e-19  0.00000e+00  0.00000e+00  5.78191e-07
0417  8.25854e+18  4.85937e+01  1.14503e+05  2.36727e-19  0.00000e+00  0.00000e+00  5.75759e-07
0418  8.27594e+18  4.84493e+01  1.14186e+05  2.40881e-19  0.00000e+00  0.00000e+00  5.73341e-07
0419  8.29333e+18  4.82987e+01  1.13857e+05  2.40648e-19  0.00000e+00  0.00000e+00  5.70939e-07
0420  8.31072e+18  4.81466e+01  1.13527e+05  2.39142e-19  0.00000e+00  0.00000e+00  5.68552e-07
0421  8.32811e+18  4.79958e+01  1.13200e+05  2.37828e-19  0.00000e+00  0.00000e+00  5.66180e-07
0422  8.34551e+18  4.78461e+01  1.12876e+05  2.36856e-19  0.00000e+00  0.00000e+00  5.63822e-07
0423  8.36290e+18  4.76967e+01  1.12553e+05  2.36038e-19  0.00000e+00  0.00000e+00  5.61479e-07
0424  8.38029e+18  4.75475e+01  1.12231e+05  2.35234e-19  0.00000e+00  0.00000e+00  5.59151e-07
0425  8.39768e+18  4.73983e+01  1.11910e+05  2.34408e-19  0.00000e+00  0.00000e+00  5.56837e-07
0426  8.41508e+18  4.72494e+01  1.11591e+05  2.33570e-19  0.00000e+00  0.00000e+00  5.54538e-07
0427  8.43247e+18  4.71007e+01  1.11272e+05  2.32735e-19  0.00000e+00  0.00000e+00  5.52253e-07
0428  8.44986e+18  4.69523e+01  1.10955e+05  2.31908e-19  0.00000e+00  0.00000e+00  5.49982e-07
0429  8.46725e+18  4.68040e+01  1.10639e+05  2.31088e-19  0.00000e+00  0.00000e+00  5.47725e-07
0430  8.48465e+18  4.66560e+01  1.10324e+05  2.30274e-19  0.00000e+00  0.00000e+00  5.45481e-07
0431  8.50204e+18  4.65083e+01  1.10011e+05  2.29465e-19  0.00000e+00  0.00000e+00  5.43252e-07
0432  8.51943e+18  4.63607e+01  1.09698e+05  2.28661e-19  0.00000e+00  0.00000e+00  5.41036e-07
0433  8.53682e+18  4.62134e+01  1.09387e+05  2.27862e-19  0.00000e+00  0.00000e+00  5.38834e-07
0434  8.55422e+18  4.60663e+01  1.09076e+05  2.27069e-19  0.00000e+00  0.00000e+00  5.36645e-07
0435  8.57161e+18  4.59194e+01  1.08767e+05  2.26281e-19  0.00000e+00  0.00000e+00  5.34469e-07
0436  8.58900e+18  4.57727e+01  1.08459e+05  2.25499e-19  0.00000e+00  0.00000e+00  5.32307e-07
0437  8.60639e+18  4.56263e+01  1.08152e+05  2.24722e-19  0.00000e+00  0.00000e+00  5.30158e-07
0438  8.62379e+18  4.54801e+01  1.07846e+05  2.23950e-19  0.00000e+00  0.00000e+00  5.28021e-07
0439  8.64118e+18  4.53341e+01  1.07542e+05  2.23184e-19  0.00000e+00  0.00000e+00  5.25898e-07
0440  8.65857e+18  4.51883e+01  1.07238e+05  2.22423e-19  0.00000e+00  0.00000e+00  5.23787e-07
0441  8.67596e+18  4.50428e+01  1.06936e+05  2.21667e-19  0.00000e+00  0.00000e+00  5.21689e-07
0442  8.69336e+18  4.48974e+01  1.06634e+05  2.20917e-19  0.00000e+00  0.00000e+00  5.19604e-07
0443  8.71075e+18  4.47523e+01  1.06334e+05  2.20172e-19  0.00000e+00  0.00000e+00  5.17531e-07
0444  8.72814e+18  4.46074e+01  1.06035e+05  2.19432e-19  0.00000e+00  0.00000e+00  5.15471e-07
0445  8.74553e+18  4.44627e+01  1.05736e+05  2.18698e-19  0.00000e+00  0.00000e+00  5.13422e-07
0446  8.76293e+18  4.43183e+01  1.05439e+05  2.17969e-19  0.00000e+00  0.00000e+00  5.11386e-07
0447  8.78032e+18  4.41740e+01  1.05143e+05  2.17245e-19  0.00000e+00  0.00000e+00  5.09362e-07
0448  8.79771e+18  4.40300e+01  1.04848e+05  2.16527e-19  0.00000e+00  0.00000e+00  5.07350e-07
0449  8.81510e+18  4.38862e+01  1.04554e+05  2.15804e-19  0.00000e+00  0.00000e+00  5.05350e-07
0450  8.83250e+18  4.37427e+01  1.04262e+05  2.14131e-19  0.00000e+00  0.00000e+00  5.03362e-07
0451  8.84989e+18  4.36004e+01  1.03968e+05  2.20149e-19  0.00000e+00  0.00000e+00  5.01386e-07
0452  8.86728e+18  4.34610e+01  1.03665e+05  2.12238e-19  0.00000e+00  0.00000e+00  4.99421e-07
0453  8.88467e+18  4.33251e+01  1.03369e+05  2.11073e-19  0.00000e+00  0.00000e+00  4.97467e-07
0454  8.90207e+18  4.31905e+01  1.03076e+05  2.10989e-19  0.00000e+00  0.00000e+00  4.95525e-07
0455  8.91946e+18  4.30553e+01  1.02783e+05  2.10698e-19  0.00000e+00  0.00000e+00  4.93595e-07
0456  8.93685e+18  4.29196e+01  1.02489e+05  2.10058e-19  0.00000e+00  0.00000e+00  4.91675e-07
0457  8.95424e+18  4.27839e+01  1.02196e+05  2.09279e-19  0.00000e+00  0.00000e+00  4.89767e-07
0458  8.97164e+18  4.26486e+01  1.01905e+05  2.08501e-19  0.00000e+00  0.00000e+00  4.87870e-07
0459  8.98903e+18  4.25136e+01  1.01615e+05  2.07757e-19  0.00000e+00  0.00000e+00  4.85984e-07
0460  9.00642e+18  4.23789e+01  1.01326e+05  2.07034e-19  0.00000e+00  0.00000e+00  4.84109e-07
0461  9.02381e+18  4.22443e+01  1.01039e+05  2.06318e-19  0.00000e+00  0.00000e+00  4.82244e-07
0462  9.04121e+18  4.21100e+01  1.00752e+05  2.05604e-19  0.00000e+00  0.00000e+00  4.80391e-07
0463  9.05860e+18  4.19758e+01  1.00467e+05  2.04893e-19  0.00000e+00  0.00000e+00  4.78548e-07
0464  9.07599e+18  4.18419e+01  1.00183e+05  2.04187e-19  0.00000e+00  0.00000e+00  4.76716e-07
0465  9.09338e+18  4.17082e+01  9.98998e+04  2.03485e-19  0.00000e+00  0.00000e+00  4.74894e-07
0466  9.11078e+18  4.15747e+01  9.96181e+04  2.02789e-19  0.00000e+00  0.00000e+00  4.73082e-07
0467  9.12817e+18  4.14414e+01  9.93374e+04  2.02097e-19  0.00000e+00  0.00000e+00  4.71281e-07
0468  9.14556e+18  4.13084e+01  9.90579e+04  2.01410e-19  0.00000e+00  0.00000e+00  4.69490e-07
0469  9.16295e+18  4.11755e+01  9.87796e+04  2.00728e-19  0.00000e+00  0.00000e+00  4.67710e-07
0470  9.18035e+18  4.10429e+01  9.85023e+04  2.00050e-19  0.00000e+00  0.00000e+00  4.65939e-07
0471  9.19774e+18  4.09105e+01  9.82262e+04  1.99377e-19  0.00000e+00  0.00000e+00  4.64179e-07
0472  9.21513e+18  4.07783e+01  9.79512e+04  1.98699e-19  0.00000e+00  0.00000e+00  4.62428e-07
0473  9.23252e+18  4.06464e+01  9.76775e+04  1.97667e-19  0.00000e+00  0.00000e+00  4.60688e-07
0474  9.24992e+18  4.05150e+01  9.74032e+04  1.98455e-19  0.00000e+00  0.00000e+00  4.58957e-07
0475  9.26731e+18  4.03845e+01  9.71284e+04  1.96358e-19  0.00000e+00  0.00000e+00  4.57236e-07
0476  9.28470e+18  4.02551e+01  9.68560e+04  1.95705e-19  0.00000e+00  0.00000e+00  4.55524e-07
0477  9.30209e+18  4.01259e+01  9.65850e+04  1.95221e-19  0.00000e+00  0.00000e+00  4.53823e-07
0478  9.31949e+18  3.99967e+01  9.63147e+04  1.94664e-19  0.00000e+00  0.00000e+00  4.52130e-07
0479  9.33688e+18  3.98675e+01  9.60452e+04  1.94031e-19  0.00000e+00  0.00000e+00  4.50447e-07
0480  9.35427e+18  3.97385e+01  9.57769e+04  1.93372e-19  0.00000e+00  0.00000e+00  4.48774e-07
0481  9.37166e+18  3.96098e+01  9.55098e+04  1.92719e-19  0.00000e+00  0.00000e+00  4.47110e-07
0482  9.38906e+18  3.94812e+01  9.52439e+04  1.92079e-19  0.00000e+00  0.00000e+00  4.45455e-07
0483  9.40645e+18  3.93528e+01  9.49791e+04  1.91447e-19  0.00000e+00  0.00000e+00  4.43809e-07
0484  9.42384e+18  3.92246e+01  9.47154e+04  1.90821e-19  0.00000e+00  0.00000e+00  4.42172e-07
0485  9.44123e+18  3.90965e+01  9.44528e+04  1.90199e-19  0.00000e+00  0.00000e+00  4.40545e-07
0486  9.45863e+18  3.89687e+01  9.41914e+04  1.89581e-19  0.00000e+00  0.00000e+00  4.38926e-07
0487  9.47602e+18  3.88410e+01  9.39310e+04  1.88968e-19  0.00000e+00  0.00000e+00  4.37316e-07
0488  9.49341e+18  3.87135e+01  9.36718e+04  1.88360e-19  0.00000e+00  0.00000e+00  4.35715e-07
0489  9.51080e+18  3.85862e+01  9.34136e+04  1.87757e-19  0.00000e+00  0.00000e+00  4.34123e-07
0490  9.52820e+18  3.84591e+01  9.31565e+04  1.87158e-19  0.00000e+00  0.00000e+00  4.32540e-07
0491  9.54559e+18  3.83322e+01  9.29005e+04  1.86564e-19  0.00000e+00  0.00000e+00  4.30965e-07
0492  9.56298e+18  3.82054e+01  9.26455e+04  1.85975e-19  0.00000e+00  0.00000e+00  4.29399e-07
0493  9.58037e+18  3.80788e+01  9.23916e+04  1.85390e-19  0.00000e+00  0.00000e+00  4.27841e-07
0494  9.59777e+18  3.79524e+01  9.21387e+04  1.84810e-19  0.00000e+00  0.00000e+00  4.26292e-07
0495  9.61516e+18  3.78262e+01  9.18869e+04  1.84234e-19  0.00000e+00  0.00000e+00  4.24751e-07
0496  9.63255e+18  3.77001e+01  9.16361e+04  1.83662e-19  0.00000e+00  0.00000e+00  4.23219e-07
0497  9.64994e+18  3.75742e+01  9.13862e+04  1.83095e-19  0.00000e+00  0.00000e+00  4.21695e-07
0498  9.66734e+18  3.74484e+01  9.11374e+04  1.82533e-19  0.00000e+00  0.00000e+00  4.20179e-07
0499  9.68473e+18  3.73228e+01  9.08896e+04  1.81976e-19  0.00000e+00  0.00000e+00  4.18671e-07
0500  9.70212e+18  3.71974e+01  9.06427e+04  1.81425e-19  0.00000e+00  0.00000e+00  4.17171e-07
0501  9.71951e+18  3.70721e+01  9.03968e+04  1.80879e-19  0.00000e+00  0.00000e+00  4.15679e-07
0502  9.73691e+18  3.69470e+01  9.01519e+04  1.80340e-19  0.00000e+00  0.00000e+00  4.14196e-07
0503  9.75430e+18  3.68221e+01  8.99079e+04  1.79807e-19  0.00000e+00  0.00000e+00  4.12720e-07
0504  9.77169e+18  3.66973e+01  8.96648e+04  1.79278e-19  0.00000e+00  0.00000e+00  4.11252e-07
0505  9.78908e+18  3.65726e+01  8.94227e+04  1.78748e-19  0.00000e+00  0.00000e+00  4.09792e-07
0506  9.80648e+18  3.64483e+01  8.91819e+04  1.78100e-19  0.00000e+00  0.00000e+00  4.08340e-07
0507  9.82387e+18  3.63251e+01  8.89460e+04  1.69454e-19  0.00000e+00  0.00000e+00  4.06895e-07
0508  9.84126e+18  3.62062e+01  8.86431e+04  1.52694e-19  0.00000e+00  0.00000e+00  4.05458e-07
0509  9.85865e+18  3.60973e+01  8.83919e+04  1.69270e-19  0.00000e+00  0.00000e+00  4.04029e-07
0510  9.87605e+18  3.59937e+01  8.81569e+04  1.74559e-19  0.00000e+00  0.00000e+00  4.02607e-07
0511  9.89344e+18  3.58835e+01  8.79093e+04  1.76530e-19  0.00000e+00  0.00000e+00  4.01193e-07
0512  9.91083e+18  3.57692e+01  8.76540e+04  1.75616e-19  0.00000e+00  0.00000e+00  3.99786e-07
0513  9.92822e+18  3.56551e+01  8.74002e+04  1.74253e-19  0.00000e+00  0.00000e+00  3.98386e-07
0514  9.94562e+18  3.55424e+01  8.71503e+04  1.73338e-19  0.00000e+00  0.00000e+00  3.96994e-07
0515  9.96301e+18  3.54305e+01  8.69029e+04  1.72721e-19  0.00000e+00  0.00000e+00  3.95609e-07
0516  9.98040e+18  3.53187e+01  8.66565e+04  1.72174e-19  0.00000e+00  0.00000e+00  3.94232e-07
0517  9.99779e+18  3.52069e+01  8.64110e+04  1.71606e-19  0.00000e+00  0.00000e+00  3.92861e-07
0518  1.00152e+19  3.50952e+01  8.61666e+04  1.71014e-19  0.00000e+00  0.00000e+00  3.91498e-07
0519  1.00326e+19  3.49838e+01  8.59235e+04  1.70418e-19  0.00000e+00  0.00000e+00  3.90142e-07
0520  1.00500e+19  3.48725e+01  8.56815e+04  1.69829e-19  0.00000e+00  0.00000e+00  3.88793e-07
0521  1.00674e+19  3.47614e+01  8.54408e+04  1.69249e-19  0.00000e+00  0.00000e+00  3.87450e-07
0522  1.00848e+19  3.46505e+01  8.52012e+04  1.68674e-19  0.00000e+00  0.00000e+00  3.86115e-07
0523  1.01021e+19  3.45397e+01  8.49628e+04  1.68101e-19  0.00000e+00  0.00000e+00  3.84787e-07
0524  1.01195e+19  3.44291e+01  8.47255e+04  1.67529e-19  0.00000e+00  0.00000e+00  3.83465e-07
0525  1.01369e+19  3.43187e+01  8.44895e+04  1.66958e-19  0.00000e+00  0.00000e+00  3.82150e-07
0526  1.01543e+19  3.42086e+01  8.42547e+04  1.66389e-19  0.00000e+00  0.00000e+00  3.80842e-07
0527  1.01717e+19  3.40987e+01  8.40212e+04  1.65828e-19  0.00000e+00  0.00000e+00  3.79541e-07
0528  1.01891e+19  3.39889e+01  8.37888e+04  1.65234e-19  0.00000e+00  0.00000e+00  3.78247e-07
0529  1.02065e+19  3.38790e+01  8.35563e+04  1.66206e-19  0.00000e+00  0.00000e+00  3.76959e-07
0530  1.02239e+19  3.37671e+01  8.33202e+04  1.67868e-19  0.00000e+00  0.00000e+00  3.75677e-07
0531  1.02413e+19  3.36520e+01  8.31513e+04  2.06774e-19  0.00000e+00  0.00000e+00  3.74402e-07
0532  1.02587e+19  3.35348e+01  8.29025e+04  1.62706e-19  0.00000e+00  0.00000e+00  3.73134e-07
0533  1.02761e+19  3.34236e+01  8.26564e+04  1.59445e-19  0.00000e+00  0.00000e+00  3.71872e-07
0534  1.02935e+19  3.33209e+01  8.24290e+04  1.60557e-19  0.00000e+00  0.00000e+00  3.70616e-07
0535  1.03109e+19  3.32201e+01  8.22068e+04  1.61396e-19  0.00000e+00  0.00000e+00  3.69367e-07
0536  1.03283e+19  3.31163e+01  8.19792e+04  1.61459e-19  0.00000e+00  0.00000e+00  3.68124e-07
0537  1.03456e+19  3.30111e+01  8.17496e+04  1.60931e-19  0.00000e+00  0.00000e+00  3.66887e-07
0538  1.03630e+19  3.29059e+01  8.15213e+04  1.60238e-19  0.00000e+00  0.00000e+00  3.65657e-07
0539  1.03804e+19  3.28013e+01  8.12951e+04  1.59597e-19  0.00000e+00  0.00000e+00  3.64432e-07
0540  1.03978e+19  3.26970e+01  8.10706e+04  1.59023e-19  0.00000e+00  0.00000e+00  3.63214e-07
0541  1.04152e+19  3.25928e+01  8.08474e+04  1.58481e-19  0.00000e+00  0.00000e+00  3.62002e-07
0542  1.04326e+19  3.24887e+01  8.06253e+04  1.57941e-19  0.00000e+00  0.00000e+00  3.60796e-07
0543  1.04500e+19  3.23848e+01  8.04044e+04  1.57399e-19  0.00000e+00  0.00000e+00  3.59596e-07
0544  1.04674e+19  3.22810e+01  8.01848e+04  1.56858e-19  0.00000e+00  0.00000e+00  3.58402e-07
0545  1.04848e+19  3.21773e+01  7.99665e+04  1.56324e-19  0.00000e+00  0.00000e+00  3.57214e-07
0546  1.05022e+19  3.20739e+01  7.97495e+04  1.55795e-19  0.00000e+00  0.00000e+00  3.56032e-07
0547  1.05196e+19  3.19706e+01  7.95338e+04  1.55272e-19  0.00000e+00  0.00000e+00  3.54856e-07
0548  1.05370e+19  3.18675e+01  7.93194e+04  1.54753e-19  0.00000e+00  0.00000e+00  3.53685e-07
0549  1.05544e+19  3.17646e+01  7.91062e+04  1.54238e-19  0.00000e+00  0.00000e+00  3.52520e-07
0550  1.05717e+19  3.16618e+01  7.88943e+04  1.53728e-19  0.00000e+00  0.00000e+00  3.51361e-07
0551  1.05891e+19  3.15592e+01  7.86836e+04  1.53227e-19  0.00000e+00  0.00000e+00  3.50208e-07
0552  1.06065e+19  3.14567e+01  7.84740e+04  1.52731e-19  0.00000e+00  0.00000e+00  3.49061e-07
0553  1.06239e+19  3.13543e+01  7.82654e+04  1.52272e-19  0.00000e+00  0.00000e+00  3.47919e-07
0554  1.06413e+19  3.12521e+01  7.80583e+04  1.51218e-19  0.00000e+00  0.00000e+00  3.46782e-07
0555  1.06587e+19  3.11454e+01  7.78341e+04  1.84645e-19  0.00000e+00  0.00000e+00  3.45651e-07
