# Athena++ data at time=4.560000e+12  cycle=342574418  variables=prim 
# i       x1v         rho          press          vel1         vel2         vel3     
0002  1.07548e+18  2.40946e-18  1.00596e-05 -4.92561e+05  1.38461e-09  0.00000e+00
0003  1.09287e+18  1.08478e-18  6.04870e-06  1.39286e+05  1.97551e-02  0.00000e+00
0004  1.11027e+18  6.83204e-19  4.75929e-06  1.41589e+05  4.30634e-02  0.00000e+00
0005  1.12766e+18  4.42346e-19  3.97072e-06  1.94042e+05  6.38436e-02  0.00000e+00
0006  1.14505e+18  2.80224e-19  3.50403e-06  2.88550e+05  8.20626e-02  0.00000e+00
0007  1.16244e+18  1.86131e-19  3.21071e-06  4.09593e+05  9.85265e-02  0.00000e+00
0008  1.17983e+18  1.60825e-19  2.98333e-06  4.68063e+05  1.13680e-01  0.00000e+00
0009  1.19723e+18  1.44257e-19  2.80799e-06  4.96623e+05  1.27838e-01  0.00000e+00
0010  1.21462e+18  1.30693e-19  2.64968e-06  5.32056e+05  1.41111e-01  0.00000e+00
0011  1.23201e+18  1.21570e-19  2.50774e-06  5.57172e+05  1.53569e-01  0.00000e+00
0012  1.24940e+18  1.13598e-19  2.38172e-06  5.78005e+05  1.65286e-01  0.00000e+00
0013  1.26679e+18  1.06320e-19  2.26586e-06  6.00796e+05  1.76316e-01  0.00000e+00
0014  1.28419e+18  9.97646e-20  2.16037e-06  6.22860e+05  1.86719e-01  0.00000e+00
0015  1.30158e+18  9.39465e-20  2.06377e-06  6.43808e+05  1.96556e-01  0.00000e+00
0016  1.31897e+18  8.88170e-20  1.97503e-06  6.63055e+05  2.05887e-01  0.00000e+00
0017  1.33636e+18  8.41313e-20  1.89339e-06  6.81498e+05  2.14768e-01  0.00000e+00
0018  1.35375e+18  7.98232e-20  1.81789e-06  6.99633e+05  2.23248e-01  0.00000e+00
0019  1.37115e+18  7.58760e-20  1.74817e-06  7.17064e+05  2.31375e-01  0.00000e+00
0020  1.38854e+18  7.27265e-20  1.68261e-06  7.30353e+05  2.39179e-01  0.00000e+00
0021  1.40593e+18  6.93754e-20  1.62292e-06  7.44699e+05  2.46697e-01  0.00000e+00
0022  1.42332e+18  6.61262e-20  1.56625e-06  7.62512e+05  2.53951e-01  0.00000e+00
0023  1.44071e+18  6.35441e-20  1.51312e-06  7.75166e+05  2.60953e-01  0.00000e+00
0024  1.45811e+18  6.10024e-20  1.46438e-06  7.86672e+05  2.67724e-01  0.00000e+00
0025  1.47550e+18  5.85700e-20  1.41799e-06  8.00033e+05  2.74269e-01  0.00000e+00
0026  1.49289e+18  5.63168e-20  1.37470e-06  8.12061e+05  2.80599e-01  0.00000e+00
0027  1.51028e+18  5.42286e-20  1.33424e-06  8.22657e+05  2.86704e-01  0.00000e+00
0028  1.52767e+18  5.23536e-20  1.29701e-06  8.30013e+05  2.92654e-01  0.00000e+00
0029  1.54507e+18  5.08318e-20  1.26420e-06  7.99291e+05  2.98210e-01  0.00000e+00
0030  1.56246e+18  1.74628e-20  1.30606e-06  2.05129e+06  3.04474e-01  0.00000e+00
0031  1.57985e+18  8.14137e-21  1.03382e-06  5.40368e+06  3.09077e-01  0.00000e+00
0032  1.59724e+18  6.04346e-21  9.79036e-07  6.76844e+06  3.13069e-01  0.00000e+00
0033  1.61463e+18  5.01503e-21  9.34523e-07  7.85605e+06  3.16725e-01  0.00000e+00
0034  1.63203e+18  4.33310e-21  8.93908e-07  8.85189e+06  3.20126e-01  0.00000e+00
0035  1.64942e+18  3.82201e-21  8.55601e-07  9.80531e+06  3.23300e-01  0.00000e+00
0036  1.66681e+18  3.41809e-21  8.19515e-07  1.07253e+07  3.26263e-01  0.00000e+00
0037  1.68420e+18  3.08960e-21  7.85443e-07  1.16147e+07  3.29030e-01  0.00000e+00
0038  1.70160e+18  2.81790e-21  7.53430e-07  1.24700e+07  3.31612e-01  0.00000e+00
0039  1.71899e+18  2.59063e-21  7.23463e-07  1.32874e+07  3.34021e-01  0.00000e+00
0040  1.73638e+18  2.39724e-21  6.95532e-07  1.40688e+07  3.36271e-01  0.00000e+00
0041  1.75377e+18  2.22967e-21  6.69089e-07  1.48245e+07  3.38372e-01  0.00000e+00
0042  1.77116e+18  2.08324e-21  6.44092e-07  1.55539e+07  3.40332e-01  0.00000e+00
0043  1.78856e+18  1.95444e-21  6.20526e-07  1.62560e+07  3.42161e-01  0.00000e+00
0044  1.80595e+18  1.84016e-21  5.98298e-07  1.69324e+07  3.43867e-01  0.00000e+00
0045  1.82334e+18  1.73798e-21  5.77251e-07  1.75858e+07  3.45457e-01  0.00000e+00
0046  1.84073e+18  1.64625e-21  5.57378e-07  1.82151e+07  3.46940e-01  0.00000e+00
0047  1.85813e+18  1.56350e-21  5.38640e-07  1.88203e+07  3.48321e-01  0.00000e+00
0050  1.87552e+18  1.48868e-21  5.20980e-07  1.94007e+07  3.49608e-01  0.00000e+00
0051  1.89291e+18  1.42048e-21  5.04366e-07  1.99586e+07  3.50808e-01  0.00000e+00
0052  1.91030e+18  1.35747e-21  4.88366e-07  2.05058e+07  3.51926e-01  0.00000e+00
0053  1.92769e+18  1.29921e-21  4.73052e-07  2.10396e+07  3.52965e-01  0.00000e+00
0054  1.94509e+18  1.24520e-21  4.58384e-07  2.15605e+07  3.53928e-01  0.00000e+00
0055  1.96248e+18  1.19504e-21  4.44346e-07  2.20684e+07  3.54821e-01  0.00000e+00
0056  1.97987e+18  1.14836e-21  4.30921e-07  2.25631e+07  3.55645e-01  0.00000e+00
0057  1.99726e+18  1.10487e-21  4.18098e-07  2.30441e+07  3.56405e-01  0.00000e+00
0058  2.01466e+18  1.06428e-21  4.05864e-07  2.35112e+07  3.57104e-01  0.00000e+00
0059  2.03205e+18  1.02623e-21  3.94147e-07  2.39667e+07  3.57746e-01  0.00000e+00
0060  2.04944e+18  9.90434e-22  3.82869e-07  2.44128e+07  3.58333e-01  0.00000e+00
0061  2.06683e+18  9.56708e-22  3.72022e-07  2.48495e+07  3.58868e-01  0.00000e+00
0062  2.08423e+18  9.24884e-22  3.61585e-07  2.52769e+07  3.59352e-01  0.00000e+00
0063  2.10162e+18  8.94814e-22  3.51542e-07  2.56954e+07  3.59789e-01  0.00000e+00
0064  2.11901e+18  8.66361e-22  3.41873e-07  2.61051e+07  3.60180e-01  0.00000e+00
0065  2.13640e+18  8.39402e-22  3.32563e-07  2.65063e+07  3.60527e-01  0.00000e+00
0066  2.15379e+18  8.13829e-22  3.23595e-07  2.68992e+07  3.60833e-01  0.00000e+00
0067  2.17119e+18  7.89538e-22  3.14954e-07  2.72841e+07  3.61098e-01  0.00000e+00
0068  2.18858e+18  7.66443e-22  3.06628e-07  2.76611e+07  3.61326e-01  0.00000e+00
0069  2.20597e+18  7.44446e-22  2.98591e-07  2.80309e+07  3.61516e-01  0.00000e+00
0070  2.22336e+18  7.23536e-22  2.90881e-07  2.83913e+07  3.61673e-01  0.00000e+00
0071  2.24076e+18  7.03684e-22  2.83522e-07  2.87407e+07  3.61795e-01  0.00000e+00
0072  2.25815e+18  6.84787e-22  2.76478e-07  2.90804e+07  3.61891e-01  0.00000e+00
0073  2.27554e+18  6.66757e-22  2.69711e-07  2.94118e+07  3.61950e-01  0.00000e+00
0074  2.29293e+18  6.49520e-22  2.63194e-07  2.97360e+07  3.62002e-01  0.00000e+00
0075  2.31033e+18  6.33015e-22  2.56906e-07  3.00535e+07  3.62001e-01  0.00000e+00
0076  2.32772e+18  6.17192e-22  2.50832e-07  3.03650e+07  3.61986e-01  0.00000e+00
0077  2.34511e+18  6.02008e-22  2.44960e-07  3.06708e+07  3.61950e-01  0.00000e+00
0078  2.36250e+18  5.87423e-22  2.39277e-07  3.09711e+07  3.61892e-01  0.00000e+00
0079  2.37989e+18  5.73403e-22  2.33775e-07  3.12663e+07  3.61812e-01  0.00000e+00
0080  2.39729e+18  5.59916e-22  2.28445e-07  3.15565e+07  3.61711e-01  0.00000e+00
0081  2.41468e+18  5.46932e-22  2.23281e-07  3.18419e+07  3.61591e-01  0.00000e+00
0082  2.43207e+18  5.34426e-22  2.18274e-07  3.21226e+07  3.61452e-01  0.00000e+00
0083  2.44946e+18  5.22372e-22  2.13419e-07  3.23988e+07  3.61295e-01  0.00000e+00
0084  2.46686e+18  5.10747e-22  2.08709e-07  3.26706e+07  3.61120e-01  0.00000e+00
0085  2.48425e+18  4.99530e-22  2.04139e-07  3.29382e+07  3.60929e-01  0.00000e+00
0086  2.50164e+18  4.88701e-22  1.99704e-07  3.32015e+07  3.60722e-01  0.00000e+00
0087  2.51903e+18  4.78242e-22  1.95398e-07  3.34608e+07  3.60499e-01  0.00000e+00
0088  2.53643e+18  4.68134e-22  1.91216e-07  3.37162e+07  3.60262e-01  0.00000e+00
0089  2.55382e+18  4.58363e-22  1.87158e-07  3.39675e+07  3.60011e-01  0.00000e+00
0090  2.57121e+18  4.48916e-22  1.83218e-07  3.42148e+07  3.59746e-01  0.00000e+00
0091  2.58860e+18  4.39776e-22  1.79394e-07  3.44582e+07  3.59468e-01  0.00000e+00
0092  2.60600e+18  4.30930e-22  1.75679e-07  3.46979e+07  3.59178e-01  0.00000e+00
0093  2.62339e+18  4.22363e-22  1.72070e-07  3.49339e+07  3.58876e-01  0.00000e+00
0094  2.64078e+18  4.14065e-22  1.68562e-07  3.51663e+07  3.58563e-01  0.00000e+00
0095  2.65817e+18  4.06021e-22  1.65152e-07  3.53953e+07  3.58239e-01  0.00000e+00
0096  2.67557e+18  3.98223e-22  1.61836e-07  3.56209e+07  3.57904e-01  0.00000e+00
0097  2.69296e+18  3.90658e-22  1.58611e-07  3.58433e+07  3.57560e-01  0.00000e+00
0098  2.71035e+18  3.83318e-22  1.55473e-07  3.60625e+07  3.57206e-01  0.00000e+00
0099  2.72774e+18  3.76193e-22  1.52419e-07  3.62786e+07  3.56843e-01  0.00000e+00
0100  2.74513e+18  3.69274e-22  1.49447e-07  3.64916e+07  3.56472e-01  0.00000e+00
0101  2.76253e+18  3.62553e-22  1.46553e-07  3.67017e+07  3.56092e-01  0.00000e+00
0102  2.77992e+18  3.56022e-22  1.43734e-07  3.69089e+07  3.55704e-01  0.00000e+00
0103  2.79731e+18  3.49674e-22  1.40989e-07  3.71133e+07  3.55308e-01  0.00000e+00
0104  2.81470e+18  3.43501e-22  1.38315e-07  3.73149e+07  3.54905e-01  0.00000e+00
0105  2.83210e+18  3.37498e-22  1.35710e-07  3.75139e+07  3.54495e-01  0.00000e+00
0106  2.84949e+18  3.31657e-22  1.33171e-07  3.77101e+07  3.54079e-01  0.00000e+00
0107  2.86688e+18  3.25973e-22  1.30695e-07  3.79038e+07  3.53656e-01  0.00000e+00
0108  2.88427e+18  3.20439e-22  1.28282e-07  3.80950e+07  3.53226e-01  0.00000e+00
0109  2.90167e+18  3.15050e-22  1.25929e-07  3.82837e+07  3.52791e-01  0.00000e+00
0110  2.91906e+18  3.09802e-22  1.23634e-07  3.84699e+07  3.52351e-01  0.00000e+00
0111  2.93645e+18  3.04688e-22  1.21396e-07  3.86538e+07  3.51904e-01  0.00000e+00
0112  2.95384e+18  2.99705e-22  1.19212e-07  3.88353e+07  3.51453e-01  0.00000e+00
0113  2.97124e+18  2.94848e-22  1.17081e-07  3.90146e+07  3.50997e-01  0.00000e+00
0114  2.98863e+18  2.90111e-22  1.15001e-07  3.91916e+07  3.50537e-01  0.00000e+00
0115  3.00602e+18  2.85492e-22  1.12971e-07  3.93664e+07  3.50071e-01  0.00000e+00
0116  3.02341e+18  2.80987e-22  1.10989e-07  3.95390e+07  3.49602e-01  0.00000e+00
0117  3.04081e+18  2.76590e-22  1.09055e-07  3.97096e+07  3.49128e-01  0.00000e+00
0118  3.05820e+18  2.72300e-22  1.07165e-07  3.98780e+07  3.48651e-01  0.00000e+00
0119  3.07559e+18  2.68112e-22  1.05320e-07  4.00445e+07  3.48170e-01  0.00000e+00
0120  3.09298e+18  2.64023e-22  1.03517e-07  4.02089e+07  3.47686e-01  0.00000e+00
0121  3.11037e+18  2.60029e-22  1.01756e-07  4.03714e+07  3.47198e-01  0.00000e+00
0122  3.12777e+18  2.56129e-22  1.00035e-07  4.05319e+07  3.46707e-01  0.00000e+00
0123  3.14516e+18  2.52317e-22  9.83526e-08  4.06906e+07  3.46213e-01  0.00000e+00
0124  3.16255e+18  2.48593e-22  9.67086e-08  4.08475e+07  3.45716e-01  0.00000e+00
0125  3.17994e+18  2.44954e-22  9.51028e-08  4.10024e+07  3.45217e-01  0.00000e+00
0126  3.19734e+18  2.41398e-22  9.35341e-08  4.11554e+07  3.44715e-01  0.00000e+00
0127  3.21473e+18  2.37921e-22  9.20013e-08  4.13065e+07  3.44211e-01  0.00000e+00
0128  3.23212e+18  2.34521e-22  9.05035e-08  4.14558e+07  3.43704e-01  0.00000e+00
0129  3.24951e+18  2.31197e-22  8.90394e-08  4.16033e+07  3.43196e-01  0.00000e+00
0130  3.26691e+18  2.27944e-22  8.76080e-08  4.17491e+07  3.42685e-01  0.00000e+00
0131  3.28430e+18  2.24763e-22  8.62085e-08  4.18932e+07  3.42173e-01  0.00000e+00
0132  3.30169e+18  2.21649e-22  8.48398e-08  4.20356e+07  3.41659e-01  0.00000e+00
0133  3.31908e+18  2.18602e-22  8.35010e-08  4.21764e+07  3.41144e-01  0.00000e+00
0134  3.33648e+18  2.15619e-22  8.21914e-08  4.23155e+07  3.40627e-01  0.00000e+00
0135  3.35387e+18  2.12699e-22  8.09099e-08  4.24531e+07  3.40109e-01  0.00000e+00
0136  3.37126e+18  2.09839e-22  7.96559e-08  4.25892e+07  3.39589e-01  0.00000e+00
0137  3.38865e+18  2.07038e-22  7.84286e-08  4.27237e+07  3.39069e-01  0.00000e+00
0138  3.40605e+18  2.04294e-22  7.72271e-08  4.28568e+07  3.38547e-01  0.00000e+00
0139  3.42344e+18  2.01606e-22  7.60509e-08  4.29884e+07  3.38024e-01  0.00000e+00
0140  3.44083e+18  1.98972e-22  7.48992e-08  4.31187e+07  3.37501e-01  0.00000e+00
0141  3.45822e+18  1.96391e-22  7.37714e-08  4.32475e+07  3.36977e-01  0.00000e+00
0142  3.47562e+18  1.93861e-22  7.26667e-08  4.33749e+07  3.36452e-01  0.00000e+00
0143  3.49301e+18  1.91380e-22  7.15847e-08  4.35010e+07  3.35927e-01  0.00000e+00
0144  3.51040e+18  1.88948e-22  7.05246e-08  4.36258e+07  3.35401e-01  0.00000e+00
0145  3.52779e+18  1.86563e-22  6.94859e-08  4.37493e+07  3.34875e-01  0.00000e+00
0146  3.54519e+18  1.84224e-22  6.84681e-08  4.38715e+07  3.34348e-01  0.00000e+00
0147  3.56258e+18  1.81930e-22  6.74706e-08  4.39924e+07  3.33821e-01  0.00000e+00
0148  3.57997e+18  1.79679e-22  6.64928e-08  4.41121e+07  3.33294e-01  0.00000e+00
0149  3.59736e+18  1.77470e-22  6.55344e-08  4.42306e+07  3.32766e-01  0.00000e+00
0150  3.61476e+18  1.75303e-22  6.45947e-08  4.43479e+07  3.32239e-01  0.00000e+00
0151  3.63215e+18  1.73176e-22  6.36734e-08  4.44641e+07  3.31711e-01  0.00000e+00
0152  3.64954e+18  1.71089e-22  6.27699e-08  4.45791e+07  3.31184e-01  0.00000e+00
0153  3.66693e+18  1.69039e-22  6.18838e-08  4.46929e+07  3.30656e-01  0.00000e+00
0154  3.68432e+18  1.67027e-22  6.10147e-08  4.48057e+07  3.30129e-01  0.00000e+00
0155  3.70172e+18  1.65052e-22  6.01622e-08  4.49173e+07  3.29601e-01  0.00000e+00
0156  3.71911e+18  1.63112e-22  5.93259e-08  4.50279e+07  3.29074e-01  0.00000e+00
0157  3.73650e+18  1.61206e-22  5.85053e-08  4.51374e+07  3.28548e-01  0.00000e+00
0158  3.75389e+18  1.59334e-22  5.77001e-08  4.52459e+07  3.28021e-01  0.00000e+00
0159  3.77129e+18  1.57496e-22  5.69099e-08  4.53533e+07  3.27495e-01  0.00000e+00
0160  3.78868e+18  1.55689e-22  5.61344e-08  4.54597e+07  3.26969e-01  0.00000e+00
0161  3.80607e+18  1.53914e-22  5.53733e-08  4.55652e+07  3.26444e-01  0.00000e+00
0162  3.82346e+18  1.52169e-22  5.46261e-08  4.56696e+07  3.25919e-01  0.00000e+00
0163  3.84086e+18  1.50455e-22  5.38925e-08  4.57731e+07  3.25395e-01  0.00000e+00
0164  3.85825e+18  1.48770e-22  5.31723e-08  4.58756e+07  3.24871e-01  0.00000e+00
0165  3.87564e+18  1.47113e-22  5.24651e-08  4.59771e+07  3.24347e-01  0.00000e+00
0166  3.89303e+18  1.45485e-22  5.17707e-08  4.60778e+07  3.23825e-01  0.00000e+00
0167  3.91043e+18  1.43883e-22  5.10887e-08  4.61775e+07  3.23303e-01  0.00000e+00
0168  3.92782e+18  1.42309e-22  5.04188e-08  4.62764e+07  3.22781e-01  0.00000e+00
0169  3.94521e+18  1.40760e-22  4.97609e-08  4.63743e+07  3.22261e-01  0.00000e+00
0170  3.96260e+18  1.39237e-22  4.91145e-08  4.64714e+07  3.21740e-01  0.00000e+00
0171  3.98000e+18  1.37739e-22  4.84795e-08  4.65676e+07  3.21221e-01  0.00000e+00
0172  3.99739e+18  1.36265e-22  4.78556e-08  4.66630e+07  3.20703e-01  0.00000e+00
0173  4.01478e+18  1.34816e-22  4.72425e-08  4.67575e+07  3.20185e-01  0.00000e+00
0174  4.03217e+18  1.33389e-22  4.66401e-08  4.68512e+07  3.19668e-01  0.00000e+00
0175  4.04957e+18  1.31986e-22  4.60479e-08  4.69441e+07  3.19152e-01  0.00000e+00
0176  4.06696e+18  1.30604e-22  4.54659e-08  4.70362e+07  3.18637e-01  0.00000e+00
0177  4.08435e+18  1.29245e-22  4.48938e-08  4.71275e+07  3.18123e-01  0.00000e+00
0178  4.10174e+18  1.27906e-22  4.43313e-08  4.72180e+07  3.17609e-01  0.00000e+00
0179  4.11914e+18  1.26589e-22  4.37784e-08  4.73078e+07  3.17097e-01  0.00000e+00
0180  4.13653e+18  1.25293e-22  4.32349e-08  4.73968e+07  3.16585e-01  0.00000e+00
0181  4.15392e+18  1.24016e-22  4.27004e-08  4.74850e+07  3.16074e-01  0.00000e+00
0182  4.17131e+18  1.22759e-22  4.21748e-08  4.75725e+07  3.15565e-01  0.00000e+00
0183  4.18871e+18  1.21521e-22  4.16580e-08  4.76593e+07  3.15056e-01  0.00000e+00
0184  4.20610e+18  1.20302e-22  4.11497e-08  4.77453e+07  3.14549e-01  0.00000e+00
0185  4.22349e+18  1.19102e-22  4.06498e-08  4.78307e+07  3.14042e-01  0.00000e+00
0186  4.24088e+18  1.17920e-22  4.01580e-08  4.79153e+07  3.13536e-01  0.00000e+00
0187  4.25828e+18  1.16755e-22  3.96743e-08  4.79993e+07  3.13032e-01  0.00000e+00
0188  4.27567e+18  1.15608e-22  3.91985e-08  4.80825e+07  3.12528e-01  0.00000e+00
0189  4.29306e+18  1.14478e-22  3.87303e-08  4.81651e+07  3.12026e-01  0.00000e+00
0190  4.31045e+18  1.13364e-22  3.82697e-08  4.82470e+07  3.11525e-01  0.00000e+00
0191  4.32785e+18  1.12267e-22  3.78165e-08  4.83283e+07  3.11025e-01  0.00000e+00
0192  4.34524e+18  1.11186e-22  3.73705e-08  4.84089e+07  3.10526e-01  0.00000e+00
0193  4.36263e+18  1.10120e-22  3.69316e-08  4.84888e+07  3.10028e-01  0.00000e+00
0194  4.38002e+18  1.09070e-22  3.64997e-08  4.85682e+07  3.09531e-01  0.00000e+00
0195  4.39742e+18  1.08035e-22  3.60746e-08  4.86469e+07  3.09035e-01  0.00000e+00
0196  4.41481e+18  1.07015e-22  3.56561e-08  4.87249e+07  3.08541e-01  0.00000e+00
0197  4.43220e+18  1.06010e-22  3.52443e-08  4.88024e+07  3.08047e-01  0.00000e+00
0198  4.44959e+18  1.05018e-22  3.48388e-08  4.88792e+07  3.07555e-01  0.00000e+00
0199  4.46699e+18  1.04041e-22  3.44396e-08  4.89555e+07  3.07064e-01  0.00000e+00
0200  4.48438e+18  1.03077e-22  3.40466e-08  4.90311e+07  3.06575e-01  0.00000e+00
0201  4.50177e+18  1.02127e-22  3.36597e-08  4.91062e+07  3.06086e-01  0.00000e+00
0202  4.51916e+18  1.01190e-22  3.32788e-08  4.91807e+07  3.05599e-01  0.00000e+00
0203  4.53655e+18  1.00267e-22  3.29037e-08  4.92546e+07  3.05113e-01  0.00000e+00
0204  4.55395e+18  9.93553e-23  3.25343e-08  4.93279e+07  3.04628e-01  0.00000e+00
0205  4.57134e+18  9.84565e-23  3.21705e-08  4.94007e+07  3.04144e-01  0.00000e+00
0206  4.58873e+18  9.75700e-23  3.18122e-08  4.94730e+07  3.03662e-01  0.00000e+00
0207  4.60612e+18  9.66955e-23  3.14593e-08  4.95447e+07  3.03180e-01  0.00000e+00
0208  4.62352e+18  9.58328e-23  3.11116e-08  4.96158e+07  3.02700e-01  0.00000e+00
0209  4.64091e+18  9.49818e-23  3.07692e-08  4.96865e+07  3.02222e-01  0.00000e+00
0210  4.65830e+18  9.41420e-23  3.04318e-08  4.97566e+07  3.01744e-01  0.00000e+00
0211  4.67569e+18  9.33135e-23  3.00995e-08  4.98262e+07  3.01268e-01  0.00000e+00
0212  4.69309e+18  9.24960e-23  2.97720e-08  4.98952e+07  3.00793e-01  0.00000e+00
0213  4.71048e+18  9.16892e-23  2.94494e-08  4.99638e+07  3.00319e-01  0.00000e+00
0214  4.72787e+18  9.08931e-23  2.91315e-08  5.00319e+07  2.99847e-01  0.00000e+00
0215  4.74526e+18  9.01074e-23  2.88182e-08  5.00994e+07  2.99376e-01  0.00000e+00
0216  4.76266e+18  8.93319e-23  2.85095e-08  5.01665e+07  2.98906e-01  0.00000e+00
0217  4.78005e+18  8.85664e-23  2.82053e-08  5.02331e+07  2.98437e-01  0.00000e+00
0218  4.79744e+18  8.78109e-23  2.79054e-08  5.02992e+07  2.97970e-01  0.00000e+00
0219  4.81483e+18  8.70650e-23  2.76099e-08  5.03648e+07  2.97504e-01  0.00000e+00
0220  4.83223e+18  8.63287e-23  2.73186e-08  5.04300e+07  2.97039e-01  0.00000e+00
0221  4.84962e+18  8.56018e-23  2.70314e-08  5.04947e+07  2.96576e-01  0.00000e+00
0222  4.86701e+18  8.48841e-23  2.67483e-08  5.05589e+07  2.96114e-01  0.00000e+00
0223  4.88440e+18  8.41754e-23  2.64692e-08  5.06227e+07  2.95653e-01  0.00000e+00
0224  4.90180e+18  8.34757e-23  2.61941e-08  5.06860e+07  2.95193e-01  0.00000e+00
0225  4.91919e+18  8.27847e-23  2.59228e-08  5.07489e+07  2.94735e-01  0.00000e+00
0226  4.93658e+18  8.21023e-23  2.56553e-08  5.08114e+07  2.94278e-01  0.00000e+00
0227  4.95397e+18  8.14284e-23  2.53915e-08  5.08734e+07  2.93822e-01  0.00000e+00
0228  4.97137e+18  8.07628e-23  2.51314e-08  5.09350e+07  2.93367e-01  0.00000e+00
0229  4.98876e+18  8.01054e-23  2.48749e-08  5.09961e+07  2.92914e-01  0.00000e+00
0230  5.00615e+18  7.94560e-23  2.46219e-08  5.10569e+07  2.92462e-01  0.00000e+00
0231  5.02354e+18  7.88146e-23  2.43724e-08  5.11172e+07  2.92012e-01  0.00000e+00
0232  5.04094e+18  7.81809e-23  2.41263e-08  5.11771e+07  2.91562e-01  0.00000e+00
0233  5.05833e+18  7.75550e-23  2.38836e-08  5.12366e+07  2.91114e-01  0.00000e+00
0234  5.07572e+18  7.69365e-23  2.36442e-08  5.12957e+07  2.90668e-01  0.00000e+00
0235  5.09311e+18  7.63255e-23  2.34079e-08  5.13544e+07  2.90222e-01  0.00000e+00
0236  5.11051e+18  7.57218e-23  2.31749e-08  5.14127e+07  2.89778e-01  0.00000e+00
0237  5.12790e+18  7.51252e-23  2.29450e-08  5.14707e+07  2.89335e-01  0.00000e+00
0238  5.14529e+18  7.45358e-23  2.27182e-08  5.15282e+07  2.88894e-01  0.00000e+00
0239  5.16268e+18  7.39533e-23  2.24944e-08  5.15853e+07  2.88453e-01  0.00000e+00
0240  5.18008e+18  7.33776e-23  2.22736e-08  5.16421e+07  2.88014e-01  0.00000e+00
0241  5.19747e+18  7.28086e-23  2.20558e-08  5.16985e+07  2.87577e-01  0.00000e+00
0242  5.21486e+18  7.22463e-23  2.18407e-08  5.17545e+07  2.87141e-01  0.00000e+00
0243  5.23225e+18  7.16905e-23  2.16286e-08  5.18102e+07  2.86705e-01  0.00000e+00
0244  5.24965e+18  7.11412e-23  2.14192e-08  5.18655e+07  2.86272e-01  0.00000e+00
0245  5.26704e+18  7.05981e-23  2.12125e-08  5.19205e+07  2.85839e-01  0.00000e+00
0246  5.28443e+18  7.00613e-23  2.10085e-08  5.19750e+07  2.85408e-01  0.00000e+00
0247  5.30182e+18  6.95306e-23  2.08072e-08  5.20293e+07  2.84979e-01  0.00000e+00
0248  5.31922e+18  6.90059e-23  2.06085e-08  5.20832e+07  2.84550e-01  0.00000e+00
0249  5.33661e+18  6.84872e-23  2.04123e-08  5.21367e+07  2.84123e-01  0.00000e+00
0250  5.35400e+18  6.79743e-23  2.02186e-08  5.21899e+07  2.83697e-01  0.00000e+00
0251  5.37139e+18  6.74672e-23  2.00275e-08  5.22428e+07  2.83273e-01  0.00000e+00
0252  5.38879e+18  6.69657e-23  1.98387e-08  5.22953e+07  2.82849e-01  0.00000e+00
0253  5.40618e+18  6.64699e-23  1.96524e-08  5.23475e+07  2.82427e-01  0.00000e+00
0254  5.42357e+18  6.59796e-23  1.94684e-08  5.23994e+07  2.82006e-01  0.00000e+00
0255  5.44096e+18  6.54947e-23  1.92868e-08  5.24509e+07  2.81587e-01  0.00000e+00
0256  5.45836e+18  6.50152e-23  1.91074e-08  5.25021e+07  2.81168e-01  0.00000e+00
0257  5.47575e+18  6.45410e-23  1.89303e-08  5.25530e+07  2.80751e-01  0.00000e+00
0258  5.49314e+18  6.40720e-23  1.87554e-08  5.26036e+07  2.80335e-01  0.00000e+00
0259  5.51053e+18  6.36082e-23  1.85827e-08  5.26539e+07  2.79920e-01  0.00000e+00
0260  5.52793e+18  6.31494e-23  1.84121e-08  5.27038e+07  2.79506e-01  0.00000e+00
0261  5.54532e+18  6.26955e-23  1.82436e-08  5.27535e+07  2.79094e-01  0.00000e+00
0262  5.56271e+18  6.22466e-23  1.80772e-08  5.28028e+07  2.78682e-01  0.00000e+00
0263  5.58010e+18  6.18026e-23  1.79129e-08  5.28519e+07  2.78272e-01  0.00000e+00
0264  5.59750e+18  6.13633e-23  1.77505e-08  5.29006e+07  2.77863e-01  0.00000e+00
0265  5.61489e+18  6.09287e-23  1.75902e-08  5.29491e+07  2.77455e-01  0.00000e+00
0266  5.63228e+18  6.04987e-23  1.74318e-08  5.29973e+07  2.77049e-01  0.00000e+00
0267  5.64967e+18  6.00733e-23  1.72753e-08  5.30451e+07  2.76643e-01  0.00000e+00
0268  5.66707e+18  5.96524e-23  1.71207e-08  5.30927e+07  2.76239e-01  0.00000e+00
0269  5.68446e+18  5.92359e-23  1.69680e-08  5.31400e+07  2.75836e-01  0.00000e+00
0270  5.70185e+18  5.88238e-23  1.68171e-08  5.31871e+07  2.75435e-01  0.00000e+00
0271  5.71924e+18  5.84159e-23  1.66680e-08  5.32338e+07  2.75034e-01  0.00000e+00
0272  5.73664e+18  5.80123e-23  1.65207e-08  5.32803e+07  2.74635e-01  0.00000e+00
0273  5.75403e+18  5.76129e-23  1.63752e-08  5.33265e+07  2.74237e-01  0.00000e+00
0274  5.77142e+18  5.72176e-23  1.62314e-08  5.33724e+07  2.73840e-01  0.00000e+00
0275  5.78881e+18  5.68264e-23  1.60893e-08  5.34181e+07  2.73444e-01  0.00000e+00
0276  5.80620e+18  5.64392e-23  1.59488e-08  5.34634e+07  2.73050e-01  0.00000e+00
0277  5.82360e+18  5.60560e-23  1.58101e-08  5.35086e+07  2.72657e-01  0.00000e+00
0278  5.84099e+18  5.56767e-23  1.56729e-08  5.35534e+07  2.72264e-01  0.00000e+00
0279  5.85838e+18  5.53012e-23  1.55374e-08  5.35980e+07  2.71874e-01  0.00000e+00
0280  5.87577e+18  5.49295e-23  1.54034e-08  5.36424e+07  2.71484e-01  0.00000e+00
0281  5.89317e+18  5.45616e-23  1.52710e-08  5.36865e+07  2.71095e-01  0.00000e+00
0282  5.91056e+18  5.41974e-23  1.51401e-08  5.37303e+07  2.70708e-01  0.00000e+00
0283  5.92795e+18  5.38368e-23  1.50107e-08  5.37739e+07  2.70321e-01  0.00000e+00
0284  5.94534e+18  5.34799e-23  1.48828e-08  5.38172e+07  2.69936e-01  0.00000e+00
0285  5.96274e+18  5.31265e-23  1.47564e-08  5.38603e+07  2.69552e-01  0.00000e+00
0286  5.98013e+18  5.27766e-23  1.46315e-08  5.39032e+07  2.69169e-01  0.00000e+00
0287  5.99752e+18  5.24301e-23  1.45079e-08  5.39458e+07  2.68788e-01  0.00000e+00
0288  6.01491e+18  5.20871e-23  1.43858e-08  5.39882e+07  2.68407e-01  0.00000e+00
0289  6.03231e+18  5.17474e-23  1.42650e-08  5.40303e+07  2.68027e-01  0.00000e+00
0290  6.04970e+18  5.14111e-23  1.41456e-08  5.40722e+07  2.67649e-01  0.00000e+00
0291  6.06709e+18  5.10780e-23  1.40276e-08  5.41138e+07  2.67272e-01  0.00000e+00
0292  6.08448e+18  5.07482e-23  1.39109e-08  5.41553e+07  2.66896e-01  0.00000e+00
0293  6.10188e+18  5.04216e-23  1.37955e-08  5.41965e+07  2.66521e-01  0.00000e+00
0294  6.11927e+18  5.00981e-23  1.36814e-08  5.42374e+07  2.66147e-01  0.00000e+00
0295  6.13666e+18  4.97778e-23  1.35685e-08  5.42782e+07  2.65774e-01  0.00000e+00
0296  6.15405e+18  4.94605e-23  1.34569e-08  5.43187e+07  2.65403e-01  0.00000e+00
0297  6.17145e+18  4.91462e-23  1.33466e-08  5.43590e+07  2.65032e-01  0.00000e+00
0298  6.18884e+18  4.88350e-23  1.32374e-08  5.43991e+07  2.64663e-01  0.00000e+00
0299  6.20623e+18  4.85267e-23  1.31295e-08  5.44390e+07  2.64295e-01  0.00000e+00
0300  6.22362e+18  4.82213e-23  1.30228e-08  5.44786e+07  2.63927e-01  0.00000e+00
0301  6.24102e+18  4.79189e-23  1.29172e-08  5.45181e+07  2.63561e-01  0.00000e+00
0302  6.25841e+18  4.76192e-23  1.28128e-08  5.45573e+07  2.63196e-01  0.00000e+00
0303  6.27580e+18  4.73224e-23  1.27095e-08  5.45963e+07  2.62832e-01  0.00000e+00
0304  6.29319e+18  4.70283e-23  1.26073e-08  5.46351e+07  2.62469e-01  0.00000e+00
0305  6.31059e+18  4.67370e-23  1.25063e-08  5.46737e+07  2.62107e-01  0.00000e+00
0306  6.32798e+18  4.64484e-23  1.24063e-08  5.47121e+07  2.61747e-01  0.00000e+00
0307  6.34537e+18  4.61624e-23  1.23074e-08  5.47503e+07  2.61387e-01  0.00000e+00
0308  6.36276e+18  4.58791e-23  1.22096e-08  5.47883e+07  2.61028e-01  0.00000e+00
0309  6.38016e+18  4.55984e-23  1.21128e-08  5.48261e+07  2.60671e-01  0.00000e+00
0310  6.39755e+18  4.53203e-23  1.20170e-08  5.48636e+07  2.60314e-01  0.00000e+00
0311  6.41494e+18  4.50447e-23  1.19223e-08  5.49010e+07  2.59959e-01  0.00000e+00
0312  6.43233e+18  4.47717e-23  1.18286e-08  5.49382e+07  2.59605e-01  0.00000e+00
0313  6.44973e+18  4.45011e-23  1.17358e-08  5.49752e+07  2.59251e-01  0.00000e+00
0314  6.46712e+18  4.42330e-23  1.16441e-08  5.50120e+07  2.58899e-01  0.00000e+00
0315  6.48451e+18  4.39673e-23  1.15533e-08  5.50487e+07  2.58548e-01  0.00000e+00
0316  6.50190e+18  4.37040e-23  1.14634e-08  5.50851e+07  2.58197e-01  0.00000e+00
0317  6.51930e+18  4.34431e-23  1.13746e-08  5.51213e+07  2.57848e-01  0.00000e+00
0318  6.53669e+18  4.31845e-23  1.12866e-08  5.51574e+07  2.57500e-01  0.00000e+00
0319  6.55408e+18  4.29282e-23  1.11995e-08  5.51932e+07  2.57153e-01  0.00000e+00
0320  6.57147e+18  4.26742e-23  1.11134e-08  5.52289e+07  2.56806e-01  0.00000e+00
0321  6.58887e+18  4.24225e-23  1.10281e-08  5.52644e+07  2.56461e-01  0.00000e+00
0322  6.60626e+18  4.21730e-23  1.09438e-08  5.52997e+07  2.56117e-01  0.00000e+00
0323  6.62365e+18  4.19257e-23  1.08603e-08  5.53349e+07  2.55774e-01  0.00000e+00
0324  6.64104e+18  4.16805e-23  1.07776e-08  5.53699e+07  2.55432e-01  0.00000e+00
0325  6.65844e+18  4.14375e-23  1.06958e-08  5.54046e+07  2.55090e-01  0.00000e+00
0326  6.67583e+18  4.11967e-23  1.06148e-08  5.54393e+07  2.54750e-01  0.00000e+00
0327  6.69322e+18  4.09579e-23  1.05347e-08  5.54737e+07  2.54411e-01  0.00000e+00
0328  6.71061e+18  4.07212e-23  1.04554e-08  5.55080e+07  2.54073e-01  0.00000e+00
0329  6.72801e+18  4.04866e-23  1.03769e-08  5.55421e+07  2.53735e-01  0.00000e+00
0330  6.74540e+18  4.02540e-23  1.02991e-08  5.55760e+07  2.53399e-01  0.00000e+00
0331  6.76279e+18  4.00234e-23  1.02222e-08  5.56098e+07  2.53064e-01  0.00000e+00
0332  6.78018e+18  3.97947e-23  1.01460e-08  5.56434e+07  2.52729e-01  0.00000e+00
0333  6.79758e+18  3.95681e-23  1.00706e-08  5.56768e+07  2.52396e-01  0.00000e+00
0334  6.81497e+18  3.93434e-23  9.99596e-09  5.57100e+07  2.52064e-01  0.00000e+00
0335  6.83236e+18  3.91205e-23  9.92206e-09  5.57431e+07  2.51732e-01  0.00000e+00
0336  6.84975e+18  3.88996e-23  9.84888e-09  5.57761e+07  2.51402e-01  0.00000e+00
0337  6.86715e+18  3.86806e-23  9.77644e-09  5.58089e+07  2.51072e-01  0.00000e+00
0338  6.88454e+18  3.84633e-23  9.70471e-09  5.58415e+07  2.50743e-01  0.00000e+00
0339  6.90193e+18  3.82480e-23  9.63369e-09  5.58739e+07  2.50416e-01  0.00000e+00
0340  6.91932e+18  3.80344e-23  9.56337e-09  5.59063e+07  2.50089e-01  0.00000e+00
0341  6.93672e+18  3.78226e-23  9.49374e-09  5.59384e+07  2.49763e-01  0.00000e+00
0342  6.95411e+18  3.76126e-23  9.42479e-09  5.59704e+07  2.49439e-01  0.00000e+00
0343  6.97150e+18  3.74043e-23  9.35651e-09  5.60022e+07  2.49115e-01  0.00000e+00
0344  6.98889e+18  3.71978e-23  9.28890e-09  5.60339e+07  2.48792e-01  0.00000e+00
0345  7.00629e+18  3.69930e-23  9.22195e-09  5.60655e+07  2.48470e-01  0.00000e+00
0346  7.02368e+18  3.67898e-23  9.15565e-09  5.60969e+07  2.48149e-01  0.00000e+00
0347  7.04107e+18  3.65884e-23  9.08999e-09  5.61281e+07  2.47828e-01  0.00000e+00
0348  7.05846e+18  3.63885e-23  9.02496e-09  5.61592e+07  2.47509e-01  0.00000e+00
0349  7.07586e+18  3.61904e-23  8.96056e-09  5.61901e+07  2.47191e-01  0.00000e+00
0350  7.09325e+18  3.59938e-23  8.89678e-09  5.62209e+07  2.46873e-01  0.00000e+00
0351  7.11064e+18  3.57988e-23  8.83360e-09  5.62516e+07  2.46557e-01  0.00000e+00
0352  7.12803e+18  3.56054e-23  8.77103e-09  5.62821e+07  2.46241e-01  0.00000e+00
0353  7.14543e+18  3.54136e-23  8.70906e-09  5.63125e+07  2.45926e-01  0.00000e+00
0354  7.16282e+18  3.52234e-23  8.64768e-09  5.63427e+07  2.45612e-01  0.00000e+00
0355  7.18021e+18  3.50346e-23  8.58688e-09  5.63728e+07  2.45300e-01  0.00000e+00
0356  7.19760e+18  3.48474e-23  8.52665e-09  5.64027e+07  2.44987e-01  0.00000e+00
0357  7.21500e+18  3.46617e-23  8.46699e-09  5.64325e+07  2.44676e-01  0.00000e+00
0358  7.23239e+18  3.44774e-23  8.40790e-09  5.64622e+07  2.44366e-01  0.00000e+00
0359  7.24978e+18  3.42947e-23  8.34935e-09  5.64917e+07  2.44057e-01  0.00000e+00
0360  7.26717e+18  3.41133e-23  8.29136e-09  5.65211e+07  2.43748e-01  0.00000e+00
0361  7.28457e+18  3.39335e-23  8.23391e-09  5.65504e+07  2.43440e-01  0.00000e+00
0362  7.30196e+18  3.37550e-23  8.17699e-09  5.65795e+07  2.43134e-01  0.00000e+00
0363  7.31935e+18  3.35779e-23  8.12061e-09  5.66085e+07  2.42828e-01  0.00000e+00
0364  7.33674e+18  3.34023e-23  8.06474e-09  5.66374e+07  2.42523e-01  0.00000e+00
0365  7.35414e+18  3.32280e-23  8.00940e-09  5.66661e+07  2.42218e-01  0.00000e+00
0366  7.37153e+18  3.30551e-23  7.95456e-09  5.66947e+07  2.41915e-01  0.00000e+00
0367  7.38892e+18  3.28835e-23  7.90023e-09  5.67232e+07  2.41613e-01  0.00000e+00
0368  7.40631e+18  3.27132e-23  7.84640e-09  5.67516e+07  2.41311e-01  0.00000e+00
0369  7.42371e+18  3.25443e-23  7.79306e-09  5.67798e+07  2.41010e-01  0.00000e+00
0370  7.44110e+18  3.23767e-23  7.74021e-09  5.68079e+07  2.40710e-01  0.00000e+00
0371  7.45849e+18  3.22104e-23  7.68784e-09  5.68358e+07  2.40411e-01  0.00000e+00
0372  7.47588e+18  3.20453e-23  7.63595e-09  5.68637e+07  2.40113e-01  0.00000e+00
0373  7.49328e+18  3.18815e-23  7.58453e-09  5.68914e+07  2.39815e-01  0.00000e+00
0374  7.51067e+18  3.17190e-23  7.53358e-09  5.69190e+07  2.39519e-01  0.00000e+00
0375  7.52806e+18  3.15577e-23  7.48308e-09  5.69465e+07  2.39223e-01  0.00000e+00
0376  7.54545e+18  3.13977e-23  7.43304e-09  5.69738e+07  2.38928e-01  0.00000e+00
0377  7.56285e+18  3.12388e-23  7.38345e-09  5.70011e+07  2.38634e-01  0.00000e+00
0378  7.58024e+18  3.10812e-23  7.33431e-09  5.70282e+07  2.38340e-01  0.00000e+00
0379  7.59763e+18  3.09248e-23  7.28561e-09  5.70552e+07  2.38048e-01  0.00000e+00
0380  7.61502e+18  3.07695e-23  7.23734e-09  5.70821e+07  2.37756e-01  0.00000e+00
0381  7.63242e+18  3.06154e-23  7.18950e-09  5.71088e+07  2.37465e-01  0.00000e+00
0382  7.64981e+18  3.04625e-23  7.14208e-09  5.71355e+07  2.37175e-01  0.00000e+00
0383  7.66720e+18  3.03107e-23  7.09509e-09  5.71620e+07  2.36885e-01  0.00000e+00
0384  7.68459e+18  3.01600e-23  7.04851e-09  5.71884e+07  2.36597e-01  0.00000e+00
0385  7.70199e+18  3.00105e-23  7.00235e-09  5.72147e+07  2.36309e-01  0.00000e+00
0386  7.71938e+18  2.98620e-23  6.95659e-09  5.72409e+07  2.36022e-01  0.00000e+00
0387  7.73677e+18  2.97147e-23  6.91123e-09  5.72670e+07  2.35736e-01  0.00000e+00
0388  7.75416e+18  2.95685e-23  6.86627e-09  5.72930e+07  2.35450e-01  0.00000e+00
0389  7.77156e+18  2.94233e-23  6.82171e-09  5.73188e+07  2.35165e-01  0.00000e+00
0390  7.78895e+18  2.92792e-23  6.77753e-09  5.73446e+07  2.34882e-01  0.00000e+00
0391  7.80634e+18  2.91362e-23  6.73374e-09  5.73702e+07  2.34598e-01  0.00000e+00
0392  7.82373e+18  2.89942e-23  6.69033e-09  5.73957e+07  2.34316e-01  0.00000e+00
0393  7.84113e+18  2.88532e-23  6.64730e-09  5.74211e+07  2.34034e-01  0.00000e+00
0394  7.85852e+18  2.87133e-23  6.60464e-09  5.74464e+07  2.33754e-01  0.00000e+00
0395  7.87591e+18  2.85744e-23  6.56235e-09  5.74717e+07  2.33474e-01  0.00000e+00
0396  7.89330e+18  2.84365e-23  6.52043e-09  5.74968e+07  2.33194e-01  0.00000e+00
0397  7.91070e+18  2.82996e-23  6.47886e-09  5.75218e+07  2.32916e-01  0.00000e+00
0398  7.92809e+18  2.81637e-23  6.43766e-09  5.75467e+07  2.32638e-01  0.00000e+00
0399  7.94548e+18  2.80288e-23  6.39681e-09  5.75715e+07  2.32361e-01  0.00000e+00
0400  7.96287e+18  2.78949e-23  6.35631e-09  5.75961e+07  2.32085e-01  0.00000e+00
0401  7.98027e+18  2.77619e-23  6.31616e-09  5.76207e+07  2.31809e-01  0.00000e+00
0402  7.99766e+18  2.76299e-23  6.27635e-09  5.76452e+07  2.31534e-01  0.00000e+00
0403  8.01505e+18  2.74988e-23  6.23687e-09  5.76696e+07  2.31260e-01  0.00000e+00
0404  8.03244e+18  2.73686e-23  6.19773e-09  5.76939e+07  2.30987e-01  0.00000e+00
0405  8.04984e+18  2.72394e-23  6.15892e-09  5.77181e+07  2.30714e-01  0.00000e+00
0406  8.06723e+18  2.71110e-23  6.12044e-09  5.77422e+07  2.30442e-01  0.00000e+00
0407  8.08462e+18  2.69836e-23  6.08227e-09  5.77662e+07  2.30171e-01  0.00000e+00
0408  8.10201e+18  2.68571e-23  6.04443e-09  5.77901e+07  2.29901e-01  0.00000e+00
0409  8.11940e+18  2.67314e-23  6.00690e-09  5.78139e+07  2.29631e-01  0.00000e+00
0410  8.13680e+18  2.66066e-23  5.96968e-09  5.78376e+07  2.29362e-01  0.00000e+00
0411  8.15419e+18  2.64827e-23  5.93277e-09  5.78612e+07  2.29094e-01  0.00000e+00
0412  8.17158e+18  2.63597e-23  5.89616e-09  5.78846e+07  2.28826e-01  0.00000e+00
0413  8.18897e+18  2.62374e-23  5.85985e-09  5.79080e+07  2.28559e-01  0.00000e+00
0414  8.20637e+18  2.61161e-23  5.82384e-09  5.79313e+07  2.28293e-01  0.00000e+00
0415  8.22376e+18  2.59956e-23  5.78813e-09  5.79545e+07  2.28028e-01  0.00000e+00
0416  8.24115e+18  2.58759e-23  5.75272e-09  5.79776e+07  2.27763e-01  0.00000e+00
0417  8.25854e+18  2.57570e-23  5.71759e-09  5.80007e+07  2.27499e-01  0.00000e+00
0418  8.27594e+18  2.56389e-23  5.68276e-09  5.80236e+07  2.27236e-01  0.00000e+00
0419  8.29333e+18  2.55217e-23  5.64821e-09  5.80464e+07  2.26973e-01  0.00000e+00
0420  8.31072e+18  2.54053e-23  5.61394e-09  5.80692e+07  2.26711e-01  0.00000e+00
0421  8.32811e+18  2.52896e-23  5.57995e-09  5.80918e+07  2.26450e-01  0.00000e+00
0422  8.34551e+18  2.51748e-23  5.54624e-09  5.81144e+07  2.26189e-01  0.00000e+00
0423  8.36290e+18  2.50607e-23  5.51281e-09  5.81369e+07  2.25930e-01  0.00000e+00
0424  8.38029e+18  2.49474e-23  5.47965e-09  5.81593e+07  2.25670e-01  0.00000e+00
0425  8.39768e+18  2.48349e-23  5.44675e-09  5.81816e+07  2.25412e-01  0.00000e+00
0426  8.41508e+18  2.47231e-23  5.41412e-09  5.82038e+07  2.25154e-01  0.00000e+00
0427  8.43247e+18  2.46121e-23  5.38175e-09  5.82259e+07  2.24896e-01  0.00000e+00
0428  8.44986e+18  2.45019e-23  5.34965e-09  5.82480e+07  2.24640e-01  0.00000e+00
0429  8.46725e+18  2.43924e-23  5.31780e-09  5.82699e+07  2.24384e-01  0.00000e+00
0430  8.48465e+18  2.42836e-23  5.28620e-09  5.82918e+07  2.24128e-01  0.00000e+00
0431  8.50204e+18  2.41755e-23  5.25486e-09  5.83136e+07  2.23873e-01  0.00000e+00
0432  8.51943e+18  2.40682e-23  5.22377e-09  5.83353e+07  2.23619e-01  0.00000e+00
0433  8.53682e+18  2.39616e-23  5.19292e-09  5.83569e+07  2.23365e-01  0.00000e+00
0434  8.55422e+18  2.38557e-23  5.16232e-09  5.83784e+07  2.23112e-01  0.00000e+00
0435  8.57161e+18  2.37505e-23  5.13196e-09  5.83999e+07  2.22860e-01  0.00000e+00
0436  8.58900e+18  2.36460e-23  5.10184e-09  5.84213e+07  2.22608e-01  0.00000e+00
0437  8.60639e+18  2.35422e-23  5.07196e-09  5.84426e+07  2.22357e-01  0.00000e+00
0438  8.62379e+18  2.34391e-23  5.04231e-09  5.84638e+07  2.22106e-01  0.00000e+00
0439  8.64118e+18  2.33366e-23  5.01290e-09  5.84849e+07  2.21856e-01  0.00000e+00
0440  8.65857e+18  2.32349e-23  4.98372e-09  5.85059e+07  2.21606e-01  0.00000e+00
0441  8.67596e+18  2.31338e-23  4.95476e-09  5.85269e+07  2.21357e-01  0.00000e+00
0442  8.69336e+18  2.30333e-23  4.92603e-09  5.85478e+07  2.21109e-01  0.00000e+00
0443  8.71075e+18  2.29335e-23  4.89753e-09  5.85686e+07  2.20861e-01  0.00000e+00
0444  8.72814e+18  2.28344e-23  4.86925e-09  5.85893e+07  2.20614e-01  0.00000e+00
0445  8.74553e+18  2.27359e-23  4.84118e-09  5.86100e+07  2.20368e-01  0.00000e+00
0446  8.76293e+18  2.26380e-23  4.81334e-09  5.86305e+07  2.20122e-01  0.00000e+00
0447  8.78032e+18  2.25408e-23  4.78571e-09  5.86510e+07  2.19877e-01  0.00000e+00
0448  8.79771e+18  2.24441e-23  4.75829e-09  5.86715e+07  2.19633e-01  0.00000e+00
0449  8.81510e+18  2.23481e-23  4.73108e-09  5.86918e+07  2.19390e-01  0.00000e+00
0450  8.83250e+18  2.22527e-23  4.70409e-09  5.87121e+07  2.19147e-01  0.00000e+00
0451  8.84989e+18  2.21579e-23  4.67730e-09  5.87323e+07  2.18905e-01  0.00000e+00
0452  8.86728e+18  2.20637e-23  4.65071e-09  5.87524e+07  2.18663e-01  0.00000e+00
0453  8.88467e+18  2.19701e-23  4.62433e-09  5.87724e+07  2.18423e-01  0.00000e+00
0454  8.90207e+18  2.18770e-23  4.59815e-09  5.87924e+07  2.18183e-01  0.00000e+00
0455  8.91946e+18  2.17846e-23  4.57216e-09  5.88123e+07  2.17943e-01  0.00000e+00
0456  8.93685e+18  2.16927e-23  4.54638e-09  5.88321e+07  2.17705e-01  0.00000e+00
0457  8.95424e+18  2.16014e-23  4.52079e-09  5.88519e+07  2.17467e-01  0.00000e+00
0458  8.97164e+18  2.15107e-23  4.49539e-09  5.88715e+07  2.17229e-01  0.00000e+00
0459  8.98903e+18  2.14205e-23  4.47019e-09  5.88912e+07  2.16993e-01  0.00000e+00
0460  9.00642e+18  2.13309e-23  4.44517e-09  5.89107e+07  2.16756e-01  0.00000e+00
0461  9.02381e+18  2.12419e-23  4.42035e-09  5.89302e+07  2.16521e-01  0.00000e+00
0462  9.04121e+18  2.11534e-23  4.39571e-09  5.89495e+07  2.16286e-01  0.00000e+00
0463  9.05860e+18  2.10655e-23  4.37125e-09  5.89689e+07  2.16052e-01  0.00000e+00
0464  9.07599e+18  2.09781e-23  4.34698e-09  5.89881e+07  2.15818e-01  0.00000e+00
0465  9.09338e+18  2.08913e-23  4.32289e-09  5.90073e+07  2.15585e-01  0.00000e+00
0466  9.11078e+18  2.08050e-23  4.29897e-09  5.90264e+07  2.15352e-01  0.00000e+00
0467  9.12817e+18  2.07192e-23  4.27523e-09  5.90455e+07  2.15120e-01  0.00000e+00
0468  9.14556e+18  2.06340e-23  4.25166e-09  5.90645e+07  2.14888e-01  0.00000e+00
0469  9.16295e+18  2.05493e-23  4.22827e-09  5.90834e+07  2.14657e-01  0.00000e+00
0470  9.18035e+18  2.04651e-23  4.20505e-09  5.91022e+07  2.14427e-01  0.00000e+00
0471  9.19774e+18  2.03814e-23  4.18201e-09  5.91210e+07  2.14197e-01  0.00000e+00
0472  9.21513e+18  2.02983e-23  4.15913e-09  5.91397e+07  2.13967e-01  0.00000e+00
0473  9.23252e+18  2.02157e-23  4.13643e-09  5.91583e+07  2.13738e-01  0.00000e+00
0474  9.24992e+18  2.01335e-23  4.11389e-09  5.91769e+07  2.13510e-01  0.00000e+00
0475  9.26731e+18  2.00519e-23  4.09152e-09  5.91954e+07  2.13282e-01  0.00000e+00
0476  9.28470e+18  1.99707e-23  4.06931e-09  5.92138e+07  2.13055e-01  0.00000e+00
0477  9.30209e+18  1.98901e-23  4.04726e-09  5.92322e+07  2.12828e-01  0.00000e+00
0478  9.31949e+18  1.98099e-23  4.02538e-09  5.92505e+07  2.12602e-01  0.00000e+00
0479  9.33688e+18  1.97303e-23  4.00365e-09  5.92688e+07  2.12376e-01  0.00000e+00
0480  9.35427e+18  1.96511e-23  3.98209e-09  5.92870e+07  2.12151e-01  0.00000e+00
0481  9.37166e+18  1.95723e-23  3.96068e-09  5.93051e+07  2.11927e-01  0.00000e+00
0482  9.38906e+18  1.94941e-23  3.93942e-09  5.93231e+07  2.11703e-01  0.00000e+00
0483  9.40645e+18  1.94163e-23  3.91832e-09  5.93411e+07  2.11480e-01  0.00000e+00
0484  9.42384e+18  1.93390e-23  3.89737e-09  5.93590e+07  2.11257e-01  0.00000e+00
0485  9.44123e+18  1.92621e-23  3.87657e-09  5.93769e+07  2.11034e-01  0.00000e+00
0486  9.45863e+18  1.91857e-23  3.85592e-09  5.93947e+07  2.10813e-01  0.00000e+00
0487  9.47602e+18  1.91098e-23  3.83542e-09  5.94124e+07  2.10592e-01  0.00000e+00
0488  9.49341e+18  1.90343e-23  3.81507e-09  5.94301e+07  2.10371e-01  0.00000e+00
0489  9.51080e+18  1.89592e-23  3.79486e-09  5.94477e+07  2.10151e-01  0.00000e+00
0490  9.52820e+18  1.88846e-23  3.77480e-09  5.94653e+07  2.09931e-01  0.00000e+00
0491  9.54559e+18  1.88104e-23  3.75488e-09  5.94828e+07  2.09712e-01  0.00000e+00
0492  9.56298e+18  1.87367e-23  3.73510e-09  5.95002e+07  2.09493e-01  0.00000e+00
0493  9.58037e+18  1.86634e-23  3.71546e-09  5.95176e+07  2.09275e-01  0.00000e+00
0494  9.59777e+18  1.85905e-23  3.69596e-09  5.95349e+07  2.09058e-01  0.00000e+00
0495  9.61516e+18  1.85180e-23  3.67659e-09  5.95522e+07  2.08841e-01  0.00000e+00
0496  9.63255e+18  1.84460e-23  3.65737e-09  5.95694e+07  2.08624e-01  0.00000e+00
0497  9.64994e+18  1.83744e-23  3.63828e-09  5.95865e+07  2.08408e-01  0.00000e+00
0498  9.66734e+18  1.83032e-23  3.61932e-09  5.96036e+07  2.08193e-01  0.00000e+00
0499  9.68473e+18  1.82324e-23  3.60050e-09  5.96206e+07  2.07978e-01  0.00000e+00
0500  9.70212e+18  1.81620e-23  3.58181e-09  5.96376e+07  2.07764e-01  0.00000e+00
0501  9.71951e+18  1.80920e-23  3.56325e-09  5.96545e+07  2.07550e-01  0.00000e+00
0502  9.73691e+18  1.80225e-23  3.54482e-09  5.96713e+07  2.07336e-01  0.00000e+00
0503  9.75430e+18  1.79533e-23  3.52651e-09  5.96881e+07  2.07123e-01  0.00000e+00
0504  9.77169e+18  1.78845e-23  3.50834e-09  5.97048e+07  2.06911e-01  0.00000e+00
0505  9.78908e+18  1.78162e-23  3.49029e-09  5.97215e+07  2.06699e-01  0.00000e+00
0506  9.80648e+18  1.77482e-23  3.47237e-09  5.97382e+07  2.06487e-01  0.00000e+00
0507  9.82387e+18  1.76806e-23  3.45457e-09  5.97547e+07  2.06277e-01  0.00000e+00
0508  9.84126e+18  1.76134e-23  3.43689e-09  5.97712e+07  2.06066e-01  0.00000e+00
0509  9.85865e+18  1.75465e-23  3.41934e-09  5.97877e+07  2.05856e-01  0.00000e+00
0510  9.87605e+18  1.74801e-23  3.40190e-09  5.98041e+07  2.05647e-01  0.00000e+00
0511  9.89344e+18  1.74140e-23  3.38459e-09  5.98205e+07  2.05438e-01  0.00000e+00
0512  9.91083e+18  1.73483e-23  3.36739e-09  5.98367e+07  2.05229e-01  0.00000e+00
0513  9.92822e+18  1.72830e-23  3.35032e-09  5.98530e+07  2.05021e-01  0.00000e+00
0514  9.94562e+18  1.72180e-23  3.33335e-09  5.98692e+07  2.04814e-01  0.00000e+00
0515  9.96301e+18  1.71534e-23  3.31651e-09  5.98853e+07  2.04607e-01  0.00000e+00
0516  9.98040e+18  1.70892e-23  3.29978e-09  5.99014e+07  2.04400e-01  0.00000e+00
0517  9.99779e+18  1.70253e-23  3.28316e-09  5.99174e+07  2.04194e-01  0.00000e+00
0518  1.00152e+19  1.69618e-23  3.26666e-09  5.99334e+07  2.03989e-01  0.00000e+00
0519  1.00326e+19  1.68986e-23  3.25026e-09  5.99493e+07  2.03784e-01  0.00000e+00
0520  1.00500e+19  1.68358e-23  3.23398e-09  5.99652e+07  2.03579e-01  0.00000e+00
0521  1.00674e+19  1.67733e-23  3.21781e-09  5.99810e+07  2.03375e-01  0.00000e+00
0522  1.00848e+19  1.67112e-23  3.20174e-09  5.99968e+07  2.03171e-01  0.00000e+00
0523  1.01021e+19  1.66494e-23  3.18579e-09  6.00125e+07  2.02968e-01  0.00000e+00
0524  1.01195e+19  1.65880e-23  3.16994e-09  6.00282e+07  2.02765e-01  0.00000e+00
0525  1.01369e+19  1.65269e-23  3.15420e-09  6.00438e+07  2.02563e-01  0.00000e+00
0526  1.01543e+19  1.64662e-23  3.13856e-09  6.00594e+07  2.02361e-01  0.00000e+00
0527  1.01717e+19  1.64057e-23  3.12303e-09  6.00749e+07  2.02160e-01  0.00000e+00
0528  1.01891e+19  1.63456e-23  3.10760e-09  6.00903e+07  2.01959e-01  0.00000e+00
0529  1.02065e+19  1.62859e-23  3.09227e-09  6.01058e+07  2.01758e-01  0.00000e+00
0530  1.02239e+19  1.62264e-23  3.07705e-09  6.01211e+07  2.01558e-01  0.00000e+00
0531  1.02413e+19  1.61673e-23  3.06192e-09  6.01364e+07  2.01359e-01  0.00000e+00
0532  1.02587e+19  1.61085e-23  3.04690e-09  6.01517e+07  2.01160e-01  0.00000e+00
0533  1.02761e+19  1.60501e-23  3.03198e-09  6.01669e+07  2.00961e-01  0.00000e+00
0534  1.02935e+19  1.59919e-23  3.01715e-09  6.01821e+07  2.00763e-01  0.00000e+00
0535  1.03109e+19  1.59341e-23  3.00242e-09  6.01972e+07  2.00565e-01  0.00000e+00
0536  1.03283e+19  1.58765e-23  2.98779e-09  6.02123e+07  2.00368e-01  0.00000e+00
0537  1.03456e+19  1.58193e-23  2.97326e-09  6.02273e+07  2.00171e-01  0.00000e+00
0538  1.03630e+19  1.57624e-23  2.95882e-09  6.02423e+07  1.99975e-01  0.00000e+00
0539  1.03804e+19  1.57058e-23  2.94447e-09  6.02572e+07  1.99779e-01  0.00000e+00
0540  1.03978e+19  1.56495e-23  2.93022e-09  6.02721e+07  1.99584e-01  0.00000e+00
0541  1.04152e+19  1.55935e-23  2.91606e-09  6.02870e+07  1.99389e-01  0.00000e+00
0542  1.04326e+19  1.55378e-23  2.90199e-09  6.03018e+07  1.99194e-01  0.00000e+00
0543  1.04500e+19  1.54824e-23  2.88801e-09  6.03165e+07  1.99000e-01  0.00000e+00
0544  1.04674e+19  1.54273e-23  2.87413e-09  6.03312e+07  1.98806e-01  0.00000e+00
0545  1.04848e+19  1.53724e-23  2.86033e-09  6.03459e+07  1.98613e-01  0.00000e+00
0546  1.05022e+19  1.53179e-23  2.84663e-09  6.03605e+07  1.98420e-01  0.00000e+00
0547  1.05196e+19  1.52637e-23  2.83301e-09  6.03750e+07  1.98228e-01  0.00000e+00
0548  1.05370e+19  1.52097e-23  2.81948e-09  6.03896e+07  1.98036e-01  0.00000e+00
0549  1.05544e+19  1.51561e-23  2.80603e-09  6.04040e+07  1.97844e-01  0.00000e+00
0550  1.05717e+19  1.51027e-23  2.79268e-09  6.04185e+07  1.97653e-01  0.00000e+00
0551  1.05891e+19  1.50495e-23  2.77939e-09  6.04329e+07  1.97462e-01  0.00000e+00
0552  1.06065e+19  1.49970e-23  2.76628e-09  6.04471e+07  1.97273e-01  0.00000e+00
0553  1.06239e+19  1.49432e-23  2.75286e-09  6.04618e+07  1.97079e-01  0.00000e+00
0554  1.06413e+19  1.48958e-23  2.74107e-09  6.04747e+07  1.96907e-01  0.00000e+00
0555  1.06587e+19  1.48140e-23  2.72072e-09  6.04970e+07  1.96609e-01  0.00000e+00
