# Athena++ data at time=3.130000e+12  cycle=235144284  variables=uov 
# i       x1v         user_out_var0          user_out_var1          user_out_var2          user_out_var3          user_out_var4          user_out_var5      
0002  1.07548e+18  4.91743e+00  3.03478e+04  7.00099e-16  0.00000e+00  0.00000e+00  3.39500e-05
0003  1.09287e+18  1.05699e+01  4.05158e+04  3.84842e-17  0.00000e+00  0.00000e+00  3.28781e-05
0004  1.11027e+18  1.62228e+01  5.05512e+04  2.05609e-17  0.00000e+00  0.00000e+00  3.18561e-05
0005  1.12766e+18  2.42450e+01  6.50534e+04  3.19247e-17  0.00000e+00  0.00000e+00  3.08811e-05
0006  1.14505e+18  3.69372e+01  9.01799e+04  4.83864e-17  0.00000e+00  0.00000e+00  2.99501e-05
0007  1.16244e+18  5.41310e+01  1.24865e+05  3.92889e-17  0.00000e+00  0.00000e+00  2.90606e-05
0008  1.17983e+18  6.07365e+01  1.34200e+05  1.02430e-17  0.00000e+00  0.00000e+00  2.82102e-05
0009  1.19723e+18  6.57451e+01  1.40795e+05  1.17086e-17  0.00000e+00  0.00000e+00  2.73965e-05
0010  1.21462e+18  7.04360e+01  1.46498e+05  1.04191e-17  0.00000e+00  0.00000e+00  2.66176e-05
0011  1.23201e+18  7.38544e+01  1.49605e+05  7.06628e-18  0.00000e+00  0.00000e+00  2.58714e-05
0012  1.24940e+18  7.68692e+01  1.52060e+05  6.77511e-18  0.00000e+00  0.00000e+00  2.51561e-05
0013  1.26679e+18  7.98623e+01  1.54529e+05  6.74170e-18  0.00000e+00  0.00000e+00  2.44701e-05
0014  1.28419e+18  8.28044e+01  1.56989e+05  6.39896e-18  0.00000e+00  0.00000e+00  2.38118e-05
0015  1.30158e+18  8.56206e+01  1.59314e+05  5.82428e-18  0.00000e+00  0.00000e+00  2.31797e-05
0016  1.31897e+18  8.81648e+01  1.61233e+05  5.25037e-18  0.00000e+00  0.00000e+00  2.25724e-05
0017  1.33636e+18  9.06351e+01  1.63136e+05  5.23668e-18  0.00000e+00  0.00000e+00  2.19887e-05
0018  1.35375e+18  9.30662e+01  1.65049e+05  5.18774e-18  0.00000e+00  0.00000e+00  2.14273e-05
0019  1.37115e+18  9.54225e+01  1.66944e+05  4.83931e-18  0.00000e+00  0.00000e+00  2.08872e-05
0020  1.38854e+18  9.72511e+01  1.67935e+05 -1.24229e-16  0.00000e+00  0.00000e+00  2.03672e-05
0021  1.40593e+18  9.92444e+01  1.69442e+05  4.70280e-18  0.00000e+00  0.00000e+00  1.98665e-05
0022  1.42332e+18  1.01533e+02  1.71461e+05  4.90272e-18  0.00000e+00  0.00000e+00  1.93839e-05
0023  1.44071e+18  1.03280e+02  1.72598e+05  3.75625e-18  0.00000e+00  0.00000e+00  1.89187e-05
0024  1.45811e+18  1.05071e+02  1.74010e+05  4.06359e-18  0.00000e+00  0.00000e+00  1.84701e-05
0025  1.47550e+18  1.06882e+02  1.75484e+05  3.99746e-18  0.00000e+00  0.00000e+00  1.80373e-05
0026  1.49289e+18  1.08611e+02  1.76937e+05  3.84522e-18  0.00000e+00  0.00000e+00  1.76194e-05
0027  1.51028e+18  1.10256e+02  1.78364e+05  3.63637e-18  0.00000e+00  0.00000e+00  1.72160e-05
0028  1.52767e+18  1.11519e+02  1.79490e+05  3.11834e-18  0.00000e+00  0.00000e+00  1.68262e-05
0029  1.54507e+18  1.12308e+02  1.80197e+05  6.03812e-18  0.00000e+00  0.00000e+00  1.64495e-05
0030  1.56246e+18  3.21065e+02  5.43563e+05  5.82936e-16  0.00000e+00  0.00000e+00  1.60854e-05
0031  1.57985e+18  6.72523e+02  9.23324e+05  2.31904e-16  0.00000e+00  0.00000e+00  1.57331e-05
0032  1.59724e+18  8.85347e+02  1.17758e+06  1.54091e-16  0.00000e+00  0.00000e+00  1.53924e-05
0033  1.61463e+18  1.04300e+03  1.35391e+06  1.30473e-16  0.00000e+00  0.00000e+00  1.50626e-05
0034  1.63203e+18  1.18069e+03  1.49864e+06  1.18508e-16  0.00000e+00  0.00000e+00  1.47432e-05
0035  1.64942e+18  1.30970e+03  1.62589e+06  1.08876e-16  0.00000e+00  0.00000e+00  1.44340e-05
0036  1.66681e+18  1.43337e+03  1.74127e+06  1.00628e-16  0.00000e+00  0.00000e+00  1.41343e-05
0037  1.68420e+18  1.55264e+03  1.84626e+06  9.27331e-17  0.00000e+00  0.00000e+00  1.38439e-05
0038  1.70160e+18  1.66724e+03  1.94183e+06  8.52115e-17  0.00000e+00  0.00000e+00  1.35623e-05
0039  1.71899e+18  1.77667e+03  2.02834e+06  7.81108e-17  0.00000e+00  0.00000e+00  1.32893e-05
0040  1.73638e+18  1.88131e+03  2.10734e+06  7.22349e-17  0.00000e+00  0.00000e+00  1.30244e-05
0041  1.75377e+18  1.98226e+03  2.17968e+06  6.71147e-17  0.00000e+00  0.00000e+00  1.27674e-05
0042  1.77116e+18  2.07968e+03  2.24580e+06  6.22959e-17  0.00000e+00  0.00000e+00  1.25178e-05
0043  1.78856e+18  2.17334e+03  2.30619e+06  5.78444e-17  0.00000e+00  0.00000e+00  1.22756e-05
0044  1.80595e+18  2.26352e+03  2.36165e+06  5.39566e-17  0.00000e+00  0.00000e+00  1.20403e-05
0045  1.82334e+18  2.35060e+03  2.41247e+06  5.03563e-17  0.00000e+00  0.00000e+00  1.18117e-05
0046  1.84073e+18  2.43452e+03  2.45918e+06  4.70385e-17  0.00000e+00  0.00000e+00  1.15895e-05
0047  1.85813e+18  2.51529e+03  2.50220e+06  4.39895e-17  0.00000e+00  0.00000e+00  1.13736e-05
0050  1.87552e+18  2.59290e+03  2.54194e+06  4.12176e-17  0.00000e+00  0.00000e+00  1.11636e-05
0051  1.89291e+18  2.66761e+03  2.57880e+06  3.87938e-17  0.00000e+00  0.00000e+00  1.09594e-05
0052  1.91030e+18  2.74015e+03  2.61306e+06  3.66890e-17  0.00000e+00  0.00000e+00  1.07608e-05
0053  1.92769e+18  2.81107e+03  2.64464e+06  3.47086e-17  0.00000e+00  0.00000e+00  1.05675e-05
0054  1.94509e+18  2.88027e+03  2.67382e+06  3.28495e-17  0.00000e+00  0.00000e+00  1.03793e-05
0055  1.96248e+18  2.94776e+03  2.70075e+06  3.11065e-17  0.00000e+00  0.00000e+00  1.01962e-05
0056  1.97987e+18  3.01354e+03  2.72561e+06  2.94738e-17  0.00000e+00  0.00000e+00  1.00178e-05
0057  1.99726e+18  3.07757e+03  2.74859e+06  2.79455e-17  0.00000e+00  0.00000e+00  9.84411e-06
0058  2.01466e+18  3.13975e+03  2.76986e+06  2.65158e-17  0.00000e+00  0.00000e+00  9.67488e-06
0059  2.03205e+18  3.20011e+03  2.78969e+06  2.52230e-17  0.00000e+00  0.00000e+00  9.50998e-06
0060  2.04944e+18  3.25921e+03  2.80790e+06  2.40085e-17  0.00000e+00  0.00000e+00  9.34925e-06
0061  2.06683e+18  3.31707e+03  2.82462e+06  2.28644e-17  0.00000e+00  0.00000e+00  9.19257e-06
0062  2.08423e+18  3.37370e+03  2.83994e+06  2.17866e-17  0.00000e+00  0.00000e+00  9.03979e-06
0063  2.10162e+18  3.42915e+03  2.85394e+06  2.07710e-17  0.00000e+00  0.00000e+00  8.89079e-06
0064  2.11901e+18  3.48344e+03  2.86670e+06  1.98138e-17  0.00000e+00  0.00000e+00  8.74544e-06
0065  2.13640e+18  3.53659e+03  2.87830e+06  1.89112e-17  0.00000e+00  0.00000e+00  8.60363e-06
0066  2.15379e+18  3.58863e+03  2.88881e+06  1.80598e-17  0.00000e+00  0.00000e+00  8.46523e-06
0067  2.17119e+18  3.63961e+03  2.89830e+06  1.72563e-17  0.00000e+00  0.00000e+00  8.33016e-06
0068  2.18858e+18  3.68955e+03  2.90681e+06  1.64977e-17  0.00000e+00  0.00000e+00  8.19828e-06
0069  2.20597e+18  3.73847e+03  2.91444e+06  1.57809e-17  0.00000e+00  0.00000e+00  8.06952e-06
0070  2.22336e+18  3.78663e+03  2.92098e+06  1.50779e-17  0.00000e+00  0.00000e+00  7.94377e-06
0071  2.24076e+18  3.83328e+03  2.92714e+06  1.44937e-17  0.00000e+00  0.00000e+00  7.82093e-06
0072  2.25815e+18  3.87867e+03  2.93290e+06  1.39367e-17  0.00000e+00  0.00000e+00  7.70092e-06
0073  2.27554e+18  3.92291e+03  2.93823e+06  1.34056e-17  0.00000e+00  0.00000e+00  7.58365e-06
0074  2.29293e+18  3.96611e+03  2.94312e+06  1.28990e-17  0.00000e+00  0.00000e+00  7.46904e-06
0075  2.31033e+18  4.00837e+03  2.94756e+06  1.24157e-17  0.00000e+00  0.00000e+00  7.35701e-06
0076  2.32772e+18  4.04977e+03  2.95153e+06  1.19544e-17  0.00000e+00  0.00000e+00  7.24748e-06
0077  2.34511e+18  4.09037e+03  2.95505e+06  1.15140e-17  0.00000e+00  0.00000e+00  7.14038e-06
0078  2.36250e+18  4.13022e+03  2.95811e+06  1.10933e-17  0.00000e+00  0.00000e+00  7.03563e-06
0079  2.37989e+18  4.16935e+03  2.96071e+06  1.06914e-17  0.00000e+00  0.00000e+00  6.93317e-06
0080  2.39729e+18  4.20778e+03  2.96287e+06  1.03074e-17  0.00000e+00  0.00000e+00  6.83294e-06
0081  2.41468e+18  4.24555e+03  2.96461e+06  9.94036e-18  0.00000e+00  0.00000e+00  6.73486e-06
0082  2.43207e+18  4.28268e+03  2.96594e+06  9.58936e-18  0.00000e+00  0.00000e+00  6.63888e-06
0083  2.44946e+18  4.31920e+03  2.96688e+06  9.25361e-18  0.00000e+00  0.00000e+00  6.54493e-06
0084  2.46686e+18  4.35512e+03  2.96744e+06  8.93236e-18  0.00000e+00  0.00000e+00  6.45297e-06
0085  2.48425e+18  4.39046e+03  2.96765e+06  8.62488e-18  0.00000e+00  0.00000e+00  6.36293e-06
0086  2.50164e+18  4.42524e+03  2.96751e+06  8.33047e-18  0.00000e+00  0.00000e+00  6.27476e-06
0087  2.51903e+18  4.45948e+03  2.96704e+06  8.04851e-18  0.00000e+00  0.00000e+00  6.18842e-06
0088  2.53643e+18  4.49319e+03  2.96625e+06  7.77837e-18  0.00000e+00  0.00000e+00  6.10384e-06
0089  2.55382e+18  4.52638e+03  2.96517e+06  7.51947e-18  0.00000e+00  0.00000e+00  6.02098e-06
0090  2.57121e+18  4.55906e+03  2.96380e+06  7.27225e-18  0.00000e+00  0.00000e+00  5.93980e-06
0091  2.58860e+18  4.59123e+03  2.96219e+06  7.03913e-18  0.00000e+00  0.00000e+00  5.86026e-06
0092  2.60600e+18  4.62289e+03  2.96036e+06  6.81523e-18  0.00000e+00  0.00000e+00  5.78229e-06
0093  2.62339e+18  4.65406e+03  2.95830e+06  6.60011e-18  0.00000e+00  0.00000e+00  5.70588e-06
0094  2.64078e+18  4.68475e+03  2.95605e+06  6.39338e-18  0.00000e+00  0.00000e+00  5.63097e-06
0095  2.65817e+18  4.71497e+03  2.95359e+06  6.19465e-18  0.00000e+00  0.00000e+00  5.55752e-06
0096  2.67557e+18  4.74475e+03  2.95094e+06  6.00357e-18  0.00000e+00  0.00000e+00  5.48550e-06
0097  2.69296e+18  4.77409e+03  2.94811e+06  5.81978e-18  0.00000e+00  0.00000e+00  5.41488e-06
0098  2.71035e+18  4.80301e+03  2.94510e+06  5.64296e-18  0.00000e+00  0.00000e+00  5.34560e-06
0099  2.72774e+18  4.83151e+03  2.94192e+06  5.47280e-18  0.00000e+00  0.00000e+00  5.27765e-06
0100  2.74513e+18  4.85961e+03  2.93858e+06  5.30900e-18  0.00000e+00  0.00000e+00  5.21099e-06
0101  2.76253e+18  4.88732e+03  2.93509e+06  5.15128e-18  0.00000e+00  0.00000e+00  5.14558e-06
0102  2.77992e+18  4.91464e+03  2.93145e+06  4.99938e-18  0.00000e+00  0.00000e+00  5.08140e-06
0103  2.79731e+18  4.94159e+03  2.92766e+06  4.85305e-18  0.00000e+00  0.00000e+00  5.01841e-06
0104  2.81470e+18  4.96818e+03  2.92374e+06  4.71203e-18  0.00000e+00  0.00000e+00  4.95658e-06
0105  2.83210e+18  4.99440e+03  2.91969e+06  4.57611e-18  0.00000e+00  0.00000e+00  4.89589e-06
0106  2.84949e+18  5.02028e+03  2.91552e+06  4.44506e-18  0.00000e+00  0.00000e+00  4.83630e-06
0107  2.86688e+18  5.04582e+03  2.91123e+06  4.31869e-18  0.00000e+00  0.00000e+00  4.77780e-06
0108  2.88427e+18  5.07102e+03  2.90682e+06  4.19678e-18  0.00000e+00  0.00000e+00  4.72035e-06
0109  2.90167e+18  5.09589e+03  2.90231e+06  4.07916e-18  0.00000e+00  0.00000e+00  4.66394e-06
0110  2.91906e+18  5.12045e+03  2.89770e+06  3.96564e-18  0.00000e+00  0.00000e+00  4.60853e-06
0111  2.93645e+18  5.14469e+03  2.89300e+06  3.85606e-18  0.00000e+00  0.00000e+00  4.55409e-06
0112  2.95384e+18  5.16862e+03  2.88820e+06  3.75025e-18  0.00000e+00  0.00000e+00  4.50062e-06
0113  2.97124e+18  5.19225e+03  2.88332e+06  3.64806e-18  0.00000e+00  0.00000e+00  4.44809e-06
0114  2.98863e+18  5.21559e+03  2.87835e+06  3.54934e-18  0.00000e+00  0.00000e+00  4.39647e-06
0115  3.00602e+18  5.23863e+03  2.87330e+06  3.45395e-18  0.00000e+00  0.00000e+00  4.34574e-06
0116  3.02341e+18  5.26140e+03  2.86818e+06  3.36176e-18  0.00000e+00  0.00000e+00  4.29588e-06
0117  3.04081e+18  5.28388e+03  2.86299e+06  3.27264e-18  0.00000e+00  0.00000e+00  4.24688e-06
0118  3.05820e+18  5.30610e+03  2.85773e+06  3.18646e-18  0.00000e+00  0.00000e+00  4.19872e-06
0119  3.07559e+18  5.32804e+03  2.85241e+06  3.10312e-18  0.00000e+00  0.00000e+00  4.15136e-06
0120  3.09298e+18  5.34973e+03  2.84703e+06  3.02250e-18  0.00000e+00  0.00000e+00  4.10481e-06
0121  3.11037e+18  5.37116e+03  2.84159e+06  2.94449e-18  0.00000e+00  0.00000e+00  4.05903e-06
0122  3.12777e+18  5.39234e+03  2.83610e+06  2.86900e-18  0.00000e+00  0.00000e+00  4.01401e-06
0123  3.14516e+18  5.41326e+03  2.83056e+06  2.79592e-18  0.00000e+00  0.00000e+00  3.96974e-06
0124  3.16255e+18  5.43395e+03  2.82497e+06  2.72517e-18  0.00000e+00  0.00000e+00  3.92620e-06
0125  3.17994e+18  5.45440e+03  2.81933e+06  2.65665e-18  0.00000e+00  0.00000e+00  3.88337e-06
0126  3.19734e+18  5.47461e+03  2.81366e+06  2.59029e-18  0.00000e+00  0.00000e+00  3.84123e-06
0127  3.21473e+18  5.49461e+03  2.80792e+06  2.52373e-18  0.00000e+00  0.00000e+00  3.79978e-06
0128  3.23212e+18  5.51437e+03  2.80216e+06  2.46411e-18  0.00000e+00  0.00000e+00  3.75900e-06
0129  3.24951e+18  5.53389e+03  2.79639e+06  2.40623e-18  0.00000e+00  0.00000e+00  3.71887e-06
0130  3.26691e+18  5.55319e+03  2.79061e+06  2.35002e-18  0.00000e+00  0.00000e+00  3.67938e-06
0131  3.28430e+18  5.57226e+03  2.78482e+06  2.29543e-18  0.00000e+00  0.00000e+00  3.64051e-06
0132  3.30169e+18  5.59110e+03  2.77903e+06  2.24241e-18  0.00000e+00  0.00000e+00  3.60226e-06
0133  3.31908e+18  5.60973e+03  2.77323e+06  2.19089e-18  0.00000e+00  0.00000e+00  3.56460e-06
0134  3.33648e+18  5.62815e+03  2.76743e+06  2.14084e-18  0.00000e+00  0.00000e+00  3.52754e-06
0135  3.35387e+18  5.64636e+03  2.76162e+06  2.09220e-18  0.00000e+00  0.00000e+00  3.49104e-06
0136  3.37126e+18  5.66437e+03  2.75581e+06  2.04492e-18  0.00000e+00  0.00000e+00  3.45512e-06
0137  3.38865e+18  5.68217e+03  2.74999e+06  1.99897e-18  0.00000e+00  0.00000e+00  3.41974e-06
0138  3.40605e+18  5.69978e+03  2.74417e+06  1.95429e-18  0.00000e+00  0.00000e+00  3.38491e-06
0139  3.42344e+18  5.71720e+03  2.73834e+06  1.91084e-18  0.00000e+00  0.00000e+00  3.35060e-06
0140  3.44083e+18  5.73443e+03  2.73252e+06  1.86859e-18  0.00000e+00  0.00000e+00  3.31681e-06
0141  3.45822e+18  5.75148e+03  2.72669e+06  1.82750e-18  0.00000e+00  0.00000e+00  3.28353e-06
0142  3.47562e+18  5.76834e+03  2.72086e+06  1.78752e-18  0.00000e+00  0.00000e+00  3.25075e-06
0143  3.49301e+18  5.78503e+03  2.71503e+06  1.74863e-18  0.00000e+00  0.00000e+00  3.21846e-06
0144  3.51040e+18  5.80154e+03  2.70920e+06  1.71078e-18  0.00000e+00  0.00000e+00  3.18665e-06
0145  3.52779e+18  5.81788e+03  2.70338e+06  1.67395e-18  0.00000e+00  0.00000e+00  3.15531e-06
0146  3.54519e+18  5.83405e+03  2.69755e+06  1.63810e-18  0.00000e+00  0.00000e+00  3.12442e-06
0147  3.56258e+18  5.85006e+03  2.69173e+06  1.60320e-18  0.00000e+00  0.00000e+00  3.09399e-06
0148  3.57997e+18  5.86590e+03  2.68590e+06  1.56923e-18  0.00000e+00  0.00000e+00  3.06400e-06
0149  3.59736e+18  5.88159e+03  2.68008e+06  1.53614e-18  0.00000e+00  0.00000e+00  3.03444e-06
0150  3.61476e+18  5.89711e+03  2.67427e+06  1.50392e-18  0.00000e+00  0.00000e+00  3.00531e-06
0151  3.63215e+18  5.91249e+03  2.66846e+06  1.47254e-18  0.00000e+00  0.00000e+00  2.97660e-06
0152  3.64954e+18  5.92771e+03  2.66265e+06  1.44197e-18  0.00000e+00  0.00000e+00  2.94830e-06
0153  3.66693e+18  5.94278e+03  2.65685e+06  1.41219e-18  0.00000e+00  0.00000e+00  2.92040e-06
0154  3.68432e+18  5.95771e+03  2.65105e+06  1.38317e-18  0.00000e+00  0.00000e+00  2.89289e-06
0155  3.70172e+18  5.97250e+03  2.64526e+06  1.35489e-18  0.00000e+00  0.00000e+00  2.86577e-06
0156  3.71911e+18  5.98714e+03  2.63947e+06  1.32733e-18  0.00000e+00  0.00000e+00  2.83903e-06
0157  3.73650e+18  6.00164e+03  2.63370e+06  1.30047e-18  0.00000e+00  0.00000e+00  2.81266e-06
0158  3.75389e+18  6.01601e+03  2.62792e+06  1.27428e-18  0.00000e+00  0.00000e+00  2.78666e-06
0159  3.77129e+18  6.03024e+03  2.62216e+06  1.24874e-18  0.00000e+00  0.00000e+00  2.76101e-06
0160  3.78868e+18  6.04434e+03  2.61641e+06  1.22384e-18  0.00000e+00  0.00000e+00  2.73572e-06
0161  3.80607e+18  6.05831e+03  2.61066e+06  1.19956e-18  0.00000e+00  0.00000e+00  2.71078e-06
0162  3.82346e+18  6.07215e+03  2.60492e+06  1.17587e-18  0.00000e+00  0.00000e+00  2.68617e-06
0163  3.84086e+18  6.08586e+03  2.59919e+06  1.15277e-18  0.00000e+00  0.00000e+00  2.66190e-06
0164  3.85825e+18  6.09945e+03  2.59347e+06  1.13023e-18  0.00000e+00  0.00000e+00  2.63795e-06
0165  3.87564e+18  6.11292e+03  2.58776e+06  1.10823e-18  0.00000e+00  0.00000e+00  2.61433e-06
0166  3.89303e+18  6.12626e+03  2.58206e+06  1.08677e-18  0.00000e+00  0.00000e+00  2.59102e-06
0167  3.91043e+18  6.13949e+03  2.57637e+06  1.06583e-18  0.00000e+00  0.00000e+00  2.56803e-06
0168  3.92782e+18  6.15260e+03  2.57069e+06  1.04539e-18  0.00000e+00  0.00000e+00  2.54533e-06
0169  3.94521e+18  6.16559e+03  2.56502e+06  1.02543e-18  0.00000e+00  0.00000e+00  2.52294e-06
0170  3.96260e+18  6.17847e+03  2.55936e+06  1.00595e-18  0.00000e+00  0.00000e+00  2.50084e-06
0171  3.98000e+18  6.19123e+03  2.55372e+06  9.86928e-19  0.00000e+00  0.00000e+00  2.47903e-06
0172  3.99739e+18  6.20389e+03  2.54808e+06  9.68354e-19  0.00000e+00  0.00000e+00  2.45751e-06
0173  4.01478e+18  6.21643e+03  2.54246e+06  9.50215e-19  0.00000e+00  0.00000e+00  2.43626e-06
0174  4.03217e+18  6.22887e+03  2.53685e+06  9.31988e-19  0.00000e+00  0.00000e+00  2.41529e-06
0175  4.04957e+18  6.24121e+03  2.53124e+06  9.14667e-19  0.00000e+00  0.00000e+00  2.39459e-06
0176  4.06696e+18  6.25344e+03  2.52565e+06  8.97747e-19  0.00000e+00  0.00000e+00  2.37415e-06
0177  4.08435e+18  6.26557e+03  2.52007e+06  8.81215e-19  0.00000e+00  0.00000e+00  2.35397e-06
0178  4.10174e+18  6.27760e+03  2.51450e+06  8.65062e-19  0.00000e+00  0.00000e+00  2.33405e-06
0179  4.11914e+18  6.28952e+03  2.50895e+06  8.49278e-19  0.00000e+00  0.00000e+00  2.31438e-06
0180  4.13653e+18  6.30135e+03  2.50341e+06  8.33851e-19  0.00000e+00  0.00000e+00  2.29496e-06
0181  4.15392e+18  6.31308e+03  2.49788e+06  8.18773e-19  0.00000e+00  0.00000e+00  2.27578e-06
0182  4.17131e+18  6.32472e+03  2.49237e+06  8.04034e-19  0.00000e+00  0.00000e+00  2.25685e-06
0183  4.18871e+18  6.33626e+03  2.48687e+06  7.89625e-19  0.00000e+00  0.00000e+00  2.23814e-06
0184  4.20610e+18  6.34771e+03  2.48139e+06  7.75538e-19  0.00000e+00  0.00000e+00  2.21967e-06
0185  4.22349e+18  6.35906e+03  2.47592e+06  7.61763e-19  0.00000e+00  0.00000e+00  2.20143e-06
0186  4.24088e+18  6.37033e+03  2.47047e+06  7.48292e-19  0.00000e+00  0.00000e+00  2.18341e-06
0187  4.25828e+18  6.38150e+03  2.46503e+06  7.35118e-19  0.00000e+00  0.00000e+00  2.16561e-06
0188  4.27567e+18  6.39259e+03  2.45960e+06  7.22232e-19  0.00000e+00  0.00000e+00  2.14803e-06
0189  4.29306e+18  6.40359e+03  2.45419e+06  7.09627e-19  0.00000e+00  0.00000e+00  2.13066e-06
0190  4.31045e+18  6.41450e+03  2.44880e+06  6.97296e-19  0.00000e+00  0.00000e+00  2.11350e-06
0191  4.32785e+18  6.42533e+03  2.44342e+06  6.85232e-19  0.00000e+00  0.00000e+00  2.09654e-06
0192  4.34524e+18  6.43608e+03  2.43806e+06  6.73427e-19  0.00000e+00  0.00000e+00  2.07979e-06
0193  4.36263e+18  6.44674e+03  2.43271e+06  6.61875e-19  0.00000e+00  0.00000e+00  2.06324e-06
0194  4.38002e+18  6.45732e+03  2.42737e+06  6.50570e-19  0.00000e+00  0.00000e+00  2.04689e-06
0195  4.39742e+18  6.46782e+03  2.42206e+06  6.39506e-19  0.00000e+00  0.00000e+00  2.03073e-06
0196  4.41481e+18  6.47824e+03  2.41676e+06  6.28675e-19  0.00000e+00  0.00000e+00  2.01476e-06
0197  4.43220e+18  6.48859e+03  2.41147e+06  6.18073e-19  0.00000e+00  0.00000e+00  1.99898e-06
0198  4.44959e+18  6.49885e+03  2.40621e+06  6.07693e-19  0.00000e+00  0.00000e+00  1.98339e-06
0199  4.46699e+18  6.50904e+03  2.40095e+06  5.97531e-19  0.00000e+00  0.00000e+00  1.96797e-06
0200  4.48438e+18  6.51915e+03  2.39572e+06  5.87579e-19  0.00000e+00  0.00000e+00  1.95273e-06
0201  4.50177e+18  6.52919e+03  2.39050e+06  5.77835e-19  0.00000e+00  0.00000e+00  1.93768e-06
0202  4.51916e+18  6.53915e+03  2.38530e+06  5.68291e-19  0.00000e+00  0.00000e+00  1.92279e-06
0203  4.53655e+18  6.54904e+03  2.38011e+06  5.58943e-19  0.00000e+00  0.00000e+00  1.90807e-06
0204  4.55395e+18  6.55886e+03  2.37494e+06  5.49787e-19  0.00000e+00  0.00000e+00  1.89353e-06
0205  4.57134e+18  6.56861e+03  2.36979e+06  5.40818e-19  0.00000e+00  0.00000e+00  1.87915e-06
0206  4.58873e+18  6.57829e+03  2.36465e+06  5.32031e-19  0.00000e+00  0.00000e+00  1.86493e-06
0207  4.60612e+18  6.58790e+03  2.35953e+06  5.23421e-19  0.00000e+00  0.00000e+00  1.85087e-06
0208  4.62352e+18  6.59744e+03  2.35443e+06  5.15017e-19  0.00000e+00  0.00000e+00  1.83697e-06
0209  4.64091e+18  6.60692e+03  2.34934e+06  5.06819e-19  0.00000e+00  0.00000e+00  1.82323e-06
0210  4.65830e+18  6.61632e+03  2.34427e+06  4.98783e-19  0.00000e+00  0.00000e+00  1.80964e-06
0211  4.67569e+18  6.62566e+03  2.33922e+06  4.90905e-19  0.00000e+00  0.00000e+00  1.79620e-06
0212  4.69309e+18  6.63493e+03  2.33419e+06  4.83182e-19  0.00000e+00  0.00000e+00  1.78291e-06
0213  4.71048e+18  6.64414e+03  2.32918e+06  4.75610e-19  0.00000e+00  0.00000e+00  1.76977e-06
0214  4.72787e+18  6.65329e+03  2.32419e+06  4.68186e-19  0.00000e+00  0.00000e+00  1.75678e-06
0215  4.74526e+18  6.66237e+03  2.31921e+06  4.60906e-19  0.00000e+00  0.00000e+00  1.74392e-06
0216  4.76266e+18  6.67139e+03  2.31425e+06  4.53766e-19  0.00000e+00  0.00000e+00  1.73121e-06
0217  4.78005e+18  6.68035e+03  2.30931e+06  4.46764e-19  0.00000e+00  0.00000e+00  1.71863e-06
0218  4.79744e+18  6.68924e+03  2.30439e+06  4.39897e-19  0.00000e+00  0.00000e+00  1.70619e-06
0219  4.81483e+18  6.69808e+03  2.29948e+06  4.33160e-19  0.00000e+00  0.00000e+00  1.69389e-06
0220  4.83223e+18  6.70686e+03  2.29459e+06  4.26552e-19  0.00000e+00  0.00000e+00  1.68172e-06
0221  4.84962e+18  6.71557e+03  2.28972e+06  4.20070e-19  0.00000e+00  0.00000e+00  1.66968e-06
0222  4.86701e+18  6.72423e+03  2.28487e+06  4.13709e-19  0.00000e+00  0.00000e+00  1.65776e-06
0223  4.88440e+18  6.73284e+03  2.28004e+06  4.07469e-19  0.00000e+00  0.00000e+00  1.64598e-06
0224  4.90180e+18  6.74138e+03  2.27522e+06  4.01345e-19  0.00000e+00  0.00000e+00  1.63432e-06
0225  4.91919e+18  6.74987e+03  2.27042e+06  3.95336e-19  0.00000e+00  0.00000e+00  1.62278e-06
0226  4.93658e+18  6.75831e+03  2.26564e+06  3.89439e-19  0.00000e+00  0.00000e+00  1.61137e-06
0227  4.95397e+18  6.76669e+03  2.26088e+06  3.83652e-19  0.00000e+00  0.00000e+00  1.60007e-06
0228  4.97137e+18  6.77501e+03  2.25613e+06  3.77971e-19  0.00000e+00  0.00000e+00  1.58890e-06
0229  4.98876e+18  6.78328e+03  2.25140e+06  3.72395e-19  0.00000e+00  0.00000e+00  1.57784e-06
0230  5.00615e+18  6.79151e+03  2.24669e+06  3.66921e-19  0.00000e+00  0.00000e+00  1.56689e-06
0231  5.02354e+18  6.79967e+03  2.24199e+06  3.61547e-19  0.00000e+00  0.00000e+00  1.55606e-06
0232  5.04094e+18  6.80779e+03  2.23731e+06  3.56271e-19  0.00000e+00  0.00000e+00  1.54534e-06
0233  5.05833e+18  6.81586e+03  2.23265e+06  3.51091e-19  0.00000e+00  0.00000e+00  1.53474e-06
0234  5.07572e+18  6.82387e+03  2.22801e+06  3.46005e-19  0.00000e+00  0.00000e+00  1.52424e-06
0235  5.09311e+18  6.83183e+03  2.22338e+06  3.41010e-19  0.00000e+00  0.00000e+00  1.51384e-06
0236  5.11051e+18  6.83975e+03  2.21877e+06  3.36105e-19  0.00000e+00  0.00000e+00  1.50356e-06
0237  5.12790e+18  6.84761e+03  2.21418e+06  3.31288e-19  0.00000e+00  0.00000e+00  1.49337e-06
0238  5.14529e+18  6.85543e+03  2.20960e+06  3.26556e-19  0.00000e+00  0.00000e+00  1.48330e-06
0239  5.16268e+18  6.86319e+03  2.20504e+06  3.21909e-19  0.00000e+00  0.00000e+00  1.47332e-06
0240  5.18008e+18  6.87091e+03  2.20050e+06  3.17344e-19  0.00000e+00  0.00000e+00  1.46344e-06
0241  5.19747e+18  6.87858e+03  2.19598e+06  3.12860e-19  0.00000e+00  0.00000e+00  1.45366e-06
0242  5.21486e+18  6.88620e+03  2.19147e+06  3.08454e-19  0.00000e+00  0.00000e+00  1.44398e-06
0243  5.23225e+18  6.89378e+03  2.18698e+06  3.04126e-19  0.00000e+00  0.00000e+00  1.43440e-06
0244  5.24965e+18  6.90131e+03  2.18250e+06  2.99873e-19  0.00000e+00  0.00000e+00  1.42491e-06
0245  5.26704e+18  6.90879e+03  2.17804e+06  2.95695e-19  0.00000e+00  0.00000e+00  1.41552e-06
0246  5.28443e+18  6.91623e+03  2.17360e+06  2.91589e-19  0.00000e+00  0.00000e+00  1.40621e-06
0247  5.30182e+18  6.92363e+03  2.16918e+06  2.87553e-19  0.00000e+00  0.00000e+00  1.39700e-06
0248  5.31922e+18  6.93098e+03  2.16477e+06  2.83588e-19  0.00000e+00  0.00000e+00  1.38788e-06
0249  5.33661e+18  6.93828e+03  2.16037e+06  2.79689e-19  0.00000e+00  0.00000e+00  1.37885e-06
0250  5.35400e+18  6.94555e+03  2.15600e+06  2.75857e-19  0.00000e+00  0.00000e+00  1.36991e-06
0251  5.37139e+18  6.95277e+03  2.15163e+06  2.72090e-19  0.00000e+00  0.00000e+00  1.36105e-06
0252  5.38879e+18  6.95995e+03  2.14729e+06  2.68387e-19  0.00000e+00  0.00000e+00  1.35228e-06
0253  5.40618e+18  6.96709e+03  2.14296e+06  2.64746e-19  0.00000e+00  0.00000e+00  1.34359e-06
0254  5.42357e+18  6.97419e+03  2.13865e+06  2.61167e-19  0.00000e+00  0.00000e+00  1.33499e-06
0255  5.44096e+18  6.98124e+03  2.13435e+06  2.57649e-19  0.00000e+00  0.00000e+00  1.32647e-06
0256  5.45836e+18  6.98826e+03  2.13007e+06  2.54189e-19  0.00000e+00  0.00000e+00  1.31803e-06
0257  5.47575e+18  6.99523e+03  2.12580e+06  2.50787e-19  0.00000e+00  0.00000e+00  1.30967e-06
0258  5.49314e+18  7.00217e+03  2.12155e+06  2.47442e-19  0.00000e+00  0.00000e+00  1.30139e-06
0259  5.51053e+18  7.00907e+03  2.11732e+06  2.44152e-19  0.00000e+00  0.00000e+00  1.29318e-06
0260  5.52793e+18  7.01592e+03  2.11310e+06  2.40917e-19  0.00000e+00  0.00000e+00  1.28506e-06
0261  5.54532e+18  7.02274e+03  2.10890e+06  2.37735e-19  0.00000e+00  0.00000e+00  1.27701e-06
0262  5.56271e+18  7.02952e+03  2.10471e+06  2.34606e-19  0.00000e+00  0.00000e+00  1.26904e-06
0263  5.58010e+18  7.03627e+03  2.10054e+06  2.31528e-19  0.00000e+00  0.00000e+00  1.26114e-06
0264  5.59750e+18  7.04297e+03  2.09638e+06  2.28500e-19  0.00000e+00  0.00000e+00  1.25331e-06
0265  5.61489e+18  7.04964e+03  2.09224e+06  2.25521e-19  0.00000e+00  0.00000e+00  1.24556e-06
0266  5.63228e+18  7.05628e+03  2.08811e+06  2.22590e-19  0.00000e+00  0.00000e+00  1.23788e-06
0267  5.64967e+18  7.06288e+03  2.08400e+06  2.19707e-19  0.00000e+00  0.00000e+00  1.23027e-06
0268  5.66707e+18  7.06944e+03  2.07990e+06  2.16871e-19  0.00000e+00  0.00000e+00  1.22273e-06
0269  5.68446e+18  7.07597e+03  2.07582e+06  2.14080e-19  0.00000e+00  0.00000e+00  1.21526e-06
0270  5.70185e+18  7.08246e+03  2.07176e+06  2.11333e-19  0.00000e+00  0.00000e+00  1.20786e-06
0271  5.71924e+18  7.08892e+03  2.06771e+06  2.08631e-19  0.00000e+00  0.00000e+00  1.20052e-06
0272  5.73664e+18  7.09535e+03  2.06367e+06  2.05971e-19  0.00000e+00  0.00000e+00  1.19325e-06
0273  5.75403e+18  7.10174e+03  2.05965e+06  2.03354e-19  0.00000e+00  0.00000e+00  1.18605e-06
0274  5.77142e+18  7.10810e+03  2.05564e+06  2.00778e-19  0.00000e+00  0.00000e+00  1.17891e-06
0275  5.78881e+18  7.11442e+03  2.05165e+06  1.98243e-19  0.00000e+00  0.00000e+00  1.17184e-06
0276  5.80620e+18  7.12072e+03  2.04768e+06  1.95747e-19  0.00000e+00  0.00000e+00  1.16483e-06
0277  5.82360e+18  7.12698e+03  2.04371e+06  1.93291e-19  0.00000e+00  0.00000e+00  1.15788e-06
0278  5.84099e+18  7.13320e+03  2.03977e+06  1.90873e-19  0.00000e+00  0.00000e+00  1.15100e-06
0279  5.85838e+18  7.13940e+03  2.03584e+06  1.88492e-19  0.00000e+00  0.00000e+00  1.14417e-06
0280  5.87577e+18  7.14556e+03  2.03192e+06  1.86149e-19  0.00000e+00  0.00000e+00  1.13741e-06
0281  5.89317e+18  7.15170e+03  2.02802e+06  1.83842e-19  0.00000e+00  0.00000e+00  1.13071e-06
0282  5.91056e+18  7.15780e+03  2.02413e+06  1.81570e-19  0.00000e+00  0.00000e+00  1.12406e-06
0283  5.92795e+18  7.16387e+03  2.02025e+06  1.79333e-19  0.00000e+00  0.00000e+00  1.11748e-06
0284  5.94534e+18  7.16990e+03  2.01640e+06  1.77131e-19  0.00000e+00  0.00000e+00  1.11095e-06
0285  5.96274e+18  7.17591e+03  2.01255e+06  1.74962e-19  0.00000e+00  0.00000e+00  1.10448e-06
0286  5.98013e+18  7.18189e+03  2.00872e+06  1.72827e-19  0.00000e+00  0.00000e+00  1.09806e-06
0287  5.99752e+18  7.18784e+03  2.00491e+06  1.70723e-19  0.00000e+00  0.00000e+00  1.09170e-06
0288  6.01491e+18  7.19376e+03  2.00110e+06  1.68652e-19  0.00000e+00  0.00000e+00  1.08540e-06
0289  6.03231e+18  7.19966e+03  1.99732e+06  1.66612e-19  0.00000e+00  0.00000e+00  1.07915e-06
0290  6.04970e+18  7.20552e+03  1.99354e+06  1.64602e-19  0.00000e+00  0.00000e+00  1.07295e-06
0291  6.06709e+18  7.21136e+03  1.98978e+06  1.62623e-19  0.00000e+00  0.00000e+00  1.06681e-06
0292  6.08448e+18  7.21716e+03  1.98604e+06  1.60673e-19  0.00000e+00  0.00000e+00  1.06072e-06
0293  6.10188e+18  7.22294e+03  1.98231e+06  1.58752e-19  0.00000e+00  0.00000e+00  1.05468e-06
0294  6.11927e+18  7.22870e+03  1.97859e+06  1.56860e-19  0.00000e+00  0.00000e+00  1.04869e-06
0295  6.13666e+18  7.23442e+03  1.97488e+06  1.54996e-19  0.00000e+00  0.00000e+00  1.04276e-06
0296  6.15405e+18  7.24012e+03  1.97119e+06  1.53160e-19  0.00000e+00  0.00000e+00  1.03687e-06
0297  6.17145e+18  7.24579e+03  1.96752e+06  1.51350e-19  0.00000e+00  0.00000e+00  1.03104e-06
0298  6.18884e+18  7.25144e+03  1.96385e+06  1.49568e-19  0.00000e+00  0.00000e+00  1.02525e-06
0299  6.20623e+18  7.25706e+03  1.96020e+06  1.47811e-19  0.00000e+00  0.00000e+00  1.01951e-06
0300  6.22362e+18  7.26265e+03  1.95657e+06  1.46080e-19  0.00000e+00  0.00000e+00  1.01382e-06
0301  6.24102e+18  7.26822e+03  1.95294e+06  1.44374e-19  0.00000e+00  0.00000e+00  1.00818e-06
0302  6.25841e+18  7.27376e+03  1.94934e+06  1.42693e-19  0.00000e+00  0.00000e+00  1.00258e-06
0303  6.27580e+18  7.27928e+03  1.94574e+06  1.41036e-19  0.00000e+00  0.00000e+00  9.97032e-07
0304  6.29319e+18  7.28477e+03  1.94216e+06  1.39404e-19  0.00000e+00  0.00000e+00  9.91529e-07
0305  6.31059e+18  7.29023e+03  1.93858e+06  1.37794e-19  0.00000e+00  0.00000e+00  9.86071e-07
0306  6.32798e+18  7.29567e+03  1.93503e+06  1.36208e-19  0.00000e+00  0.00000e+00  9.80658e-07
0307  6.34537e+18  7.30109e+03  1.93148e+06  1.34645e-19  0.00000e+00  0.00000e+00  9.75289e-07
0308  6.36276e+18  7.30648e+03  1.92795e+06  1.33104e-19  0.00000e+00  0.00000e+00  9.69965e-07
0309  6.38016e+18  7.31184e+03  1.92443e+06  1.31585e-19  0.00000e+00  0.00000e+00  9.64684e-07
0310  6.39755e+18  7.31719e+03  1.92093e+06  1.30087e-19  0.00000e+00  0.00000e+00  9.59445e-07
0311  6.41494e+18  7.32250e+03  1.91743e+06  1.28611e-19  0.00000e+00  0.00000e+00  9.54250e-07
0312  6.43233e+18  7.32779e+03  1.91395e+06  1.27155e-19  0.00000e+00  0.00000e+00  9.49097e-07
0313  6.44973e+18  7.33306e+03  1.91048e+06  1.25721e-19  0.00000e+00  0.00000e+00  9.43985e-07
0314  6.46712e+18  7.33830e+03  1.90703e+06  1.24306e-19  0.00000e+00  0.00000e+00  9.38914e-07
0315  6.48451e+18  7.34352e+03  1.90359e+06  1.22911e-19  0.00000e+00  0.00000e+00  9.33884e-07
0316  6.50190e+18  7.34871e+03  1.90015e+06  1.21535e-19  0.00000e+00  0.00000e+00  9.28895e-07
0317  6.51930e+18  7.35388e+03  1.89674e+06  1.20179e-19  0.00000e+00  0.00000e+00  9.23945e-07
0318  6.53669e+18  7.35903e+03  1.89333e+06  1.18842e-19  0.00000e+00  0.00000e+00  9.19035e-07
0319  6.55408e+18  7.36415e+03  1.88994e+06  1.17523e-19  0.00000e+00  0.00000e+00  9.14164e-07
0320  6.57147e+18  7.36925e+03  1.88655e+06  1.16222e-19  0.00000e+00  0.00000e+00  9.09331e-07
0321  6.58887e+18  7.37432e+03  1.88318e+06  1.14940e-19  0.00000e+00  0.00000e+00  9.04537e-07
0322  6.60626e+18  7.37938e+03  1.87982e+06  1.13675e-19  0.00000e+00  0.00000e+00  8.99780e-07
0323  6.62365e+18  7.38440e+03  1.87648e+06  1.12427e-19  0.00000e+00  0.00000e+00  8.95061e-07
0324  6.64104e+18  7.38941e+03  1.87314e+06  1.11196e-19  0.00000e+00  0.00000e+00  8.90379e-07
0325  6.65844e+18  7.39439e+03  1.86982e+06  1.09982e-19  0.00000e+00  0.00000e+00  8.85733e-07
0326  6.67583e+18  7.39936e+03  1.86651e+06  1.08785e-19  0.00000e+00  0.00000e+00  8.81124e-07
0327  6.69322e+18  7.40429e+03  1.86321e+06  1.07604e-19  0.00000e+00  0.00000e+00  8.76551e-07
0328  6.71061e+18  7.40921e+03  1.85992e+06  1.06439e-19  0.00000e+00  0.00000e+00  8.72013e-07
0329  6.72801e+18  7.41411e+03  1.85664e+06  1.05289e-19  0.00000e+00  0.00000e+00  8.67511e-07
0330  6.74540e+18  7.41898e+03  1.85338e+06  1.04155e-19  0.00000e+00  0.00000e+00  8.63043e-07
0331  6.76279e+18  7.42383e+03  1.85012e+06  1.03037e-19  0.00000e+00  0.00000e+00  8.58609e-07
0332  6.78018e+18  7.42866e+03  1.84688e+06  1.01933e-19  0.00000e+00  0.00000e+00  8.54210e-07
0333  6.79758e+18  7.43347e+03  1.84364e+06  1.00837e-19  0.00000e+00  0.00000e+00  8.49844e-07
0334  6.81497e+18  7.43826e+03  1.84042e+06  9.97616e-20  0.00000e+00  0.00000e+00  8.45512e-07
0335  6.83236e+18  7.44302e+03  1.83721e+06  9.87002e-20  0.00000e+00  0.00000e+00  8.41213e-07
0336  6.84975e+18  7.44777e+03  1.83401e+06  9.76528e-20  0.00000e+00  0.00000e+00  8.36946e-07
0337  6.86715e+18  7.45249e+03  1.83082e+06  9.66193e-20  0.00000e+00  0.00000e+00  8.32712e-07
0338  6.88454e+18  7.45720e+03  1.82765e+06  9.55995e-20  0.00000e+00  0.00000e+00  8.28510e-07
0339  6.90193e+18  7.46188e+03  1.82448e+06  9.45930e-20  0.00000e+00  0.00000e+00  8.24340e-07
0340  6.91932e+18  7.46654e+03  1.82132e+06  9.35998e-20  0.00000e+00  0.00000e+00  8.20201e-07
0341  6.93672e+18  7.47119e+03  1.81818e+06  9.26195e-20  0.00000e+00  0.00000e+00  8.16093e-07
0342  6.95411e+18  7.47581e+03  1.81504e+06  9.16521e-20  0.00000e+00  0.00000e+00  8.12016e-07
0343  6.97150e+18  7.48041e+03  1.81192e+06  9.06972e-20  0.00000e+00  0.00000e+00  8.07970e-07
0344  6.98889e+18  7.48500e+03  1.80880e+06  8.97547e-20  0.00000e+00  0.00000e+00  8.03953e-07
0345  7.00629e+18  7.48956e+03  1.80570e+06  8.88245e-20  0.00000e+00  0.00000e+00  7.99967e-07
0346  7.02368e+18  7.49410e+03  1.80261e+06  8.79062e-20  0.00000e+00  0.00000e+00  7.96010e-07
0347  7.04107e+18  7.49863e+03  1.79952e+06  8.69998e-20  0.00000e+00  0.00000e+00  7.92082e-07
0348  7.05846e+18  7.50313e+03  1.79645e+06  8.61050e-20  0.00000e+00  0.00000e+00  7.88183e-07
0349  7.07586e+18  7.50762e+03  1.79339e+06  8.52217e-20  0.00000e+00  0.00000e+00  7.84313e-07
0350  7.09325e+18  7.51208e+03  1.79034e+06  8.43497e-20  0.00000e+00  0.00000e+00  7.80472e-07
0351  7.11064e+18  7.51653e+03  1.78730e+06  8.34888e-20  0.00000e+00  0.00000e+00  7.76658e-07
0352  7.12803e+18  7.52096e+03  1.78427e+06  8.26388e-20  0.00000e+00  0.00000e+00  7.72873e-07
0353  7.14543e+18  7.52537e+03  1.78125e+06  8.17996e-20  0.00000e+00  0.00000e+00  7.69115e-07
0354  7.16282e+18  7.52976e+03  1.77824e+06  8.09711e-20  0.00000e+00  0.00000e+00  7.65385e-07
0355  7.18021e+18  7.53414e+03  1.77524e+06  8.01530e-20  0.00000e+00  0.00000e+00  7.61681e-07
0356  7.19760e+18  7.53849e+03  1.77225e+06  7.93452e-20  0.00000e+00  0.00000e+00  7.58004e-07
0357  7.21500e+18  7.54283e+03  1.76927e+06  7.85476e-20  0.00000e+00  0.00000e+00  7.54354e-07
0358  7.23239e+18  7.54715e+03  1.76630e+06  7.77599e-20  0.00000e+00  0.00000e+00  7.50731e-07
0359  7.24978e+18  7.55145e+03  1.76334e+06  7.69821e-20  0.00000e+00  0.00000e+00  7.47133e-07
0360  7.26717e+18  7.55574e+03  1.76039e+06  7.62139e-20  0.00000e+00  0.00000e+00  7.43561e-07
0361  7.28457e+18  7.56000e+03  1.75745e+06  7.54553e-20  0.00000e+00  0.00000e+00  7.40015e-07
0362  7.30196e+18  7.56426e+03  1.75452e+06  7.47062e-20  0.00000e+00  0.00000e+00  7.36493e-07
0363  7.31935e+18  7.56849e+03  1.75160e+06  7.39663e-20  0.00000e+00  0.00000e+00  7.32997e-07
0364  7.33674e+18  7.57271e+03  1.74869e+06  7.32355e-20  0.00000e+00  0.00000e+00  7.29526e-07
0365  7.35414e+18  7.57691e+03  1.74579e+06  7.25137e-20  0.00000e+00  0.00000e+00  7.26080e-07
0366  7.37153e+18  7.58109e+03  1.74289e+06  7.18007e-20  0.00000e+00  0.00000e+00  7.22658e-07
0367  7.38892e+18  7.58526e+03  1.74001e+06  7.10965e-20  0.00000e+00  0.00000e+00  7.19259e-07
0368  7.40631e+18  7.58941e+03  1.73714e+06  7.04009e-20  0.00000e+00  0.00000e+00  7.15885e-07
0369  7.42371e+18  7.59355e+03  1.73428e+06  6.97138e-20  0.00000e+00  0.00000e+00  7.12535e-07
0370  7.44110e+18  7.59767e+03  1.73142e+06  6.90350e-20  0.00000e+00  0.00000e+00  7.09208e-07
0371  7.45849e+18  7.60177e+03  1.72858e+06  6.83645e-20  0.00000e+00  0.00000e+00  7.05904e-07
0372  7.47588e+18  7.60586e+03  1.72575e+06  6.77020e-20  0.00000e+00  0.00000e+00  7.02623e-07
0373  7.49328e+18  7.60994e+03  1.72292e+06  6.70476e-20  0.00000e+00  0.00000e+00  6.99365e-07
0374  7.51067e+18  7.61400e+03  1.72011e+06  6.64010e-20  0.00000e+00  0.00000e+00  6.96130e-07
0375  7.52806e+18  7.61804e+03  1.71730e+06  6.57621e-20  0.00000e+00  0.00000e+00  6.92917e-07
0376  7.54545e+18  7.62207e+03  1.71451e+06  6.51309e-20  0.00000e+00  0.00000e+00  6.89727e-07
0377  7.56285e+18  7.62609e+03  1.71172e+06  6.45073e-20  0.00000e+00  0.00000e+00  6.86558e-07
0378  7.58024e+18  7.63009e+03  1.70894e+06  6.38910e-20  0.00000e+00  0.00000e+00  6.83411e-07
0379  7.59763e+18  7.63408e+03  1.70617e+06  6.32821e-20  0.00000e+00  0.00000e+00  6.80286e-07
0380  7.61502e+18  7.63806e+03  1.70342e+06  6.26804e-20  0.00000e+00  0.00000e+00  6.77182e-07
0381  7.63242e+18  7.64202e+03  1.70067e+06  6.20859e-20  0.00000e+00  0.00000e+00  6.74099e-07
0382  7.64981e+18  7.64597e+03  1.69793e+06  6.14983e-20  0.00000e+00  0.00000e+00  6.71037e-07
0383  7.66720e+18  7.64990e+03  1.69519e+06  6.09177e-20  0.00000e+00  0.00000e+00  6.67996e-07
0384  7.68459e+18  7.65382e+03  1.69247e+06  6.03439e-20  0.00000e+00  0.00000e+00  6.64976e-07
0385  7.70199e+18  7.65772e+03  1.68976e+06  5.97768e-20  0.00000e+00  0.00000e+00  6.61976e-07
0386  7.71938e+18  7.66161e+03  1.68705e+06  5.92163e-20  0.00000e+00  0.00000e+00  6.58996e-07
0387  7.73677e+18  7.66549e+03  1.68436e+06  5.86624e-20  0.00000e+00  0.00000e+00  6.56037e-07
0388  7.75416e+18  7.66935e+03  1.68167e+06  5.81150e-20  0.00000e+00  0.00000e+00  6.53097e-07
0389  7.77156e+18  7.67319e+03  1.67899e+06  5.75739e-20  0.00000e+00  0.00000e+00  6.50177e-07
0390  7.78895e+18  7.67703e+03  1.67633e+06  5.70391e-20  0.00000e+00  0.00000e+00  6.47277e-07
0391  7.80634e+18  7.68085e+03  1.67367e+06  5.65105e-20  0.00000e+00  0.00000e+00  6.44396e-07
0392  7.82373e+18  7.68465e+03  1.67101e+06  5.59880e-20  0.00000e+00  0.00000e+00  6.41534e-07
0393  7.84113e+18  7.68844e+03  1.66837e+06  5.54714e-20  0.00000e+00  0.00000e+00  6.38691e-07
0394  7.85852e+18  7.69222e+03  1.66574e+06  5.49609e-20  0.00000e+00  0.00000e+00  6.35867e-07
0395  7.87591e+18  7.69599e+03  1.66311e+06  5.44561e-20  0.00000e+00  0.00000e+00  6.33062e-07
0396  7.89330e+18  7.69974e+03  1.66050e+06  5.39572e-20  0.00000e+00  0.00000e+00  6.30275e-07
0397  7.91070e+18  7.70348e+03  1.65789e+06  5.34639e-20  0.00000e+00  0.00000e+00  6.27507e-07
0398  7.92809e+18  7.70720e+03  1.65529e+06  5.29763e-20  0.00000e+00  0.00000e+00  6.24756e-07
0399  7.94548e+18  7.71091e+03  1.65270e+06  5.24942e-20  0.00000e+00  0.00000e+00  6.22024e-07
0400  7.96287e+18  7.71461e+03  1.65011e+06  5.20175e-20  0.00000e+00  0.00000e+00  6.19310e-07
0401  7.98027e+18  7.71830e+03  1.64754e+06  5.15462e-20  0.00000e+00  0.00000e+00  6.16613e-07
0402  7.99766e+18  7.72198e+03  1.64497e+06  5.10803e-20  0.00000e+00  0.00000e+00  6.13934e-07
0403  8.01505e+18  7.72564e+03  1.64242e+06  5.06196e-20  0.00000e+00  0.00000e+00  6.11273e-07
0404  8.03244e+18  7.72929e+03  1.63987e+06  5.01640e-20  0.00000e+00  0.00000e+00  6.08629e-07
0405  8.04984e+18  7.73293e+03  1.63732e+06  4.97136e-20  0.00000e+00  0.00000e+00  6.06001e-07
0406  8.06723e+18  7.73655e+03  1.63479e+06  4.92682e-20  0.00000e+00  0.00000e+00  6.03391e-07
0407  8.08462e+18  7.74017e+03  1.63227e+06  4.88278e-20  0.00000e+00  0.00000e+00  6.00798e-07
0408  8.10201e+18  7.74377e+03  1.62975e+06  4.83922e-20  0.00000e+00  0.00000e+00  5.98221e-07
0409  8.11940e+18  7.74736e+03  1.62724e+06  4.79615e-20  0.00000e+00  0.00000e+00  5.95661e-07
0410  8.13680e+18  7.75093e+03  1.62474e+06  4.75356e-20  0.00000e+00  0.00000e+00  5.93117e-07
0411  8.15419e+18  7.75450e+03  1.62225e+06  4.71144e-20  0.00000e+00  0.00000e+00  5.90590e-07
0412  8.17158e+18  7.75805e+03  1.61976e+06  4.66978e-20  0.00000e+00  0.00000e+00  5.88078e-07
0413  8.18897e+18  7.76160e+03  1.61728e+06  4.62858e-20  0.00000e+00  0.00000e+00  5.85583e-07
0414  8.20637e+18  7.76512e+03  1.61482e+06  4.58784e-20  0.00000e+00  0.00000e+00  5.83104e-07
0415  8.22376e+18  7.76864e+03  1.61235e+06  4.54754e-20  0.00000e+00  0.00000e+00  5.80640e-07
0416  8.24115e+18  7.77215e+03  1.60990e+06  4.50768e-20  0.00000e+00  0.00000e+00  5.78191e-07
0417  8.25854e+18  7.77564e+03  1.60745e+06  4.46825e-20  0.00000e+00  0.00000e+00  5.75759e-07
0418  8.27594e+18  7.77913e+03  1.60502e+06  4.42926e-20  0.00000e+00  0.00000e+00  5.73341e-07
0419  8.29333e+18  7.78260e+03  1.60259e+06  4.39069e-20  0.00000e+00  0.00000e+00  5.70939e-07
0420  8.31072e+18  7.78606e+03  1.60016e+06  4.35254e-20  0.00000e+00  0.00000e+00  5.68552e-07
0421  8.32811e+18  7.78951e+03  1.59775e+06  4.31480e-20  0.00000e+00  0.00000e+00  5.66180e-07
0422  8.34551e+18  7.79295e+03  1.59534e+06  4.27746e-20  0.00000e+00  0.00000e+00  5.63822e-07
0423  8.36290e+18  7.79637e+03  1.59294e+06  4.24053e-20  0.00000e+00  0.00000e+00  5.61479e-07
0424  8.38029e+18  7.79979e+03  1.59055e+06  4.20400e-20  0.00000e+00  0.00000e+00  5.59151e-07
0425  8.39768e+18  7.80319e+03  1.58816e+06  4.16786e-20  0.00000e+00  0.00000e+00  5.56837e-07
0426  8.41508e+18  7.80658e+03  1.58578e+06  4.13210e-20  0.00000e+00  0.00000e+00  5.54538e-07
0427  8.43247e+18  7.80997e+03  1.58341e+06  4.09673e-20  0.00000e+00  0.00000e+00  5.52253e-07
0428  8.44986e+18  7.81334e+03  1.58105e+06  4.06173e-20  0.00000e+00  0.00000e+00  5.49982e-07
0429  8.46725e+18  7.81670e+03  1.57870e+06  4.02711e-20  0.00000e+00  0.00000e+00  5.47725e-07
0430  8.48465e+18  7.82005e+03  1.57635e+06  3.99286e-20  0.00000e+00  0.00000e+00  5.45481e-07
0431  8.50204e+18  7.82338e+03  1.57401e+06  3.95896e-20  0.00000e+00  0.00000e+00  5.43252e-07
0432  8.51943e+18  7.82671e+03  1.57167e+06  3.92543e-20  0.00000e+00  0.00000e+00  5.41036e-07
0433  8.53682e+18  7.83002e+03  1.56935e+06  3.89230e-20  0.00000e+00  0.00000e+00  5.38834e-07
0434  8.55422e+18  7.83333e+03  1.56703e+06  3.85952e-20  0.00000e+00  0.00000e+00  5.36645e-07
0435  8.57161e+18  7.83662e+03  1.56471e+06  3.82708e-20  0.00000e+00  0.00000e+00  5.34469e-07
0436  8.58900e+18  7.83990e+03  1.56241e+06  3.79498e-20  0.00000e+00  0.00000e+00  5.32307e-07
0437  8.60639e+18  7.84318e+03  1.56011e+06  3.76322e-20  0.00000e+00  0.00000e+00  5.30158e-07
0438  8.62379e+18  7.84644e+03  1.55782e+06  3.73179e-20  0.00000e+00  0.00000e+00  5.28021e-07
0439  8.64118e+18  7.84968e+03  1.55554e+06  3.70069e-20  0.00000e+00  0.00000e+00  5.25898e-07
0440  8.65857e+18  7.85292e+03  1.55326e+06  3.66991e-20  0.00000e+00  0.00000e+00  5.23787e-07
0441  8.67596e+18  7.85615e+03  1.55099e+06  3.63945e-20  0.00000e+00  0.00000e+00  5.21689e-07
0442  8.69336e+18  7.85936e+03  1.54873e+06  3.60931e-20  0.00000e+00  0.00000e+00  5.19604e-07
0443  8.71075e+18  7.86257e+03  1.54647e+06  3.57947e-20  0.00000e+00  0.00000e+00  5.17531e-07
0444  8.72814e+18  7.86576e+03  1.54422e+06  3.54995e-20  0.00000e+00  0.00000e+00  5.15471e-07
0445  8.74553e+18  7.86894e+03  1.54198e+06  3.52073e-20  0.00000e+00  0.00000e+00  5.13422e-07
0446  8.76293e+18  7.87212e+03  1.53974e+06  3.49181e-20  0.00000e+00  0.00000e+00  5.11386e-07
0447  8.78032e+18  7.87528e+03  1.53751e+06  3.46318e-20  0.00000e+00  0.00000e+00  5.09362e-07
0448  8.79771e+18  7.87843e+03  1.53529e+06  3.43485e-20  0.00000e+00  0.00000e+00  5.07350e-07
0449  8.81510e+18  7.88156e+03  1.53307e+06  3.40681e-20  0.00000e+00  0.00000e+00  5.05350e-07
0450  8.83250e+18  7.88469e+03  1.53086e+06  3.37905e-20  0.00000e+00  0.00000e+00  5.03362e-07
0451  8.84989e+18  7.88781e+03  1.52866e+06  3.35157e-20  0.00000e+00  0.00000e+00  5.01386e-07
0452  8.86728e+18  7.89092e+03  1.52646e+06  3.32438e-20  0.00000e+00  0.00000e+00  4.99421e-07
0453  8.88467e+18  7.89402e+03  1.52427e+06  3.29746e-20  0.00000e+00  0.00000e+00  4.97467e-07
0454  8.90207e+18  7.89711e+03  1.52209e+06  3.27081e-20  0.00000e+00  0.00000e+00  4.95525e-07
0455  8.91946e+18  7.90019e+03  1.51991e+06  3.24442e-20  0.00000e+00  0.00000e+00  4.93595e-07
0456  8.93685e+18  7.90326e+03  1.51774e+06  3.21831e-20  0.00000e+00  0.00000e+00  4.91675e-07
0457  8.95424e+18  7.90633e+03  1.51558e+06  3.19245e-20  0.00000e+00  0.00000e+00  4.89767e-07
0458  8.97164e+18  7.90938e+03  1.51343e+06  3.16685e-20  0.00000e+00  0.00000e+00  4.87870e-07
0459  8.98903e+18  7.91243e+03  1.51128e+06  3.14151e-20  0.00000e+00  0.00000e+00  4.85984e-07
0460  9.00642e+18  7.91547e+03  1.50913e+06  3.11642e-20  0.00000e+00  0.00000e+00  4.84109e-07
0461  9.02381e+18  7.91850e+03  1.50700e+06  3.09158e-20  0.00000e+00  0.00000e+00  4.82244e-07
0462  9.04121e+18  7.92152e+03  1.50487e+06  3.06698e-20  0.00000e+00  0.00000e+00  4.80391e-07
0463  9.05860e+18  7.92453e+03  1.50274e+06  3.04263e-20  0.00000e+00  0.00000e+00  4.78548e-07
0464  9.07599e+18  7.92753e+03  1.50063e+06  3.01852e-20  0.00000e+00  0.00000e+00  4.76716e-07
0465  9.09338e+18  7.93052e+03  1.49852e+06  2.99465e-20  0.00000e+00  0.00000e+00  4.74894e-07
0466  9.11078e+18  7.93350e+03  1.49641e+06  2.97102e-20  0.00000e+00  0.00000e+00  4.73082e-07
0467  9.12817e+18  7.93648e+03  1.49431e+06  2.94314e-20  0.00000e+00  0.00000e+00  4.71281e-07
0468  9.14556e+18  7.93944e+03  1.49221e+06  2.92031e-20  0.00000e+00  0.00000e+00  4.69490e-07
0469  9.16295e+18  7.94239e+03  1.49012e+06  2.89769e-20  0.00000e+00  0.00000e+00  4.67710e-07
0470  9.18035e+18  7.94534e+03  1.48804e+06  2.87530e-20  0.00000e+00  0.00000e+00  4.65939e-07
0471  9.19774e+18  7.94827e+03  1.48596e+06  2.85312e-20  0.00000e+00  0.00000e+00  4.64179e-07
0472  9.21513e+18  7.95120e+03  1.48389e+06  2.83116e-20  0.00000e+00  0.00000e+00  4.62428e-07
0473  9.23252e+18  7.95411e+03  1.48183e+06  2.80941e-20  0.00000e+00  0.00000e+00  4.60688e-07
0474  9.24992e+18  7.95702e+03  1.47977e+06  2.78786e-20  0.00000e+00  0.00000e+00  4.58957e-07
0475  9.26731e+18  7.95992e+03  1.47772e+06  2.76652e-20  0.00000e+00  0.00000e+00  4.57236e-07
0476  9.28470e+18  7.96280e+03  1.47567e+06  2.74539e-20  0.00000e+00  0.00000e+00  4.55524e-07
0477  9.30209e+18  7.96568e+03  1.47363e+06  2.72445e-20  0.00000e+00  0.00000e+00  4.53823e-07
0478  9.31949e+18  7.96856e+03  1.47160e+06  2.70372e-20  0.00000e+00  0.00000e+00  4.52130e-07
0479  9.33688e+18  7.97142e+03  1.46957e+06  2.68318e-20  0.00000e+00  0.00000e+00  4.50447e-07
0480  9.35427e+18  7.97428e+03  1.46755e+06  2.66283e-20  0.00000e+00  0.00000e+00  4.48774e-07
0481  9.37166e+18  7.97713e+03  1.46553e+06  2.64268e-20  0.00000e+00  0.00000e+00  4.47110e-07
0482  9.38906e+18  7.97997e+03  1.46353e+06  2.62271e-20  0.00000e+00  0.00000e+00  4.45455e-07
0483  9.40645e+18  7.98280e+03  1.46152e+06  2.60294e-20  0.00000e+00  0.00000e+00  4.43809e-07
0484  9.42384e+18  7.98562e+03  1.45953e+06  2.58335e-20  0.00000e+00  0.00000e+00  4.42172e-07
0485  9.44123e+18  7.98843e+03  1.45754e+06  2.56394e-20  0.00000e+00  0.00000e+00  4.40545e-07
0486  9.45863e+18  7.99124e+03  1.45555e+06  2.54472e-20  0.00000e+00  0.00000e+00  4.38926e-07
0487  9.47602e+18  7.99404e+03  1.45357e+06  2.52567e-20  0.00000e+00  0.00000e+00  4.37316e-07
0488  9.49341e+18  7.99683e+03  1.45160e+06  2.50680e-20  0.00000e+00  0.00000e+00  4.35715e-07
0489  9.51080e+18  7.99961e+03  1.44964e+06  2.48811e-20  0.00000e+00  0.00000e+00  4.34123e-07
0490  9.52820e+18  8.00238e+03  1.44767e+06  2.46959e-20  0.00000e+00  0.00000e+00  4.32540e-07
0491  9.54559e+18  8.00514e+03  1.44572e+06  2.45125e-20  0.00000e+00  0.00000e+00  4.30965e-07
0492  9.56298e+18  8.00790e+03  1.44377e+06  2.43307e-20  0.00000e+00  0.00000e+00  4.29399e-07
0493  9.58037e+18  8.01064e+03  1.44183e+06  2.41506e-20  0.00000e+00  0.00000e+00  4.27841e-07
0494  9.59777e+18  8.01338e+03  1.43989e+06  2.39722e-20  0.00000e+00  0.00000e+00  4.26292e-07
0495  9.61516e+18  8.01611e+03  1.43796e+06  2.37954e-20  0.00000e+00  0.00000e+00  4.24751e-07
0496  9.63255e+18  8.01884e+03  1.43604e+06  2.36202e-20  0.00000e+00  0.00000e+00  4.23219e-07
0497  9.64994e+18  8.02155e+03  1.43412e+06  2.34467e-20  0.00000e+00  0.00000e+00  4.21695e-07
0498  9.66734e+18  8.02426e+03  1.43221e+06  2.32747e-20  0.00000e+00  0.00000e+00  4.20179e-07
0499  9.68473e+18  8.02696e+03  1.43030e+06  2.31043e-20  0.00000e+00  0.00000e+00  4.18671e-07
0500  9.70212e+18  8.02965e+03  1.42840e+06  2.29355e-20  0.00000e+00  0.00000e+00  4.17171e-07
0501  9.71951e+18  8.03234e+03  1.42651e+06  2.27682e-20  0.00000e+00  0.00000e+00  4.15679e-07
0502  9.73691e+18  8.03501e+03  1.42462e+06  2.26024e-20  0.00000e+00  0.00000e+00  4.14196e-07
0503  9.75430e+18  8.03769e+03  1.42273e+06  2.24381e-20  0.00000e+00  0.00000e+00  4.12720e-07
0504  9.77169e+18  8.04035e+03  1.42085e+06  2.22753e-20  0.00000e+00  0.00000e+00  4.11252e-07
0505  9.78908e+18  8.04301e+03  1.41898e+06  2.21140e-20  0.00000e+00  0.00000e+00  4.09792e-07
0506  9.80648e+18  8.04565e+03  1.41711e+06  2.19541e-20  0.00000e+00  0.00000e+00  4.08340e-07
0507  9.82387e+18  8.04830e+03  1.41525e+06  2.17956e-20  0.00000e+00  0.00000e+00  4.06895e-07
0508  9.84126e+18  8.05093e+03  1.41339e+06  2.16386e-20  0.00000e+00  0.00000e+00  4.05458e-07
0509  9.85865e+18  8.05356e+03  1.41154e+06  2.14830e-20  0.00000e+00  0.00000e+00  4.04029e-07
0510  9.87605e+18  8.05618e+03  1.40970e+06  2.13288e-20  0.00000e+00  0.00000e+00  4.02607e-07
0511  9.89344e+18  8.05879e+03  1.40786e+06  2.11760e-20  0.00000e+00  0.00000e+00  4.01193e-07
0512  9.91083e+18  8.06139e+03  1.40602e+06  2.10245e-20  0.00000e+00  0.00000e+00  3.99786e-07
0513  9.92822e+18  8.06399e+03  1.40419e+06  2.08744e-20  0.00000e+00  0.00000e+00  3.98386e-07
0514  9.94562e+18  8.06658e+03  1.40237e+06  2.07256e-20  0.00000e+00  0.00000e+00  3.96994e-07
0515  9.96301e+18  8.06917e+03  1.40055e+06  2.05782e-20  0.00000e+00  0.00000e+00  3.95609e-07
0516  9.98040e+18  8.07174e+03  1.39874e+06  2.04320e-20  0.00000e+00  0.00000e+00  3.94232e-07
0517  9.99779e+18  8.07431e+03  1.39693e+06  2.02871e-20  0.00000e+00  0.00000e+00  3.92861e-07
0518  1.00152e+19  8.07687e+03  1.39513e+06  2.01436e-20  0.00000e+00  0.00000e+00  3.91498e-07
0519  1.00326e+19  8.07943e+03  1.39333e+06  2.00012e-20  0.00000e+00  0.00000e+00  3.90142e-07
0520  1.00500e+19  8.08198e+03  1.39154e+06  1.98602e-20  0.00000e+00  0.00000e+00  3.88793e-07
0521  1.00674e+19  8.08452e+03  1.38975e+06  1.97204e-20  0.00000e+00  0.00000e+00  3.87450e-07
0522  1.00848e+19  8.08705e+03  1.38797e+06  1.95818e-20  0.00000e+00  0.00000e+00  3.86115e-07
0523  1.01021e+19  8.08958e+03  1.38619e+06  1.94444e-20  0.00000e+00  0.00000e+00  3.84787e-07
0524  1.01195e+19  8.09210e+03  1.38442e+06  1.93082e-20  0.00000e+00  0.00000e+00  3.83465e-07
0525  1.01369e+19  8.09461e+03  1.38265e+06  1.91732e-20  0.00000e+00  0.00000e+00  3.82150e-07
0526  1.01543e+19  8.09712e+03  1.38089e+06  1.90394e-20  0.00000e+00  0.00000e+00  3.80842e-07
0527  1.01717e+19  8.09962e+03  1.37913e+06  1.89067e-20  0.00000e+00  0.00000e+00  3.79541e-07
0528  1.01891e+19  8.10211e+03  1.37738e+06  1.87752e-20  0.00000e+00  0.00000e+00  3.78247e-07
0529  1.02065e+19  8.10459e+03  1.37563e+06  1.86449e-20  0.00000e+00  0.00000e+00  3.76959e-07
0530  1.02239e+19  8.10707e+03  1.37389e+06  1.85156e-20  0.00000e+00  0.00000e+00  3.75677e-07
0531  1.02413e+19  8.10954e+03  1.37215e+06  1.83875e-20  0.00000e+00  0.00000e+00  3.74402e-07
0532  1.02587e+19  8.11200e+03  1.37042e+06  1.82605e-20  0.00000e+00  0.00000e+00  3.73134e-07
0533  1.02761e+19  8.11445e+03  1.36869e+06  1.81346e-20  0.00000e+00  0.00000e+00  3.71872e-07
0534  1.02935e+19  8.11690e+03  1.36697e+06  1.80098e-20  0.00000e+00  0.00000e+00  3.70616e-07
0535  1.03109e+19  8.11934e+03  1.36525e+06  1.78860e-20  0.00000e+00  0.00000e+00  3.69367e-07
0536  1.03283e+19  8.12177e+03  1.36353e+06  1.77633e-20  0.00000e+00  0.00000e+00  3.68124e-07
0537  1.03456e+19  8.12419e+03  1.36183e+06  1.76417e-20  0.00000e+00  0.00000e+00  3.66887e-07
0538  1.03630e+19  8.12661e+03  1.36012e+06  1.75211e-20  0.00000e+00  0.00000e+00  3.65657e-07
0539  1.03804e+19  8.12902e+03  1.35842e+06  1.74015e-20  0.00000e+00  0.00000e+00  3.64432e-07
0540  1.03978e+19  8.13142e+03  1.35672e+06  1.72830e-20  0.00000e+00  0.00000e+00  3.63214e-07
0541  1.04152e+19  8.13381e+03  1.35503e+06  1.71654e-20  0.00000e+00  0.00000e+00  3.62002e-07
0542  1.04326e+19  8.13619e+03  1.35335e+06  1.70489e-20  0.00000e+00  0.00000e+00  3.60796e-07
0543  1.04500e+19  8.13857e+03  1.35166e+06  1.69333e-20  0.00000e+00  0.00000e+00  3.59596e-07
0544  1.04674e+19  8.14094e+03  1.34999e+06  1.68188e-20  0.00000e+00  0.00000e+00  3.58402e-07
0545  1.04848e+19  8.14330e+03  1.34831e+06  1.67052e-20  0.00000e+00  0.00000e+00  3.57214e-07
0546  1.05022e+19  8.14565e+03  1.34664e+06  1.65925e-20  0.00000e+00  0.00000e+00  3.56032e-07
0547  1.05196e+19  8.14800e+03  1.34498e+06  1.64808e-20  0.00000e+00  0.00000e+00  3.54856e-07
0548  1.05370e+19  8.15034e+03  1.34332e+06  1.63701e-20  0.00000e+00  0.00000e+00  3.53685e-07
0549  1.05544e+19  8.15268e+03  1.34166e+06  1.62602e-20  0.00000e+00  0.00000e+00  3.52520e-07
0550  1.05717e+19  8.15499e+03  1.34001e+06  1.61513e-20  0.00000e+00  0.00000e+00  3.51361e-07
0551  1.05891e+19  8.15735e+03  1.33837e+06  1.60419e-20  0.00000e+00  0.00000e+00  3.50208e-07
0552  1.06065e+19  8.15950e+03  1.33673e+06  1.59351e-20  0.00000e+00  0.00000e+00  3.49061e-07
0553  1.06239e+19  8.16249e+03  1.33505e+06  1.58278e-20  0.00000e+00  0.00000e+00  3.47919e-07
0554  1.06413e+19  8.16205e+03  1.33357e+06  1.57270e-20  0.00000e+00  0.00000e+00  3.46782e-07
0555  1.06587e+19  8.18099e+03  1.33101e+06  1.55956e-20  0.00000e+00  0.00000e+00  3.45651e-07
