# Athena++ data at time=8.840000e+12  cycle=664113561  variables=uov 
# i       x1v         user_out_var0          user_out_var1          user_out_var2          user_out_var3          user_out_var4          user_out_var5      
0002  1.07548e+18  4.91743e+00  3.03478e+04  7.00234e-16  0.00000e+00  0.00000e+00  3.39500e-05
0003  1.09287e+18  1.05736e+01  4.05231e+04  4.37424e-17  0.00000e+00  0.00000e+00  3.28781e-05
0004  1.11027e+18  1.62651e+01  5.06229e+04  2.32219e-17  0.00000e+00  0.00000e+00  3.18561e-05
0005  1.12766e+18  2.43467e+01  6.52203e+04  3.62825e-17  0.00000e+00  0.00000e+00  3.08811e-05
0006  1.14505e+18  3.72410e+01  9.07761e+04  5.47122e-17  0.00000e+00  0.00000e+00  2.99501e-05
0007  1.16244e+18  5.44232e+01  1.25291e+05  4.35110e-17  0.00000e+00  0.00000e+00  2.90606e-05
0008  1.17983e+18  6.11296e+01  1.34723e+05  1.12000e-17  0.00000e+00  0.00000e+00  2.82102e-05
0009  1.19723e+18  6.61657e+01  1.41342e+05  1.26008e-17  0.00000e+00  0.00000e+00  2.73965e-05
0010  1.21462e+18  7.09840e+01  1.47295e+05  1.10039e-17  0.00000e+00  0.00000e+00  2.66176e-05
0011  1.23201e+18  7.41557e+01  1.49849e+05  6.57465e-18  0.00000e+00  0.00000e+00  2.58714e-05
0012  1.24940e+18  7.71448e+01  1.52286e+05  7.05557e-18  0.00000e+00  0.00000e+00  2.51561e-05
0013  1.26679e+18  8.01576e+01  1.54774e+05  6.91711e-18  0.00000e+00  0.00000e+00  2.44701e-05
0014  1.28419e+18  8.31065e+01  1.57243e+05  6.51882e-18  0.00000e+00  0.00000e+00  2.38118e-05
0015  1.30158e+18  8.59088e+01  1.59529e+05  5.93834e-18  0.00000e+00  0.00000e+00  2.31797e-05
0016  1.31897e+18  8.84716e+01  1.61467e+05  5.34842e-18  0.00000e+00  0.00000e+00  2.25724e-05
0017  1.33636e+18  9.09626e+01  1.63391e+05  5.20706e-18  0.00000e+00  0.00000e+00  2.19887e-05
0018  1.35375e+18  9.34044e+01  1.65319e+05  5.00496e-18  0.00000e+00  0.00000e+00  2.14273e-05
0019  1.37115e+18  9.57678e+01  1.67225e+05  4.43056e-18  0.00000e+00  0.00000e+00  2.08872e-05
0020  1.38854e+18  9.74278e+01  1.67935e+05 -9.43701e-18  0.00000e+00  0.00000e+00  2.03672e-05
0021  1.40593e+18  9.95818e+01  1.69733e+05  4.64330e-18  0.00000e+00  0.00000e+00  1.98665e-05
0022  1.42332e+18  1.01902e+02  1.71799e+05  4.22781e-18  0.00000e+00  0.00000e+00  1.93839e-05
0023  1.44071e+18  1.03550e+02  1.72809e+05  3.09723e-18  0.00000e+00  0.00000e+00  1.89187e-05
0024  1.45811e+18  1.05305e+02  1.74199e+05  3.54814e-18  0.00000e+00  0.00000e+00  1.84701e-05
0025  1.47550e+18  1.07090e+02  1.75657e+05  3.41759e-18  0.00000e+00  0.00000e+00  1.80373e-05
0026  1.49289e+18  1.08783e+02  1.77086e+05  3.22026e-18  0.00000e+00  0.00000e+00  1.76194e-05
0027  1.51028e+18  1.10377e+02  1.78472e+05  3.01040e-18  0.00000e+00  0.00000e+00  1.72160e-05
0028  1.52767e+18  1.11723e+02  1.79676e+05  2.55950e-18  0.00000e+00  0.00000e+00  1.68262e-05
0029  1.54507e+18  1.12492e+02  1.80368e+05  5.35197e-18  0.00000e+00  0.00000e+00  1.64495e-05
0030  1.56246e+18  3.20275e+02  5.42428e+05  5.84109e-16  0.00000e+00  0.00000e+00  1.60854e-05
0031  1.57985e+18  6.71935e+02  9.21361e+05  2.33086e-16  0.00000e+00  0.00000e+00  1.57331e-05
0032  1.59724e+18  8.85758e+02  1.17571e+06  1.54631e-16  0.00000e+00  0.00000e+00  1.53924e-05
0033  1.61463e+18  1.04437e+03  1.35226e+06  1.30789e-16  0.00000e+00  0.00000e+00  1.50626e-05
0034  1.63203e+18  1.18297e+03  1.49711e+06  1.18683e-16  0.00000e+00  0.00000e+00  1.47432e-05
0035  1.64942e+18  1.31292e+03  1.62452e+06  1.09000e-16  0.00000e+00  0.00000e+00  1.44340e-05
0036  1.66681e+18  1.43751e+03  1.73998e+06  1.00651e-16  0.00000e+00  0.00000e+00  1.41343e-05
0037  1.68420e+18  1.55767e+03  1.84503e+06  9.27015e-17  0.00000e+00  0.00000e+00  1.38439e-05
0038  1.70160e+18  1.67317e+03  1.94062e+06  8.51207e-17  0.00000e+00  0.00000e+00  1.35623e-05
0039  1.71899e+18  1.78343e+03  2.02709e+06  7.79803e-17  0.00000e+00  0.00000e+00  1.32893e-05
0040  1.73638e+18  1.88895e+03  2.10613e+06  7.21490e-17  0.00000e+00  0.00000e+00  1.30244e-05
0041  1.75377e+18  1.99085e+03  2.17847e+06  6.69937e-17  0.00000e+00  0.00000e+00  1.27674e-05
0042  1.77116e+18  2.08921e+03  2.24461e+06  6.21489e-17  0.00000e+00  0.00000e+00  1.25178e-05
0043  1.78856e+18  2.18386e+03  2.30510e+06  5.77045e-17  0.00000e+00  0.00000e+00  1.22756e-05
0044  1.80595e+18  2.27508e+03  2.36067e+06  5.37967e-17  0.00000e+00  0.00000e+00  1.20403e-05
0045  1.82334e+18  2.36318e+03  2.41164e+06  5.01817e-17  0.00000e+00  0.00000e+00  1.18117e-05
0046  1.84073e+18  2.44805e+03  2.45848e+06  4.68541e-17  0.00000e+00  0.00000e+00  1.15895e-05
0047  1.85813e+18  2.52969e+03  2.50162e+06  4.37995e-17  0.00000e+00  0.00000e+00  1.13736e-05
0050  1.87552e+18  2.60807e+03  2.54140e+06  4.10259e-17  0.00000e+00  0.00000e+00  1.11636e-05
0051  1.89291e+18  2.68362e+03  2.57838e+06  3.86684e-17  0.00000e+00  0.00000e+00  1.09594e-05
0052  1.91030e+18  2.75723e+03  2.61261e+06  3.65544e-17  0.00000e+00  0.00000e+00  1.07608e-05
0053  1.92769e+18  2.82913e+03  2.64421e+06  3.45673e-17  0.00000e+00  0.00000e+00  1.05675e-05
0054  1.94509e+18  2.89930e+03  2.67341e+06  3.27032e-17  0.00000e+00  0.00000e+00  1.03793e-05
0055  1.96248e+18  2.96773e+03  2.70037e+06  3.09568e-17  0.00000e+00  0.00000e+00  1.01962e-05
0056  1.97987e+18  3.03440e+03  2.72527e+06  2.93221e-17  0.00000e+00  0.00000e+00  1.00178e-05
0057  1.99726e+18  3.09924e+03  2.74830e+06  2.77932e-17  0.00000e+00  0.00000e+00  9.84411e-06
0058  2.01466e+18  3.16222e+03  2.76966e+06  2.63792e-17  0.00000e+00  0.00000e+00  9.67488e-06
0059  2.03205e+18  3.22354e+03  2.78948e+06  2.50883e-17  0.00000e+00  0.00000e+00  9.50998e-06
0060  2.04944e+18  3.28362e+03  2.80766e+06  2.38726e-17  0.00000e+00  0.00000e+00  9.34925e-06
0061  2.06683e+18  3.34242e+03  2.82434e+06  2.27281e-17  0.00000e+00  0.00000e+00  9.19257e-06
0062  2.08423e+18  3.39999e+03  2.83962e+06  2.16504e-17  0.00000e+00  0.00000e+00  9.03979e-06
0063  2.10162e+18  3.45634e+03  2.85358e+06  2.06354e-17  0.00000e+00  0.00000e+00  8.89079e-06
0064  2.11901e+18  3.51153e+03  2.86629e+06  1.96791e-17  0.00000e+00  0.00000e+00  8.74544e-06
0065  2.13640e+18  3.56557e+03  2.87783e+06  1.87778e-17  0.00000e+00  0.00000e+00  8.60363e-06
0066  2.15379e+18  3.61849e+03  2.88827e+06  1.79279e-17  0.00000e+00  0.00000e+00  8.46523e-06
0067  2.17119e+18  3.67034e+03  2.89769e+06  1.71262e-17  0.00000e+00  0.00000e+00  8.33016e-06
0068  2.18858e+18  3.72113e+03  2.90613e+06  1.63694e-17  0.00000e+00  0.00000e+00  8.19828e-06
0069  2.20597e+18  3.77092e+03  2.91365e+06  1.56546e-17  0.00000e+00  0.00000e+00  8.06952e-06
0070  2.22336e+18  3.81963e+03  2.92036e+06  1.49949e-17  0.00000e+00  0.00000e+00  7.94377e-06
0071  2.24076e+18  3.86685e+03  2.92672e+06  1.44105e-17  0.00000e+00  0.00000e+00  7.82093e-06
0072  2.25815e+18  3.91273e+03  2.93270e+06  1.38538e-17  0.00000e+00  0.00000e+00  7.70092e-06
0073  2.27554e+18  3.95746e+03  2.93824e+06  1.33232e-17  0.00000e+00  0.00000e+00  7.58365e-06
0074  2.29293e+18  4.00117e+03  2.94332e+06  1.28173e-17  0.00000e+00  0.00000e+00  7.46904e-06
0075  2.31033e+18  4.04399e+03  2.94790e+06  1.23347e-17  0.00000e+00  0.00000e+00  7.35701e-06
0076  2.32772e+18  4.08598e+03  2.95199e+06  1.18741e-17  0.00000e+00  0.00000e+00  7.24748e-06
0077  2.34511e+18  4.12718e+03  2.95560e+06  1.14345e-17  0.00000e+00  0.00000e+00  7.14038e-06
0078  2.36250e+18  4.16766e+03  2.95872e+06  1.10148e-17  0.00000e+00  0.00000e+00  7.03563e-06
0079  2.37989e+18  4.20743e+03  2.96137e+06  1.06138e-17  0.00000e+00  0.00000e+00  6.93317e-06
0080  2.39729e+18  4.24652e+03  2.96358e+06  1.02308e-17  0.00000e+00  0.00000e+00  6.83294e-06
0081  2.41468e+18  4.28497e+03  2.96536e+06  9.86464e-18  0.00000e+00  0.00000e+00  6.73486e-06
0082  2.43207e+18  4.32279e+03  2.96672e+06  9.51461e-18  0.00000e+00  0.00000e+00  6.63888e-06
0083  2.44946e+18  4.36000e+03  2.96768e+06  9.17987e-18  0.00000e+00  0.00000e+00  6.54493e-06
0084  2.46686e+18  4.39662e+03  2.96826e+06  8.85964e-18  0.00000e+00  0.00000e+00  6.45297e-06
0085  2.48425e+18  4.43266e+03  2.96848e+06  8.55320e-18  0.00000e+00  0.00000e+00  6.36293e-06
0086  2.50164e+18  4.46814e+03  2.96835e+06  8.25986e-18  0.00000e+00  0.00000e+00  6.27476e-06
0087  2.51903e+18  4.50307e+03  2.96789e+06  7.97897e-18  0.00000e+00  0.00000e+00  6.18842e-06
0088  2.53643e+18  4.53747e+03  2.96711e+06  7.70990e-18  0.00000e+00  0.00000e+00  6.10384e-06
0089  2.55382e+18  4.57134e+03  2.96604e+06  7.45511e-18  0.00000e+00  0.00000e+00  6.02098e-06
0090  2.57121e+18  4.60467e+03  2.96473e+06  7.21311e-18  0.00000e+00  0.00000e+00  5.93980e-06
0091  2.58860e+18  4.63747e+03  2.96317e+06  6.98079e-18  0.00000e+00  0.00000e+00  5.86026e-06
0092  2.60600e+18  4.66977e+03  2.96139e+06  6.75769e-18  0.00000e+00  0.00000e+00  5.78229e-06
0093  2.62339e+18  4.70157e+03  2.95938e+06  6.54339e-18  0.00000e+00  0.00000e+00  5.70588e-06
0094  2.64078e+18  4.73289e+03  2.95717e+06  6.33748e-18  0.00000e+00  0.00000e+00  5.63097e-06
0095  2.65817e+18  4.76375e+03  2.95475e+06  6.13959e-18  0.00000e+00  0.00000e+00  5.55752e-06
0096  2.67557e+18  4.79416e+03  2.95214e+06  5.94934e-18  0.00000e+00  0.00000e+00  5.48550e-06
0097  2.69296e+18  4.82412e+03  2.94934e+06  5.76639e-18  0.00000e+00  0.00000e+00  5.41488e-06
0098  2.71035e+18  4.85366e+03  2.94635e+06  5.59041e-18  0.00000e+00  0.00000e+00  5.34560e-06
0099  2.72774e+18  4.88278e+03  2.94320e+06  5.42109e-18  0.00000e+00  0.00000e+00  5.27765e-06
0100  2.74513e+18  4.91149e+03  2.93988e+06  5.25813e-18  0.00000e+00  0.00000e+00  5.21099e-06
0101  2.76253e+18  4.93980e+03  2.93641e+06  5.10124e-18  0.00000e+00  0.00000e+00  5.14558e-06
0102  2.77992e+18  4.96772e+03  2.93278e+06  4.95018e-18  0.00000e+00  0.00000e+00  5.08140e-06
0103  2.79731e+18  4.99526e+03  2.92901e+06  4.80467e-18  0.00000e+00  0.00000e+00  5.01841e-06
0104  2.81470e+18  5.02243e+03  2.92510e+06  4.66448e-18  0.00000e+00  0.00000e+00  4.95658e-06
0105  2.83210e+18  5.04924e+03  2.92106e+06  4.52937e-18  0.00000e+00  0.00000e+00  4.89589e-06
0106  2.84949e+18  5.07569e+03  2.91690e+06  4.39914e-18  0.00000e+00  0.00000e+00  4.83630e-06
0107  2.86688e+18  5.10179e+03  2.91261e+06  4.27356e-18  0.00000e+00  0.00000e+00  4.77780e-06
0108  2.88427e+18  5.12756e+03  2.90822e+06  4.15245e-18  0.00000e+00  0.00000e+00  4.72035e-06
0109  2.90167e+18  5.15298e+03  2.90371e+06  4.03561e-18  0.00000e+00  0.00000e+00  4.66394e-06
0110  2.91906e+18  5.17808e+03  2.89910e+06  3.92287e-18  0.00000e+00  0.00000e+00  4.60853e-06
0111  2.93645e+18  5.20286e+03  2.89439e+06  3.81406e-18  0.00000e+00  0.00000e+00  4.55409e-06
0112  2.95384e+18  5.22733e+03  2.88959e+06  3.70900e-18  0.00000e+00  0.00000e+00  4.50062e-06
0113  2.97124e+18  5.25149e+03  2.88470e+06  3.60756e-18  0.00000e+00  0.00000e+00  4.44809e-06
0114  2.98863e+18  5.27534e+03  2.87973e+06  3.50958e-18  0.00000e+00  0.00000e+00  4.39647e-06
0115  3.00602e+18  5.29890e+03  2.87468e+06  3.41491e-18  0.00000e+00  0.00000e+00  4.34574e-06
0116  3.02341e+18  5.32217e+03  2.86955e+06  3.32344e-18  0.00000e+00  0.00000e+00  4.29588e-06
0117  3.04081e+18  5.34516e+03  2.86435e+06  3.23502e-18  0.00000e+00  0.00000e+00  4.24688e-06
0118  3.05820e+18  5.36786e+03  2.85908e+06  3.14954e-18  0.00000e+00  0.00000e+00  4.19872e-06
0119  3.07559e+18  5.39030e+03  2.85375e+06  3.06688e-18  0.00000e+00  0.00000e+00  4.15136e-06
0120  3.09298e+18  5.41246e+03  2.84835e+06  2.98693e-18  0.00000e+00  0.00000e+00  4.10481e-06
0121  3.11037e+18  5.43436e+03  2.84290e+06  2.90958e-18  0.00000e+00  0.00000e+00  4.05903e-06
0122  3.12777e+18  5.45600e+03  2.83740e+06  2.83474e-18  0.00000e+00  0.00000e+00  4.01401e-06
0123  3.14516e+18  5.47739e+03  2.83185e+06  2.76230e-18  0.00000e+00  0.00000e+00  3.96974e-06
0124  3.16255e+18  5.49853e+03  2.82622e+06  2.69033e-18  0.00000e+00  0.00000e+00  3.92620e-06
0125  3.17994e+18  5.51942e+03  2.82058e+06  2.62543e-18  0.00000e+00  0.00000e+00  3.88337e-06
0126  3.19734e+18  5.54006e+03  2.81491e+06  2.56246e-18  0.00000e+00  0.00000e+00  3.84123e-06
0127  3.21473e+18  5.56044e+03  2.80924e+06  2.50135e-18  0.00000e+00  0.00000e+00  3.79978e-06
0128  3.23212e+18  5.58058e+03  2.80355e+06  2.44203e-18  0.00000e+00  0.00000e+00  3.75900e-06
0129  3.24951e+18  5.60047e+03  2.79785e+06  2.38444e-18  0.00000e+00  0.00000e+00  3.71887e-06
0130  3.26691e+18  5.62013e+03  2.79214e+06  2.32854e-18  0.00000e+00  0.00000e+00  3.67938e-06
0131  3.28430e+18  5.63956e+03  2.78642e+06  2.27425e-18  0.00000e+00  0.00000e+00  3.64051e-06
0132  3.30169e+18  5.65877e+03  2.78069e+06  2.22152e-18  0.00000e+00  0.00000e+00  3.60226e-06
0133  3.31908e+18  5.67775e+03  2.77496e+06  2.17030e-18  0.00000e+00  0.00000e+00  3.56460e-06
0134  3.33648e+18  5.69652e+03  2.76922e+06  2.12054e-18  0.00000e+00  0.00000e+00  3.52754e-06
0135  3.35387e+18  5.71507e+03  2.76346e+06  2.07219e-18  0.00000e+00  0.00000e+00  3.49104e-06
0136  3.37126e+18  5.73342e+03  2.75771e+06  2.02520e-18  0.00000e+00  0.00000e+00  3.45512e-06
0137  3.38865e+18  5.75157e+03  2.75194e+06  1.97953e-18  0.00000e+00  0.00000e+00  3.41974e-06
0138  3.40605e+18  5.76952e+03  2.74618e+06  1.93514e-18  0.00000e+00  0.00000e+00  3.38491e-06
0139  3.42344e+18  5.78727e+03  2.74040e+06  1.89197e-18  0.00000e+00  0.00000e+00  3.35060e-06
0140  3.44083e+18  5.80483e+03  2.73463e+06  1.85000e-18  0.00000e+00  0.00000e+00  3.31681e-06
0141  3.45822e+18  5.82220e+03  2.72885e+06  1.80918e-18  0.00000e+00  0.00000e+00  3.28353e-06
0142  3.47562e+18  5.83938e+03  2.72306e+06  1.76948e-18  0.00000e+00  0.00000e+00  3.25075e-06
0143  3.49301e+18  5.85639e+03  2.71728e+06  1.73086e-18  0.00000e+00  0.00000e+00  3.21846e-06
0144  3.51040e+18  5.87321e+03  2.71150e+06  1.69328e-18  0.00000e+00  0.00000e+00  3.18665e-06
0145  3.52779e+18  5.88987e+03  2.70571e+06  1.65671e-18  0.00000e+00  0.00000e+00  3.15531e-06
0146  3.54519e+18  5.90635e+03  2.69992e+06  1.62112e-18  0.00000e+00  0.00000e+00  3.12442e-06
0147  3.56258e+18  5.92266e+03  2.69414e+06  1.58648e-18  0.00000e+00  0.00000e+00  3.09399e-06
0148  3.57997e+18  5.93880e+03  2.68836e+06  1.55276e-18  0.00000e+00  0.00000e+00  3.06400e-06
0149  3.59736e+18  5.95478e+03  2.68257e+06  1.51992e-18  0.00000e+00  0.00000e+00  3.03444e-06
0150  3.61476e+18  5.97060e+03  2.67679e+06  1.48795e-18  0.00000e+00  0.00000e+00  3.00531e-06
0151  3.63215e+18  5.98627e+03  2.67102e+06  1.45681e-18  0.00000e+00  0.00000e+00  2.97660e-06
0152  3.64954e+18  6.00177e+03  2.66524e+06  1.42648e-18  0.00000e+00  0.00000e+00  2.94830e-06
0153  3.66693e+18  6.01713e+03  2.65948e+06  1.39694e-18  0.00000e+00  0.00000e+00  2.92040e-06
0154  3.68432e+18  6.03234e+03  2.65371e+06  1.36815e-18  0.00000e+00  0.00000e+00  2.89289e-06
0155  3.70172e+18  6.04739e+03  2.64795e+06  1.34011e-18  0.00000e+00  0.00000e+00  2.86577e-06
0156  3.71911e+18  6.06230e+03  2.64220e+06  1.31277e-18  0.00000e+00  0.00000e+00  2.83903e-06
0157  3.73650e+18  6.07707e+03  2.63645e+06  1.28613e-18  0.00000e+00  0.00000e+00  2.81266e-06
0158  3.75389e+18  6.09170e+03  2.63071e+06  1.26016e-18  0.00000e+00  0.00000e+00  2.78666e-06
0159  3.77129e+18  6.10619e+03  2.62497e+06  1.23484e-18  0.00000e+00  0.00000e+00  2.76101e-06
0160  3.78868e+18  6.12054e+03  2.61925e+06  1.21015e-18  0.00000e+00  0.00000e+00  2.73572e-06
0161  3.80607e+18  6.13476e+03  2.61353e+06  1.18608e-18  0.00000e+00  0.00000e+00  2.71078e-06
0162  3.82346e+18  6.14885e+03  2.60782e+06  1.16260e-18  0.00000e+00  0.00000e+00  2.68617e-06
0163  3.84086e+18  6.16280e+03  2.60211e+06  1.13971e-18  0.00000e+00  0.00000e+00  2.66190e-06
0164  3.85825e+18  6.17663e+03  2.59642e+06  1.11737e-18  0.00000e+00  0.00000e+00  2.63795e-06
0165  3.87564e+18  6.19033e+03  2.59073e+06  1.09557e-18  0.00000e+00  0.00000e+00  2.61433e-06
0166  3.89303e+18  6.20390e+03  2.58506e+06  1.07431e-18  0.00000e+00  0.00000e+00  2.59102e-06
0167  3.91043e+18  6.21735e+03  2.57939e+06  1.05355e-18  0.00000e+00  0.00000e+00  2.56803e-06
0168  3.92782e+18  6.23068e+03  2.57374e+06  1.03330e-18  0.00000e+00  0.00000e+00  2.54533e-06
0169  3.94521e+18  6.24390e+03  2.56810e+06  1.01353e-18  0.00000e+00  0.00000e+00  2.52294e-06
0170  3.96260e+18  6.25699e+03  2.56246e+06  9.94233e-19  0.00000e+00  0.00000e+00  2.50084e-06
0171  3.98000e+18  6.26997e+03  2.55684e+06  9.75392e-19  0.00000e+00  0.00000e+00  2.47903e-06
0172  3.99739e+18  6.28283e+03  2.55123e+06  9.56996e-19  0.00000e+00  0.00000e+00  2.45751e-06
0173  4.01478e+18  6.29558e+03  2.54563e+06  9.39031e-19  0.00000e+00  0.00000e+00  2.43626e-06
0174  4.03217e+18  6.30822e+03  2.54005e+06  9.21486e-19  0.00000e+00  0.00000e+00  2.41529e-06
0175  4.04957e+18  6.32075e+03  2.53447e+06  9.03845e-19  0.00000e+00  0.00000e+00  2.39459e-06
0176  4.06696e+18  6.33317e+03  2.52890e+06  8.87091e-19  0.00000e+00  0.00000e+00  2.37415e-06
0177  4.08435e+18  6.34549e+03  2.52334e+06  8.70724e-19  0.00000e+00  0.00000e+00  2.35397e-06
0178  4.10174e+18  6.35770e+03  2.51780e+06  8.54732e-19  0.00000e+00  0.00000e+00  2.33405e-06
0179  4.11914e+18  6.36981e+03  2.51226e+06  8.39106e-19  0.00000e+00  0.00000e+00  2.31438e-06
0180  4.13653e+18  6.38181e+03  2.50675e+06  8.23836e-19  0.00000e+00  0.00000e+00  2.29496e-06
0181  4.15392e+18  6.39372e+03  2.50124e+06  8.08911e-19  0.00000e+00  0.00000e+00  2.27578e-06
0182  4.17131e+18  6.40552e+03  2.49575e+06  7.94324e-19  0.00000e+00  0.00000e+00  2.25685e-06
0183  4.18871e+18  6.41723e+03  2.49028e+06  7.80064e-19  0.00000e+00  0.00000e+00  2.23814e-06
0184  4.20610e+18  6.42884e+03  2.48481e+06  7.66123e-19  0.00000e+00  0.00000e+00  2.21967e-06
0185  4.22349e+18  6.44035e+03  2.47936e+06  7.52492e-19  0.00000e+00  0.00000e+00  2.20143e-06
0186  4.24088e+18  6.45177e+03  2.47393e+06  7.39163e-19  0.00000e+00  0.00000e+00  2.18341e-06
0187  4.25828e+18  6.46310e+03  2.46851e+06  7.26128e-19  0.00000e+00  0.00000e+00  2.16561e-06
0188  4.27567e+18  6.47433e+03  2.46311e+06  7.13380e-19  0.00000e+00  0.00000e+00  2.14803e-06
0189  4.29306e+18  6.48547e+03  2.45772e+06  7.00910e-19  0.00000e+00  0.00000e+00  2.13066e-06
0190  4.31045e+18  6.49652e+03  2.45234e+06  6.88712e-19  0.00000e+00  0.00000e+00  2.11350e-06
0191  4.32785e+18  6.50748e+03  2.44698e+06  6.76779e-19  0.00000e+00  0.00000e+00  2.09654e-06
0192  4.34524e+18  6.51836e+03  2.44164e+06  6.65103e-19  0.00000e+00  0.00000e+00  2.07979e-06
0193  4.36263e+18  6.52915e+03  2.43631e+06  6.53678e-19  0.00000e+00  0.00000e+00  2.06324e-06
0194  4.38002e+18  6.53985e+03  2.43099e+06  6.42498e-19  0.00000e+00  0.00000e+00  2.04689e-06
0195  4.39742e+18  6.55047e+03  2.42569e+06  6.31556e-19  0.00000e+00  0.00000e+00  2.03073e-06
0196  4.41481e+18  6.56100e+03  2.42041e+06  6.20846e-19  0.00000e+00  0.00000e+00  2.01476e-06
0197  4.43220e+18  6.57145e+03  2.41515e+06  6.10363e-19  0.00000e+00  0.00000e+00  1.99898e-06
0198  4.44959e+18  6.58182e+03  2.40989e+06  6.00100e-19  0.00000e+00  0.00000e+00  1.98339e-06
0199  4.46699e+18  6.59212e+03  2.40466e+06  5.90052e-19  0.00000e+00  0.00000e+00  1.96797e-06
0200  4.48438e+18  6.60233e+03  2.39944e+06  5.80291e-19  0.00000e+00  0.00000e+00  1.95273e-06
0201  4.50177e+18  6.61246e+03  2.39424e+06  5.70740e-19  0.00000e+00  0.00000e+00  1.93768e-06
0202  4.51916e+18  6.62251e+03  2.38906e+06  5.61384e-19  0.00000e+00  0.00000e+00  1.92279e-06
0203  4.53655e+18  6.63249e+03  2.38389e+06  5.52219e-19  0.00000e+00  0.00000e+00  1.90807e-06
0204  4.55395e+18  6.64239e+03  2.37874e+06  5.43240e-19  0.00000e+00  0.00000e+00  1.89353e-06
0205  4.57134e+18  6.65221e+03  2.37361e+06  5.34443e-19  0.00000e+00  0.00000e+00  1.87915e-06
0206  4.58873e+18  6.66196e+03  2.36850e+06  5.25824e-19  0.00000e+00  0.00000e+00  1.86493e-06
0207  4.60612e+18  6.67164e+03  2.36341e+06  5.17377e-19  0.00000e+00  0.00000e+00  1.85087e-06
0208  4.62352e+18  6.68124e+03  2.35833e+06  5.09100e-19  0.00000e+00  0.00000e+00  1.83697e-06
0209  4.64091e+18  6.69077e+03  2.35327e+06  5.00987e-19  0.00000e+00  0.00000e+00  1.82323e-06
0210  4.65830e+18  6.70023e+03  2.34823e+06  4.93035e-19  0.00000e+00  0.00000e+00  1.80964e-06
0211  4.67569e+18  6.70962e+03  2.34320e+06  4.85241e-19  0.00000e+00  0.00000e+00  1.79620e-06
0212  4.69309e+18  6.71894e+03  2.33820e+06  4.77600e-19  0.00000e+00  0.00000e+00  1.78291e-06
0213  4.71048e+18  6.72819e+03  2.33321e+06  4.70108e-19  0.00000e+00  0.00000e+00  1.76977e-06
0214  4.72787e+18  6.73738e+03  2.32823e+06  4.62763e-19  0.00000e+00  0.00000e+00  1.75678e-06
0215  4.74526e+18  6.74650e+03  2.32328e+06  4.55561e-19  0.00000e+00  0.00000e+00  1.74392e-06
0216  4.76266e+18  6.75555e+03  2.31834e+06  4.48499e-19  0.00000e+00  0.00000e+00  1.73121e-06
0217  4.78005e+18  6.76453e+03  2.31343e+06  4.41573e-19  0.00000e+00  0.00000e+00  1.71863e-06
0218  4.79744e+18  6.77346e+03  2.30852e+06  4.34780e-19  0.00000e+00  0.00000e+00  1.70619e-06
0219  4.81483e+18  6.78231e+03  2.30364e+06  4.28118e-19  0.00000e+00  0.00000e+00  1.69389e-06
0220  4.83223e+18  6.79111e+03  2.29877e+06  4.21582e-19  0.00000e+00  0.00000e+00  1.68172e-06
0221  4.84962e+18  6.79984e+03  2.29392e+06  4.15171e-19  0.00000e+00  0.00000e+00  1.66968e-06
0222  4.86701e+18  6.80851e+03  2.28909e+06  4.08882e-19  0.00000e+00  0.00000e+00  1.65776e-06
0223  4.88440e+18  6.81712e+03  2.28428e+06  4.02711e-19  0.00000e+00  0.00000e+00  1.64598e-06
0224  4.90180e+18  6.82566e+03  2.27948e+06  3.96656e-19  0.00000e+00  0.00000e+00  1.63432e-06
0225  4.91919e+18  6.83415e+03  2.27470e+06  3.90715e-19  0.00000e+00  0.00000e+00  1.62278e-06
0226  4.93658e+18  6.84258e+03  2.26994e+06  3.84884e-19  0.00000e+00  0.00000e+00  1.61137e-06
0227  4.95397e+18  6.85095e+03  2.26519e+06  3.79162e-19  0.00000e+00  0.00000e+00  1.60007e-06
0228  4.97137e+18  6.85926e+03  2.26046e+06  3.73546e-19  0.00000e+00  0.00000e+00  1.58890e-06
0229  4.98876e+18  6.86752e+03  2.25575e+06  3.68034e-19  0.00000e+00  0.00000e+00  1.57784e-06
0230  5.00615e+18  6.87572e+03  2.25106e+06  3.62623e-19  0.00000e+00  0.00000e+00  1.56689e-06
0231  5.02354e+18  6.88386e+03  2.24638e+06  3.57311e-19  0.00000e+00  0.00000e+00  1.55606e-06
0232  5.04094e+18  6.89195e+03  2.24172e+06  3.52096e-19  0.00000e+00  0.00000e+00  1.54534e-06
0233  5.05833e+18  6.89998e+03  2.23708e+06  3.46976e-19  0.00000e+00  0.00000e+00  1.53474e-06
0234  5.07572e+18  6.90796e+03  2.23245e+06  3.41949e-19  0.00000e+00  0.00000e+00  1.52424e-06
0235  5.09311e+18  6.91588e+03  2.22784e+06  3.37013e-19  0.00000e+00  0.00000e+00  1.51384e-06
0236  5.11051e+18  6.92375e+03  2.22325e+06  3.32165e-19  0.00000e+00  0.00000e+00  1.50356e-06
0237  5.12790e+18  6.93157e+03  2.21867e+06  3.27405e-19  0.00000e+00  0.00000e+00  1.49337e-06
0238  5.14529e+18  6.93934e+03  2.21411e+06  3.22729e-19  0.00000e+00  0.00000e+00  1.48330e-06
0239  5.16268e+18  6.94705e+03  2.20957e+06  3.18137e-19  0.00000e+00  0.00000e+00  1.47332e-06
0240  5.18008e+18  6.95471e+03  2.20504e+06  3.13627e-19  0.00000e+00  0.00000e+00  1.46344e-06
0241  5.19747e+18  6.96233e+03  2.20053e+06  3.09196e-19  0.00000e+00  0.00000e+00  1.45366e-06
0242  5.21486e+18  6.96989e+03  2.19604e+06  3.04843e-19  0.00000e+00  0.00000e+00  1.44398e-06
0243  5.23225e+18  6.97740e+03  2.19156e+06  3.00566e-19  0.00000e+00  0.00000e+00  1.43440e-06
0244  5.24965e+18  6.98487e+03  2.18710e+06  2.96365e-19  0.00000e+00  0.00000e+00  1.42491e-06
0245  5.26704e+18  6.99229e+03  2.18266e+06  2.92236e-19  0.00000e+00  0.00000e+00  1.41552e-06
0246  5.28443e+18  6.99965e+03  2.17823e+06  2.88179e-19  0.00000e+00  0.00000e+00  1.40621e-06
0247  5.30182e+18  7.00698e+03  2.17382e+06  2.84193e-19  0.00000e+00  0.00000e+00  1.39700e-06
0248  5.31922e+18  7.01425e+03  2.16943e+06  2.80275e-19  0.00000e+00  0.00000e+00  1.38788e-06
0249  5.33661e+18  7.02148e+03  2.16505e+06  2.76425e-19  0.00000e+00  0.00000e+00  1.37885e-06
0250  5.35400e+18  7.02866e+03  2.16069e+06  2.72640e-19  0.00000e+00  0.00000e+00  1.36991e-06
0251  5.37139e+18  7.03580e+03  2.15634e+06  2.68919e-19  0.00000e+00  0.00000e+00  1.36105e-06
0252  5.38879e+18  7.04289e+03  2.15201e+06  2.65261e-19  0.00000e+00  0.00000e+00  1.35228e-06
0253  5.40618e+18  7.04993e+03  2.14769e+06  2.61665e-19  0.00000e+00  0.00000e+00  1.34359e-06
0254  5.42357e+18  7.05693e+03  2.14339e+06  2.58131e-19  0.00000e+00  0.00000e+00  1.33499e-06
0255  5.44096e+18  7.06389e+03  2.13911e+06  2.54655e-19  0.00000e+00  0.00000e+00  1.32647e-06
0256  5.45836e+18  7.07081e+03  2.13484e+06  2.51238e-19  0.00000e+00  0.00000e+00  1.31803e-06
0257  5.47575e+18  7.07768e+03  2.13059e+06  2.47879e-19  0.00000e+00  0.00000e+00  1.30967e-06
0258  5.49314e+18  7.08451e+03  2.12636e+06  2.44575e-19  0.00000e+00  0.00000e+00  1.30139e-06
0259  5.51053e+18  7.09130e+03  2.12214e+06  2.41326e-19  0.00000e+00  0.00000e+00  1.29318e-06
0260  5.52793e+18  7.09804e+03  2.11793e+06  2.38131e-19  0.00000e+00  0.00000e+00  1.28506e-06
0261  5.54532e+18  7.10475e+03  2.11374e+06  2.34989e-19  0.00000e+00  0.00000e+00  1.27701e-06
0262  5.56271e+18  7.11141e+03  2.10957e+06  2.31899e-19  0.00000e+00  0.00000e+00  1.26904e-06
0263  5.58010e+18  7.11803e+03  2.10541e+06  2.28859e-19  0.00000e+00  0.00000e+00  1.26114e-06
0264  5.59750e+18  7.12461e+03  2.10127e+06  2.25869e-19  0.00000e+00  0.00000e+00  1.25331e-06
0265  5.61489e+18  7.13115e+03  2.09714e+06  2.22928e-19  0.00000e+00  0.00000e+00  1.24556e-06
0266  5.63228e+18  7.13766e+03  2.09302e+06  2.20034e-19  0.00000e+00  0.00000e+00  1.23788e-06
0267  5.64967e+18  7.14412e+03  2.08893e+06  2.17188e-19  0.00000e+00  0.00000e+00  1.23027e-06
0268  5.66707e+18  7.15055e+03  2.08484e+06  2.14387e-19  0.00000e+00  0.00000e+00  1.22273e-06
0269  5.68446e+18  7.15693e+03  2.08077e+06  2.11632e-19  0.00000e+00  0.00000e+00  1.21526e-06
0270  5.70185e+18  7.16328e+03  2.07672e+06  2.08920e-19  0.00000e+00  0.00000e+00  1.20786e-06
0271  5.71924e+18  7.16959e+03  2.07268e+06  2.06252e-19  0.00000e+00  0.00000e+00  1.20052e-06
0272  5.73664e+18  7.17587e+03  2.06866e+06  2.03627e-19  0.00000e+00  0.00000e+00  1.19325e-06
0273  5.75403e+18  7.18210e+03  2.06465e+06  2.01043e-19  0.00000e+00  0.00000e+00  1.18605e-06
0274  5.77142e+18  7.18830e+03  2.06066e+06  1.98500e-19  0.00000e+00  0.00000e+00  1.17891e-06
0275  5.78881e+18  7.19447e+03  2.05668e+06  1.95997e-19  0.00000e+00  0.00000e+00  1.17184e-06
0276  5.80620e+18  7.20060e+03  2.05271e+06  1.93534e-19  0.00000e+00  0.00000e+00  1.16483e-06
0277  5.82360e+18  7.20669e+03  2.04876e+06  1.91109e-19  0.00000e+00  0.00000e+00  1.15788e-06
0278  5.84099e+18  7.21274e+03  2.04483e+06  1.88723e-19  0.00000e+00  0.00000e+00  1.15100e-06
0279  5.85838e+18  7.21877e+03  2.04091e+06  1.86373e-19  0.00000e+00  0.00000e+00  1.14417e-06
0280  5.87577e+18  7.22475e+03  2.03700e+06  1.84060e-19  0.00000e+00  0.00000e+00  1.13741e-06
0281  5.89317e+18  7.23071e+03  2.03311e+06  1.81783e-19  0.00000e+00  0.00000e+00  1.13071e-06
0282  5.91056e+18  7.23663e+03  2.02923e+06  1.79541e-19  0.00000e+00  0.00000e+00  1.12406e-06
0283  5.92795e+18  7.24251e+03  2.02536e+06  1.77333e-19  0.00000e+00  0.00000e+00  1.11748e-06
0284  5.94534e+18  7.24836e+03  2.02151e+06  1.75159e-19  0.00000e+00  0.00000e+00  1.11095e-06
0285  5.96274e+18  7.25418e+03  2.01768e+06  1.73019e-19  0.00000e+00  0.00000e+00  1.10448e-06
0286  5.98013e+18  7.25997e+03  2.01385e+06  1.70911e-19  0.00000e+00  0.00000e+00  1.09806e-06
0287  5.99752e+18  7.26572e+03  2.01005e+06  1.68836e-19  0.00000e+00  0.00000e+00  1.09170e-06
0288  6.01491e+18  7.27144e+03  2.00625e+06  1.66791e-19  0.00000e+00  0.00000e+00  1.08540e-06
0289  6.03231e+18  7.27713e+03  2.00247e+06  1.64778e-19  0.00000e+00  0.00000e+00  1.07915e-06
0290  6.04970e+18  7.28278e+03  1.99870e+06  1.62795e-19  0.00000e+00  0.00000e+00  1.07295e-06
0291  6.06709e+18  7.28841e+03  1.99495e+06  1.60842e-19  0.00000e+00  0.00000e+00  1.06681e-06
0292  6.08448e+18  7.29400e+03  1.99121e+06  1.58918e-19  0.00000e+00  0.00000e+00  1.06072e-06
0293  6.10188e+18  7.29957e+03  1.98748e+06  1.57023e-19  0.00000e+00  0.00000e+00  1.05468e-06
0294  6.11927e+18  7.30510e+03  1.98377e+06  1.55156e-19  0.00000e+00  0.00000e+00  1.04869e-06
0295  6.13666e+18  7.31060e+03  1.98007e+06  1.53317e-19  0.00000e+00  0.00000e+00  1.04276e-06
0296  6.15405e+18  7.31607e+03  1.97639e+06  1.51505e-19  0.00000e+00  0.00000e+00  1.03687e-06
0297  6.17145e+18  7.32151e+03  1.97271e+06  1.49719e-19  0.00000e+00  0.00000e+00  1.03104e-06
0298  6.18884e+18  7.32692e+03  1.96905e+06  1.47960e-19  0.00000e+00  0.00000e+00  1.02525e-06
0299  6.20623e+18  7.33231e+03  1.96541e+06  1.46227e-19  0.00000e+00  0.00000e+00  1.01951e-06
0300  6.22362e+18  7.33766e+03  1.96177e+06  1.44519e-19  0.00000e+00  0.00000e+00  1.01382e-06
0301  6.24102e+18  7.34299e+03  1.95815e+06  1.42836e-19  0.00000e+00  0.00000e+00  1.00818e-06
0302  6.25841e+18  7.34828e+03  1.95455e+06  1.41178e-19  0.00000e+00  0.00000e+00  1.00258e-06
0303  6.27580e+18  7.35355e+03  1.95095e+06  1.39543e-19  0.00000e+00  0.00000e+00  9.97032e-07
0304  6.29319e+18  7.35879e+03  1.94737e+06  1.37932e-19  0.00000e+00  0.00000e+00  9.91529e-07
0305  6.31059e+18  7.36400e+03  1.94380e+06  1.36345e-19  0.00000e+00  0.00000e+00  9.86071e-07
0306  6.32798e+18  7.36918e+03  1.94025e+06  1.34780e-19  0.00000e+00  0.00000e+00  9.80658e-07
0307  6.34537e+18  7.37434e+03  1.93671e+06  1.33238e-19  0.00000e+00  0.00000e+00  9.75289e-07
0308  6.36276e+18  7.37947e+03  1.93318e+06  1.31717e-19  0.00000e+00  0.00000e+00  9.69965e-07
0309  6.38016e+18  7.38457e+03  1.92966e+06  1.30219e-19  0.00000e+00  0.00000e+00  9.64684e-07
0310  6.39755e+18  7.38964e+03  1.92615e+06  1.28741e-19  0.00000e+00  0.00000e+00  9.59445e-07
0311  6.41494e+18  7.39469e+03  1.92266e+06  1.27285e-19  0.00000e+00  0.00000e+00  9.54250e-07
0312  6.43233e+18  7.39971e+03  1.91918e+06  1.25849e-19  0.00000e+00  0.00000e+00  9.49097e-07
0313  6.44973e+18  7.40471e+03  1.91571e+06  1.24434e-19  0.00000e+00  0.00000e+00  9.43985e-07
0314  6.46712e+18  7.40968e+03  1.91226e+06  1.23038e-19  0.00000e+00  0.00000e+00  9.38914e-07
0315  6.48451e+18  7.41462e+03  1.90882e+06  1.21662e-19  0.00000e+00  0.00000e+00  9.33884e-07
0316  6.50190e+18  7.41954e+03  1.90539e+06  1.20305e-19  0.00000e+00  0.00000e+00  9.28895e-07
0317  6.51930e+18  7.42443e+03  1.90197e+06  1.18967e-19  0.00000e+00  0.00000e+00  9.23945e-07
0318  6.53669e+18  7.42930e+03  1.89856e+06  1.17647e-19  0.00000e+00  0.00000e+00  9.19035e-07
0319  6.55408e+18  7.43414e+03  1.89517e+06  1.16346e-19  0.00000e+00  0.00000e+00  9.14164e-07
0320  6.57147e+18  7.43896e+03  1.89178e+06  1.15063e-19  0.00000e+00  0.00000e+00  9.09331e-07
0321  6.58887e+18  7.44375e+03  1.88841e+06  1.13797e-19  0.00000e+00  0.00000e+00  9.04537e-07
0322  6.60626e+18  7.44852e+03  1.88505e+06  1.12549e-19  0.00000e+00  0.00000e+00  8.99780e-07
0323  6.62365e+18  7.45326e+03  1.88171e+06  1.11318e-19  0.00000e+00  0.00000e+00  8.95061e-07
0324  6.64104e+18  7.45798e+03  1.87837e+06  1.10104e-19  0.00000e+00  0.00000e+00  8.90379e-07
0325  6.65844e+18  7.46268e+03  1.87505e+06  1.08906e-19  0.00000e+00  0.00000e+00  8.85733e-07
0326  6.67583e+18  7.46735e+03  1.87174e+06  1.07725e-19  0.00000e+00  0.00000e+00  8.81124e-07
0327  6.69322e+18  7.47200e+03  1.86844e+06  1.06560e-19  0.00000e+00  0.00000e+00  8.76551e-07
0328  6.71061e+18  7.47663e+03  1.86515e+06  1.05410e-19  0.00000e+00  0.00000e+00  8.72013e-07
0329  6.72801e+18  7.48123e+03  1.86187e+06  1.04276e-19  0.00000e+00  0.00000e+00  8.67511e-07
0330  6.74540e+18  7.48581e+03  1.85861e+06  1.03157e-19  0.00000e+00  0.00000e+00  8.63043e-07
0331  6.76279e+18  7.49037e+03  1.85535e+06  1.02053e-19  0.00000e+00  0.00000e+00  8.58609e-07
0332  6.78018e+18  7.49490e+03  1.85211e+06  1.00964e-19  0.00000e+00  0.00000e+00  8.54210e-07
0333  6.79758e+18  7.49942e+03  1.84888e+06  9.98894e-20  0.00000e+00  0.00000e+00  8.49844e-07
0334  6.81497e+18  7.50391e+03  1.84566e+06  9.88290e-20  0.00000e+00  0.00000e+00  8.45512e-07
0335  6.83236e+18  7.50837e+03  1.84245e+06  9.77763e-20  0.00000e+00  0.00000e+00  8.41213e-07
0336  6.84975e+18  7.51282e+03  1.83925e+06  9.67427e-20  0.00000e+00  0.00000e+00  8.36946e-07
0337  6.86715e+18  7.51725e+03  1.83607e+06  9.57228e-20  0.00000e+00  0.00000e+00  8.32712e-07
0338  6.88454e+18  7.52165e+03  1.83289e+06  9.47163e-20  0.00000e+00  0.00000e+00  8.28510e-07
0339  6.90193e+18  7.52603e+03  1.82973e+06  9.37230e-20  0.00000e+00  0.00000e+00  8.24340e-07
0340  6.91932e+18  7.53039e+03  1.82657e+06  9.27428e-20  0.00000e+00  0.00000e+00  8.20201e-07
0341  6.93672e+18  7.53473e+03  1.82343e+06  9.17753e-20  0.00000e+00  0.00000e+00  8.16093e-07
0342  6.95411e+18  7.53905e+03  1.82030e+06  9.08205e-20  0.00000e+00  0.00000e+00  8.12016e-07
0343  6.97150e+18  7.54335e+03  1.81717e+06  8.98780e-20  0.00000e+00  0.00000e+00  8.07970e-07
0344  6.98889e+18  7.54762e+03  1.81406e+06  8.89478e-20  0.00000e+00  0.00000e+00  8.03953e-07
0345  7.00629e+18  7.55188e+03  1.81096e+06  8.80296e-20  0.00000e+00  0.00000e+00  7.99967e-07
0346  7.02368e+18  7.55612e+03  1.80787e+06  8.71233e-20  0.00000e+00  0.00000e+00  7.96010e-07
0347  7.04107e+18  7.56033e+03  1.80479e+06  8.62286e-20  0.00000e+00  0.00000e+00  7.92082e-07
0348  7.05846e+18  7.56453e+03  1.80172e+06  8.53453e-20  0.00000e+00  0.00000e+00  7.88183e-07
0349  7.07586e+18  7.56870e+03  1.79867e+06  8.44734e-20  0.00000e+00  0.00000e+00  7.84313e-07
0350  7.09325e+18  7.57286e+03  1.79562e+06  8.36126e-20  0.00000e+00  0.00000e+00  7.80472e-07
0351  7.11064e+18  7.57700e+03  1.79258e+06  8.27628e-20  0.00000e+00  0.00000e+00  7.76658e-07
0352  7.12803e+18  7.58112e+03  1.78955e+06  8.19237e-20  0.00000e+00  0.00000e+00  7.72873e-07
0353  7.14543e+18  7.58521e+03  1.78654e+06  8.10953e-20  0.00000e+00  0.00000e+00  7.69115e-07
0354  7.16282e+18  7.58929e+03  1.78353e+06  8.02773e-20  0.00000e+00  0.00000e+00  7.65385e-07
0355  7.18021e+18  7.59335e+03  1.78053e+06  7.94697e-20  0.00000e+00  0.00000e+00  7.61681e-07
0356  7.19760e+18  7.59739e+03  1.77755e+06  7.86722e-20  0.00000e+00  0.00000e+00  7.58004e-07
0357  7.21500e+18  7.60142e+03  1.77457e+06  7.78847e-20  0.00000e+00  0.00000e+00  7.54354e-07
0358  7.23239e+18  7.60542e+03  1.77160e+06  7.71070e-20  0.00000e+00  0.00000e+00  7.50731e-07
0359  7.24978e+18  7.60941e+03  1.76865e+06  7.63391e-20  0.00000e+00  0.00000e+00  7.47133e-07
0360  7.26717e+18  7.61337e+03  1.76570e+06  7.55807e-20  0.00000e+00  0.00000e+00  7.43561e-07
0361  7.28457e+18  7.61732e+03  1.76277e+06  7.48317e-20  0.00000e+00  0.00000e+00  7.40015e-07
0362  7.30196e+18  7.62125e+03  1.75984e+06  7.40920e-20  0.00000e+00  0.00000e+00  7.36493e-07
0363  7.31935e+18  7.62516e+03  1.75692e+06  7.33614e-20  0.00000e+00  0.00000e+00  7.32997e-07
0364  7.33674e+18  7.62906e+03  1.75401e+06  7.26398e-20  0.00000e+00  0.00000e+00  7.29526e-07
0365  7.35414e+18  7.63294e+03  1.75112e+06  7.19271e-20  0.00000e+00  0.00000e+00  7.26080e-07
0366  7.37153e+18  7.63680e+03  1.74823e+06  7.12231e-20  0.00000e+00  0.00000e+00  7.22658e-07
0367  7.38892e+18  7.64064e+03  1.74535e+06  7.05277e-20  0.00000e+00  0.00000e+00  7.19259e-07
0368  7.40631e+18  7.64446e+03  1.74248e+06  6.98408e-20  0.00000e+00  0.00000e+00  7.15885e-07
0369  7.42371e+18  7.64827e+03  1.73962e+06  6.91623e-20  0.00000e+00  0.00000e+00  7.12535e-07
0370  7.44110e+18  7.65206e+03  1.73677e+06  6.84920e-20  0.00000e+00  0.00000e+00  7.09208e-07
0371  7.45849e+18  7.65583e+03  1.73393e+06  6.78298e-20  0.00000e+00  0.00000e+00  7.05904e-07
0372  7.47588e+18  7.65959e+03  1.73110e+06  6.71757e-20  0.00000e+00  0.00000e+00  7.02623e-07
0373  7.49328e+18  7.66333e+03  1.72828e+06  6.65294e-20  0.00000e+00  0.00000e+00  6.99365e-07
0374  7.51067e+18  7.66705e+03  1.72547e+06  6.58908e-20  0.00000e+00  0.00000e+00  6.96130e-07
0375  7.52806e+18  7.67076e+03  1.72267e+06  6.52600e-20  0.00000e+00  0.00000e+00  6.92917e-07
0376  7.54545e+18  7.67445e+03  1.71987e+06  6.46367e-20  0.00000e+00  0.00000e+00  6.89727e-07
0377  7.56285e+18  7.67812e+03  1.71709e+06  6.40208e-20  0.00000e+00  0.00000e+00  6.86558e-07
0378  7.58024e+18  7.68178e+03  1.71431e+06  6.34122e-20  0.00000e+00  0.00000e+00  6.83411e-07
0379  7.59763e+18  7.68542e+03  1.71155e+06  6.28109e-20  0.00000e+00  0.00000e+00  6.80286e-07
0380  7.61502e+18  7.68905e+03  1.70879e+06  6.22167e-20  0.00000e+00  0.00000e+00  6.77182e-07
0381  7.63242e+18  7.69266e+03  1.70604e+06  6.16295e-20  0.00000e+00  0.00000e+00  6.74099e-07
0382  7.64981e+18  7.69625e+03  1.70330e+06  6.10493e-20  0.00000e+00  0.00000e+00  6.71037e-07
0383  7.66720e+18  7.69983e+03  1.70057e+06  6.04759e-20  0.00000e+00  0.00000e+00  6.67996e-07
0384  7.68459e+18  7.70339e+03  1.69785e+06  5.99092e-20  0.00000e+00  0.00000e+00  6.64976e-07
0385  7.70199e+18  7.70694e+03  1.69514e+06  5.93491e-20  0.00000e+00  0.00000e+00  6.61976e-07
0386  7.71938e+18  7.71047e+03  1.69244e+06  5.87956e-20  0.00000e+00  0.00000e+00  6.58996e-07
0387  7.73677e+18  7.71399e+03  1.68974e+06  5.82485e-20  0.00000e+00  0.00000e+00  6.56037e-07
0388  7.75416e+18  7.71749e+03  1.68706e+06  5.77078e-20  0.00000e+00  0.00000e+00  6.53097e-07
0389  7.77156e+18  7.72098e+03  1.68438e+06  5.71734e-20  0.00000e+00  0.00000e+00  6.50177e-07
0390  7.78895e+18  7.72445e+03  1.68171e+06  5.66452e-20  0.00000e+00  0.00000e+00  6.47277e-07
0391  7.80634e+18  7.72791e+03  1.67905e+06  5.61230e-20  0.00000e+00  0.00000e+00  6.44396e-07
0392  7.82373e+18  7.73135e+03  1.67640e+06  5.56069e-20  0.00000e+00  0.00000e+00  6.41534e-07
0393  7.84113e+18  7.73478e+03  1.67375e+06  5.50967e-20  0.00000e+00  0.00000e+00  6.38691e-07
0394  7.85852e+18  7.73819e+03  1.67112e+06  5.45923e-20  0.00000e+00  0.00000e+00  6.35867e-07
0395  7.87591e+18  7.74159e+03  1.66849e+06  5.40937e-20  0.00000e+00  0.00000e+00  6.33062e-07
0396  7.89330e+18  7.74497e+03  1.66588e+06  5.36009e-20  0.00000e+00  0.00000e+00  6.30275e-07
0397  7.91070e+18  7.74834e+03  1.66327e+06  5.31136e-20  0.00000e+00  0.00000e+00  6.27507e-07
0398  7.92809e+18  7.75170e+03  1.66067e+06  5.26318e-20  0.00000e+00  0.00000e+00  6.24756e-07
0399  7.94548e+18  7.75504e+03  1.65807e+06  5.21556e-20  0.00000e+00  0.00000e+00  6.22024e-07
0400  7.96287e+18  7.75837e+03  1.65549e+06  5.16847e-20  0.00000e+00  0.00000e+00  6.19310e-07
0401  7.98027e+18  7.76168e+03  1.65291e+06  5.12191e-20  0.00000e+00  0.00000e+00  6.16613e-07
0402  7.99766e+18  7.76498e+03  1.65035e+06  5.07587e-20  0.00000e+00  0.00000e+00  6.13934e-07
0403  8.01505e+18  7.76826e+03  1.64779e+06  5.03036e-20  0.00000e+00  0.00000e+00  6.11273e-07
0404  8.03244e+18  7.77154e+03  1.64523e+06  4.98535e-20  0.00000e+00  0.00000e+00  6.08629e-07
0405  8.04984e+18  7.77480e+03  1.64269e+06  4.94085e-20  0.00000e+00  0.00000e+00  6.06001e-07
0406  8.06723e+18  7.77804e+03  1.64016e+06  4.89684e-20  0.00000e+00  0.00000e+00  6.03391e-07
0407  8.08462e+18  7.78127e+03  1.63763e+06  4.85332e-20  0.00000e+00  0.00000e+00  6.00798e-07
0408  8.10201e+18  7.78449e+03  1.63511e+06  4.81029e-20  0.00000e+00  0.00000e+00  5.98221e-07
0409  8.11940e+18  7.78770e+03  1.63260e+06  4.76773e-20  0.00000e+00  0.00000e+00  5.95661e-07
0410  8.13680e+18  7.79089e+03  1.63009e+06  4.72565e-20  0.00000e+00  0.00000e+00  5.93117e-07
0411  8.15419e+18  7.79407e+03  1.62760e+06  4.68402e-20  0.00000e+00  0.00000e+00  5.90590e-07
0412  8.17158e+18  7.79723e+03  1.62511e+06  4.64286e-20  0.00000e+00  0.00000e+00  5.88078e-07
0413  8.18897e+18  7.80039e+03  1.62263e+06  4.60215e-20  0.00000e+00  0.00000e+00  5.85583e-07
0414  8.20637e+18  7.80353e+03  1.62016e+06  4.56188e-20  0.00000e+00  0.00000e+00  5.83104e-07
0415  8.22376e+18  7.80666e+03  1.61769e+06  4.52206e-20  0.00000e+00  0.00000e+00  5.80640e-07
0416  8.24115e+18  7.80977e+03  1.61524e+06  4.48267e-20  0.00000e+00  0.00000e+00  5.78191e-07
0417  8.25854e+18  7.81287e+03  1.61279e+06  4.44370e-20  0.00000e+00  0.00000e+00  5.75759e-07
0418  8.27594e+18  7.81596e+03  1.61034e+06  4.40517e-20  0.00000e+00  0.00000e+00  5.73341e-07
0419  8.29333e+18  7.81904e+03  1.60791e+06  4.36704e-20  0.00000e+00  0.00000e+00  5.70939e-07
0420  8.31072e+18  7.82211e+03  1.60548e+06  4.32934e-20  0.00000e+00  0.00000e+00  5.68552e-07
0421  8.32811e+18  7.82516e+03  1.60306e+06  4.29204e-20  0.00000e+00  0.00000e+00  5.66180e-07
0422  8.34551e+18  7.82820e+03  1.60065e+06  4.25514e-20  0.00000e+00  0.00000e+00  5.63822e-07
0423  8.36290e+18  7.83123e+03  1.59825e+06  4.21863e-20  0.00000e+00  0.00000e+00  5.61479e-07
0424  8.38029e+18  7.83425e+03  1.59585e+06  4.18252e-20  0.00000e+00  0.00000e+00  5.59151e-07
0425  8.39768e+18  7.83725e+03  1.59346e+06  4.14680e-20  0.00000e+00  0.00000e+00  5.56837e-07
0426  8.41508e+18  7.84025e+03  1.59108e+06  4.11145e-20  0.00000e+00  0.00000e+00  5.54538e-07
0427  8.43247e+18  7.84323e+03  1.58871e+06  4.07648e-20  0.00000e+00  0.00000e+00  5.52253e-07
0428  8.44986e+18  7.84620e+03  1.58634e+06  4.04189e-20  0.00000e+00  0.00000e+00  5.49982e-07
0429  8.46725e+18  7.84915e+03  1.58398e+06  4.00766e-20  0.00000e+00  0.00000e+00  5.47725e-07
0430  8.48465e+18  7.85210e+03  1.58163e+06  3.97379e-20  0.00000e+00  0.00000e+00  5.45481e-07
0431  8.50204e+18  7.85503e+03  1.57928e+06  3.94028e-20  0.00000e+00  0.00000e+00  5.43252e-07
0432  8.51943e+18  7.85796e+03  1.57694e+06  3.90713e-20  0.00000e+00  0.00000e+00  5.41036e-07
0433  8.53682e+18  7.86087e+03  1.57461e+06  3.87432e-20  0.00000e+00  0.00000e+00  5.38834e-07
0434  8.55422e+18  7.86377e+03  1.57229e+06  3.84186e-20  0.00000e+00  0.00000e+00  5.36645e-07
0435  8.57161e+18  7.86666e+03  1.56997e+06  3.80977e-20  0.00000e+00  0.00000e+00  5.34469e-07
0436  8.58900e+18  7.86954e+03  1.56766e+06  3.77803e-20  0.00000e+00  0.00000e+00  5.32307e-07
0437  8.60639e+18  7.87240e+03  1.56536e+06  3.74663e-20  0.00000e+00  0.00000e+00  5.30158e-07
0438  8.62379e+18  7.87526e+03  1.56306e+06  3.71555e-20  0.00000e+00  0.00000e+00  5.28021e-07
0439  8.64118e+18  7.87810e+03  1.56077e+06  3.68479e-20  0.00000e+00  0.00000e+00  5.25898e-07
0440  8.65857e+18  7.88094e+03  1.55849e+06  3.65435e-20  0.00000e+00  0.00000e+00  5.23787e-07
0441  8.67596e+18  7.88376e+03  1.55622e+06  3.62422e-20  0.00000e+00  0.00000e+00  5.21689e-07
0442  8.69336e+18  7.88657e+03  1.55395e+06  3.59440e-20  0.00000e+00  0.00000e+00  5.19604e-07
0443  8.71075e+18  7.88937e+03  1.55169e+06  3.56490e-20  0.00000e+00  0.00000e+00  5.17531e-07
0444  8.72814e+18  7.89216e+03  1.54943e+06  3.53569e-20  0.00000e+00  0.00000e+00  5.15471e-07
0445  8.74553e+18  7.89494e+03  1.54718e+06  3.50678e-20  0.00000e+00  0.00000e+00  5.13422e-07
0446  8.76293e+18  7.89771e+03  1.54494e+06  3.47817e-20  0.00000e+00  0.00000e+00  5.11386e-07
0447  8.78032e+18  7.90047e+03  1.54271e+06  3.44985e-20  0.00000e+00  0.00000e+00  5.09362e-07
0448  8.79771e+18  7.90322e+03  1.54048e+06  3.42182e-20  0.00000e+00  0.00000e+00  5.07350e-07
0449  8.81510e+18  7.90596e+03  1.53826e+06  3.39408e-20  0.00000e+00  0.00000e+00  5.05350e-07
0450  8.83250e+18  7.90869e+03  1.53605e+06  3.36661e-20  0.00000e+00  0.00000e+00  5.03362e-07
0451  8.84989e+18  7.91141e+03  1.53384e+06  3.33942e-20  0.00000e+00  0.00000e+00  5.01386e-07
0452  8.86728e+18  7.91411e+03  1.53164e+06  3.31251e-20  0.00000e+00  0.00000e+00  4.99421e-07
0453  8.88467e+18  7.91681e+03  1.52944e+06  3.28587e-20  0.00000e+00  0.00000e+00  4.97467e-07
0454  8.90207e+18  7.91950e+03  1.52725e+06  3.25950e-20  0.00000e+00  0.00000e+00  4.95525e-07
0455  8.91946e+18  7.92217e+03  1.52507e+06  3.23339e-20  0.00000e+00  0.00000e+00  4.93595e-07
0456  8.93685e+18  7.92484e+03  1.52290e+06  3.20754e-20  0.00000e+00  0.00000e+00  4.91675e-07
0457  8.95424e+18  7.92750e+03  1.52073e+06  3.18195e-20  0.00000e+00  0.00000e+00  4.89767e-07
0458  8.97164e+18  7.93015e+03  1.51857e+06  3.15662e-20  0.00000e+00  0.00000e+00  4.87870e-07
0459  8.98903e+18  7.93278e+03  1.51641e+06  3.13154e-20  0.00000e+00  0.00000e+00  4.85984e-07
0460  9.00642e+18  7.93541e+03  1.51426e+06  3.10187e-20  0.00000e+00  0.00000e+00  4.84109e-07
0461  9.02381e+18  7.93803e+03  1.51211e+06  3.07760e-20  0.00000e+00  0.00000e+00  4.82244e-07
0462  9.04121e+18  7.94064e+03  1.50997e+06  3.05358e-20  0.00000e+00  0.00000e+00  4.80391e-07
0463  9.05860e+18  7.94324e+03  1.50784e+06  3.02979e-20  0.00000e+00  0.00000e+00  4.78548e-07
0464  9.07599e+18  7.94583e+03  1.50571e+06  3.00623e-20  0.00000e+00  0.00000e+00  4.76716e-07
0465  9.09338e+18  7.94841e+03  1.50359e+06  2.98290e-20  0.00000e+00  0.00000e+00  4.74894e-07
0466  9.11078e+18  7.95098e+03  1.50148e+06  2.95979e-20  0.00000e+00  0.00000e+00  4.73082e-07
0467  9.12817e+18  7.95355e+03  1.49937e+06  2.93691e-20  0.00000e+00  0.00000e+00  4.71281e-07
0468  9.14556e+18  7.95610e+03  1.49727e+06  2.91425e-20  0.00000e+00  0.00000e+00  4.69490e-07
0469  9.16295e+18  7.95864e+03  1.49518e+06  2.89181e-20  0.00000e+00  0.00000e+00  4.67710e-07
0470  9.18035e+18  7.96117e+03  1.49309e+06  2.86958e-20  0.00000e+00  0.00000e+00  4.65939e-07
0471  9.19774e+18  7.96370e+03  1.49101e+06  2.84757e-20  0.00000e+00  0.00000e+00  4.64179e-07
0472  9.21513e+18  7.96622e+03  1.48893e+06  2.82577e-20  0.00000e+00  0.00000e+00  4.62428e-07
0473  9.23252e+18  7.96872e+03  1.48686e+06  2.80418e-20  0.00000e+00  0.00000e+00  4.60688e-07
0474  9.24992e+18  7.97122e+03  1.48480e+06  2.78279e-20  0.00000e+00  0.00000e+00  4.58957e-07
0475  9.26731e+18  7.97371e+03  1.48274e+06  2.76161e-20  0.00000e+00  0.00000e+00  4.57236e-07
0476  9.28470e+18  7.97619e+03  1.48069e+06  2.74063e-20  0.00000e+00  0.00000e+00  4.55524e-07
0477  9.30209e+18  7.97866e+03  1.47864e+06  2.71984e-20  0.00000e+00  0.00000e+00  4.53823e-07
0478  9.31949e+18  7.98112e+03  1.47660e+06  2.69926e-20  0.00000e+00  0.00000e+00  4.52130e-07
0479  9.33688e+18  7.98357e+03  1.47457e+06  2.67887e-20  0.00000e+00  0.00000e+00  4.50447e-07
0480  9.35427e+18  7.98602e+03  1.47254e+06  2.65867e-20  0.00000e+00  0.00000e+00  4.48774e-07
0481  9.37166e+18  7.98845e+03  1.47052e+06  2.63866e-20  0.00000e+00  0.00000e+00  4.47110e-07
0482  9.38906e+18  7.99088e+03  1.46851e+06  2.61884e-20  0.00000e+00  0.00000e+00  4.45455e-07
0483  9.40645e+18  7.99329e+03  1.46650e+06  2.59921e-20  0.00000e+00  0.00000e+00  4.43809e-07
0484  9.42384e+18  7.99570e+03  1.46449e+06  2.57976e-20  0.00000e+00  0.00000e+00  4.42172e-07
0485  9.44123e+18  7.99811e+03  1.46249e+06  2.56049e-20  0.00000e+00  0.00000e+00  4.40545e-07
0486  9.45863e+18  8.00050e+03  1.46050e+06  2.54140e-20  0.00000e+00  0.00000e+00  4.38926e-07
0487  9.47602e+18  8.00288e+03  1.45852e+06  2.52249e-20  0.00000e+00  0.00000e+00  4.37316e-07
0488  9.49341e+18  8.00526e+03  1.45654e+06  2.50375e-20  0.00000e+00  0.00000e+00  4.35715e-07
0489  9.51080e+18  8.00762e+03  1.45456e+06  2.48519e-20  0.00000e+00  0.00000e+00  4.34123e-07
0490  9.52820e+18  8.00998e+03  1.45259e+06  2.46680e-20  0.00000e+00  0.00000e+00  4.32540e-07
0491  9.54559e+18  8.01233e+03  1.45063e+06  2.44859e-20  0.00000e+00  0.00000e+00  4.30965e-07
0492  9.56298e+18  8.01468e+03  1.44867e+06  2.43053e-20  0.00000e+00  0.00000e+00  4.29399e-07
0493  9.58037e+18  8.01701e+03  1.44672e+06  2.41265e-20  0.00000e+00  0.00000e+00  4.27841e-07
0494  9.59777e+18  8.01934e+03  1.44478e+06  2.39493e-20  0.00000e+00  0.00000e+00  4.26292e-07
0495  9.61516e+18  8.02165e+03  1.44284e+06  2.37737e-20  0.00000e+00  0.00000e+00  4.24751e-07
0496  9.63255e+18  8.02397e+03  1.44090e+06  2.35998e-20  0.00000e+00  0.00000e+00  4.23219e-07
0497  9.64994e+18  8.02627e+03  1.43897e+06  2.34274e-20  0.00000e+00  0.00000e+00  4.21695e-07
0498  9.66734e+18  8.02856e+03  1.43705e+06  2.32566e-20  0.00000e+00  0.00000e+00  4.20179e-07
0499  9.68473e+18  8.03085e+03  1.43513e+06  2.30873e-20  0.00000e+00  0.00000e+00  4.18671e-07
0500  9.70212e+18  8.03313e+03  1.43322e+06  2.29196e-20  0.00000e+00  0.00000e+00  4.17171e-07
0501  9.71951e+18  8.03540e+03  1.43131e+06  2.27534e-20  0.00000e+00  0.00000e+00  4.15679e-07
0502  9.73691e+18  8.03766e+03  1.42941e+06  2.25888e-20  0.00000e+00  0.00000e+00  4.14196e-07
0503  9.75430e+18  8.03991e+03  1.42751e+06  2.24256e-20  0.00000e+00  0.00000e+00  4.12720e-07
0504  9.77169e+18  8.04216e+03  1.42562e+06  2.22639e-20  0.00000e+00  0.00000e+00  4.11252e-07
0505  9.78908e+18  8.04440e+03  1.42374e+06  2.21036e-20  0.00000e+00  0.00000e+00  4.09792e-07
0506  9.80648e+18  8.04663e+03  1.42185e+06  2.19448e-20  0.00000e+00  0.00000e+00  4.08340e-07
0507  9.82387e+18  8.04886e+03  1.41998e+06  2.17874e-20  0.00000e+00  0.00000e+00  4.06895e-07
0508  9.84126e+18  8.05108e+03  1.41811e+06  2.16314e-20  0.00000e+00  0.00000e+00  4.05458e-07
0509  9.85865e+18  8.05329e+03  1.41625e+06  2.14768e-20  0.00000e+00  0.00000e+00  4.04029e-07
0510  9.87605e+18  8.05549e+03  1.41439e+06  2.13236e-20  0.00000e+00  0.00000e+00  4.02607e-07
0511  9.89344e+18  8.05768e+03  1.41253e+06  2.11718e-20  0.00000e+00  0.00000e+00  4.01193e-07
0512  9.91083e+18  8.05987e+03  1.41068e+06  2.10213e-20  0.00000e+00  0.00000e+00  3.99786e-07
0513  9.92822e+18  8.06205e+03  1.40884e+06  2.08721e-20  0.00000e+00  0.00000e+00  3.98386e-07
0514  9.94562e+18  8.06422e+03  1.40700e+06  2.07243e-20  0.00000e+00  0.00000e+00  3.96994e-07
0515  9.96301e+18  8.06639e+03  1.40517e+06  2.05778e-20  0.00000e+00  0.00000e+00  3.95609e-07
0516  9.98040e+18  8.06855e+03  1.40334e+06  2.04326e-20  0.00000e+00  0.00000e+00  3.94232e-07
0517  9.99779e+18  8.07070e+03  1.40152e+06  2.02886e-20  0.00000e+00  0.00000e+00  3.92861e-07
0518  1.00152e+19  8.07284e+03  1.39970e+06  2.01459e-20  0.00000e+00  0.00000e+00  3.91498e-07
0519  1.00326e+19  8.07498e+03  1.39789e+06  2.00045e-20  0.00000e+00  0.00000e+00  3.90142e-07
0520  1.00500e+19  8.07711e+03  1.39608e+06  1.98643e-20  0.00000e+00  0.00000e+00  3.88793e-07
0521  1.00674e+19  8.07923e+03  1.39428e+06  1.97254e-20  0.00000e+00  0.00000e+00  3.87450e-07
0522  1.00848e+19  8.08134e+03  1.39248e+06  1.95876e-20  0.00000e+00  0.00000e+00  3.86115e-07
0523  1.01021e+19  8.08345e+03  1.39069e+06  1.94511e-20  0.00000e+00  0.00000e+00  3.84787e-07
0524  1.01195e+19  8.08556e+03  1.38890e+06  1.93158e-20  0.00000e+00  0.00000e+00  3.83465e-07
0525  1.01369e+19  8.08765e+03  1.38712e+06  1.91816e-20  0.00000e+00  0.00000e+00  3.82150e-07
0526  1.01543e+19  8.08974e+03  1.38534e+06  1.90486e-20  0.00000e+00  0.00000e+00  3.80842e-07
0527  1.01717e+19  8.09182e+03  1.38357e+06  1.89167e-20  0.00000e+00  0.00000e+00  3.79541e-07
0528  1.01891e+19  8.09389e+03  1.38180e+06  1.87860e-20  0.00000e+00  0.00000e+00  3.78247e-07
0529  1.02065e+19  8.09596e+03  1.38003e+06  1.86564e-20  0.00000e+00  0.00000e+00  3.76959e-07
0530  1.02239e+19  8.09802e+03  1.37828e+06  1.85280e-20  0.00000e+00  0.00000e+00  3.75677e-07
0531  1.02413e+19  8.10008e+03  1.37652e+06  1.84006e-20  0.00000e+00  0.00000e+00  3.74402e-07
0532  1.02587e+19  8.10212e+03  1.37477e+06  1.82743e-20  0.00000e+00  0.00000e+00  3.73134e-07
0533  1.02761e+19  8.10416e+03  1.37303e+06  1.81492e-20  0.00000e+00  0.00000e+00  3.71872e-07
0534  1.02935e+19  8.10620e+03  1.37129e+06  1.80250e-20  0.00000e+00  0.00000e+00  3.70616e-07
0535  1.03109e+19  8.10823e+03  1.36955e+06  1.79020e-20  0.00000e+00  0.00000e+00  3.69367e-07
0536  1.03283e+19  8.11025e+03  1.36782e+06  1.77800e-20  0.00000e+00  0.00000e+00  3.68124e-07
0537  1.03456e+19  8.11226e+03  1.36610e+06  1.76590e-20  0.00000e+00  0.00000e+00  3.66887e-07
0538  1.03630e+19  8.11427e+03  1.36438e+06  1.75391e-20  0.00000e+00  0.00000e+00  3.65657e-07
0539  1.03804e+19  8.11627e+03  1.36266e+06  1.74202e-20  0.00000e+00  0.00000e+00  3.64432e-07
0540  1.03978e+19  8.11827e+03  1.36095e+06  1.73023e-20  0.00000e+00  0.00000e+00  3.63214e-07
0541  1.04152e+19  8.12026e+03  1.35924e+06  1.71854e-20  0.00000e+00  0.00000e+00  3.62002e-07
0542  1.04326e+19  8.12224e+03  1.35754e+06  1.70694e-20  0.00000e+00  0.00000e+00  3.60796e-07
0543  1.04500e+19  8.12422e+03  1.35584e+06  1.69545e-20  0.00000e+00  0.00000e+00  3.59596e-07
0544  1.04674e+19  8.12619e+03  1.35415e+06  1.68405e-20  0.00000e+00  0.00000e+00  3.58402e-07
0545  1.04848e+19  8.12815e+03  1.35246e+06  1.67275e-20  0.00000e+00  0.00000e+00  3.57214e-07
0546  1.05022e+19  8.13011e+03  1.35078e+06  1.66154e-20  0.00000e+00  0.00000e+00  3.56032e-07
0547  1.05196e+19  8.13206e+03  1.34910e+06  1.65043e-20  0.00000e+00  0.00000e+00  3.54856e-07
0548  1.05370e+19  8.13401e+03  1.34742e+06  1.63941e-20  0.00000e+00  0.00000e+00  3.53685e-07
0549  1.05544e+19  8.13595e+03  1.34575e+06  1.62848e-20  0.00000e+00  0.00000e+00  3.52520e-07
0550  1.05717e+19  8.13787e+03  1.34409e+06  1.61764e-20  0.00000e+00  0.00000e+00  3.51361e-07
0551  1.05891e+19  8.13984e+03  1.34242e+06  1.60689e-20  0.00000e+00  0.00000e+00  3.50208e-07
0552  1.06065e+19  8.14160e+03  1.34077e+06  1.59626e-20  0.00000e+00  0.00000e+00  3.49061e-07
0553  1.06239e+19  8.14420e+03  1.33908e+06  1.58544e-20  0.00000e+00  0.00000e+00  3.47919e-07
0554  1.06413e+19  8.14341e+03  1.33759e+06  1.57540e-20  0.00000e+00  0.00000e+00  3.46782e-07
0555  1.06587e+19  8.16171e+03  1.33500e+06  1.56235e-20  0.00000e+00  0.00000e+00  3.45651e-07
