# Athena++ data at time=5.300000e+11  cycle=39816762  variables=prim 
# i       x1v         rho          press          vel1         vel2         vel3     
0002  1.07548e+18  2.40946e-18  1.00596e-05 -6.61593e+05  1.09022e-08  0.00000e+00
0003  1.09287e+18  1.04130e-18  5.93685e-06 -1.34425e+05  1.68449e-01  0.00000e+00
0004  1.11027e+18  7.24093e-19  4.87754e-06 -2.78173e+05  1.78722e-01  0.00000e+00
0005  1.12766e+18  4.15318e-19  3.88263e-06 -5.73068e+05  1.87496e-01  0.00000e+00
0006  1.14505e+18  1.87833e-19  3.28523e-06 -1.33423e+06  1.90581e-01  0.00000e+00
0007  1.16244e+18  9.09327e-20  2.25361e-06 -3.31474e+06  1.87936e-01  0.00000e+00
0008  1.17983e+18  6.28061e-20  2.08247e-06 -4.20519e+06  1.85028e-01  0.00000e+00
0009  1.19723e+18  6.10326e-20  2.02094e-06 -4.21489e+06  1.81572e-01  0.00000e+00
0010  1.21462e+18  5.97814e-20  1.96184e-06 -4.12249e+06  1.78367e-01  0.00000e+00
0011  1.23201e+18  5.87745e-20  1.90608e-06 -4.04078e+06  1.75232e-01  0.00000e+00
0012  1.24940e+18  5.76997e-20  1.85282e-06 -3.96610e+06  1.72196e-01  0.00000e+00
0013  1.26679e+18  5.66480e-20  1.80198e-06 -3.89055e+06  1.69253e-01  0.00000e+00
0014  1.28419e+18  5.56848e-20  1.75346e-06 -3.81861e+06  1.66394e-01  0.00000e+00
0015  1.30158e+18  5.47427e-20  1.71235e-06 -3.73814e+06  1.63620e-01  0.00000e+00
0016  1.31897e+18  5.38069e-20  1.66361e-06 -3.66827e+06  1.60924e-01  0.00000e+00
0017  1.33636e+18  5.28321e-20  1.61762e-06 -3.60686e+06  1.58308e-01  0.00000e+00
0018  1.35375e+18  5.19029e-20  1.57369e-06 -3.54421e+06  1.55766e-01  0.00000e+00
0019  1.37115e+18  5.10087e-20  1.53179e-06 -3.48151e+06  1.53296e-01  0.00000e+00
0020  1.38854e+18  5.01449e-20  1.49180e-06 -3.41891e+06  1.50896e-01  0.00000e+00
0021  1.40593e+18  4.93116e-20  1.45361e-06 -3.35669e+06  1.48562e-01  0.00000e+00
0022  1.42332e+18  4.85114e-20  1.41765e-06 -3.29306e+06  1.46291e-01  0.00000e+00
0023  1.44071e+18  4.77485e-20  1.38368e-06 -3.22837e+06  1.44081e-01  0.00000e+00
0024  1.45811e+18  4.70107e-20  1.35118e-06 -3.16383e+06  1.41929e-01  0.00000e+00
0025  1.47550e+18  4.62958e-20  1.32006e-06 -3.09956e+06  1.39833e-01  0.00000e+00
0026  1.49289e+18  4.56036e-20  1.29025e-06 -3.03549e+06  1.37790e-01  0.00000e+00
0027  1.51028e+18  4.49332e-20  1.26166e-06 -2.97164e+06  1.35799e-01  0.00000e+00
0028  1.52767e+18  4.42835e-20  1.23423e-06 -2.90801e+06  1.33857e-01  0.00000e+00
0029  1.54507e+18  4.36536e-20  1.20790e-06 -2.84461e+06  1.31963e-01  0.00000e+00
0030  1.56246e+18  4.30430e-20  1.18261e-06 -2.78146e+06  1.30115e-01  0.00000e+00
0031  1.57985e+18  4.24499e-20  1.15829e-06 -2.71857e+06  1.28311e-01  0.00000e+00
0032  1.59724e+18  4.18760e-20  1.13494e-06 -2.65564e+06  1.26550e-01  0.00000e+00
0033  1.61463e+18  4.13238e-20  1.11292e-06 -2.59196e+06  1.24830e-01  0.00000e+00
0034  1.63203e+18  4.07910e-20  1.09176e-06 -2.52808e+06  1.23149e-01  0.00000e+00
0035  1.64942e+18  4.02724e-20  1.07136e-06 -2.46454e+06  1.21506e-01  0.00000e+00
0036  1.66681e+18  3.97685e-20  1.05170e-06 -2.40125e+06  1.19900e-01  0.00000e+00
0037  1.68420e+18  3.92770e-20  1.03266e-06 -2.33868e+06  1.18329e-01  0.00000e+00
0038  1.70160e+18  3.87941e-20  1.01395e-06 -2.27724e+06  1.16793e-01  0.00000e+00
0039  1.71899e+18  3.83226e-20  9.95896e-07 -2.21631e+06  1.15290e-01  0.00000e+00
0040  1.73638e+18  3.78648e-20  9.78496e-07 -2.15545e+06  1.13819e-01  0.00000e+00
0041  1.75377e+18  3.74200e-20  9.61714e-07 -2.09473e+06  1.12379e-01  0.00000e+00
0042  1.77116e+18  3.69872e-20  9.45519e-07 -2.03419e+06  1.10969e-01  0.00000e+00
0043  1.78856e+18  3.65660e-20  9.29882e-07 -1.97383e+06  1.09589e-01  0.00000e+00
0044  1.80595e+18  3.61561e-20  9.14777e-07 -1.91364e+06  1.08237e-01  0.00000e+00
0045  1.82334e+18  3.57570e-20  9.00180e-07 -1.85364e+06  1.06912e-01  0.00000e+00
0046  1.84073e+18  3.53683e-20  8.86067e-07 -1.79382e+06  1.05613e-01  0.00000e+00
0047  1.85813e+18  3.49898e-20  8.72417e-07 -1.73418e+06  1.04340e-01  0.00000e+00
0050  1.87552e+18  3.46209e-20  8.59209e-07 -1.67473e+06  1.03092e-01  0.00000e+00
0051  1.89291e+18  3.42615e-20  8.46424e-07 -1.61546e+06  1.01867e-01  0.00000e+00
0052  1.91030e+18  3.39111e-20  8.34043e-07 -1.55638e+06  1.00666e-01  0.00000e+00
0053  1.92769e+18  3.35696e-20  8.22049e-07 -1.49748e+06  9.94879e-02  0.00000e+00
0054  1.94509e+18  3.32365e-20  8.10426e-07 -1.43876e+06  9.83314e-02  0.00000e+00
0055  1.96248e+18  3.29117e-20  7.99158e-07 -1.38022e+06  9.71962e-02  0.00000e+00
0056  1.97987e+18  3.25949e-20  7.88231e-07 -1.32186e+06  9.60816e-02  0.00000e+00
0057  1.99726e+18  3.22858e-20  7.77631e-07 -1.26367e+06  9.49870e-02  0.00000e+00
0058  2.01466e+18  3.19844e-20  7.67348e-07 -1.20568e+06  9.39119e-02  0.00000e+00
0059  2.03205e+18  3.16902e-20  7.57365e-07 -1.14785e+06  9.28556e-02  0.00000e+00
0060  2.04944e+18  3.14016e-20  7.47654e-07 -1.08997e+06  9.18177e-02  0.00000e+00
0061  2.06683e+18  3.11260e-20  7.38307e-07 -1.03293e+06  9.07977e-02  0.00000e+00
0062  2.08423e+18  3.08587e-20  7.30537e-07 -9.71854e+05  8.97948e-02  0.00000e+00
0063  2.10162e+18  3.06089e-20  7.21314e-07 -9.12341e+05  8.88080e-02  0.00000e+00
0064  2.11901e+18  3.03340e-20  7.12025e-07 -8.58526e+05  8.78382e-02  0.00000e+00
0065  2.13640e+18  3.00636e-20  7.02980e-07 -8.04954e+05  8.68846e-02  0.00000e+00
0066  2.15379e+18  2.98042e-20  6.94254e-07 -7.51027e+05  8.59470e-02  0.00000e+00
0067  2.17119e+18  2.95496e-20  6.85765e-07 -6.96775e+05  8.50249e-02  0.00000e+00
0068  2.18858e+18  2.93109e-20  6.77649e-07 -6.41851e+05  8.41178e-02  0.00000e+00
0069  2.20597e+18  2.90977e-20  6.72256e-07 -5.78614e+05  8.32246e-02  0.00000e+00
0070  2.22336e+18  2.89058e-20  6.65370e-07 -5.16408e+05  8.23440e-02  0.00000e+00
0071  2.24076e+18  2.86729e-20  6.57721e-07 -4.63138e+05  8.14774e-02  0.00000e+00
0072  2.25815e+18  2.84407e-20  6.50191e-07 -4.10668e+05  8.06243e-02  0.00000e+00
0073  2.27554e+18  2.82189e-20  6.42912e-07 -3.57497e+05  7.97844e-02  0.00000e+00
0074  2.29293e+18  2.80035e-20  6.35830e-07 -3.04254e+05  7.89575e-02  0.00000e+00
0075  2.31033e+18  2.77922e-20  6.28912e-07 -2.51234e+05  7.81432e-02  0.00000e+00
0076  2.32772e+18  2.75852e-20  6.22156e-07 -1.98421e+05  7.73412e-02  0.00000e+00
0077  2.34511e+18  2.73824e-20  6.15558e-07 -1.45773e+05  7.65512e-02  0.00000e+00
0078  2.36250e+18  2.71840e-20  6.09114e-07 -9.32767e+04  7.57730e-02  0.00000e+00
0079  2.37989e+18  2.69897e-20  6.02821e-07 -4.09286e+04  7.50061e-02  0.00000e+00
0080  2.39729e+18  2.67994e-20  5.96673e-07  1.12759e+04  7.42504e-02  0.00000e+00
0081  2.41468e+18  2.66132e-20  5.90667e-07  6.33433e+04  7.35056e-02  0.00000e+00
0082  2.43207e+18  2.64309e-20  5.84800e-07  1.15281e+05  7.27714e-02  0.00000e+00
0083  2.44946e+18  2.62524e-20  5.79066e-07  1.67093e+05  7.20476e-02  0.00000e+00
0084  2.46686e+18  2.60778e-20  5.73463e-07  2.18792e+05  7.13339e-02  0.00000e+00
0085  2.48425e+18  2.59067e-20  5.67986e-07  2.70385e+05  7.06302e-02  0.00000e+00
0086  2.50164e+18  2.57386e-20  5.62625e-07  3.21622e+05  6.99361e-02  0.00000e+00
0087  2.51903e+18  2.55708e-20  5.57114e-07  3.71761e+05  6.92517e-02  0.00000e+00
0088  2.53643e+18  2.54025e-20  5.51663e-07  4.20970e+05  6.85767e-02  0.00000e+00
0089  2.55382e+18  2.52376e-20  5.46328e-07  4.70092e+05  6.79109e-02  0.00000e+00
0090  2.57121e+18  2.50766e-20  5.41113e-07  5.19193e+05  6.72543e-02  0.00000e+00
0091  2.58860e+18  2.49189e-20  5.36007e-07  5.68190e+05  6.66065e-02  0.00000e+00
0092  2.60600e+18  2.47642e-20  5.31006e-07  6.17056e+05  6.59673e-02  0.00000e+00
0093  2.62339e+18  2.46124e-20  5.26109e-07  6.65800e+05  6.53367e-02  0.00000e+00
0094  2.64078e+18  2.44637e-20  5.21311e-07  7.14433e+05  6.47144e-02  0.00000e+00
0095  2.65817e+18  2.43179e-20  5.16612e-07  7.62962e+05  6.41002e-02  0.00000e+00
0096  2.67557e+18  2.41749e-20  5.12010e-07  8.11391e+05  6.34939e-02  0.00000e+00
0097  2.69296e+18  2.40349e-20  5.07501e-07  8.59727e+05  6.28955e-02  0.00000e+00
0098  2.71035e+18  2.38976e-20  5.03084e-07  9.07975e+05  6.23046e-02  0.00000e+00
0099  2.72774e+18  2.37631e-20  4.98756e-07  9.56142e+05  6.17213e-02  0.00000e+00
0100  2.74513e+18  2.36313e-20  4.94517e-07  1.00423e+06  6.11452e-02  0.00000e+00
0101  2.76253e+18  2.35022e-20  4.90363e-07  1.05226e+06  6.05763e-02  0.00000e+00
0102  2.77992e+18  2.33759e-20  4.86294e-07  1.10022e+06  6.00143e-02  0.00000e+00
0103  2.79731e+18  2.32521e-20  4.82307e-07  1.14812e+06  5.94593e-02  0.00000e+00
0104  2.81470e+18  2.31310e-20  4.78402e-07  1.19598e+06  5.89109e-02  0.00000e+00
0105  2.83210e+18  2.30125e-20  4.74576e-07  1.24380e+06  5.83692e-02  0.00000e+00
0106  2.84949e+18  2.28966e-20  4.70828e-07  1.29158e+06  5.78339e-02  0.00000e+00
0107  2.86688e+18  2.27833e-20  4.67157e-07  1.33934e+06  5.73049e-02  0.00000e+00
0108  2.88427e+18  2.26726e-20  4.63562e-07  1.38709e+06  5.67821e-02  0.00000e+00
0109  2.90167e+18  2.25643e-20  4.60040e-07  1.43484e+06  5.62654e-02  0.00000e+00
0110  2.91906e+18  2.24589e-20  4.56595e-07  1.48248e+06  5.57546e-02  0.00000e+00
0111  2.93645e+18  2.23532e-20  4.53187e-07  1.53007e+06  5.52497e-02  0.00000e+00
0112  2.95384e+18  2.22441e-20  4.48874e-07  1.57377e+06  5.47506e-02  0.00000e+00
0113  2.97124e+18  2.21149e-20  4.44796e-07  1.61286e+06  5.42582e-02  0.00000e+00
0114  2.98863e+18  2.19948e-20  4.40845e-07  1.65461e+06  5.37717e-02  0.00000e+00
0115  3.00602e+18  2.18844e-20  4.37034e-07  1.69734e+06  5.32912e-02  0.00000e+00
0116  3.02341e+18  2.17757e-20  4.33283e-07  1.73991e+06  5.28165e-02  0.00000e+00
0117  3.04081e+18  2.16675e-20  4.29584e-07  1.78219e+06  5.23475e-02  0.00000e+00
0118  3.05820e+18  2.15608e-20  4.25941e-07  1.82435e+06  5.18841e-02  0.00000e+00
0119  3.07559e+18  2.14554e-20  4.22335e-07  1.86615e+06  5.14262e-02  0.00000e+00
0120  3.09298e+18  2.13494e-20  4.18630e-07  1.90707e+06  5.09738e-02  0.00000e+00
0121  3.11037e+18  2.12427e-20  4.14964e-07  1.94740e+06  5.05268e-02  0.00000e+00
0122  3.12777e+18  2.11380e-20  4.11358e-07  1.98771e+06  5.00852e-02  0.00000e+00
0123  3.14516e+18  2.10353e-20  4.07812e-07  2.02800e+06  4.96488e-02  0.00000e+00
0124  3.16255e+18  2.09344e-20  4.04321e-07  2.06821e+06  4.92177e-02  0.00000e+00
0125  3.17994e+18  2.08349e-20  4.00885e-07  2.10833e+06  4.87916e-02  0.00000e+00
0126  3.19734e+18  2.07370e-20  3.97501e-07  2.14835e+06  4.83705e-02  0.00000e+00
0127  3.21473e+18  2.06406e-20  3.94169e-07  2.18830e+06  4.79543e-02  0.00000e+00
0128  3.23212e+18  2.05457e-20  3.90888e-07  2.22815e+06  4.75429e-02  0.00000e+00
0129  3.24951e+18  2.04523e-20  3.87657e-07  2.26793e+06  4.71363e-02  0.00000e+00
0130  3.26691e+18  2.03604e-20  3.84475e-07  2.30763e+06  4.67343e-02  0.00000e+00
0131  3.28430e+18  2.02699e-20  3.81341e-07  2.34726e+06  4.63370e-02  0.00000e+00
0132  3.30169e+18  2.01808e-20  3.78254e-07  2.38681e+06  4.59441e-02  0.00000e+00
0133  3.31908e+18  2.00931e-20  3.75214e-07  2.42628e+06  4.55557e-02  0.00000e+00
0134  3.33648e+18  2.00068e-20  3.72218e-07  2.46569e+06  4.51716e-02  0.00000e+00
0135  3.35387e+18  1.99219e-20  3.69268e-07  2.50503e+06  4.47918e-02  0.00000e+00
0136  3.37126e+18  1.98384e-20  3.66360e-07  2.54431e+06  4.44162e-02  0.00000e+00
0137  3.38865e+18  1.97562e-20  3.63496e-07  2.58352e+06  4.40448e-02  0.00000e+00
0138  3.40605e+18  1.96753e-20  3.60674e-07  2.62266e+06  4.36775e-02  0.00000e+00
0139  3.42344e+18  1.95957e-20  3.57893e-07  2.66175e+06  4.33141e-02  0.00000e+00
0140  3.44083e+18  1.95174e-20  3.55153e-07  2.70078e+06  4.29548e-02  0.00000e+00
0141  3.45822e+18  1.94402e-20  3.52451e-07  2.73975e+06  4.25993e-02  0.00000e+00
0142  3.47562e+18  1.93639e-20  3.49750e-07  2.77840e+06  4.22477e-02  0.00000e+00
0143  3.49301e+18  1.92871e-20  3.47028e-07  2.81648e+06  4.18999e-02  0.00000e+00
0144  3.51040e+18  1.92108e-20  3.44338e-07  2.85436e+06  4.15558e-02  0.00000e+00
0145  3.52779e+18  1.91358e-20  3.41689e-07  2.89224e+06  4.12155e-02  0.00000e+00
0146  3.54519e+18  1.90624e-20  3.39079e-07  2.93011e+06  4.08789e-02  0.00000e+00
0147  3.56258e+18  1.89901e-20  3.36506e-07  2.96793e+06  4.05459e-02  0.00000e+00
0148  3.57997e+18  1.89189e-20  3.33970e-07  3.00571e+06  4.02165e-02  0.00000e+00
0149  3.59736e+18  1.88489e-20  3.31469e-07  3.04343e+06  3.98905e-02  0.00000e+00
0150  3.61476e+18  1.87800e-20  3.29003e-07  3.08111e+06  3.95680e-02  0.00000e+00
0151  3.63215e+18  1.87122e-20  3.26573e-07  3.11876e+06  3.92489e-02  0.00000e+00
0152  3.64954e+18  1.86456e-20  3.24176e-07  3.15636e+06  3.89331e-02  0.00000e+00
0153  3.66693e+18  1.85801e-20  3.21813e-07  3.19392e+06  3.86207e-02  0.00000e+00
0154  3.68432e+18  1.85157e-20  3.19482e-07  3.23145e+06  3.83115e-02  0.00000e+00
0155  3.70172e+18  1.84523e-20  3.17184e-07  3.26894e+06  3.80054e-02  0.00000e+00
0156  3.71911e+18  1.83901e-20  3.14918e-07  3.30641e+06  3.77026e-02  0.00000e+00
0157  3.73650e+18  1.83289e-20  3.12684e-07  3.34384e+06  3.74028e-02  0.00000e+00
0158  3.75389e+18  1.82688e-20  3.10480e-07  3.38124e+06  3.71061e-02  0.00000e+00
0159  3.77129e+18  1.82098e-20  3.08306e-07  3.41860e+06  3.68124e-02  0.00000e+00
0160  3.78868e+18  1.81509e-20  3.06158e-07  3.45595e+06  3.65217e-02  0.00000e+00
0161  3.80607e+18  1.80908e-20  3.03864e-07  3.49172e+06  3.62340e-02  0.00000e+00
0162  3.82346e+18  1.80216e-20  3.01167e-07  3.52379e+06  3.59495e-02  0.00000e+00
0163  3.84086e+18  1.79503e-20  2.98661e-07  3.55645e+06  3.56683e-02  0.00000e+00
0164  3.85825e+18  1.78842e-20  2.96203e-07  3.58974e+06  3.53902e-02  0.00000e+00
0165  3.87564e+18  1.78200e-20  2.93783e-07  3.62304e+06  3.51152e-02  0.00000e+00
0166  3.89303e+18  1.77561e-20  2.91395e-07  3.65625e+06  3.48433e-02  0.00000e+00
0167  3.91043e+18  1.76929e-20  2.89039e-07  3.68942e+06  3.45743e-02  0.00000e+00
0168  3.92782e+18  1.76306e-20  2.86715e-07  3.72256e+06  3.43083e-02  0.00000e+00
0169  3.94521e+18  1.75692e-20  2.84423e-07  3.75568e+06  3.40453e-02  0.00000e+00
0170  3.96260e+18  1.75087e-20  2.82163e-07  3.78877e+06  3.37851e-02  0.00000e+00
0171  3.98000e+18  1.74490e-20  2.79932e-07  3.82184e+06  3.35277e-02  0.00000e+00
0172  3.99739e+18  1.73901e-20  2.77732e-07  3.85489e+06  3.32731e-02  0.00000e+00
0173  4.01478e+18  1.73318e-20  2.75562e-07  3.88789e+06  3.30213e-02  0.00000e+00
0174  4.03217e+18  1.72732e-20  2.73277e-07  3.92029e+06  3.27722e-02  0.00000e+00
0175  4.04957e+18  1.72122e-20  2.71031e-07  3.95135e+06  3.25259e-02  0.00000e+00
0176  4.06696e+18  1.71515e-20  2.68817e-07  3.98290e+06  3.22824e-02  0.00000e+00
0177  4.08435e+18  1.70933e-20  2.66639e-07  4.01469e+06  3.20416e-02  0.00000e+00
0178  4.10174e+18  1.70362e-20  2.64493e-07  4.04646e+06  3.18034e-02  0.00000e+00
0179  4.11914e+18  1.69796e-20  2.62379e-07  4.07822e+06  3.15678e-02  0.00000e+00
0180  4.13653e+18  1.69238e-20  2.60296e-07  4.10997e+06  3.13348e-02  0.00000e+00
0181  4.15392e+18  1.68688e-20  2.58244e-07  4.14174e+06  3.11044e-02  0.00000e+00
0182  4.17131e+18  1.68147e-20  2.56222e-07  4.17352e+06  3.08764e-02  0.00000e+00
0183  4.18871e+18  1.67613e-20  2.54229e-07  4.20531e+06  3.06509e-02  0.00000e+00
0184  4.20610e+18  1.67087e-20  2.52265e-07  4.23710e+06  3.04278e-02  0.00000e+00
0185  4.22349e+18  1.66568e-20  2.50329e-07  4.26890e+06  3.02071e-02  0.00000e+00
0186  4.24088e+18  1.66057e-20  2.48422e-07  4.30070e+06  2.99888e-02  0.00000e+00
0187  4.25828e+18  1.65554e-20  2.46542e-07  4.33251e+06  2.97728e-02  0.00000e+00
0188  4.27567e+18  1.65058e-20  2.44688e-07  4.36432e+06  2.95590e-02  0.00000e+00
0189  4.29306e+18  1.64569e-20  2.42861e-07  4.39614e+06  2.93475e-02  0.00000e+00
0190  4.31045e+18  1.64088e-20  2.41060e-07  4.42797e+06  2.91383e-02  0.00000e+00
0191  4.32785e+18  1.63613e-20  2.39285e-07  4.45979e+06  2.89312e-02  0.00000e+00
0192  4.34524e+18  1.63146e-20  2.37535e-07  4.49163e+06  2.87262e-02  0.00000e+00
0193  4.36263e+18  1.62685e-20  2.35809e-07  4.52346e+06  2.85234e-02  0.00000e+00
0194  4.38002e+18  1.62231e-20  2.34107e-07  4.55530e+06  2.83227e-02  0.00000e+00
0195  4.39742e+18  1.61784e-20  2.32429e-07  4.58714e+06  2.81240e-02  0.00000e+00
0196  4.41481e+18  1.61340e-20  2.30767e-07  4.61886e+06  2.79274e-02  0.00000e+00
0197  4.43220e+18  1.60894e-20  2.29059e-07  4.65011e+06  2.77328e-02  0.00000e+00
0198  4.44959e+18  1.60442e-20  2.27373e-07  4.68106e+06  2.75402e-02  0.00000e+00
0199  4.46699e+18  1.59997e-20  2.25710e-07  4.71209e+06  2.73497e-02  0.00000e+00
0200  4.48438e+18  1.59562e-20  2.24071e-07  4.74316e+06  2.71611e-02  0.00000e+00
0201  4.50177e+18  1.59133e-20  2.22456e-07  4.77425e+06  2.69745e-02  0.00000e+00
0202  4.51916e+18  1.58711e-20  2.20864e-07  4.80535e+06  2.67898e-02  0.00000e+00
0203  4.53655e+18  1.58294e-20  2.19294e-07  4.83645e+06  2.66070e-02  0.00000e+00
0204  4.55395e+18  1.57884e-20  2.17746e-07  4.86755e+06  2.64260e-02  0.00000e+00
0205  4.57134e+18  1.57480e-20  2.16219e-07  4.89867e+06  2.62469e-02  0.00000e+00
0206  4.58873e+18  1.57081e-20  2.14714e-07  4.92979e+06  2.60696e-02  0.00000e+00
0207  4.60612e+18  1.56689e-20  2.13230e-07  4.96092e+06  2.58941e-02  0.00000e+00
0208  4.62352e+18  1.56302e-20  2.11766e-07  4.99205e+06  2.57203e-02  0.00000e+00
0209  4.64091e+18  1.55921e-20  2.10322e-07  5.02319e+06  2.55483e-02  0.00000e+00
0210  4.65830e+18  1.55545e-20  2.08899e-07  5.05431e+06  2.53780e-02  0.00000e+00
0211  4.67569e+18  1.55173e-20  2.07479e-07  5.08535e+06  2.52094e-02  0.00000e+00
0212  4.69309e+18  1.54804e-20  2.06074e-07  5.11626e+06  2.50425e-02  0.00000e+00
0213  4.71048e+18  1.54439e-20  2.04689e-07  5.14720e+06  2.48772e-02  0.00000e+00
0214  4.72787e+18  1.54081e-20  2.03323e-07  5.17816e+06  2.47136e-02  0.00000e+00
0215  4.74526e+18  1.53728e-20  2.01977e-07  5.20913e+06  2.45516e-02  0.00000e+00
0216  4.76266e+18  1.53381e-20  2.00650e-07  5.24011e+06  2.43911e-02  0.00000e+00
0217  4.78005e+18  1.53039e-20  1.99341e-07  5.27110e+06  2.42323e-02  0.00000e+00
0218  4.79744e+18  1.52703e-20  1.98051e-07  5.30211e+06  2.40749e-02  0.00000e+00
0219  4.81483e+18  1.52372e-20  1.96778e-07  5.33311e+06  2.39191e-02  0.00000e+00
0220  4.83223e+18  1.52046e-20  1.95524e-07  5.36413e+06  2.37648e-02  0.00000e+00
0221  4.84962e+18  1.51725e-20  1.94286e-07  5.39515e+06  2.36120e-02  0.00000e+00
0222  4.86701e+18  1.51410e-20  1.93066e-07  5.42619e+06  2.34606e-02  0.00000e+00
0223  4.88440e+18  1.51099e-20  1.91862e-07  5.45722e+06  2.33107e-02  0.00000e+00
0224  4.90180e+18  1.50794e-20  1.90675e-07  5.48827e+06  2.31621e-02  0.00000e+00
0225  4.91919e+18  1.50494e-20  1.89504e-07  5.51932e+06  2.30150e-02  0.00000e+00
0226  4.93658e+18  1.50198e-20  1.88349e-07  5.55038e+06  2.28693e-02  0.00000e+00
0227  4.95397e+18  1.49907e-20  1.87210e-07  5.58144e+06  2.27249e-02  0.00000e+00
0228  4.97137e+18  1.49622e-20  1.86086e-07  5.61251e+06  2.25818e-02  0.00000e+00
0229  4.98876e+18  1.49341e-20  1.84978e-07  5.64358e+06  2.24401e-02  0.00000e+00
0230  5.00615e+18  1.49065e-20  1.83884e-07  5.67465e+06  2.22997e-02  0.00000e+00
0231  5.02354e+18  1.48793e-20  1.82805e-07  5.70572e+06  2.21606e-02  0.00000e+00
0232  5.04094e+18  1.48521e-20  1.81741e-07  5.73661e+06  2.20227e-02  0.00000e+00
0233  5.05833e+18  1.48234e-20  1.80483e-07  5.76647e+06  2.18862e-02  0.00000e+00
0234  5.07572e+18  1.47921e-20  1.79315e-07  5.79514e+06  2.17510e-02  0.00000e+00
0235  5.09311e+18  1.47617e-20  1.78165e-07  5.82469e+06  2.16172e-02  0.00000e+00
0236  5.11051e+18  1.47336e-20  1.77034e-07  5.85444e+06  2.14847e-02  0.00000e+00
0237  5.12790e+18  1.47059e-20  1.75919e-07  5.88415e+06  2.13535e-02  0.00000e+00
0238  5.14529e+18  1.46784e-20  1.74819e-07  5.91383e+06  2.12235e-02  0.00000e+00
0239  5.16268e+18  1.46512e-20  1.73734e-07  5.94352e+06  2.10948e-02  0.00000e+00
0240  5.18008e+18  1.46244e-20  1.72664e-07  5.97322e+06  2.09673e-02  0.00000e+00
0241  5.19747e+18  1.45982e-20  1.71609e-07  6.00294e+06  2.08410e-02  0.00000e+00
0242  5.21486e+18  1.45723e-20  1.70568e-07  6.03266e+06  2.07159e-02  0.00000e+00
0243  5.23225e+18  1.45468e-20  1.69542e-07  6.06238e+06  2.05921e-02  0.00000e+00
0244  5.24965e+18  1.45218e-20  1.68530e-07  6.09212e+06  2.04693e-02  0.00000e+00
0245  5.26704e+18  1.44972e-20  1.67531e-07  6.12186e+06  2.03477e-02  0.00000e+00
0246  5.28443e+18  1.44731e-20  1.66546e-07  6.15163e+06  2.02273e-02  0.00000e+00
0247  5.30182e+18  1.44501e-20  1.65576e-07  6.18177e+06  2.01080e-02  0.00000e+00
0248  5.31922e+18  1.44287e-20  1.64759e-07  6.21275e+06  1.99896e-02  0.00000e+00
0249  5.33661e+18  1.44071e-20  1.63777e-07  6.24247e+06  1.98724e-02  0.00000e+00
0250  5.35400e+18  1.43826e-20  1.62799e-07  6.27144e+06  1.97563e-02  0.00000e+00
0251  5.37139e+18  1.43583e-20  1.61834e-07  6.30060e+06  1.96412e-02  0.00000e+00
0252  5.38879e+18  1.43351e-20  1.60886e-07  6.32991e+06  1.95273e-02  0.00000e+00
0253  5.40618e+18  1.43127e-20  1.59952e-07  6.35925e+06  1.94144e-02  0.00000e+00
0254  5.42357e+18  1.42905e-20  1.59031e-07  6.38859e+06  1.93025e-02  0.00000e+00
0255  5.44096e+18  1.42687e-20  1.58124e-07  6.41794e+06  1.91917e-02  0.00000e+00
0256  5.45836e+18  1.42473e-20  1.57230e-07  6.44731e+06  1.90819e-02  0.00000e+00
0257  5.47575e+18  1.42263e-20  1.56350e-07  6.47669e+06  1.89731e-02  0.00000e+00
0258  5.49314e+18  1.42056e-20  1.55482e-07  6.50609e+06  1.88653e-02  0.00000e+00
0259  5.51053e+18  1.41854e-20  1.54627e-07  6.53550e+06  1.87585e-02  0.00000e+00
0260  5.52793e+18  1.41655e-20  1.53784e-07  6.56492e+06  1.86526e-02  0.00000e+00
0261  5.54532e+18  1.41460e-20  1.52953e-07  6.59435e+06  1.85477e-02  0.00000e+00
0262  5.56271e+18  1.41269e-20  1.52134e-07  6.62380e+06  1.84437e-02  0.00000e+00
0263  5.58010e+18  1.41081e-20  1.51327e-07  6.65325e+06  1.83407e-02  0.00000e+00
0264  5.59750e+18  1.40897e-20  1.50532e-07  6.68272e+06  1.82385e-02  0.00000e+00
0265  5.61489e+18  1.40716e-20  1.49748e-07  6.71219e+06  1.81373e-02  0.00000e+00
0266  5.63228e+18  1.40539e-20  1.48975e-07  6.74167e+06  1.80369e-02  0.00000e+00
0267  5.64967e+18  1.40366e-20  1.48214e-07  6.77116e+06  1.79374e-02  0.00000e+00
0268  5.66707e+18  1.40196e-20  1.47463e-07  6.80066e+06  1.78388e-02  0.00000e+00
0269  5.68446e+18  1.40029e-20  1.46723e-07  6.83016e+06  1.77410e-02  0.00000e+00
0270  5.70185e+18  1.39866e-20  1.45993e-07  6.85967e+06  1.76440e-02  0.00000e+00
0271  5.71924e+18  1.39706e-20  1.45274e-07  6.88914e+06  1.75479e-02  0.00000e+00
0272  5.73664e+18  1.39545e-20  1.44538e-07  6.91845e+06  1.74526e-02  0.00000e+00
0273  5.75403e+18  1.39383e-20  1.43809e-07  6.94756e+06  1.73581e-02  0.00000e+00
0274  5.77142e+18  1.39223e-20  1.43089e-07  6.97669e+06  1.72645e-02  0.00000e+00
0275  5.78881e+18  1.39067e-20  1.42380e-07  7.00585e+06  1.71716e-02  0.00000e+00
0276  5.80620e+18  1.38915e-20  1.41682e-07  7.03502e+06  1.70796e-02  0.00000e+00
0277  5.82360e+18  1.38767e-20  1.40992e-07  7.06419e+06  1.69883e-02  0.00000e+00
0278  5.84099e+18  1.38621e-20  1.40313e-07  7.09336e+06  1.68978e-02  0.00000e+00
0279  5.85838e+18  1.38479e-20  1.39642e-07  7.12253e+06  1.68081e-02  0.00000e+00
0280  5.87577e+18  1.38339e-20  1.38981e-07  7.15170e+06  1.67191e-02  0.00000e+00
0281  5.89317e+18  1.38203e-20  1.38329e-07  7.18087e+06  1.66309e-02  0.00000e+00
0282  5.91056e+18  1.38069e-20  1.37686e-07  7.21003e+06  1.65434e-02  0.00000e+00
0283  5.92795e+18  1.37939e-20  1.37051e-07  7.23920e+06  1.64566e-02  0.00000e+00
0284  5.94534e+18  1.37811e-20  1.36426e-07  7.26836e+06  1.63705e-02  0.00000e+00
0285  5.96274e+18  1.37686e-20  1.35807e-07  7.29750e+06  1.62852e-02  0.00000e+00
0286  5.98013e+18  1.37562e-20  1.35187e-07  7.32654e+06  1.62005e-02  0.00000e+00
0287  5.99752e+18  1.37439e-20  1.34574e-07  7.35553e+06  1.61166e-02  0.00000e+00
0288  6.01491e+18  1.37319e-20  1.33970e-07  7.38452e+06  1.60333e-02  0.00000e+00
0289  6.03231e+18  1.37203e-20  1.33375e-07  7.41352e+06  1.59507e-02  0.00000e+00
0290  6.04970e+18  1.37089e-20  1.32788e-07  7.44253e+06  1.58688e-02  0.00000e+00
0291  6.06709e+18  1.36979e-20  1.32210e-07  7.47154e+06  1.57876e-02  0.00000e+00
0292  6.08448e+18  1.36871e-20  1.31640e-07  7.50055e+06  1.57070e-02  0.00000e+00
0293  6.10188e+18  1.36766e-20  1.31078e-07  7.52956e+06  1.56270e-02  0.00000e+00
0294  6.11927e+18  1.36664e-20  1.30524e-07  7.55856e+06  1.55477e-02  0.00000e+00
0295  6.13666e+18  1.36565e-20  1.29978e-07  7.58757e+06  1.54690e-02  0.00000e+00
0296  6.15405e+18  1.36469e-20  1.29440e-07  7.61657e+06  1.53909e-02  0.00000e+00
0297  6.17145e+18  1.36375e-20  1.28909e-07  7.64557e+06  1.53134e-02  0.00000e+00
0298  6.18884e+18  1.36285e-20  1.28386e-07  7.67457e+06  1.52366e-02  0.00000e+00
0299  6.20623e+18  1.36197e-20  1.27870e-07  7.70356e+06  1.51603e-02  0.00000e+00
0300  6.22362e+18  1.36112e-20  1.27362e-07  7.73255e+06  1.50846e-02  0.00000e+00
0301  6.24102e+18  1.36029e-20  1.26861e-07  7.76154e+06  1.50095e-02  0.00000e+00
0302  6.25841e+18  1.35949e-20  1.26366e-07  7.79052e+06  1.49350e-02  0.00000e+00
0303  6.27580e+18  1.35872e-20  1.25879e-07  7.81950e+06  1.48610e-02  0.00000e+00
0304  6.29319e+18  1.35798e-20  1.25399e-07  7.84847e+06  1.47876e-02  0.00000e+00
0305  6.31059e+18  1.35726e-20  1.24925e-07  7.87743e+06  1.47148e-02  0.00000e+00
0306  6.32798e+18  1.35657e-20  1.24458e-07  7.90640e+06  1.46424e-02  0.00000e+00
0307  6.34537e+18  1.35591e-20  1.23998e-07  7.93535e+06  1.45707e-02  0.00000e+00
0308  6.36276e+18  1.35527e-20  1.23544e-07  7.96430e+06  1.44994e-02  0.00000e+00
0309  6.38016e+18  1.35466e-20  1.23097e-07  7.99325e+06  1.44287e-02  0.00000e+00
0310  6.39755e+18  1.35408e-20  1.22656e-07  8.02218e+06  1.43585e-02  0.00000e+00
0311  6.41494e+18  1.35352e-20  1.22221e-07  8.05111e+06  1.42888e-02  0.00000e+00
0312  6.43233e+18  1.35299e-20  1.21792e-07  8.08004e+06  1.42196e-02  0.00000e+00
0313  6.44973e+18  1.35248e-20  1.21370e-07  8.10895e+06  1.41509e-02  0.00000e+00
0314  6.46712e+18  1.35200e-20  1.20953e-07  8.13786e+06  1.40827e-02  0.00000e+00
0315  6.48451e+18  1.35154e-20  1.20542e-07  8.16675e+06  1.40150e-02  0.00000e+00
0316  6.50190e+18  1.35108e-20  1.20137e-07  8.19550e+06  1.39478e-02  0.00000e+00
0317  6.51930e+18  1.35050e-20  1.19567e-07  8.22347e+06  1.38811e-02  0.00000e+00
0318  6.53669e+18  1.34969e-20  1.19095e-07  8.25020e+06  1.38149e-02  0.00000e+00
0319  6.55408e+18  1.34890e-20  1.18632e-07  8.27783e+06  1.37493e-02  0.00000e+00
0320  6.57147e+18  1.34835e-20  1.18180e-07  8.30586e+06  1.36842e-02  0.00000e+00
0321  6.58887e+18  1.34788e-20  1.17736e-07  8.33389e+06  1.36196e-02  0.00000e+00
0322  6.60626e+18  1.34746e-20  1.17298e-07  8.36214e+06  1.35555e-02  0.00000e+00
0323  6.62365e+18  1.34713e-20  1.16978e-07  8.39103e+06  1.34918e-02  0.00000e+00
0324  6.64104e+18  1.34679e-20  1.16513e-07  8.41893e+06  1.34286e-02  0.00000e+00
0325  6.65844e+18  1.34618e-20  1.16043e-07  8.44592e+06  1.33659e-02  0.00000e+00
0326  6.67583e+18  1.34549e-20  1.15577e-07  8.47297e+06  1.33037e-02  0.00000e+00
0327  6.69322e+18  1.34490e-20  1.15120e-07  8.50017e+06  1.32421e-02  0.00000e+00
0328  6.71061e+18  1.34438e-20  1.14670e-07  8.52741e+06  1.31809e-02  0.00000e+00
0329  6.72801e+18  1.34389e-20  1.14227e-07  8.55464e+06  1.31202e-02  0.00000e+00
0330  6.74540e+18  1.34340e-20  1.13789e-07  8.58185e+06  1.30599e-02  0.00000e+00
0331  6.76279e+18  1.34293e-20  1.13357e-07  8.60904e+06  1.30002e-02  0.00000e+00
0332  6.78018e+18  1.34249e-20  1.12931e-07  8.63621e+06  1.29409e-02  0.00000e+00
0333  6.79758e+18  1.34206e-20  1.12511e-07  8.66338e+06  1.28821e-02  0.00000e+00
0334  6.81497e+18  1.34165e-20  1.12097e-07  8.69054e+06  1.28237e-02  0.00000e+00
0335  6.83236e+18  1.34126e-20  1.11688e-07  8.71768e+06  1.27658e-02  0.00000e+00
0336  6.84975e+18  1.34089e-20  1.11285e-07  8.74481e+06  1.27084e-02  0.00000e+00
0337  6.86715e+18  1.34054e-20  1.10888e-07  8.77192e+06  1.26513e-02  0.00000e+00
0338  6.88454e+18  1.34021e-20  1.10495e-07  8.79902e+06  1.25948e-02  0.00000e+00
0339  6.90193e+18  1.33990e-20  1.10109e-07  8.82611e+06  1.25386e-02  0.00000e+00
0340  6.91932e+18  1.33961e-20  1.09727e-07  8.85317e+06  1.24829e-02  0.00000e+00
0341  6.93672e+18  1.33933e-20  1.09350e-07  8.88023e+06  1.24276e-02  0.00000e+00
0342  6.95411e+18  1.33908e-20  1.08979e-07  8.90726e+06  1.23727e-02  0.00000e+00
0343  6.97150e+18  1.33884e-20  1.08613e-07  8.93428e+06  1.23182e-02  0.00000e+00
0344  6.98889e+18  1.33862e-20  1.08251e-07  8.96129e+06  1.22641e-02  0.00000e+00
0345  7.00629e+18  1.33842e-20  1.07894e-07  8.98827e+06  1.22104e-02  0.00000e+00
0346  7.02368e+18  1.33824e-20  1.07543e-07  9.01524e+06  1.21572e-02  0.00000e+00
0347  7.04107e+18  1.33807e-20  1.07196e-07  9.04218e+06  1.21043e-02  0.00000e+00
0348  7.05846e+18  1.33792e-20  1.06853e-07  9.06911e+06  1.20518e-02  0.00000e+00
0349  7.07586e+18  1.33779e-20  1.06515e-07  9.09602e+06  1.19996e-02  0.00000e+00
0350  7.09325e+18  1.33768e-20  1.06182e-07  9.12291e+06  1.19479e-02  0.00000e+00
0351  7.11064e+18  1.33758e-20  1.05853e-07  9.14978e+06  1.18965e-02  0.00000e+00
0352  7.12803e+18  1.33750e-20  1.05529e-07  9.17663e+06  1.18455e-02  0.00000e+00
0353  7.14543e+18  1.33744e-20  1.05209e-07  9.20346e+06  1.17949e-02  0.00000e+00
0354  7.16282e+18  1.33739e-20  1.04893e-07  9.23027e+06  1.17446e-02  0.00000e+00
0355  7.18021e+18  1.33736e-20  1.04581e-07  9.25706e+06  1.16947e-02  0.00000e+00
0356  7.19760e+18  1.33736e-20  1.04274e-07  9.28383e+06  1.16451e-02  0.00000e+00
0357  7.21500e+18  1.33736e-20  1.03971e-07  9.31057e+06  1.15959e-02  0.00000e+00
0358  7.23239e+18  1.33738e-20  1.03672e-07  9.33729e+06  1.15470e-02  0.00000e+00
0359  7.24978e+18  1.33742e-20  1.03376e-07  9.36399e+06  1.14984e-02  0.00000e+00
0360  7.26717e+18  1.33747e-20  1.03085e-07  9.39065e+06  1.14502e-02  0.00000e+00
0361  7.28457e+18  1.33754e-20  1.02793e-07  9.41725e+06  1.14023e-02  0.00000e+00
0362  7.30196e+18  1.33760e-20  1.02497e-07  9.44372e+06  1.13548e-02  0.00000e+00
0363  7.31935e+18  1.33764e-20  1.02203e-07  9.47011e+06  1.13076e-02  0.00000e+00
0364  7.33674e+18  1.33770e-20  1.01913e-07  9.49648e+06  1.12607e-02  0.00000e+00
0365  7.35414e+18  1.33777e-20  1.01627e-07  9.52285e+06  1.12141e-02  0.00000e+00
0366  7.37153e+18  1.33787e-20  1.01345e-07  9.54920e+06  1.11679e-02  0.00000e+00
0367  7.38892e+18  1.33798e-20  1.01067e-07  9.57550e+06  1.11220e-02  0.00000e+00
0368  7.40631e+18  1.33809e-20  1.00776e-07  9.60164e+06  1.10764e-02  0.00000e+00
0369  7.42371e+18  1.33817e-20  1.00487e-07  9.62763e+06  1.10311e-02  0.00000e+00
0370  7.44110e+18  1.33825e-20  1.00201e-07  9.65358e+06  1.09862e-02  0.00000e+00
0371  7.45849e+18  1.33835e-20  9.99183e-08  9.67952e+06  1.09415e-02  0.00000e+00
0372  7.47588e+18  1.33847e-20  9.96401e-08  9.70546e+06  1.08972e-02  0.00000e+00
0373  7.49328e+18  1.33861e-20  9.93655e-08  9.73136e+06  1.08532e-02  0.00000e+00
0374  7.51067e+18  1.33876e-20  9.90945e-08  9.75724e+06  1.08095e-02  0.00000e+00
0375  7.52806e+18  1.33893e-20  9.88269e-08  9.78309e+06  1.07661e-02  0.00000e+00
0376  7.54545e+18  1.33910e-20  9.85627e-08  9.80891e+06  1.07230e-02  0.00000e+00
0377  7.56285e+18  1.33929e-20  9.83020e-08  9.83470e+06  1.06802e-02  0.00000e+00
0378  7.58024e+18  1.33949e-20  9.80446e-08  9.86047e+06  1.06377e-02  0.00000e+00
0379  7.59763e+18  1.33971e-20  9.77906e-08  9.88620e+06  1.05955e-02  0.00000e+00
0380  7.61502e+18  1.33993e-20  9.75398e-08  9.91191e+06  1.05535e-02  0.00000e+00
0381  7.63242e+18  1.34017e-20  9.72922e-08  9.93759e+06  1.05119e-02  0.00000e+00
0382  7.64981e+18  1.34042e-20  9.70478e-08  9.96324e+06  1.04705e-02  0.00000e+00
0383  7.66720e+18  1.34069e-20  9.68066e-08  9.98886e+06  1.04294e-02  0.00000e+00
0384  7.68459e+18  1.34096e-20  9.65685e-08  1.00145e+07  1.03886e-02  0.00000e+00
0385  7.70199e+18  1.34125e-20  9.63336e-08  1.00400e+07  1.03480e-02  0.00000e+00
0386  7.71938e+18  1.34156e-20  9.61016e-08  1.00655e+07  1.03078e-02  0.00000e+00
0387  7.73677e+18  1.34187e-20  9.58727e-08  1.00910e+07  1.02678e-02  0.00000e+00
0388  7.75416e+18  1.34220e-20  9.56468e-08  1.01165e+07  1.02280e-02  0.00000e+00
0389  7.77156e+18  1.34254e-20  9.54237e-08  1.01419e+07  1.01885e-02  0.00000e+00
0390  7.78895e+18  1.34289e-20  9.52034e-08  1.01673e+07  1.01493e-02  0.00000e+00
0391  7.80634e+18  1.34325e-20  9.49859e-08  1.01927e+07  1.01103e-02  0.00000e+00
0392  7.82373e+18  1.34362e-20  9.47712e-08  1.02180e+07  1.00716e-02  0.00000e+00
0393  7.84113e+18  1.34401e-20  9.45592e-08  1.02433e+07  1.00331e-02  0.00000e+00
0394  7.85852e+18  1.34440e-20  9.43500e-08  1.02686e+07  9.99484e-03  0.00000e+00
0395  7.87591e+18  1.34480e-20  9.41434e-08  1.02938e+07  9.95684e-03  0.00000e+00
0396  7.89330e+18  1.34522e-20  9.39395e-08  1.03190e+07  9.91909e-03  0.00000e+00
0397  7.91070e+18  1.34563e-20  9.37335e-08  1.03441e+07  9.88157e-03  0.00000e+00
0398  7.92809e+18  1.34604e-20  9.35229e-08  1.03691e+07  9.84430e-03  0.00000e+00
0399  7.94548e+18  1.34646e-20  9.33142e-08  1.03941e+07  9.80727e-03  0.00000e+00
0400  7.96287e+18  1.34690e-20  9.31569e-08  1.04192e+07  9.77047e-03  0.00000e+00
0401  7.98027e+18  1.34736e-20  9.29197e-08  1.04442e+07  9.73389e-03  0.00000e+00
0402  7.99766e+18  1.34771e-20  9.26800e-08  1.04684e+07  9.69757e-03  0.00000e+00
0403  8.01505e+18  1.34796e-20  9.24410e-08  1.04925e+07  9.66151e-03  0.00000e+00
0404  8.03244e+18  1.34822e-20  9.22052e-08  1.05166e+07  9.62571e-03  0.00000e+00
0405  8.04984e+18  1.34853e-20  9.19736e-08  1.05408e+07  9.59015e-03  0.00000e+00
0406  8.06723e+18  1.34887e-20  9.17456e-08  1.05649e+07  9.55485e-03  0.00000e+00
0407  8.08462e+18  1.34921e-20  9.15205e-08  1.05890e+07  9.51979e-03  0.00000e+00
0408  8.10201e+18  1.34956e-20  9.12982e-08  1.06131e+07  9.48498e-03  0.00000e+00
0409  8.11940e+18  1.34991e-20  9.10787e-08  1.06371e+07  9.45040e-03  0.00000e+00
0410  8.13680e+18  1.35027e-20  9.08621e-08  1.06611e+07  9.41606e-03  0.00000e+00
0411  8.15419e+18  1.35064e-20  9.06483e-08  1.06851e+07  9.38196e-03  0.00000e+00
0412  8.17158e+18  1.35102e-20  9.04373e-08  1.07090e+07  9.34809e-03  0.00000e+00
0413  8.18897e+18  1.35140e-20  9.02291e-08  1.07329e+07  9.31445e-03  0.00000e+00
0414  8.20637e+18  1.35179e-20  9.00235e-08  1.07568e+07  9.28103e-03  0.00000e+00
0415  8.22376e+18  1.35219e-20  8.98205e-08  1.07806e+07  9.24784e-03  0.00000e+00
0416  8.24115e+18  1.35260e-20  8.96202e-08  1.08044e+07  9.21487e-03  0.00000e+00
0417  8.25854e+18  1.35301e-20  8.94224e-08  1.08281e+07  9.18212e-03  0.00000e+00
0418  8.27594e+18  1.35343e-20  8.92272e-08  1.08518e+07  9.14959e-03  0.00000e+00
0419  8.29333e+18  1.35386e-20  8.90344e-08  1.08755e+07  9.11727e-03  0.00000e+00
0420  8.31072e+18  1.35429e-20  8.88440e-08  1.08991e+07  9.08517e-03  0.00000e+00
0421  8.32811e+18  1.35473e-20  8.86561e-08  1.09227e+07  9.05327e-03  0.00000e+00
0422  8.34551e+18  1.35518e-20  8.84706e-08  1.09463e+07  9.02158e-03  0.00000e+00
0423  8.36290e+18  1.35563e-20  8.82875e-08  1.09698e+07  8.99010e-03  0.00000e+00
0424  8.38029e+18  1.35610e-20  8.81067e-08  1.09933e+07  8.95882e-03  0.00000e+00
0425  8.39768e+18  1.35657e-20  8.79283e-08  1.10168e+07  8.92775e-03  0.00000e+00
0426  8.41508e+18  1.35704e-20  8.77521e-08  1.10402e+07  8.89687e-03  0.00000e+00
0427  8.43247e+18  1.35753e-20  8.75782e-08  1.10636e+07  8.86619e-03  0.00000e+00
0428  8.44986e+18  1.35802e-20  8.74066e-08  1.10869e+07  8.83570e-03  0.00000e+00
0429  8.46725e+18  1.35852e-20  8.72371e-08  1.11102e+07  8.80541e-03  0.00000e+00
0430  8.48465e+18  1.35903e-20  8.70697e-08  1.11334e+07  8.77530e-03  0.00000e+00
0431  8.50204e+18  1.35954e-20  8.69044e-08  1.11567e+07  8.74539e-03  0.00000e+00
0432  8.51943e+18  1.36005e-20  8.67412e-08  1.11798e+07  8.71566e-03  0.00000e+00
0433  8.53682e+18  1.36057e-20  8.65799e-08  1.12030e+07  8.68612e-03  0.00000e+00
0434  8.55422e+18  1.36110e-20  8.64207e-08  1.12260e+07  8.65677e-03  0.00000e+00
0435  8.57161e+18  1.36163e-20  8.62633e-08  1.12491e+07  8.62759e-03  0.00000e+00
0436  8.58900e+18  1.36216e-20  8.61078e-08  1.12721e+07  8.59859e-03  0.00000e+00
0437  8.60639e+18  1.36269e-20  8.59542e-08  1.12950e+07  8.56977e-03  0.00000e+00
0438  8.62379e+18  1.36323e-20  8.58024e-08  1.13179e+07  8.54112e-03  0.00000e+00
0439  8.64118e+18  1.36377e-20  8.56523e-08  1.13408e+07  8.51265e-03  0.00000e+00
0440  8.65857e+18  1.36431e-20  8.55040e-08  1.13636e+07  8.48435e-03  0.00000e+00
0441  8.67596e+18  1.36484e-20  8.53519e-08  1.13863e+07  8.45622e-03  0.00000e+00
0442  8.69336e+18  1.36534e-20  8.51869e-08  1.14088e+07  8.42826e-03  0.00000e+00
0443  8.71075e+18  1.36580e-20  8.50219e-08  1.14312e+07  8.40049e-03  0.00000e+00
0444  8.72814e+18  1.36625e-20  8.48582e-08  1.14535e+07  8.37289e-03  0.00000e+00
0445  8.74553e+18  1.36671e-20  8.46963e-08  1.14757e+07  8.34547e-03  0.00000e+00
0446  8.76293e+18  1.36718e-20  8.45362e-08  1.14980e+07  8.31822e-03  0.00000e+00
0447  8.78032e+18  1.36766e-20  8.43777e-08  1.15202e+07  8.29115e-03  0.00000e+00
0448  8.79771e+18  1.36814e-20  8.42208e-08  1.15423e+07  8.26424e-03  0.00000e+00
0449  8.81510e+18  1.36862e-20  8.40653e-08  1.15644e+07  8.23751e-03  0.00000e+00
0450  8.83250e+18  1.36911e-20  8.39113e-08  1.15864e+07  8.21095e-03  0.00000e+00
0451  8.84989e+18  1.36960e-20  8.37587e-08  1.16084e+07  8.18455e-03  0.00000e+00
0452  8.86728e+18  1.37008e-20  8.36076e-08  1.16303e+07  8.15831e-03  0.00000e+00
0453  8.88467e+18  1.37058e-20  8.34579e-08  1.16522e+07  8.13224e-03  0.00000e+00
0454  8.90207e+18  1.37107e-20  8.33095e-08  1.16740e+07  8.10633e-03  0.00000e+00
0455  8.91946e+18  1.37155e-20  8.31623e-08  1.16958e+07  8.08059e-03  0.00000e+00
0456  8.93685e+18  1.37204e-20  8.30164e-08  1.17175e+07  8.05500e-03  0.00000e+00
0457  8.95424e+18  1.37252e-20  8.28716e-08  1.17392e+07  8.02957e-03  0.00000e+00
0458  8.97164e+18  1.37300e-20  8.27281e-08  1.17608e+07  8.00429e-03  0.00000e+00
0459  8.98903e+18  1.37348e-20  8.25857e-08  1.17824e+07  7.97917e-03  0.00000e+00
0460  9.00642e+18  1.37396e-20  8.24446e-08  1.18039e+07  7.95420e-03  0.00000e+00
0461  9.02381e+18  1.37443e-20  8.23047e-08  1.18253e+07  7.92939e-03  0.00000e+00
0462  9.04121e+18  1.37491e-20  8.21660e-08  1.18467e+07  7.90473e-03  0.00000e+00
0463  9.05860e+18  1.37540e-20  8.20288e-08  1.18681e+07  7.88021e-03  0.00000e+00
0464  9.07599e+18  1.37591e-20  8.18933e-08  1.18895e+07  7.85584e-03  0.00000e+00
0465  9.09338e+18  1.37654e-20  8.18104e-08  1.19115e+07  7.83161e-03  0.00000e+00
0466  9.11078e+18  1.37745e-20  8.18640e-08  1.19346e+07  7.80746e-03  0.00000e+00
0467  9.12817e+18  1.37860e-20  8.18737e-08  1.19583e+07  7.78334e-03  0.00000e+00
0468  9.14556e+18  1.37954e-20  8.17361e-08  1.19804e+07  7.75932e-03  0.00000e+00
0469  9.16295e+18  1.37995e-20  8.15804e-08  1.20007e+07  7.73545e-03  0.00000e+00
0470  9.18035e+18  1.38016e-20  8.14217e-08  1.20209e+07  7.71175e-03  0.00000e+00
0471  9.19774e+18  1.38044e-20  8.12664e-08  1.20414e+07  7.68821e-03  0.00000e+00
0472  9.21513e+18  1.38084e-20  8.11158e-08  1.20620e+07  7.66481e-03  0.00000e+00
0473  9.23252e+18  1.38129e-20  8.09682e-08  1.20826e+07  7.64157e-03  0.00000e+00
0474  9.24992e+18  1.38172e-20  8.08215e-08  1.21031e+07  7.61847e-03  0.00000e+00
0475  9.26731e+18  1.38212e-20  8.06755e-08  1.21236e+07  7.59552e-03  0.00000e+00
0476  9.28470e+18  1.38251e-20  8.05305e-08  1.21439e+07  7.57272e-03  0.00000e+00
0477  9.30209e+18  1.38290e-20  8.03868e-08  1.21642e+07  7.55006e-03  0.00000e+00
0478  9.31949e+18  1.38328e-20  8.02445e-08  1.21845e+07  7.52755e-03  0.00000e+00
0479  9.33688e+18  1.38367e-20  8.01036e-08  1.22047e+07  7.50518e-03  0.00000e+00
0480  9.35427e+18  1.38406e-20  7.99639e-08  1.22249e+07  7.48294e-03  0.00000e+00
0481  9.37166e+18  1.38444e-20  7.98255e-08  1.22450e+07  7.46085e-03  0.00000e+00
0482  9.38906e+18  1.38482e-20  7.96884e-08  1.22651e+07  7.43890e-03  0.00000e+00
0483  9.40645e+18  1.38520e-20  7.95524e-08  1.22851e+07  7.41708e-03  0.00000e+00
0484  9.42384e+18  1.38557e-20  7.94176e-08  1.23051e+07  7.39539e-03  0.00000e+00
0485  9.44123e+18  1.38596e-20  7.93108e-08  1.23250e+07  7.37384e-03  0.00000e+00
0486  9.45863e+18  1.38634e-20  7.91562e-08  1.23450e+07  7.35241e-03  0.00000e+00
0487  9.47602e+18  1.38665e-20  7.90004e-08  1.23644e+07  7.33113e-03  0.00000e+00
0488  9.49341e+18  1.38688e-20  7.88445e-08  1.23837e+07  7.30999e-03  0.00000e+00
0489  9.51080e+18  1.38710e-20  7.86899e-08  1.24030e+07  7.28900e-03  0.00000e+00
0490  9.52820e+18  1.38733e-20  7.85373e-08  1.24223e+07  7.26814e-03  0.00000e+00
0491  9.54559e+18  1.38758e-20  7.83867e-08  1.24415e+07  7.24743e-03  0.00000e+00
0492  9.56298e+18  1.38783e-20  7.82376e-08  1.24607e+07  7.22685e-03  0.00000e+00
0493  9.58037e+18  1.38807e-20  7.80899e-08  1.24798e+07  7.20641e-03  0.00000e+00
0494  9.59777e+18  1.38830e-20  7.79435e-08  1.24989e+07  7.18611e-03  0.00000e+00
0495  9.61516e+18  1.38853e-20  7.77985e-08  1.25179e+07  7.16594e-03  0.00000e+00
0496  9.63255e+18  1.38875e-20  7.76548e-08  1.25369e+07  7.14590e-03  0.00000e+00
0497  9.64994e+18  1.38897e-20  7.75125e-08  1.25558e+07  7.12600e-03  0.00000e+00
0498  9.66734e+18  1.38918e-20  7.73715e-08  1.25747e+07  7.10622e-03  0.00000e+00
0499  9.68473e+18  1.38939e-20  7.72318e-08  1.25935e+07  7.08657e-03  0.00000e+00
0500  9.70212e+18  1.38959e-20  7.70933e-08  1.26122e+07  7.06705e-03  0.00000e+00
0501  9.71951e+18  1.38978e-20  7.69560e-08  1.26309e+07  7.04766e-03  0.00000e+00
0502  9.73691e+18  1.38997e-20  7.68200e-08  1.26496e+07  7.02839e-03  0.00000e+00
0503  9.75430e+18  1.39016e-20  7.66851e-08  1.26682e+07  7.00924e-03  0.00000e+00
0504  9.77169e+18  1.39034e-20  7.65514e-08  1.26867e+07  6.99021e-03  0.00000e+00
0505  9.78908e+18  1.39051e-20  7.64187e-08  1.27052e+07  6.97130e-03  0.00000e+00
0506  9.80648e+18  1.39067e-20  7.62872e-08  1.27236e+07  6.95252e-03  0.00000e+00
0507  9.82387e+18  1.39083e-20  7.61568e-08  1.27420e+07  6.93385e-03  0.00000e+00
0508  9.84126e+18  1.39099e-20  7.60275e-08  1.27603e+07  6.91530e-03  0.00000e+00
0509  9.85865e+18  1.39113e-20  7.58991e-08  1.27786e+07  6.89686e-03  0.00000e+00
0510  9.87605e+18  1.39127e-20  7.57718e-08  1.27968e+07  6.87854e-03  0.00000e+00
0511  9.89344e+18  1.39141e-20  7.56455e-08  1.28150e+07  6.86033e-03  0.00000e+00
0512  9.91083e+18  1.39153e-20  7.55202e-08  1.28331e+07  6.84224e-03  0.00000e+00
0513  9.92822e+18  1.39165e-20  7.53958e-08  1.28511e+07  6.82425e-03  0.00000e+00
0514  9.94562e+18  1.39176e-20  7.52723e-08  1.28691e+07  6.80638e-03  0.00000e+00
0515  9.96301e+18  1.39187e-20  7.51498e-08  1.28870e+07  6.78861e-03  0.00000e+00
0516  9.98040e+18  1.39196e-20  7.50282e-08  1.29049e+07  6.77095e-03  0.00000e+00
0517  9.99779e+18  1.39205e-20  7.49074e-08  1.29227e+07  6.75340e-03  0.00000e+00
0518  1.00152e+19  1.39214e-20  7.47875e-08  1.29405e+07  6.73596e-03  0.00000e+00
0519  1.00326e+19  1.39221e-20  7.46684e-08  1.29582e+07  6.71862e-03  0.00000e+00
0520  1.00500e+19  1.39228e-20  7.45501e-08  1.29758e+07  6.70138e-03  0.00000e+00
0521  1.00674e+19  1.39234e-20  7.44326e-08  1.29934e+07  6.68424e-03  0.00000e+00
0522  1.00848e+19  1.39239e-20  7.43160e-08  1.30110e+07  6.66721e-03  0.00000e+00
0523  1.01021e+19  1.39243e-20  7.42000e-08  1.30284e+07  6.65028e-03  0.00000e+00
0524  1.01195e+19  1.39246e-20  7.40849e-08  1.30458e+07  6.63344e-03  0.00000e+00
0525  1.01369e+19  1.39249e-20  7.39704e-08  1.30632e+07  6.61671e-03  0.00000e+00
0526  1.01543e+19  1.39251e-20  7.38567e-08  1.30805e+07  6.60007e-03  0.00000e+00
0527  1.01717e+19  1.39252e-20  7.37436e-08  1.30977e+07  6.58353e-03  0.00000e+00
0528  1.01891e+19  1.39252e-20  7.36313e-08  1.31149e+07  6.56709e-03  0.00000e+00
0529  1.02065e+19  1.39251e-20  7.35197e-08  1.31321e+07  6.55074e-03  0.00000e+00
0530  1.02239e+19  1.39250e-20  7.34086e-08  1.31491e+07  6.53449e-03  0.00000e+00
0531  1.02413e+19  1.39247e-20  7.32982e-08  1.31661e+07  6.51833e-03  0.00000e+00
0532  1.02587e+19  1.39244e-20  7.31884e-08  1.31831e+07  6.50226e-03  0.00000e+00
0533  1.02761e+19  1.39240e-20  7.30792e-08  1.32000e+07  6.48628e-03  0.00000e+00
0534  1.02935e+19  1.39235e-20  7.29707e-08  1.32168e+07  6.47039e-03  0.00000e+00
0535  1.03109e+19  1.39229e-20  7.28626e-08  1.32336e+07  6.45459e-03  0.00000e+00
0536  1.03283e+19  1.39221e-20  7.27552e-08  1.32503e+07  6.43888e-03  0.00000e+00
0537  1.03456e+19  1.39213e-20  7.26447e-08  1.32669e+07  6.42326e-03  0.00000e+00
0538  1.03630e+19  1.39203e-20  7.25338e-08  1.32835e+07  6.40773e-03  0.00000e+00
0539  1.03804e+19  1.39191e-20  7.24233e-08  1.32999e+07  6.39229e-03  0.00000e+00
0540  1.03978e+19  1.39178e-20  7.23134e-08  1.33163e+07  6.37694e-03  0.00000e+00
0541  1.04152e+19  1.39164e-20  7.22042e-08  1.33327e+07  6.36167e-03  0.00000e+00
0542  1.04326e+19  1.39150e-20  7.20956e-08  1.33490e+07  6.34649e-03  0.00000e+00
0543  1.04500e+19  1.39134e-20  7.19876e-08  1.33652e+07  6.33139e-03  0.00000e+00
0544  1.04674e+19  1.39118e-20  7.18801e-08  1.33814e+07  6.31638e-03  0.00000e+00
0545  1.04848e+19  1.39101e-20  7.17730e-08  1.33975e+07  6.30145e-03  0.00000e+00
0546  1.05022e+19  1.39082e-20  7.16665e-08  1.34136e+07  6.28661e-03  0.00000e+00
0547  1.05196e+19  1.39063e-20  7.15605e-08  1.34296e+07  6.27185e-03  0.00000e+00
0548  1.05370e+19  1.39043e-20  7.14550e-08  1.34455e+07  6.25717e-03  0.00000e+00
0549  1.05544e+19  1.39022e-20  7.13500e-08  1.34614e+07  6.24257e-03  0.00000e+00
0550  1.05717e+19  1.39000e-20  7.12454e-08  1.34773e+07  6.22805e-03  0.00000e+00
0551  1.05891e+19  1.38976e-20  7.11412e-08  1.34931e+07  6.21359e-03  0.00000e+00
0552  1.06065e+19  1.38952e-20  7.10375e-08  1.35087e+07  6.19931e-03  0.00000e+00
0553  1.06239e+19  1.38926e-20  7.09341e-08  1.35247e+07  6.18468e-03  0.00000e+00
0554  1.06413e+19  1.38903e-20  7.08319e-08  1.35388e+07  6.17181e-03  0.00000e+00
0555  1.06587e+19  1.38861e-20  7.07245e-08  1.35630e+07  6.14959e-03  0.00000e+00
