# Athena++ data at time=8.160000e+12  cycle=613027903  variables=prim 
# i       x1v         rho          press          vel1         vel2         vel3     
0002  1.07548e+18  2.40946e-18  1.00596e-05 -4.92518e+05  1.38461e-09  0.00000e+00
0003  1.09287e+18  1.08519e-18  6.04979e-06  1.39033e+05  1.94946e-02  0.00000e+00
0004  1.11027e+18  6.83527e-19  4.76032e-06  1.41064e+05  4.26649e-02  0.00000e+00
0005  1.12766e+18  4.42674e-19  3.97185e-06  1.93104e+05  6.34388e-02  0.00000e+00
0006  1.14505e+18  2.80688e-19  3.50514e-06  2.86706e+05  8.16400e-02  0.00000e+00
0007  1.16244e+18  1.86363e-19  3.21217e-06  4.06932e+05  9.80416e-02  0.00000e+00
0008  1.17983e+18  1.61062e-19  2.98508e-06  4.64843e+05  1.13081e-01  0.00000e+00
0009  1.19723e+18  1.44513e-19  2.80993e-06  4.92877e+05  1.27102e-01  0.00000e+00
0010  1.21462e+18  1.30872e-19  2.65192e-06  5.28081e+05  1.40249e-01  0.00000e+00
0011  1.23201e+18  1.21764e-19  2.51013e-06  5.52969e+05  1.52617e-01  0.00000e+00
0012  1.24940e+18  1.13812e-19  2.38433e-06  5.73429e+05  1.64297e-01  0.00000e+00
0013  1.26679e+18  1.06548e-19  2.26862e-06  5.95932e+05  1.75349e-01  0.00000e+00
0014  1.28419e+18  1.00004e-19  2.16324e-06  6.17736e+05  1.85827e-01  0.00000e+00
0015  1.30158e+18  9.41739e-20  2.06675e-06  6.38568e+05  1.95781e-01  0.00000e+00
0016  1.31897e+18  8.90511e-20  1.97805e-06  6.57697e+05  2.05253e-01  0.00000e+00
0017  1.33636e+18  8.43737e-20  1.89647e-06  6.75961e+05  2.14283e-01  0.00000e+00
0018  1.35375e+18  8.00712e-20  1.82098e-06  6.93992e+05  2.22902e-01  0.00000e+00
0019  1.37115e+18  7.61272e-20  1.75125e-06  7.11361e+05  2.31146e-01  0.00000e+00
0020  1.38854e+18  7.29631e-20  1.68570e-06  7.24794e+05  2.39036e-01  0.00000e+00
0021  1.40593e+18  6.96350e-20  1.62589e-06  7.39100e+05  2.46605e-01  0.00000e+00
0022  1.42332e+18  6.63987e-20  1.56917e-06  7.56766e+05  2.53871e-01  0.00000e+00
0023  1.44071e+18  6.37725e-20  1.51600e-06  7.69984e+05  2.60854e-01  0.00000e+00
0024  1.45811e+18  6.12226e-20  1.46708e-06  7.81977e+05  2.67579e-01  0.00000e+00
0025  1.47550e+18  5.87923e-20  1.42063e-06  7.95472e+05  2.74059e-01  0.00000e+00
0026  1.49289e+18  5.65370e-20  1.37723e-06  8.07852e+05  2.80316e-01  0.00000e+00
0027  1.51028e+18  5.44450e-20  1.33664e-06  8.18837e+05  2.86351e-01  0.00000e+00
0028  1.52767e+18  5.25715e-20  1.29935e-06  8.26660e+05  2.92241e-01  0.00000e+00
0029  1.54507e+18  5.10433e-20  1.26643e-06  7.96497e+05  2.97766e-01  0.00000e+00
0030  1.56246e+18  1.75316e-20  1.30809e-06  2.04656e+06  3.04022e-01  0.00000e+00
0031  1.57985e+18  8.17329e-21  1.03589e-06  5.39203e+06  3.08627e-01  0.00000e+00
0032  1.59724e+18  6.06585e-21  9.81034e-07  6.75568e+06  3.12625e-01  0.00000e+00
0033  1.61463e+18  5.03437e-21  9.36473e-07  7.84116e+06  3.16287e-01  0.00000e+00
0034  1.63203e+18  4.35031e-21  8.95914e-07  8.83425e+06  3.19693e-01  0.00000e+00
0035  1.64942e+18  3.83753e-21  8.57569e-07  9.78588e+06  3.22873e-01  0.00000e+00
0036  1.66681e+18  3.43216e-21  8.21495e-07  1.07038e+07  3.25843e-01  0.00000e+00
0037  1.68420e+18  3.10231e-21  7.87378e-07  1.15921e+07  3.28616e-01  0.00000e+00
0038  1.70160e+18  2.82941e-21  7.55325e-07  1.24466e+07  3.31204e-01  0.00000e+00
0039  1.71899e+18  2.60103e-21  7.25299e-07  1.32639e+07  3.33619e-01  0.00000e+00
0040  1.73638e+18  2.40677e-21  6.97301e-07  1.40450e+07  3.35875e-01  0.00000e+00
0041  1.75377e+18  2.23850e-21  6.70828e-07  1.47999e+07  3.37982e-01  0.00000e+00
0042  1.77116e+18  2.09142e-21  6.45781e-07  1.55290e+07  3.39948e-01  0.00000e+00
0043  1.78856e+18  1.96205e-21  6.22163e-07  1.62310e+07  3.41782e-01  0.00000e+00
0044  1.80595e+18  1.84728e-21  5.99892e-07  1.69071e+07  3.43494e-01  0.00000e+00
0045  1.82334e+18  1.74464e-21  5.78795e-07  1.75605e+07  3.45089e-01  0.00000e+00
0046  1.84073e+18  1.65247e-21  5.58868e-07  1.81901e+07  3.46576e-01  0.00000e+00
0047  1.85813e+18  1.56934e-21  5.40067e-07  1.87957e+07  3.47963e-01  0.00000e+00
0050  1.87552e+18  1.49407e-21  5.22341e-07  1.93775e+07  3.49254e-01  0.00000e+00
0051  1.89291e+18  1.42545e-21  5.05600e-07  1.99379e+07  3.50458e-01  0.00000e+00
0052  1.91030e+18  1.36224e-21  4.89598e-07  2.04840e+07  3.51579e-01  0.00000e+00
0053  1.92769e+18  1.30377e-21  4.74251e-07  2.10176e+07  3.52622e-01  0.00000e+00
0054  1.94509e+18  1.24956e-21  4.59553e-07  2.15384e+07  3.53589e-01  0.00000e+00
0055  1.96248e+18  1.19921e-21  4.45482e-07  2.20463e+07  3.54485e-01  0.00000e+00
0056  1.97987e+18  1.15234e-21  4.32021e-07  2.25411e+07  3.55312e-01  0.00000e+00
0057  1.99726e+18  1.10867e-21  4.19159e-07  2.30225e+07  3.56076e-01  0.00000e+00
0058  2.01466e+18  1.06790e-21  4.06885e-07  2.34900e+07  3.56778e-01  0.00000e+00
0059  2.03205e+18  1.02973e-21  3.95150e-07  2.39451e+07  3.57423e-01  0.00000e+00
0060  2.04944e+18  9.93807e-22  3.83849e-07  2.43911e+07  3.58013e-01  0.00000e+00
0061  2.06683e+18  9.59960e-22  3.72980e-07  2.48276e+07  3.58551e-01  0.00000e+00
0062  2.08423e+18  9.28022e-22  3.62522e-07  2.52550e+07  3.59039e-01  0.00000e+00
0063  2.10162e+18  8.97842e-22  3.52456e-07  2.56734e+07  3.59478e-01  0.00000e+00
0064  2.11901e+18  8.69284e-22  3.42766e-07  2.60830e+07  3.59872e-01  0.00000e+00
0065  2.13640e+18  8.42226e-22  3.33435e-07  2.64842e+07  3.60222e-01  0.00000e+00
0066  2.15379e+18  8.16557e-22  3.24446e-07  2.68772e+07  3.60531e-01  0.00000e+00
0067  2.17119e+18  7.92176e-22  3.15784e-07  2.72621e+07  3.60799e-01  0.00000e+00
0068  2.18858e+18  7.68993e-22  3.07436e-07  2.76392e+07  3.61029e-01  0.00000e+00
0069  2.20597e+18  7.46920e-22  2.99384e-07  2.80089e+07  3.61223e-01  0.00000e+00
0070  2.22336e+18  7.25900e-22  2.91630e-07  2.83706e+07  3.61381e-01  0.00000e+00
0071  2.24076e+18  7.05946e-22  2.84230e-07  2.87212e+07  3.61507e-01  0.00000e+00
0072  2.25815e+18  6.86962e-22  2.77151e-07  2.90618e+07  3.61603e-01  0.00000e+00
0073  2.27554e+18  6.68854e-22  2.70356e-07  2.93939e+07  3.61667e-01  0.00000e+00
0074  2.29293e+18  6.51547e-22  2.63816e-07  2.97185e+07  3.61714e-01  0.00000e+00
0075  2.31033e+18  6.34979e-22  2.57507e-07  3.00364e+07  3.61720e-01  0.00000e+00
0076  2.32772e+18  6.19097e-22  2.51415e-07  3.03482e+07  3.61707e-01  0.00000e+00
0077  2.34511e+18  6.03857e-22  2.45526e-07  3.06541e+07  3.61672e-01  0.00000e+00
0078  2.36250e+18  5.89220e-22  2.39827e-07  3.09547e+07  3.61616e-01  0.00000e+00
0079  2.37989e+18  5.75151e-22  2.34311e-07  3.12500e+07  3.61537e-01  0.00000e+00
0080  2.39729e+18  5.61616e-22  2.28968e-07  3.15403e+07  3.61438e-01  0.00000e+00
0081  2.41468e+18  5.48587e-22  2.23790e-07  3.18258e+07  3.61320e-01  0.00000e+00
0082  2.43207e+18  5.36038e-22  2.18771e-07  3.21066e+07  3.61182e-01  0.00000e+00
0083  2.44946e+18  5.23942e-22  2.13904e-07  3.23829e+07  3.61026e-01  0.00000e+00
0084  2.46686e+18  5.12277e-22  2.09183e-07  3.26548e+07  3.60853e-01  0.00000e+00
0085  2.48425e+18  5.01022e-22  2.04602e-07  3.29224e+07  3.60663e-01  0.00000e+00
0086  2.50164e+18  4.90156e-22  2.00156e-07  3.31859e+07  3.60458e-01  0.00000e+00
0087  2.51903e+18  4.79660e-22  1.95840e-07  3.34453e+07  3.60237e-01  0.00000e+00
0088  2.53643e+18  4.69518e-22  1.91648e-07  3.37007e+07  3.60001e-01  0.00000e+00
0089  2.55382e+18  4.59713e-22  1.87579e-07  3.39522e+07  3.59751e-01  0.00000e+00
0090  2.57121e+18  4.50231e-22  1.83628e-07  3.41997e+07  3.59487e-01  0.00000e+00
0091  2.58860e+18  4.41059e-22  1.79793e-07  3.44433e+07  3.59211e-01  0.00000e+00
0092  2.60600e+18  4.32181e-22  1.76068e-07  3.46831e+07  3.58922e-01  0.00000e+00
0093  2.62339e+18  4.23585e-22  1.72449e-07  3.49193e+07  3.58622e-01  0.00000e+00
0094  2.64078e+18  4.15257e-22  1.68932e-07  3.51519e+07  3.58310e-01  0.00000e+00
0095  2.65817e+18  4.07185e-22  1.65513e-07  3.53810e+07  3.57987e-01  0.00000e+00
0096  2.67557e+18  3.99359e-22  1.62188e-07  3.56068e+07  3.57654e-01  0.00000e+00
0097  2.69296e+18  3.91768e-22  1.58955e-07  3.58293e+07  3.57311e-01  0.00000e+00
0098  2.71035e+18  3.84402e-22  1.55808e-07  3.60487e+07  3.56959e-01  0.00000e+00
0099  2.72774e+18  3.77252e-22  1.52747e-07  3.62649e+07  3.56597e-01  0.00000e+00
0100  2.74513e+18  3.70309e-22  1.49767e-07  3.64781e+07  3.56227e-01  0.00000e+00
0101  2.76253e+18  3.63565e-22  1.46865e-07  3.66884e+07  3.55848e-01  0.00000e+00
0102  2.77992e+18  3.57012e-22  1.44040e-07  3.68957e+07  3.55461e-01  0.00000e+00
0103  2.79731e+18  3.50642e-22  1.41288e-07  3.71003e+07  3.55067e-01  0.00000e+00
0104  2.81470e+18  3.44448e-22  1.38607e-07  3.73020e+07  3.54665e-01  0.00000e+00
0105  2.83210e+18  3.38424e-22  1.35995e-07  3.75011e+07  3.54256e-01  0.00000e+00
0106  2.84949e+18  3.32563e-22  1.33449e-07  3.76975e+07  3.53841e-01  0.00000e+00
0107  2.86688e+18  3.26859e-22  1.30968e-07  3.78914e+07  3.53419e-01  0.00000e+00
0108  2.88427e+18  3.21306e-22  1.28548e-07  3.80827e+07  3.52991e-01  0.00000e+00
0109  2.90167e+18  3.15899e-22  1.26189e-07  3.82715e+07  3.52557e-01  0.00000e+00
0110  2.91906e+18  3.10632e-22  1.23888e-07  3.84579e+07  3.52118e-01  0.00000e+00
0111  2.93645e+18  3.05501e-22  1.21644e-07  3.86419e+07  3.51673e-01  0.00000e+00
0112  2.95384e+18  3.00501e-22  1.19455e-07  3.88236e+07  3.51223e-01  0.00000e+00
0113  2.97124e+18  2.95627e-22  1.17318e-07  3.90030e+07  3.50768e-01  0.00000e+00
0114  2.98863e+18  2.90874e-22  1.15233e-07  3.91802e+07  3.50308e-01  0.00000e+00
0115  3.00602e+18  2.86239e-22  1.13198e-07  3.93552e+07  3.49844e-01  0.00000e+00
0116  3.02341e+18  2.81718e-22  1.11212e-07  3.95280e+07  3.49376e-01  0.00000e+00
0117  3.04081e+18  2.77307e-22  1.09272e-07  3.96987e+07  3.48904e-01  0.00000e+00
0118  3.05820e+18  2.73002e-22  1.07377e-07  3.98673e+07  3.48427e-01  0.00000e+00
0119  3.07559e+18  2.68799e-22  1.05527e-07  4.00339e+07  3.47947e-01  0.00000e+00
0120  3.09298e+18  2.64696e-22  1.03720e-07  4.01985e+07  3.47464e-01  0.00000e+00
0121  3.11037e+18  2.60689e-22  1.01955e-07  4.03611e+07  3.46977e-01  0.00000e+00
0122  3.12777e+18  2.56775e-22  1.00229e-07  4.05219e+07  3.46488e-01  0.00000e+00
0123  3.14516e+18  2.52952e-22  9.85437e-08  4.06807e+07  3.45995e-01  0.00000e+00
0124  3.16255e+18  2.49215e-22  9.68951e-08  4.08377e+07  3.45499e-01  0.00000e+00
0125  3.17994e+18  2.45563e-22  9.52845e-08  4.09929e+07  3.45001e-01  0.00000e+00
0126  3.19734e+18  2.41994e-22  9.37110e-08  4.11461e+07  3.44500e-01  0.00000e+00
0127  3.21473e+18  2.38504e-22  9.21736e-08  4.12975e+07  3.43997e-01  0.00000e+00
0128  3.23212e+18  2.35093e-22  9.06712e-08  4.14470e+07  3.43491e-01  0.00000e+00
0129  3.24951e+18  2.31757e-22  8.92028e-08  4.15948e+07  3.42983e-01  0.00000e+00
0130  3.26691e+18  2.28493e-22  8.77672e-08  4.17408e+07  3.42474e-01  0.00000e+00
0131  3.28430e+18  2.25300e-22  8.63636e-08  4.18851e+07  3.41962e-01  0.00000e+00
0132  3.30169e+18  2.22176e-22  8.49910e-08  4.20277e+07  3.41449e-01  0.00000e+00
0133  3.31908e+18  2.19119e-22  8.36484e-08  4.21687e+07  3.40935e-01  0.00000e+00
0134  3.33648e+18  2.16126e-22  8.23350e-08  4.23081e+07  3.40419e-01  0.00000e+00
0135  3.35387e+18  2.13195e-22  8.10500e-08  4.24459e+07  3.39901e-01  0.00000e+00
0136  3.37126e+18  2.10326e-22  7.97925e-08  4.25822e+07  3.39383e-01  0.00000e+00
0137  3.38865e+18  2.07515e-22  7.85617e-08  4.27170e+07  3.38863e-01  0.00000e+00
0138  3.40605e+18  2.04762e-22  7.73570e-08  4.28502e+07  3.38342e-01  0.00000e+00
0139  3.42344e+18  2.02065e-22  7.61776e-08  4.29821e+07  3.37820e-01  0.00000e+00
0140  3.44083e+18  1.99422e-22  7.50228e-08  4.31125e+07  3.37298e-01  0.00000e+00
0141  3.45822e+18  1.96832e-22  7.38919e-08  4.32415e+07  3.36774e-01  0.00000e+00
0142  3.47562e+18  1.94293e-22  7.27843e-08  4.33691e+07  3.36250e-01  0.00000e+00
0143  3.49301e+18  1.91805e-22  7.16994e-08  4.34954e+07  3.35725e-01  0.00000e+00
0144  3.51040e+18  1.89365e-22  7.06365e-08  4.36204e+07  3.35200e-01  0.00000e+00
0145  3.52779e+18  1.86972e-22  6.95951e-08  4.37441e+07  3.34675e-01  0.00000e+00
0146  3.54519e+18  1.84625e-22  6.85747e-08  4.38665e+07  3.34148e-01  0.00000e+00
0147  3.56258e+18  1.82323e-22  6.75746e-08  4.39876e+07  3.33622e-01  0.00000e+00
0148  3.57997e+18  1.80065e-22  6.65943e-08  4.41075e+07  3.33096e-01  0.00000e+00
0149  3.59736e+18  1.77849e-22  6.56334e-08  4.42262e+07  3.32569e-01  0.00000e+00
0150  3.61476e+18  1.75675e-22  6.46914e-08  4.43437e+07  3.32042e-01  0.00000e+00
0151  3.63215e+18  1.73541e-22  6.37677e-08  4.44601e+07  3.31515e-01  0.00000e+00
0152  3.64954e+18  1.71447e-22  6.28620e-08  4.45752e+07  3.30988e-01  0.00000e+00
0153  3.66693e+18  1.69391e-22  6.19737e-08  4.46893e+07  3.30461e-01  0.00000e+00
0154  3.68432e+18  1.67372e-22  6.11024e-08  4.48022e+07  3.29934e-01  0.00000e+00
0155  3.70172e+18  1.65390e-22  6.02478e-08  4.49140e+07  3.29407e-01  0.00000e+00
0156  3.71911e+18  1.63444e-22  5.94094e-08  4.50248e+07  3.28881e-01  0.00000e+00
0157  3.73650e+18  1.61532e-22  5.85868e-08  4.51345e+07  3.28355e-01  0.00000e+00
0158  3.75389e+18  1.59654e-22  5.77796e-08  4.52431e+07  3.27829e-01  0.00000e+00
0159  3.77129e+18  1.57809e-22  5.69876e-08  4.53507e+07  3.27303e-01  0.00000e+00
0160  3.78868e+18  1.55997e-22  5.62102e-08  4.54573e+07  3.26778e-01  0.00000e+00
0161  3.80607e+18  1.54216e-22  5.54472e-08  4.55629e+07  3.26253e-01  0.00000e+00
0162  3.82346e+18  1.52466e-22  5.46982e-08  4.56676e+07  3.25729e-01  0.00000e+00
0163  3.84086e+18  1.50746e-22  5.39629e-08  4.57712e+07  3.25205e-01  0.00000e+00
0164  3.85825e+18  1.49056e-22  5.32409e-08  4.58739e+07  3.24681e-01  0.00000e+00
0165  3.87564e+18  1.47394e-22  5.25321e-08  4.59756e+07  3.24159e-01  0.00000e+00
0166  3.89303e+18  1.45760e-22  5.18360e-08  4.60765e+07  3.23636e-01  0.00000e+00
0167  3.91043e+18  1.44154e-22  5.11524e-08  4.61764e+07  3.23115e-01  0.00000e+00
0168  3.92782e+18  1.42574e-22  5.04810e-08  4.62754e+07  3.22594e-01  0.00000e+00
0169  3.94521e+18  1.41021e-22  4.98214e-08  4.63735e+07  3.22074e-01  0.00000e+00
0170  3.96260e+18  1.39493e-22  4.91736e-08  4.64708e+07  3.21554e-01  0.00000e+00
0171  3.98000e+18  1.37990e-22  4.85371e-08  4.65672e+07  3.21035e-01  0.00000e+00
0172  3.99739e+18  1.36512e-22  4.79118e-08  4.66627e+07  3.20517e-01  0.00000e+00
0173  4.01478e+18  1.35057e-22  4.72973e-08  4.67574e+07  3.20000e-01  0.00000e+00
0174  4.03217e+18  1.33626e-22  4.66935e-08  4.68513e+07  3.19484e-01  0.00000e+00
0175  4.04957e+18  1.32218e-22  4.61000e-08  4.69443e+07  3.18968e-01  0.00000e+00
0176  4.06696e+18  1.30833e-22  4.55166e-08  4.70366e+07  3.18453e-01  0.00000e+00
0177  4.08435e+18  1.29469e-22  4.49431e-08  4.71281e+07  3.17939e-01  0.00000e+00
0178  4.10174e+18  1.28127e-22  4.43795e-08  4.72188e+07  3.17426e-01  0.00000e+00
0179  4.11914e+18  1.26805e-22  4.38253e-08  4.73087e+07  3.16914e-01  0.00000e+00
0180  4.13653e+18  1.25504e-22  4.32805e-08  4.73979e+07  3.16403e-01  0.00000e+00
0181  4.15392e+18  1.24224e-22  4.27448e-08  4.74863e+07  3.15893e-01  0.00000e+00
0182  4.17131e+18  1.22963e-22  4.22181e-08  4.75740e+07  3.15384e-01  0.00000e+00
0183  4.18871e+18  1.21721e-22  4.17001e-08  4.76610e+07  3.14876e-01  0.00000e+00
0184  4.20610e+18  1.20499e-22  4.11907e-08  4.77472e+07  3.14369e-01  0.00000e+00
0185  4.22349e+18  1.19295e-22  4.06897e-08  4.78327e+07  3.13863e-01  0.00000e+00
0186  4.24088e+18  1.18109e-22  4.01969e-08  4.79175e+07  3.13357e-01  0.00000e+00
0187  4.25828e+18  1.16941e-22  3.97121e-08  4.80016e+07  3.12853e-01  0.00000e+00
0188  4.27567e+18  1.15790e-22  3.92352e-08  4.80851e+07  3.12350e-01  0.00000e+00
0189  4.29306e+18  1.14656e-22  3.87660e-08  4.81678e+07  3.11848e-01  0.00000e+00
0190  4.31045e+18  1.13539e-22  3.83044e-08  4.82499e+07  3.11348e-01  0.00000e+00
0191  4.32785e+18  1.12439e-22  3.78502e-08  4.83313e+07  3.10848e-01  0.00000e+00
0192  4.34524e+18  1.11354e-22  3.74033e-08  4.84121e+07  3.10349e-01  0.00000e+00
0193  4.36263e+18  1.10285e-22  3.69635e-08  4.84922e+07  3.09852e-01  0.00000e+00
0194  4.38002e+18  1.09232e-22  3.65306e-08  4.85717e+07  3.09355e-01  0.00000e+00
0195  4.39742e+18  1.08194e-22  3.61046e-08  4.86506e+07  3.08860e-01  0.00000e+00
0196  4.41481e+18  1.07171e-22  3.56852e-08  4.87288e+07  3.08366e-01  0.00000e+00
0197  4.43220e+18  1.06162e-22  3.52725e-08  4.88065e+07  3.07873e-01  0.00000e+00
0198  4.44959e+18  1.05168e-22  3.48661e-08  4.88835e+07  3.07382e-01  0.00000e+00
0199  4.46699e+18  1.04187e-22  3.44661e-08  4.89600e+07  3.06891e-01  0.00000e+00
0200  4.48438e+18  1.03221e-22  3.40722e-08  4.90358e+07  3.06402e-01  0.00000e+00
0201  4.50177e+18  1.02268e-22  3.36845e-08  4.91111e+07  3.05913e-01  0.00000e+00
0202  4.51916e+18  1.01328e-22  3.33027e-08  4.91857e+07  3.05426e-01  0.00000e+00
0203  4.53655e+18  1.00401e-22  3.29267e-08  4.92598e+07  3.04941e-01  0.00000e+00
0204  4.55395e+18  9.94873e-23  3.25565e-08  4.93334e+07  3.04456e-01  0.00000e+00
0205  4.57134e+18  9.85858e-23  3.21920e-08  4.94063e+07  3.03973e-01  0.00000e+00
0206  4.58873e+18  9.76966e-23  3.18329e-08  4.94787e+07  3.03491e-01  0.00000e+00
0207  4.60612e+18  9.68195e-23  3.14793e-08  4.95506e+07  3.03010e-01  0.00000e+00
0208  4.62352e+18  9.59543e-23  3.11309e-08  4.96220e+07  3.02530e-01  0.00000e+00
0209  4.64091e+18  9.51007e-23  3.07878e-08  4.96928e+07  3.02052e-01  0.00000e+00
0210  4.65830e+18  9.42585e-23  3.04498e-08  4.97630e+07  3.01575e-01  0.00000e+00
0211  4.67569e+18  9.34276e-23  3.01168e-08  4.98328e+07  3.01099e-01  0.00000e+00
0212  4.69309e+18  9.26077e-23  2.97887e-08  4.99020e+07  3.00624e-01  0.00000e+00
0213  4.71048e+18  9.17986e-23  2.94654e-08  4.99707e+07  3.00151e-01  0.00000e+00
0214  4.72787e+18  9.10002e-23  2.91469e-08  5.00390e+07  2.99679e-01  0.00000e+00
0215  4.74526e+18  9.02122e-23  2.88330e-08  5.01067e+07  2.99208e-01  0.00000e+00
0216  4.76266e+18  8.94344e-23  2.85237e-08  5.01739e+07  2.98738e-01  0.00000e+00
0217  4.78005e+18  8.86668e-23  2.82189e-08  5.02407e+07  2.98270e-01  0.00000e+00
0218  4.79744e+18  8.79091e-23  2.79185e-08  5.03069e+07  2.97803e-01  0.00000e+00
0219  4.81483e+18  8.71611e-23  2.76223e-08  5.03727e+07  2.97337e-01  0.00000e+00
0220  4.83223e+18  8.64226e-23  2.73305e-08  5.04381e+07  2.96873e-01  0.00000e+00
0221  4.84962e+18  8.56936e-23  2.70428e-08  5.05029e+07  2.96410e-01  0.00000e+00
0222  4.86701e+18  8.49739e-23  2.67591e-08  5.05673e+07  2.95948e-01  0.00000e+00
0223  4.88440e+18  8.42632e-23  2.64795e-08  5.06313e+07  2.95487e-01  0.00000e+00
0224  4.90180e+18  8.35615e-23  2.62039e-08  5.06947e+07  2.95028e-01  0.00000e+00
0225  4.91919e+18  8.28685e-23  2.59321e-08  5.07578e+07  2.94570e-01  0.00000e+00
0226  4.93658e+18  8.21842e-23  2.56641e-08  5.08204e+07  2.94113e-01  0.00000e+00
0227  4.95397e+18  8.15084e-23  2.53998e-08  5.08826e+07  2.93658e-01  0.00000e+00
0228  4.97137e+18  8.08409e-23  2.51392e-08  5.09443e+07  2.93204e-01  0.00000e+00
0229  4.98876e+18  8.01817e-23  2.48823e-08  5.10057e+07  2.92751e-01  0.00000e+00
0230  5.00615e+18  7.95305e-23  2.46288e-08  5.10666e+07  2.92299e-01  0.00000e+00
0231  5.02354e+18  7.88873e-23  2.43789e-08  5.11270e+07  2.91849e-01  0.00000e+00
0232  5.04094e+18  7.82519e-23  2.41324e-08  5.11871e+07  2.91400e-01  0.00000e+00
0233  5.05833e+18  7.76242e-23  2.38892e-08  5.12468e+07  2.90952e-01  0.00000e+00
0234  5.07572e+18  7.70040e-23  2.36493e-08  5.13060e+07  2.90506e-01  0.00000e+00
0235  5.09311e+18  7.63913e-23  2.34127e-08  5.13649e+07  2.90060e-01  0.00000e+00
0236  5.11051e+18  7.57859e-23  2.31793e-08  5.14234e+07  2.89616e-01  0.00000e+00
0237  5.12790e+18  7.51878e-23  2.29490e-08  5.14814e+07  2.89174e-01  0.00000e+00
0238  5.14529e+18  7.45967e-23  2.27218e-08  5.15391e+07  2.88733e-01  0.00000e+00
0239  5.16268e+18  7.40126e-23  2.24976e-08  5.15964e+07  2.88292e-01  0.00000e+00
0240  5.18008e+18  7.34354e-23  2.22765e-08  5.16534e+07  2.87854e-01  0.00000e+00
0241  5.19747e+18  7.28649e-23  2.20582e-08  5.17099e+07  2.87416e-01  0.00000e+00
0242  5.21486e+18  7.23011e-23  2.18428e-08  5.17661e+07  2.86980e-01  0.00000e+00
0243  5.23225e+18  7.17438e-23  2.16303e-08  5.18219e+07  2.86545e-01  0.00000e+00
0244  5.24965e+18  7.11930e-23  2.14206e-08  5.18774e+07  2.86111e-01  0.00000e+00
0245  5.26704e+18  7.06485e-23  2.12136e-08  5.19325e+07  2.85679e-01  0.00000e+00
0246  5.28443e+18  7.01103e-23  2.10092e-08  5.19872e+07  2.85248e-01  0.00000e+00
0247  5.30182e+18  6.95783e-23  2.08076e-08  5.20416e+07  2.84818e-01  0.00000e+00
0248  5.31922e+18  6.90523e-23  2.06085e-08  5.20956e+07  2.84390e-01  0.00000e+00
0249  5.33661e+18  6.85323e-23  2.04121e-08  5.21493e+07  2.83962e-01  0.00000e+00
0250  5.35400e+18  6.80181e-23  2.02181e-08  5.22027e+07  2.83536e-01  0.00000e+00
0251  5.37139e+18  6.75098e-23  2.00266e-08  5.22557e+07  2.83111e-01  0.00000e+00
0252  5.38879e+18  6.70071e-23  1.98376e-08  5.23084e+07  2.82688e-01  0.00000e+00
0253  5.40618e+18  6.65101e-23  1.96510e-08  5.23607e+07  2.82266e-01  0.00000e+00
0254  5.42357e+18  6.60186e-23  1.94667e-08  5.24127e+07  2.81845e-01  0.00000e+00
0255  5.44096e+18  6.55325e-23  1.92848e-08  5.24644e+07  2.81425e-01  0.00000e+00
0256  5.45836e+18  6.50518e-23  1.91051e-08  5.25158e+07  2.81006e-01  0.00000e+00
0257  5.47575e+18  6.45765e-23  1.89278e-08  5.25668e+07  2.80589e-01  0.00000e+00
0258  5.49314e+18  6.41063e-23  1.87526e-08  5.26176e+07  2.80173e-01  0.00000e+00
0259  5.51053e+18  6.36412e-23  1.85796e-08  5.26680e+07  2.79758e-01  0.00000e+00
0260  5.52793e+18  6.31813e-23  1.84088e-08  5.27181e+07  2.79345e-01  0.00000e+00
0261  5.54532e+18  6.27263e-23  1.82401e-08  5.27679e+07  2.78932e-01  0.00000e+00
0262  5.56271e+18  6.22762e-23  1.80734e-08  5.28174e+07  2.78521e-01  0.00000e+00
0263  5.58010e+18  6.18310e-23  1.79088e-08  5.28666e+07  2.78111e-01  0.00000e+00
0264  5.59750e+18  6.13905e-23  1.77463e-08  5.29155e+07  2.77703e-01  0.00000e+00
0265  5.61489e+18  6.09548e-23  1.75857e-08  5.29641e+07  2.77295e-01  0.00000e+00
0266  5.63228e+18  6.05237e-23  1.74271e-08  5.30124e+07  2.76889e-01  0.00000e+00
0267  5.64967e+18  6.00972e-23  1.72704e-08  5.30604e+07  2.76484e-01  0.00000e+00
0268  5.66707e+18  5.96751e-23  1.71156e-08  5.31081e+07  2.76080e-01  0.00000e+00
0269  5.68446e+18  5.92576e-23  1.69627e-08  5.31556e+07  2.75678e-01  0.00000e+00
0270  5.70185e+18  5.88444e-23  1.68116e-08  5.32027e+07  2.75277e-01  0.00000e+00
0271  5.71924e+18  5.84355e-23  1.66623e-08  5.32496e+07  2.74876e-01  0.00000e+00
0272  5.73664e+18  5.80309e-23  1.65148e-08  5.32962e+07  2.74477e-01  0.00000e+00
0273  5.75403e+18  5.76305e-23  1.63691e-08  5.33426e+07  2.74080e-01  0.00000e+00
0274  5.77142e+18  5.72342e-23  1.62251e-08  5.33886e+07  2.73683e-01  0.00000e+00
0275  5.78881e+18  5.68420e-23  1.60828e-08  5.34344e+07  2.73288e-01  0.00000e+00
0276  5.80620e+18  5.64539e-23  1.59422e-08  5.34799e+07  2.72894e-01  0.00000e+00
0277  5.82360e+18  5.60697e-23  1.58032e-08  5.35252e+07  2.72501e-01  0.00000e+00
0278  5.84099e+18  5.56895e-23  1.56659e-08  5.35702e+07  2.72109e-01  0.00000e+00
0279  5.85838e+18  5.53131e-23  1.55302e-08  5.36149e+07  2.71718e-01  0.00000e+00
0280  5.87577e+18  5.49405e-23  1.53960e-08  5.36594e+07  2.71329e-01  0.00000e+00
0281  5.89317e+18  5.45717e-23  1.52635e-08  5.37036e+07  2.70940e-01  0.00000e+00
0282  5.91056e+18  5.42066e-23  1.51324e-08  5.37476e+07  2.70553e-01  0.00000e+00
0283  5.92795e+18  5.38452e-23  1.50029e-08  5.37913e+07  2.70167e-01  0.00000e+00
0284  5.94534e+18  5.34874e-23  1.48749e-08  5.38348e+07  2.69782e-01  0.00000e+00
0285  5.96274e+18  5.31331e-23  1.47483e-08  5.38780e+07  2.69398e-01  0.00000e+00
0286  5.98013e+18  5.27824e-23  1.46232e-08  5.39210e+07  2.69016e-01  0.00000e+00
0287  5.99752e+18  5.24351e-23  1.44995e-08  5.39637e+07  2.68635e-01  0.00000e+00
0288  6.01491e+18  5.20913e-23  1.43772e-08  5.40062e+07  2.68254e-01  0.00000e+00
0289  6.03231e+18  5.17508e-23  1.42564e-08  5.40485e+07  2.67875e-01  0.00000e+00
0290  6.04970e+18  5.14137e-23  1.41368e-08  5.40905e+07  2.67497e-01  0.00000e+00
0291  6.06709e+18  5.10798e-23  1.40187e-08  5.41323e+07  2.67120e-01  0.00000e+00
0292  6.08448e+18  5.07493e-23  1.39018e-08  5.41738e+07  2.66745e-01  0.00000e+00
0293  6.10188e+18  5.04219e-23  1.37863e-08  5.42152e+07  2.66370e-01  0.00000e+00
0294  6.11927e+18  5.00977e-23  1.36721e-08  5.42563e+07  2.65996e-01  0.00000e+00
0295  6.13666e+18  4.97766e-23  1.35591e-08  5.42971e+07  2.65624e-01  0.00000e+00
0296  6.15405e+18  4.94586e-23  1.34474e-08  5.43378e+07  2.65253e-01  0.00000e+00
0297  6.17145e+18  4.91436e-23  1.33370e-08  5.43782e+07  2.64883e-01  0.00000e+00
0298  6.18884e+18  4.88317e-23  1.32277e-08  5.44184e+07  2.64514e-01  0.00000e+00
0299  6.20623e+18  4.85227e-23  1.31197e-08  5.44584e+07  2.64146e-01  0.00000e+00
0300  6.22362e+18  4.82166e-23  1.30128e-08  5.44982e+07  2.63779e-01  0.00000e+00
0301  6.24102e+18  4.79135e-23  1.29072e-08  5.45377e+07  2.63413e-01  0.00000e+00
0302  6.25841e+18  4.76132e-23  1.28026e-08  5.45771e+07  2.63048e-01  0.00000e+00
0303  6.27580e+18  4.73157e-23  1.26993e-08  5.46162e+07  2.62685e-01  0.00000e+00
0304  6.29319e+18  4.70210e-23  1.25970e-08  5.46551e+07  2.62322e-01  0.00000e+00
0305  6.31059e+18  4.67291e-23  1.24958e-08  5.46938e+07  2.61961e-01  0.00000e+00
0306  6.32798e+18  4.64398e-23  1.23958e-08  5.47323e+07  2.61600e-01  0.00000e+00
0307  6.34537e+18  4.61533e-23  1.22968e-08  5.47706e+07  2.61241e-01  0.00000e+00
0308  6.36276e+18  4.58694e-23  1.21989e-08  5.48087e+07  2.60883e-01  0.00000e+00
0309  6.38016e+18  4.55881e-23  1.21020e-08  5.48466e+07  2.60526e-01  0.00000e+00
0310  6.39755e+18  4.53094e-23  1.20062e-08  5.48843e+07  2.60170e-01  0.00000e+00
0311  6.41494e+18  4.50333e-23  1.19114e-08  5.49218e+07  2.59815e-01  0.00000e+00
0312  6.43233e+18  4.47596e-23  1.18176e-08  5.49591e+07  2.59461e-01  0.00000e+00
0313  6.44973e+18  4.44885e-23  1.17248e-08  5.49963e+07  2.59108e-01  0.00000e+00
0314  6.46712e+18  4.42199e-23  1.16330e-08  5.50332e+07  2.58756e-01  0.00000e+00
0315  6.48451e+18  4.39536e-23  1.15421e-08  5.50699e+07  2.58405e-01  0.00000e+00
0316  6.50190e+18  4.36898e-23  1.14522e-08  5.51064e+07  2.58055e-01  0.00000e+00
0317  6.51930e+18  4.34283e-23  1.13633e-08  5.51428e+07  2.57706e-01  0.00000e+00
0318  6.53669e+18  4.31692e-23  1.12752e-08  5.51789e+07  2.57358e-01  0.00000e+00
0319  6.55408e+18  4.29124e-23  1.11881e-08  5.52149e+07  2.57012e-01  0.00000e+00
0320  6.57147e+18  4.26579e-23  1.11019e-08  5.52507e+07  2.56666e-01  0.00000e+00
0321  6.58887e+18  4.24056e-23  1.10166e-08  5.52863e+07  2.56321e-01  0.00000e+00
0322  6.60626e+18  4.21556e-23  1.09322e-08  5.53217e+07  2.55977e-01  0.00000e+00
0323  6.62365e+18  4.19078e-23  1.08486e-08  5.53570e+07  2.55635e-01  0.00000e+00
0324  6.64104e+18  4.16622e-23  1.07659e-08  5.53921e+07  2.55293e-01  0.00000e+00
0325  6.65844e+18  4.14187e-23  1.06841e-08  5.54269e+07  2.54952e-01  0.00000e+00
0326  6.67583e+18  4.11774e-23  1.06031e-08  5.54617e+07  2.54613e-01  0.00000e+00
0327  6.69322e+18  4.09381e-23  1.05229e-08  5.54962e+07  2.54274e-01  0.00000e+00
0328  6.71061e+18  4.07010e-23  1.04435e-08  5.55306e+07  2.53936e-01  0.00000e+00
0329  6.72801e+18  4.04659e-23  1.03649e-08  5.55648e+07  2.53599e-01  0.00000e+00
0330  6.74540e+18  4.02329e-23  1.02872e-08  5.55988e+07  2.53264e-01  0.00000e+00
0331  6.76279e+18  4.00018e-23  1.02102e-08  5.56327e+07  2.52929e-01  0.00000e+00
0332  6.78018e+18  3.97727e-23  1.01340e-08  5.56663e+07  2.52595e-01  0.00000e+00
0333  6.79758e+18  3.95457e-23  1.00585e-08  5.56999e+07  2.52262e-01  0.00000e+00
0334  6.81497e+18  3.93205e-23  9.98386e-09  5.57332e+07  2.51930e-01  0.00000e+00
0335  6.83236e+18  3.90973e-23  9.90992e-09  5.57664e+07  2.51600e-01  0.00000e+00
0336  6.84975e+18  3.88759e-23  9.83671e-09  5.57994e+07  2.51270e-01  0.00000e+00
0337  6.86715e+18  3.86565e-23  9.76424e-09  5.58323e+07  2.50941e-01  0.00000e+00
0338  6.88454e+18  3.84389e-23  9.69248e-09  5.58650e+07  2.50613e-01  0.00000e+00
0339  6.90193e+18  3.82231e-23  9.62143e-09  5.58976e+07  2.50285e-01  0.00000e+00
0340  6.91932e+18  3.80092e-23  9.55108e-09  5.59300e+07  2.49959e-01  0.00000e+00
0341  6.93672e+18  3.77970e-23  9.48143e-09  5.59622e+07  2.49634e-01  0.00000e+00
0342  6.95411e+18  3.75866e-23  9.41246e-09  5.59943e+07  2.49310e-01  0.00000e+00
0343  6.97150e+18  3.73780e-23  9.34416e-09  5.60262e+07  2.48986e-01  0.00000e+00
0344  6.98889e+18  3.71711e-23  9.27653e-09  5.60580e+07  2.48664e-01  0.00000e+00
0345  7.00629e+18  3.69659e-23  9.20956e-09  5.60896e+07  2.48343e-01  0.00000e+00
0346  7.02368e+18  3.67624e-23  9.14324e-09  5.61211e+07  2.48022e-01  0.00000e+00
0347  7.04107e+18  3.65606e-23  9.07756e-09  5.61524e+07  2.47702e-01  0.00000e+00
0348  7.05846e+18  3.63605e-23  9.01252e-09  5.61836e+07  2.47384e-01  0.00000e+00
0349  7.07586e+18  3.61620e-23  8.94810e-09  5.62146e+07  2.47066e-01  0.00000e+00
0350  7.09325e+18  3.59651e-23  8.88430e-09  5.62455e+07  2.46749e-01  0.00000e+00
0351  7.11064e+18  3.57698e-23  8.82112e-09  5.62762e+07  2.46433e-01  0.00000e+00
0352  7.12803e+18  3.55761e-23  8.75854e-09  5.63068e+07  2.46118e-01  0.00000e+00
0353  7.14543e+18  3.53840e-23  8.69655e-09  5.63373e+07  2.45804e-01  0.00000e+00
0354  7.16282e+18  3.51934e-23  8.63516e-09  5.63676e+07  2.45490e-01  0.00000e+00
0355  7.18021e+18  3.50044e-23  8.57435e-09  5.63977e+07  2.45178e-01  0.00000e+00
0356  7.19760e+18  3.48169e-23  8.51411e-09  5.64278e+07  2.44866e-01  0.00000e+00
0357  7.21500e+18  3.46309e-23  8.45445e-09  5.64576e+07  2.44556e-01  0.00000e+00
0358  7.23239e+18  3.44464e-23  8.39535e-09  5.64874e+07  2.44246e-01  0.00000e+00
0359  7.24978e+18  3.42633e-23  8.33680e-09  5.65170e+07  2.43937e-01  0.00000e+00
0360  7.26717e+18  3.40817e-23  8.27880e-09  5.65465e+07  2.43629e-01  0.00000e+00
0361  7.28457e+18  3.39016e-23  8.22135e-09  5.65758e+07  2.43322e-01  0.00000e+00
0362  7.30196e+18  3.37229e-23  8.16443e-09  5.66050e+07  2.43016e-01  0.00000e+00
0363  7.31935e+18  3.35455e-23  8.10804e-09  5.66341e+07  2.42710e-01  0.00000e+00
0364  7.33674e+18  3.33696e-23  8.05218e-09  5.66630e+07  2.42406e-01  0.00000e+00
0365  7.35414e+18  3.31951e-23  7.99683e-09  5.66918e+07  2.42102e-01  0.00000e+00
0366  7.37153e+18  3.30219e-23  7.94200e-09  5.67205e+07  2.41799e-01  0.00000e+00
0367  7.38892e+18  3.28501e-23  7.88767e-09  5.67490e+07  2.41497e-01  0.00000e+00
0368  7.40631e+18  3.26796e-23  7.83384e-09  5.67774e+07  2.41196e-01  0.00000e+00
0369  7.42371e+18  3.25105e-23  7.78051e-09  5.68057e+07  2.40896e-01  0.00000e+00
0370  7.44110e+18  3.23427e-23  7.72766e-09  5.68339e+07  2.40596e-01  0.00000e+00
0371  7.45849e+18  3.21761e-23  7.67530e-09  5.68619e+07  2.40298e-01  0.00000e+00
0372  7.47588e+18  3.20109e-23  7.62341e-09  5.68898e+07  2.40000e-01  0.00000e+00
0373  7.49328e+18  3.18469e-23  7.57200e-09  5.69176e+07  2.39703e-01  0.00000e+00
0374  7.51067e+18  3.16841e-23  7.52105e-09  5.69453e+07  2.39407e-01  0.00000e+00
0375  7.52806e+18  3.15227e-23  7.47057e-09  5.69728e+07  2.39112e-01  0.00000e+00
0376  7.54545e+18  3.13624e-23  7.42054e-09  5.70002e+07  2.38817e-01  0.00000e+00
0377  7.56285e+18  3.12034e-23  7.37096e-09  5.70275e+07  2.38523e-01  0.00000e+00
0378  7.58024e+18  3.10456e-23  7.32182e-09  5.70547e+07  2.38230e-01  0.00000e+00
0379  7.59763e+18  3.08889e-23  7.27313e-09  5.70817e+07  2.37938e-01  0.00000e+00
0380  7.61502e+18  3.07335e-23  7.22487e-09  5.71087e+07  2.37647e-01  0.00000e+00
0381  7.63242e+18  3.05792e-23  7.17704e-09  5.71355e+07  2.37357e-01  0.00000e+00
0382  7.64981e+18  3.04261e-23  7.12964e-09  5.71622e+07  2.37067e-01  0.00000e+00
0383  7.66720e+18  3.02741e-23  7.08266e-09  5.71888e+07  2.36778e-01  0.00000e+00
0384  7.68459e+18  3.01233e-23  7.03610e-09  5.72152e+07  2.36490e-01  0.00000e+00
0385  7.70199e+18  2.99736e-23  6.98995e-09  5.72416e+07  2.36203e-01  0.00000e+00
0386  7.71938e+18  2.98250e-23  6.94421e-09  5.72678e+07  2.35917e-01  0.00000e+00
0387  7.73677e+18  2.96775e-23  6.89886e-09  5.72940e+07  2.35631e-01  0.00000e+00
0388  7.75416e+18  2.95311e-23  6.85392e-09  5.73200e+07  2.35346e-01  0.00000e+00
0389  7.77156e+18  2.93858e-23  6.80937e-09  5.73459e+07  2.35062e-01  0.00000e+00
0390  7.78895e+18  2.92415e-23  6.76521e-09  5.73717e+07  2.34778e-01  0.00000e+00
0391  7.80634e+18  2.90984e-23  6.72144e-09  5.73973e+07  2.34496e-01  0.00000e+00
0392  7.82373e+18  2.89562e-23  6.67804e-09  5.74229e+07  2.34214e-01  0.00000e+00
0393  7.84113e+18  2.88151e-23  6.63503e-09  5.74484e+07  2.33933e-01  0.00000e+00
0394  7.85852e+18  2.86751e-23  6.59238e-09  5.74737e+07  2.33653e-01  0.00000e+00
0395  7.87591e+18  2.85360e-23  6.55011e-09  5.74990e+07  2.33373e-01  0.00000e+00
0396  7.89330e+18  2.83980e-23  6.50820e-09  5.75241e+07  2.33095e-01  0.00000e+00
0397  7.91070e+18  2.82609e-23  6.46665e-09  5.75491e+07  2.32817e-01  0.00000e+00
0398  7.92809e+18  2.81249e-23  6.42545e-09  5.75741e+07  2.32539e-01  0.00000e+00
0399  7.94548e+18  2.79898e-23  6.38461e-09  5.75989e+07  2.32263e-01  0.00000e+00
0400  7.96287e+18  2.78557e-23  6.34412e-09  5.76236e+07  2.31987e-01  0.00000e+00
0401  7.98027e+18  2.77226e-23  6.30398e-09  5.76482e+07  2.31712e-01  0.00000e+00
0402  7.99766e+18  2.75904e-23  6.26418e-09  5.76727e+07  2.31438e-01  0.00000e+00
0403  8.01505e+18  2.74592e-23  6.22471e-09  5.76972e+07  2.31164e-01  0.00000e+00
0404  8.03244e+18  2.73289e-23  6.18558e-09  5.77215e+07  2.30892e-01  0.00000e+00
0405  8.04984e+18  2.71995e-23  6.14678e-09  5.77457e+07  2.30620e-01  0.00000e+00
0406  8.06723e+18  2.70710e-23  6.10831e-09  5.77698e+07  2.30348e-01  0.00000e+00
0407  8.08462e+18  2.69435e-23  6.07016e-09  5.77938e+07  2.30078e-01  0.00000e+00
0408  8.10201e+18  2.68168e-23  6.03233e-09  5.78177e+07  2.29808e-01  0.00000e+00
0409  8.11940e+18  2.66911e-23  5.99482e-09  5.78415e+07  2.29539e-01  0.00000e+00
0410  8.13680e+18  2.65662e-23  5.95762e-09  5.78652e+07  2.29270e-01  0.00000e+00
0411  8.15419e+18  2.64422e-23  5.92073e-09  5.78889e+07  2.29002e-01  0.00000e+00
0412  8.17158e+18  2.63190e-23  5.88416e-09  5.79124e+07  2.28735e-01  0.00000e+00
0413  8.18897e+18  2.61968e-23  5.84788e-09  5.79358e+07  2.28469e-01  0.00000e+00
0414  8.20637e+18  2.60753e-23  5.81191e-09  5.79591e+07  2.28203e-01  0.00000e+00
0415  8.22376e+18  2.59548e-23  5.77623e-09  5.79824e+07  2.27939e-01  0.00000e+00
0416  8.24115e+18  2.58350e-23  5.74085e-09  5.80055e+07  2.27674e-01  0.00000e+00
0417  8.25854e+18  2.57161e-23  5.70576e-09  5.80286e+07  2.27411e-01  0.00000e+00
0418  8.27594e+18  2.55980e-23  5.67095e-09  5.80515e+07  2.27148e-01  0.00000e+00
0419  8.29333e+18  2.54807e-23  5.63644e-09  5.80744e+07  2.26886e-01  0.00000e+00
0420  8.31072e+18  2.53642e-23  5.60220e-09  5.80972e+07  2.26625e-01  0.00000e+00
0421  8.32811e+18  2.52485e-23  5.56825e-09  5.81198e+07  2.26364e-01  0.00000e+00
0422  8.34551e+18  2.51336e-23  5.53457e-09  5.81424e+07  2.26104e-01  0.00000e+00
0423  8.36290e+18  2.50195e-23  5.50117e-09  5.81649e+07  2.25844e-01  0.00000e+00
0424  8.38029e+18  2.49061e-23  5.46804e-09  5.81873e+07  2.25586e-01  0.00000e+00
0425  8.39768e+18  2.47936e-23  5.43517e-09  5.82097e+07  2.25328e-01  0.00000e+00
0426  8.41508e+18  2.46818e-23  5.40257e-09  5.82319e+07  2.25070e-01  0.00000e+00
0427  8.43247e+18  2.45707e-23  5.37024e-09  5.82540e+07  2.24814e-01  0.00000e+00
0428  8.44986e+18  2.44604e-23  5.33816e-09  5.82761e+07  2.24558e-01  0.00000e+00
0429  8.46725e+18  2.43508e-23  5.30635e-09  5.82981e+07  2.24303e-01  0.00000e+00
0430  8.48465e+18  2.42420e-23  5.27478e-09  5.83199e+07  2.24048e-01  0.00000e+00
0431  8.50204e+18  2.41339e-23  5.24348e-09  5.83417e+07  2.23794e-01  0.00000e+00
0432  8.51943e+18  2.40265e-23  5.21242e-09  5.83635e+07  2.23541e-01  0.00000e+00
0433  8.53682e+18  2.39198e-23  5.18160e-09  5.83851e+07  2.23288e-01  0.00000e+00
0434  8.55422e+18  2.38139e-23  5.15104e-09  5.84066e+07  2.23036e-01  0.00000e+00
0435  8.57161e+18  2.37086e-23  5.12071e-09  5.84281e+07  2.22784e-01  0.00000e+00
0436  8.58900e+18  2.36041e-23  5.09063e-09  5.84495e+07  2.22534e-01  0.00000e+00
0437  8.60639e+18  2.35002e-23  5.06078e-09  5.84708e+07  2.22284e-01  0.00000e+00
0438  8.62379e+18  2.33970e-23  5.03117e-09  5.84920e+07  2.22034e-01  0.00000e+00
0439  8.64118e+18  2.32945e-23  5.00179e-09  5.85131e+07  2.21785e-01  0.00000e+00
0440  8.65857e+18  2.31927e-23  4.97265e-09  5.85342e+07  2.21537e-01  0.00000e+00
0441  8.67596e+18  2.30915e-23  4.94373e-09  5.85551e+07  2.21290e-01  0.00000e+00
0442  8.69336e+18  2.29910e-23  4.91504e-09  5.85760e+07  2.21043e-01  0.00000e+00
0443  8.71075e+18  2.28911e-23  4.88657e-09  5.85968e+07  2.20797e-01  0.00000e+00
0444  8.72814e+18  2.27919e-23  4.85833e-09  5.86176e+07  2.20551e-01  0.00000e+00
0445  8.74553e+18  2.26934e-23  4.83030e-09  5.86382e+07  2.20306e-01  0.00000e+00
0446  8.76293e+18  2.25954e-23  4.80249e-09  5.86588e+07  2.20062e-01  0.00000e+00
0447  8.78032e+18  2.24981e-23  4.77490e-09  5.86793e+07  2.19818e-01  0.00000e+00
0448  8.79771e+18  2.24015e-23  4.74752e-09  5.86997e+07  2.19575e-01  0.00000e+00
0449  8.81510e+18  2.23054e-23  4.72035e-09  5.87200e+07  2.19332e-01  0.00000e+00
0450  8.83250e+18  2.22100e-23  4.69339e-09  5.87403e+07  2.19090e-01  0.00000e+00
0451  8.84989e+18  2.21152e-23  4.66664e-09  5.87605e+07  2.18849e-01  0.00000e+00
0452  8.86728e+18  2.20210e-23  4.64009e-09  5.87806e+07  2.18608e-01  0.00000e+00
0453  8.88467e+18  2.19274e-23  4.61375e-09  5.88006e+07  2.18368e-01  0.00000e+00
0454  8.90207e+18  2.18344e-23  4.58761e-09  5.88206e+07  2.18129e-01  0.00000e+00
0455  8.91946e+18  2.17420e-23  4.56166e-09  5.88405e+07  2.17890e-01  0.00000e+00
0456  8.93685e+18  2.16501e-23  4.53592e-09  5.88603e+07  2.17652e-01  0.00000e+00
0457  8.95424e+18  2.15589e-23  4.51037e-09  5.88800e+07  2.17414e-01  0.00000e+00
0458  8.97164e+18  2.14682e-23  4.48501e-09  5.88997e+07  2.17177e-01  0.00000e+00
0459  8.98903e+18  2.13781e-23  4.45985e-09  5.89193e+07  2.16941e-01  0.00000e+00
0460  9.00642e+18  2.12885e-23  4.43487e-09  5.89388e+07  2.16705e-01  0.00000e+00
0461  9.02381e+18  2.11996e-23  4.41007e-09  5.89583e+07  2.16470e-01  0.00000e+00
0462  9.04121e+18  2.11111e-23  4.38547e-09  5.89777e+07  2.16235e-01  0.00000e+00
0463  9.05860e+18  2.10233e-23  4.36104e-09  5.89970e+07  2.16001e-01  0.00000e+00
0464  9.07599e+18  2.09359e-23  4.33680e-09  5.90162e+07  2.15767e-01  0.00000e+00
0465  9.09338e+18  2.08491e-23  4.31274e-09  5.90354e+07  2.15534e-01  0.00000e+00
0466  9.11078e+18  2.07629e-23  4.28887e-09  5.90545e+07  2.15302e-01  0.00000e+00
0467  9.12817e+18  2.06772e-23  4.26517e-09  5.90735e+07  2.15070e-01  0.00000e+00
0468  9.14556e+18  2.05920e-23  4.24165e-09  5.90925e+07  2.14839e-01  0.00000e+00
0469  9.16295e+18  2.05074e-23  4.21830e-09  5.91114e+07  2.14608e-01  0.00000e+00
0470  9.18035e+18  2.04232e-23  4.19513e-09  5.91302e+07  2.14378e-01  0.00000e+00
0471  9.19774e+18  2.03396e-23  4.17212e-09  5.91489e+07  2.14149e-01  0.00000e+00
0472  9.21513e+18  2.02565e-23  4.14929e-09  5.91676e+07  2.13920e-01  0.00000e+00
0473  9.23252e+18  2.01739e-23  4.12663e-09  5.91862e+07  2.13691e-01  0.00000e+00
0474  9.24992e+18  2.00918e-23  4.10413e-09  5.92048e+07  2.13464e-01  0.00000e+00
0475  9.26731e+18  2.00102e-23  4.08180e-09  5.92233e+07  2.13236e-01  0.00000e+00
0476  9.28470e+18  1.99291e-23  4.05964e-09  5.92417e+07  2.13010e-01  0.00000e+00
0477  9.30209e+18  1.98485e-23  4.03763e-09  5.92600e+07  2.12784e-01  0.00000e+00
0478  9.31949e+18  1.97684e-23  4.01579e-09  5.92783e+07  2.12558e-01  0.00000e+00
0479  9.33688e+18  1.96888e-23  3.99411e-09  5.92965e+07  2.12333e-01  0.00000e+00
0480  9.35427e+18  1.96096e-23  3.97258e-09  5.93147e+07  2.12108e-01  0.00000e+00
0481  9.37166e+18  1.95310e-23  3.95121e-09  5.93328e+07  2.11885e-01  0.00000e+00
0482  9.38906e+18  1.94528e-23  3.93000e-09  5.93508e+07  2.11661e-01  0.00000e+00
0483  9.40645e+18  1.93750e-23  3.90894e-09  5.93687e+07  2.11438e-01  0.00000e+00
0484  9.42384e+18  1.92977e-23  3.88803e-09  5.93866e+07  2.11216e-01  0.00000e+00
0485  9.44123e+18  1.92209e-23  3.86728e-09  5.94045e+07  2.10994e-01  0.00000e+00
0486  9.45863e+18  1.91446e-23  3.84667e-09  5.94222e+07  2.10773e-01  0.00000e+00
0487  9.47602e+18  1.90687e-23  3.82621e-09  5.94400e+07  2.10552e-01  0.00000e+00
0488  9.49341e+18  1.89933e-23  3.80590e-09  5.94576e+07  2.10332e-01  0.00000e+00
0489  9.51080e+18  1.89183e-23  3.78574e-09  5.94752e+07  2.10113e-01  0.00000e+00
0490  9.52820e+18  1.88437e-23  3.76571e-09  5.94927e+07  2.09894e-01  0.00000e+00
0491  9.54559e+18  1.87696e-23  3.74583e-09  5.95102e+07  2.09675e-01  0.00000e+00
0492  9.56298e+18  1.86959e-23  3.72610e-09  5.95276e+07  2.09457e-01  0.00000e+00
0493  9.58037e+18  1.86227e-23  3.70650e-09  5.95449e+07  2.09239e-01  0.00000e+00
0494  9.59777e+18  1.85499e-23  3.68704e-09  5.95622e+07  2.09022e-01  0.00000e+00
0495  9.61516e+18  1.84775e-23  3.66772e-09  5.95794e+07  2.08806e-01  0.00000e+00
0496  9.63255e+18  1.84055e-23  3.64854e-09  5.95965e+07  2.08590e-01  0.00000e+00
0497  9.64994e+18  1.83340e-23  3.62949e-09  5.96136e+07  2.08375e-01  0.00000e+00
0498  9.66734e+18  1.82628e-23  3.61058e-09  5.96307e+07  2.08160e-01  0.00000e+00
0499  9.68473e+18  1.81921e-23  3.59180e-09  5.96477e+07  2.07945e-01  0.00000e+00
0500  9.70212e+18  1.81218e-23  3.57315e-09  5.96646e+07  2.07731e-01  0.00000e+00
0501  9.71951e+18  1.80519e-23  3.55463e-09  5.96814e+07  2.07518e-01  0.00000e+00
0502  9.73691e+18  1.79824e-23  3.53624e-09  5.96983e+07  2.07305e-01  0.00000e+00
0503  9.75430e+18  1.79133e-23  3.51798e-09  5.97150e+07  2.07093e-01  0.00000e+00
0504  9.77169e+18  1.78446e-23  3.49985e-09  5.97317e+07  2.06881e-01  0.00000e+00
0505  9.78908e+18  1.77763e-23  3.48184e-09  5.97483e+07  2.06670e-01  0.00000e+00
0506  9.80648e+18  1.77084e-23  3.46396e-09  5.97649e+07  2.06459e-01  0.00000e+00
0507  9.82387e+18  1.76409e-23  3.44620e-09  5.97814e+07  2.06248e-01  0.00000e+00
0508  9.84126e+18  1.75737e-23  3.42857e-09  5.97979e+07  2.06038e-01  0.00000e+00
0509  9.85865e+18  1.75070e-23  3.41105e-09  5.98143e+07  2.05829e-01  0.00000e+00
0510  9.87605e+18  1.74406e-23  3.39366e-09  5.98307e+07  2.05620e-01  0.00000e+00
0511  9.89344e+18  1.73746e-23  3.37639e-09  5.98470e+07  2.05412e-01  0.00000e+00
0512  9.91083e+18  1.73090e-23  3.35923e-09  5.98632e+07  2.05204e-01  0.00000e+00
0513  9.92822e+18  1.72437e-23  3.34220e-09  5.98794e+07  2.04997e-01  0.00000e+00
0514  9.94562e+18  1.71788e-23  3.32528e-09  5.98955e+07  2.04790e-01  0.00000e+00
0515  9.96301e+18  1.71143e-23  3.30847e-09  5.99116e+07  2.04583e-01  0.00000e+00
0516  9.98040e+18  1.70502e-23  3.29178e-09  5.99276e+07  2.04377e-01  0.00000e+00
0517  9.99779e+18  1.69864e-23  3.27520e-09  5.99436e+07  2.04172e-01  0.00000e+00
0518  1.00152e+19  1.69229e-23  3.25874e-09  5.99595e+07  2.03967e-01  0.00000e+00
0519  1.00326e+19  1.68598e-23  3.24239e-09  5.99754e+07  2.03762e-01  0.00000e+00
0520  1.00500e+19  1.67971e-23  3.22615e-09  5.99912e+07  2.03558e-01  0.00000e+00
0521  1.00674e+19  1.67347e-23  3.21002e-09  6.00070e+07  2.03355e-01  0.00000e+00
0522  1.00848e+19  1.66727e-23  3.19399e-09  6.00227e+07  2.03152e-01  0.00000e+00
0523  1.01021e+19  1.66110e-23  3.17808e-09  6.00383e+07  2.02949e-01  0.00000e+00
0524  1.01195e+19  1.65496e-23  3.16227e-09  6.00540e+07  2.02747e-01  0.00000e+00
0525  1.01369e+19  1.64886e-23  3.14657e-09  6.00695e+07  2.02545e-01  0.00000e+00
0526  1.01543e+19  1.64279e-23  3.13097e-09  6.00850e+07  2.02344e-01  0.00000e+00
0527  1.01717e+19  1.63676e-23  3.11548e-09  6.01005e+07  2.02143e-01  0.00000e+00
0528  1.01891e+19  1.63076e-23  3.10009e-09  6.01159e+07  2.01943e-01  0.00000e+00
0529  1.02065e+19  1.62479e-23  3.08480e-09  6.01312e+07  2.01743e-01  0.00000e+00
0530  1.02239e+19  1.61886e-23  3.06962e-09  6.01465e+07  2.01544e-01  0.00000e+00
0531  1.02413e+19  1.61295e-23  3.05454e-09  6.01618e+07  2.01345e-01  0.00000e+00
0532  1.02587e+19  1.60708e-23  3.03955e-09  6.01770e+07  2.01146e-01  0.00000e+00
0533  1.02761e+19  1.60124e-23  3.02467e-09  6.01922e+07  2.00948e-01  0.00000e+00
0534  1.02935e+19  1.59544e-23  3.00988e-09  6.02073e+07  2.00751e-01  0.00000e+00
0535  1.03109e+19  1.58966e-23  2.99519e-09  6.02223e+07  2.00554e-01  0.00000e+00
0536  1.03283e+19  1.58392e-23  2.98060e-09  6.02373e+07  2.00357e-01  0.00000e+00
0537  1.03456e+19  1.57820e-23  2.96610e-09  6.02523e+07  2.00161e-01  0.00000e+00
0538  1.03630e+19  1.57252e-23  2.95170e-09  6.02672e+07  1.99965e-01  0.00000e+00
0539  1.03804e+19  1.56687e-23  2.93740e-09  6.02821e+07  1.99770e-01  0.00000e+00
0540  1.03978e+19  1.56125e-23  2.92318e-09  6.02969e+07  1.99575e-01  0.00000e+00
0541  1.04152e+19  1.55566e-23  2.90906e-09  6.03117e+07  1.99380e-01  0.00000e+00
0542  1.04326e+19  1.55010e-23  2.89503e-09  6.03264e+07  1.99187e-01  0.00000e+00
0543  1.04500e+19  1.54457e-23  2.88110e-09  6.03411e+07  1.98993e-01  0.00000e+00
0544  1.04674e+19  1.53907e-23  2.86725e-09  6.03557e+07  1.98800e-01  0.00000e+00
0545  1.04848e+19  1.53359e-23  2.85349e-09  6.03703e+07  1.98607e-01  0.00000e+00
0546  1.05022e+19  1.52815e-23  2.83982e-09  6.03848e+07  1.98415e-01  0.00000e+00
0547  1.05196e+19  1.52274e-23  2.82624e-09  6.03993e+07  1.98223e-01  0.00000e+00
0548  1.05370e+19  1.51735e-23  2.81275e-09  6.04137e+07  1.98032e-01  0.00000e+00
0549  1.05544e+19  1.51199e-23  2.79935e-09  6.04281e+07  1.97841e-01  0.00000e+00
0550  1.05717e+19  1.50667e-23  2.78603e-09  6.04425e+07  1.97650e-01  0.00000e+00
0551  1.05891e+19  1.50136e-23  2.77278e-09  6.04568e+07  1.97460e-01  0.00000e+00
0552  1.06065e+19  1.49611e-23  2.75970e-09  6.04710e+07  1.97271e-01  0.00000e+00
0553  1.06239e+19  1.49074e-23  2.74633e-09  6.04856e+07  1.97078e-01  0.00000e+00
0554  1.06413e+19  1.48602e-23  2.73457e-09  6.04984e+07  1.96907e-01  0.00000e+00
0555  1.06587e+19  1.47785e-23  2.71429e-09  6.05206e+07  1.96610e-01  0.00000e+00
