# Athena++ data at time=2.350000e+12  cycle=176546028  variables=prim 
# i       x1v         rho          press          vel1         vel2         vel3     
0002  1.07548e+18  2.40946e-18  1.00596e-05 -5.00501e+05  1.38461e-09  0.00000e+00
0003  1.09287e+18  1.08163e-18  6.04041e-06  1.23271e+05  2.22894e-02  0.00000e+00
0004  1.11027e+18  6.83539e-19  4.76036e-06  1.11355e+05  4.54288e-02  0.00000e+00
0005  1.12766e+18  4.43764e-19  3.97563e-06  1.52376e+05  6.60573e-02  0.00000e+00
0006  1.14505e+18  2.80728e-19  3.50526e-06  2.32381e+05  8.51980e-02  0.00000e+00
0007  1.16244e+18  1.85908e-19  3.20932e-06  3.36796e+05  1.03497e-01  0.00000e+00
0008  1.17983e+18  1.60629e-19  2.98189e-06  3.86229e+05  1.20288e-01  0.00000e+00
0009  1.19723e+18  1.43674e-19  2.80355e-06  4.13810e+05  1.35320e-01  0.00000e+00
0010  1.21462e+18  1.30139e-19  2.64281e-06  4.46878e+05  1.48628e-01  0.00000e+00
0011  1.23201e+18  1.20883e-19  2.49926e-06  4.71499e+05  1.60381e-01  0.00000e+00
0012  1.24940e+18  1.12716e-19  2.37093e-06  4.94113e+05  1.70911e-01  0.00000e+00
0013  1.26679e+18  1.05280e-19  2.25328e-06  5.18493e+05  1.80540e-01  0.00000e+00
0014  1.28419e+18  9.85880e-20  2.14629e-06  5.42254e+05  1.89527e-01  0.00000e+00
0015  1.30158e+18  9.27572e-20  2.04825e-06  5.64653e+05  1.98061e-01  0.00000e+00
0016  1.31897e+18  8.75289e-20  1.95848e-06  5.86594e+05  2.06294e-01  0.00000e+00
0017  1.33636e+18  8.27181e-20  1.87556e-06  6.10004e+05  2.14345e-01  0.00000e+00
0018  1.35375e+18  7.83055e-20  1.79909e-06  6.34884e+05  2.22307e-01  0.00000e+00
0019  1.37115e+18  7.47255e-20  1.72727e-06  6.55297e+05  2.30255e-01  0.00000e+00
0020  1.38854e+18  7.09995e-20  1.66240e-06  6.75602e+05  2.38236e-01  0.00000e+00
0021  1.40593e+18  6.76486e-20  1.60063e-06  6.97269e+05  2.46213e-01  0.00000e+00
0022  1.42332e+18  6.45861e-20  1.54379e-06  7.16298e+05  2.54119e-01  0.00000e+00
0023  1.44071e+18  6.16914e-20  1.49035e-06  7.36886e+05  2.61840e-01  0.00000e+00
0024  1.45811e+18  5.90095e-20  1.44075e-06  7.58270e+05  2.69245e-01  0.00000e+00
0025  1.47550e+18  5.65304e-20  1.39473e-06  7.79790e+05  2.76203e-01  0.00000e+00
0026  1.49289e+18  5.42341e-20  1.35193e-06  8.00227e+05  2.82621e-01  0.00000e+00
0027  1.51028e+18  5.20998e-20  1.31200e-06  8.17269e+05  2.88412e-01  0.00000e+00
0028  1.52767e+18  5.03027e-20  1.27640e-06  8.30680e+05  2.93728e-01  0.00000e+00
0029  1.54507e+18  4.88245e-20  1.24451e-06  8.06982e+05  2.98118e-01  0.00000e+00
0030  1.56246e+18  1.67379e-20  1.28492e-06  2.08005e+06  3.03717e-01  0.00000e+00
0031  1.57985e+18  7.84015e-21  1.01664e-06  5.46218e+06  3.08043e-01  0.00000e+00
0032  1.59724e+18  5.84544e-21  9.63776e-07  6.82096e+06  3.11889e-01  0.00000e+00
0033  1.61463e+18  4.85157e-21  9.20303e-07  7.91779e+06  3.15451e-01  0.00000e+00
0034  1.63203e+18  4.19224e-21  8.79734e-07  8.92906e+06  3.18780e-01  0.00000e+00
0035  1.64942e+18  3.69836e-21  8.42155e-07  9.89027e+06  3.21899e-01  0.00000e+00
0036  1.66681e+18  3.30846e-21  8.06340e-07  1.08205e+07  3.24818e-01  0.00000e+00
0037  1.68420e+18  2.99258e-21  7.72942e-07  1.17121e+07  3.27550e-01  0.00000e+00
0038  1.70160e+18  2.73166e-21  7.41504e-07  1.25683e+07  3.30105e-01  0.00000e+00
0039  1.71899e+18  2.51357e-21  7.12228e-07  1.33832e+07  3.32495e-01  0.00000e+00
0040  1.73638e+18  2.32742e-21  6.84858e-07  1.41643e+07  3.34732e-01  0.00000e+00
0041  1.75377e+18  2.16602e-21  6.58896e-07  1.49199e+07  3.36825e-01  0.00000e+00
0042  1.77116e+18  2.02529e-21  6.34454e-07  1.56460e+07  3.38781e-01  0.00000e+00
0043  1.78856e+18  1.90143e-21  6.11456e-07  1.63440e+07  3.40609e-01  0.00000e+00
0044  1.80595e+18  1.79141e-21  5.89712e-07  1.70171e+07  3.42318e-01  0.00000e+00
0045  1.82334e+18  1.69317e-21  5.69194e-07  1.76649e+07  3.43914e-01  0.00000e+00
0046  1.84073e+18  1.60502e-21  5.49858e-07  1.82873e+07  3.45404e-01  0.00000e+00
0047  1.85813e+18  1.52558e-21  5.31645e-07  1.88843e+07  3.46796e-01  0.00000e+00
0050  1.87552e+18  1.45348e-21  5.14483e-07  1.94582e+07  3.48096e-01  0.00000e+00
0051  1.89291e+18  1.38730e-21  4.98085e-07  2.00171e+07  3.49309e-01  0.00000e+00
0052  1.91030e+18  1.32628e-21  4.82372e-07  2.05626e+07  3.50440e-01  0.00000e+00
0053  1.92769e+18  1.26989e-21  4.67339e-07  2.10943e+07  3.51493e-01  0.00000e+00
0054  1.94509e+18  1.21765e-21  4.52963e-07  2.16122e+07  3.52470e-01  0.00000e+00
0055  1.96248e+18  1.16917e-21  4.39228e-07  2.21160e+07  3.53376e-01  0.00000e+00
0056  1.97987e+18  1.12410e-21  4.26120e-07  2.26053e+07  3.54214e-01  0.00000e+00
0057  1.99726e+18  1.08212e-21  4.13619e-07  2.30803e+07  3.54989e-01  0.00000e+00
0058  2.01466e+18  1.04285e-21  4.01650e-07  2.35431e+07  3.55704e-01  0.00000e+00
0059  2.03205e+18  1.00595e-21  3.90131e-07  2.39962e+07  3.56361e-01  0.00000e+00
0060  2.04944e+18  9.71248e-22  3.79060e-07  2.44394e+07  3.56964e-01  0.00000e+00
0061  2.06683e+18  9.38554e-22  3.68413e-07  2.48728e+07  3.57514e-01  0.00000e+00
0062  2.08423e+18  9.07704e-22  3.58170e-07  2.52969e+07  3.58014e-01  0.00000e+00
0063  2.10162e+18  8.78551e-22  3.48314e-07  2.57118e+07  3.58465e-01  0.00000e+00
0064  2.11901e+18  8.50962e-22  3.38827e-07  2.61178e+07  3.58872e-01  0.00000e+00
0065  2.13640e+18  8.24820e-22  3.29691e-07  2.65152e+07  3.59234e-01  0.00000e+00
0066  2.15379e+18  8.00016e-22  3.20892e-07  2.69043e+07  3.59555e-01  0.00000e+00
0067  2.17119e+18  7.76455e-22  3.12417e-07  2.72851e+07  3.59835e-01  0.00000e+00
0068  2.18858e+18  7.53993e-22  3.04202e-07  2.76601e+07  3.60077e-01  0.00000e+00
0069  2.20597e+18  7.32753e-22  2.96397e-07  2.80219e+07  3.60283e-01  0.00000e+00
0070  2.22336e+18  7.12574e-22  2.88932e-07  2.83734e+07  3.60455e-01  0.00000e+00
0071  2.24076e+18  6.93351e-22  2.81767e-07  2.87161e+07  3.60595e-01  0.00000e+00
0072  2.25815e+18  6.75014e-22  2.74880e-07  2.90506e+07  3.60705e-01  0.00000e+00
0073  2.27554e+18  6.57493e-22  2.68248e-07  2.93777e+07  3.60787e-01  0.00000e+00
0074  2.29293e+18  6.40728e-22  2.61850e-07  2.96981e+07  3.60838e-01  0.00000e+00
0075  2.31033e+18  6.24662e-22  2.55668e-07  3.00123e+07  3.60874e-01  0.00000e+00
0076  2.32772e+18  6.09249e-22  2.49689e-07  3.03209e+07  3.60868e-01  0.00000e+00
0077  2.34511e+18  5.94449e-22  2.43902e-07  3.06239e+07  3.60846e-01  0.00000e+00
0078  2.36250e+18  5.80229e-22  2.38301e-07  3.09217e+07  3.60802e-01  0.00000e+00
0079  2.37989e+18  5.66556e-22  2.32876e-07  3.12142e+07  3.60737e-01  0.00000e+00
0080  2.39729e+18  5.53401e-22  2.27621e-07  3.15018e+07  3.60650e-01  0.00000e+00
0081  2.41468e+18  5.40737e-22  2.22528e-07  3.17845e+07  3.60543e-01  0.00000e+00
0082  2.43207e+18  5.28537e-22  2.17590e-07  3.20626e+07  3.60416e-01  0.00000e+00
0083  2.44946e+18  5.16778e-22  2.12801e-07  3.23362e+07  3.60271e-01  0.00000e+00
0084  2.46686e+18  5.05436e-22  2.08154e-07  3.26053e+07  3.60108e-01  0.00000e+00
0085  2.48425e+18  4.94491e-22  2.03644e-07  3.28702e+07  3.59927e-01  0.00000e+00
0086  2.50164e+18  4.83922e-22  1.99267e-07  3.31309e+07  3.59730e-01  0.00000e+00
0087  2.51903e+18  4.73712e-22  1.95017e-07  3.33876e+07  3.59518e-01  0.00000e+00
0088  2.53643e+18  4.63847e-22  1.90893e-07  3.36401e+07  3.59290e-01  0.00000e+00
0089  2.55382e+18  4.54312e-22  1.86891e-07  3.38884e+07  3.59048e-01  0.00000e+00
0090  2.57121e+18  4.45090e-22  1.83006e-07  3.41328e+07  3.58792e-01  0.00000e+00
0091  2.58860e+18  4.36166e-22  1.79233e-07  3.43733e+07  3.58522e-01  0.00000e+00
0092  2.60600e+18  4.27526e-22  1.75567e-07  3.46101e+07  3.58240e-01  0.00000e+00
0093  2.62339e+18  4.19158e-22  1.72005e-07  3.48433e+07  3.57945e-01  0.00000e+00
0094  2.64078e+18  4.11049e-22  1.68541e-07  3.50729e+07  3.57639e-01  0.00000e+00
0095  2.65817e+18  4.03187e-22  1.65173e-07  3.52992e+07  3.57322e-01  0.00000e+00
0096  2.67557e+18  3.95563e-22  1.61897e-07  3.55221e+07  3.56994e-01  0.00000e+00
0097  2.69296e+18  3.88167e-22  1.58710e-07  3.57418e+07  3.56656e-01  0.00000e+00
0098  2.71035e+18  3.80988e-22  1.55608e-07  3.59583e+07  3.56307e-01  0.00000e+00
0099  2.72774e+18  3.74018e-22  1.52589e-07  3.61718e+07  3.55949e-01  0.00000e+00
0100  2.74513e+18  3.67248e-22  1.49649e-07  3.63822e+07  3.55583e-01  0.00000e+00
0101  2.76253e+18  3.60670e-22  1.46787e-07  3.65898e+07  3.55207e-01  0.00000e+00
0102  2.77992e+18  3.54278e-22  1.43999e-07  3.67944e+07  3.54823e-01  0.00000e+00
0103  2.79731e+18  3.48063e-22  1.41283e-07  3.69963e+07  3.54431e-01  0.00000e+00
0104  2.81470e+18  3.42019e-22  1.38636e-07  3.71954e+07  3.54031e-01  0.00000e+00
0105  2.83210e+18  3.36139e-22  1.36057e-07  3.73918e+07  3.53624e-01  0.00000e+00
0106  2.84949e+18  3.30417e-22  1.33543e-07  3.75856e+07  3.53210e-01  0.00000e+00
0107  2.86688e+18  3.24847e-22  1.31092e-07  3.77768e+07  3.52790e-01  0.00000e+00
0108  2.88427e+18  3.19423e-22  1.28703e-07  3.79655e+07  3.52363e-01  0.00000e+00
0109  2.90167e+18  3.14141e-22  1.26372e-07  3.81517e+07  3.51930e-01  0.00000e+00
0110  2.91906e+18  3.08995e-22  1.24098e-07  3.83355e+07  3.51491e-01  0.00000e+00
0111  2.93645e+18  3.03979e-22  1.21880e-07  3.85170e+07  3.51047e-01  0.00000e+00
0112  2.95384e+18  2.99091e-22  1.19716e-07  3.86961e+07  3.50598e-01  0.00000e+00
0113  2.97124e+18  2.94324e-22  1.17603e-07  3.88730e+07  3.50143e-01  0.00000e+00
0114  2.98863e+18  2.89676e-22  1.15542e-07  3.90477e+07  3.49684e-01  0.00000e+00
0115  3.00602e+18  2.85142e-22  1.13529e-07  3.92201e+07  3.49220e-01  0.00000e+00
0116  3.02341e+18  2.80718e-22  1.11563e-07  3.93905e+07  3.48751e-01  0.00000e+00
0117  3.04081e+18  2.76401e-22  1.09643e-07  3.95588e+07  3.48277e-01  0.00000e+00
0118  3.05820e+18  2.72187e-22  1.07769e-07  3.97250e+07  3.47800e-01  0.00000e+00
0119  3.07559e+18  2.68073e-22  1.05937e-07  3.98892e+07  3.47318e-01  0.00000e+00
0120  3.09298e+18  2.64055e-22  1.04147e-07  4.00514e+07  3.46833e-01  0.00000e+00
0121  3.11037e+18  2.60131e-22  1.02399e-07  4.02117e+07  3.46344e-01  0.00000e+00
0122  3.12777e+18  2.56297e-22  1.00690e-07  4.03701e+07  3.45852e-01  0.00000e+00
0123  3.14516e+18  2.52549e-22  9.90181e-08  4.05268e+07  3.45357e-01  0.00000e+00
0124  3.16255e+18  2.48886e-22  9.73845e-08  4.06815e+07  3.44859e-01  0.00000e+00
0125  3.17994e+18  2.45307e-22  9.57887e-08  4.08343e+07  3.44358e-01  0.00000e+00
0126  3.19734e+18  2.41807e-22  9.42292e-08  4.09853e+07  3.43854e-01  0.00000e+00
0127  3.21473e+18  2.38384e-22  9.27046e-08  4.11345e+07  3.43349e-01  0.00000e+00
0128  3.23212e+18  2.35035e-22  9.12141e-08  4.12819e+07  3.42841e-01  0.00000e+00
0129  3.24951e+18  2.31759e-22  8.97567e-08  4.14276e+07  3.42332e-01  0.00000e+00
0130  3.26691e+18  2.28554e-22  8.83317e-08  4.15716e+07  3.41820e-01  0.00000e+00
0131  3.28430e+18  2.25419e-22  8.69381e-08  4.17138e+07  3.41307e-01  0.00000e+00
0132  3.30169e+18  2.22350e-22  8.55752e-08  4.18544e+07  3.40792e-01  0.00000e+00
0133  3.31908e+18  2.19345e-22  8.42417e-08  4.19935e+07  3.40276e-01  0.00000e+00
0134  3.33648e+18  2.16404e-22  8.29369e-08  4.21309e+07  3.39758e-01  0.00000e+00
0135  3.35387e+18  2.13522e-22  8.16596e-08  4.22668e+07  3.39239e-01  0.00000e+00
0136  3.37126e+18  2.10700e-22  8.04093e-08  4.24012e+07  3.38719e-01  0.00000e+00
0137  3.38865e+18  2.07934e-22  7.91852e-08  4.25342e+07  3.38198e-01  0.00000e+00
0138  3.40605e+18  2.05225e-22  7.79868e-08  4.26657e+07  3.37677e-01  0.00000e+00
0139  3.42344e+18  2.02570e-22  7.68133e-08  4.27957e+07  3.37154e-01  0.00000e+00
0140  3.44083e+18  1.99968e-22  7.56642e-08  4.29243e+07  3.36631e-01  0.00000e+00
0141  3.45822e+18  1.97417e-22  7.45386e-08  4.30516e+07  3.36107e-01  0.00000e+00
0142  3.47562e+18  1.94916e-22  7.34359e-08  4.31775e+07  3.35582e-01  0.00000e+00
0143  3.49301e+18  1.92464e-22  7.23555e-08  4.33021e+07  3.35056e-01  0.00000e+00
0144  3.51040e+18  1.90059e-22  7.12967e-08  4.34254e+07  3.34530e-01  0.00000e+00
0145  3.52779e+18  1.87700e-22  7.02591e-08  4.35474e+07  3.34004e-01  0.00000e+00
0146  3.54519e+18  1.85385e-22  6.92421e-08  4.36682e+07  3.33477e-01  0.00000e+00
0147  3.56258e+18  1.83115e-22  6.82452e-08  4.37877e+07  3.32949e-01  0.00000e+00
0148  3.57997e+18  1.80888e-22  6.72680e-08  4.39060e+07  3.32422e-01  0.00000e+00
0149  3.59736e+18  1.78702e-22  6.63099e-08  4.40232e+07  3.31894e-01  0.00000e+00
0150  3.61476e+18  1.76556e-22  6.53703e-08  4.41391e+07  3.31365e-01  0.00000e+00
0151  3.63215e+18  1.74450e-22  6.44489e-08  4.42539e+07  3.30837e-01  0.00000e+00
0152  3.64954e+18  1.72383e-22  6.35451e-08  4.43676e+07  3.30309e-01  0.00000e+00
0153  3.66693e+18  1.70353e-22  6.26585e-08  4.44802e+07  3.29780e-01  0.00000e+00
0154  3.68432e+18  1.68359e-22  6.17887e-08  4.45916e+07  3.29252e-01  0.00000e+00
0155  3.70172e+18  1.66401e-22  6.09354e-08  4.47020e+07  3.28724e-01  0.00000e+00
0156  3.71911e+18  1.64478e-22  6.00982e-08  4.48113e+07  3.28196e-01  0.00000e+00
0157  3.73650e+18  1.62589e-22  5.92766e-08  4.49196e+07  3.27668e-01  0.00000e+00
0158  3.75389e+18  1.60733e-22  5.84703e-08  4.50269e+07  3.27140e-01  0.00000e+00
0159  3.77129e+18  1.58909e-22  5.76789e-08  4.51331e+07  3.26612e-01  0.00000e+00
0160  3.78868e+18  1.57117e-22  5.69020e-08  4.52384e+07  3.26085e-01  0.00000e+00
0161  3.80607e+18  1.55356e-22  5.61393e-08  4.53426e+07  3.25558e-01  0.00000e+00
0162  3.82346e+18  1.53625e-22  5.53904e-08  4.54459e+07  3.25031e-01  0.00000e+00
0163  3.84086e+18  1.51923e-22  5.46551e-08  4.55483e+07  3.24504e-01  0.00000e+00
0164  3.85825e+18  1.50250e-22  5.39330e-08  4.56497e+07  3.23978e-01  0.00000e+00
0165  3.87564e+18  1.48605e-22  5.32239e-08  4.57502e+07  3.23452e-01  0.00000e+00
0166  3.89303e+18  1.46987e-22  5.25275e-08  4.58497e+07  3.22927e-01  0.00000e+00
0167  3.91043e+18  1.45397e-22  5.18434e-08  4.59484e+07  3.22402e-01  0.00000e+00
0168  3.92782e+18  1.43833e-22  5.11714e-08  4.60462e+07  3.21878e-01  0.00000e+00
0169  3.94521e+18  1.42294e-22  5.05113e-08  4.61431e+07  3.21354e-01  0.00000e+00
0170  3.96260e+18  1.40781e-22  4.98626e-08  4.62391e+07  3.20830e-01  0.00000e+00
0171  3.98000e+18  1.39292e-22  4.92253e-08  4.63343e+07  3.20307e-01  0.00000e+00
0172  3.99739e+18  1.37827e-22  4.85989e-08  4.64287e+07  3.19785e-01  0.00000e+00
0173  4.01478e+18  1.36386e-22  4.79834e-08  4.65223e+07  3.19263e-01  0.00000e+00
0174  4.03217e+18  1.34967e-22  4.73784e-08  4.66150e+07  3.18741e-01  0.00000e+00
0175  4.04957e+18  1.33571e-22  4.67837e-08  4.67070e+07  3.18220e-01  0.00000e+00
0176  4.06696e+18  1.32197e-22  4.61992e-08  4.67982e+07  3.17699e-01  0.00000e+00
0177  4.08435e+18  1.30845e-22  4.56245e-08  4.68886e+07  3.17179e-01  0.00000e+00
0178  4.10174e+18  1.29514e-22  4.50594e-08  4.69782e+07  3.16660e-01  0.00000e+00
0179  4.11914e+18  1.28203e-22  4.45037e-08  4.70671e+07  3.16141e-01  0.00000e+00
0180  4.13653e+18  1.26913e-22  4.39573e-08  4.71552e+07  3.15622e-01  0.00000e+00
0181  4.15392e+18  1.25643e-22  4.34200e-08  4.72425e+07  3.15104e-01  0.00000e+00
0182  4.17131e+18  1.24392e-22  4.28915e-08  4.73292e+07  3.14587e-01  0.00000e+00
0183  4.18871e+18  1.23159e-22  4.23717e-08  4.74151e+07  3.14070e-01  0.00000e+00
0184  4.20610e+18  1.21946e-22  4.18604e-08  4.75004e+07  3.13554e-01  0.00000e+00
0185  4.22349e+18  1.20751e-22  4.13573e-08  4.75849e+07  3.13038e-01  0.00000e+00
0186  4.24088e+18  1.19573e-22  4.08625e-08  4.76688e+07  3.12523e-01  0.00000e+00
0187  4.25828e+18  1.18413e-22  4.03756e-08  4.77520e+07  3.12009e-01  0.00000e+00
0188  4.27567e+18  1.17270e-22  3.98965e-08  4.78345e+07  3.11496e-01  0.00000e+00
0189  4.29306e+18  1.16144e-22  3.94252e-08  4.79164e+07  3.10984e-01  0.00000e+00
0190  4.31045e+18  1.15034e-22  3.89613e-08  4.79976e+07  3.10473e-01  0.00000e+00
0191  4.32785e+18  1.13940e-22  3.85049e-08  4.80781e+07  3.09964e-01  0.00000e+00
0192  4.34524e+18  1.12862e-22  3.80556e-08  4.81581e+07  3.09455e-01  0.00000e+00
0193  4.36263e+18  1.11800e-22  3.76134e-08  4.82374e+07  3.08948e-01  0.00000e+00
0194  4.38002e+18  1.10752e-22  3.71782e-08  4.83160e+07  3.08441e-01  0.00000e+00
0195  4.39742e+18  1.09719e-22  3.67497e-08  4.83941e+07  3.07937e-01  0.00000e+00
0196  4.41481e+18  1.08701e-22  3.63279e-08  4.84716e+07  3.07433e-01  0.00000e+00
0197  4.43220e+18  1.07697e-22  3.59127e-08  4.85484e+07  3.06931e-01  0.00000e+00
0198  4.44959e+18  1.06707e-22  3.55038e-08  4.86247e+07  3.06430e-01  0.00000e+00
0199  4.46699e+18  1.05731e-22  3.51012e-08  4.87005e+07  3.05930e-01  0.00000e+00
0200  4.48438e+18  1.04768e-22  3.47048e-08  4.87756e+07  3.05431e-01  0.00000e+00
0201  4.50177e+18  1.03818e-22  3.43144e-08  4.88502e+07  3.04934e-01  0.00000e+00
0202  4.51916e+18  1.02881e-22  3.39299e-08  4.89243e+07  3.04438e-01  0.00000e+00
0203  4.53655e+18  1.01957e-22  3.35512e-08  4.89977e+07  3.03943e-01  0.00000e+00
0204  4.55395e+18  1.01046e-22  3.31783e-08  4.90707e+07  3.03450e-01  0.00000e+00
0205  4.57134e+18  1.00147e-22  3.28109e-08  4.91430e+07  3.02957e-01  0.00000e+00
0206  4.58873e+18  9.92597e-23  3.24489e-08  4.92149e+07  3.02466e-01  0.00000e+00
0207  4.60612e+18  9.83845e-23  3.20924e-08  4.92862e+07  3.01977e-01  0.00000e+00
0208  4.62352e+18  9.75209e-23  3.17411e-08  4.93569e+07  3.01488e-01  0.00000e+00
0209  4.64091e+18  9.66687e-23  3.13950e-08  4.94272e+07  3.01001e-01  0.00000e+00
0210  4.65830e+18  9.58277e-23  3.10539e-08  4.94969e+07  3.00515e-01  0.00000e+00
0211  4.67569e+18  9.49977e-23  3.07178e-08  4.95661e+07  3.00031e-01  0.00000e+00
0212  4.69309e+18  9.41785e-23  3.03866e-08  4.96348e+07  2.99548e-01  0.00000e+00
0213  4.71048e+18  9.33699e-23  3.00602e-08  4.97030e+07  2.99067e-01  0.00000e+00
0214  4.72787e+18  9.25716e-23  2.97386e-08  4.97707e+07  2.98587e-01  0.00000e+00
0215  4.74526e+18  9.17836e-23  2.94216e-08  4.98380e+07  2.98109e-01  0.00000e+00
0216  4.76266e+18  9.10056e-23  2.91091e-08  4.99047e+07  2.97632e-01  0.00000e+00
0217  4.78005e+18  9.02375e-23  2.88012e-08  4.99711e+07  2.97157e-01  0.00000e+00
0218  4.79744e+18  8.94791e-23  2.84976e-08  5.00369e+07  2.96684e-01  0.00000e+00
0219  4.81483e+18  8.87302e-23  2.81983e-08  5.01023e+07  2.96212e-01  0.00000e+00
0220  4.83223e+18  8.79906e-23  2.79034e-08  5.01672e+07  2.95742e-01  0.00000e+00
0221  4.84962e+18  8.72603e-23  2.76125e-08  5.02317e+07  2.95274e-01  0.00000e+00
0222  4.86701e+18  8.65390e-23  2.73258e-08  5.02957e+07  2.94807e-01  0.00000e+00
0223  4.88440e+18  8.58266e-23  2.70431e-08  5.03593e+07  2.94342e-01  0.00000e+00
0224  4.90180e+18  8.51230e-23  2.67644e-08  5.04225e+07  2.93879e-01  0.00000e+00
0225  4.91919e+18  8.44280e-23  2.64895e-08  5.04852e+07  2.93418e-01  0.00000e+00
0226  4.93658e+18  8.37414e-23  2.62184e-08  5.05475e+07  2.92958e-01  0.00000e+00
0227  4.95397e+18  8.30632e-23  2.59511e-08  5.06093e+07  2.92500e-01  0.00000e+00
0228  4.97137e+18  8.23932e-23  2.56875e-08  5.06707e+07  2.92044e-01  0.00000e+00
0229  4.98876e+18  8.17312e-23  2.54275e-08  5.07317e+07  2.91590e-01  0.00000e+00
0230  5.00615e+18  8.10772e-23  2.51710e-08  5.07923e+07  2.91137e-01  0.00000e+00
0231  5.02354e+18  8.04309e-23  2.49180e-08  5.08525e+07  2.90686e-01  0.00000e+00
0232  5.04094e+18  7.97923e-23  2.46684e-08  5.09123e+07  2.90237e-01  0.00000e+00
0233  5.05833e+18  7.91612e-23  2.44222e-08  5.09717e+07  2.89790e-01  0.00000e+00
0234  5.07572e+18  7.85375e-23  2.41792e-08  5.10307e+07  2.89344e-01  0.00000e+00
0235  5.09311e+18  7.79211e-23  2.39395e-08  5.10893e+07  2.88900e-01  0.00000e+00
0236  5.11051e+18  7.73119e-23  2.37031e-08  5.11475e+07  2.88457e-01  0.00000e+00
0237  5.12790e+18  7.67098e-23  2.34697e-08  5.12053e+07  2.88016e-01  0.00000e+00
0238  5.14529e+18  7.61147e-23  2.32395e-08  5.12628e+07  2.87577e-01  0.00000e+00
0239  5.16268e+18  7.55265e-23  2.30123e-08  5.13199e+07  2.87139e-01  0.00000e+00
0240  5.18008e+18  7.49451e-23  2.27881e-08  5.13766e+07  2.86702e-01  0.00000e+00
0241  5.19747e+18  7.43704e-23  2.25669e-08  5.14329e+07  2.86267e-01  0.00000e+00
0242  5.21486e+18  7.38024e-23  2.23485e-08  5.14889e+07  2.85833e-01  0.00000e+00
0243  5.23225e+18  7.32409e-23  2.21330e-08  5.15446e+07  2.85401e-01  0.00000e+00
0244  5.24965e+18  7.26858e-23  2.19203e-08  5.15998e+07  2.84970e-01  0.00000e+00
0245  5.26704e+18  7.21371e-23  2.17103e-08  5.16548e+07  2.84540e-01  0.00000e+00
0246  5.28443e+18  7.15946e-23  2.15031e-08  5.17094e+07  2.84111e-01  0.00000e+00
0247  5.30182e+18  7.10583e-23  2.12985e-08  5.17636e+07  2.83684e-01  0.00000e+00
0248  5.31922e+18  7.05280e-23  2.10966e-08  5.18175e+07  2.83257e-01  0.00000e+00
0249  5.33661e+18  7.00037e-23  2.08972e-08  5.18711e+07  2.82831e-01  0.00000e+00
0250  5.35400e+18  6.94853e-23  2.07003e-08  5.19243e+07  2.82407e-01  0.00000e+00
0251  5.37139e+18  6.89727e-23  2.05060e-08  5.19773e+07  2.81983e-01  0.00000e+00
0252  5.38879e+18  6.84659e-23  2.03141e-08  5.20298e+07  2.81560e-01  0.00000e+00
0253  5.40618e+18  6.79647e-23  2.01246e-08  5.20821e+07  2.81138e-01  0.00000e+00
0254  5.42357e+18  6.74691e-23  1.99375e-08  5.21340e+07  2.80716e-01  0.00000e+00
0255  5.44096e+18  6.69790e-23  1.97527e-08  5.21857e+07  2.80296e-01  0.00000e+00
0256  5.45836e+18  6.64944e-23  1.95703e-08  5.22370e+07  2.79876e-01  0.00000e+00
0257  5.47575e+18  6.60151e-23  1.93901e-08  5.22880e+07  2.79457e-01  0.00000e+00
0258  5.49314e+18  6.55411e-23  1.92121e-08  5.23387e+07  2.79038e-01  0.00000e+00
0259  5.51053e+18  6.50723e-23  1.90364e-08  5.23891e+07  2.78621e-01  0.00000e+00
0260  5.52793e+18  6.46086e-23  1.88628e-08  5.24392e+07  2.78203e-01  0.00000e+00
0261  5.54532e+18  6.41499e-23  1.86913e-08  5.24889e+07  2.77787e-01  0.00000e+00
0262  5.56271e+18  6.36962e-23  1.85219e-08  5.25384e+07  2.77371e-01  0.00000e+00
0263  5.58010e+18  6.32474e-23  1.83546e-08  5.25877e+07  2.76956e-01  0.00000e+00
0264  5.59750e+18  6.28033e-23  1.81893e-08  5.26366e+07  2.76541e-01  0.00000e+00
0265  5.61489e+18  6.23640e-23  1.80260e-08  5.26852e+07  2.76128e-01  0.00000e+00
0266  5.63228e+18  6.19293e-23  1.78646e-08  5.27336e+07  2.75715e-01  0.00000e+00
0267  5.64967e+18  6.14992e-23  1.77052e-08  5.27816e+07  2.75302e-01  0.00000e+00
0268  5.66707e+18  6.10736e-23  1.75476e-08  5.28294e+07  2.74891e-01  0.00000e+00
0269  5.68446e+18  6.06525e-23  1.73920e-08  5.28769e+07  2.74481e-01  0.00000e+00
0270  5.70185e+18  6.02357e-23  1.72382e-08  5.29242e+07  2.74071e-01  0.00000e+00
0271  5.71924e+18  5.98233e-23  1.70862e-08  5.29712e+07  2.73663e-01  0.00000e+00
0272  5.73664e+18  5.94150e-23  1.69360e-08  5.30179e+07  2.73256e-01  0.00000e+00
0273  5.75403e+18  5.90110e-23  1.67876e-08  5.30643e+07  2.72850e-01  0.00000e+00
0274  5.77142e+18  5.86111e-23  1.66410e-08  5.31105e+07  2.72445e-01  0.00000e+00
0275  5.78881e+18  5.82152e-23  1.64960e-08  5.31565e+07  2.72041e-01  0.00000e+00
0276  5.80620e+18  5.78232e-23  1.63527e-08  5.32021e+07  2.71639e-01  0.00000e+00
0277  5.82360e+18  5.74352e-23  1.62111e-08  5.32476e+07  2.71238e-01  0.00000e+00
0278  5.84099e+18  5.70510e-23  1.60712e-08  5.32927e+07  2.70838e-01  0.00000e+00
0279  5.85838e+18  5.66706e-23  1.59329e-08  5.33377e+07  2.70440e-01  0.00000e+00
0280  5.87577e+18  5.62940e-23  1.57961e-08  5.33823e+07  2.70043e-01  0.00000e+00
0281  5.89317e+18  5.59210e-23  1.56609e-08  5.34267e+07  2.69648e-01  0.00000e+00
0282  5.91056e+18  5.55517e-23  1.55273e-08  5.34709e+07  2.69254e-01  0.00000e+00
0283  5.92795e+18  5.51860e-23  1.53952e-08  5.35149e+07  2.68861e-01  0.00000e+00
0284  5.94534e+18  5.48239e-23  1.52646e-08  5.35585e+07  2.68470e-01  0.00000e+00
0285  5.96274e+18  5.44652e-23  1.51354e-08  5.36020e+07  2.68080e-01  0.00000e+00
0286  5.98013e+18  5.41101e-23  1.50078e-08  5.36452e+07  2.67692e-01  0.00000e+00
0287  5.99752e+18  5.37583e-23  1.48815e-08  5.36882e+07  2.67304e-01  0.00000e+00
0288  6.01491e+18  5.34100e-23  1.47567e-08  5.37309e+07  2.66918e-01  0.00000e+00
0289  6.03231e+18  5.30650e-23  1.46333e-08  5.37735e+07  2.66534e-01  0.00000e+00
0290  6.04970e+18  5.27234e-23  1.45113e-08  5.38158e+07  2.66150e-01  0.00000e+00
0291  6.06709e+18  5.23850e-23  1.43906e-08  5.38578e+07  2.65767e-01  0.00000e+00
0292  6.08448e+18  5.20498e-23  1.42713e-08  5.38997e+07  2.65386e-01  0.00000e+00
0293  6.10188e+18  5.17178e-23  1.41533e-08  5.39413e+07  2.65006e-01  0.00000e+00
0294  6.11927e+18  5.13890e-23  1.40366e-08  5.39827e+07  2.64626e-01  0.00000e+00
0295  6.13666e+18  5.10633e-23  1.39212e-08  5.40239e+07  2.64248e-01  0.00000e+00
0296  6.15405e+18  5.07407e-23  1.38070e-08  5.40648e+07  2.63871e-01  0.00000e+00
0297  6.17145e+18  5.04211e-23  1.36941e-08  5.41056e+07  2.63495e-01  0.00000e+00
0298  6.18884e+18  5.01045e-23  1.35824e-08  5.41461e+07  2.63120e-01  0.00000e+00
0299  6.20623e+18  4.97908e-23  1.34720e-08  5.41865e+07  2.62746e-01  0.00000e+00
0300  6.22362e+18  4.94801e-23  1.33627e-08  5.42266e+07  2.62373e-01  0.00000e+00
0301  6.24102e+18  4.91723e-23  1.32547e-08  5.42665e+07  2.62001e-01  0.00000e+00
0302  6.25841e+18  4.88674e-23  1.31477e-08  5.43062e+07  2.61630e-01  0.00000e+00
0303  6.27580e+18  4.85652e-23  1.30420e-08  5.43457e+07  2.61260e-01  0.00000e+00
0304  6.29319e+18  4.82658e-23  1.29374e-08  5.43850e+07  2.60891e-01  0.00000e+00
0305  6.31059e+18  4.79692e-23  1.28339e-08  5.44241e+07  2.60523e-01  0.00000e+00
0306  6.32798e+18  4.76753e-23  1.27315e-08  5.44630e+07  2.60156e-01  0.00000e+00
0307  6.34537e+18  4.73841e-23  1.26302e-08  5.45018e+07  2.59791e-01  0.00000e+00
0308  6.36276e+18  4.70955e-23  1.25299e-08  5.45403e+07  2.59426e-01  0.00000e+00
0309  6.38016e+18  4.68095e-23  1.24307e-08  5.45786e+07  2.59062e-01  0.00000e+00
0310  6.39755e+18  4.65261e-23  1.23326e-08  5.46167e+07  2.58699e-01  0.00000e+00
0311  6.41494e+18  4.62453e-23  1.22355e-08  5.46547e+07  2.58337e-01  0.00000e+00
0312  6.43233e+18  4.59669e-23  1.21394e-08  5.46924e+07  2.57976e-01  0.00000e+00
0313  6.44973e+18  4.56911e-23  1.20444e-08  5.47300e+07  2.57616e-01  0.00000e+00
0314  6.46712e+18  4.54178e-23  1.19503e-08  5.47674e+07  2.57257e-01  0.00000e+00
0315  6.48451e+18  4.51468e-23  1.18572e-08  5.48046e+07  2.56899e-01  0.00000e+00
0316  6.50190e+18  4.48783e-23  1.17651e-08  5.48416e+07  2.56542e-01  0.00000e+00
0317  6.51930e+18  4.46122e-23  1.16739e-08  5.48785e+07  2.56186e-01  0.00000e+00
0318  6.53669e+18  4.43484e-23  1.15837e-08  5.49151e+07  2.55831e-01  0.00000e+00
0319  6.55408e+18  4.40869e-23  1.14944e-08  5.49516e+07  2.55477e-01  0.00000e+00
0320  6.57147e+18  4.38277e-23  1.14060e-08  5.49879e+07  2.55123e-01  0.00000e+00
0321  6.58887e+18  4.35708e-23  1.13185e-08  5.50241e+07  2.54771e-01  0.00000e+00
0322  6.60626e+18  4.33161e-23  1.12319e-08  5.50600e+07  2.54420e-01  0.00000e+00
0323  6.62365e+18  4.30637e-23  1.11462e-08  5.50958e+07  2.54069e-01  0.00000e+00
0324  6.64104e+18  4.28134e-23  1.10614e-08  5.51314e+07  2.53720e-01  0.00000e+00
0325  6.65844e+18  4.25652e-23  1.09774e-08  5.51668e+07  2.53372e-01  0.00000e+00
0326  6.67583e+18  4.23192e-23  1.08943e-08  5.52021e+07  2.53024e-01  0.00000e+00
0327  6.69322e+18  4.20753e-23  1.08120e-08  5.52372e+07  2.52678e-01  0.00000e+00
0328  6.71061e+18  4.18335e-23  1.07305e-08  5.52721e+07  2.52332e-01  0.00000e+00
0329  6.72801e+18  4.15937e-23  1.06499e-08  5.53068e+07  2.51987e-01  0.00000e+00
0330  6.74540e+18  4.13559e-23  1.05700e-08  5.53414e+07  2.51644e-01  0.00000e+00
0331  6.76279e+18  4.11202e-23  1.04910e-08  5.53758e+07  2.51301e-01  0.00000e+00
0332  6.78018e+18  4.08864e-23  1.04127e-08  5.54101e+07  2.50959e-01  0.00000e+00
0333  6.79758e+18  4.06546e-23  1.03352e-08  5.54441e+07  2.50619e-01  0.00000e+00
0334  6.81497e+18  4.04247e-23  1.02584e-08  5.54781e+07  2.50279e-01  0.00000e+00
0335  6.83236e+18  4.01967e-23  1.01825e-08  5.55118e+07  2.49940e-01  0.00000e+00
0336  6.84975e+18  3.99706e-23  1.01072e-08  5.55455e+07  2.49603e-01  0.00000e+00
0337  6.86715e+18  3.97464e-23  1.00327e-08  5.55789e+07  2.49266e-01  0.00000e+00
0338  6.88454e+18  3.95241e-23  9.95897e-09  5.56122e+07  2.48930e-01  0.00000e+00
0339  6.90193e+18  3.93035e-23  9.88594e-09  5.56454e+07  2.48596e-01  0.00000e+00
0340  6.91932e+18  3.90849e-23  9.81362e-09  5.56785e+07  2.48262e-01  0.00000e+00
0341  6.93672e+18  3.88680e-23  9.74202e-09  5.57113e+07  2.47930e-01  0.00000e+00
0342  6.95411e+18  3.86529e-23  9.67112e-09  5.57441e+07  2.47598e-01  0.00000e+00
0343  6.97150e+18  3.84395e-23  9.60091e-09  5.57767e+07  2.47268e-01  0.00000e+00
0344  6.98889e+18  3.82280e-23  9.53139e-09  5.58092e+07  2.46938e-01  0.00000e+00
0345  7.00629e+18  3.80181e-23  9.46255e-09  5.58416e+07  2.46609e-01  0.00000e+00
0346  7.02368e+18  3.78100e-23  9.39437e-09  5.58738e+07  2.46282e-01  0.00000e+00
0347  7.04107e+18  3.76036e-23  9.32684e-09  5.59058e+07  2.45955e-01  0.00000e+00
0348  7.05846e+18  3.73988e-23  9.25997e-09  5.59378e+07  2.45629e-01  0.00000e+00
0349  7.07586e+18  3.71957e-23  9.19373e-09  5.59696e+07  2.45304e-01  0.00000e+00
0350  7.09325e+18  3.69942e-23  9.12812e-09  5.60012e+07  2.44980e-01  0.00000e+00
0351  7.11064e+18  3.67943e-23  9.06313e-09  5.60327e+07  2.44656e-01  0.00000e+00
0352  7.12803e+18  3.65961e-23  8.99875e-09  5.60641e+07  2.44334e-01  0.00000e+00
0353  7.14543e+18  3.63994e-23  8.93499e-09  5.60953e+07  2.44012e-01  0.00000e+00
0354  7.16282e+18  3.62043e-23  8.87182e-09  5.61264e+07  2.43691e-01  0.00000e+00
0355  7.18021e+18  3.60107e-23  8.80924e-09  5.61574e+07  2.43371e-01  0.00000e+00
0356  7.19760e+18  3.58187e-23  8.74725e-09  5.61882e+07  2.43052e-01  0.00000e+00
0357  7.21500e+18  3.56281e-23  8.68583e-09  5.62189e+07  2.42734e-01  0.00000e+00
0358  7.23239e+18  3.54391e-23  8.62499e-09  5.62494e+07  2.42417e-01  0.00000e+00
0359  7.24978e+18  3.52515e-23  8.56472e-09  5.62799e+07  2.42101e-01  0.00000e+00
0360  7.26717e+18  3.50654e-23  8.50501e-09  5.63102e+07  2.41785e-01  0.00000e+00
0361  7.28457e+18  3.48808e-23  8.44585e-09  5.63403e+07  2.41471e-01  0.00000e+00
0362  7.30196e+18  3.46976e-23  8.38724e-09  5.63704e+07  2.41157e-01  0.00000e+00
0363  7.31935e+18  3.45157e-23  8.32917e-09  5.64003e+07  2.40844e-01  0.00000e+00
0364  7.33674e+18  3.43353e-23  8.27164e-09  5.64300e+07  2.40533e-01  0.00000e+00
0365  7.35414e+18  3.41563e-23  8.21463e-09  5.64597e+07  2.40222e-01  0.00000e+00
0366  7.37153e+18  3.39787e-23  8.15815e-09  5.64892e+07  2.39912e-01  0.00000e+00
0367  7.38892e+18  3.38024e-23  8.10218e-09  5.65186e+07  2.39603e-01  0.00000e+00
0368  7.40631e+18  3.36274e-23  8.04673e-09  5.65479e+07  2.39295e-01  0.00000e+00
0369  7.42371e+18  3.34538e-23  7.99178e-09  5.65771e+07  2.38987e-01  0.00000e+00
0370  7.44110e+18  3.32815e-23  7.93732e-09  5.66061e+07  2.38681e-01  0.00000e+00
0371  7.45849e+18  3.31105e-23  7.88336e-09  5.66351e+07  2.38376e-01  0.00000e+00
0372  7.47588e+18  3.29408e-23  7.82989e-09  5.66639e+07  2.38071e-01  0.00000e+00
0373  7.49328e+18  3.27723e-23  7.77690e-09  5.66926e+07  2.37767e-01  0.00000e+00
0374  7.51067e+18  3.26052e-23  7.72438e-09  5.67212e+07  2.37464e-01  0.00000e+00
0375  7.52806e+18  3.24393e-23  7.67234e-09  5.67496e+07  2.37162e-01  0.00000e+00
0376  7.54545e+18  3.22746e-23  7.62076e-09  5.67780e+07  2.36861e-01  0.00000e+00
0377  7.56285e+18  3.21112e-23  7.56964e-09  5.68062e+07  2.36561e-01  0.00000e+00
0378  7.58024e+18  3.19490e-23  7.51897e-09  5.68343e+07  2.36261e-01  0.00000e+00
0379  7.59763e+18  3.17880e-23  7.46876e-09  5.68623e+07  2.35962e-01  0.00000e+00
0380  7.61502e+18  3.16282e-23  7.41899e-09  5.68902e+07  2.35664e-01  0.00000e+00
0381  7.63242e+18  3.14695e-23  7.36967e-09  5.69180e+07  2.35367e-01  0.00000e+00
0382  7.64981e+18  3.13121e-23  7.32078e-09  5.69456e+07  2.35071e-01  0.00000e+00
0383  7.66720e+18  3.11558e-23  7.27232e-09  5.69732e+07  2.34775e-01  0.00000e+00
0384  7.68459e+18  3.10006e-23  7.22428e-09  5.70006e+07  2.34480e-01  0.00000e+00
0385  7.70199e+18  3.08466e-23  7.17667e-09  5.70280e+07  2.34186e-01  0.00000e+00
0386  7.71938e+18  3.06938e-23  7.12948e-09  5.70552e+07  2.33893e-01  0.00000e+00
0387  7.73677e+18  3.05420e-23  7.08269e-09  5.70823e+07  2.33601e-01  0.00000e+00
0388  7.75416e+18  3.03913e-23  7.03632e-09  5.71093e+07  2.33309e-01  0.00000e+00
0389  7.77156e+18  3.02417e-23  6.99035e-09  5.71362e+07  2.33019e-01  0.00000e+00
0390  7.78895e+18  3.00932e-23  6.94478e-09  5.71630e+07  2.32729e-01  0.00000e+00
0391  7.80634e+18  2.99458e-23  6.89960e-09  5.71897e+07  2.32440e-01  0.00000e+00
0392  7.82373e+18  2.97994e-23  6.85481e-09  5.72163e+07  2.32152e-01  0.00000e+00
0393  7.84113e+18  2.96541e-23  6.81041e-09  5.72428e+07  2.31864e-01  0.00000e+00
0394  7.85852e+18  2.95098e-23  6.76639e-09  5.72691e+07  2.31578e-01  0.00000e+00
0395  7.87591e+18  2.93666e-23  6.72275e-09  5.72954e+07  2.31292e-01  0.00000e+00
0396  7.89330e+18  2.92243e-23  6.67948e-09  5.73216e+07  2.31007e-01  0.00000e+00
0397  7.91070e+18  2.90831e-23  6.63658e-09  5.73477e+07  2.30723e-01  0.00000e+00
0398  7.92809e+18  2.89428e-23  6.59405e-09  5.73737e+07  2.30440e-01  0.00000e+00
0399  7.94548e+18  2.88036e-23  6.55188e-09  5.73995e+07  2.30157e-01  0.00000e+00
0400  7.96287e+18  2.86653e-23  6.51006e-09  5.74253e+07  2.29876e-01  0.00000e+00
0401  7.98027e+18  2.85280e-23  6.46860e-09  5.74510e+07  2.29595e-01  0.00000e+00
0402  7.99766e+18  2.83916e-23  6.42749e-09  5.74766e+07  2.29315e-01  0.00000e+00
0403  8.01505e+18  2.82562e-23  6.38672e-09  5.75021e+07  2.29036e-01  0.00000e+00
0404  8.03244e+18  2.81218e-23  6.34629e-09  5.75274e+07  2.28757e-01  0.00000e+00
0405  8.04984e+18  2.79883e-23  6.30621e-09  5.75527e+07  2.28480e-01  0.00000e+00
0406  8.06723e+18  2.78557e-23  6.26646e-09  5.75779e+07  2.28203e-01  0.00000e+00
0407  8.08462e+18  2.77240e-23  6.22704e-09  5.76030e+07  2.27927e-01  0.00000e+00
0408  8.10201e+18  2.75932e-23  6.18795e-09  5.76280e+07  2.27652e-01  0.00000e+00
0409  8.11940e+18  2.74634e-23  6.14919e-09  5.76529e+07  2.27377e-01  0.00000e+00
0410  8.13680e+18  2.73344e-23  6.11075e-09  5.76777e+07  2.27103e-01  0.00000e+00
0411  8.15419e+18  2.72063e-23  6.07263e-09  5.77024e+07  2.26830e-01  0.00000e+00
0412  8.17158e+18  2.70791e-23  6.03482e-09  5.77270e+07  2.26558e-01  0.00000e+00
0413  8.18897e+18  2.69528e-23  5.99733e-09  5.77516e+07  2.26287e-01  0.00000e+00
0414  8.20637e+18  2.68273e-23  5.96015e-09  5.77760e+07  2.26016e-01  0.00000e+00
0415  8.22376e+18  2.67027e-23  5.92327e-09  5.78004e+07  2.25746e-01  0.00000e+00
0416  8.24115e+18  2.65790e-23  5.88670e-09  5.78246e+07  2.25477e-01  0.00000e+00
0417  8.25854e+18  2.64561e-23  5.85042e-09  5.78488e+07  2.25208e-01  0.00000e+00
0418  8.27594e+18  2.63340e-23  5.81444e-09  5.78729e+07  2.24941e-01  0.00000e+00
0419  8.29333e+18  2.62127e-23  5.77876e-09  5.78969e+07  2.24674e-01  0.00000e+00
0420  8.31072e+18  2.60923e-23  5.74336e-09  5.79208e+07  2.24407e-01  0.00000e+00
0421  8.32811e+18  2.59726e-23  5.70825e-09  5.79446e+07  2.24142e-01  0.00000e+00
0422  8.34551e+18  2.58538e-23  5.67342e-09  5.79684e+07  2.23877e-01  0.00000e+00
0423  8.36290e+18  2.57357e-23  5.63888e-09  5.79920e+07  2.23613e-01  0.00000e+00
0424  8.38029e+18  2.56185e-23  5.60461e-09  5.80156e+07  2.23350e-01  0.00000e+00
0425  8.39768e+18  2.55020e-23  5.57061e-09  5.80390e+07  2.23087e-01  0.00000e+00
0426  8.41508e+18  2.53862e-23  5.53689e-09  5.80624e+07  2.22825e-01  0.00000e+00
0427  8.43247e+18  2.52713e-23  5.50343e-09  5.80857e+07  2.22564e-01  0.00000e+00
0428  8.44986e+18  2.51571e-23  5.47024e-09  5.81089e+07  2.22303e-01  0.00000e+00
0429  8.46725e+18  2.50436e-23  5.43732e-09  5.81320e+07  2.22043e-01  0.00000e+00
0430  8.48465e+18  2.49309e-23  5.40465e-09  5.81550e+07  2.21784e-01  0.00000e+00
0431  8.50204e+18  2.48189e-23  5.37225e-09  5.81779e+07  2.21526e-01  0.00000e+00
0432  8.51943e+18  2.47077e-23  5.34010e-09  5.82008e+07  2.21268e-01  0.00000e+00
0433  8.53682e+18  2.45972e-23  5.30820e-09  5.82236e+07  2.21011e-01  0.00000e+00
0434  8.55422e+18  2.44874e-23  5.27656e-09  5.82462e+07  2.20755e-01  0.00000e+00
0435  8.57161e+18  2.43783e-23  5.24516e-09  5.82688e+07  2.20499e-01  0.00000e+00
0436  8.58900e+18  2.42699e-23  5.21401e-09  5.82914e+07  2.20244e-01  0.00000e+00
0437  8.60639e+18  2.41622e-23  5.18311e-09  5.83138e+07  2.19989e-01  0.00000e+00
0438  8.62379e+18  2.40553e-23  5.15244e-09  5.83362e+07  2.19736e-01  0.00000e+00
0439  8.64118e+18  2.39490e-23  5.12202e-09  5.83584e+07  2.19483e-01  0.00000e+00
0440  8.65857e+18  2.38434e-23  5.09183e-09  5.83806e+07  2.19230e-01  0.00000e+00
0441  8.67596e+18  2.37385e-23  5.06188e-09  5.84028e+07  2.18978e-01  0.00000e+00
0442  8.69336e+18  2.36342e-23  5.03216e-09  5.84248e+07  2.18727e-01  0.00000e+00
0443  8.71075e+18  2.35306e-23  5.00267e-09  5.84468e+07  2.18477e-01  0.00000e+00
0444  8.72814e+18  2.34277e-23  4.97341e-09  5.84687e+07  2.18227e-01  0.00000e+00
0445  8.74553e+18  2.33254e-23  4.94438e-09  5.84905e+07  2.17978e-01  0.00000e+00
0446  8.76293e+18  2.32238e-23  4.91556e-09  5.85122e+07  2.17729e-01  0.00000e+00
0447  8.78032e+18  2.31229e-23  4.88697e-09  5.85339e+07  2.17481e-01  0.00000e+00
0448  8.79771e+18  2.30225e-23  4.85860e-09  5.85554e+07  2.17234e-01  0.00000e+00
0449  8.81510e+18  2.29228e-23  4.83044e-09  5.85769e+07  2.16987e-01  0.00000e+00
0450  8.83250e+18  2.28238e-23  4.80250e-09  5.85983e+07  2.16741e-01  0.00000e+00
0451  8.84989e+18  2.27253e-23  4.77478e-09  5.86197e+07  2.16495e-01  0.00000e+00
0452  8.86728e+18  2.26275e-23  4.74726e-09  5.86410e+07  2.16250e-01  0.00000e+00
0453  8.88467e+18  2.25303e-23  4.71995e-09  5.86622e+07  2.16006e-01  0.00000e+00
0454  8.90207e+18  2.24336e-23  4.69285e-09  5.86833e+07  2.15762e-01  0.00000e+00
0455  8.91946e+18  2.23376e-23  4.66595e-09  5.87043e+07  2.15519e-01  0.00000e+00
0456  8.93685e+18  2.22422e-23  4.63925e-09  5.87253e+07  2.15277e-01  0.00000e+00
0457  8.95424e+18  2.21474e-23  4.61276e-09  5.87462e+07  2.15035e-01  0.00000e+00
0458  8.97164e+18  2.20532e-23  4.58646e-09  5.87670e+07  2.14794e-01  0.00000e+00
0459  8.98903e+18  2.19595e-23  4.56037e-09  5.87878e+07  2.14553e-01  0.00000e+00
0460  9.00642e+18  2.18665e-23  4.53446e-09  5.88085e+07  2.14313e-01  0.00000e+00
0461  9.02381e+18  2.17740e-23  4.50875e-09  5.88291e+07  2.14074e-01  0.00000e+00
0462  9.04121e+18  2.16820e-23  4.48324e-09  5.88496e+07  2.13835e-01  0.00000e+00
0463  9.05860e+18  2.15907e-23  4.45791e-09  5.88701e+07  2.13596e-01  0.00000e+00
0464  9.07599e+18  2.14999e-23  4.43278e-09  5.88905e+07  2.13359e-01  0.00000e+00
0465  9.09338e+18  2.14096e-23  4.40783e-09  5.89108e+07  2.13122e-01  0.00000e+00
0466  9.11078e+18  2.13200e-23  4.38307e-09  5.89311e+07  2.12885e-01  0.00000e+00
0467  9.12817e+18  2.12308e-23  4.35850e-09  5.89513e+07  2.12649e-01  0.00000e+00
0468  9.14556e+18  2.11423e-23  4.33411e-09  5.89715e+07  2.12414e-01  0.00000e+00
0469  9.16295e+18  2.10542e-23  4.30990e-09  5.89916e+07  2.12179e-01  0.00000e+00
0470  9.18035e+18  2.09668e-23  4.28588e-09  5.90117e+07  2.11945e-01  0.00000e+00
0471  9.19774e+18  2.08798e-23  4.26204e-09  5.90316e+07  2.11711e-01  0.00000e+00
0472  9.21513e+18  2.07934e-23  4.23839e-09  5.90516e+07  2.11478e-01  0.00000e+00
0473  9.23252e+18  2.07076e-23  4.21491e-09  5.90715e+07  2.11246e-01  0.00000e+00
0474  9.24992e+18  2.06223e-23  4.19161e-09  5.90913e+07  2.11014e-01  0.00000e+00
0475  9.26731e+18  2.05375e-23  4.16849e-09  5.91111e+07  2.10783e-01  0.00000e+00
0476  9.28470e+18  2.04533e-23  4.14555e-09  5.91309e+07  2.10552e-01  0.00000e+00
0477  9.30209e+18  2.03695e-23  4.12278e-09  5.91507e+07  2.10322e-01  0.00000e+00
0478  9.31949e+18  2.02863e-23  4.10019e-09  5.91703e+07  2.10093e-01  0.00000e+00
0479  9.33688e+18  2.02037e-23  4.07778e-09  5.91900e+07  2.09864e-01  0.00000e+00
0480  9.35427e+18  2.01215e-23  4.05553e-09  5.92096e+07  2.09636e-01  0.00000e+00
0481  9.37166e+18  2.00399e-23  4.03345e-09  5.92292e+07  2.09409e-01  0.00000e+00
0482  9.38906e+18  1.99587e-23  4.01154e-09  5.92487e+07  2.09182e-01  0.00000e+00
0483  9.40645e+18  1.98781e-23  3.98979e-09  5.92682e+07  2.08955e-01  0.00000e+00
0484  9.42384e+18  1.97979e-23  3.96820e-09  5.92876e+07  2.08730e-01  0.00000e+00
0485  9.44123e+18  1.97182e-23  3.94677e-09  5.93070e+07  2.08504e-01  0.00000e+00
0486  9.45863e+18  1.96390e-23  3.92548e-09  5.93263e+07  2.08280e-01  0.00000e+00
0487  9.47602e+18  1.95602e-23  3.90435e-09  5.93455e+07  2.08056e-01  0.00000e+00
0488  9.49341e+18  1.94818e-23  3.88336e-09  5.93647e+07  2.07833e-01  0.00000e+00
0489  9.51080e+18  1.94039e-23  3.86251e-09  5.93837e+07  2.07610e-01  0.00000e+00
0490  9.52820e+18  1.93264e-23  3.84180e-09  5.94027e+07  2.07388e-01  0.00000e+00
0491  9.54559e+18  1.92493e-23  3.82123e-09  5.94216e+07  2.07166e-01  0.00000e+00
0492  9.56298e+18  1.91726e-23  3.80079e-09  5.94404e+07  2.06945e-01  0.00000e+00
0493  9.58037e+18  1.90964e-23  3.78048e-09  5.94591e+07  2.06725e-01  0.00000e+00
0494  9.59777e+18  1.90205e-23  3.76031e-09  5.94777e+07  2.06505e-01  0.00000e+00
0495  9.61516e+18  1.89451e-23  3.74027e-09  5.94962e+07  2.06285e-01  0.00000e+00
0496  9.63255e+18  1.88701e-23  3.72037e-09  5.95147e+07  2.06067e-01  0.00000e+00
0497  9.64994e+18  1.87954e-23  3.70059e-09  5.95331e+07  2.05849e-01  0.00000e+00
0498  9.66734e+18  1.87212e-23  3.68095e-09  5.95513e+07  2.05631e-01  0.00000e+00
0499  9.68473e+18  1.86474e-23  3.66145e-09  5.95696e+07  2.05414e-01  0.00000e+00
0500  9.70212e+18  1.85740e-23  3.64208e-09  5.95877e+07  2.05198e-01  0.00000e+00
0501  9.71951e+18  1.85011e-23  3.62284e-09  5.96059e+07  2.04982e-01  0.00000e+00
0502  9.73691e+18  1.84285e-23  3.60375e-09  5.96239e+07  2.04767e-01  0.00000e+00
0503  9.75430e+18  1.83564e-23  3.58478e-09  5.96419e+07  2.04552e-01  0.00000e+00
0504  9.77169e+18  1.82847e-23  3.56595e-09  5.96599e+07  2.04338e-01  0.00000e+00
0505  9.78908e+18  1.82134e-23  3.54726e-09  5.96778e+07  2.04125e-01  0.00000e+00
0506  9.80648e+18  1.81425e-23  3.52870e-09  5.96957e+07  2.03912e-01  0.00000e+00
0507  9.82387e+18  1.80721e-23  3.51027e-09  5.97135e+07  2.03699e-01  0.00000e+00
0508  9.84126e+18  1.80020e-23  3.49197e-09  5.97313e+07  2.03487e-01  0.00000e+00
0509  9.85865e+18  1.79324e-23  3.47380e-09  5.97490e+07  2.03276e-01  0.00000e+00
0510  9.87605e+18  1.78631e-23  3.45576e-09  5.97667e+07  2.03065e-01  0.00000e+00
0511  9.89344e+18  1.77942e-23  3.43784e-09  5.97844e+07  2.02855e-01  0.00000e+00
0512  9.91083e+18  1.77257e-23  3.42004e-09  5.98020e+07  2.02645e-01  0.00000e+00
0513  9.92822e+18  1.76576e-23  3.40237e-09  5.98195e+07  2.02436e-01  0.00000e+00
0514  9.94562e+18  1.75899e-23  3.38481e-09  5.98370e+07  2.02228e-01  0.00000e+00
0515  9.96301e+18  1.75225e-23  3.36738e-09  5.98544e+07  2.02020e-01  0.00000e+00
0516  9.98040e+18  1.74555e-23  3.35006e-09  5.98717e+07  2.01812e-01  0.00000e+00
0517  9.99779e+18  1.73889e-23  3.33286e-09  5.98890e+07  2.01605e-01  0.00000e+00
0518  1.00152e+19  1.73227e-23  3.31577e-09  5.99063e+07  2.01398e-01  0.00000e+00
0519  1.00326e+19  1.72568e-23  3.29880e-09  5.99235e+07  2.01192e-01  0.00000e+00
0520  1.00500e+19  1.71912e-23  3.28194e-09  5.99406e+07  2.00987e-01  0.00000e+00
0521  1.00674e+19  1.71261e-23  3.26520e-09  5.99577e+07  2.00782e-01  0.00000e+00
0522  1.00848e+19  1.70613e-23  3.24857e-09  5.99747e+07  2.00577e-01  0.00000e+00
0523  1.01021e+19  1.69968e-23  3.23205e-09  5.99917e+07  2.00373e-01  0.00000e+00
0524  1.01195e+19  1.69327e-23  3.21564e-09  6.00087e+07  2.00169e-01  0.00000e+00
0525  1.01369e+19  1.68690e-23  3.19935e-09  6.00256e+07  1.99966e-01  0.00000e+00
0526  1.01543e+19  1.68056e-23  3.18316e-09  6.00424e+07  1.99763e-01  0.00000e+00
0527  1.01717e+19  1.67426e-23  3.16708e-09  6.00592e+07  1.99561e-01  0.00000e+00
0528  1.01891e+19  1.66799e-23  3.15111e-09  6.00759e+07  1.99359e-01  0.00000e+00
0529  1.02065e+19  1.66175e-23  3.13524e-09  6.00926e+07  1.99158e-01  0.00000e+00
0530  1.02239e+19  1.65555e-23  3.11949e-09  6.01093e+07  1.98957e-01  0.00000e+00
0531  1.02413e+19  1.64938e-23  3.10383e-09  6.01259e+07  1.98756e-01  0.00000e+00
0532  1.02587e+19  1.64325e-23  3.08828e-09  6.01424e+07  1.98556e-01  0.00000e+00
0533  1.02761e+19  1.63715e-23  3.07283e-09  6.01589e+07  1.98357e-01  0.00000e+00
0534  1.02935e+19  1.63108e-23  3.05748e-09  6.01753e+07  1.98158e-01  0.00000e+00
0535  1.03109e+19  1.62505e-23  3.04224e-09  6.01917e+07  1.97959e-01  0.00000e+00
0536  1.03283e+19  1.61904e-23  3.02709e-09  6.02081e+07  1.97760e-01  0.00000e+00
0537  1.03456e+19  1.61307e-23  3.01203e-09  6.02244e+07  1.97563e-01  0.00000e+00
0538  1.03630e+19  1.60713e-23  2.99708e-09  6.02406e+07  1.97365e-01  0.00000e+00
0539  1.03804e+19  1.60123e-23  2.98222e-09  6.02568e+07  1.97168e-01  0.00000e+00
0540  1.03978e+19  1.59535e-23  2.96746e-09  6.02730e+07  1.96971e-01  0.00000e+00
0541  1.04152e+19  1.58951e-23  2.95280e-09  6.02891e+07  1.96775e-01  0.00000e+00
0542  1.04326e+19  1.58370e-23  2.93824e-09  6.03052e+07  1.96579e-01  0.00000e+00
0543  1.04500e+19  1.57792e-23  2.92377e-09  6.03212e+07  1.96384e-01  0.00000e+00
0544  1.04674e+19  1.57217e-23  2.90940e-09  6.03372e+07  1.96189e-01  0.00000e+00
0545  1.04848e+19  1.56645e-23  2.89512e-09  6.03531e+07  1.95994e-01  0.00000e+00
0546  1.05022e+19  1.56076e-23  2.88093e-09  6.03690e+07  1.95800e-01  0.00000e+00
0547  1.05196e+19  1.55510e-23  2.86684e-09  6.03848e+07  1.95606e-01  0.00000e+00
0548  1.05370e+19  1.54947e-23  2.85283e-09  6.04007e+07  1.95413e-01  0.00000e+00
0549  1.05544e+19  1.54388e-23  2.83892e-09  6.04164e+07  1.95220e-01  0.00000e+00
0550  1.05717e+19  1.53831e-23  2.82511e-09  6.04321e+07  1.95028e-01  0.00000e+00
0551  1.05891e+19  1.53276e-23  2.81136e-09  6.04478e+07  1.94835e-01  0.00000e+00
0552  1.06065e+19  1.52729e-23  2.79780e-09  6.04634e+07  1.94644e-01  0.00000e+00
0553  1.06239e+19  1.52167e-23  2.78392e-09  6.04793e+07  1.94449e-01  0.00000e+00
0554  1.06413e+19  1.51674e-23  2.77172e-09  6.04934e+07  1.94276e-01  0.00000e+00
0555  1.06587e+19  1.50820e-23  2.75069e-09  6.05178e+07  1.93976e-01  0.00000e+00
