# Athena++ data at time=3.090000e+12  cycle=232139245  variables=uov 
# i       x1v         user_out_var0          user_out_var1          user_out_var2          user_out_var3          user_out_var4          user_out_var5      
0002  1.07548e+18  4.91743e+00  3.03478e+04  6.99523e-16  0.00000e+00  0.00000e+00  3.39500e-05
0003  1.09287e+18  1.05491e+01  4.04738e+04  4.03506e-17  0.00000e+00  0.00000e+00  3.28781e-05
0004  1.11027e+18  1.62040e+01  5.05193e+04  2.12695e-17  0.00000e+00  0.00000e+00  3.18561e-05
0005  1.12766e+18  2.42237e+01  6.50184e+04  3.30918e-17  0.00000e+00  0.00000e+00  3.08811e-05
0006  1.14505e+18  3.68828e+01  9.00734e+04  4.98524e-17  0.00000e+00  0.00000e+00  2.99501e-05
0007  1.16244e+18  5.40821e+01  1.24794e+05  4.05456e-17  0.00000e+00  0.00000e+00  2.90606e-05
0008  1.17983e+18  6.06847e+01  1.34131e+05  1.01994e-17  0.00000e+00  0.00000e+00  2.82102e-05
0009  1.19723e+18  6.56325e+01  1.40648e+05  1.15928e-17  0.00000e+00  0.00000e+00  2.73965e-05
0010  1.21462e+18  7.02647e+01  1.46300e+05  1.03194e-17  0.00000e+00  0.00000e+00  2.66176e-05
0011  1.23201e+18  7.36570e+01  1.49445e+05  6.98504e-18  0.00000e+00  0.00000e+00  2.58714e-05
0012  1.24940e+18  7.65916e+01  1.51833e+05  6.52624e-18  0.00000e+00  0.00000e+00  2.51561e-05
0013  1.26679e+18  7.94924e+01  1.54222e+05  6.54154e-18  0.00000e+00  0.00000e+00  2.44701e-05
0014  1.28419e+18  8.23488e+01  1.56606e+05  6.30771e-18  0.00000e+00  0.00000e+00  2.38118e-05
0015  1.30158e+18  8.51333e+01  1.58951e+05  5.89504e-18  0.00000e+00  0.00000e+00  2.31797e-05
0016  1.31897e+18  8.76178e+01  1.60817e+05  5.24617e-18  0.00000e+00  0.00000e+00  2.25724e-05
0017  1.33636e+18  9.00256e+01  1.62662e+05  5.25455e-18  0.00000e+00  0.00000e+00  2.19887e-05
0018  1.35375e+18  9.23998e+01  1.64520e+05  5.21924e-18  0.00000e+00  0.00000e+00  2.14273e-05
0019  1.37115e+18  9.47121e+01  1.66368e+05  5.05346e-18  0.00000e+00  0.00000e+00  2.08872e-05
0020  1.38854e+18  9.68308e+01  1.67935e+05  1.33707e-16  0.00000e+00  0.00000e+00  2.03672e-05
0021  1.40593e+18  9.84596e+01  1.68776e+05  3.80460e-18  0.00000e+00  0.00000e+00  1.98665e-05
0022  1.42332e+18  1.00546e+02  1.70576e+05  4.62313e-18  0.00000e+00  0.00000e+00  1.93839e-05
0023  1.44071e+18  1.02362e+02  1.71892e+05  3.56783e-18  0.00000e+00  0.00000e+00  1.89187e-05
0024  1.45811e+18  1.04078e+02  1.73222e+05  3.71779e-18  0.00000e+00  0.00000e+00  1.84701e-05
0025  1.47550e+18  1.05821e+02  1.74614e+05  3.80358e-18  0.00000e+00  0.00000e+00  1.80373e-05
0026  1.49289e+18  1.07486e+02  1.75987e+05  3.71990e-18  0.00000e+00  0.00000e+00  1.76194e-05
0027  1.51028e+18  1.09054e+02  1.77317e+05  3.57881e-18  0.00000e+00  0.00000e+00  1.72160e-05
0028  1.52767e+18  1.10279e+02  1.78385e+05  3.04714e-18  0.00000e+00  0.00000e+00  1.68262e-05
0029  1.54507e+18  1.11052e+02  1.79061e+05  5.94462e-18  0.00000e+00  0.00000e+00  1.64495e-05
0030  1.56246e+18  3.16930e+02  5.39146e+05  5.82314e-16  0.00000e+00  0.00000e+00  1.60854e-05
0031  1.57985e+18  6.64315e+02  9.17040e+05  2.33477e-16  0.00000e+00  0.00000e+00  1.57331e-05
0032  1.59724e+18  8.75652e+02  1.17073e+06  1.54780e-16  0.00000e+00  0.00000e+00  1.53924e-05
0033  1.61463e+18  1.03158e+03  1.34589e+06  1.30464e-16  0.00000e+00  0.00000e+00  1.50626e-05
0034  1.63203e+18  1.16771e+03  1.49005e+06  1.18819e-16  0.00000e+00  0.00000e+00  1.47432e-05
0035  1.64942e+18  1.29517e+03  1.61641e+06  1.08999e-16  0.00000e+00  0.00000e+00  1.44340e-05
0036  1.66681e+18  1.41747e+03  1.73152e+06  1.01026e-16  0.00000e+00  0.00000e+00  1.41343e-05
0037  1.68420e+18  1.53526e+03  1.83574e+06  9.28310e-17  0.00000e+00  0.00000e+00  1.38439e-05
0038  1.70160e+18  1.64858e+03  1.93124e+06  8.57622e-17  0.00000e+00  0.00000e+00  1.35623e-05
0039  1.71899e+18  1.75739e+03  2.01776e+06  7.86997e-17  0.00000e+00  0.00000e+00  1.32893e-05
0040  1.73638e+18  1.86129e+03  2.09662e+06  7.26328e-17  0.00000e+00  0.00000e+00  1.30244e-05
0041  1.75377e+18  1.96146e+03  2.16899e+06  6.75549e-17  0.00000e+00  0.00000e+00  1.27674e-05
0042  1.77116e+18  2.05835e+03  2.23519e+06  6.27499e-17  0.00000e+00  0.00000e+00  1.25178e-05
0043  1.78856e+18  2.15166e+03  2.29576e+06  5.82885e-17  0.00000e+00  0.00000e+00  1.22756e-05
0044  1.80595e+18  2.24159e+03  2.35141e+06  5.43463e-17  0.00000e+00  0.00000e+00  1.20403e-05
0045  1.82334e+18  2.32847e+03  2.40250e+06  5.07364e-17  0.00000e+00  0.00000e+00  1.18117e-05
0046  1.84073e+18  2.41229e+03  2.44946e+06  4.74037e-17  0.00000e+00  0.00000e+00  1.15895e-05
0047  1.85813e+18  2.49303e+03  2.49269e+06  4.43371e-17  0.00000e+00  0.00000e+00  1.13736e-05
0050  1.87552e+18  2.57063e+03  2.53258e+06  4.15210e-17  0.00000e+00  0.00000e+00  1.11636e-05
0051  1.89291e+18  2.64517e+03  2.56950e+06  3.90125e-17  0.00000e+00  0.00000e+00  1.09594e-05
0052  1.91030e+18  2.71733e+03  2.60393e+06  3.69073e-17  0.00000e+00  0.00000e+00  1.07608e-05
0053  1.92769e+18  2.78797e+03  2.63566e+06  3.49240e-17  0.00000e+00  0.00000e+00  1.05675e-05
0054  1.94509e+18  2.85695e+03  2.66500e+06  3.30601e-17  0.00000e+00  0.00000e+00  1.03793e-05
0055  1.96248e+18  2.92428e+03  2.69210e+06  3.13108e-17  0.00000e+00  0.00000e+00  1.01962e-05
0056  1.97987e+18  2.98996e+03  2.71712e+06  2.96710e-17  0.00000e+00  0.00000e+00  1.00178e-05
0057  1.99726e+18  3.05395e+03  2.74023e+06  2.81348e-17  0.00000e+00  0.00000e+00  9.84411e-06
0058  2.01466e+18  3.11618e+03  2.76162e+06  2.66966e-17  0.00000e+00  0.00000e+00  9.67488e-06
0059  2.03205e+18  3.17660e+03  2.78151e+06  2.53771e-17  0.00000e+00  0.00000e+00  9.50998e-06
0060  2.04944e+18  3.23554e+03  2.79992e+06  2.41578e-17  0.00000e+00  0.00000e+00  9.34925e-06
0061  2.06683e+18  3.29329e+03  2.81679e+06  2.30084e-17  0.00000e+00  0.00000e+00  9.19257e-06
0062  2.08423e+18  3.34984e+03  2.83227e+06  2.19253e-17  0.00000e+00  0.00000e+00  9.03979e-06
0063  2.10162e+18  3.40521e+03  2.84642e+06  2.09043e-17  0.00000e+00  0.00000e+00  8.89079e-06
0064  2.11901e+18  3.45944e+03  2.85933e+06  1.99417e-17  0.00000e+00  0.00000e+00  8.74544e-06
0065  2.13640e+18  3.51256e+03  2.87108e+06  1.90339e-17  0.00000e+00  0.00000e+00  8.60363e-06
0066  2.15379e+18  3.56460e+03  2.88172e+06  1.81773e-17  0.00000e+00  0.00000e+00  8.46523e-06
0067  2.17119e+18  3.61558e+03  2.89132e+06  1.73687e-17  0.00000e+00  0.00000e+00  8.33016e-06
0068  2.18858e+18  3.66554e+03  2.89996e+06  1.66051e-17  0.00000e+00  0.00000e+00  8.19828e-06
0069  2.20597e+18  3.71451e+03  2.90767e+06  1.58835e-17  0.00000e+00  0.00000e+00  8.06952e-06
0070  2.22336e+18  3.76249e+03  2.91454e+06  1.52014e-17  0.00000e+00  0.00000e+00  7.94377e-06
0071  2.24076e+18  3.80962e+03  2.92053e+06  1.45593e-17  0.00000e+00  0.00000e+00  7.82093e-06
0072  2.25815e+18  3.85539e+03  2.92614e+06  1.40000e-17  0.00000e+00  0.00000e+00  7.70092e-06
0073  2.27554e+18  3.89988e+03  2.93140e+06  1.34668e-17  0.00000e+00  0.00000e+00  7.58365e-06
0074  2.29293e+18  3.94325e+03  2.93627e+06  1.29583e-17  0.00000e+00  0.00000e+00  7.46904e-06
0075  2.31033e+18  3.98565e+03  2.94071e+06  1.24731e-17  0.00000e+00  0.00000e+00  7.35701e-06
0076  2.32772e+18  4.02715e+03  2.94470e+06  1.20099e-17  0.00000e+00  0.00000e+00  7.24748e-06
0077  2.34511e+18  4.06784e+03  2.94824e+06  1.15676e-17  0.00000e+00  0.00000e+00  7.14038e-06
0078  2.36250e+18  4.10777e+03  2.95132e+06  1.11452e-17  0.00000e+00  0.00000e+00  7.03563e-06
0079  2.37989e+18  4.14698e+03  2.95396e+06  1.07416e-17  0.00000e+00  0.00000e+00  6.93317e-06
0080  2.39729e+18  4.18551e+03  2.95617e+06  1.03559e-17  0.00000e+00  0.00000e+00  6.83294e-06
0081  2.41468e+18  4.22338e+03  2.95796e+06  9.98710e-18  0.00000e+00  0.00000e+00  6.73486e-06
0082  2.43207e+18  4.26062e+03  2.95935e+06  9.63442e-18  0.00000e+00  0.00000e+00  6.63888e-06
0083  2.44946e+18  4.29725e+03  2.96034e+06  9.29703e-18  0.00000e+00  0.00000e+00  6.54493e-06
0084  2.46686e+18  4.33329e+03  2.96097e+06  8.97418e-18  0.00000e+00  0.00000e+00  6.45297e-06
0085  2.48425e+18  4.36877e+03  2.96123e+06  8.66514e-18  0.00000e+00  0.00000e+00  6.36293e-06
0086  2.50164e+18  4.40368e+03  2.96116e+06  8.36922e-18  0.00000e+00  0.00000e+00  6.27476e-06
0087  2.51903e+18  4.43806e+03  2.96075e+06  8.08579e-18  0.00000e+00  0.00000e+00  6.18842e-06
0088  2.53643e+18  4.47192e+03  2.96004e+06  7.81422e-18  0.00000e+00  0.00000e+00  6.10384e-06
0089  2.55382e+18  4.50526e+03  2.95902e+06  7.55394e-18  0.00000e+00  0.00000e+00  6.02098e-06
0090  2.57121e+18  4.53811e+03  2.95772e+06  7.30439e-18  0.00000e+00  0.00000e+00  5.93980e-06
0091  2.58860e+18  4.57046e+03  2.95615e+06  7.06779e-18  0.00000e+00  0.00000e+00  5.86026e-06
0092  2.60600e+18  4.60231e+03  2.95436e+06  6.84284e-18  0.00000e+00  0.00000e+00  5.78229e-06
0093  2.62339e+18  4.63368e+03  2.95235e+06  6.62669e-18  0.00000e+00  0.00000e+00  5.70588e-06
0094  2.64078e+18  4.66457e+03  2.95014e+06  6.41896e-18  0.00000e+00  0.00000e+00  5.63097e-06
0095  2.65817e+18  4.69500e+03  2.94773e+06  6.21927e-18  0.00000e+00  0.00000e+00  5.55752e-06
0096  2.67557e+18  4.72499e+03  2.94513e+06  6.02724e-18  0.00000e+00  0.00000e+00  5.48550e-06
0097  2.69296e+18  4.75455e+03  2.94234e+06  5.84254e-18  0.00000e+00  0.00000e+00  5.41488e-06
0098  2.71035e+18  4.78368e+03  2.93938e+06  5.66484e-18  0.00000e+00  0.00000e+00  5.34560e-06
0099  2.72774e+18  4.81241e+03  2.93625e+06  5.49383e-18  0.00000e+00  0.00000e+00  5.27765e-06
0100  2.74513e+18  4.84073e+03  2.93295e+06  5.32920e-18  0.00000e+00  0.00000e+00  5.21099e-06
0101  2.76253e+18  4.86867e+03  2.92950e+06  5.17069e-18  0.00000e+00  0.00000e+00  5.14558e-06
0102  2.77992e+18  4.89623e+03  2.92590e+06  5.01802e-18  0.00000e+00  0.00000e+00  5.08140e-06
0103  2.79731e+18  4.92341e+03  2.92216e+06  4.87094e-18  0.00000e+00  0.00000e+00  5.01841e-06
0104  2.81470e+18  4.95023e+03  2.91828e+06  4.72921e-18  0.00000e+00  0.00000e+00  4.95658e-06
0105  2.83210e+18  4.97670e+03  2.91428e+06  4.59259e-18  0.00000e+00  0.00000e+00  4.89589e-06
0106  2.84949e+18  5.00282e+03  2.91015e+06  4.46088e-18  0.00000e+00  0.00000e+00  4.83630e-06
0107  2.86688e+18  5.02860e+03  2.90590e+06  4.33386e-18  0.00000e+00  0.00000e+00  4.77780e-06
0108  2.88427e+18  5.05404e+03  2.90154e+06  4.21134e-18  0.00000e+00  0.00000e+00  4.72035e-06
0109  2.90167e+18  5.07917e+03  2.89707e+06  4.09312e-18  0.00000e+00  0.00000e+00  4.66394e-06
0110  2.91906e+18  5.10397e+03  2.89250e+06  3.97903e-18  0.00000e+00  0.00000e+00  4.60853e-06
0111  2.93645e+18  5.12846e+03  2.88783e+06  3.86890e-18  0.00000e+00  0.00000e+00  4.55409e-06
0112  2.95384e+18  5.15264e+03  2.88307e+06  3.76255e-18  0.00000e+00  0.00000e+00  4.50062e-06
0113  2.97124e+18  5.17653e+03  2.87822e+06  3.65985e-18  0.00000e+00  0.00000e+00  4.44809e-06
0114  2.98863e+18  5.20012e+03  2.87329e+06  3.56064e-18  0.00000e+00  0.00000e+00  4.39647e-06
0115  3.00602e+18  5.22342e+03  2.86828e+06  3.46478e-18  0.00000e+00  0.00000e+00  4.34574e-06
0116  3.02341e+18  5.24645e+03  2.86319e+06  3.37213e-18  0.00000e+00  0.00000e+00  4.29588e-06
0117  3.04081e+18  5.26919e+03  2.85803e+06  3.28257e-18  0.00000e+00  0.00000e+00  4.24688e-06
0118  3.05820e+18  5.29167e+03  2.85281e+06  3.19598e-18  0.00000e+00  0.00000e+00  4.19872e-06
0119  3.07559e+18  5.31388e+03  2.84751e+06  3.11223e-18  0.00000e+00  0.00000e+00  4.15136e-06
0120  3.09298e+18  5.33583e+03  2.84216e+06  3.03121e-18  0.00000e+00  0.00000e+00  4.10481e-06
0121  3.11037e+18  5.35752e+03  2.83675e+06  2.95283e-18  0.00000e+00  0.00000e+00  4.05903e-06
0122  3.12777e+18  5.37897e+03  2.83129e+06  2.87697e-18  0.00000e+00  0.00000e+00  4.01401e-06
0123  3.14516e+18  5.40017e+03  2.82577e+06  2.80355e-18  0.00000e+00  0.00000e+00  3.96974e-06
0124  3.16255e+18  5.42112e+03  2.82021e+06  2.73246e-18  0.00000e+00  0.00000e+00  3.92620e-06
0125  3.17994e+18  5.44185e+03  2.81460e+06  2.66362e-18  0.00000e+00  0.00000e+00  3.88337e-06
0126  3.19734e+18  5.46233e+03  2.80895e+06  2.59694e-18  0.00000e+00  0.00000e+00  3.84123e-06
0127  3.21473e+18  5.48261e+03  2.80322e+06  2.52843e-18  0.00000e+00  0.00000e+00  3.79978e-06
0128  3.23212e+18  5.50265e+03  2.79747e+06  2.46862e-18  0.00000e+00  0.00000e+00  3.75900e-06
0129  3.24951e+18  5.52246e+03  2.79171e+06  2.41055e-18  0.00000e+00  0.00000e+00  3.71887e-06
0130  3.26691e+18  5.54204e+03  2.78594e+06  2.35417e-18  0.00000e+00  0.00000e+00  3.67938e-06
0131  3.28430e+18  5.56139e+03  2.78016e+06  2.29941e-18  0.00000e+00  0.00000e+00  3.64051e-06
0132  3.30169e+18  5.58052e+03  2.77437e+06  2.24621e-18  0.00000e+00  0.00000e+00  3.60226e-06
0133  3.31908e+18  5.59944e+03  2.76858e+06  2.19454e-18  0.00000e+00  0.00000e+00  3.56460e-06
0134  3.33648e+18  5.61814e+03  2.76279e+06  2.14432e-18  0.00000e+00  0.00000e+00  3.52754e-06
0135  3.35387e+18  5.63663e+03  2.75699e+06  2.09553e-18  0.00000e+00  0.00000e+00  3.49104e-06
0136  3.37126e+18  5.65492e+03  2.75119e+06  2.04810e-18  0.00000e+00  0.00000e+00  3.45512e-06
0137  3.38865e+18  5.67301e+03  2.74538e+06  2.00200e-18  0.00000e+00  0.00000e+00  3.41974e-06
0138  3.40605e+18  5.69091e+03  2.73958e+06  1.95718e-18  0.00000e+00  0.00000e+00  3.38491e-06
0139  3.42344e+18  5.70861e+03  2.73376e+06  1.91360e-18  0.00000e+00  0.00000e+00  3.35060e-06
0140  3.44083e+18  5.72613e+03  2.72795e+06  1.87122e-18  0.00000e+00  0.00000e+00  3.31681e-06
0141  3.45822e+18  5.74346e+03  2.72214e+06  1.83000e-18  0.00000e+00  0.00000e+00  3.28353e-06
0142  3.47562e+18  5.76061e+03  2.71632e+06  1.78990e-18  0.00000e+00  0.00000e+00  3.25075e-06
0143  3.49301e+18  5.77758e+03  2.71051e+06  1.75089e-18  0.00000e+00  0.00000e+00  3.21846e-06
0144  3.51040e+18  5.79438e+03  2.70470e+06  1.71293e-18  0.00000e+00  0.00000e+00  3.18665e-06
0145  3.52779e+18  5.81101e+03  2.69888e+06  1.67598e-18  0.00000e+00  0.00000e+00  3.15531e-06
0146  3.54519e+18  5.82747e+03  2.69307e+06  1.64003e-18  0.00000e+00  0.00000e+00  3.12442e-06
0147  3.56258e+18  5.84377e+03  2.68726e+06  1.60502e-18  0.00000e+00  0.00000e+00  3.09399e-06
0148  3.57997e+18  5.85990e+03  2.68146e+06  1.57094e-18  0.00000e+00  0.00000e+00  3.06400e-06
0149  3.59736e+18  5.87587e+03  2.67565e+06  1.53776e-18  0.00000e+00  0.00000e+00  3.03444e-06
0150  3.61476e+18  5.89169e+03  2.66985e+06  1.50545e-18  0.00000e+00  0.00000e+00  3.00531e-06
0151  3.63215e+18  5.90736e+03  2.66406e+06  1.47397e-18  0.00000e+00  0.00000e+00  2.97660e-06
0152  3.64954e+18  5.92287e+03  2.65827e+06  1.44331e-18  0.00000e+00  0.00000e+00  2.94830e-06
0153  3.66693e+18  5.93824e+03  2.65248e+06  1.41345e-18  0.00000e+00  0.00000e+00  2.92040e-06
0154  3.68432e+18  5.95346e+03  2.64670e+06  1.38434e-18  0.00000e+00  0.00000e+00  2.89289e-06
0155  3.70172e+18  5.96854e+03  2.64093e+06  1.35598e-18  0.00000e+00  0.00000e+00  2.86577e-06
0156  3.71911e+18  5.98348e+03  2.63516e+06  1.32834e-18  0.00000e+00  0.00000e+00  2.83903e-06
0157  3.73650e+18  5.99828e+03  2.62941e+06  1.30140e-18  0.00000e+00  0.00000e+00  2.81266e-06
0158  3.75389e+18  6.01294e+03  2.62365e+06  1.27514e-18  0.00000e+00  0.00000e+00  2.78666e-06
0159  3.77129e+18  6.02747e+03  2.61791e+06  1.24953e-18  0.00000e+00  0.00000e+00  2.76101e-06
0160  3.78868e+18  6.04187e+03  2.61217e+06  1.22456e-18  0.00000e+00  0.00000e+00  2.73572e-06
0161  3.80607e+18  6.05613e+03  2.60645e+06  1.20021e-18  0.00000e+00  0.00000e+00  2.71078e-06
0162  3.82346e+18  6.07028e+03  2.60073e+06  1.17646e-18  0.00000e+00  0.00000e+00  2.68617e-06
0163  3.84086e+18  6.08429e+03  2.59502e+06  1.15329e-18  0.00000e+00  0.00000e+00  2.66190e-06
0164  3.85825e+18  6.09818e+03  2.58933e+06  1.13069e-18  0.00000e+00  0.00000e+00  2.63795e-06
0165  3.87564e+18  6.11195e+03  2.58364e+06  1.10864e-18  0.00000e+00  0.00000e+00  2.61433e-06
0166  3.89303e+18  6.12560e+03  2.57796e+06  1.08712e-18  0.00000e+00  0.00000e+00  2.59102e-06
0167  3.91043e+18  6.13914e+03  2.57230e+06  1.06612e-18  0.00000e+00  0.00000e+00  2.56803e-06
0168  3.92782e+18  6.15256e+03  2.56664e+06  1.04562e-18  0.00000e+00  0.00000e+00  2.54533e-06
0169  3.94521e+18  6.16586e+03  2.56100e+06  1.02561e-18  0.00000e+00  0.00000e+00  2.52294e-06
0170  3.96260e+18  6.17906e+03  2.55537e+06  1.00608e-18  0.00000e+00  0.00000e+00  2.50084e-06
0171  3.98000e+18  6.19214e+03  2.54975e+06  9.87008e-19  0.00000e+00  0.00000e+00  2.47903e-06
0172  3.99739e+18  6.20512e+03  2.54414e+06  9.68385e-19  0.00000e+00  0.00000e+00  2.45751e-06
0173  4.01478e+18  6.21799e+03  2.53855e+06  9.50198e-19  0.00000e+00  0.00000e+00  2.43626e-06
0174  4.03217e+18  6.23075e+03  2.53296e+06  9.31908e-19  0.00000e+00  0.00000e+00  2.41529e-06
0175  4.04957e+18  6.24342e+03  2.52738e+06  9.14543e-19  0.00000e+00  0.00000e+00  2.39459e-06
0176  4.06696e+18  6.25598e+03  2.52182e+06  8.97580e-19  0.00000e+00  0.00000e+00  2.37415e-06
0177  4.08435e+18  6.26843e+03  2.51627e+06  8.81007e-19  0.00000e+00  0.00000e+00  2.35397e-06
0178  4.10174e+18  6.28079e+03  2.51073e+06  8.64814e-19  0.00000e+00  0.00000e+00  2.33405e-06
0179  4.11914e+18  6.29305e+03  2.50521e+06  8.48991e-19  0.00000e+00  0.00000e+00  2.31438e-06
0180  4.13653e+18  6.30520e+03  2.49971e+06  8.33528e-19  0.00000e+00  0.00000e+00  2.29496e-06
0181  4.15392e+18  6.31726e+03  2.49421e+06  8.18414e-19  0.00000e+00  0.00000e+00  2.27578e-06
0182  4.17131e+18  6.32923e+03  2.48873e+06  8.03641e-19  0.00000e+00  0.00000e+00  2.25685e-06
0183  4.18871e+18  6.34110e+03  2.48327e+06  7.89199e-19  0.00000e+00  0.00000e+00  2.23814e-06
0184  4.20610e+18  6.35288e+03  2.47782e+06  7.75080e-19  0.00000e+00  0.00000e+00  2.21967e-06
0185  4.22349e+18  6.36456e+03  2.47239e+06  7.61274e-19  0.00000e+00  0.00000e+00  2.20143e-06
0186  4.24088e+18  6.37616e+03  2.46697e+06  7.47773e-19  0.00000e+00  0.00000e+00  2.18341e-06
0187  4.25828e+18  6.38767e+03  2.46156e+06  7.34570e-19  0.00000e+00  0.00000e+00  2.16561e-06
0188  4.27567e+18  6.39909e+03  2.45617e+06  7.21657e-19  0.00000e+00  0.00000e+00  2.14803e-06
0189  4.29306e+18  6.41042e+03  2.45080e+06  7.09025e-19  0.00000e+00  0.00000e+00  2.13066e-06
0190  4.31045e+18  6.42167e+03  2.44544e+06  6.96669e-19  0.00000e+00  0.00000e+00  2.11350e-06
0191  4.32785e+18  6.43283e+03  2.44009e+06  6.84580e-19  0.00000e+00  0.00000e+00  2.09654e-06
0192  4.34524e+18  6.44391e+03  2.43476e+06  6.72752e-19  0.00000e+00  0.00000e+00  2.07979e-06
0193  4.36263e+18  6.45490e+03  2.42945e+06  6.61178e-19  0.00000e+00  0.00000e+00  2.06324e-06
0194  4.38002e+18  6.46581e+03  2.42415e+06  6.49851e-19  0.00000e+00  0.00000e+00  2.04689e-06
0195  4.39742e+18  6.47664e+03  2.41887e+06  6.38766e-19  0.00000e+00  0.00000e+00  2.03073e-06
0196  4.41481e+18  6.48739e+03  2.41360e+06  6.27916e-19  0.00000e+00  0.00000e+00  2.01476e-06
0197  4.43220e+18  6.49807e+03  2.40835e+06  6.17295e-19  0.00000e+00  0.00000e+00  1.99898e-06
0198  4.44959e+18  6.50866e+03  2.40312e+06  6.06897e-19  0.00000e+00  0.00000e+00  1.98339e-06
0199  4.46699e+18  6.51917e+03  2.39790e+06  5.96717e-19  0.00000e+00  0.00000e+00  1.96797e-06
0200  4.48438e+18  6.52961e+03  2.39270e+06  5.86750e-19  0.00000e+00  0.00000e+00  1.95273e-06
0201  4.50177e+18  6.53998e+03  2.38751e+06  5.76990e-19  0.00000e+00  0.00000e+00  1.93768e-06
0202  4.51916e+18  6.55026e+03  2.38234e+06  5.67431e-19  0.00000e+00  0.00000e+00  1.92279e-06
0203  4.53655e+18  6.56048e+03  2.37718e+06  5.58070e-19  0.00000e+00  0.00000e+00  1.90807e-06
0204  4.55395e+18  6.57062e+03  2.37204e+06  5.48900e-19  0.00000e+00  0.00000e+00  1.89353e-06
0205  4.57134e+18  6.58069e+03  2.36691e+06  5.39918e-19  0.00000e+00  0.00000e+00  1.87915e-06
0206  4.58873e+18  6.59069e+03  2.36181e+06  5.31119e-19  0.00000e+00  0.00000e+00  1.86493e-06
0207  4.60612e+18  6.60062e+03  2.35671e+06  5.22555e-19  0.00000e+00  0.00000e+00  1.85087e-06
0208  4.62352e+18  6.61048e+03  2.35164e+06  5.14180e-19  0.00000e+00  0.00000e+00  1.83697e-06
0209  4.64091e+18  6.62027e+03  2.34658e+06  5.05973e-19  0.00000e+00  0.00000e+00  1.82323e-06
0210  4.65830e+18  6.62998e+03  2.34154e+06  4.97928e-19  0.00000e+00  0.00000e+00  1.80964e-06
0211  4.67569e+18  6.63963e+03  2.33652e+06  4.90042e-19  0.00000e+00  0.00000e+00  1.79620e-06
0212  4.69309e+18  6.64921e+03  2.33152e+06  4.82311e-19  0.00000e+00  0.00000e+00  1.78291e-06
0213  4.71048e+18  6.65872e+03  2.32653e+06  4.74733e-19  0.00000e+00  0.00000e+00  1.76977e-06
0214  4.72787e+18  6.66816e+03  2.32156e+06  4.67302e-19  0.00000e+00  0.00000e+00  1.75678e-06
0215  4.74526e+18  6.67754e+03  2.31661e+06  4.60016e-19  0.00000e+00  0.00000e+00  1.74392e-06
0216  4.76266e+18  6.68685e+03  2.31168e+06  4.52871e-19  0.00000e+00  0.00000e+00  1.73121e-06
0217  4.78005e+18  6.69610e+03  2.30676e+06  4.45864e-19  0.00000e+00  0.00000e+00  1.71863e-06
0218  4.79744e+18  6.70528e+03  2.30186e+06  4.38992e-19  0.00000e+00  0.00000e+00  1.70619e-06
0219  4.81483e+18  6.71441e+03  2.29698e+06  4.32251e-19  0.00000e+00  0.00000e+00  1.69389e-06
0220  4.83223e+18  6.72347e+03  2.29212e+06  4.25640e-19  0.00000e+00  0.00000e+00  1.68172e-06
0221  4.84962e+18  6.73247e+03  2.28727e+06  4.19154e-19  0.00000e+00  0.00000e+00  1.66968e-06
0222  4.86701e+18  6.74141e+03  2.28244e+06  4.12791e-19  0.00000e+00  0.00000e+00  1.65776e-06
0223  4.88440e+18  6.75029e+03  2.27762e+06  4.06548e-19  0.00000e+00  0.00000e+00  1.64598e-06
0224  4.90180e+18  6.75911e+03  2.27283e+06  4.00422e-19  0.00000e+00  0.00000e+00  1.63432e-06
0225  4.91919e+18  6.76787e+03  2.26805e+06  3.94411e-19  0.00000e+00  0.00000e+00  1.62278e-06
0226  4.93658e+18  6.77658e+03  2.26329e+06  3.88513e-19  0.00000e+00  0.00000e+00  1.61137e-06
0227  4.95397e+18  6.78523e+03  2.25854e+06  3.82724e-19  0.00000e+00  0.00000e+00  1.60007e-06
0228  4.97137e+18  6.79382e+03  2.25381e+06  3.77042e-19  0.00000e+00  0.00000e+00  1.58890e-06
0229  4.98876e+18  6.80236e+03  2.24910e+06  3.71465e-19  0.00000e+00  0.00000e+00  1.57784e-06
0230  5.00615e+18  6.81085e+03  2.24441e+06  3.65991e-19  0.00000e+00  0.00000e+00  1.56689e-06
0231  5.02354e+18  6.81928e+03  2.23973e+06  3.60617e-19  0.00000e+00  0.00000e+00  1.55606e-06
0232  5.04094e+18  6.82765e+03  2.23507e+06  3.55341e-19  0.00000e+00  0.00000e+00  1.54534e-06
0233  5.05833e+18  6.83598e+03  2.23043e+06  3.50162e-19  0.00000e+00  0.00000e+00  1.53474e-06
0234  5.07572e+18  6.84425e+03  2.22580e+06  3.45076e-19  0.00000e+00  0.00000e+00  1.52424e-06
0235  5.09311e+18  6.85247e+03  2.22119e+06  3.40082e-19  0.00000e+00  0.00000e+00  1.51384e-06
0236  5.11051e+18  6.86064e+03  2.21660e+06  3.35178e-19  0.00000e+00  0.00000e+00  1.50356e-06
0237  5.12790e+18  6.86875e+03  2.21202e+06  3.30362e-19  0.00000e+00  0.00000e+00  1.49337e-06
0238  5.14529e+18  6.87682e+03  2.20746e+06  3.25632e-19  0.00000e+00  0.00000e+00  1.48330e-06
0239  5.16268e+18  6.88484e+03  2.20292e+06  3.20986e-19  0.00000e+00  0.00000e+00  1.47332e-06
0240  5.18008e+18  6.89280e+03  2.19839e+06  3.16423e-19  0.00000e+00  0.00000e+00  1.46344e-06
0241  5.19747e+18  6.90072e+03  2.19388e+06  3.11940e-19  0.00000e+00  0.00000e+00  1.45366e-06
0242  5.21486e+18  6.90859e+03  2.18939e+06  3.07537e-19  0.00000e+00  0.00000e+00  1.44398e-06
0243  5.23225e+18  6.91641e+03  2.18491e+06  3.03210e-19  0.00000e+00  0.00000e+00  1.43440e-06
0244  5.24965e+18  6.92419e+03  2.18045e+06  2.98960e-19  0.00000e+00  0.00000e+00  1.42491e-06
0245  5.26704e+18  6.93192e+03  2.17601e+06  2.94784e-19  0.00000e+00  0.00000e+00  1.41552e-06
0246  5.28443e+18  6.93960e+03  2.17158e+06  2.90680e-19  0.00000e+00  0.00000e+00  1.40621e-06
0247  5.30182e+18  6.94723e+03  2.16717e+06  2.86647e-19  0.00000e+00  0.00000e+00  1.39700e-06
0248  5.31922e+18  6.95483e+03  2.16278e+06  2.82684e-19  0.00000e+00  0.00000e+00  1.38788e-06
0249  5.33661e+18  6.96238e+03  2.15840e+06  2.78787e-19  0.00000e+00  0.00000e+00  1.37885e-06
0250  5.35400e+18  6.96988e+03  2.15404e+06  2.74957e-19  0.00000e+00  0.00000e+00  1.36991e-06
0251  5.37139e+18  6.97735e+03  2.14970e+06  2.71193e-19  0.00000e+00  0.00000e+00  1.36105e-06
0252  5.38879e+18  6.98477e+03  2.14537e+06  2.67493e-19  0.00000e+00  0.00000e+00  1.35228e-06
0253  5.40618e+18  6.99215e+03  2.14106e+06  2.63855e-19  0.00000e+00  0.00000e+00  1.34359e-06
0254  5.42357e+18  6.99949e+03  2.13677e+06  2.60279e-19  0.00000e+00  0.00000e+00  1.33499e-06
0255  5.44096e+18  7.00679e+03  2.13249e+06  2.56763e-19  0.00000e+00  0.00000e+00  1.32647e-06
0256  5.45836e+18  7.01405e+03  2.12823e+06  2.53307e-19  0.00000e+00  0.00000e+00  1.31803e-06
0257  5.47575e+18  7.02126e+03  2.12398e+06  2.49908e-19  0.00000e+00  0.00000e+00  1.30967e-06
0258  5.49314e+18  7.02844e+03  2.11975e+06  2.46566e-19  0.00000e+00  0.00000e+00  1.30139e-06
0259  5.51053e+18  7.03557e+03  2.11553e+06  2.43279e-19  0.00000e+00  0.00000e+00  1.29318e-06
0260  5.52793e+18  7.04267e+03  2.11133e+06  2.40047e-19  0.00000e+00  0.00000e+00  1.28506e-06
0261  5.54532e+18  7.04973e+03  2.10715e+06  2.36869e-19  0.00000e+00  0.00000e+00  1.27701e-06
0262  5.56271e+18  7.05675e+03  2.10298e+06  2.33743e-19  0.00000e+00  0.00000e+00  1.26904e-06
0263  5.58010e+18  7.06373e+03  2.09882e+06  2.30668e-19  0.00000e+00  0.00000e+00  1.26114e-06
0264  5.59750e+18  7.07067e+03  2.09468e+06  2.27643e-19  0.00000e+00  0.00000e+00  1.25331e-06
0265  5.61489e+18  7.07758e+03  2.09056e+06  2.24668e-19  0.00000e+00  0.00000e+00  1.24556e-06
0266  5.63228e+18  7.08445e+03  2.08645e+06  2.21741e-19  0.00000e+00  0.00000e+00  1.23788e-06
0267  5.64967e+18  7.09128e+03  2.08236e+06  2.18861e-19  0.00000e+00  0.00000e+00  1.23027e-06
0268  5.66707e+18  7.09807e+03  2.07828e+06  2.16028e-19  0.00000e+00  0.00000e+00  1.22273e-06
0269  5.68446e+18  7.10483e+03  2.07422e+06  2.13241e-19  0.00000e+00  0.00000e+00  1.21526e-06
0270  5.70185e+18  7.11156e+03  2.07017e+06  2.10498e-19  0.00000e+00  0.00000e+00  1.20786e-06
0271  5.71924e+18  7.11824e+03  2.06614e+06  2.07799e-19  0.00000e+00  0.00000e+00  1.20052e-06
0272  5.73664e+18  7.12489e+03  2.06213e+06  2.05144e-19  0.00000e+00  0.00000e+00  1.19325e-06
0273  5.75403e+18  7.13151e+03  2.05812e+06  2.02530e-19  0.00000e+00  0.00000e+00  1.18605e-06
0274  5.77142e+18  7.13809e+03  2.05414e+06  1.99958e-19  0.00000e+00  0.00000e+00  1.17891e-06
0275  5.78881e+18  7.14463e+03  2.05017e+06  1.97427e-19  0.00000e+00  0.00000e+00  1.17184e-06
0276  5.80620e+18  7.15114e+03  2.04621e+06  1.94935e-19  0.00000e+00  0.00000e+00  1.16483e-06
0277  5.82360e+18  7.15762e+03  2.04227e+06  1.92483e-19  0.00000e+00  0.00000e+00  1.15788e-06
0278  5.84099e+18  7.16406e+03  2.03834e+06  1.90069e-19  0.00000e+00  0.00000e+00  1.15100e-06
0279  5.85838e+18  7.17047e+03  2.03443e+06  1.87693e-19  0.00000e+00  0.00000e+00  1.14417e-06
0280  5.87577e+18  7.17685e+03  2.03053e+06  1.85353e-19  0.00000e+00  0.00000e+00  1.13741e-06
0281  5.89317e+18  7.18320e+03  2.02664e+06  1.83050e-19  0.00000e+00  0.00000e+00  1.13071e-06
0282  5.91056e+18  7.18951e+03  2.02277e+06  1.80783e-19  0.00000e+00  0.00000e+00  1.12406e-06
0283  5.92795e+18  7.19579e+03  2.01892e+06  1.78550e-19  0.00000e+00  0.00000e+00  1.11748e-06
0284  5.94534e+18  7.20204e+03  2.01508e+06  1.76352e-19  0.00000e+00  0.00000e+00  1.11095e-06
0285  5.96274e+18  7.20825e+03  2.01125e+06  1.74188e-19  0.00000e+00  0.00000e+00  1.10448e-06
0286  5.98013e+18  7.21444e+03  2.00744e+06  1.72056e-19  0.00000e+00  0.00000e+00  1.09806e-06
0287  5.99752e+18  7.22060e+03  2.00364e+06  1.69957e-19  0.00000e+00  0.00000e+00  1.09170e-06
0288  6.01491e+18  7.22672e+03  1.99985e+06  1.67890e-19  0.00000e+00  0.00000e+00  1.08540e-06
0289  6.03231e+18  7.23281e+03  1.99608e+06  1.65854e-19  0.00000e+00  0.00000e+00  1.07915e-06
0290  6.04970e+18  7.23888e+03  1.99232e+06  1.63849e-19  0.00000e+00  0.00000e+00  1.07295e-06
0291  6.06709e+18  7.24491e+03  1.98858e+06  1.61874e-19  0.00000e+00  0.00000e+00  1.06681e-06
0292  6.08448e+18  7.25091e+03  1.98485e+06  1.59929e-19  0.00000e+00  0.00000e+00  1.06072e-06
0293  6.10188e+18  7.25689e+03  1.98113e+06  1.58013e-19  0.00000e+00  0.00000e+00  1.05468e-06
0294  6.11927e+18  7.26283e+03  1.97743e+06  1.56125e-19  0.00000e+00  0.00000e+00  1.04869e-06
0295  6.13666e+18  7.26875e+03  1.97374e+06  1.54265e-19  0.00000e+00  0.00000e+00  1.04276e-06
0296  6.15405e+18  7.27463e+03  1.97007e+06  1.52433e-19  0.00000e+00  0.00000e+00  1.03687e-06
0297  6.17145e+18  7.28049e+03  1.96640e+06  1.50629e-19  0.00000e+00  0.00000e+00  1.03104e-06
0298  6.18884e+18  7.28632e+03  1.96275e+06  1.48850e-19  0.00000e+00  0.00000e+00  1.02525e-06
0299  6.20623e+18  7.29212e+03  1.95912e+06  1.47098e-19  0.00000e+00  0.00000e+00  1.01951e-06
0300  6.22362e+18  7.29790e+03  1.95549e+06  1.45371e-19  0.00000e+00  0.00000e+00  1.01382e-06
0301  6.24102e+18  7.30364e+03  1.95188e+06  1.43670e-19  0.00000e+00  0.00000e+00  1.00818e-06
0302  6.25841e+18  7.30936e+03  1.94829e+06  1.41994e-19  0.00000e+00  0.00000e+00  1.00258e-06
0303  6.27580e+18  7.31505e+03  1.94470e+06  1.40342e-19  0.00000e+00  0.00000e+00  9.97032e-07
0304  6.29319e+18  7.32072e+03  1.94113e+06  1.38713e-19  0.00000e+00  0.00000e+00  9.91529e-07
0305  6.31059e+18  7.32635e+03  1.93758e+06  1.37109e-19  0.00000e+00  0.00000e+00  9.86071e-07
0306  6.32798e+18  7.33196e+03  1.93403e+06  1.35527e-19  0.00000e+00  0.00000e+00  9.80658e-07
0307  6.34537e+18  7.33754e+03  1.93050e+06  1.33968e-19  0.00000e+00  0.00000e+00  9.75289e-07
0308  6.36276e+18  7.34310e+03  1.92698e+06  1.32432e-19  0.00000e+00  0.00000e+00  9.69965e-07
0309  6.38016e+18  7.34863e+03  1.92347e+06  1.30917e-19  0.00000e+00  0.00000e+00  9.64684e-07
0310  6.39755e+18  7.35413e+03  1.91998e+06  1.29424e-19  0.00000e+00  0.00000e+00  9.59445e-07
0311  6.41494e+18  7.35960e+03  1.91649e+06  1.27953e-19  0.00000e+00  0.00000e+00  9.54250e-07
0312  6.43233e+18  7.36504e+03  1.91303e+06  1.26502e-19  0.00000e+00  0.00000e+00  9.49097e-07
0313  6.44973e+18  7.37046e+03  1.90957e+06  1.25071e-19  0.00000e+00  0.00000e+00  9.43985e-07
0314  6.46712e+18  7.37585e+03  1.90612e+06  1.23661e-19  0.00000e+00  0.00000e+00  9.38914e-07
0315  6.48451e+18  7.38122e+03  1.90269e+06  1.22271e-19  0.00000e+00  0.00000e+00  9.33884e-07
0316  6.50190e+18  7.38656e+03  1.89927e+06  1.20900e-19  0.00000e+00  0.00000e+00  9.28895e-07
0317  6.51930e+18  7.39187e+03  1.89586e+06  1.19549e-19  0.00000e+00  0.00000e+00  9.23945e-07
0318  6.53669e+18  7.39716e+03  1.89246e+06  1.18216e-19  0.00000e+00  0.00000e+00  9.19035e-07
0319  6.55408e+18  7.40242e+03  1.88908e+06  1.16901e-19  0.00000e+00  0.00000e+00  9.14164e-07
0320  6.57147e+18  7.40766e+03  1.88571e+06  1.15605e-19  0.00000e+00  0.00000e+00  9.09331e-07
0321  6.58887e+18  7.41288e+03  1.88234e+06  1.14327e-19  0.00000e+00  0.00000e+00  9.04537e-07
0322  6.60626e+18  7.41807e+03  1.87900e+06  1.13066e-19  0.00000e+00  0.00000e+00  8.99780e-07
0323  6.62365e+18  7.42325e+03  1.87566e+06  1.11823e-19  0.00000e+00  0.00000e+00  8.95061e-07
0324  6.64104e+18  7.42840e+03  1.87233e+06  1.10597e-19  0.00000e+00  0.00000e+00  8.90379e-07
0325  6.65844e+18  7.43353e+03  1.86902e+06  1.09387e-19  0.00000e+00  0.00000e+00  8.85733e-07
0326  6.67583e+18  7.43863e+03  1.86572e+06  1.08194e-19  0.00000e+00  0.00000e+00  8.81124e-07
0327  6.69322e+18  7.44372e+03  1.86243e+06  1.07017e-19  0.00000e+00  0.00000e+00  8.76551e-07
0328  6.71061e+18  7.44879e+03  1.85916e+06  1.05856e-19  0.00000e+00  0.00000e+00  8.72013e-07
0329  6.72801e+18  7.45383e+03  1.85589e+06  1.04710e-19  0.00000e+00  0.00000e+00  8.67511e-07
0330  6.74540e+18  7.45885e+03  1.85264e+06  1.03580e-19  0.00000e+00  0.00000e+00  8.63043e-07
0331  6.76279e+18  7.46385e+03  1.84940e+06  1.02466e-19  0.00000e+00  0.00000e+00  8.58609e-07
0332  6.78018e+18  7.46882e+03  1.84617e+06  1.01366e-19  0.00000e+00  0.00000e+00  8.54210e-07
0333  6.79758e+18  7.47378e+03  1.84295e+06  1.00274e-19  0.00000e+00  0.00000e+00  8.49844e-07
0334  6.81497e+18  7.47871e+03  1.83974e+06  9.92024e-20  0.00000e+00  0.00000e+00  8.45512e-07
0335  6.83236e+18  7.48361e+03  1.83654e+06  9.81449e-20  0.00000e+00  0.00000e+00  8.41213e-07
0336  6.84975e+18  7.48850e+03  1.83336e+06  9.71015e-20  0.00000e+00  0.00000e+00  8.36946e-07
0337  6.86715e+18  7.49336e+03  1.83018e+06  9.60719e-20  0.00000e+00  0.00000e+00  8.32712e-07
0338  6.88454e+18  7.49821e+03  1.82702e+06  9.50558e-20  0.00000e+00  0.00000e+00  8.28510e-07
0339  6.90193e+18  7.50303e+03  1.82386e+06  9.40532e-20  0.00000e+00  0.00000e+00  8.24340e-07
0340  6.91932e+18  7.50783e+03  1.82072e+06  9.30638e-20  0.00000e+00  0.00000e+00  8.20201e-07
0341  6.93672e+18  7.51261e+03  1.81759e+06  9.20873e-20  0.00000e+00  0.00000e+00  8.16093e-07
0342  6.95411e+18  7.51737e+03  1.81446e+06  9.11235e-20  0.00000e+00  0.00000e+00  8.12016e-07
0343  6.97150e+18  7.52211e+03  1.81135e+06  9.01723e-20  0.00000e+00  0.00000e+00  8.07970e-07
0344  6.98889e+18  7.52683e+03  1.80825e+06  8.92335e-20  0.00000e+00  0.00000e+00  8.03953e-07
0345  7.00629e+18  7.53153e+03  1.80516e+06  8.83069e-20  0.00000e+00  0.00000e+00  7.99967e-07
0346  7.02368e+18  7.53622e+03  1.80209e+06  8.73922e-20  0.00000e+00  0.00000e+00  7.96010e-07
0347  7.04107e+18  7.54088e+03  1.79902e+06  8.64894e-20  0.00000e+00  0.00000e+00  7.92082e-07
0348  7.05846e+18  7.54552e+03  1.79596e+06  8.55981e-20  0.00000e+00  0.00000e+00  7.88183e-07
0349  7.07586e+18  7.55014e+03  1.79292e+06  8.47183e-20  0.00000e+00  0.00000e+00  7.84313e-07
0350  7.09325e+18  7.55474e+03  1.78988e+06  8.38498e-20  0.00000e+00  0.00000e+00  7.80472e-07
0351  7.11064e+18  7.55933e+03  1.78685e+06  8.29923e-20  0.00000e+00  0.00000e+00  7.76658e-07
0352  7.12803e+18  7.56389e+03  1.78384e+06  8.21458e-20  0.00000e+00  0.00000e+00  7.72873e-07
0353  7.14543e+18  7.56844e+03  1.78084e+06  8.13100e-20  0.00000e+00  0.00000e+00  7.69115e-07
0354  7.16282e+18  7.57296e+03  1.77784e+06  8.04848e-20  0.00000e+00  0.00000e+00  7.65385e-07
0355  7.18021e+18  7.57747e+03  1.77486e+06  7.96700e-20  0.00000e+00  0.00000e+00  7.61681e-07
0356  7.19760e+18  7.58196e+03  1.77188e+06  7.88655e-20  0.00000e+00  0.00000e+00  7.58004e-07
0357  7.21500e+18  7.58644e+03  1.76892e+06  7.80711e-20  0.00000e+00  0.00000e+00  7.54354e-07
0358  7.23239e+18  7.59089e+03  1.76597e+06  7.72867e-20  0.00000e+00  0.00000e+00  7.50731e-07
0359  7.24978e+18  7.59533e+03  1.76303e+06  7.65121e-20  0.00000e+00  0.00000e+00  7.47133e-07
0360  7.26717e+18  7.59975e+03  1.76009e+06  7.57471e-20  0.00000e+00  0.00000e+00  7.43561e-07
0361  7.28457e+18  7.60416e+03  1.75717e+06  7.49917e-20  0.00000e+00  0.00000e+00  7.40015e-07
0362  7.30196e+18  7.60855e+03  1.75426e+06  7.42456e-20  0.00000e+00  0.00000e+00  7.36493e-07
0363  7.31935e+18  7.61292e+03  1.75136e+06  7.35087e-20  0.00000e+00  0.00000e+00  7.32997e-07
0364  7.33674e+18  7.61727e+03  1.74847e+06  7.27810e-20  0.00000e+00  0.00000e+00  7.29526e-07
0365  7.35414e+18  7.62161e+03  1.74558e+06  7.20622e-20  0.00000e+00  0.00000e+00  7.26080e-07
0366  7.37153e+18  7.62593e+03  1.74271e+06  7.13523e-20  0.00000e+00  0.00000e+00  7.22658e-07
0367  7.38892e+18  7.63024e+03  1.73985e+06  7.06510e-20  0.00000e+00  0.00000e+00  7.19259e-07
0368  7.40631e+18  7.63453e+03  1.73700e+06  6.99584e-20  0.00000e+00  0.00000e+00  7.15885e-07
0369  7.42371e+18  7.63880e+03  1.73415e+06  6.92741e-20  0.00000e+00  0.00000e+00  7.12535e-07
0370  7.44110e+18  7.64305e+03  1.73132e+06  6.85983e-20  0.00000e+00  0.00000e+00  7.09208e-07
0371  7.45849e+18  7.64729e+03  1.72850e+06  6.79306e-20  0.00000e+00  0.00000e+00  7.05904e-07
0372  7.47588e+18  7.65152e+03  1.72568e+06  6.72710e-20  0.00000e+00  0.00000e+00  7.02623e-07
0373  7.49328e+18  7.65573e+03  1.72288e+06  6.66194e-20  0.00000e+00  0.00000e+00  6.99365e-07
0374  7.51067e+18  7.65992e+03  1.72008e+06  6.59757e-20  0.00000e+00  0.00000e+00  6.96130e-07
0375  7.52806e+18  7.66409e+03  1.71730e+06  6.53397e-20  0.00000e+00  0.00000e+00  6.92917e-07
0376  7.54545e+18  7.66825e+03  1.71452e+06  6.47113e-20  0.00000e+00  0.00000e+00  6.89727e-07
0377  7.56285e+18  7.67239e+03  1.71175e+06  6.40905e-20  0.00000e+00  0.00000e+00  6.86558e-07
0378  7.58024e+18  7.67652e+03  1.70899e+06  6.34770e-20  0.00000e+00  0.00000e+00  6.83411e-07
0379  7.59763e+18  7.68063e+03  1.70625e+06  6.28709e-20  0.00000e+00  0.00000e+00  6.80286e-07
0380  7.61502e+18  7.68473e+03  1.70351e+06  6.22720e-20  0.00000e+00  0.00000e+00  6.77182e-07
0381  7.63242e+18  7.68881e+03  1.70077e+06  6.16802e-20  0.00000e+00  0.00000e+00  6.74099e-07
0382  7.64981e+18  7.69288e+03  1.69805e+06  6.10954e-20  0.00000e+00  0.00000e+00  6.71037e-07
0383  7.66720e+18  7.69693e+03  1.69534e+06  6.05175e-20  0.00000e+00  0.00000e+00  6.67996e-07
0384  7.68459e+18  7.70096e+03  1.69264e+06  5.99465e-20  0.00000e+00  0.00000e+00  6.64976e-07
0385  7.70199e+18  7.70498e+03  1.68994e+06  5.93821e-20  0.00000e+00  0.00000e+00  6.61976e-07
0386  7.71938e+18  7.70899e+03  1.68726e+06  5.88243e-20  0.00000e+00  0.00000e+00  6.58996e-07
0387  7.73677e+18  7.71298e+03  1.68458e+06  5.82731e-20  0.00000e+00  0.00000e+00  6.56037e-07
0388  7.75416e+18  7.71696e+03  1.68191e+06  5.77283e-20  0.00000e+00  0.00000e+00  6.53097e-07
0389  7.77156e+18  7.72092e+03  1.67925e+06  5.71898e-20  0.00000e+00  0.00000e+00  6.50177e-07
0390  7.78895e+18  7.72487e+03  1.67660e+06  5.66576e-20  0.00000e+00  0.00000e+00  6.47277e-07
0391  7.80634e+18  7.72880e+03  1.67396e+06  5.61316e-20  0.00000e+00  0.00000e+00  6.44396e-07
0392  7.82373e+18  7.73272e+03  1.67133e+06  5.56116e-20  0.00000e+00  0.00000e+00  6.41534e-07
0393  7.84113e+18  7.73662e+03  1.66871e+06  5.50977e-20  0.00000e+00  0.00000e+00  6.38691e-07
0394  7.85852e+18  7.74051e+03  1.66609e+06  5.45897e-20  0.00000e+00  0.00000e+00  6.35867e-07
0395  7.87591e+18  7.74438e+03  1.66348e+06  5.40875e-20  0.00000e+00  0.00000e+00  6.33062e-07
0396  7.89330e+18  7.74823e+03  1.66088e+06  5.35911e-20  0.00000e+00  0.00000e+00  6.30275e-07
0397  7.91070e+18  7.75207e+03  1.65829e+06  5.31004e-20  0.00000e+00  0.00000e+00  6.27507e-07
0398  7.92809e+18  7.75589e+03  1.65571e+06  5.26153e-20  0.00000e+00  0.00000e+00  6.24756e-07
0399  7.94548e+18  7.75970e+03  1.65314e+06  5.21357e-20  0.00000e+00  0.00000e+00  6.22024e-07
0400  7.96287e+18  7.76349e+03  1.65057e+06  5.16616e-20  0.00000e+00  0.00000e+00  6.19310e-07
0401  7.98027e+18  7.76727e+03  1.64801e+06  5.11929e-20  0.00000e+00  0.00000e+00  6.16613e-07
0402  7.99766e+18  7.77103e+03  1.64546e+06  5.07295e-20  0.00000e+00  0.00000e+00  6.13934e-07
0403  8.01505e+18  7.77477e+03  1.64292e+06  5.02713e-20  0.00000e+00  0.00000e+00  6.11273e-07
0404  8.03244e+18  7.77850e+03  1.64039e+06  4.98183e-20  0.00000e+00  0.00000e+00  6.08629e-07
0405  8.04984e+18  7.78221e+03  1.63786e+06  4.93704e-20  0.00000e+00  0.00000e+00  6.06001e-07
0406  8.06723e+18  7.78591e+03  1.63534e+06  4.89276e-20  0.00000e+00  0.00000e+00  6.03391e-07
0407  8.08462e+18  7.78960e+03  1.63283e+06  4.84897e-20  0.00000e+00  0.00000e+00  6.00798e-07
0408  8.10201e+18  7.79327e+03  1.63033e+06  4.80566e-20  0.00000e+00  0.00000e+00  5.98221e-07
0409  8.11940e+18  7.79692e+03  1.62783e+06  4.76285e-20  0.00000e+00  0.00000e+00  5.95661e-07
0410  8.13680e+18  7.80056e+03  1.62535e+06  4.72050e-20  0.00000e+00  0.00000e+00  5.93117e-07
0411  8.15419e+18  7.80419e+03  1.62287e+06  4.67863e-20  0.00000e+00  0.00000e+00  5.90590e-07
0412  8.17158e+18  7.80780e+03  1.62040e+06  4.63722e-20  0.00000e+00  0.00000e+00  5.88078e-07
0413  8.18897e+18  7.81140e+03  1.61793e+06  4.59627e-20  0.00000e+00  0.00000e+00  5.85583e-07
0414  8.20637e+18  7.81498e+03  1.61548e+06  4.55578e-20  0.00000e+00  0.00000e+00  5.83104e-07
0415  8.22376e+18  7.81855e+03  1.61303e+06  4.51572e-20  0.00000e+00  0.00000e+00  5.80640e-07
0416  8.24115e+18  7.82210e+03  1.61059e+06  4.47611e-20  0.00000e+00  0.00000e+00  5.78191e-07
0417  8.25854e+18  7.82564e+03  1.60815e+06  4.43693e-20  0.00000e+00  0.00000e+00  5.75759e-07
0418  8.27594e+18  7.82917e+03  1.60573e+06  4.39818e-20  0.00000e+00  0.00000e+00  5.73341e-07
0419  8.29333e+18  7.83268e+03  1.60331e+06  4.35985e-20  0.00000e+00  0.00000e+00  5.70939e-07
0420  8.31072e+18  7.83618e+03  1.60090e+06  4.32194e-20  0.00000e+00  0.00000e+00  5.68552e-07
0421  8.32811e+18  7.83966e+03  1.59849e+06  4.28445e-20  0.00000e+00  0.00000e+00  5.66180e-07
0422  8.34551e+18  7.84313e+03  1.59610e+06  4.24736e-20  0.00000e+00  0.00000e+00  5.63822e-07
0423  8.36290e+18  7.84658e+03  1.59371e+06  4.21067e-20  0.00000e+00  0.00000e+00  5.61479e-07
0424  8.38029e+18  7.85002e+03  1.59133e+06  4.17437e-20  0.00000e+00  0.00000e+00  5.59151e-07
0425  8.39768e+18  7.85345e+03  1.58895e+06  4.13847e-20  0.00000e+00  0.00000e+00  5.56837e-07
0426  8.41508e+18  7.85687e+03  1.58659e+06  4.10295e-20  0.00000e+00  0.00000e+00  5.54538e-07
0427  8.43247e+18  7.86027e+03  1.58423e+06  4.06782e-20  0.00000e+00  0.00000e+00  5.52253e-07
0428  8.44986e+18  7.86366e+03  1.58187e+06  4.03306e-20  0.00000e+00  0.00000e+00  5.49982e-07
0429  8.46725e+18  7.86703e+03  1.57953e+06  3.99867e-20  0.00000e+00  0.00000e+00  5.47725e-07
0430  8.48465e+18  7.87039e+03  1.57719e+06  3.96464e-20  0.00000e+00  0.00000e+00  5.45481e-07
0431  8.50204e+18  7.87374e+03  1.57486e+06  3.93098e-20  0.00000e+00  0.00000e+00  5.43252e-07
0432  8.51943e+18  7.87708e+03  1.57254e+06  3.89768e-20  0.00000e+00  0.00000e+00  5.41036e-07
0433  8.53682e+18  7.88040e+03  1.57022e+06  3.86476e-20  0.00000e+00  0.00000e+00  5.38834e-07
0434  8.55422e+18  7.88371e+03  1.56791e+06  3.83220e-20  0.00000e+00  0.00000e+00  5.36645e-07
0435  8.57161e+18  7.88701e+03  1.56561e+06  3.79999e-20  0.00000e+00  0.00000e+00  5.34469e-07
0436  8.58900e+18  7.89029e+03  1.56331e+06  3.76812e-20  0.00000e+00  0.00000e+00  5.32307e-07
0437  8.60639e+18  7.89357e+03  1.56102e+06  3.73658e-20  0.00000e+00  0.00000e+00  5.30158e-07
0438  8.62379e+18  7.89682e+03  1.55874e+06  3.70537e-20  0.00000e+00  0.00000e+00  5.28021e-07
0439  8.64118e+18  7.90007e+03  1.55647e+06  3.67448e-20  0.00000e+00  0.00000e+00  5.25898e-07
0440  8.65857e+18  7.90331e+03  1.55420e+06  3.64392e-20  0.00000e+00  0.00000e+00  5.23787e-07
0441  8.67596e+18  7.90653e+03  1.55194e+06  3.61368e-20  0.00000e+00  0.00000e+00  5.21689e-07
0442  8.69336e+18  7.90974e+03  1.54969e+06  3.58375e-20  0.00000e+00  0.00000e+00  5.19604e-07
0443  8.71075e+18  7.91294e+03  1.54744e+06  3.55413e-20  0.00000e+00  0.00000e+00  5.17531e-07
0444  8.72814e+18  7.91613e+03  1.54520e+06  3.52481e-20  0.00000e+00  0.00000e+00  5.15471e-07
0445  8.74553e+18  7.91930e+03  1.54297e+06  3.49580e-20  0.00000e+00  0.00000e+00  5.13422e-07
0446  8.76293e+18  7.92247e+03  1.54074e+06  3.46708e-20  0.00000e+00  0.00000e+00  5.11386e-07
0447  8.78032e+18  7.92562e+03  1.53852e+06  3.43866e-20  0.00000e+00  0.00000e+00  5.09362e-07
0448  8.79771e+18  7.92877e+03  1.53631e+06  3.41053e-20  0.00000e+00  0.00000e+00  5.07350e-07
0449  8.81510e+18  7.93190e+03  1.53410e+06  3.38269e-20  0.00000e+00  0.00000e+00  5.05350e-07
0450  8.83250e+18  7.93502e+03  1.53190e+06  3.34985e-20  0.00000e+00  0.00000e+00  5.03362e-07
0451  8.84989e+18  7.93813e+03  1.52971e+06  3.32298e-20  0.00000e+00  0.00000e+00  5.01386e-07
0452  8.86728e+18  7.94124e+03  1.52752e+06  3.29637e-20  0.00000e+00  0.00000e+00  4.99421e-07
0453  8.88467e+18  7.94433e+03  1.52533e+06  3.27004e-20  0.00000e+00  0.00000e+00  4.97467e-07
0454  8.90207e+18  7.94741e+03  1.52316e+06  3.24396e-20  0.00000e+00  0.00000e+00  4.95525e-07
0455  8.91946e+18  7.95047e+03  1.52099e+06  3.21815e-20  0.00000e+00  0.00000e+00  4.93595e-07
0456  8.93685e+18  7.95353e+03  1.51883e+06  3.19259e-20  0.00000e+00  0.00000e+00  4.91675e-07
0457  8.95424e+18  7.95657e+03  1.51667e+06  3.16729e-20  0.00000e+00  0.00000e+00  4.89767e-07
0458  8.97164e+18  7.95961e+03  1.51452e+06  3.14223e-20  0.00000e+00  0.00000e+00  4.87870e-07
0459  8.98903e+18  7.96263e+03  1.51238e+06  3.11742e-20  0.00000e+00  0.00000e+00  4.85984e-07
0460  9.00642e+18  7.96565e+03  1.51025e+06  3.09286e-20  0.00000e+00  0.00000e+00  4.84109e-07
0461  9.02381e+18  7.96865e+03  1.50812e+06  3.06854e-20  0.00000e+00  0.00000e+00  4.82244e-07
0462  9.04121e+18  7.97164e+03  1.50599e+06  3.04446e-20  0.00000e+00  0.00000e+00  4.80391e-07
0463  9.05860e+18  7.97462e+03  1.50388e+06  3.02061e-20  0.00000e+00  0.00000e+00  4.78548e-07
0464  9.07599e+18  7.97759e+03  1.50177e+06  2.99700e-20  0.00000e+00  0.00000e+00  4.76716e-07
0465  9.09338e+18  7.98054e+03  1.49966e+06  2.97361e-20  0.00000e+00  0.00000e+00  4.74894e-07
0466  9.11078e+18  7.98349e+03  1.49757e+06  2.95046e-20  0.00000e+00  0.00000e+00  4.73082e-07
0467  9.12817e+18  7.98643e+03  1.49548e+06  2.92753e-20  0.00000e+00  0.00000e+00  4.71281e-07
0468  9.14556e+18  7.98935e+03  1.49339e+06  2.90482e-20  0.00000e+00  0.00000e+00  4.69490e-07
0469  9.16295e+18  7.99227e+03  1.49131e+06  2.88233e-20  0.00000e+00  0.00000e+00  4.67710e-07
0470  9.18035e+18  7.99517e+03  1.48924e+06  2.86006e-20  0.00000e+00  0.00000e+00  4.65939e-07
0471  9.19774e+18  7.99806e+03  1.48718e+06  2.83801e-20  0.00000e+00  0.00000e+00  4.64179e-07
0472  9.21513e+18  8.00094e+03  1.48512e+06  2.81617e-20  0.00000e+00  0.00000e+00  4.62428e-07
0473  9.23252e+18  8.00380e+03  1.48306e+06  2.79454e-20  0.00000e+00  0.00000e+00  4.60688e-07
0474  9.24992e+18  8.00666e+03  1.48102e+06  2.77311e-20  0.00000e+00  0.00000e+00  4.58957e-07
0475  9.26731e+18  8.00950e+03  1.47898e+06  2.75189e-20  0.00000e+00  0.00000e+00  4.57236e-07
0476  9.28470e+18  8.01234e+03  1.47694e+06  2.73088e-20  0.00000e+00  0.00000e+00  4.55524e-07
0477  9.30209e+18  8.01517e+03  1.47492e+06  2.71006e-20  0.00000e+00  0.00000e+00  4.53823e-07
0478  9.31949e+18  8.01799e+03  1.47290e+06  2.68944e-20  0.00000e+00  0.00000e+00  4.52130e-07
0479  9.33688e+18  8.02080e+03  1.47088e+06  2.66902e-20  0.00000e+00  0.00000e+00  4.50447e-07
0480  9.35427e+18  8.02360e+03  1.46887e+06  2.64879e-20  0.00000e+00  0.00000e+00  4.48774e-07
0481  9.37166e+18  8.02639e+03  1.46687e+06  2.62875e-20  0.00000e+00  0.00000e+00  4.47110e-07
0482  9.38906e+18  8.02917e+03  1.46487e+06  2.60890e-20  0.00000e+00  0.00000e+00  4.45455e-07
0483  9.40645e+18  8.03195e+03  1.46288e+06  2.58923e-20  0.00000e+00  0.00000e+00  4.43809e-07
0484  9.42384e+18  8.03472e+03  1.46090e+06  2.56975e-20  0.00000e+00  0.00000e+00  4.42172e-07
0485  9.44123e+18  8.03748e+03  1.45892e+06  2.55046e-20  0.00000e+00  0.00000e+00  4.40545e-07
0486  9.45863e+18  8.04024e+03  1.45695e+06  2.53134e-20  0.00000e+00  0.00000e+00  4.38926e-07
0487  9.47602e+18  8.04299e+03  1.45499e+06  2.51240e-20  0.00000e+00  0.00000e+00  4.37316e-07
0488  9.49341e+18  8.04573e+03  1.45303e+06  2.49364e-20  0.00000e+00  0.00000e+00  4.35715e-07
0489  9.51080e+18  8.04846e+03  1.45108e+06  2.47505e-20  0.00000e+00  0.00000e+00  4.34123e-07
0490  9.52820e+18  8.05118e+03  1.44913e+06  2.45664e-20  0.00000e+00  0.00000e+00  4.32540e-07
0491  9.54559e+18  8.05389e+03  1.44719e+06  2.43839e-20  0.00000e+00  0.00000e+00  4.30965e-07
0492  9.56298e+18  8.05660e+03  1.44526e+06  2.42032e-20  0.00000e+00  0.00000e+00  4.29399e-07
0493  9.58037e+18  8.05929e+03  1.44333e+06  2.40241e-20  0.00000e+00  0.00000e+00  4.27841e-07
0494  9.59777e+18  8.06198e+03  1.44140e+06  2.38467e-20  0.00000e+00  0.00000e+00  4.26292e-07
0495  9.61516e+18  8.06465e+03  1.43949e+06  2.36709e-20  0.00000e+00  0.00000e+00  4.24751e-07
0496  9.63255e+18  8.06731e+03  1.43757e+06  2.34968e-20  0.00000e+00  0.00000e+00  4.23219e-07
0497  9.64994e+18  8.06996e+03  1.43566e+06  2.33242e-20  0.00000e+00  0.00000e+00  4.21695e-07
0498  9.66734e+18  8.07260e+03  1.43376e+06  2.31533e-20  0.00000e+00  0.00000e+00  4.20179e-07
0499  9.68473e+18  8.07522e+03  1.43186e+06  2.29839e-20  0.00000e+00  0.00000e+00  4.18671e-07
0500  9.70212e+18  8.07784e+03  1.42997e+06  2.28160e-20  0.00000e+00  0.00000e+00  4.17171e-07
0501  9.71951e+18  8.08044e+03  1.42808e+06  2.26498e-20  0.00000e+00  0.00000e+00  4.15679e-07
0502  9.73691e+18  8.08303e+03  1.42620e+06  2.24850e-20  0.00000e+00  0.00000e+00  4.14196e-07
0503  9.75430e+18  8.08561e+03  1.42432e+06  2.23217e-20  0.00000e+00  0.00000e+00  4.12720e-07
0504  9.77169e+18  8.08818e+03  1.42245e+06  2.21599e-20  0.00000e+00  0.00000e+00  4.11252e-07
0505  9.78908e+18  8.09074e+03  1.42058e+06  2.19996e-20  0.00000e+00  0.00000e+00  4.09792e-07
0506  9.80648e+18  8.09329e+03  1.41872e+06  2.18408e-20  0.00000e+00  0.00000e+00  4.08340e-07
0507  9.82387e+18  8.09582e+03  1.41686e+06  2.16833e-20  0.00000e+00  0.00000e+00  4.06895e-07
0508  9.84126e+18  8.09835e+03  1.41501e+06  2.15274e-20  0.00000e+00  0.00000e+00  4.05458e-07
0509  9.85865e+18  8.10087e+03  1.41316e+06  2.13728e-20  0.00000e+00  0.00000e+00  4.04029e-07
0510  9.87605e+18  8.10338e+03  1.41132e+06  2.12196e-20  0.00000e+00  0.00000e+00  4.02607e-07
0511  9.89344e+18  8.10588e+03  1.40948e+06  2.10677e-20  0.00000e+00  0.00000e+00  4.01193e-07
0512  9.91083e+18  8.10837e+03  1.40765e+06  2.09172e-20  0.00000e+00  0.00000e+00  3.99786e-07
0513  9.92822e+18  8.11086e+03  1.40583e+06  2.07681e-20  0.00000e+00  0.00000e+00  3.98386e-07
0514  9.94562e+18  8.11333e+03  1.40401e+06  2.06203e-20  0.00000e+00  0.00000e+00  3.96994e-07
0515  9.96301e+18  8.11580e+03  1.40219e+06  2.04738e-20  0.00000e+00  0.00000e+00  3.95609e-07
0516  9.98040e+18  8.11827e+03  1.40039e+06  2.03286e-20  0.00000e+00  0.00000e+00  3.94232e-07
0517  9.99779e+18  8.12072e+03  1.39858e+06  2.01847e-20  0.00000e+00  0.00000e+00  3.92861e-07
0518  1.00152e+19  8.12317e+03  1.39678e+06  2.00420e-20  0.00000e+00  0.00000e+00  3.91498e-07
0519  1.00326e+19  8.12561e+03  1.39499e+06  1.99006e-20  0.00000e+00  0.00000e+00  3.90142e-07
0520  1.00500e+19  8.12804e+03  1.39320e+06  1.97605e-20  0.00000e+00  0.00000e+00  3.88793e-07
0521  1.00674e+19  8.13047e+03  1.39142e+06  1.96216e-20  0.00000e+00  0.00000e+00  3.87450e-07
0522  1.00848e+19  8.13289e+03  1.38964e+06  1.94839e-20  0.00000e+00  0.00000e+00  3.86115e-07
0523  1.01021e+19  8.13529e+03  1.38787e+06  1.93474e-20  0.00000e+00  0.00000e+00  3.84787e-07
0524  1.01195e+19  8.13770e+03  1.38610e+06  1.92121e-20  0.00000e+00  0.00000e+00  3.83465e-07
0525  1.01369e+19  8.14009e+03  1.38434e+06  1.90780e-20  0.00000e+00  0.00000e+00  3.82150e-07
0526  1.01543e+19  8.14247e+03  1.38258e+06  1.89450e-20  0.00000e+00  0.00000e+00  3.80842e-07
0527  1.01717e+19  8.14485e+03  1.38083e+06  1.88133e-20  0.00000e+00  0.00000e+00  3.79541e-07
0528  1.01891e+19  8.14722e+03  1.37908e+06  1.86826e-20  0.00000e+00  0.00000e+00  3.78247e-07
0529  1.02065e+19  8.14958e+03  1.37733e+06  1.85531e-20  0.00000e+00  0.00000e+00  3.76959e-07
0530  1.02239e+19  8.15193e+03  1.37560e+06  1.84247e-20  0.00000e+00  0.00000e+00  3.75677e-07
0531  1.02413e+19  8.15428e+03  1.37386e+06  1.82975e-20  0.00000e+00  0.00000e+00  3.74402e-07
0532  1.02587e+19  8.15661e+03  1.37213e+06  1.81713e-20  0.00000e+00  0.00000e+00  3.73134e-07
0533  1.02761e+19  8.15894e+03  1.37041e+06  1.80462e-20  0.00000e+00  0.00000e+00  3.71872e-07
0534  1.02935e+19  8.16126e+03  1.36869e+06  1.79222e-20  0.00000e+00  0.00000e+00  3.70616e-07
0535  1.03109e+19  8.16357e+03  1.36697e+06  1.77993e-20  0.00000e+00  0.00000e+00  3.69367e-07
0536  1.03283e+19  8.16588e+03  1.36526e+06  1.76774e-20  0.00000e+00  0.00000e+00  3.68124e-07
0537  1.03456e+19  8.16817e+03  1.36356e+06  1.75565e-20  0.00000e+00  0.00000e+00  3.66887e-07
0538  1.03630e+19  8.17046e+03  1.36186e+06  1.74367e-20  0.00000e+00  0.00000e+00  3.65657e-07
0539  1.03804e+19  8.17274e+03  1.36016e+06  1.73180e-20  0.00000e+00  0.00000e+00  3.64432e-07
0540  1.03978e+19  8.17502e+03  1.35847e+06  1.72002e-20  0.00000e+00  0.00000e+00  3.63214e-07
0541  1.04152e+19  8.17728e+03  1.35679e+06  1.70834e-20  0.00000e+00  0.00000e+00  3.62002e-07
0542  1.04326e+19  8.17954e+03  1.35510e+06  1.69676e-20  0.00000e+00  0.00000e+00  3.60796e-07
0543  1.04500e+19  8.18179e+03  1.35343e+06  1.68528e-20  0.00000e+00  0.00000e+00  3.59596e-07
0544  1.04674e+19  8.18403e+03  1.35175e+06  1.67390e-20  0.00000e+00  0.00000e+00  3.58402e-07
0545  1.04848e+19  8.18626e+03  1.35009e+06  1.66261e-20  0.00000e+00  0.00000e+00  3.57214e-07
0546  1.05022e+19  8.18849e+03  1.34842e+06  1.65142e-20  0.00000e+00  0.00000e+00  3.56032e-07
0547  1.05196e+19  8.19071e+03  1.34677e+06  1.64032e-20  0.00000e+00  0.00000e+00  3.54856e-07
0548  1.05370e+19  8.19292e+03  1.34511e+06  1.62932e-20  0.00000e+00  0.00000e+00  3.53685e-07
0549  1.05544e+19  8.19513e+03  1.34346e+06  1.61841e-20  0.00000e+00  0.00000e+00  3.52520e-07
0550  1.05717e+19  8.19731e+03  1.34182e+06  1.60759e-20  0.00000e+00  0.00000e+00  3.51361e-07
0551  1.05891e+19  8.19954e+03  1.34017e+06  1.59685e-20  0.00000e+00  0.00000e+00  3.50208e-07
0552  1.06065e+19  8.20156e+03  1.33855e+06  1.58610e-20  0.00000e+00  0.00000e+00  3.49061e-07
0553  1.06239e+19  8.20444e+03  1.33688e+06  1.57544e-20  0.00000e+00  0.00000e+00  3.47919e-07
0554  1.06413e+19  8.20386e+03  1.33540e+06  1.56542e-20  0.00000e+00  0.00000e+00  3.46782e-07
0555  1.06587e+19  8.22268e+03  1.33285e+06  1.55236e-20  0.00000e+00  0.00000e+00  3.45651e-07
