# Athena++ data at time=4.710000e+12  cycle=353843313  variables=uov 
# i       x1v         user_out_var0          user_out_var1          user_out_var2          user_out_var3          user_out_var4          user_out_var5      
0002  1.07548e+18  4.91743e+00  3.03478e+04  7.00170e-16  0.00000e+00  0.00000e+00  3.39500e-05
0003  1.09287e+18  1.05763e+01  4.05286e+04  4.45834e-17  0.00000e+00  0.00000e+00  3.28781e-05
0004  1.11027e+18  1.62698e+01  5.06308e+04  2.35309e-17  0.00000e+00  0.00000e+00  3.18561e-05
0005  1.12766e+18  2.43364e+01  6.52035e+04  3.67533e-17  0.00000e+00  0.00000e+00  3.08811e-05
0006  1.14505e+18  3.72068e+01  9.07087e+04  5.53550e-17  0.00000e+00  0.00000e+00  2.99501e-05
0007  1.16244e+18  5.43882e+01  1.25240e+05  4.41067e-17  0.00000e+00  0.00000e+00  2.90606e-05
0008  1.17983e+18  6.10918e+01  1.34673e+05  1.12092e-17  0.00000e+00  0.00000e+00  2.82102e-05
0009  1.19723e+18  6.61057e+01  1.41264e+05  1.26145e-17  0.00000e+00  0.00000e+00  2.73965e-05
0010  1.21462e+18  7.09296e+01  1.47251e+05  1.11278e-17  0.00000e+00  0.00000e+00  2.66176e-05
0011  1.23201e+18  7.40888e+01  1.49795e+05  6.56432e-18  0.00000e+00  0.00000e+00  2.58714e-05
0012  1.24940e+18  7.70590e+01  1.52215e+05  7.04703e-18  0.00000e+00  0.00000e+00  2.51561e-05
0013  1.26679e+18  8.00531e+01  1.54687e+05  6.90307e-18  0.00000e+00  0.00000e+00  2.44701e-05
0014  1.28419e+18  8.29820e+01  1.57138e+05  6.49785e-18  0.00000e+00  0.00000e+00  2.38118e-05
0015  1.30158e+18  8.57755e+01  1.59430e+05  5.93367e-18  0.00000e+00  0.00000e+00  2.31797e-05
0016  1.31897e+18  8.83189e+01  1.61350e+05  5.29922e-18  0.00000e+00  0.00000e+00  2.25724e-05
0017  1.33636e+18  9.07872e+01  1.63254e+05  5.15232e-18  0.00000e+00  0.00000e+00  2.19887e-05
0018  1.35375e+18  9.32063e+01  1.65161e+05  4.94693e-18  0.00000e+00  0.00000e+00  2.14273e-05
0019  1.37115e+18  9.55506e+01  1.67048e+05  4.43079e-18  0.00000e+00  0.00000e+00  2.08872e-05
0020  1.38854e+18  9.72944e+01  1.67935e+05 -9.60852e-17  0.00000e+00  0.00000e+00  2.03672e-05
0021  1.40593e+18  9.93245e+01  1.69511e+05  4.31208e-18  0.00000e+00  0.00000e+00  1.98665e-05
0022  1.42332e+18  1.01581e+02  1.71506e+05  4.17068e-18  0.00000e+00  0.00000e+00  1.93839e-05
0023  1.44071e+18  1.03261e+02  1.72585e+05  3.12875e-18  0.00000e+00  0.00000e+00  1.89187e-05
0024  1.45811e+18  1.05002e+02  1.73956e+05  3.46476e-18  0.00000e+00  0.00000e+00  1.84701e-05
0025  1.47550e+18  1.06757e+02  1.75382e+05  3.33540e-18  0.00000e+00  0.00000e+00  1.80373e-05
0026  1.49289e+18  1.08426e+02  1.76781e+05  3.14549e-18  0.00000e+00  0.00000e+00  1.76194e-05
0027  1.51028e+18  1.09995e+02  1.78136e+05  2.94025e-18  0.00000e+00  0.00000e+00  1.72160e-05
0028  1.52767e+18  1.11334e+02  1.79326e+05  2.50028e-18  0.00000e+00  0.00000e+00  1.68262e-05
0029  1.54507e+18  1.12096e+02  1.80005e+05  5.28883e-18  0.00000e+00  0.00000e+00  1.64495e-05
0030  1.56246e+18  3.18915e+02  5.40957e+05  5.84033e-16  0.00000e+00  0.00000e+00  1.60854e-05
0031  1.57985e+18  6.69302e+02  9.19243e+05  2.33681e-16  0.00000e+00  0.00000e+00  1.57331e-05
0032  1.59724e+18  8.82719e+02  1.17343e+06  1.54894e-16  0.00000e+00  0.00000e+00  1.53924e-05
0033  1.61463e+18  1.04082e+03  1.34960e+06  1.30793e-16  0.00000e+00  0.00000e+00  1.50626e-05
0034  1.63203e+18  1.17898e+03  1.49430e+06  1.18801e-16  0.00000e+00  0.00000e+00  1.47432e-05
0035  1.64942e+18  1.30850e+03  1.62144e+06  1.09056e-16  0.00000e+00  0.00000e+00  1.44340e-05
0036  1.66681e+18  1.43280e+03  1.73694e+06  1.00780e-16  0.00000e+00  0.00000e+00  1.41343e-05
0037  1.68420e+18  1.55234e+03  1.84149e+06  9.24907e-17  0.00000e+00  0.00000e+00  1.38439e-05
0038  1.70160e+18  1.66729e+03  1.93715e+06  8.53004e-17  0.00000e+00  0.00000e+00  1.35623e-05
0039  1.71899e+18  1.77746e+03  2.02363e+06  7.81675e-17  0.00000e+00  0.00000e+00  1.32893e-05
0040  1.73638e+18  1.88282e+03  2.10269e+06  7.22763e-17  0.00000e+00  0.00000e+00  1.30244e-05
0041  1.75377e+18  1.98456e+03  2.17509e+06  6.71309e-17  0.00000e+00  0.00000e+00  1.27674e-05
0042  1.77116e+18  2.08281e+03  2.24130e+06  6.22878e-17  0.00000e+00  0.00000e+00  1.25178e-05
0043  1.78856e+18  2.17737e+03  2.30184e+06  5.78241e-17  0.00000e+00  0.00000e+00  1.22756e-05
0044  1.80595e+18  2.26850e+03  2.35748e+06  5.39153e-17  0.00000e+00  0.00000e+00  1.20403e-05
0045  1.82334e+18  2.35655e+03  2.40851e+06  5.02968e-17  0.00000e+00  0.00000e+00  1.18117e-05
0046  1.84073e+18  2.44141e+03  2.45542e+06  4.69642e-17  0.00000e+00  0.00000e+00  1.15895e-05
0047  1.85813e+18  2.52305e+03  2.49862e+06  4.39038e-17  0.00000e+00  0.00000e+00  1.13736e-05
0050  1.87552e+18  2.60148e+03  2.53846e+06  4.11252e-17  0.00000e+00  0.00000e+00  1.11636e-05
0051  1.89291e+18  2.67705e+03  2.57546e+06  3.87342e-17  0.00000e+00  0.00000e+00  1.09594e-05
0052  1.91030e+18  2.75058e+03  2.60975e+06  3.66194e-17  0.00000e+00  0.00000e+00  1.07608e-05
0053  1.92769e+18  2.82245e+03  2.64141e+06  3.46308e-17  0.00000e+00  0.00000e+00  1.05675e-05
0054  1.94509e+18  2.89259e+03  2.67066e+06  3.27648e-17  0.00000e+00  0.00000e+00  1.03793e-05
0055  1.96248e+18  2.96102e+03  2.69767e+06  3.10160e-17  0.00000e+00  0.00000e+00  1.01962e-05
0056  1.97987e+18  3.02769e+03  2.72262e+06  2.93789e-17  0.00000e+00  0.00000e+00  1.00178e-05
0057  1.99726e+18  3.09258e+03  2.74569e+06  2.78472e-17  0.00000e+00  0.00000e+00  9.84411e-06
0058  2.01466e+18  3.15560e+03  2.76707e+06  2.64249e-17  0.00000e+00  0.00000e+00  9.67488e-06
0059  2.03205e+18  3.21690e+03  2.78695e+06  2.51324e-17  0.00000e+00  0.00000e+00  9.50998e-06
0060  2.04944e+18  3.27699e+03  2.80518e+06  2.39149e-17  0.00000e+00  0.00000e+00  9.34925e-06
0061  2.06683e+18  3.33581e+03  2.82191e+06  2.27686e-17  0.00000e+00  0.00000e+00  9.19257e-06
0062  2.08423e+18  3.39339e+03  2.83724e+06  2.16891e-17  0.00000e+00  0.00000e+00  9.03979e-06
0063  2.10162e+18  3.44977e+03  2.85124e+06  2.06723e-17  0.00000e+00  0.00000e+00  8.89079e-06
0064  2.11901e+18  3.50499e+03  2.86400e+06  1.97143e-17  0.00000e+00  0.00000e+00  8.74544e-06
0065  2.13640e+18  3.55906e+03  2.87559e+06  1.88112e-17  0.00000e+00  0.00000e+00  8.60363e-06
0066  2.15379e+18  3.61203e+03  2.88608e+06  1.79597e-17  0.00000e+00  0.00000e+00  8.46523e-06
0067  2.17119e+18  3.66392e+03  2.89553e+06  1.71564e-17  0.00000e+00  0.00000e+00  8.33016e-06
0068  2.18858e+18  3.71476e+03  2.90401e+06  1.63981e-17  0.00000e+00  0.00000e+00  8.19828e-06
0069  2.20597e+18  3.76458e+03  2.91158e+06  1.56819e-17  0.00000e+00  0.00000e+00  8.06952e-06
0070  2.22336e+18  3.81343e+03  2.91828e+06  1.50130e-17  0.00000e+00  0.00000e+00  7.94377e-06
0071  2.24076e+18  3.86076e+03  2.92461e+06  1.44280e-17  0.00000e+00  0.00000e+00  7.82093e-06
0072  2.25815e+18  3.90673e+03  2.93058e+06  1.38706e-17  0.00000e+00  0.00000e+00  7.70092e-06
0073  2.27554e+18  3.95154e+03  2.93613e+06  1.33394e-17  0.00000e+00  0.00000e+00  7.58365e-06
0074  2.29293e+18  3.99532e+03  2.94122e+06  1.28328e-17  0.00000e+00  0.00000e+00  7.46904e-06
0075  2.31033e+18  4.03819e+03  2.94582e+06  1.23496e-17  0.00000e+00  0.00000e+00  7.35701e-06
0076  2.32772e+18  4.08023e+03  2.94993e+06  1.18885e-17  0.00000e+00  0.00000e+00  7.24748e-06
0077  2.34511e+18  4.12149e+03  2.95355e+06  1.14483e-17  0.00000e+00  0.00000e+00  7.14038e-06
0078  2.36250e+18  4.16202e+03  2.95669e+06  1.10280e-17  0.00000e+00  0.00000e+00  7.03563e-06
0079  2.37989e+18  4.20184e+03  2.95937e+06  1.06266e-17  0.00000e+00  0.00000e+00  6.93317e-06
0080  2.39729e+18  4.24099e+03  2.96160e+06  1.02430e-17  0.00000e+00  0.00000e+00  6.83294e-06
0081  2.41468e+18  4.27949e+03  2.96340e+06  9.87635e-18  0.00000e+00  0.00000e+00  6.73486e-06
0082  2.43207e+18  4.31736e+03  2.96478e+06  9.52584e-18  0.00000e+00  0.00000e+00  6.63888e-06
0083  2.44946e+18  4.35463e+03  2.96577e+06  9.19063e-18  0.00000e+00  0.00000e+00  6.54493e-06
0084  2.46686e+18  4.39131e+03  2.96637e+06  8.86995e-18  0.00000e+00  0.00000e+00  6.45297e-06
0085  2.48425e+18  4.42741e+03  2.96661e+06  8.56306e-18  0.00000e+00  0.00000e+00  6.36293e-06
0086  2.50164e+18  4.46295e+03  2.96649e+06  8.26930e-18  0.00000e+00  0.00000e+00  6.27476e-06
0087  2.51903e+18  4.49794e+03  2.96605e+06  7.98799e-18  0.00000e+00  0.00000e+00  6.18842e-06
0088  2.53643e+18  4.53241e+03  2.96529e+06  7.71854e-18  0.00000e+00  0.00000e+00  6.10384e-06
0089  2.55382e+18  4.56634e+03  2.96424e+06  7.46255e-18  0.00000e+00  0.00000e+00  6.02098e-06
0090  2.57121e+18  4.59974e+03  2.96293e+06  7.22024e-18  0.00000e+00  0.00000e+00  5.93980e-06
0091  2.58860e+18  4.63262e+03  2.96139e+06  6.98761e-18  0.00000e+00  0.00000e+00  5.86026e-06
0092  2.60600e+18  4.66499e+03  2.95962e+06  6.76422e-18  0.00000e+00  0.00000e+00  5.78229e-06
0093  2.62339e+18  4.69687e+03  2.95763e+06  6.54964e-18  0.00000e+00  0.00000e+00  5.70588e-06
0094  2.64078e+18  4.72827e+03  2.95542e+06  6.34346e-18  0.00000e+00  0.00000e+00  5.63097e-06
0095  2.65817e+18  4.75921e+03  2.95302e+06  6.14530e-18  0.00000e+00  0.00000e+00  5.55752e-06
0096  2.67557e+18  4.78969e+03  2.95042e+06  5.95480e-18  0.00000e+00  0.00000e+00  5.48550e-06
0097  2.69296e+18  4.81974e+03  2.94763e+06  5.77160e-18  0.00000e+00  0.00000e+00  5.41488e-06
0098  2.71035e+18  4.84936e+03  2.94466e+06  5.59538e-18  0.00000e+00  0.00000e+00  5.34560e-06
0099  2.72774e+18  4.87856e+03  2.94152e+06  5.42583e-18  0.00000e+00  0.00000e+00  5.27765e-06
0100  2.74513e+18  4.90735e+03  2.93822e+06  5.26265e-18  0.00000e+00  0.00000e+00  5.21099e-06
0101  2.76253e+18  4.93574e+03  2.93476e+06  5.10556e-18  0.00000e+00  0.00000e+00  5.14558e-06
0102  2.77992e+18  4.96375e+03  2.93114e+06  4.95429e-18  0.00000e+00  0.00000e+00  5.08140e-06
0103  2.79731e+18  4.99138e+03  2.92739e+06  4.80858e-18  0.00000e+00  0.00000e+00  5.01841e-06
0104  2.81470e+18  5.01863e+03  2.92349e+06  4.66820e-18  0.00000e+00  0.00000e+00  4.95658e-06
0105  2.83210e+18  5.04553e+03  2.91946e+06  4.53291e-18  0.00000e+00  0.00000e+00  4.89589e-06
0106  2.84949e+18  5.07206e+03  2.91531e+06  4.40250e-18  0.00000e+00  0.00000e+00  4.83630e-06
0107  2.86688e+18  5.09826e+03  2.91104e+06  4.27676e-18  0.00000e+00  0.00000e+00  4.77780e-06
0108  2.88427e+18  5.12411e+03  2.90665e+06  4.15549e-18  0.00000e+00  0.00000e+00  4.72035e-06
0109  2.90167e+18  5.14962e+03  2.90216e+06  4.03850e-18  0.00000e+00  0.00000e+00  4.66394e-06
0110  2.91906e+18  5.17481e+03  2.89756e+06  3.92561e-18  0.00000e+00  0.00000e+00  4.60853e-06
0111  2.93645e+18  5.19968e+03  2.89286e+06  3.81665e-18  0.00000e+00  0.00000e+00  4.55409e-06
0112  2.95384e+18  5.22424e+03  2.88807e+06  3.71146e-18  0.00000e+00  0.00000e+00  4.50062e-06
0113  2.97124e+18  5.24849e+03  2.88320e+06  3.60989e-18  0.00000e+00  0.00000e+00  4.44809e-06
0114  2.98863e+18  5.27244e+03  2.87823e+06  3.51178e-18  0.00000e+00  0.00000e+00  4.39647e-06
0115  3.00602e+18  5.29609e+03  2.87319e+06  3.41700e-18  0.00000e+00  0.00000e+00  4.34574e-06
0116  3.02341e+18  5.31946e+03  2.86807e+06  3.32540e-18  0.00000e+00  0.00000e+00  4.29588e-06
0117  3.04081e+18  5.34253e+03  2.86288e+06  3.23688e-18  0.00000e+00  0.00000e+00  4.24688e-06
0118  3.05820e+18  5.36533e+03  2.85762e+06  3.15129e-18  0.00000e+00  0.00000e+00  4.19872e-06
0119  3.07559e+18  5.38786e+03  2.85230e+06  3.06853e-18  0.00000e+00  0.00000e+00  4.15136e-06
0120  3.09298e+18  5.41012e+03  2.84691e+06  2.98848e-18  0.00000e+00  0.00000e+00  4.10481e-06
0121  3.11037e+18  5.43211e+03  2.84147e+06  2.91104e-18  0.00000e+00  0.00000e+00  4.05903e-06
0122  3.12777e+18  5.45385e+03  2.83597e+06  2.83610e-18  0.00000e+00  0.00000e+00  4.01401e-06
0123  3.14516e+18  5.47533e+03  2.83043e+06  2.76358e-18  0.00000e+00  0.00000e+00  3.96974e-06
0124  3.16255e+18  5.49657e+03  2.82481e+06  2.69124e-18  0.00000e+00  0.00000e+00  3.92620e-06
0125  3.17994e+18  5.51756e+03  2.81917e+06  2.62629e-18  0.00000e+00  0.00000e+00  3.88337e-06
0126  3.19734e+18  5.53830e+03  2.81352e+06  2.56326e-18  0.00000e+00  0.00000e+00  3.84123e-06
0127  3.21473e+18  5.55879e+03  2.80785e+06  2.50209e-18  0.00000e+00  0.00000e+00  3.79978e-06
0128  3.23212e+18  5.57903e+03  2.80217e+06  2.44272e-18  0.00000e+00  0.00000e+00  3.75900e-06
0129  3.24951e+18  5.59904e+03  2.79649e+06  2.38509e-18  0.00000e+00  0.00000e+00  3.71887e-06
0130  3.26691e+18  5.61881e+03  2.79079e+06  2.32913e-18  0.00000e+00  0.00000e+00  3.67938e-06
0131  3.28430e+18  5.63836e+03  2.78509e+06  2.27478e-18  0.00000e+00  0.00000e+00  3.64051e-06
0132  3.30169e+18  5.65769e+03  2.77939e+06  2.22200e-18  0.00000e+00  0.00000e+00  3.60226e-06
0133  3.31908e+18  5.67680e+03  2.77367e+06  2.17074e-18  0.00000e+00  0.00000e+00  3.56460e-06
0134  3.33648e+18  5.69570e+03  2.76795e+06  2.12093e-18  0.00000e+00  0.00000e+00  3.52754e-06
0135  3.35387e+18  5.71438e+03  2.76223e+06  2.07253e-18  0.00000e+00  0.00000e+00  3.49104e-06
0136  3.37126e+18  5.73287e+03  2.75650e+06  2.02549e-18  0.00000e+00  0.00000e+00  3.45512e-06
0137  3.38865e+18  5.75115e+03  2.75076e+06  1.97977e-18  0.00000e+00  0.00000e+00  3.41974e-06
0138  3.40605e+18  5.76924e+03  2.74501e+06  1.93533e-18  0.00000e+00  0.00000e+00  3.38491e-06
0139  3.42344e+18  5.78713e+03  2.73926e+06  1.89213e-18  0.00000e+00  0.00000e+00  3.35060e-06
0140  3.44083e+18  5.80482e+03  2.73350e+06  1.85012e-18  0.00000e+00  0.00000e+00  3.31681e-06
0141  3.45822e+18  5.82232e+03  2.72774e+06  1.80926e-18  0.00000e+00  0.00000e+00  3.28353e-06
0142  3.47562e+18  5.83963e+03  2.72197e+06  1.76952e-18  0.00000e+00  0.00000e+00  3.25075e-06
0143  3.49301e+18  5.85674e+03  2.71620e+06  1.73087e-18  0.00000e+00  0.00000e+00  3.21846e-06
0144  3.51040e+18  5.87366e+03  2.71043e+06  1.69327e-18  0.00000e+00  0.00000e+00  3.18665e-06
0145  3.52779e+18  5.89041e+03  2.70465e+06  1.65668e-18  0.00000e+00  0.00000e+00  3.15531e-06
0146  3.54519e+18  5.90697e+03  2.69887e+06  1.62107e-18  0.00000e+00  0.00000e+00  3.12442e-06
0147  3.56258e+18  5.92336e+03  2.69309e+06  1.58641e-18  0.00000e+00  0.00000e+00  3.09399e-06
0148  3.57997e+18  5.93959e+03  2.68731e+06  1.55267e-18  0.00000e+00  0.00000e+00  3.06400e-06
0149  3.59736e+18  5.95565e+03  2.68153e+06  1.51982e-18  0.00000e+00  0.00000e+00  3.03444e-06
0150  3.61476e+18  5.97155e+03  2.67575e+06  1.48783e-18  0.00000e+00  0.00000e+00  3.00531e-06
0151  3.63215e+18  5.98729e+03  2.66998e+06  1.45668e-18  0.00000e+00  0.00000e+00  2.97660e-06
0152  3.64954e+18  6.00288e+03  2.66421e+06  1.42634e-18  0.00000e+00  0.00000e+00  2.94830e-06
0153  3.66693e+18  6.01832e+03  2.65844e+06  1.39678e-18  0.00000e+00  0.00000e+00  2.92040e-06
0154  3.68432e+18  6.03361e+03  2.65268e+06  1.36798e-18  0.00000e+00  0.00000e+00  2.89289e-06
0155  3.70172e+18  6.04875e+03  2.64692e+06  1.33992e-18  0.00000e+00  0.00000e+00  2.86577e-06
0156  3.71911e+18  6.06375e+03  2.64117e+06  1.31257e-18  0.00000e+00  0.00000e+00  2.83903e-06
0157  3.73650e+18  6.07861e+03  2.63543e+06  1.28591e-18  0.00000e+00  0.00000e+00  2.81266e-06
0158  3.75389e+18  6.09333e+03  2.62970e+06  1.25993e-18  0.00000e+00  0.00000e+00  2.78666e-06
0159  3.77129e+18  6.10791e+03  2.62397e+06  1.23460e-18  0.00000e+00  0.00000e+00  2.76101e-06
0160  3.78868e+18  6.12235e+03  2.61825e+06  1.20990e-18  0.00000e+00  0.00000e+00  2.73572e-06
0161  3.80607e+18  6.13666e+03  2.61253e+06  1.18582e-18  0.00000e+00  0.00000e+00  2.71078e-06
0162  3.82346e+18  6.15083e+03  2.60683e+06  1.16233e-18  0.00000e+00  0.00000e+00  2.68617e-06
0163  3.84086e+18  6.16487e+03  2.60113e+06  1.13942e-18  0.00000e+00  0.00000e+00  2.66190e-06
0164  3.85825e+18  6.17879e+03  2.59544e+06  1.11707e-18  0.00000e+00  0.00000e+00  2.63795e-06
0165  3.87564e+18  6.19257e+03  2.58976e+06  1.09527e-18  0.00000e+00  0.00000e+00  2.61433e-06
0166  3.89303e+18  6.20623e+03  2.58409e+06  1.07400e-18  0.00000e+00  0.00000e+00  2.59102e-06
0167  3.91043e+18  6.21976e+03  2.57842e+06  1.05324e-18  0.00000e+00  0.00000e+00  2.56803e-06
0168  3.92782e+18  6.23318e+03  2.57277e+06  1.03298e-18  0.00000e+00  0.00000e+00  2.54533e-06
0169  3.94521e+18  6.24648e+03  2.56713e+06  1.01320e-18  0.00000e+00  0.00000e+00  2.52294e-06
0170  3.96260e+18  6.25966e+03  2.56150e+06  9.93893e-19  0.00000e+00  0.00000e+00  2.50084e-06
0171  3.98000e+18  6.27273e+03  2.55589e+06  9.75045e-19  0.00000e+00  0.00000e+00  2.47903e-06
0172  3.99739e+18  6.28568e+03  2.55028e+06  9.56641e-19  0.00000e+00  0.00000e+00  2.45751e-06
0173  4.01478e+18  6.29852e+03  2.54469e+06  9.38669e-19  0.00000e+00  0.00000e+00  2.43626e-06
0174  4.03217e+18  6.31125e+03  2.53911e+06  9.21118e-19  0.00000e+00  0.00000e+00  2.41529e-06
0175  4.04957e+18  6.32388e+03  2.53354e+06  9.03468e-19  0.00000e+00  0.00000e+00  2.39459e-06
0176  4.06696e+18  6.33639e+03  2.52798e+06  8.86708e-19  0.00000e+00  0.00000e+00  2.37415e-06
0177  4.08435e+18  6.34880e+03  2.52242e+06  8.70336e-19  0.00000e+00  0.00000e+00  2.35397e-06
0178  4.10174e+18  6.36110e+03  2.51689e+06  8.54339e-19  0.00000e+00  0.00000e+00  2.33405e-06
0179  4.11914e+18  6.37330e+03  2.51136e+06  8.38709e-19  0.00000e+00  0.00000e+00  2.31438e-06
0180  4.13653e+18  6.38540e+03  2.50585e+06  8.23434e-19  0.00000e+00  0.00000e+00  2.29496e-06
0181  4.15392e+18  6.39739e+03  2.50035e+06  8.08506e-19  0.00000e+00  0.00000e+00  2.27578e-06
0182  4.17131e+18  6.40929e+03  2.49486e+06  7.93914e-19  0.00000e+00  0.00000e+00  2.25685e-06
0183  4.18871e+18  6.42108e+03  2.48939e+06  7.79651e-19  0.00000e+00  0.00000e+00  2.23814e-06
0184  4.20610e+18  6.43278e+03  2.48393e+06  7.65706e-19  0.00000e+00  0.00000e+00  2.21967e-06
0185  4.22349e+18  6.44439e+03  2.47849e+06  7.52072e-19  0.00000e+00  0.00000e+00  2.20143e-06
0186  4.24088e+18  6.45590e+03  2.47306e+06  7.38741e-19  0.00000e+00  0.00000e+00  2.18341e-06
0187  4.25828e+18  6.46731e+03  2.46765e+06  7.25703e-19  0.00000e+00  0.00000e+00  2.16561e-06
0188  4.27567e+18  6.47864e+03  2.46225e+06  7.12952e-19  0.00000e+00  0.00000e+00  2.14803e-06
0189  4.29306e+18  6.48987e+03  2.45686e+06  7.00480e-19  0.00000e+00  0.00000e+00  2.13066e-06
0190  4.31045e+18  6.50101e+03  2.45149e+06  6.88280e-19  0.00000e+00  0.00000e+00  2.11350e-06
0191  4.32785e+18  6.51207e+03  2.44614e+06  6.76344e-19  0.00000e+00  0.00000e+00  2.09654e-06
0192  4.34524e+18  6.52304e+03  2.44080e+06  6.64666e-19  0.00000e+00  0.00000e+00  2.07979e-06
0193  4.36263e+18  6.53392e+03  2.43547e+06  6.53240e-19  0.00000e+00  0.00000e+00  2.06324e-06
0194  4.38002e+18  6.54471e+03  2.43016e+06  6.42058e-19  0.00000e+00  0.00000e+00  2.04689e-06
0195  4.39742e+18  6.55542e+03  2.42487e+06  6.31115e-19  0.00000e+00  0.00000e+00  2.03073e-06
0196  4.41481e+18  6.56604e+03  2.41959e+06  6.20404e-19  0.00000e+00  0.00000e+00  2.01476e-06
0197  4.43220e+18  6.57658e+03  2.41433e+06  6.09920e-19  0.00000e+00  0.00000e+00  1.99898e-06
0198  4.44959e+18  6.58704e+03  2.40908e+06  5.99656e-19  0.00000e+00  0.00000e+00  1.98339e-06
0199  4.46699e+18  6.59742e+03  2.40385e+06  5.89644e-19  0.00000e+00  0.00000e+00  1.96797e-06
0200  4.48438e+18  6.60772e+03  2.39864e+06  5.79891e-19  0.00000e+00  0.00000e+00  1.95273e-06
0201  4.50177e+18  6.61794e+03  2.39344e+06  5.70339e-19  0.00000e+00  0.00000e+00  1.93768e-06
0202  4.51916e+18  6.62808e+03  2.38827e+06  5.60983e-19  0.00000e+00  0.00000e+00  1.92279e-06
0203  4.53655e+18  6.63814e+03  2.38311e+06  5.51818e-19  0.00000e+00  0.00000e+00  1.90807e-06
0204  4.55395e+18  6.64813e+03  2.37796e+06  5.42839e-19  0.00000e+00  0.00000e+00  1.89353e-06
0205  4.57134e+18  6.65804e+03  2.37284e+06  5.34041e-19  0.00000e+00  0.00000e+00  1.87915e-06
0206  4.58873e+18  6.66788e+03  2.36773e+06  5.25422e-19  0.00000e+00  0.00000e+00  1.86493e-06
0207  4.60612e+18  6.67764e+03  2.36264e+06  5.16975e-19  0.00000e+00  0.00000e+00  1.85087e-06
0208  4.62352e+18  6.68733e+03  2.35757e+06  5.08698e-19  0.00000e+00  0.00000e+00  1.83697e-06
0209  4.64091e+18  6.69695e+03  2.35252e+06  5.00585e-19  0.00000e+00  0.00000e+00  1.82323e-06
0210  4.65830e+18  6.70649e+03  2.34748e+06  4.92634e-19  0.00000e+00  0.00000e+00  1.80964e-06
0211  4.67569e+18  6.71597e+03  2.34246e+06  4.84839e-19  0.00000e+00  0.00000e+00  1.79620e-06
0212  4.69309e+18  6.72537e+03  2.33746e+06  4.77199e-19  0.00000e+00  0.00000e+00  1.78291e-06
0213  4.71048e+18  6.73471e+03  2.33248e+06  4.69708e-19  0.00000e+00  0.00000e+00  1.76977e-06
0214  4.72787e+18  6.74398e+03  2.32751e+06  4.62364e-19  0.00000e+00  0.00000e+00  1.75678e-06
0215  4.74526e+18  6.75318e+03  2.32256e+06  4.55162e-19  0.00000e+00  0.00000e+00  1.74392e-06
0216  4.76266e+18  6.76232e+03  2.31763e+06  4.48101e-19  0.00000e+00  0.00000e+00  1.73121e-06
0217  4.78005e+18  6.77139e+03  2.31272e+06  4.41175e-19  0.00000e+00  0.00000e+00  1.71863e-06
0218  4.79744e+18  6.78039e+03  2.30782e+06  4.34384e-19  0.00000e+00  0.00000e+00  1.70619e-06
0219  4.81483e+18  6.78933e+03  2.30294e+06  4.27722e-19  0.00000e+00  0.00000e+00  1.69389e-06
0220  4.83223e+18  6.79821e+03  2.29808e+06  4.21187e-19  0.00000e+00  0.00000e+00  1.68172e-06
0221  4.84962e+18  6.80702e+03  2.29323e+06  4.14777e-19  0.00000e+00  0.00000e+00  1.66968e-06
0222  4.86701e+18  6.81577e+03  2.28841e+06  4.08489e-19  0.00000e+00  0.00000e+00  1.65776e-06
0223  4.88440e+18  6.82446e+03  2.28360e+06  4.02319e-19  0.00000e+00  0.00000e+00  1.64598e-06
0224  4.90180e+18  6.83309e+03  2.27881e+06  3.96265e-19  0.00000e+00  0.00000e+00  1.63432e-06
0225  4.91919e+18  6.84166e+03  2.27403e+06  3.90325e-19  0.00000e+00  0.00000e+00  1.62278e-06
0226  4.93658e+18  6.85017e+03  2.26927e+06  3.84496e-19  0.00000e+00  0.00000e+00  1.61137e-06
0227  4.95397e+18  6.85862e+03  2.26453e+06  3.78775e-19  0.00000e+00  0.00000e+00  1.60007e-06
0228  4.97137e+18  6.86702e+03  2.25981e+06  3.73161e-19  0.00000e+00  0.00000e+00  1.58890e-06
0229  4.98876e+18  6.87535e+03  2.25510e+06  3.67650e-19  0.00000e+00  0.00000e+00  1.57784e-06
0230  5.00615e+18  6.88363e+03  2.25041e+06  3.62240e-19  0.00000e+00  0.00000e+00  1.56689e-06
0231  5.02354e+18  6.89185e+03  2.24574e+06  3.56930e-19  0.00000e+00  0.00000e+00  1.55606e-06
0232  5.04094e+18  6.90002e+03  2.24109e+06  3.51716e-19  0.00000e+00  0.00000e+00  1.54534e-06
0233  5.05833e+18  6.90813e+03  2.23645e+06  3.46598e-19  0.00000e+00  0.00000e+00  1.53474e-06
0234  5.07572e+18  6.91619e+03  2.23183e+06  3.41573e-19  0.00000e+00  0.00000e+00  1.52424e-06
0235  5.09311e+18  6.92419e+03  2.22722e+06  3.36638e-19  0.00000e+00  0.00000e+00  1.51384e-06
0236  5.11051e+18  6.93214e+03  2.22263e+06  3.31792e-19  0.00000e+00  0.00000e+00  1.50356e-06
0237  5.12790e+18  6.94004e+03  2.21806e+06  3.27033e-19  0.00000e+00  0.00000e+00  1.49337e-06
0238  5.14529e+18  6.94788e+03  2.21351e+06  3.22359e-19  0.00000e+00  0.00000e+00  1.48330e-06
0239  5.16268e+18  6.95567e+03  2.20897e+06  3.17769e-19  0.00000e+00  0.00000e+00  1.47332e-06
0240  5.18008e+18  6.96341e+03  2.20445e+06  3.13260e-19  0.00000e+00  0.00000e+00  1.46344e-06
0241  5.19747e+18  6.97110e+03  2.19994e+06  3.08831e-19  0.00000e+00  0.00000e+00  1.45366e-06
0242  5.21486e+18  6.97874e+03  2.19546e+06  3.04480e-19  0.00000e+00  0.00000e+00  1.44398e-06
0243  5.23225e+18  6.98633e+03  2.19099e+06  3.00205e-19  0.00000e+00  0.00000e+00  1.43440e-06
0244  5.24965e+18  6.99386e+03  2.18653e+06  2.96005e-19  0.00000e+00  0.00000e+00  1.42491e-06
0245  5.26704e+18  7.00135e+03  2.18209e+06  2.91879e-19  0.00000e+00  0.00000e+00  1.41552e-06
0246  5.28443e+18  7.00878e+03  2.17767e+06  2.87824e-19  0.00000e+00  0.00000e+00  1.40621e-06
0247  5.30182e+18  7.01617e+03  2.17327e+06  2.83840e-19  0.00000e+00  0.00000e+00  1.39700e-06
0248  5.31922e+18  7.02350e+03  2.16888e+06  2.79925e-19  0.00000e+00  0.00000e+00  1.38788e-06
0249  5.33661e+18  7.03079e+03  2.16451e+06  2.76077e-19  0.00000e+00  0.00000e+00  1.37885e-06
0250  5.35400e+18  7.03803e+03  2.16016e+06  2.72294e-19  0.00000e+00  0.00000e+00  1.36991e-06
0251  5.37139e+18  7.04522e+03  2.15582e+06  2.68575e-19  0.00000e+00  0.00000e+00  1.36105e-06
0252  5.38879e+18  7.05236e+03  2.15150e+06  2.64920e-19  0.00000e+00  0.00000e+00  1.35228e-06
0253  5.40618e+18  7.05946e+03  2.14719e+06  2.61327e-19  0.00000e+00  0.00000e+00  1.34359e-06
0254  5.42357e+18  7.06651e+03  2.14290e+06  2.57795e-19  0.00000e+00  0.00000e+00  1.33499e-06
0255  5.44096e+18  7.07353e+03  2.13863e+06  2.54322e-19  0.00000e+00  0.00000e+00  1.32647e-06
0256  5.45836e+18  7.08050e+03  2.13437e+06  2.50907e-19  0.00000e+00  0.00000e+00  1.31803e-06
0257  5.47575e+18  7.08743e+03  2.13013e+06  2.47550e-19  0.00000e+00  0.00000e+00  1.30967e-06
0258  5.49314e+18  7.09432e+03  2.12590e+06  2.44248e-19  0.00000e+00  0.00000e+00  1.30139e-06
0259  5.51053e+18  7.10117e+03  2.12168e+06  2.41002e-19  0.00000e+00  0.00000e+00  1.29318e-06
0260  5.52793e+18  7.10798e+03  2.11748e+06  2.37809e-19  0.00000e+00  0.00000e+00  1.28506e-06
0261  5.54532e+18  7.11475e+03  2.11330e+06  2.34668e-19  0.00000e+00  0.00000e+00  1.27701e-06
0262  5.56271e+18  7.12149e+03  2.10913e+06  2.31580e-19  0.00000e+00  0.00000e+00  1.26904e-06
0263  5.58010e+18  7.12818e+03  2.10497e+06  2.28542e-19  0.00000e+00  0.00000e+00  1.26114e-06
0264  5.59750e+18  7.13484e+03  2.10083e+06  2.25554e-19  0.00000e+00  0.00000e+00  1.25331e-06
0265  5.61489e+18  7.14146e+03  2.09671e+06  2.22614e-19  0.00000e+00  0.00000e+00  1.24556e-06
0266  5.63228e+18  7.14803e+03  2.09260e+06  2.19722e-19  0.00000e+00  0.00000e+00  1.23788e-06
0267  5.64967e+18  7.15456e+03  2.08850e+06  2.16878e-19  0.00000e+00  0.00000e+00  1.23027e-06
0268  5.66707e+18  7.16106e+03  2.08442e+06  2.14079e-19  0.00000e+00  0.00000e+00  1.22273e-06
0269  5.68446e+18  7.16751e+03  2.08036e+06  2.11325e-19  0.00000e+00  0.00000e+00  1.21526e-06
0270  5.70185e+18  7.17392e+03  2.07631e+06  2.08616e-19  0.00000e+00  0.00000e+00  1.20786e-06
0271  5.71924e+18  7.18029e+03  2.07227e+06  2.05950e-19  0.00000e+00  0.00000e+00  1.20052e-06
0272  5.73664e+18  7.18662e+03  2.06825e+06  2.03327e-19  0.00000e+00  0.00000e+00  1.19325e-06
0273  5.75403e+18  7.19291e+03  2.06425e+06  2.00745e-19  0.00000e+00  0.00000e+00  1.18605e-06
0274  5.77142e+18  7.19917e+03  2.06026e+06  1.98205e-19  0.00000e+00  0.00000e+00  1.17891e-06
0275  5.78881e+18  7.20539e+03  2.05628e+06  1.95704e-19  0.00000e+00  0.00000e+00  1.17184e-06
0276  5.80620e+18  7.21157e+03  2.05232e+06  1.93243e-19  0.00000e+00  0.00000e+00  1.16483e-06
0277  5.82360e+18  7.21771e+03  2.04837e+06  1.90820e-19  0.00000e+00  0.00000e+00  1.15788e-06
0278  5.84099e+18  7.22382e+03  2.04443e+06  1.88436e-19  0.00000e+00  0.00000e+00  1.15100e-06
0279  5.85838e+18  7.22990e+03  2.04051e+06  1.86088e-19  0.00000e+00  0.00000e+00  1.14417e-06
0280  5.87577e+18  7.23594e+03  2.03661e+06  1.83777e-19  0.00000e+00  0.00000e+00  1.13741e-06
0281  5.89317e+18  7.24195e+03  2.03272e+06  1.81502e-19  0.00000e+00  0.00000e+00  1.13071e-06
0282  5.91056e+18  7.24793e+03  2.02884e+06  1.79262e-19  0.00000e+00  0.00000e+00  1.12406e-06
0283  5.92795e+18  7.25387e+03  2.02498e+06  1.77056e-19  0.00000e+00  0.00000e+00  1.11748e-06
0284  5.94534e+18  7.25978e+03  2.02114e+06  1.74885e-19  0.00000e+00  0.00000e+00  1.11095e-06
0285  5.96274e+18  7.26566e+03  2.01730e+06  1.72746e-19  0.00000e+00  0.00000e+00  1.10448e-06
0286  5.98013e+18  7.27151e+03  2.01349e+06  1.70640e-19  0.00000e+00  0.00000e+00  1.09806e-06
0287  5.99752e+18  7.27732e+03  2.00968e+06  1.68566e-19  0.00000e+00  0.00000e+00  1.09170e-06
0288  6.01491e+18  7.28311e+03  2.00589e+06  1.66524e-19  0.00000e+00  0.00000e+00  1.08540e-06
0289  6.03231e+18  7.28886e+03  2.00212e+06  1.64512e-19  0.00000e+00  0.00000e+00  1.07915e-06
0290  6.04970e+18  7.29458e+03  1.99836e+06  1.62531e-19  0.00000e+00  0.00000e+00  1.07295e-06
0291  6.06709e+18  7.30027e+03  1.99461e+06  1.60579e-19  0.00000e+00  0.00000e+00  1.06681e-06
0292  6.08448e+18  7.30593e+03  1.99088e+06  1.58657e-19  0.00000e+00  0.00000e+00  1.06072e-06
0293  6.10188e+18  7.31155e+03  1.98716e+06  1.56763e-19  0.00000e+00  0.00000e+00  1.05468e-06
0294  6.11927e+18  7.31715e+03  1.98345e+06  1.54898e-19  0.00000e+00  0.00000e+00  1.04869e-06
0295  6.13666e+18  7.32271e+03  1.97976e+06  1.53060e-19  0.00000e+00  0.00000e+00  1.04276e-06
0296  6.15405e+18  7.32824e+03  1.97607e+06  1.51250e-19  0.00000e+00  0.00000e+00  1.03687e-06
0297  6.17145e+18  7.33374e+03  1.97241e+06  1.49467e-19  0.00000e+00  0.00000e+00  1.03104e-06
0298  6.18884e+18  7.33921e+03  1.96875e+06  1.47709e-19  0.00000e+00  0.00000e+00  1.02525e-06
0299  6.20623e+18  7.34465e+03  1.96511e+06  1.45978e-19  0.00000e+00  0.00000e+00  1.01951e-06
0300  6.22362e+18  7.35006e+03  1.96148e+06  1.44272e-19  0.00000e+00  0.00000e+00  1.01382e-06
0301  6.24102e+18  7.35544e+03  1.95787e+06  1.42590e-19  0.00000e+00  0.00000e+00  1.00818e-06
0302  6.25841e+18  7.36079e+03  1.95427e+06  1.40934e-19  0.00000e+00  0.00000e+00  1.00258e-06
0303  6.27580e+18  7.36611e+03  1.95068e+06  1.39301e-19  0.00000e+00  0.00000e+00  9.97032e-07
0304  6.29319e+18  7.37141e+03  1.94710e+06  1.37692e-19  0.00000e+00  0.00000e+00  9.91529e-07
0305  6.31059e+18  7.37667e+03  1.94354e+06  1.36106e-19  0.00000e+00  0.00000e+00  9.86071e-07
0306  6.32798e+18  7.38191e+03  1.93999e+06  1.34543e-19  0.00000e+00  0.00000e+00  9.80658e-07
0307  6.34537e+18  7.38712e+03  1.93645e+06  1.33002e-19  0.00000e+00  0.00000e+00  9.75289e-07
0308  6.36276e+18  7.39230e+03  1.93292e+06  1.31483e-19  0.00000e+00  0.00000e+00  9.69965e-07
0309  6.38016e+18  7.39746e+03  1.92941e+06  1.29986e-19  0.00000e+00  0.00000e+00  9.64684e-07
0310  6.39755e+18  7.40259e+03  1.92591e+06  1.28511e-19  0.00000e+00  0.00000e+00  9.59445e-07
0311  6.41494e+18  7.40769e+03  1.92242e+06  1.27056e-19  0.00000e+00  0.00000e+00  9.54250e-07
0312  6.43233e+18  7.41276e+03  1.91895e+06  1.25622e-19  0.00000e+00  0.00000e+00  9.49097e-07
0313  6.44973e+18  7.41781e+03  1.91549e+06  1.24208e-19  0.00000e+00  0.00000e+00  9.43985e-07
0314  6.46712e+18  7.42283e+03  1.91204e+06  1.22814e-19  0.00000e+00  0.00000e+00  9.38914e-07
0315  6.48451e+18  7.42782e+03  1.90860e+06  1.21439e-19  0.00000e+00  0.00000e+00  9.33884e-07
0316  6.50190e+18  7.43279e+03  1.90517e+06  1.20084e-19  0.00000e+00  0.00000e+00  9.28895e-07
0317  6.51930e+18  7.43773e+03  1.90176e+06  1.18747e-19  0.00000e+00  0.00000e+00  9.23945e-07
0318  6.53669e+18  7.44265e+03  1.89836e+06  1.17430e-19  0.00000e+00  0.00000e+00  9.19035e-07
0319  6.55408e+18  7.44754e+03  1.89497e+06  1.16130e-19  0.00000e+00  0.00000e+00  9.14164e-07
0320  6.57147e+18  7.45240e+03  1.89159e+06  1.14848e-19  0.00000e+00  0.00000e+00  9.09331e-07
0321  6.58887e+18  7.45725e+03  1.88822e+06  1.13584e-19  0.00000e+00  0.00000e+00  9.04537e-07
0322  6.60626e+18  7.46206e+03  1.88487e+06  1.12338e-19  0.00000e+00  0.00000e+00  8.99780e-07
0323  6.62365e+18  7.46685e+03  1.88153e+06  1.11108e-19  0.00000e+00  0.00000e+00  8.95061e-07
0324  6.64104e+18  7.47162e+03  1.87820e+06  1.09896e-19  0.00000e+00  0.00000e+00  8.90379e-07
0325  6.65844e+18  7.47636e+03  1.87488e+06  1.08699e-19  0.00000e+00  0.00000e+00  8.85733e-07
0326  6.67583e+18  7.48108e+03  1.87157e+06  1.07520e-19  0.00000e+00  0.00000e+00  8.81124e-07
0327  6.69322e+18  7.48578e+03  1.86828e+06  1.06356e-19  0.00000e+00  0.00000e+00  8.76551e-07
0328  6.71061e+18  7.49045e+03  1.86500e+06  1.05208e-19  0.00000e+00  0.00000e+00  8.72013e-07
0329  6.72801e+18  7.49510e+03  1.86172e+06  1.04075e-19  0.00000e+00  0.00000e+00  8.67511e-07
0330  6.74540e+18  7.49972e+03  1.85846e+06  1.02958e-19  0.00000e+00  0.00000e+00  8.63043e-07
0331  6.76279e+18  7.50432e+03  1.85521e+06  1.01855e-19  0.00000e+00  0.00000e+00  8.58609e-07
0332  6.78018e+18  7.50890e+03  1.85198e+06  1.00768e-19  0.00000e+00  0.00000e+00  8.54210e-07
0333  6.79758e+18  7.51345e+03  1.84875e+06  9.96944e-20  0.00000e+00  0.00000e+00  8.49844e-07
0334  6.81497e+18  7.51799e+03  1.84554e+06  9.86355e-20  0.00000e+00  0.00000e+00  8.45512e-07
0335  6.83236e+18  7.52250e+03  1.84233e+06  9.75842e-20  0.00000e+00  0.00000e+00  8.41213e-07
0336  6.84975e+18  7.52698e+03  1.83914e+06  9.65521e-20  0.00000e+00  0.00000e+00  8.36946e-07
0337  6.86715e+18  7.53145e+03  1.83596e+06  9.55336e-20  0.00000e+00  0.00000e+00  8.32712e-07
0338  6.88454e+18  7.53589e+03  1.83278e+06  9.45285e-20  0.00000e+00  0.00000e+00  8.28510e-07
0339  6.90193e+18  7.54031e+03  1.82962e+06  9.35367e-20  0.00000e+00  0.00000e+00  8.24340e-07
0340  6.91932e+18  7.54471e+03  1.82648e+06  9.25578e-20  0.00000e+00  0.00000e+00  8.20201e-07
0341  6.93672e+18  7.54909e+03  1.82334e+06  9.15918e-20  0.00000e+00  0.00000e+00  8.16093e-07
0342  6.95411e+18  7.55345e+03  1.82021e+06  9.06383e-20  0.00000e+00  0.00000e+00  8.12016e-07
0343  6.97150e+18  7.55779e+03  1.81709e+06  8.96973e-20  0.00000e+00  0.00000e+00  8.07970e-07
0344  6.98889e+18  7.56210e+03  1.81399e+06  8.87684e-20  0.00000e+00  0.00000e+00  8.03953e-07
0345  7.00629e+18  7.56640e+03  1.81089e+06  8.78516e-20  0.00000e+00  0.00000e+00  7.99967e-07
0346  7.02368e+18  7.57067e+03  1.80781e+06  8.69466e-20  0.00000e+00  0.00000e+00  7.96010e-07
0347  7.04107e+18  7.57492e+03  1.80473e+06  8.60532e-20  0.00000e+00  0.00000e+00  7.92082e-07
0348  7.05846e+18  7.57915e+03  1.80167e+06  8.51713e-20  0.00000e+00  0.00000e+00  7.88183e-07
0349  7.07586e+18  7.58337e+03  1.79861e+06  8.43007e-20  0.00000e+00  0.00000e+00  7.84313e-07
0350  7.09325e+18  7.58756e+03  1.79557e+06  8.34413e-20  0.00000e+00  0.00000e+00  7.80472e-07
0351  7.11064e+18  7.59173e+03  1.79254e+06  8.25927e-20  0.00000e+00  0.00000e+00  7.76658e-07
0352  7.12803e+18  7.59588e+03  1.78952e+06  8.17550e-20  0.00000e+00  0.00000e+00  7.72873e-07
0353  7.14543e+18  7.60001e+03  1.78650e+06  8.09279e-20  0.00000e+00  0.00000e+00  7.69115e-07
0354  7.16282e+18  7.60413e+03  1.78350e+06  8.01112e-20  0.00000e+00  0.00000e+00  7.65385e-07
0355  7.18021e+18  7.60822e+03  1.78051e+06  7.93048e-20  0.00000e+00  0.00000e+00  7.61681e-07
0356  7.19760e+18  7.61229e+03  1.77753e+06  7.85086e-20  0.00000e+00  0.00000e+00  7.58004e-07
0357  7.21500e+18  7.61635e+03  1.77456e+06  7.77224e-20  0.00000e+00  0.00000e+00  7.54354e-07
0358  7.23239e+18  7.62038e+03  1.77160e+06  7.69460e-20  0.00000e+00  0.00000e+00  7.50731e-07
0359  7.24978e+18  7.62440e+03  1.76864e+06  7.61793e-20  0.00000e+00  0.00000e+00  7.47133e-07
0360  7.26717e+18  7.62840e+03  1.76570e+06  7.54221e-20  0.00000e+00  0.00000e+00  7.43561e-07
0361  7.28457e+18  7.63237e+03  1.76277e+06  7.46744e-20  0.00000e+00  0.00000e+00  7.40015e-07
0362  7.30196e+18  7.63634e+03  1.75985e+06  7.39359e-20  0.00000e+00  0.00000e+00  7.36493e-07
0363  7.31935e+18  7.64028e+03  1.75694e+06  7.32065e-20  0.00000e+00  0.00000e+00  7.32997e-07
0364  7.33674e+18  7.64420e+03  1.75403e+06  7.24861e-20  0.00000e+00  0.00000e+00  7.29526e-07
0365  7.35414e+18  7.64811e+03  1.75114e+06  7.17746e-20  0.00000e+00  0.00000e+00  7.26080e-07
0366  7.37153e+18  7.65199e+03  1.74826e+06  7.10718e-20  0.00000e+00  0.00000e+00  7.22658e-07
0367  7.38892e+18  7.65586e+03  1.74538e+06  7.03777e-20  0.00000e+00  0.00000e+00  7.19259e-07
0368  7.40631e+18  7.65971e+03  1.74252e+06  6.96920e-20  0.00000e+00  0.00000e+00  7.15885e-07
0369  7.42371e+18  7.66355e+03  1.73967e+06  6.90146e-20  0.00000e+00  0.00000e+00  7.12535e-07
0370  7.44110e+18  7.66736e+03  1.73682e+06  6.83455e-20  0.00000e+00  0.00000e+00  7.09208e-07
0371  7.45849e+18  7.67116e+03  1.73399e+06  6.76845e-20  0.00000e+00  0.00000e+00  7.05904e-07
0372  7.47588e+18  7.67494e+03  1.73116e+06  6.70314e-20  0.00000e+00  0.00000e+00  7.02623e-07
0373  7.49328e+18  7.67871e+03  1.72834e+06  6.63863e-20  0.00000e+00  0.00000e+00  6.99365e-07
0374  7.51067e+18  7.68246e+03  1.72554e+06  6.57489e-20  0.00000e+00  0.00000e+00  6.96130e-07
0375  7.52806e+18  7.68619e+03  1.72274e+06  6.51191e-20  0.00000e+00  0.00000e+00  6.92917e-07
0376  7.54545e+18  7.68990e+03  1.71995e+06  6.44969e-20  0.00000e+00  0.00000e+00  6.89727e-07
0377  7.56285e+18  7.69360e+03  1.71717e+06  6.38822e-20  0.00000e+00  0.00000e+00  6.86558e-07
0378  7.58024e+18  7.69728e+03  1.71440e+06  6.32747e-20  0.00000e+00  0.00000e+00  6.83411e-07
0379  7.59763e+18  7.70094e+03  1.71164e+06  6.26745e-20  0.00000e+00  0.00000e+00  6.80286e-07
0380  7.61502e+18  7.70459e+03  1.70889e+06  6.20814e-20  0.00000e+00  0.00000e+00  6.77182e-07
0381  7.63242e+18  7.70822e+03  1.70614e+06  6.14953e-20  0.00000e+00  0.00000e+00  6.74099e-07
0382  7.64981e+18  7.71183e+03  1.70341e+06  6.09161e-20  0.00000e+00  0.00000e+00  6.71037e-07
0383  7.66720e+18  7.71543e+03  1.70068e+06  6.03438e-20  0.00000e+00  0.00000e+00  6.67996e-07
0384  7.68459e+18  7.71901e+03  1.69797e+06  5.97781e-20  0.00000e+00  0.00000e+00  6.64976e-07
0385  7.70199e+18  7.72258e+03  1.69526e+06  5.92191e-20  0.00000e+00  0.00000e+00  6.61976e-07
0386  7.71938e+18  7.72613e+03  1.69256e+06  5.86667e-20  0.00000e+00  0.00000e+00  6.58996e-07
0387  7.73677e+18  7.72966e+03  1.68987e+06  5.81206e-20  0.00000e+00  0.00000e+00  6.56037e-07
0388  7.75416e+18  7.73318e+03  1.68719e+06  5.75810e-20  0.00000e+00  0.00000e+00  6.53097e-07
0389  7.77156e+18  7.73669e+03  1.68451e+06  5.70476e-20  0.00000e+00  0.00000e+00  6.50177e-07
0390  7.78895e+18  7.74017e+03  1.68185e+06  5.65203e-20  0.00000e+00  0.00000e+00  6.47277e-07
0391  7.80634e+18  7.74365e+03  1.67920e+06  5.59992e-20  0.00000e+00  0.00000e+00  6.44396e-07
0392  7.82373e+18  7.74710e+03  1.67655e+06  5.54841e-20  0.00000e+00  0.00000e+00  6.41534e-07
0393  7.84113e+18  7.75055e+03  1.67391e+06  5.49749e-20  0.00000e+00  0.00000e+00  6.38691e-07
0394  7.85852e+18  7.75397e+03  1.67128e+06  5.44715e-20  0.00000e+00  0.00000e+00  6.35867e-07
0395  7.87591e+18  7.75739e+03  1.66866e+06  5.39739e-20  0.00000e+00  0.00000e+00  6.33062e-07
0396  7.89330e+18  7.76078e+03  1.66605e+06  5.34820e-20  0.00000e+00  0.00000e+00  6.30275e-07
0397  7.91070e+18  7.76417e+03  1.66344e+06  5.29957e-20  0.00000e+00  0.00000e+00  6.27507e-07
0398  7.92809e+18  7.76754e+03  1.66084e+06  5.25149e-20  0.00000e+00  0.00000e+00  6.24756e-07
0399  7.94548e+18  7.77089e+03  1.65826e+06  5.20396e-20  0.00000e+00  0.00000e+00  6.22024e-07
0400  7.96287e+18  7.77423e+03  1.65568e+06  5.15696e-20  0.00000e+00  0.00000e+00  6.19310e-07
0401  7.98027e+18  7.77755e+03  1.65311e+06  5.11050e-20  0.00000e+00  0.00000e+00  6.16613e-07
0402  7.99766e+18  7.78086e+03  1.65054e+06  5.06456e-20  0.00000e+00  0.00000e+00  6.13934e-07
0403  8.01505e+18  7.78416e+03  1.64799e+06  5.01913e-20  0.00000e+00  0.00000e+00  6.11273e-07
0404  8.03244e+18  7.78744e+03  1.64544e+06  4.97422e-20  0.00000e+00  0.00000e+00  6.08629e-07
0405  8.04984e+18  7.79071e+03  1.64290e+06  4.92981e-20  0.00000e+00  0.00000e+00  6.06001e-07
0406  8.06723e+18  7.79397e+03  1.64037e+06  4.88589e-20  0.00000e+00  0.00000e+00  6.03391e-07
0407  8.08462e+18  7.79721e+03  1.63785e+06  4.84246e-20  0.00000e+00  0.00000e+00  6.00798e-07
0408  8.10201e+18  7.80043e+03  1.63533e+06  4.79952e-20  0.00000e+00  0.00000e+00  5.98221e-07
0409  8.11940e+18  7.80364e+03  1.63282e+06  4.75705e-20  0.00000e+00  0.00000e+00  5.95661e-07
0410  8.13680e+18  7.80684e+03  1.63033e+06  4.71505e-20  0.00000e+00  0.00000e+00  5.93117e-07
0411  8.15419e+18  7.81003e+03  1.62783e+06  4.67352e-20  0.00000e+00  0.00000e+00  5.90590e-07
0412  8.17158e+18  7.81320e+03  1.62535e+06  4.63244e-20  0.00000e+00  0.00000e+00  5.88078e-07
0413  8.18897e+18  7.81636e+03  1.62288e+06  4.59182e-20  0.00000e+00  0.00000e+00  5.85583e-07
0414  8.20637e+18  7.81951e+03  1.62041e+06  4.55164e-20  0.00000e+00  0.00000e+00  5.83104e-07
0415  8.22376e+18  7.82264e+03  1.61795e+06  4.51190e-20  0.00000e+00  0.00000e+00  5.80640e-07
0416  8.24115e+18  7.82576e+03  1.61549e+06  4.47259e-20  0.00000e+00  0.00000e+00  5.78191e-07
0417  8.25854e+18  7.82887e+03  1.61305e+06  4.43372e-20  0.00000e+00  0.00000e+00  5.75759e-07
0418  8.27594e+18  7.83196e+03  1.61061e+06  4.39526e-20  0.00000e+00  0.00000e+00  5.73341e-07
0419  8.29333e+18  7.83504e+03  1.60818e+06  4.35722e-20  0.00000e+00  0.00000e+00  5.70939e-07
0420  8.31072e+18  7.83811e+03  1.60576e+06  4.31960e-20  0.00000e+00  0.00000e+00  5.68552e-07
0421  8.32811e+18  7.84116e+03  1.60335e+06  4.28238e-20  0.00000e+00  0.00000e+00  5.66180e-07
0422  8.34551e+18  7.84420e+03  1.60094e+06  4.24556e-20  0.00000e+00  0.00000e+00  5.63822e-07
0423  8.36290e+18  7.84723e+03  1.59854e+06  4.20914e-20  0.00000e+00  0.00000e+00  5.61479e-07
0424  8.38029e+18  7.85025e+03  1.59615e+06  4.17310e-20  0.00000e+00  0.00000e+00  5.59151e-07
0425  8.39768e+18  7.85326e+03  1.59376e+06  4.13746e-20  0.00000e+00  0.00000e+00  5.56837e-07
0426  8.41508e+18  7.85625e+03  1.59138e+06  4.10219e-20  0.00000e+00  0.00000e+00  5.54538e-07
0427  8.43247e+18  7.85923e+03  1.58901e+06  4.06730e-20  0.00000e+00  0.00000e+00  5.52253e-07
0428  8.44986e+18  7.86220e+03  1.58665e+06  4.03278e-20  0.00000e+00  0.00000e+00  5.49982e-07
0429  8.46725e+18  7.86516e+03  1.58429e+06  3.99863e-20  0.00000e+00  0.00000e+00  5.47725e-07
0430  8.48465e+18  7.86810e+03  1.58195e+06  3.96484e-20  0.00000e+00  0.00000e+00  5.45481e-07
0431  8.50204e+18  7.87104e+03  1.57960e+06  3.93141e-20  0.00000e+00  0.00000e+00  5.43252e-07
0432  8.51943e+18  7.87396e+03  1.57727e+06  3.89833e-20  0.00000e+00  0.00000e+00  5.41036e-07
0433  8.53682e+18  7.87687e+03  1.57494e+06  3.86559e-20  0.00000e+00  0.00000e+00  5.38834e-07
0434  8.55422e+18  7.87977e+03  1.57262e+06  3.83320e-20  0.00000e+00  0.00000e+00  5.36645e-07
0435  8.57161e+18  7.88266e+03  1.57031e+06  3.80118e-20  0.00000e+00  0.00000e+00  5.34469e-07
0436  8.58900e+18  7.88554e+03  1.56800e+06  3.76951e-20  0.00000e+00  0.00000e+00  5.32307e-07
0437  8.60639e+18  7.88841e+03  1.56570e+06  3.73817e-20  0.00000e+00  0.00000e+00  5.30158e-07
0438  8.62379e+18  7.89127e+03  1.56341e+06  3.70716e-20  0.00000e+00  0.00000e+00  5.28021e-07
0439  8.64118e+18  7.89411e+03  1.56112e+06  3.67647e-20  0.00000e+00  0.00000e+00  5.25898e-07
0440  8.65857e+18  7.89695e+03  1.55884e+06  3.64610e-20  0.00000e+00  0.00000e+00  5.23787e-07
0441  8.67596e+18  7.89977e+03  1.55657e+06  3.61604e-20  0.00000e+00  0.00000e+00  5.21689e-07
0442  8.69336e+18  7.90258e+03  1.55431e+06  3.58629e-20  0.00000e+00  0.00000e+00  5.19604e-07
0443  8.71075e+18  7.90538e+03  1.55205e+06  3.55685e-20  0.00000e+00  0.00000e+00  5.17531e-07
0444  8.72814e+18  7.90817e+03  1.54980e+06  3.52771e-20  0.00000e+00  0.00000e+00  5.15471e-07
0445  8.74553e+18  7.91094e+03  1.54755e+06  3.49887e-20  0.00000e+00  0.00000e+00  5.13422e-07
0446  8.76293e+18  7.91370e+03  1.54532e+06  3.47032e-20  0.00000e+00  0.00000e+00  5.11386e-07
0447  8.78032e+18  7.91645e+03  1.54309e+06  3.44207e-20  0.00000e+00  0.00000e+00  5.09362e-07
0448  8.79771e+18  7.91919e+03  1.54086e+06  3.41411e-20  0.00000e+00  0.00000e+00  5.07350e-07
0449  8.81510e+18  7.92192e+03  1.53865e+06  3.38643e-20  0.00000e+00  0.00000e+00  5.05350e-07
0450  8.83250e+18  7.92463e+03  1.53644e+06  3.35903e-20  0.00000e+00  0.00000e+00  5.03362e-07
0451  8.84989e+18  7.92733e+03  1.53423e+06  3.33191e-20  0.00000e+00  0.00000e+00  5.01386e-07
0452  8.86728e+18  7.93003e+03  1.53204e+06  3.30507e-20  0.00000e+00  0.00000e+00  4.99421e-07
0453  8.88467e+18  7.93271e+03  1.52985e+06  3.27849e-20  0.00000e+00  0.00000e+00  4.97467e-07
0454  8.90207e+18  7.93538e+03  1.52766e+06  3.24711e-20  0.00000e+00  0.00000e+00  4.95525e-07
0455  8.91946e+18  7.93804e+03  1.52548e+06  3.22141e-20  0.00000e+00  0.00000e+00  4.93595e-07
0456  8.93685e+18  7.94070e+03  1.52331e+06  3.19596e-20  0.00000e+00  0.00000e+00  4.91675e-07
0457  8.95424e+18  7.94334e+03  1.52114e+06  3.17077e-20  0.00000e+00  0.00000e+00  4.89767e-07
0458  8.97164e+18  7.94597e+03  1.51898e+06  3.14582e-20  0.00000e+00  0.00000e+00  4.87870e-07
0459  8.98903e+18  7.94859e+03  1.51682e+06  3.12112e-20  0.00000e+00  0.00000e+00  4.85984e-07
0460  9.00642e+18  7.95121e+03  1.51468e+06  3.09666e-20  0.00000e+00  0.00000e+00  4.84109e-07
0461  9.02381e+18  7.95381e+03  1.51253e+06  3.07244e-20  0.00000e+00  0.00000e+00  4.82244e-07
0462  9.04121e+18  7.95640e+03  1.51040e+06  3.04846e-20  0.00000e+00  0.00000e+00  4.80391e-07
0463  9.05860e+18  7.95899e+03  1.50827e+06  3.02471e-20  0.00000e+00  0.00000e+00  4.78548e-07
0464  9.07599e+18  7.96156e+03  1.50615e+06  3.00119e-20  0.00000e+00  0.00000e+00  4.76716e-07
0465  9.09338e+18  7.96412e+03  1.50403e+06  2.97790e-20  0.00000e+00  0.00000e+00  4.74894e-07
0466  9.11078e+18  7.96667e+03  1.50193e+06  2.95484e-20  0.00000e+00  0.00000e+00  4.73082e-07
0467  9.12817e+18  7.96922e+03  1.49982e+06  2.93200e-20  0.00000e+00  0.00000e+00  4.71281e-07
0468  9.14556e+18  7.97175e+03  1.49773e+06  2.90938e-20  0.00000e+00  0.00000e+00  4.69490e-07
0469  9.16295e+18  7.97427e+03  1.49564e+06  2.88698e-20  0.00000e+00  0.00000e+00  4.67710e-07
0470  9.18035e+18  7.97678e+03  1.49355e+06  2.86480e-20  0.00000e+00  0.00000e+00  4.65939e-07
0471  9.19774e+18  7.97929e+03  1.49148e+06  2.84283e-20  0.00000e+00  0.00000e+00  4.64179e-07
0472  9.21513e+18  7.98178e+03  1.48941e+06  2.82106e-20  0.00000e+00  0.00000e+00  4.62428e-07
0473  9.23252e+18  7.98426e+03  1.48734e+06  2.79951e-20  0.00000e+00  0.00000e+00  4.60688e-07
0474  9.24992e+18  7.98674e+03  1.48528e+06  2.77816e-20  0.00000e+00  0.00000e+00  4.58957e-07
0475  9.26731e+18  7.98920e+03  1.48323e+06  2.75702e-20  0.00000e+00  0.00000e+00  4.57236e-07
0476  9.28470e+18  7.99166e+03  1.48118e+06  2.73608e-20  0.00000e+00  0.00000e+00  4.55524e-07
0477  9.30209e+18  7.99411e+03  1.47914e+06  2.71533e-20  0.00000e+00  0.00000e+00  4.53823e-07
0478  9.31949e+18  7.99655e+03  1.47711e+06  2.69479e-20  0.00000e+00  0.00000e+00  4.52130e-07
0479  9.33688e+18  7.99897e+03  1.47508e+06  2.67443e-20  0.00000e+00  0.00000e+00  4.50447e-07
0480  9.35427e+18  8.00139e+03  1.47306e+06  2.65427e-20  0.00000e+00  0.00000e+00  4.48774e-07
0481  9.37166e+18  8.00380e+03  1.47104e+06  2.63430e-20  0.00000e+00  0.00000e+00  4.47110e-07
0482  9.38906e+18  8.00620e+03  1.46903e+06  2.61452e-20  0.00000e+00  0.00000e+00  4.45455e-07
0483  9.40645e+18  8.00860e+03  1.46702e+06  2.59492e-20  0.00000e+00  0.00000e+00  4.43809e-07
0484  9.42384e+18  8.01098e+03  1.46503e+06  2.57551e-20  0.00000e+00  0.00000e+00  4.42172e-07
0485  9.44123e+18  8.01335e+03  1.46303e+06  2.55628e-20  0.00000e+00  0.00000e+00  4.40545e-07
0486  9.45863e+18  8.01572e+03  1.46105e+06  2.53723e-20  0.00000e+00  0.00000e+00  4.38926e-07
0487  9.47602e+18  8.01807e+03  1.45906e+06  2.51835e-20  0.00000e+00  0.00000e+00  4.37316e-07
0488  9.49341e+18  8.02042e+03  1.45709e+06  2.49966e-20  0.00000e+00  0.00000e+00  4.35715e-07
0489  9.51080e+18  8.02276e+03  1.45512e+06  2.48113e-20  0.00000e+00  0.00000e+00  4.34123e-07
0490  9.52820e+18  8.02509e+03  1.45315e+06  2.46278e-20  0.00000e+00  0.00000e+00  4.32540e-07
0491  9.54559e+18  8.02741e+03  1.45120e+06  2.44459e-20  0.00000e+00  0.00000e+00  4.30965e-07
0492  9.56298e+18  8.02972e+03  1.44924e+06  2.42658e-20  0.00000e+00  0.00000e+00  4.29399e-07
0493  9.58037e+18  8.03202e+03  1.44730e+06  2.40873e-20  0.00000e+00  0.00000e+00  4.27841e-07
0494  9.59777e+18  8.03432e+03  1.44535e+06  2.39104e-20  0.00000e+00  0.00000e+00  4.26292e-07
0495  9.61516e+18  8.03660e+03  1.44342e+06  2.37352e-20  0.00000e+00  0.00000e+00  4.24751e-07
0496  9.63255e+18  8.03888e+03  1.44149e+06  2.35616e-20  0.00000e+00  0.00000e+00  4.23219e-07
0497  9.64994e+18  8.04115e+03  1.43956e+06  2.33895e-20  0.00000e+00  0.00000e+00  4.21695e-07
0498  9.66734e+18  8.04341e+03  1.43764e+06  2.32191e-20  0.00000e+00  0.00000e+00  4.20179e-07
0499  9.68473e+18  8.04566e+03  1.43573e+06  2.30502e-20  0.00000e+00  0.00000e+00  4.18671e-07
0500  9.70212e+18  8.04791e+03  1.43382e+06  2.28828e-20  0.00000e+00  0.00000e+00  4.17171e-07
0501  9.71951e+18  8.05014e+03  1.43192e+06  2.27170e-20  0.00000e+00  0.00000e+00  4.15679e-07
0502  9.73691e+18  8.05237e+03  1.43002e+06  2.25526e-20  0.00000e+00  0.00000e+00  4.14196e-07
0503  9.75430e+18  8.05459e+03  1.42813e+06  2.23897e-20  0.00000e+00  0.00000e+00  4.12720e-07
0504  9.77169e+18  8.05680e+03  1.42624e+06  2.22284e-20  0.00000e+00  0.00000e+00  4.11252e-07
0505  9.78908e+18  8.05900e+03  1.42436e+06  2.20684e-20  0.00000e+00  0.00000e+00  4.09792e-07
0506  9.80648e+18  8.06119e+03  1.42249e+06  2.19099e-20  0.00000e+00  0.00000e+00  4.08340e-07
0507  9.82387e+18  8.06338e+03  1.42062e+06  2.17529e-20  0.00000e+00  0.00000e+00  4.06895e-07
0508  9.84126e+18  8.06556e+03  1.41875e+06  2.15972e-20  0.00000e+00  0.00000e+00  4.05458e-07
0509  9.85865e+18  8.06773e+03  1.41689e+06  2.14429e-20  0.00000e+00  0.00000e+00  4.04029e-07
0510  9.87605e+18  8.06990e+03  1.41504e+06  2.12900e-20  0.00000e+00  0.00000e+00  4.02607e-07
0511  9.89344e+18  8.07205e+03  1.41319e+06  2.11385e-20  0.00000e+00  0.00000e+00  4.01193e-07
0512  9.91083e+18  8.07420e+03  1.41134e+06  2.09883e-20  0.00000e+00  0.00000e+00  3.99786e-07
0513  9.92822e+18  8.07635e+03  1.40950e+06  2.08395e-20  0.00000e+00  0.00000e+00  3.98386e-07
0514  9.94562e+18  8.07848e+03  1.40767e+06  2.06919e-20  0.00000e+00  0.00000e+00  3.96994e-07
0515  9.96301e+18  8.08061e+03  1.40584e+06  2.05457e-20  0.00000e+00  0.00000e+00  3.95609e-07
0516  9.98040e+18  8.08273e+03  1.40401e+06  2.04008e-20  0.00000e+00  0.00000e+00  3.94232e-07
0517  9.99779e+18  8.08484e+03  1.40220e+06  2.02571e-20  0.00000e+00  0.00000e+00  3.92861e-07
0518  1.00152e+19  8.08695e+03  1.40038e+06  2.01147e-20  0.00000e+00  0.00000e+00  3.91498e-07
0519  1.00326e+19  8.08904e+03  1.39857e+06  1.99736e-20  0.00000e+00  0.00000e+00  3.90142e-07
0520  1.00500e+19  8.09113e+03  1.39677e+06  1.98337e-20  0.00000e+00  0.00000e+00  3.88793e-07
0521  1.00674e+19  8.09322e+03  1.39497e+06  1.96950e-20  0.00000e+00  0.00000e+00  3.87450e-07
0522  1.00848e+19  8.09529e+03  1.39318e+06  1.95576e-20  0.00000e+00  0.00000e+00  3.86115e-07
0523  1.01021e+19  8.09736e+03  1.39139e+06  1.94213e-20  0.00000e+00  0.00000e+00  3.84787e-07
0524  1.01195e+19  8.09942e+03  1.38960e+06  1.92863e-20  0.00000e+00  0.00000e+00  3.83465e-07
0525  1.01369e+19  8.10148e+03  1.38782e+06  1.91524e-20  0.00000e+00  0.00000e+00  3.82150e-07
0526  1.01543e+19  8.10352e+03  1.38605e+06  1.90196e-20  0.00000e+00  0.00000e+00  3.80842e-07
0527  1.01717e+19  8.10556e+03  1.38428e+06  1.88880e-20  0.00000e+00  0.00000e+00  3.79541e-07
0528  1.01891e+19  8.10760e+03  1.38251e+06  1.87576e-20  0.00000e+00  0.00000e+00  3.78247e-07
0529  1.02065e+19  8.10962e+03  1.38075e+06  1.86283e-20  0.00000e+00  0.00000e+00  3.76959e-07
0530  1.02239e+19  8.11164e+03  1.37900e+06  1.85001e-20  0.00000e+00  0.00000e+00  3.75677e-07
0531  1.02413e+19  8.11365e+03  1.37725e+06  1.83730e-20  0.00000e+00  0.00000e+00  3.74402e-07
0532  1.02587e+19  8.11566e+03  1.37550e+06  1.82470e-20  0.00000e+00  0.00000e+00  3.73134e-07
0533  1.02761e+19  8.11765e+03  1.37376e+06  1.81221e-20  0.00000e+00  0.00000e+00  3.71872e-07
0534  1.02935e+19  8.11964e+03  1.37203e+06  1.79982e-20  0.00000e+00  0.00000e+00  3.70616e-07
0535  1.03109e+19  8.12162e+03  1.37030e+06  1.78754e-20  0.00000e+00  0.00000e+00  3.69367e-07
0536  1.03283e+19  8.12360e+03  1.36857e+06  1.77537e-20  0.00000e+00  0.00000e+00  3.68124e-07
0537  1.03456e+19  8.12557e+03  1.36685e+06  1.76330e-20  0.00000e+00  0.00000e+00  3.66887e-07
0538  1.03630e+19  8.12753e+03  1.36513e+06  1.75133e-20  0.00000e+00  0.00000e+00  3.65657e-07
0539  1.03804e+19  8.12948e+03  1.36342e+06  1.73946e-20  0.00000e+00  0.00000e+00  3.64432e-07
0540  1.03978e+19  8.13143e+03  1.36171e+06  1.72770e-20  0.00000e+00  0.00000e+00  3.63214e-07
0541  1.04152e+19  8.13337e+03  1.36000e+06  1.71603e-20  0.00000e+00  0.00000e+00  3.62002e-07
0542  1.04326e+19  8.13531e+03  1.35831e+06  1.70446e-20  0.00000e+00  0.00000e+00  3.60796e-07
0543  1.04500e+19  8.13724e+03  1.35661e+06  1.69299e-20  0.00000e+00  0.00000e+00  3.59596e-07
0544  1.04674e+19  8.13916e+03  1.35492e+06  1.68162e-20  0.00000e+00  0.00000e+00  3.58402e-07
0545  1.04848e+19  8.14107e+03  1.35324e+06  1.67034e-20  0.00000e+00  0.00000e+00  3.57214e-07
0546  1.05022e+19  8.14298e+03  1.35155e+06  1.65916e-20  0.00000e+00  0.00000e+00  3.56032e-07
0547  1.05196e+19  8.14488e+03  1.34988e+06  1.64807e-20  0.00000e+00  0.00000e+00  3.54856e-07
0548  1.05370e+19  8.14678e+03  1.34821e+06  1.63707e-20  0.00000e+00  0.00000e+00  3.53685e-07
0549  1.05544e+19  8.14867e+03  1.34654e+06  1.62617e-20  0.00000e+00  0.00000e+00  3.52520e-07
0550  1.05717e+19  8.15054e+03  1.34487e+06  1.61536e-20  0.00000e+00  0.00000e+00  3.51361e-07
0551  1.05891e+19  8.15245e+03  1.34321e+06  1.60463e-20  0.00000e+00  0.00000e+00  3.50208e-07
0552  1.06065e+19  8.15416e+03  1.34157e+06  1.59402e-20  0.00000e+00  0.00000e+00  3.49061e-07
0553  1.06239e+19  8.15671e+03  1.33988e+06  1.58336e-20  0.00000e+00  0.00000e+00  3.47919e-07
0554  1.06413e+19  8.15587e+03  1.33839e+06  1.57320e-20  0.00000e+00  0.00000e+00  3.46782e-07
0555  1.06587e+19  8.17411e+03  1.33581e+06  1.56018e-20  0.00000e+00  0.00000e+00  3.45651e-07
