# Athena++ data at time=1.810000e+12  cycle=135978005  variables=uov 
# i       x1v         user_out_var0          user_out_var1          user_out_var2          user_out_var3          user_out_var4          user_out_var5      
0002  1.07548e+18  4.91743e+00  3.03478e+04  6.94494e-16  0.00000e+00  0.00000e+00  3.39500e-05
0003  1.09287e+18  1.04976e+01  4.03707e+04  1.97636e-17  0.00000e+00  0.00000e+00  3.28781e-05
0004  1.11027e+18  1.58819e+01  4.99615e+04  8.51391e-18  0.00000e+00  0.00000e+00  3.18561e-05
0005  1.12766e+18  2.29908e+01  6.27278e+04  1.47252e-17  0.00000e+00  0.00000e+00  3.08811e-05
0006  1.14505e+18  3.36578e+01  8.32227e+04  3.43351e-17  0.00000e+00  0.00000e+00  2.99501e-05
0007  1.16244e+18  5.29282e+01  1.23107e+05  3.47093e-17  0.00000e+00  0.00000e+00  2.90606e-05
0008  1.17983e+18  5.95048e+01  1.32557e+05  9.83554e-18  0.00000e+00  0.00000e+00  2.82102e-05
0009  1.19723e+18  6.44535e+01  1.39107e+05  1.05961e-17  0.00000e+00  0.00000e+00  2.73965e-05
0010  1.21462e+18  6.91624e+01  1.45020e+05  9.15249e-18  0.00000e+00  0.00000e+00  2.66176e-05
0011  1.23201e+18  7.27519e+01  1.48715e+05  6.37809e-18  0.00000e+00  0.00000e+00  2.58714e-05
0012  1.24940e+18  7.55457e+01  1.50979e+05  5.97935e-18  0.00000e+00  0.00000e+00  2.51561e-05
0013  1.26679e+18  7.82516e+01  1.53196e+05  6.61747e-18  0.00000e+00  0.00000e+00  2.44701e-05
0014  1.28419e+18  8.08963e+01  1.55389e+05  6.93682e-18  0.00000e+00  0.00000e+00  2.38118e-05
0015  1.30158e+18  8.34506e+01  1.57533e+05  7.06688e-18  0.00000e+00  0.00000e+00  2.31797e-05
0016  1.31897e+18  8.58407e+01  1.59478e+05  6.51119e-18  0.00000e+00  0.00000e+00  2.25724e-05
0017  1.33636e+18  8.79476e+01  1.61066e+05  6.29773e-18  0.00000e+00  0.00000e+00  2.19887e-05
0018  1.35375e+18  8.99430e+01  1.62597e+05  6.38091e-18  0.00000e+00  0.00000e+00  2.14273e-05
0019  1.37115e+18  9.18726e+01  1.64103e+05  6.28174e-18  0.00000e+00  0.00000e+00  2.08872e-05
0020  1.38854e+18  9.37694e+01  1.65609e+05  6.06290e-18  0.00000e+00  0.00000e+00  2.03672e-05
0021  1.40593e+18  9.56207e+01  1.67104e+05  5.54208e-18  0.00000e+00  0.00000e+00  1.98665e-05
0022  1.42332e+18  9.71500e+01  1.67935e+05  3.09248e-16  0.00000e+00  0.00000e+00  1.93839e-05
0023  1.44071e+18  9.85902e+01  1.68884e+05  4.75714e-18  0.00000e+00  0.00000e+00  1.89187e-05
0024  1.45811e+18  1.00442e+02  1.70482e+05  5.61152e-18  0.00000e+00  0.00000e+00  1.84701e-05
0025  1.47550e+18  1.02288e+02  1.72151e+05  5.37708e-18  0.00000e+00  0.00000e+00  1.80373e-05
0026  1.49289e+18  1.03469e+02  1.72743e+05  4.15519e-18  0.00000e+00  0.00000e+00  1.76194e-05
0027  1.51028e+18  1.04825e+02  1.73811e+05  4.59914e-18  0.00000e+00  0.00000e+00  1.72160e-05
0028  1.52767e+18  1.05819e+02  1.74612e+05  3.97985e-18  0.00000e+00  0.00000e+00  1.68262e-05
0029  1.54507e+18  1.06583e+02  1.75226e+05  7.18059e-18  0.00000e+00  0.00000e+00  1.64495e-05
0030  1.56246e+18  3.04690e+02  5.26813e+05  5.75772e-16  0.00000e+00  0.00000e+00  1.60854e-05
0031  1.57985e+18  6.38271e+02  9.02460e+05  2.37223e-16  0.00000e+00  0.00000e+00  1.57331e-05
0032  1.59724e+18  8.40562e+02  1.15164e+06  1.55154e-16  0.00000e+00  0.00000e+00  1.53924e-05
0033  1.61463e+18  9.87502e+02  1.32219e+06  1.30211e-16  0.00000e+00  0.00000e+00  1.50626e-05
0034  1.63203e+18  1.11518e+03  1.46268e+06  1.18941e-16  0.00000e+00  0.00000e+00  1.47432e-05
0035  1.64942e+18  1.23395e+03  1.58513e+06  1.08863e-16  0.00000e+00  0.00000e+00  1.44340e-05
0036  1.66681e+18  1.34806e+03  1.69779e+06  1.01991e-16  0.00000e+00  0.00000e+00  1.41343e-05
0037  1.68420e+18  1.45902e+03  1.80064e+06  9.44944e-17  0.00000e+00  0.00000e+00  1.38439e-05
0038  1.70160e+18  1.56636e+03  1.89541e+06  8.77388e-17  0.00000e+00  0.00000e+00  1.35623e-05
0039  1.71899e+18  1.67008e+03  1.98205e+06  8.10308e-17  0.00000e+00  0.00000e+00  1.32893e-05
0040  1.73638e+18  1.76944e+03  2.06103e+06  7.46857e-17  0.00000e+00  0.00000e+00  1.30244e-05
0041  1.75377e+18  1.86466e+03  2.13334e+06  6.92830e-17  0.00000e+00  0.00000e+00  1.27674e-05
0042  1.77116e+18  1.95668e+03  2.19989e+06  6.46649e-17  0.00000e+00  0.00000e+00  1.25178e-05
0043  1.78856e+18  2.04586e+03  2.26095e+06  6.02901e-17  0.00000e+00  0.00000e+00  1.22756e-05
0044  1.80595e+18  2.13197e+03  2.31700e+06  5.62088e-17  0.00000e+00  0.00000e+00  1.20403e-05
0045  1.82334e+18  2.21509e+03  2.36856e+06  5.25338e-17  0.00000e+00  0.00000e+00  1.18117e-05
0046  1.84073e+18  2.29551e+03  2.41603e+06  4.92033e-17  0.00000e+00  0.00000e+00  1.15895e-05
0047  1.85813e+18  2.37333e+03  2.45972e+06  4.61111e-17  0.00000e+00  0.00000e+00  1.13736e-05
0050  1.87552e+18  2.44850e+03  2.50000e+06  4.32499e-17  0.00000e+00  0.00000e+00  1.11636e-05
0051  1.89291e+18  2.52097e+03  2.53721e+06  4.06080e-17  0.00000e+00  0.00000e+00  1.09594e-05
0052  1.91030e+18  2.59069e+03  2.57169e+06  3.81835e-17  0.00000e+00  0.00000e+00  1.07608e-05
0053  1.92769e+18  2.65778e+03  2.60377e+06  3.60343e-17  0.00000e+00  0.00000e+00  1.05675e-05
0054  1.94509e+18  2.72288e+03  2.63371e+06  3.41808e-17  0.00000e+00  0.00000e+00  1.03793e-05
0055  1.96248e+18  2.78671e+03  2.66133e+06  3.24308e-17  0.00000e+00  0.00000e+00  1.01962e-05
0056  1.97987e+18  2.84912e+03  2.68688e+06  3.07818e-17  0.00000e+00  0.00000e+00  1.00178e-05
0057  1.99726e+18  2.91017e+03  2.71047e+06  2.92294e-17  0.00000e+00  0.00000e+00  9.84411e-06
0058  2.01466e+18  2.96986e+03  2.73222e+06  2.77690e-17  0.00000e+00  0.00000e+00  9.67488e-06
0059  2.03205e+18  3.02819e+03  2.75227e+06  2.63959e-17  0.00000e+00  0.00000e+00  9.50998e-06
0060  2.04944e+18  3.08512e+03  2.77076e+06  2.51053e-17  0.00000e+00  0.00000e+00  9.34925e-06
0061  2.06683e+18  3.14050e+03  2.78789e+06  2.38932e-17  0.00000e+00  0.00000e+00  9.19257e-06
0062  2.08423e+18  3.19415e+03  2.80396e+06  2.27919e-17  0.00000e+00  0.00000e+00  9.03979e-06
0063  2.10162e+18  3.24664e+03  2.81877e+06  2.17540e-17  0.00000e+00  0.00000e+00  8.89079e-06
0064  2.11901e+18  3.29813e+03  2.83232e+06  2.07728e-17  0.00000e+00  0.00000e+00  8.74544e-06
0065  2.13640e+18  3.34860e+03  2.84470e+06  1.98453e-17  0.00000e+00  0.00000e+00  8.60363e-06
0066  2.15379e+18  3.39809e+03  2.85599e+06  1.89682e-17  0.00000e+00  0.00000e+00  8.46523e-06
0067  2.17119e+18  3.44663e+03  2.86623e+06  1.81387e-17  0.00000e+00  0.00000e+00  8.33016e-06
0068  2.18858e+18  3.49422e+03  2.87549e+06  1.73539e-17  0.00000e+00  0.00000e+00  8.19828e-06
0069  2.20597e+18  3.54090e+03  2.88383e+06  1.66111e-17  0.00000e+00  0.00000e+00  8.06952e-06
0070  2.22336e+18  3.58670e+03  2.89130e+06  1.59078e-17  0.00000e+00  0.00000e+00  7.94377e-06
0071  2.24076e+18  3.63163e+03  2.89794e+06  1.52415e-17  0.00000e+00  0.00000e+00  7.82093e-06
0072  2.25815e+18  3.67572e+03  2.90381e+06  1.46101e-17  0.00000e+00  0.00000e+00  7.70092e-06
0073  2.27554e+18  3.71901e+03  2.90895e+06  1.40113e-17  0.00000e+00  0.00000e+00  7.58365e-06
0074  2.29293e+18  3.76146e+03  2.91342e+06  1.34434e-17  0.00000e+00  0.00000e+00  7.46904e-06
0075  2.31033e+18  3.80328e+03  2.91713e+06  1.29003e-17  0.00000e+00  0.00000e+00  7.35701e-06
0076  2.32772e+18  3.84408e+03  2.92049e+06  1.24292e-17  0.00000e+00  0.00000e+00  7.24748e-06
0077  2.34511e+18  3.88388e+03  2.92354e+06  1.19789e-17  0.00000e+00  0.00000e+00  7.14038e-06
0078  2.36250e+18  3.92278e+03  2.92628e+06  1.15483e-17  0.00000e+00  0.00000e+00  7.03563e-06
0079  2.37989e+18  3.96085e+03  2.92869e+06  1.11364e-17  0.00000e+00  0.00000e+00  6.93317e-06
0080  2.39729e+18  3.99817e+03  2.93077e+06  1.07424e-17  0.00000e+00  0.00000e+00  6.83294e-06
0081  2.41468e+18  4.03477e+03  2.93249e+06  1.03654e-17  0.00000e+00  0.00000e+00  6.73486e-06
0082  2.43207e+18  4.07072e+03  2.93388e+06  1.00044e-17  0.00000e+00  0.00000e+00  6.63888e-06
0083  2.44946e+18  4.10603e+03  2.93493e+06  9.65874e-18  0.00000e+00  0.00000e+00  6.54493e-06
0084  2.46686e+18  4.14075e+03  2.93565e+06  9.32768e-18  0.00000e+00  0.00000e+00  6.45297e-06
0085  2.48425e+18  4.17490e+03  2.93605e+06  9.01048e-18  0.00000e+00  0.00000e+00  6.36293e-06
0086  2.50164e+18  4.20851e+03  2.93613e+06  8.70648e-18  0.00000e+00  0.00000e+00  6.27476e-06
0087  2.51903e+18  4.24159e+03  2.93592e+06  8.41506e-18  0.00000e+00  0.00000e+00  6.18842e-06
0088  2.53643e+18  4.27416e+03  2.93541e+06  8.13560e-18  0.00000e+00  0.00000e+00  6.10384e-06
0089  2.55382e+18  4.30624e+03  2.93462e+06  7.86755e-18  0.00000e+00  0.00000e+00  6.02098e-06
0090  2.57121e+18  4.33785e+03  2.93355e+06  7.61035e-18  0.00000e+00  0.00000e+00  5.93980e-06
0091  2.58860e+18  4.36899e+03  2.93223e+06  7.36350e-18  0.00000e+00  0.00000e+00  5.86026e-06
0092  2.60600e+18  4.39969e+03  2.93066e+06  7.12652e-18  0.00000e+00  0.00000e+00  5.78229e-06
0093  2.62339e+18  4.42995e+03  2.92884e+06  6.89894e-18  0.00000e+00  0.00000e+00  5.70588e-06
0094  2.64078e+18  4.45979e+03  2.92680e+06  6.68033e-18  0.00000e+00  0.00000e+00  5.63097e-06
0095  2.65817e+18  4.48922e+03  2.92453e+06  6.47028e-18  0.00000e+00  0.00000e+00  5.55752e-06
0096  2.67557e+18  4.51823e+03  2.92206e+06  6.26839e-18  0.00000e+00  0.00000e+00  5.48550e-06
0097  2.69296e+18  4.54686e+03  2.91938e+06  6.07430e-18  0.00000e+00  0.00000e+00  5.41488e-06
0098  2.71035e+18  4.57508e+03  2.91653e+06  5.89050e-18  0.00000e+00  0.00000e+00  5.34560e-06
0099  2.72774e+18  4.60291e+03  2.91352e+06  5.71430e-18  0.00000e+00  0.00000e+00  5.27765e-06
0100  2.74513e+18  4.63035e+03  2.91036e+06  5.54458e-18  0.00000e+00  0.00000e+00  5.21099e-06
0101  2.76253e+18  4.65741e+03  2.90706e+06  5.38107e-18  0.00000e+00  0.00000e+00  5.14558e-06
0102  2.77992e+18  4.68410e+03  2.90361e+06  5.22350e-18  0.00000e+00  0.00000e+00  5.08140e-06
0103  2.79731e+18  4.71044e+03  2.90004e+06  5.07162e-18  0.00000e+00  0.00000e+00  5.01841e-06
0104  2.81470e+18  4.73642e+03  2.89633e+06  4.92519e-18  0.00000e+00  0.00000e+00  4.95658e-06
0105  2.83210e+18  4.76207e+03  2.89251e+06  4.78398e-18  0.00000e+00  0.00000e+00  4.89589e-06
0106  2.84949e+18  4.78740e+03  2.88856e+06  4.64777e-18  0.00000e+00  0.00000e+00  4.83630e-06
0107  2.86688e+18  4.81240e+03  2.88450e+06  4.51635e-18  0.00000e+00  0.00000e+00  4.77780e-06
0108  2.88427e+18  4.83709e+03  2.88033e+06  4.38952e-18  0.00000e+00  0.00000e+00  4.72035e-06
0109  2.90167e+18  4.86147e+03  2.87605e+06  4.26709e-18  0.00000e+00  0.00000e+00  4.66394e-06
0110  2.91906e+18  4.88556e+03  2.87167e+06  4.14889e-18  0.00000e+00  0.00000e+00  4.60853e-06
0111  2.93645e+18  4.90935e+03  2.86720e+06  4.03473e-18  0.00000e+00  0.00000e+00  4.55409e-06
0112  2.95384e+18  4.93286e+03  2.86264e+06  3.92447e-18  0.00000e+00  0.00000e+00  4.50062e-06
0113  2.97124e+18  4.95609e+03  2.85799e+06  3.81794e-18  0.00000e+00  0.00000e+00  4.44809e-06
0114  2.98863e+18  4.97904e+03  2.85325e+06  3.71498e-18  0.00000e+00  0.00000e+00  4.39647e-06
0115  3.00602e+18  5.00173e+03  2.84844e+06  3.61547e-18  0.00000e+00  0.00000e+00  4.34574e-06
0116  3.02341e+18  5.02415e+03  2.84355e+06  3.51926e-18  0.00000e+00  0.00000e+00  4.29588e-06
0117  3.04081e+18  5.04631e+03  2.83859e+06  3.42623e-18  0.00000e+00  0.00000e+00  4.24688e-06
0118  3.05820e+18  5.06822e+03  2.83356e+06  3.33625e-18  0.00000e+00  0.00000e+00  4.19872e-06
0119  3.07559e+18  5.08989e+03  2.82847e+06  3.24919e-18  0.00000e+00  0.00000e+00  4.15136e-06
0120  3.09298e+18  5.11131e+03  2.82332e+06  3.16496e-18  0.00000e+00  0.00000e+00  4.10481e-06
0121  3.11037e+18  5.13249e+03  2.81811e+06  3.08343e-18  0.00000e+00  0.00000e+00  4.05903e-06
0122  3.12777e+18  5.15344e+03  2.81284e+06  3.00452e-18  0.00000e+00  0.00000e+00  4.01401e-06
0123  3.14516e+18  5.17416e+03  2.80752e+06  2.92810e-18  0.00000e+00  0.00000e+00  3.96974e-06
0124  3.16255e+18  5.19466e+03  2.80216e+06  2.85410e-18  0.00000e+00  0.00000e+00  3.92620e-06
0125  3.17994e+18  5.21494e+03  2.79674e+06  2.78243e-18  0.00000e+00  0.00000e+00  3.88337e-06
0126  3.19734e+18  5.23500e+03  2.79129e+06  2.71298e-18  0.00000e+00  0.00000e+00  3.84123e-06
0127  3.21473e+18  5.25485e+03  2.78579e+06  2.64569e-18  0.00000e+00  0.00000e+00  3.79978e-06
0128  3.23212e+18  5.27450e+03  2.78025e+06  2.58047e-18  0.00000e+00  0.00000e+00  3.75900e-06
0129  3.24951e+18  5.29394e+03  2.77468e+06  2.51725e-18  0.00000e+00  0.00000e+00  3.71887e-06
0130  3.26691e+18  5.31318e+03  2.76907e+06  2.45595e-18  0.00000e+00  0.00000e+00  3.67938e-06
0131  3.28430e+18  5.33223e+03  2.76344e+06  2.39651e-18  0.00000e+00  0.00000e+00  3.64051e-06
0132  3.30169e+18  5.35108e+03  2.75777e+06  2.33885e-18  0.00000e+00  0.00000e+00  3.60226e-06
0133  3.31908e+18  5.36974e+03  2.75207e+06  2.28292e-18  0.00000e+00  0.00000e+00  3.56460e-06
0134  3.33648e+18  5.38822e+03  2.74635e+06  2.22865e-18  0.00000e+00  0.00000e+00  3.52754e-06
0135  3.35387e+18  5.40652e+03  2.74061e+06  2.17598e-18  0.00000e+00  0.00000e+00  3.49104e-06
0136  3.37126e+18  5.42463e+03  2.73484e+06  2.12486e-18  0.00000e+00  0.00000e+00  3.45512e-06
0137  3.38865e+18  5.44257e+03  2.72906e+06  2.07523e-18  0.00000e+00  0.00000e+00  3.41974e-06
0138  3.40605e+18  5.46033e+03  2.72325e+06  2.02704e-18  0.00000e+00  0.00000e+00  3.38491e-06
0139  3.42344e+18  5.47793e+03  2.71743e+06  1.98024e-18  0.00000e+00  0.00000e+00  3.35060e-06
0140  3.44083e+18  5.49538e+03  2.71158e+06  1.93314e-18  0.00000e+00  0.00000e+00  3.31681e-06
0141  3.45822e+18  5.51265e+03  2.70571e+06  1.89077e-18  0.00000e+00  0.00000e+00  3.28353e-06
0142  3.47562e+18  5.52973e+03  2.69985e+06  1.84955e-18  0.00000e+00  0.00000e+00  3.25075e-06
0143  3.49301e+18  5.54664e+03  2.69401e+06  1.80944e-18  0.00000e+00  0.00000e+00  3.21846e-06
0144  3.51040e+18  5.56338e+03  2.68817e+06  1.77039e-18  0.00000e+00  0.00000e+00  3.18665e-06
0145  3.52779e+18  5.57997e+03  2.68234e+06  1.73237e-18  0.00000e+00  0.00000e+00  3.15531e-06
0146  3.54519e+18  5.59639e+03  2.67652e+06  1.69536e-18  0.00000e+00  0.00000e+00  3.12442e-06
0147  3.56258e+18  5.61266e+03  2.67071e+06  1.65933e-18  0.00000e+00  0.00000e+00  3.09399e-06
0148  3.57997e+18  5.62877e+03  2.66491e+06  1.62423e-18  0.00000e+00  0.00000e+00  3.06400e-06
0149  3.59736e+18  5.64473e+03  2.65912e+06  1.59006e-18  0.00000e+00  0.00000e+00  3.03444e-06
0150  3.61476e+18  5.66053e+03  2.65334e+06  1.55676e-18  0.00000e+00  0.00000e+00  3.00531e-06
0151  3.63215e+18  5.67619e+03  2.64756e+06  1.52433e-18  0.00000e+00  0.00000e+00  2.97660e-06
0152  3.64954e+18  5.69170e+03  2.64179e+06  1.49273e-18  0.00000e+00  0.00000e+00  2.94830e-06
0153  3.66693e+18  5.70708e+03  2.63603e+06  1.46194e-18  0.00000e+00  0.00000e+00  2.92040e-06
0154  3.68432e+18  5.72231e+03  2.63028e+06  1.43193e-18  0.00000e+00  0.00000e+00  2.89289e-06
0155  3.70172e+18  5.73740e+03  2.62454e+06  1.40268e-18  0.00000e+00  0.00000e+00  2.86577e-06
0156  3.71911e+18  5.75236e+03  2.61881e+06  1.37416e-18  0.00000e+00  0.00000e+00  2.83903e-06
0157  3.73650e+18  5.76719e+03  2.61309e+06  1.34637e-18  0.00000e+00  0.00000e+00  2.81266e-06
0158  3.75389e+18  5.78189e+03  2.60737e+06  1.31926e-18  0.00000e+00  0.00000e+00  2.78666e-06
0159  3.77129e+18  5.79646e+03  2.60167e+06  1.29283e-18  0.00000e+00  0.00000e+00  2.76101e-06
0160  3.78868e+18  5.81090e+03  2.59597e+06  1.26706e-18  0.00000e+00  0.00000e+00  2.73572e-06
0161  3.80607e+18  5.82521e+03  2.59029e+06  1.24192e-18  0.00000e+00  0.00000e+00  2.71078e-06
0162  3.82346e+18  5.83939e+03  2.58461e+06  1.21739e-18  0.00000e+00  0.00000e+00  2.68617e-06
0163  3.84086e+18  5.85345e+03  2.57895e+06  1.19347e-18  0.00000e+00  0.00000e+00  2.66190e-06
0164  3.85825e+18  5.86738e+03  2.57330e+06  1.17013e-18  0.00000e+00  0.00000e+00  2.63795e-06
0165  3.87564e+18  5.88120e+03  2.56766e+06  1.14735e-18  0.00000e+00  0.00000e+00  2.61433e-06
0166  3.89303e+18  5.89490e+03  2.56203e+06  1.12512e-18  0.00000e+00  0.00000e+00  2.59102e-06
0167  3.91043e+18  5.90849e+03  2.55641e+06  1.10342e-18  0.00000e+00  0.00000e+00  2.56803e-06
0168  3.92782e+18  5.92197e+03  2.55080e+06  1.08224e-18  0.00000e+00  0.00000e+00  2.54533e-06
0169  3.94521e+18  5.93533e+03  2.54520e+06  1.06157e-18  0.00000e+00  0.00000e+00  2.52294e-06
0170  3.96260e+18  5.94859e+03  2.53961e+06  1.04138e-18  0.00000e+00  0.00000e+00  2.50084e-06
0171  3.98000e+18  5.96174e+03  2.53403e+06  1.02109e-18  0.00000e+00  0.00000e+00  2.47903e-06
0172  3.99739e+18  5.97479e+03  2.52846e+06  1.00182e-18  0.00000e+00  0.00000e+00  2.45751e-06
0173  4.01478e+18  5.98773e+03  2.52290e+06  9.83005e-19  0.00000e+00  0.00000e+00  2.43626e-06
0174  4.03217e+18  6.00057e+03  2.51736e+06  9.64625e-19  0.00000e+00  0.00000e+00  2.41529e-06
0175  4.04957e+18  6.01330e+03  2.51182e+06  9.46670e-19  0.00000e+00  0.00000e+00  2.39459e-06
0176  4.06696e+18  6.02594e+03  2.50630e+06  9.29129e-19  0.00000e+00  0.00000e+00  2.37415e-06
0177  4.08435e+18  6.03847e+03  2.50080e+06  9.11991e-19  0.00000e+00  0.00000e+00  2.35397e-06
0178  4.10174e+18  6.05091e+03  2.49531e+06  8.95244e-19  0.00000e+00  0.00000e+00  2.33405e-06
0179  4.11914e+18  6.06325e+03  2.48983e+06  8.78877e-19  0.00000e+00  0.00000e+00  2.31438e-06
0180  4.13653e+18  6.07550e+03  2.48436e+06  8.62881e-19  0.00000e+00  0.00000e+00  2.29496e-06
0181  4.15392e+18  6.08766e+03  2.47891e+06  8.47245e-19  0.00000e+00  0.00000e+00  2.27578e-06
0182  4.17131e+18  6.09973e+03  2.47347e+06  8.31959e-19  0.00000e+00  0.00000e+00  2.25685e-06
0183  4.18871e+18  6.11171e+03  2.46804e+06  8.17015e-19  0.00000e+00  0.00000e+00  2.23814e-06
0184  4.20610e+18  6.12360e+03  2.46263e+06  8.02404e-19  0.00000e+00  0.00000e+00  2.21967e-06
0185  4.22349e+18  6.13541e+03  2.45723e+06  7.88116e-19  0.00000e+00  0.00000e+00  2.20143e-06
0186  4.24088e+18  6.14712e+03  2.45185e+06  7.74143e-19  0.00000e+00  0.00000e+00  2.18341e-06
0187  4.25828e+18  6.15875e+03  2.44648e+06  7.60477e-19  0.00000e+00  0.00000e+00  2.16561e-06
0188  4.27567e+18  6.17030e+03  2.44112e+06  7.47109e-19  0.00000e+00  0.00000e+00  2.14803e-06
0189  4.29306e+18  6.18177e+03  2.43579e+06  7.34032e-19  0.00000e+00  0.00000e+00  2.13066e-06
0190  4.31045e+18  6.19316e+03  2.43046e+06  7.21239e-19  0.00000e+00  0.00000e+00  2.11350e-06
0191  4.32785e+18  6.20448e+03  2.42516e+06  7.08720e-19  0.00000e+00  0.00000e+00  2.09654e-06
0192  4.34524e+18  6.21572e+03  2.41987e+06  6.96471e-19  0.00000e+00  0.00000e+00  2.07979e-06
0193  4.36263e+18  6.22688e+03  2.41459e+06  6.84483e-19  0.00000e+00  0.00000e+00  2.06324e-06
0194  4.38002e+18  6.23798e+03  2.40933e+06  6.72751e-19  0.00000e+00  0.00000e+00  2.04689e-06
0195  4.39742e+18  6.24899e+03  2.40408e+06  6.61268e-19  0.00000e+00  0.00000e+00  2.03073e-06
0196  4.41481e+18  6.25994e+03  2.39885e+06  6.50027e-19  0.00000e+00  0.00000e+00  2.01476e-06
0197  4.43220e+18  6.27081e+03  2.39364e+06  6.39022e-19  0.00000e+00  0.00000e+00  1.99898e-06
0198  4.44959e+18  6.28161e+03  2.38844e+06  6.28249e-19  0.00000e+00  0.00000e+00  1.98339e-06
0199  4.46699e+18  6.29234e+03  2.38326e+06  6.17700e-19  0.00000e+00  0.00000e+00  1.96797e-06
0200  4.48438e+18  6.30300e+03  2.37809e+06  6.07370e-19  0.00000e+00  0.00000e+00  1.95273e-06
0201  4.50177e+18  6.31360e+03  2.37294e+06  5.97254e-19  0.00000e+00  0.00000e+00  1.93768e-06
0202  4.51916e+18  6.32413e+03  2.36781e+06  5.87347e-19  0.00000e+00  0.00000e+00  1.92279e-06
0203  4.53655e+18  6.33459e+03  2.36269e+06  5.77642e-19  0.00000e+00  0.00000e+00  1.90807e-06
0204  4.55395e+18  6.34499e+03  2.35759e+06  5.68136e-19  0.00000e+00  0.00000e+00  1.89353e-06
0205  4.57134e+18  6.35533e+03  2.35250e+06  5.58824e-19  0.00000e+00  0.00000e+00  1.87915e-06
0206  4.58873e+18  6.36560e+03  2.34743e+06  5.49699e-19  0.00000e+00  0.00000e+00  1.86493e-06
0207  4.60612e+18  6.37582e+03  2.34238e+06  5.40760e-19  0.00000e+00  0.00000e+00  1.85087e-06
0208  4.62352e+18  6.38598e+03  2.33735e+06  5.31999e-19  0.00000e+00  0.00000e+00  1.83697e-06
0209  4.64091e+18  6.39608e+03  2.33233e+06  5.23415e-19  0.00000e+00  0.00000e+00  1.82323e-06
0210  4.65830e+18  6.40612e+03  2.32733e+06  5.15001e-19  0.00000e+00  0.00000e+00  1.80964e-06
0211  4.67569e+18  6.41610e+03  2.32234e+06  5.06755e-19  0.00000e+00  0.00000e+00  1.79620e-06
0212  4.69309e+18  6.42603e+03  2.31737e+06  4.98671e-19  0.00000e+00  0.00000e+00  1.78291e-06
0213  4.71048e+18  6.43590e+03  2.31242e+06  4.90748e-19  0.00000e+00  0.00000e+00  1.76977e-06
0214  4.72787e+18  6.44572e+03  2.30749e+06  4.82979e-19  0.00000e+00  0.00000e+00  1.75678e-06
0215  4.74526e+18  6.45547e+03  2.30258e+06  4.75363e-19  0.00000e+00  0.00000e+00  1.74392e-06
0216  4.76266e+18  6.46518e+03  2.29768e+06  4.67896e-19  0.00000e+00  0.00000e+00  1.73121e-06
0217  4.78005e+18  6.47483e+03  2.29280e+06  4.60573e-19  0.00000e+00  0.00000e+00  1.71863e-06
0218  4.79744e+18  6.48443e+03  2.28794e+06  4.53392e-19  0.00000e+00  0.00000e+00  1.70619e-06
0219  4.81483e+18  6.49398e+03  2.28309e+06  4.46349e-19  0.00000e+00  0.00000e+00  1.69389e-06
0220  4.83223e+18  6.50348e+03  2.27826e+06  4.39442e-19  0.00000e+00  0.00000e+00  1.68172e-06
0221  4.84962e+18  6.51293e+03  2.27345e+06  4.32666e-19  0.00000e+00  0.00000e+00  1.66968e-06
0222  4.86701e+18  6.52233e+03  2.26866e+06  4.26019e-19  0.00000e+00  0.00000e+00  1.65776e-06
0223  4.88440e+18  6.53169e+03  2.26388e+06  4.19498e-19  0.00000e+00  0.00000e+00  1.64598e-06
0224  4.90180e+18  6.54100e+03  2.25912e+06  4.13101e-19  0.00000e+00  0.00000e+00  1.63432e-06
0225  4.91919e+18  6.55026e+03  2.25438e+06  4.06824e-19  0.00000e+00  0.00000e+00  1.62278e-06
0226  4.93658e+18  6.55948e+03  2.24966e+06  4.00665e-19  0.00000e+00  0.00000e+00  1.61137e-06
0227  4.95397e+18  6.56865e+03  2.24495e+06  3.94620e-19  0.00000e+00  0.00000e+00  1.60007e-06
0228  4.97137e+18  6.57777e+03  2.24027e+06  3.88689e-19  0.00000e+00  0.00000e+00  1.58890e-06
0229  4.98876e+18  6.58685e+03  2.23559e+06  3.82867e-19  0.00000e+00  0.00000e+00  1.57784e-06
0230  5.00615e+18  6.59589e+03  2.23094e+06  3.77168e-19  0.00000e+00  0.00000e+00  1.56689e-06
0231  5.02354e+18  6.60488e+03  2.22631e+06  3.71607e-19  0.00000e+00  0.00000e+00  1.55606e-06
0232  5.04094e+18  6.61383e+03  2.22169e+06  3.66148e-19  0.00000e+00  0.00000e+00  1.54534e-06
0233  5.05833e+18  6.62273e+03  2.21709e+06  3.60787e-19  0.00000e+00  0.00000e+00  1.53474e-06
0234  5.07572e+18  6.63159e+03  2.21251e+06  3.55523e-19  0.00000e+00  0.00000e+00  1.52424e-06
0235  5.09311e+18  6.64041e+03  2.20795e+06  3.50354e-19  0.00000e+00  0.00000e+00  1.51384e-06
0236  5.11051e+18  6.64918e+03  2.20340e+06  3.45278e-19  0.00000e+00  0.00000e+00  1.50356e-06
0237  5.12790e+18  6.65791e+03  2.19887e+06  3.40292e-19  0.00000e+00  0.00000e+00  1.49337e-06
0238  5.14529e+18  6.66660e+03  2.19436e+06  3.35395e-19  0.00000e+00  0.00000e+00  1.48330e-06
0239  5.16268e+18  6.67525e+03  2.18987e+06  3.30586e-19  0.00000e+00  0.00000e+00  1.47332e-06
0240  5.18008e+18  6.68385e+03  2.18539e+06  3.25862e-19  0.00000e+00  0.00000e+00  1.46344e-06
0241  5.19747e+18  6.69240e+03  2.18093e+06  3.21221e-19  0.00000e+00  0.00000e+00  1.45366e-06
0242  5.21486e+18  6.70091e+03  2.17649e+06  3.16662e-19  0.00000e+00  0.00000e+00  1.44398e-06
0243  5.23225e+18  6.70938e+03  2.17206e+06  3.12183e-19  0.00000e+00  0.00000e+00  1.43440e-06
0244  5.24965e+18  6.71780e+03  2.16764e+06  3.07783e-19  0.00000e+00  0.00000e+00  1.42491e-06
0245  5.26704e+18  6.72617e+03  2.16324e+06  3.03459e-19  0.00000e+00  0.00000e+00  1.41552e-06
0246  5.28443e+18  6.73450e+03  2.15886e+06  2.99210e-19  0.00000e+00  0.00000e+00  1.40621e-06
0247  5.30182e+18  6.74279e+03  2.15449e+06  2.95034e-19  0.00000e+00  0.00000e+00  1.39700e-06
0248  5.31922e+18  6.75103e+03  2.15013e+06  2.90930e-19  0.00000e+00  0.00000e+00  1.38788e-06
0249  5.33661e+18  6.75923e+03  2.14579e+06  2.86897e-19  0.00000e+00  0.00000e+00  1.37885e-06
0250  5.35400e+18  6.76738e+03  2.14146e+06  2.82933e-19  0.00000e+00  0.00000e+00  1.36991e-06
0251  5.37139e+18  6.77550e+03  2.13715e+06  2.79037e-19  0.00000e+00  0.00000e+00  1.36105e-06
0252  5.38879e+18  6.78356e+03  2.13285e+06  2.75208e-19  0.00000e+00  0.00000e+00  1.35228e-06
0253  5.40618e+18  6.79159e+03  2.12857e+06  2.71444e-19  0.00000e+00  0.00000e+00  1.34359e-06
0254  5.42357e+18  6.79957e+03  2.12430e+06  2.67744e-19  0.00000e+00  0.00000e+00  1.33499e-06
0255  5.44096e+18  6.80750e+03  2.12004e+06  2.64106e-19  0.00000e+00  0.00000e+00  1.32647e-06
0256  5.45836e+18  6.81539e+03  2.11579e+06  2.60530e-19  0.00000e+00  0.00000e+00  1.31803e-06
0257  5.47575e+18  6.82324e+03  2.11156e+06  2.57014e-19  0.00000e+00  0.00000e+00  1.30967e-06
0258  5.49314e+18  6.83104e+03  2.10734e+06  2.53557e-19  0.00000e+00  0.00000e+00  1.30139e-06
0259  5.51053e+18  6.83880e+03  2.10313e+06  2.50158e-19  0.00000e+00  0.00000e+00  1.29318e-06
0260  5.52793e+18  6.84652e+03  2.09894e+06  2.46816e-19  0.00000e+00  0.00000e+00  1.28506e-06
0261  5.54532e+18  6.85419e+03  2.09476e+06  2.43529e-19  0.00000e+00  0.00000e+00  1.27701e-06
0262  5.56271e+18  6.86182e+03  2.09059e+06  2.40296e-19  0.00000e+00  0.00000e+00  1.26904e-06
0263  5.58010e+18  6.86941e+03  2.08643e+06  2.37117e-19  0.00000e+00  0.00000e+00  1.26114e-06
0264  5.59750e+18  6.87696e+03  2.08228e+06  2.33991e-19  0.00000e+00  0.00000e+00  1.25331e-06
0265  5.61489e+18  6.88447e+03  2.07815e+06  2.30915e-19  0.00000e+00  0.00000e+00  1.24556e-06
0266  5.63228e+18  6.89193e+03  2.07403e+06  2.27890e-19  0.00000e+00  0.00000e+00  1.23788e-06
0267  5.64967e+18  6.89936e+03  2.06993e+06  2.24914e-19  0.00000e+00  0.00000e+00  1.23027e-06
0268  5.66707e+18  6.90675e+03  2.06583e+06  2.21986e-19  0.00000e+00  0.00000e+00  1.22273e-06
0269  5.68446e+18  6.91410e+03  2.06175e+06  2.19106e-19  0.00000e+00  0.00000e+00  1.21526e-06
0270  5.70185e+18  6.92141e+03  2.05769e+06  2.16272e-19  0.00000e+00  0.00000e+00  1.20786e-06
0271  5.71924e+18  6.92869e+03  2.05363e+06  2.13483e-19  0.00000e+00  0.00000e+00  1.20052e-06
0272  5.73664e+18  6.93593e+03  2.04959e+06  2.10739e-19  0.00000e+00  0.00000e+00  1.19325e-06
0273  5.75403e+18  6.94314e+03  2.04556e+06  2.08039e-19  0.00000e+00  0.00000e+00  1.18605e-06
0274  5.77142e+18  6.95032e+03  2.04155e+06  2.05382e-19  0.00000e+00  0.00000e+00  1.17891e-06
0275  5.78881e+18  6.95746e+03  2.03755e+06  2.02766e-19  0.00000e+00  0.00000e+00  1.17184e-06
0276  5.80620e+18  6.96458e+03  2.03356e+06  2.00192e-19  0.00000e+00  0.00000e+00  1.16483e-06
0277  5.82360e+18  6.97166e+03  2.02959e+06  1.97659e-19  0.00000e+00  0.00000e+00  1.15788e-06
0278  5.84099e+18  6.97872e+03  2.02563e+06  1.95165e-19  0.00000e+00  0.00000e+00  1.15100e-06
0279  5.85838e+18  6.98575e+03  2.02169e+06  1.92709e-19  0.00000e+00  0.00000e+00  1.14417e-06
0280  5.87577e+18  6.99275e+03  2.01776e+06  1.90292e-19  0.00000e+00  0.00000e+00  1.13741e-06
0281  5.89317e+18  6.99972e+03  2.01384e+06  1.87913e-19  0.00000e+00  0.00000e+00  1.13071e-06
0282  5.91056e+18  7.00667e+03  2.00994e+06  1.85570e-19  0.00000e+00  0.00000e+00  1.12406e-06
0283  5.92795e+18  7.01359e+03  2.00605e+06  1.83264e-19  0.00000e+00  0.00000e+00  1.11748e-06
0284  5.94534e+18  7.02048e+03  2.00218e+06  1.80992e-19  0.00000e+00  0.00000e+00  1.11095e-06
0285  5.96274e+18  7.02735e+03  1.99832e+06  1.78756e-19  0.00000e+00  0.00000e+00  1.10448e-06
0286  5.98013e+18  7.03419e+03  1.99448e+06  1.76554e-19  0.00000e+00  0.00000e+00  1.09806e-06
0287  5.99752e+18  7.04101e+03  1.99064e+06  1.74385e-19  0.00000e+00  0.00000e+00  1.09170e-06
0288  6.01491e+18  7.04781e+03  1.98683e+06  1.72249e-19  0.00000e+00  0.00000e+00  1.08540e-06
0289  6.03231e+18  7.05458e+03  1.98303e+06  1.70145e-19  0.00000e+00  0.00000e+00  1.07915e-06
0290  6.04970e+18  7.06133e+03  1.97924e+06  1.68073e-19  0.00000e+00  0.00000e+00  1.07295e-06
0291  6.06709e+18  7.06806e+03  1.97546e+06  1.66032e-19  0.00000e+00  0.00000e+00  1.06681e-06
0292  6.08448e+18  7.07476e+03  1.97170e+06  1.64022e-19  0.00000e+00  0.00000e+00  1.06072e-06
0293  6.10188e+18  7.08144e+03  1.96795e+06  1.62042e-19  0.00000e+00  0.00000e+00  1.05468e-06
0294  6.11927e+18  7.08810e+03  1.96422e+06  1.60091e-19  0.00000e+00  0.00000e+00  1.04869e-06
0295  6.13666e+18  7.09473e+03  1.96050e+06  1.58169e-19  0.00000e+00  0.00000e+00  1.04276e-06
0296  6.15405e+18  7.10134e+03  1.95679e+06  1.56276e-19  0.00000e+00  0.00000e+00  1.03687e-06
0297  6.17145e+18  7.10793e+03  1.95309e+06  1.54411e-19  0.00000e+00  0.00000e+00  1.03104e-06
0298  6.18884e+18  7.11449e+03  1.94941e+06  1.52573e-19  0.00000e+00  0.00000e+00  1.02525e-06
0299  6.20623e+18  7.12103e+03  1.94574e+06  1.50762e-19  0.00000e+00  0.00000e+00  1.01951e-06
0300  6.22362e+18  7.12755e+03  1.94209e+06  1.48978e-19  0.00000e+00  0.00000e+00  1.01382e-06
0301  6.24102e+18  7.13405e+03  1.93844e+06  1.47220e-19  0.00000e+00  0.00000e+00  1.00818e-06
0302  6.25841e+18  7.14052e+03  1.93481e+06  1.45488e-19  0.00000e+00  0.00000e+00  1.00258e-06
0303  6.27580e+18  7.14698e+03  1.93120e+06  1.43780e-19  0.00000e+00  0.00000e+00  9.97032e-07
0304  6.29319e+18  7.15341e+03  1.92760e+06  1.42098e-19  0.00000e+00  0.00000e+00  9.91529e-07
0305  6.31059e+18  7.15983e+03  1.92401e+06  1.40439e-19  0.00000e+00  0.00000e+00  9.86071e-07
0306  6.32798e+18  7.16622e+03  1.92043e+06  1.38805e-19  0.00000e+00  0.00000e+00  9.80658e-07
0307  6.34537e+18  7.17260e+03  1.91687e+06  1.37194e-19  0.00000e+00  0.00000e+00  9.75289e-07
0308  6.36276e+18  7.17895e+03  1.91332e+06  1.35606e-19  0.00000e+00  0.00000e+00  9.69965e-07
0309  6.38016e+18  7.18529e+03  1.90978e+06  1.34040e-19  0.00000e+00  0.00000e+00  9.64684e-07
0310  6.39755e+18  7.19160e+03  1.90626e+06  1.32497e-19  0.00000e+00  0.00000e+00  9.59445e-07
0311  6.41494e+18  7.19790e+03  1.90275e+06  1.30976e-19  0.00000e+00  0.00000e+00  9.54250e-07
0312  6.43233e+18  7.20417e+03  1.89925e+06  1.29477e-19  0.00000e+00  0.00000e+00  9.49097e-07
0313  6.44973e+18  7.21042e+03  1.89576e+06  1.27998e-19  0.00000e+00  0.00000e+00  9.43985e-07
0314  6.46712e+18  7.21665e+03  1.89229e+06  1.26541e-19  0.00000e+00  0.00000e+00  9.38914e-07
0315  6.48451e+18  7.22286e+03  1.88882e+06  1.25104e-19  0.00000e+00  0.00000e+00  9.33884e-07
0316  6.50190e+18  7.22905e+03  1.88537e+06  1.23687e-19  0.00000e+00  0.00000e+00  9.28895e-07
0317  6.51930e+18  7.23522e+03  1.88193e+06  1.22290e-19  0.00000e+00  0.00000e+00  9.23945e-07
0318  6.53669e+18  7.24137e+03  1.87851e+06  1.20913e-19  0.00000e+00  0.00000e+00  9.19035e-07
0319  6.55408e+18  7.24749e+03  1.87509e+06  1.19555e-19  0.00000e+00  0.00000e+00  9.14164e-07
0320  6.57147e+18  7.25360e+03  1.87168e+06  1.18215e-19  0.00000e+00  0.00000e+00  9.09331e-07
0321  6.58887e+18  7.25968e+03  1.86829e+06  1.16895e-19  0.00000e+00  0.00000e+00  9.04537e-07
0322  6.60626e+18  7.26575e+03  1.86491e+06  1.15592e-19  0.00000e+00  0.00000e+00  8.99780e-07
0323  6.62365e+18  7.27179e+03  1.86154e+06  1.14307e-19  0.00000e+00  0.00000e+00  8.95061e-07
0324  6.64104e+18  7.27782e+03  1.85818e+06  1.13040e-19  0.00000e+00  0.00000e+00  8.90379e-07
0325  6.65844e+18  7.28382e+03  1.85483e+06  1.11791e-19  0.00000e+00  0.00000e+00  8.85733e-07
0326  6.67583e+18  7.28980e+03  1.85150e+06  1.10558e-19  0.00000e+00  0.00000e+00  8.81124e-07
0327  6.69322e+18  7.29577e+03  1.84817e+06  1.09343e-19  0.00000e+00  0.00000e+00  8.76551e-07
0328  6.71061e+18  7.30171e+03  1.84486e+06  1.08143e-19  0.00000e+00  0.00000e+00  8.72013e-07
0329  6.72801e+18  7.30764e+03  1.84156e+06  1.06952e-19  0.00000e+00  0.00000e+00  8.67511e-07
0330  6.74540e+18  7.31355e+03  1.83826e+06  1.05784e-19  0.00000e+00  0.00000e+00  8.63043e-07
0331  6.76279e+18  7.31943e+03  1.83498e+06  1.04631e-19  0.00000e+00  0.00000e+00  8.58609e-07
0332  6.78018e+18  7.32530e+03  1.83171e+06  1.03495e-19  0.00000e+00  0.00000e+00  8.54210e-07
0333  6.79758e+18  7.33115e+03  1.82845e+06  1.02373e-19  0.00000e+00  0.00000e+00  8.49844e-07
0334  6.81497e+18  7.33697e+03  1.82521e+06  1.01267e-19  0.00000e+00  0.00000e+00  8.45512e-07
0335  6.83236e+18  7.34278e+03  1.82197e+06  1.00175e-19  0.00000e+00  0.00000e+00  8.41213e-07
0336  6.84975e+18  7.34856e+03  1.81874e+06  9.90978e-20  0.00000e+00  0.00000e+00  8.36946e-07
0337  6.86715e+18  7.35433e+03  1.81552e+06  9.80350e-20  0.00000e+00  0.00000e+00  8.32712e-07
0338  6.88454e+18  7.36007e+03  1.81232e+06  9.69864e-20  0.00000e+00  0.00000e+00  8.28510e-07
0339  6.90193e+18  7.36579e+03  1.80912e+06  9.59517e-20  0.00000e+00  0.00000e+00  8.24340e-07
0340  6.91932e+18  7.37149e+03  1.80594e+06  9.49307e-20  0.00000e+00  0.00000e+00  8.20201e-07
0341  6.93672e+18  7.37717e+03  1.80276e+06  9.39231e-20  0.00000e+00  0.00000e+00  8.16093e-07
0342  6.95411e+18  7.38283e+03  1.79960e+06  9.29288e-20  0.00000e+00  0.00000e+00  8.12016e-07
0343  6.97150e+18  7.38847e+03  1.79644e+06  9.19476e-20  0.00000e+00  0.00000e+00  8.07970e-07
0344  6.98889e+18  7.39409e+03  1.79330e+06  9.09791e-20  0.00000e+00  0.00000e+00  8.03953e-07
0345  7.00629e+18  7.39970e+03  1.79016e+06  9.00233e-20  0.00000e+00  0.00000e+00  7.99967e-07
0346  7.02368e+18  7.40528e+03  1.78704e+06  8.90800e-20  0.00000e+00  0.00000e+00  7.96010e-07
0347  7.04107e+18  7.41084e+03  1.78393e+06  8.81489e-20  0.00000e+00  0.00000e+00  7.92082e-07
0348  7.05846e+18  7.41639e+03  1.78082e+06  8.72298e-20  0.00000e+00  0.00000e+00  7.88183e-07
0349  7.07586e+18  7.42192e+03  1.77773e+06  8.63226e-20  0.00000e+00  0.00000e+00  7.84313e-07
0350  7.09325e+18  7.42743e+03  1.77465e+06  8.54270e-20  0.00000e+00  0.00000e+00  7.80472e-07
0351  7.11064e+18  7.43293e+03  1.77158e+06  8.45430e-20  0.00000e+00  0.00000e+00  7.76658e-07
0352  7.12803e+18  7.43840e+03  1.76852e+06  8.36702e-20  0.00000e+00  0.00000e+00  7.72873e-07
0353  7.14543e+18  7.44387e+03  1.76547e+06  8.28086e-20  0.00000e+00  0.00000e+00  7.69115e-07
0354  7.16282e+18  7.44932e+03  1.76243e+06  8.19579e-20  0.00000e+00  0.00000e+00  7.65385e-07
0355  7.18021e+18  7.45475e+03  1.75940e+06  8.11180e-20  0.00000e+00  0.00000e+00  7.61681e-07
0356  7.19760e+18  7.46017e+03  1.75638e+06  8.02887e-20  0.00000e+00  0.00000e+00  7.58004e-07
0357  7.21500e+18  7.46558e+03  1.75337e+06  7.94699e-20  0.00000e+00  0.00000e+00  7.54354e-07
0358  7.23239e+18  7.47097e+03  1.75037e+06  7.86614e-20  0.00000e+00  0.00000e+00  7.50731e-07
0359  7.24978e+18  7.47635e+03  1.74738e+06  7.78630e-20  0.00000e+00  0.00000e+00  7.47133e-07
0360  7.26717e+18  7.48171e+03  1.74441e+06  7.70746e-20  0.00000e+00  0.00000e+00  7.43561e-07
0361  7.28457e+18  7.48707e+03  1.74144e+06  7.62960e-20  0.00000e+00  0.00000e+00  7.40015e-07
0362  7.30196e+18  7.49241e+03  1.73848e+06  7.55272e-20  0.00000e+00  0.00000e+00  7.36493e-07
0363  7.31935e+18  7.49773e+03  1.73554e+06  7.47678e-20  0.00000e+00  0.00000e+00  7.32997e-07
0364  7.33674e+18  7.50305e+03  1.73260e+06  7.40179e-20  0.00000e+00  0.00000e+00  7.29526e-07
0365  7.35414e+18  7.50835e+03  1.72968e+06  7.32773e-20  0.00000e+00  0.00000e+00  7.26080e-07
0366  7.37153e+18  7.51364e+03  1.72676e+06  7.25458e-20  0.00000e+00  0.00000e+00  7.22658e-07
0367  7.38892e+18  7.51892e+03  1.72386e+06  7.18232e-20  0.00000e+00  0.00000e+00  7.19259e-07
0368  7.40631e+18  7.52418e+03  1.72097e+06  7.11096e-20  0.00000e+00  0.00000e+00  7.15885e-07
0369  7.42371e+18  7.52943e+03  1.71808e+06  7.04047e-20  0.00000e+00  0.00000e+00  7.12535e-07
0370  7.44110e+18  7.53467e+03  1.71521e+06  6.97084e-20  0.00000e+00  0.00000e+00  7.09208e-07
0371  7.45849e+18  7.53989e+03  1.71235e+06  6.90206e-20  0.00000e+00  0.00000e+00  7.05904e-07
0372  7.47588e+18  7.54511e+03  1.70949e+06  6.83412e-20  0.00000e+00  0.00000e+00  7.02623e-07
0373  7.49328e+18  7.55031e+03  1.70665e+06  6.76700e-20  0.00000e+00  0.00000e+00  6.99365e-07
0374  7.51067e+18  7.55550e+03  1.70382e+06  6.70069e-20  0.00000e+00  0.00000e+00  6.96130e-07
0375  7.52806e+18  7.56068e+03  1.70099e+06  6.63518e-20  0.00000e+00  0.00000e+00  6.92917e-07
0376  7.54545e+18  7.56584e+03  1.69818e+06  6.57046e-20  0.00000e+00  0.00000e+00  6.89727e-07
0377  7.56285e+18  7.57100e+03  1.69538e+06  6.50652e-20  0.00000e+00  0.00000e+00  6.86558e-07
0378  7.58024e+18  7.57615e+03  1.69259e+06  6.44334e-20  0.00000e+00  0.00000e+00  6.83411e-07
0379  7.59763e+18  7.58128e+03  1.68980e+06  6.38092e-20  0.00000e+00  0.00000e+00  6.80286e-07
0380  7.61502e+18  7.58641e+03  1.68703e+06  6.31924e-20  0.00000e+00  0.00000e+00  6.77182e-07
0381  7.63242e+18  7.59152e+03  1.68427e+06  6.25829e-20  0.00000e+00  0.00000e+00  6.74099e-07
0382  7.64981e+18  7.59663e+03  1.68152e+06  6.19807e-20  0.00000e+00  0.00000e+00  6.71037e-07
0383  7.66720e+18  7.60172e+03  1.67877e+06  6.13857e-20  0.00000e+00  0.00000e+00  6.67996e-07
0384  7.68459e+18  7.60680e+03  1.67604e+06  6.07976e-20  0.00000e+00  0.00000e+00  6.64976e-07
0385  7.70199e+18  7.61187e+03  1.67332e+06  6.02165e-20  0.00000e+00  0.00000e+00  6.61976e-07
0386  7.71938e+18  7.61692e+03  1.67061e+06  5.96423e-20  0.00000e+00  0.00000e+00  6.58996e-07
0387  7.73677e+18  7.62197e+03  1.66790e+06  5.90748e-20  0.00000e+00  0.00000e+00  6.56037e-07
0388  7.75416e+18  7.62700e+03  1.66521e+06  5.85140e-20  0.00000e+00  0.00000e+00  6.53097e-07
0389  7.77156e+18  7.63201e+03  1.66252e+06  5.79598e-20  0.00000e+00  0.00000e+00  6.50177e-07
0390  7.78895e+18  7.63701e+03  1.65985e+06  5.74121e-20  0.00000e+00  0.00000e+00  6.47277e-07
0391  7.80634e+18  7.64203e+03  1.65717e+06  5.68705e-20  0.00000e+00  0.00000e+00  6.44396e-07
0392  7.82373e+18  7.64694e+03  1.65453e+06  5.63359e-20  0.00000e+00  0.00000e+00  6.41534e-07
0393  7.84113e+18  7.65200e+03  1.65185e+06  5.58065e-20  0.00000e+00  0.00000e+00  6.38691e-07
0394  7.85852e+18  7.65726e+03  1.64925e+06  5.52813e-20  0.00000e+00  0.00000e+00  6.35867e-07
0395  7.87591e+18  7.65919e+03  1.64675e+06  5.47874e-20  0.00000e+00  0.00000e+00  6.33062e-07
0396  7.89330e+18  7.68702e+03  1.64253e+06  5.41073e-20  0.00000e+00  0.00000e+00  6.30275e-07
0397  7.91070e+18  7.51182e+03  1.67284e+06  5.48761e-20  0.00000e+00  0.00000e+00  6.27507e-07
0398  7.92809e+18  3.41814e+03  4.10321e+06  9.33375e-20  0.00000e+00  0.00000e+00  6.24756e-07
0399  7.94548e+18  2.81300e+03  4.58494e+06  9.96021e-20  0.00000e+00  0.00000e+00  6.22024e-07
0400  7.96287e+18  2.80663e+03  4.58436e+06  9.88279e-20  0.00000e+00  0.00000e+00  6.19310e-07
0401  7.98027e+18  2.79311e+03  4.58702e+06  9.81262e-20  0.00000e+00  0.00000e+00  6.16613e-07
0402  7.99766e+18  2.77602e+03  4.59272e+06  9.74430e-20  0.00000e+00  0.00000e+00  6.13934e-07
0403  8.01505e+18  2.75728e+03  4.60115e+06  9.67514e-20  0.00000e+00  0.00000e+00  6.11273e-07
0404  8.03244e+18  2.73950e+03  4.60916e+06  9.60474e-20  0.00000e+00  0.00000e+00  6.08629e-07
0405  8.04984e+18  2.72374e+03  4.61485e+06  9.53392e-20  0.00000e+00  0.00000e+00  6.06001e-07
0406  8.06723e+18  2.70923e+03  4.61915e+06  9.46292e-20  0.00000e+00  0.00000e+00  6.03391e-07
0407  8.08462e+18  2.69451e+03  4.62385e+06  9.39167e-20  0.00000e+00  0.00000e+00  6.00798e-07
0408  8.10201e+18  2.67886e+03  4.62977e+06  9.31999e-20  0.00000e+00  0.00000e+00  5.98221e-07
0409  8.11940e+18  2.66276e+03  4.63633e+06  9.24781e-20  0.00000e+00  0.00000e+00  5.95661e-07
0410  8.13680e+18  2.64722e+03  4.64239e+06  9.17533e-20  0.00000e+00  0.00000e+00  5.93117e-07
0411  8.15419e+18  2.63262e+03  4.64747e+06  9.10283e-20  0.00000e+00  0.00000e+00  5.90590e-07
0412  8.17158e+18  2.61854e+03  4.65205e+06  9.03029e-20  0.00000e+00  0.00000e+00  5.88078e-07
0413  8.18897e+18  2.60436e+03  4.65685e+06  8.99239e-20  0.00000e+00  0.00000e+00  5.85583e-07
0414  8.20637e+18  2.58990e+03  4.66210e+06  8.93856e-20  0.00000e+00  0.00000e+00  5.83104e-07
0415  8.22376e+18  2.57545e+03  4.66746e+06  8.88460e-20  0.00000e+00  0.00000e+00  5.80640e-07
0416  8.24115e+18  2.56136e+03  4.67247e+06  8.83025e-20  0.00000e+00  0.00000e+00  5.78191e-07
0417  8.25854e+18  2.54773e+03  4.67703e+06  8.77553e-20  0.00000e+00  0.00000e+00  5.75759e-07
0418  8.27594e+18  2.53432e+03  4.68139e+06  8.72060e-20  0.00000e+00  0.00000e+00  5.73341e-07
0419  8.29333e+18  2.52092e+03  4.68583e+06  8.66559e-20  0.00000e+00  0.00000e+00  5.70939e-07
0420  8.31072e+18  2.50750e+03  4.69037e+06  8.61051e-20  0.00000e+00  0.00000e+00  5.68552e-07
0421  8.32811e+18  2.49420e+03  4.69485e+06  8.55528e-20  0.00000e+00  0.00000e+00  5.66180e-07
0422  8.34551e+18  2.48113e+03  4.69910e+06  8.49988e-20  0.00000e+00  0.00000e+00  5.63822e-07
0423  8.36290e+18  2.46830e+03  4.70313e+06  8.44431e-20  0.00000e+00  0.00000e+00  5.61479e-07
0424  8.38029e+18  2.45561e+03  4.70708e+06  8.38861e-20  0.00000e+00  0.00000e+00  5.59151e-07
0425  8.39768e+18  2.44300e+03  4.71104e+06  8.33279e-20  0.00000e+00  0.00000e+00  5.56837e-07
0426  8.41508e+18  2.43047e+03  4.71501e+06  8.27681e-20  0.00000e+00  0.00000e+00  5.54538e-07
0427  8.43247e+18  2.41810e+03  4.71892e+06  8.22067e-20  0.00000e+00  0.00000e+00  5.52253e-07
0428  8.44986e+18  2.40591e+03  4.72273e+06  8.16437e-20  0.00000e+00  0.00000e+00  5.49982e-07
0429  8.46725e+18  2.39390e+03  4.72647e+06  8.10793e-20  0.00000e+00  0.00000e+00  5.47725e-07
0430  8.48465e+18  2.38201e+03  4.73019e+06  8.05134e-20  0.00000e+00  0.00000e+00  5.45481e-07
0431  8.50204e+18  2.37024e+03  4.73390e+06  7.99462e-20  0.00000e+00  0.00000e+00  5.43252e-07
0432  8.51943e+18  2.35858e+03  4.73759e+06  7.93778e-20  0.00000e+00  0.00000e+00  5.41036e-07
0433  8.53682e+18  2.34705e+03  4.74122e+06  7.88087e-20  0.00000e+00  0.00000e+00  5.38834e-07
0434  8.55422e+18  2.33566e+03  4.74476e+06  7.82390e-20  0.00000e+00  0.00000e+00  5.36645e-07
0435  8.57161e+18  2.32438e+03  4.74822e+06  7.76688e-20  0.00000e+00  0.00000e+00  5.34469e-07
0436  8.58900e+18  2.31319e+03  4.75162e+06  7.70983e-20  0.00000e+00  0.00000e+00  5.32307e-07
0437  8.60639e+18  2.30210e+03  4.75496e+06  7.65275e-20  0.00000e+00  0.00000e+00  5.30158e-07
0438  8.62379e+18  2.29110e+03  4.75823e+06  7.59564e-20  0.00000e+00  0.00000e+00  5.28021e-07
0439  8.64118e+18  2.28020e+03  4.76143e+06  7.53851e-20  0.00000e+00  0.00000e+00  5.25898e-07
0440  8.65857e+18  2.26940e+03  4.76457e+06  7.48135e-20  0.00000e+00  0.00000e+00  5.23787e-07
0441  8.67596e+18  2.25870e+03  4.76766e+06  7.42416e-20  0.00000e+00  0.00000e+00  5.21689e-07
0442  8.69336e+18  2.24809e+03  4.77071e+06  7.36694e-20  0.00000e+00  0.00000e+00  5.19604e-07
0443  8.71075e+18  2.23758e+03  4.77373e+06  7.30967e-20  0.00000e+00  0.00000e+00  5.17531e-07
0444  8.72814e+18  2.22717e+03  4.77670e+06  7.25238e-20  0.00000e+00  0.00000e+00  5.15471e-07
0445  8.74553e+18  2.21685e+03  4.77963e+06  7.19507e-20  0.00000e+00  0.00000e+00  5.13422e-07
0446  8.76293e+18  2.20664e+03  4.78253e+06  7.13774e-20  0.00000e+00  0.00000e+00  5.11386e-07
0447  8.78032e+18  2.19652e+03  4.78539e+06  7.08039e-20  0.00000e+00  0.00000e+00  5.09362e-07
0448  8.79771e+18  2.18649e+03  4.78822e+06  7.02302e-20  0.00000e+00  0.00000e+00  5.07350e-07
0449  8.81510e+18  2.17655e+03  4.79102e+06  6.96564e-20  0.00000e+00  0.00000e+00  5.05350e-07
0450  8.83250e+18  2.16670e+03  4.79379e+06  6.91023e-20  0.00000e+00  0.00000e+00  5.03362e-07
0451  8.84989e+18  2.15692e+03  4.79653e+06  6.85727e-20  0.00000e+00  0.00000e+00  5.01386e-07
0452  8.86728e+18  2.14721e+03  4.79922e+06  6.80431e-20  0.00000e+00  0.00000e+00  4.99421e-07
0453  8.88467e+18  2.13757e+03  4.80185e+06  6.75137e-20  0.00000e+00  0.00000e+00  4.97467e-07
0454  8.90207e+18  2.12799e+03  4.80441e+06  6.69848e-20  0.00000e+00  0.00000e+00  4.95525e-07
0455  8.91946e+18  2.11846e+03  4.80688e+06  6.64564e-20  0.00000e+00  0.00000e+00  4.93595e-07
0456  8.93685e+18  2.10900e+03  4.80926e+06  6.59286e-20  0.00000e+00  0.00000e+00  4.91675e-07
0457  8.95424e+18  2.09959e+03  4.81155e+06  6.54014e-20  0.00000e+00  0.00000e+00  4.89767e-07
0458  8.97164e+18  2.09025e+03  4.81373e+06  6.48748e-20  0.00000e+00  0.00000e+00  4.87870e-07
0459  8.98903e+18  2.08096e+03  4.81583e+06  6.43488e-20  0.00000e+00  0.00000e+00  4.85984e-07
0460  9.00642e+18  2.07172e+03  4.81784e+06  6.38233e-20  0.00000e+00  0.00000e+00  4.84109e-07
0461  9.02381e+18  2.06253e+03  4.81975e+06  6.32984e-20  0.00000e+00  0.00000e+00  4.82244e-07
0462  9.04121e+18  2.05339e+03  4.82157e+06  6.27741e-20  0.00000e+00  0.00000e+00  4.80391e-07
0463  9.05860e+18  2.04430e+03  4.82328e+06  6.22503e-20  0.00000e+00  0.00000e+00  4.78548e-07
0464  9.07599e+18  2.03524e+03  4.82490e+06  6.17271e-20  0.00000e+00  0.00000e+00  4.76716e-07
0465  9.09338e+18  2.02623e+03  4.82643e+06  6.12043e-20  0.00000e+00  0.00000e+00  4.74894e-07
0466  9.11078e+18  2.01727e+03  4.82788e+06  6.06819e-20  0.00000e+00  0.00000e+00  4.73082e-07
0467  9.12817e+18  2.00836e+03  4.82927e+06  6.01596e-20  0.00000e+00  0.00000e+00  4.71281e-07
0468  9.14556e+18  1.99952e+03  4.83061e+06  5.96374e-20  0.00000e+00  0.00000e+00  4.69490e-07
0469  9.16295e+18  1.99074e+03  4.83193e+06  5.91152e-20  0.00000e+00  0.00000e+00  4.67710e-07
0470  9.18035e+18  1.98202e+03  4.83321e+06  5.85930e-20  0.00000e+00  0.00000e+00  4.65939e-07
0471  9.19774e+18  1.97335e+03  4.83444e+06  5.80709e-20  0.00000e+00  0.00000e+00  4.64179e-07
0472  9.21513e+18  1.96473e+03  4.83558e+06  5.75493e-20  0.00000e+00  0.00000e+00  4.62428e-07
0473  9.23252e+18  1.95613e+03  4.83659e+06  5.70281e-20  0.00000e+00  0.00000e+00  4.60688e-07
0474  9.24992e+18  1.94753e+03  4.83744e+06  5.65077e-20  0.00000e+00  0.00000e+00  4.58957e-07
0475  9.26731e+18  1.93894e+03  4.83810e+06  5.59880e-20  0.00000e+00  0.00000e+00  4.57236e-07
0476  9.28470e+18  1.93034e+03  4.83855e+06  5.54692e-20  0.00000e+00  0.00000e+00  4.55524e-07
0477  9.30209e+18  1.92173e+03  4.83879e+06  5.49509e-20  0.00000e+00  0.00000e+00  4.53823e-07
0478  9.31949e+18  1.91311e+03  4.83883e+06  5.44332e-20  0.00000e+00  0.00000e+00  4.52130e-07
0479  9.33688e+18  1.90451e+03  4.83871e+06  5.39158e-20  0.00000e+00  0.00000e+00  4.50447e-07
0480  9.35427e+18  1.89593e+03  4.83843e+06  5.33985e-20  0.00000e+00  0.00000e+00  4.48774e-07
0481  9.37166e+18  1.88737e+03  4.83803e+06  5.28811e-20  0.00000e+00  0.00000e+00  4.47110e-07
0482  9.38906e+18  1.87884e+03  4.83749e+06  5.23637e-20  0.00000e+00  0.00000e+00  4.45455e-07
0483  9.40645e+18  1.87033e+03  4.83683e+06  5.18462e-20  0.00000e+00  0.00000e+00  4.43809e-07
0484  9.42384e+18  1.86184e+03  4.83602e+06  5.13285e-20  0.00000e+00  0.00000e+00  4.42172e-07
0485  9.44123e+18  1.85337e+03  4.83507e+06  5.08106e-20  0.00000e+00  0.00000e+00  4.40545e-07
0486  9.45863e+18  1.84491e+03  4.83395e+06  5.02925e-20  0.00000e+00  0.00000e+00  4.38926e-07
0487  9.47602e+18  1.83646e+03  4.83267e+06  4.97740e-20  0.00000e+00  0.00000e+00  4.37316e-07
0488  9.49341e+18  1.82802e+03  4.83124e+06  4.92550e-20  0.00000e+00  0.00000e+00  4.35715e-07
0489  9.51080e+18  1.81959e+03  4.82966e+06  4.87354e-20  0.00000e+00  0.00000e+00  4.34123e-07
0490  9.52820e+18  1.81119e+03  4.82796e+06  4.82152e-20  0.00000e+00  0.00000e+00  4.32540e-07
0491  9.54559e+18  1.80281e+03  4.82614e+06  4.79283e-20  0.00000e+00  0.00000e+00  4.30965e-07
0492  9.56298e+18  1.79447e+03  4.82422e+06  4.75172e-20  0.00000e+00  0.00000e+00  4.29399e-07
0493  9.58037e+18  1.78616e+03  4.82221e+06  4.71056e-20  0.00000e+00  0.00000e+00  4.27841e-07
0494  9.59777e+18  1.77788e+03  4.82011e+06  4.66936e-20  0.00000e+00  0.00000e+00  4.26292e-07
0495  9.61516e+18  1.76963e+03  4.81792e+06  4.62812e-20  0.00000e+00  0.00000e+00  4.24751e-07
0496  9.63255e+18  1.76143e+03  4.81565e+06  4.58682e-20  0.00000e+00  0.00000e+00  4.23219e-07
0497  9.64994e+18  1.75326e+03  4.81332e+06  4.54545e-20  0.00000e+00  0.00000e+00  4.21695e-07
0498  9.66734e+18  1.74514e+03  4.81093e+06  4.50401e-20  0.00000e+00  0.00000e+00  4.20179e-07
0499  9.68473e+18  1.73706e+03  4.80848e+06  4.46250e-20  0.00000e+00  0.00000e+00  4.18671e-07
0500  9.70212e+18  1.72902e+03  4.80599e+06  4.42091e-20  0.00000e+00  0.00000e+00  4.17171e-07
0501  9.71951e+18  1.72104e+03  4.80345e+06  4.37924e-20  0.00000e+00  0.00000e+00  4.15679e-07
0502  9.73691e+18  1.71310e+03  4.80088e+06  4.33749e-20  0.00000e+00  0.00000e+00  4.14196e-07
0503  9.75430e+18  1.70521e+03  4.79826e+06  4.29565e-20  0.00000e+00  0.00000e+00  4.12720e-07
0504  9.77169e+18  1.69736e+03  4.79561e+06  4.25373e-20  0.00000e+00  0.00000e+00  4.11252e-07
0505  9.78908e+18  1.68956e+03  4.79292e+06  4.21173e-20  0.00000e+00  0.00000e+00  4.09792e-07
0506  9.80648e+18  1.68181e+03  4.79018e+06  4.16964e-20  0.00000e+00  0.00000e+00  4.08340e-07
0507  9.82387e+18  1.67411e+03  4.78741e+06  4.12747e-20  0.00000e+00  0.00000e+00  4.06895e-07
0508  9.84126e+18  1.66645e+03  4.78461e+06  4.08521e-20  0.00000e+00  0.00000e+00  4.05458e-07
0509  9.85865e+18  1.65883e+03  4.78177e+06  4.04286e-20  0.00000e+00  0.00000e+00  4.04029e-07
0510  9.87605e+18  1.65126e+03  4.77889e+06  4.00042e-20  0.00000e+00  0.00000e+00  4.02607e-07
0511  9.89344e+18  1.64374e+03  4.77597e+06  3.95790e-20  0.00000e+00  0.00000e+00  4.01193e-07
0512  9.91083e+18  1.63624e+03  4.77299e+06  3.91528e-20  0.00000e+00  0.00000e+00  3.99786e-07
0513  9.92822e+18  1.62878e+03  4.76995e+06  3.87257e-20  0.00000e+00  0.00000e+00  3.98386e-07
0514  9.94562e+18  1.62135e+03  4.76683e+06  3.82977e-20  0.00000e+00  0.00000e+00  3.96994e-07
0515  9.96301e+18  1.61394e+03  4.76361e+06  3.78687e-20  0.00000e+00  0.00000e+00  3.95609e-07
0516  9.98040e+18  1.60654e+03  4.76029e+06  3.74388e-20  0.00000e+00  0.00000e+00  3.94232e-07
0517  9.99779e+18  1.59916e+03  4.75686e+06  3.70079e-20  0.00000e+00  0.00000e+00  3.92861e-07
0518  1.00152e+19  1.59179e+03  4.75330e+06  3.65759e-20  0.00000e+00  0.00000e+00  3.91498e-07
0519  1.00326e+19  1.58444e+03  4.74960e+06  3.61428e-20  0.00000e+00  0.00000e+00  3.90142e-07
0520  1.00500e+19  1.57709e+03  4.74577e+06  3.57085e-20  0.00000e+00  0.00000e+00  3.88793e-07
0521  1.00674e+19  1.56974e+03  4.74180e+06  3.52729e-20  0.00000e+00  0.00000e+00  3.87450e-07
0522  1.00848e+19  1.56241e+03  4.73769e+06  3.48359e-20  0.00000e+00  0.00000e+00  3.86115e-07
0523  1.01021e+19  1.55508e+03  4.73345e+06  3.43976e-20  0.00000e+00  0.00000e+00  3.84787e-07
0524  1.01195e+19  1.54778e+03  4.72913e+06  3.39577e-20  0.00000e+00  0.00000e+00  3.83465e-07
0525  1.01369e+19  1.54047e+03  4.72462e+06  3.35161e-20  0.00000e+00  0.00000e+00  3.82150e-07
0526  1.01543e+19  1.53311e+03  4.71976e+06  3.30731e-20  0.00000e+00  0.00000e+00  3.80842e-07
0527  1.01717e+19  1.52602e+03  4.71561e+06  3.26289e-20  0.00000e+00  0.00000e+00  3.79541e-07
0528  1.01891e+19  1.51903e+03  4.71193e+06  3.21807e-20  0.00000e+00  0.00000e+00  3.78247e-07
0529  1.02065e+19  1.50722e+03  4.69199e+06  3.17100e-20  0.00000e+00  0.00000e+00  3.76959e-07
0530  1.02239e+19  1.41926e+03  4.43532e+06  3.06795e-20  0.00000e+00  0.00000e+00  3.75677e-07
0531  1.02413e+19  7.46997e+02  2.34808e+06 -6.61243e-20  0.00000e+00  0.00000e+00  3.74402e-07
0532  1.02587e+19  1.03941e+02  2.91216e+05 -1.48664e-17  0.00000e+00  0.00000e+00  3.73134e-07
0533  1.02761e+19  2.26502e+01  6.51706e+04 -3.39404e-17  0.00000e+00  0.00000e+00  3.71872e-07
0534  1.02935e+19  1.47630e+01  4.79959e+04 -4.22462e-18  0.00000e+00  0.00000e+00  3.70616e-07
0535  1.03109e+19  1.46063e+01  4.76184e+04 -3.24955e-19  0.00000e+00  0.00000e+00  3.69367e-07
0536  1.03283e+19  1.47378e+01  4.78405e+04  1.15707e-19  0.00000e+00  0.00000e+00  3.68124e-07
0537  1.03456e+19  1.50365e+01  4.83769e+04  1.34446e-19  0.00000e+00  0.00000e+00  3.66887e-07
0538  1.03630e+19  1.53998e+01  4.90456e+04  1.04730e-19  0.00000e+00  0.00000e+00  3.65657e-07
0539  1.03804e+19  1.57486e+01  4.97040e+04  6.52881e-20  0.00000e+00  0.00000e+00  3.64432e-07
0540  1.03978e+19  1.60547e+01  5.02870e+04  2.67652e-19  0.00000e+00  0.00000e+00  3.63214e-07
0541  1.04152e+19  1.63288e+01  5.07278e+04  3.48139e-20  0.00000e+00  0.00000e+00  3.62002e-07
0542  1.04326e+19  1.65941e+01  5.11605e+04  4.83618e-20  0.00000e+00  0.00000e+00  3.60796e-07
0543  1.04500e+19  1.68646e+01  5.16073e+04  5.67484e-20  0.00000e+00  0.00000e+00  3.59596e-07
0544  1.04674e+19  1.71417e+01  5.20711e+04  6.19500e-20  0.00000e+00  0.00000e+00  3.58402e-07
0545  1.04848e+19  1.74206e+01  5.25444e+04  6.38526e-20  0.00000e+00  0.00000e+00  3.57214e-07
0546  1.05022e+19  1.76969e+01  5.30195e+04  6.42429e-20  0.00000e+00  0.00000e+00  3.56032e-07
0547  1.05196e+19  1.79685e+01  5.34929e+04  6.48452e-20  0.00000e+00  0.00000e+00  3.54856e-07
0548  1.05370e+19  1.82348e+01  5.39631e+04  6.67942e-20  0.00000e+00  0.00000e+00  3.53685e-07
0549  1.05544e+19  1.84941e+01  5.44270e+04  7.02983e-20  0.00000e+00  0.00000e+00  3.52520e-07
0550  1.05717e+19  1.87428e+01  5.48773e+04  7.89083e-20  0.00000e+00  0.00000e+00  3.51361e-07
0551  1.05891e+19  1.89791e+01  5.52877e+04  7.39780e-20  0.00000e+00  0.00000e+00  3.50208e-07
0552  1.06065e+19  1.92016e+01  5.56770e+04  7.80851e-20  0.00000e+00  0.00000e+00  3.49061e-07
0553  1.06239e+19  1.94234e+01  5.60631e+04  8.63234e-20  0.00000e+00  0.00000e+00  3.47919e-07
0554  1.06413e+19  1.96067e+01  5.63776e+04  7.89332e-20  0.00000e+00  0.00000e+00  3.46782e-07
0555  1.06587e+19  1.99753e+01  5.70144e+04  1.22377e-19  0.00000e+00  0.00000e+00  3.45651e-07
