# Athena++ data at time=7.910000e+12  cycle=594246411  variables=uov 
# i       x1v         user_out_var0          user_out_var1          user_out_var2          user_out_var3          user_out_var4          user_out_var5      
0002  1.07548e+18  4.91743e+00  3.03478e+04  7.00234e-16  0.00000e+00  0.00000e+00  3.39500e-05
0003  1.09287e+18  1.05733e+01  4.05225e+04  4.36964e-17  0.00000e+00  0.00000e+00  3.28781e-05
0004  1.11027e+18  1.62646e+01  5.06221e+04  2.32012e-17  0.00000e+00  0.00000e+00  3.18561e-05
0005  1.12766e+18  2.43466e+01  6.52203e+04  3.62524e-17  0.00000e+00  0.00000e+00  3.08811e-05
0006  1.14505e+18  3.72408e+01  9.07757e+04  5.46672e-17  0.00000e+00  0.00000e+00  2.99501e-05
0007  1.16244e+18  5.44228e+01  1.25290e+05  4.34755e-17  0.00000e+00  0.00000e+00  2.90606e-05
0008  1.17983e+18  6.11287e+01  1.34722e+05  1.11942e-17  0.00000e+00  0.00000e+00  2.82102e-05
0009  1.19723e+18  6.61650e+01  1.41341e+05  1.25963e-17  0.00000e+00  0.00000e+00  2.73965e-05
0010  1.21462e+18  7.09837e+01  1.47294e+05  1.09987e-17  0.00000e+00  0.00000e+00  2.66176e-05
0011  1.23201e+18  7.41554e+01  1.49849e+05  6.57276e-18  0.00000e+00  0.00000e+00  2.58714e-05
0012  1.24940e+18  7.71448e+01  1.52286e+05  7.05428e-18  0.00000e+00  0.00000e+00  2.51561e-05
0013  1.26679e+18  8.01579e+01  1.54774e+05  6.91641e-18  0.00000e+00  0.00000e+00  2.44701e-05
0014  1.28419e+18  8.31070e+01  1.57244e+05  6.51892e-18  0.00000e+00  0.00000e+00  2.38118e-05
0015  1.30158e+18  8.59096e+01  1.59530e+05  5.93867e-18  0.00000e+00  0.00000e+00  2.31797e-05
0016  1.31897e+18  8.84728e+01  1.61468e+05  5.34970e-18  0.00000e+00  0.00000e+00  2.25724e-05
0017  1.33636e+18  9.09641e+01  1.63392e+05  5.20892e-18  0.00000e+00  0.00000e+00  2.19887e-05
0018  1.35375e+18  9.34064e+01  1.65320e+05  5.00736e-18  0.00000e+00  0.00000e+00  2.14273e-05
0019  1.37115e+18  9.57702e+01  1.67227e+05  4.43282e-18  0.00000e+00  0.00000e+00  2.08872e-05
0020  1.38854e+18  9.74295e+01  1.67935e+05 -8.37382e-18  0.00000e+00  0.00000e+00  2.03672e-05
0021  1.40593e+18  9.95852e+01  1.69735e+05  4.65015e-18  0.00000e+00  0.00000e+00  1.98665e-05
0022  1.42332e+18  1.01907e+02  1.71804e+05  4.23258e-18  0.00000e+00  0.00000e+00  1.93839e-05
0023  1.44071e+18  1.03554e+02  1.72813e+05  3.10007e-18  0.00000e+00  0.00000e+00  1.89187e-05
0024  1.45811e+18  1.05310e+02  1.74203e+05  3.55246e-18  0.00000e+00  0.00000e+00  1.84701e-05
0025  1.47550e+18  1.07095e+02  1.75662e+05  3.42222e-18  0.00000e+00  0.00000e+00  1.80373e-05
0026  1.49289e+18  1.08789e+02  1.77091e+05  3.22504e-18  0.00000e+00  0.00000e+00  1.76194e-05
0027  1.51028e+18  1.10384e+02  1.78478e+05  3.01517e-18  0.00000e+00  0.00000e+00  1.72160e-05
0028  1.52767e+18  1.11729e+02  1.79682e+05  2.56367e-18  0.00000e+00  0.00000e+00  1.68262e-05
0029  1.54507e+18  1.12499e+02  1.80374e+05  5.35693e-18  0.00000e+00  0.00000e+00  1.64495e-05
0030  1.56246e+18  3.20306e+02  5.42463e+05  5.84105e-16  0.00000e+00  0.00000e+00  1.60854e-05
0031  1.57985e+18  6.71991e+02  9.21413e+05  2.33068e-16  0.00000e+00  0.00000e+00  1.57331e-05
0032  1.59724e+18  8.85817e+02  1.17577e+06  1.54623e-16  0.00000e+00  0.00000e+00  1.53924e-05
0033  1.61463e+18  1.04444e+03  1.35232e+06  1.30787e-16  0.00000e+00  0.00000e+00  1.50626e-05
0034  1.63203e+18  1.18304e+03  1.49717e+06  1.18680e-16  0.00000e+00  0.00000e+00  1.47432e-05
0035  1.64942e+18  1.31299e+03  1.62459e+06  1.08998e-16  0.00000e+00  0.00000e+00  1.44340e-05
0036  1.66681e+18  1.43758e+03  1.74004e+06  1.00648e-16  0.00000e+00  0.00000e+00  1.41343e-05
0037  1.68420e+18  1.55775e+03  1.84510e+06  9.26990e-17  0.00000e+00  0.00000e+00  1.38439e-05
0038  1.70160e+18  1.67324e+03  1.94069e+06  8.51180e-17  0.00000e+00  0.00000e+00  1.35623e-05
0039  1.71899e+18  1.78350e+03  2.02715e+06  7.79776e-17  0.00000e+00  0.00000e+00  1.32893e-05
0040  1.73638e+18  1.88902e+03  2.10620e+06  7.21472e-17  0.00000e+00  0.00000e+00  1.30244e-05
0041  1.75377e+18  1.99092e+03  2.17853e+06  6.69919e-17  0.00000e+00  0.00000e+00  1.27674e-05
0042  1.77116e+18  2.08928e+03  2.24467e+06  6.21472e-17  0.00000e+00  0.00000e+00  1.25178e-05
0043  1.78856e+18  2.18393e+03  2.30516e+06  5.77030e-17  0.00000e+00  0.00000e+00  1.22756e-05
0044  1.80595e+18  2.27514e+03  2.36073e+06  5.37954e-17  0.00000e+00  0.00000e+00  1.20403e-05
0045  1.82334e+18  2.36324e+03  2.41170e+06  5.01805e-17  0.00000e+00  0.00000e+00  1.18117e-05
0046  1.84073e+18  2.44810e+03  2.45854e+06  4.68530e-17  0.00000e+00  0.00000e+00  1.15895e-05
0047  1.85813e+18  2.52974e+03  2.50167e+06  4.37986e-17  0.00000e+00  0.00000e+00  1.13736e-05
0050  1.87552e+18  2.60812e+03  2.54145e+06  4.10250e-17  0.00000e+00  0.00000e+00  1.11636e-05
0051  1.89291e+18  2.68366e+03  2.57843e+06  3.86678e-17  0.00000e+00  0.00000e+00  1.09594e-05
0052  1.91030e+18  2.75727e+03  2.61266e+06  3.65539e-17  0.00000e+00  0.00000e+00  1.07608e-05
0053  1.92769e+18  2.82917e+03  2.64427e+06  3.45668e-17  0.00000e+00  0.00000e+00  1.05675e-05
0054  1.94509e+18  2.89933e+03  2.67346e+06  3.27028e-17  0.00000e+00  0.00000e+00  1.03793e-05
0055  1.96248e+18  2.96776e+03  2.70042e+06  3.09564e-17  0.00000e+00  0.00000e+00  1.01962e-05
0056  1.97987e+18  3.03442e+03  2.72532e+06  2.93218e-17  0.00000e+00  0.00000e+00  1.00178e-05
0057  1.99726e+18  3.09926e+03  2.74835e+06  2.77929e-17  0.00000e+00  0.00000e+00  9.84411e-06
0058  2.01466e+18  3.16224e+03  2.76971e+06  2.63789e-17  0.00000e+00  0.00000e+00  9.67488e-06
0059  2.03205e+18  3.22355e+03  2.78953e+06  2.50882e-17  0.00000e+00  0.00000e+00  9.50998e-06
0060  2.04944e+18  3.28363e+03  2.80770e+06  2.38725e-17  0.00000e+00  0.00000e+00  9.34925e-06
0061  2.06683e+18  3.34242e+03  2.82439e+06  2.27280e-17  0.00000e+00  0.00000e+00  9.19257e-06
0062  2.08423e+18  3.39998e+03  2.83967e+06  2.16504e-17  0.00000e+00  0.00000e+00  9.03979e-06
0063  2.10162e+18  3.45633e+03  2.85362e+06  2.06354e-17  0.00000e+00  0.00000e+00  8.89079e-06
0064  2.11901e+18  3.51151e+03  2.86633e+06  1.96791e-17  0.00000e+00  0.00000e+00  8.74544e-06
0065  2.13640e+18  3.56555e+03  2.87788e+06  1.87778e-17  0.00000e+00  0.00000e+00  8.60363e-06
0066  2.15379e+18  3.61847e+03  2.88832e+06  1.79280e-17  0.00000e+00  0.00000e+00  8.46523e-06
0067  2.17119e+18  3.67031e+03  2.89773e+06  1.71262e-17  0.00000e+00  0.00000e+00  8.33016e-06
0068  2.18858e+18  3.72109e+03  2.90617e+06  1.63695e-17  0.00000e+00  0.00000e+00  8.19828e-06
0069  2.20597e+18  3.77088e+03  2.91369e+06  1.56548e-17  0.00000e+00  0.00000e+00  8.06952e-06
0070  2.22336e+18  3.81959e+03  2.92041e+06  1.49950e-17  0.00000e+00  0.00000e+00  7.94377e-06
0071  2.24076e+18  3.86680e+03  2.92676e+06  1.44106e-17  0.00000e+00  0.00000e+00  7.82093e-06
0072  2.25815e+18  3.91268e+03  2.93274e+06  1.38539e-17  0.00000e+00  0.00000e+00  7.70092e-06
0073  2.27554e+18  3.95740e+03  2.93828e+06  1.33233e-17  0.00000e+00  0.00000e+00  7.58365e-06
0074  2.29293e+18  4.00111e+03  2.94336e+06  1.28174e-17  0.00000e+00  0.00000e+00  7.46904e-06
0075  2.31033e+18  4.04393e+03  2.94794e+06  1.23348e-17  0.00000e+00  0.00000e+00  7.35701e-06
0076  2.32772e+18  4.08591e+03  2.95203e+06  1.18743e-17  0.00000e+00  0.00000e+00  7.24748e-06
0077  2.34511e+18  4.12711e+03  2.95563e+06  1.14347e-17  0.00000e+00  0.00000e+00  7.14038e-06
0078  2.36250e+18  4.16758e+03  2.95875e+06  1.10149e-17  0.00000e+00  0.00000e+00  7.03563e-06
0079  2.37989e+18  4.20735e+03  2.96141e+06  1.06140e-17  0.00000e+00  0.00000e+00  6.93317e-06
0080  2.39729e+18  4.24644e+03  2.96362e+06  1.02309e-17  0.00000e+00  0.00000e+00  6.83294e-06
0081  2.41468e+18  4.28488e+03  2.96539e+06  9.86479e-18  0.00000e+00  0.00000e+00  6.73486e-06
0082  2.43207e+18  4.32270e+03  2.96675e+06  9.51477e-18  0.00000e+00  0.00000e+00  6.63888e-06
0083  2.44946e+18  4.35990e+03  2.96771e+06  9.18003e-18  0.00000e+00  0.00000e+00  6.54493e-06
0084  2.46686e+18  4.39651e+03  2.96830e+06  8.85981e-18  0.00000e+00  0.00000e+00  6.45297e-06
0085  2.48425e+18  4.43255e+03  2.96851e+06  8.55337e-18  0.00000e+00  0.00000e+00  6.36293e-06
0086  2.50164e+18  4.46802e+03  2.96838e+06  8.26003e-18  0.00000e+00  0.00000e+00  6.27476e-06
0087  2.51903e+18  4.50295e+03  2.96792e+06  7.97914e-18  0.00000e+00  0.00000e+00  6.18842e-06
0088  2.53643e+18  4.53735e+03  2.96714e+06  7.71008e-18  0.00000e+00  0.00000e+00  6.10384e-06
0089  2.55382e+18  4.57121e+03  2.96607e+06  7.45527e-18  0.00000e+00  0.00000e+00  6.02098e-06
0090  2.57121e+18  4.60453e+03  2.96476e+06  7.21327e-18  0.00000e+00  0.00000e+00  5.93980e-06
0091  2.58860e+18  4.63733e+03  2.96320e+06  6.98095e-18  0.00000e+00  0.00000e+00  5.86026e-06
0092  2.60600e+18  4.66962e+03  2.96142e+06  6.75785e-18  0.00000e+00  0.00000e+00  5.78229e-06
0093  2.62339e+18  4.70142e+03  2.95941e+06  6.54355e-18  0.00000e+00  0.00000e+00  5.70588e-06
0094  2.64078e+18  4.73274e+03  2.95720e+06  6.33765e-18  0.00000e+00  0.00000e+00  5.63097e-06
0095  2.65817e+18  4.76359e+03  2.95478e+06  6.13975e-18  0.00000e+00  0.00000e+00  5.55752e-06
0096  2.67557e+18  4.79399e+03  2.95216e+06  5.94951e-18  0.00000e+00  0.00000e+00  5.48550e-06
0097  2.69296e+18  4.82396e+03  2.94936e+06  5.76655e-18  0.00000e+00  0.00000e+00  5.41488e-06
0098  2.71035e+18  4.85349e+03  2.94638e+06  5.59057e-18  0.00000e+00  0.00000e+00  5.34560e-06
0099  2.72774e+18  4.88260e+03  2.94323e+06  5.42125e-18  0.00000e+00  0.00000e+00  5.27765e-06
0100  2.74513e+18  4.91131e+03  2.93991e+06  5.25829e-18  0.00000e+00  0.00000e+00  5.21099e-06
0101  2.76253e+18  4.93962e+03  2.93643e+06  5.10141e-18  0.00000e+00  0.00000e+00  5.14558e-06
0102  2.77992e+18  4.96753e+03  2.93281e+06  4.95034e-18  0.00000e+00  0.00000e+00  5.08140e-06
0103  2.79731e+18  4.99507e+03  2.92904e+06  4.80483e-18  0.00000e+00  0.00000e+00  5.01841e-06
0104  2.81470e+18  5.02224e+03  2.92513e+06  4.66464e-18  0.00000e+00  0.00000e+00  4.95658e-06
0105  2.83210e+18  5.04904e+03  2.92109e+06  4.52954e-18  0.00000e+00  0.00000e+00  4.89589e-06
0106  2.84949e+18  5.07548e+03  2.91692e+06  4.39930e-18  0.00000e+00  0.00000e+00  4.83630e-06
0107  2.86688e+18  5.10158e+03  2.91264e+06  4.27372e-18  0.00000e+00  0.00000e+00  4.77780e-06
0108  2.88427e+18  5.12734e+03  2.90824e+06  4.15261e-18  0.00000e+00  0.00000e+00  4.72035e-06
0109  2.90167e+18  5.15276e+03  2.90373e+06  4.03577e-18  0.00000e+00  0.00000e+00  4.66394e-06
0110  2.91906e+18  5.17786e+03  2.89912e+06  3.92303e-18  0.00000e+00  0.00000e+00  4.60853e-06
0111  2.93645e+18  5.20263e+03  2.89442e+06  3.81421e-18  0.00000e+00  0.00000e+00  4.55409e-06
0112  2.95384e+18  5.22709e+03  2.88962e+06  3.70916e-18  0.00000e+00  0.00000e+00  4.50062e-06
0113  2.97124e+18  5.25125e+03  2.88473e+06  3.60772e-18  0.00000e+00  0.00000e+00  4.44809e-06
0114  2.98863e+18  5.27510e+03  2.87975e+06  3.50973e-18  0.00000e+00  0.00000e+00  4.39647e-06
0115  3.00602e+18  5.29866e+03  2.87470e+06  3.41507e-18  0.00000e+00  0.00000e+00  4.34574e-06
0116  3.02341e+18  5.32192e+03  2.86957e+06  3.32359e-18  0.00000e+00  0.00000e+00  4.29588e-06
0117  3.04081e+18  5.34490e+03  2.86437e+06  3.23517e-18  0.00000e+00  0.00000e+00  4.24688e-06
0118  3.05820e+18  5.36760e+03  2.85910e+06  3.14969e-18  0.00000e+00  0.00000e+00  4.19872e-06
0119  3.07559e+18  5.39003e+03  2.85377e+06  3.06703e-18  0.00000e+00  0.00000e+00  4.15136e-06
0120  3.09298e+18  5.41219e+03  2.84838e+06  2.98708e-18  0.00000e+00  0.00000e+00  4.10481e-06
0121  3.11037e+18  5.43409e+03  2.84293e+06  2.90973e-18  0.00000e+00  0.00000e+00  4.05903e-06
0122  3.12777e+18  5.45572e+03  2.83742e+06  2.83488e-18  0.00000e+00  0.00000e+00  4.01401e-06
0123  3.14516e+18  5.47710e+03  2.83187e+06  2.76244e-18  0.00000e+00  0.00000e+00  3.96974e-06
0124  3.16255e+18  5.49825e+03  2.82625e+06  2.69043e-18  0.00000e+00  0.00000e+00  3.92620e-06
0125  3.17994e+18  5.51913e+03  2.82060e+06  2.62553e-18  0.00000e+00  0.00000e+00  3.88337e-06
0126  3.19734e+18  5.53976e+03  2.81493e+06  2.56256e-18  0.00000e+00  0.00000e+00  3.84123e-06
0127  3.21473e+18  5.56014e+03  2.80926e+06  2.50144e-18  0.00000e+00  0.00000e+00  3.79978e-06
0128  3.23212e+18  5.58027e+03  2.80357e+06  2.44213e-18  0.00000e+00  0.00000e+00  3.75900e-06
0129  3.24951e+18  5.60017e+03  2.79787e+06  2.38454e-18  0.00000e+00  0.00000e+00  3.71887e-06
0130  3.26691e+18  5.61982e+03  2.79216e+06  2.32863e-18  0.00000e+00  0.00000e+00  3.67938e-06
0131  3.28430e+18  5.63925e+03  2.78644e+06  2.27434e-18  0.00000e+00  0.00000e+00  3.64051e-06
0132  3.30169e+18  5.65845e+03  2.78071e+06  2.22161e-18  0.00000e+00  0.00000e+00  3.60226e-06
0133  3.31908e+18  5.67743e+03  2.77498e+06  2.17039e-18  0.00000e+00  0.00000e+00  3.56460e-06
0134  3.33648e+18  5.69619e+03  2.76923e+06  2.12063e-18  0.00000e+00  0.00000e+00  3.52754e-06
0135  3.35387e+18  5.71474e+03  2.76348e+06  2.07228e-18  0.00000e+00  0.00000e+00  3.49104e-06
0136  3.37126e+18  5.73309e+03  2.75772e+06  2.02530e-18  0.00000e+00  0.00000e+00  3.45512e-06
0137  3.38865e+18  5.75123e+03  2.75196e+06  1.97963e-18  0.00000e+00  0.00000e+00  3.41974e-06
0138  3.40605e+18  5.76917e+03  2.74619e+06  1.93523e-18  0.00000e+00  0.00000e+00  3.38491e-06
0139  3.42344e+18  5.78692e+03  2.74042e+06  1.89207e-18  0.00000e+00  0.00000e+00  3.35060e-06
0140  3.44083e+18  5.80448e+03  2.73464e+06  1.85009e-18  0.00000e+00  0.00000e+00  3.31681e-06
0141  3.45822e+18  5.82184e+03  2.72886e+06  1.80927e-18  0.00000e+00  0.00000e+00  3.28353e-06
0142  3.47562e+18  5.83903e+03  2.72308e+06  1.76957e-18  0.00000e+00  0.00000e+00  3.25075e-06
0143  3.49301e+18  5.85603e+03  2.71729e+06  1.73094e-18  0.00000e+00  0.00000e+00  3.21846e-06
0144  3.51040e+18  5.87285e+03  2.71151e+06  1.69336e-18  0.00000e+00  0.00000e+00  3.18665e-06
0145  3.52779e+18  5.88950e+03  2.70572e+06  1.65680e-18  0.00000e+00  0.00000e+00  3.15531e-06
0146  3.54519e+18  5.90597e+03  2.69994e+06  1.62121e-18  0.00000e+00  0.00000e+00  3.12442e-06
0147  3.56258e+18  5.92228e+03  2.69415e+06  1.58656e-18  0.00000e+00  0.00000e+00  3.09399e-06
0148  3.57997e+18  5.93842e+03  2.68837e+06  1.55284e-18  0.00000e+00  0.00000e+00  3.06400e-06
0149  3.59736e+18  5.95440e+03  2.68258e+06  1.52001e-18  0.00000e+00  0.00000e+00  3.03444e-06
0150  3.61476e+18  5.97022e+03  2.67680e+06  1.48803e-18  0.00000e+00  0.00000e+00  3.00531e-06
0151  3.63215e+18  5.98588e+03  2.67103e+06  1.45689e-18  0.00000e+00  0.00000e+00  2.97660e-06
0152  3.64954e+18  6.00138e+03  2.66525e+06  1.42656e-18  0.00000e+00  0.00000e+00  2.94830e-06
0153  3.66693e+18  6.01673e+03  2.65948e+06  1.39702e-18  0.00000e+00  0.00000e+00  2.92040e-06
0154  3.68432e+18  6.03194e+03  2.65372e+06  1.36823e-18  0.00000e+00  0.00000e+00  2.89289e-06
0155  3.70172e+18  6.04699e+03  2.64796e+06  1.34018e-18  0.00000e+00  0.00000e+00  2.86577e-06
0156  3.71911e+18  6.06190e+03  2.64221e+06  1.31285e-18  0.00000e+00  0.00000e+00  2.83903e-06
0157  3.73650e+18  6.07666e+03  2.63646e+06  1.28621e-18  0.00000e+00  0.00000e+00  2.81266e-06
0158  3.75389e+18  6.09129e+03  2.63072e+06  1.26023e-18  0.00000e+00  0.00000e+00  2.78666e-06
0159  3.77129e+18  6.10577e+03  2.62498e+06  1.23492e-18  0.00000e+00  0.00000e+00  2.76101e-06
0160  3.78868e+18  6.12012e+03  2.61925e+06  1.21023e-18  0.00000e+00  0.00000e+00  2.73572e-06
0161  3.80607e+18  6.13434e+03  2.61353e+06  1.18615e-18  0.00000e+00  0.00000e+00  2.71078e-06
0162  3.82346e+18  6.14842e+03  2.60782e+06  1.16268e-18  0.00000e+00  0.00000e+00  2.68617e-06
0163  3.84086e+18  6.16237e+03  2.60212e+06  1.13978e-18  0.00000e+00  0.00000e+00  2.66190e-06
0164  3.85825e+18  6.17620e+03  2.59642e+06  1.11744e-18  0.00000e+00  0.00000e+00  2.63795e-06
0165  3.87564e+18  6.18989e+03  2.59074e+06  1.09564e-18  0.00000e+00  0.00000e+00  2.61433e-06
0166  3.89303e+18  6.20346e+03  2.58506e+06  1.07438e-18  0.00000e+00  0.00000e+00  2.59102e-06
0167  3.91043e+18  6.21691e+03  2.57940e+06  1.05362e-18  0.00000e+00  0.00000e+00  2.56803e-06
0168  3.92782e+18  6.23024e+03  2.57374e+06  1.03337e-18  0.00000e+00  0.00000e+00  2.54533e-06
0169  3.94521e+18  6.24345e+03  2.56810e+06  1.01360e-18  0.00000e+00  0.00000e+00  2.52294e-06
0170  3.96260e+18  6.25654e+03  2.56247e+06  9.94299e-19  0.00000e+00  0.00000e+00  2.50084e-06
0171  3.98000e+18  6.26951e+03  2.55684e+06  9.75457e-19  0.00000e+00  0.00000e+00  2.47903e-06
0172  3.99739e+18  6.28237e+03  2.55123e+06  9.57060e-19  0.00000e+00  0.00000e+00  2.45751e-06
0173  4.01478e+18  6.29512e+03  2.54563e+06  9.39094e-19  0.00000e+00  0.00000e+00  2.43626e-06
0174  4.03217e+18  6.30775e+03  2.54005e+06  9.21549e-19  0.00000e+00  0.00000e+00  2.41529e-06
0175  4.04957e+18  6.32028e+03  2.53447e+06  9.03907e-19  0.00000e+00  0.00000e+00  2.39459e-06
0176  4.06696e+18  6.33270e+03  2.52890e+06  8.87152e-19  0.00000e+00  0.00000e+00  2.37415e-06
0177  4.08435e+18  6.34502e+03  2.52334e+06  8.70784e-19  0.00000e+00  0.00000e+00  2.35397e-06
0178  4.10174e+18  6.35723e+03  2.51780e+06  8.54792e-19  0.00000e+00  0.00000e+00  2.33405e-06
0179  4.11914e+18  6.36933e+03  2.51227e+06  8.39165e-19  0.00000e+00  0.00000e+00  2.31438e-06
0180  4.13653e+18  6.38133e+03  2.50675e+06  8.23894e-19  0.00000e+00  0.00000e+00  2.29496e-06
0181  4.15392e+18  6.39324e+03  2.50124e+06  8.08969e-19  0.00000e+00  0.00000e+00  2.27578e-06
0182  4.17131e+18  6.40504e+03  2.49575e+06  7.94381e-19  0.00000e+00  0.00000e+00  2.25685e-06
0183  4.18871e+18  6.41674e+03  2.49028e+06  7.80120e-19  0.00000e+00  0.00000e+00  2.23814e-06
0184  4.20610e+18  6.42835e+03  2.48481e+06  7.66178e-19  0.00000e+00  0.00000e+00  2.21967e-06
0185  4.22349e+18  6.43986e+03  2.47937e+06  7.52547e-19  0.00000e+00  0.00000e+00  2.20143e-06
0186  4.24088e+18  6.45127e+03  2.47393e+06  7.39217e-19  0.00000e+00  0.00000e+00  2.18341e-06
0187  4.25828e+18  6.46260e+03  2.46851e+06  7.26182e-19  0.00000e+00  0.00000e+00  2.16561e-06
0188  4.27567e+18  6.47383e+03  2.46311e+06  7.13433e-19  0.00000e+00  0.00000e+00  2.14803e-06
0189  4.29306e+18  6.48496e+03  2.45772e+06  7.00963e-19  0.00000e+00  0.00000e+00  2.13066e-06
0190  4.31045e+18  6.49601e+03  2.45234e+06  6.88764e-19  0.00000e+00  0.00000e+00  2.11350e-06
0191  4.32785e+18  6.50697e+03  2.44698e+06  6.76830e-19  0.00000e+00  0.00000e+00  2.09654e-06
0192  4.34524e+18  6.51785e+03  2.44164e+06  6.65154e-19  0.00000e+00  0.00000e+00  2.07979e-06
0193  4.36263e+18  6.52863e+03  2.43631e+06  6.53728e-19  0.00000e+00  0.00000e+00  2.06324e-06
0194  4.38002e+18  6.53933e+03  2.43099e+06  6.42547e-19  0.00000e+00  0.00000e+00  2.04689e-06
0195  4.39742e+18  6.54995e+03  2.42569e+06  6.31605e-19  0.00000e+00  0.00000e+00  2.03073e-06
0196  4.41481e+18  6.56048e+03  2.42041e+06  6.20895e-19  0.00000e+00  0.00000e+00  2.01476e-06
0197  4.43220e+18  6.57093e+03  2.41514e+06  6.10411e-19  0.00000e+00  0.00000e+00  1.99898e-06
0198  4.44959e+18  6.58130e+03  2.40989e+06  6.00147e-19  0.00000e+00  0.00000e+00  1.98339e-06
0199  4.46699e+18  6.59159e+03  2.40466e+06  5.90099e-19  0.00000e+00  0.00000e+00  1.96797e-06
0200  4.48438e+18  6.60179e+03  2.39944e+06  5.80333e-19  0.00000e+00  0.00000e+00  1.95273e-06
0201  4.50177e+18  6.61192e+03  2.39424e+06  5.70781e-19  0.00000e+00  0.00000e+00  1.93768e-06
0202  4.51916e+18  6.62197e+03  2.38905e+06  5.61425e-19  0.00000e+00  0.00000e+00  1.92279e-06
0203  4.53655e+18  6.63195e+03  2.38389e+06  5.52259e-19  0.00000e+00  0.00000e+00  1.90807e-06
0204  4.55395e+18  6.64184e+03  2.37874e+06  5.43280e-19  0.00000e+00  0.00000e+00  1.89353e-06
0205  4.57134e+18  6.65167e+03  2.37361e+06  5.34483e-19  0.00000e+00  0.00000e+00  1.87915e-06
0206  4.58873e+18  6.66141e+03  2.36850e+06  5.25863e-19  0.00000e+00  0.00000e+00  1.86493e-06
0207  4.60612e+18  6.67109e+03  2.36340e+06  5.17416e-19  0.00000e+00  0.00000e+00  1.85087e-06
0208  4.62352e+18  6.68069e+03  2.35832e+06  5.09138e-19  0.00000e+00  0.00000e+00  1.83697e-06
0209  4.64091e+18  6.69022e+03  2.35326e+06  5.01025e-19  0.00000e+00  0.00000e+00  1.82323e-06
0210  4.65830e+18  6.69968e+03  2.34822e+06  4.93073e-19  0.00000e+00  0.00000e+00  1.80964e-06
0211  4.67569e+18  6.70906e+03  2.34320e+06  4.85278e-19  0.00000e+00  0.00000e+00  1.79620e-06
0212  4.69309e+18  6.71838e+03  2.33819e+06  4.77636e-19  0.00000e+00  0.00000e+00  1.78291e-06
0213  4.71048e+18  6.72763e+03  2.33320e+06  4.70144e-19  0.00000e+00  0.00000e+00  1.76977e-06
0214  4.72787e+18  6.73682e+03  2.32823e+06  4.62799e-19  0.00000e+00  0.00000e+00  1.75678e-06
0215  4.74526e+18  6.74593e+03  2.32328e+06  4.55597e-19  0.00000e+00  0.00000e+00  1.74392e-06
0216  4.76266e+18  6.75498e+03  2.31834e+06  4.48534e-19  0.00000e+00  0.00000e+00  1.73121e-06
0217  4.78005e+18  6.76397e+03  2.31342e+06  4.41607e-19  0.00000e+00  0.00000e+00  1.71863e-06
0218  4.79744e+18  6.77288e+03  2.30852e+06  4.34814e-19  0.00000e+00  0.00000e+00  1.70619e-06
0219  4.81483e+18  6.78174e+03  2.30363e+06  4.28151e-19  0.00000e+00  0.00000e+00  1.69389e-06
0220  4.83223e+18  6.79053e+03  2.29877e+06  4.21616e-19  0.00000e+00  0.00000e+00  1.68172e-06
0221  4.84962e+18  6.79926e+03  2.29392e+06  4.15204e-19  0.00000e+00  0.00000e+00  1.66968e-06
0222  4.86701e+18  6.80793e+03  2.28908e+06  4.08914e-19  0.00000e+00  0.00000e+00  1.65776e-06
0223  4.88440e+18  6.81654e+03  2.28427e+06  4.02743e-19  0.00000e+00  0.00000e+00  1.64598e-06
0224  4.90180e+18  6.82508e+03  2.27947e+06  3.96688e-19  0.00000e+00  0.00000e+00  1.63432e-06
0225  4.91919e+18  6.83357e+03  2.27469e+06  3.90746e-19  0.00000e+00  0.00000e+00  1.62278e-06
0226  4.93658e+18  6.84199e+03  2.26993e+06  3.84915e-19  0.00000e+00  0.00000e+00  1.61137e-06
0227  4.95397e+18  6.85036e+03  2.26518e+06  3.79193e-19  0.00000e+00  0.00000e+00  1.60007e-06
0228  4.97137e+18  6.85867e+03  2.26045e+06  3.73576e-19  0.00000e+00  0.00000e+00  1.58890e-06
0229  4.98876e+18  6.86693e+03  2.25574e+06  3.68064e-19  0.00000e+00  0.00000e+00  1.57784e-06
0230  5.00615e+18  6.87512e+03  2.25105e+06  3.62652e-19  0.00000e+00  0.00000e+00  1.56689e-06
0231  5.02354e+18  6.88327e+03  2.24637e+06  3.57340e-19  0.00000e+00  0.00000e+00  1.55606e-06
0232  5.04094e+18  6.89135e+03  2.24171e+06  3.52125e-19  0.00000e+00  0.00000e+00  1.54534e-06
0233  5.05833e+18  6.89938e+03  2.23707e+06  3.47005e-19  0.00000e+00  0.00000e+00  1.53474e-06
0234  5.07572e+18  6.90736e+03  2.23244e+06  3.41977e-19  0.00000e+00  0.00000e+00  1.52424e-06
0235  5.09311e+18  6.91528e+03  2.22783e+06  3.37041e-19  0.00000e+00  0.00000e+00  1.51384e-06
0236  5.11051e+18  6.92315e+03  2.22324e+06  3.32193e-19  0.00000e+00  0.00000e+00  1.50356e-06
0237  5.12790e+18  6.93097e+03  2.21866e+06  3.27432e-19  0.00000e+00  0.00000e+00  1.49337e-06
0238  5.14529e+18  6.93873e+03  2.21410e+06  3.22756e-19  0.00000e+00  0.00000e+00  1.48330e-06
0239  5.16268e+18  6.94644e+03  2.20956e+06  3.18164e-19  0.00000e+00  0.00000e+00  1.47332e-06
0240  5.18008e+18  6.95411e+03  2.20503e+06  3.13653e-19  0.00000e+00  0.00000e+00  1.46344e-06
0241  5.19747e+18  6.96172e+03  2.20052e+06  3.09222e-19  0.00000e+00  0.00000e+00  1.45366e-06
0242  5.21486e+18  6.96928e+03  2.19603e+06  3.04868e-19  0.00000e+00  0.00000e+00  1.44398e-06
0243  5.23225e+18  6.97679e+03  2.19155e+06  3.00592e-19  0.00000e+00  0.00000e+00  1.43440e-06
0244  5.24965e+18  6.98426e+03  2.18709e+06  2.96390e-19  0.00000e+00  0.00000e+00  1.42491e-06
0245  5.26704e+18  6.99167e+03  2.18265e+06  2.92261e-19  0.00000e+00  0.00000e+00  1.41552e-06
0246  5.28443e+18  6.99904e+03  2.17822e+06  2.88204e-19  0.00000e+00  0.00000e+00  1.40621e-06
0247  5.30182e+18  7.00636e+03  2.17381e+06  2.84217e-19  0.00000e+00  0.00000e+00  1.39700e-06
0248  5.31922e+18  7.01363e+03  2.16941e+06  2.80299e-19  0.00000e+00  0.00000e+00  1.38788e-06
0249  5.33661e+18  7.02086e+03  2.16504e+06  2.76449e-19  0.00000e+00  0.00000e+00  1.37885e-06
0250  5.35400e+18  7.02804e+03  2.16067e+06  2.72663e-19  0.00000e+00  0.00000e+00  1.36991e-06
0251  5.37139e+18  7.03518e+03  2.15633e+06  2.68942e-19  0.00000e+00  0.00000e+00  1.36105e-06
0252  5.38879e+18  7.04226e+03  2.15200e+06  2.65284e-19  0.00000e+00  0.00000e+00  1.35228e-06
0253  5.40618e+18  7.04931e+03  2.14768e+06  2.61688e-19  0.00000e+00  0.00000e+00  1.34359e-06
0254  5.42357e+18  7.05631e+03  2.14338e+06  2.58153e-19  0.00000e+00  0.00000e+00  1.33499e-06
0255  5.44096e+18  7.06327e+03  2.13910e+06  2.54677e-19  0.00000e+00  0.00000e+00  1.32647e-06
0256  5.45836e+18  7.07018e+03  2.13483e+06  2.51260e-19  0.00000e+00  0.00000e+00  1.31803e-06
0257  5.47575e+18  7.07705e+03  2.13058e+06  2.47900e-19  0.00000e+00  0.00000e+00  1.30967e-06
0258  5.49314e+18  7.08388e+03  2.12634e+06  2.44596e-19  0.00000e+00  0.00000e+00  1.30139e-06
0259  5.51053e+18  7.09067e+03  2.12212e+06  2.41347e-19  0.00000e+00  0.00000e+00  1.29318e-06
0260  5.52793e+18  7.09741e+03  2.11792e+06  2.38152e-19  0.00000e+00  0.00000e+00  1.28506e-06
0261  5.54532e+18  7.10411e+03  2.11373e+06  2.35010e-19  0.00000e+00  0.00000e+00  1.27701e-06
0262  5.56271e+18  7.11078e+03  2.10955e+06  2.31919e-19  0.00000e+00  0.00000e+00  1.26904e-06
0263  5.58010e+18  7.11740e+03  2.10539e+06  2.28879e-19  0.00000e+00  0.00000e+00  1.26114e-06
0264  5.59750e+18  7.12398e+03  2.10125e+06  2.25889e-19  0.00000e+00  0.00000e+00  1.25331e-06
0265  5.61489e+18  7.13052e+03  2.09712e+06  2.22948e-19  0.00000e+00  0.00000e+00  1.24556e-06
0266  5.63228e+18  7.13702e+03  2.09301e+06  2.20054e-19  0.00000e+00  0.00000e+00  1.23788e-06
0267  5.64967e+18  7.14349e+03  2.08891e+06  2.17207e-19  0.00000e+00  0.00000e+00  1.23027e-06
0268  5.66707e+18  7.14991e+03  2.08483e+06  2.14406e-19  0.00000e+00  0.00000e+00  1.22273e-06
0269  5.68446e+18  7.15630e+03  2.08076e+06  2.11650e-19  0.00000e+00  0.00000e+00  1.21526e-06
0270  5.70185e+18  7.16264e+03  2.07671e+06  2.08939e-19  0.00000e+00  0.00000e+00  1.20786e-06
0271  5.71924e+18  7.16895e+03  2.07267e+06  2.06271e-19  0.00000e+00  0.00000e+00  1.20052e-06
0272  5.73664e+18  7.17523e+03  2.06864e+06  2.03645e-19  0.00000e+00  0.00000e+00  1.19325e-06
0273  5.75403e+18  7.18146e+03  2.06464e+06  2.01061e-19  0.00000e+00  0.00000e+00  1.18605e-06
0274  5.77142e+18  7.18766e+03  2.06064e+06  1.98518e-19  0.00000e+00  0.00000e+00  1.17891e-06
0275  5.78881e+18  7.19383e+03  2.05666e+06  1.96015e-19  0.00000e+00  0.00000e+00  1.17184e-06
0276  5.80620e+18  7.19995e+03  2.05270e+06  1.93551e-19  0.00000e+00  0.00000e+00  1.16483e-06
0277  5.82360e+18  7.20605e+03  2.04875e+06  1.91127e-19  0.00000e+00  0.00000e+00  1.15788e-06
0278  5.84099e+18  7.21210e+03  2.04481e+06  1.88740e-19  0.00000e+00  0.00000e+00  1.15100e-06
0279  5.85838e+18  7.21812e+03  2.04089e+06  1.86390e-19  0.00000e+00  0.00000e+00  1.14417e-06
0280  5.87577e+18  7.22411e+03  2.03698e+06  1.84077e-19  0.00000e+00  0.00000e+00  1.13741e-06
0281  5.89317e+18  7.23006e+03  2.03309e+06  1.81799e-19  0.00000e+00  0.00000e+00  1.13071e-06
0282  5.91056e+18  7.23598e+03  2.02921e+06  1.79557e-19  0.00000e+00  0.00000e+00  1.12406e-06
0283  5.92795e+18  7.24187e+03  2.02535e+06  1.77349e-19  0.00000e+00  0.00000e+00  1.11748e-06
0284  5.94534e+18  7.24772e+03  2.02149e+06  1.75175e-19  0.00000e+00  0.00000e+00  1.11095e-06
0285  5.96274e+18  7.25353e+03  2.01766e+06  1.73035e-19  0.00000e+00  0.00000e+00  1.10448e-06
0286  5.98013e+18  7.25932e+03  2.01384e+06  1.70927e-19  0.00000e+00  0.00000e+00  1.09806e-06
0287  5.99752e+18  7.26507e+03  2.01003e+06  1.68851e-19  0.00000e+00  0.00000e+00  1.09170e-06
0288  6.01491e+18  7.27079e+03  2.00623e+06  1.66807e-19  0.00000e+00  0.00000e+00  1.08540e-06
0289  6.03231e+18  7.27648e+03  2.00245e+06  1.64793e-19  0.00000e+00  0.00000e+00  1.07915e-06
0290  6.04970e+18  7.28214e+03  1.99868e+06  1.62810e-19  0.00000e+00  0.00000e+00  1.07295e-06
0291  6.06709e+18  7.28776e+03  1.99493e+06  1.60857e-19  0.00000e+00  0.00000e+00  1.06681e-06
0292  6.08448e+18  7.29336e+03  1.99119e+06  1.58932e-19  0.00000e+00  0.00000e+00  1.06072e-06
0293  6.10188e+18  7.29892e+03  1.98746e+06  1.57037e-19  0.00000e+00  0.00000e+00  1.05468e-06
0294  6.11927e+18  7.30445e+03  1.98375e+06  1.55170e-19  0.00000e+00  0.00000e+00  1.04869e-06
0295  6.13666e+18  7.30995e+03  1.98005e+06  1.53331e-19  0.00000e+00  0.00000e+00  1.04276e-06
0296  6.15405e+18  7.31542e+03  1.97637e+06  1.51518e-19  0.00000e+00  0.00000e+00  1.03687e-06
0297  6.17145e+18  7.32086e+03  1.97269e+06  1.49733e-19  0.00000e+00  0.00000e+00  1.03104e-06
0298  6.18884e+18  7.32628e+03  1.96903e+06  1.47974e-19  0.00000e+00  0.00000e+00  1.02525e-06
0299  6.20623e+18  7.33166e+03  1.96539e+06  1.46240e-19  0.00000e+00  0.00000e+00  1.01951e-06
0300  6.22362e+18  7.33701e+03  1.96175e+06  1.44532e-19  0.00000e+00  0.00000e+00  1.01382e-06
0301  6.24102e+18  7.34234e+03  1.95813e+06  1.42849e-19  0.00000e+00  0.00000e+00  1.00818e-06
0302  6.25841e+18  7.34763e+03  1.95453e+06  1.41191e-19  0.00000e+00  0.00000e+00  1.00258e-06
0303  6.27580e+18  7.35290e+03  1.95093e+06  1.39556e-19  0.00000e+00  0.00000e+00  9.97032e-07
0304  6.29319e+18  7.35814e+03  1.94735e+06  1.37945e-19  0.00000e+00  0.00000e+00  9.91529e-07
0305  6.31059e+18  7.36335e+03  1.94378e+06  1.36357e-19  0.00000e+00  0.00000e+00  9.86071e-07
0306  6.32798e+18  7.36853e+03  1.94023e+06  1.34792e-19  0.00000e+00  0.00000e+00  9.80658e-07
0307  6.34537e+18  7.37369e+03  1.93668e+06  1.33250e-19  0.00000e+00  0.00000e+00  9.75289e-07
0308  6.36276e+18  7.37882e+03  1.93315e+06  1.31729e-19  0.00000e+00  0.00000e+00  9.69965e-07
0309  6.38016e+18  7.38392e+03  1.92964e+06  1.30231e-19  0.00000e+00  0.00000e+00  9.64684e-07
0310  6.39755e+18  7.38899e+03  1.92613e+06  1.28753e-19  0.00000e+00  0.00000e+00  9.59445e-07
0311  6.41494e+18  7.39404e+03  1.92264e+06  1.27297e-19  0.00000e+00  0.00000e+00  9.54250e-07
0312  6.43233e+18  7.39906e+03  1.91916e+06  1.25861e-19  0.00000e+00  0.00000e+00  9.49097e-07
0313  6.44973e+18  7.40406e+03  1.91569e+06  1.24445e-19  0.00000e+00  0.00000e+00  9.43985e-07
0314  6.46712e+18  7.40903e+03  1.91224e+06  1.23049e-19  0.00000e+00  0.00000e+00  9.38914e-07
0315  6.48451e+18  7.41397e+03  1.90879e+06  1.21673e-19  0.00000e+00  0.00000e+00  9.33884e-07
0316  6.50190e+18  7.41889e+03  1.90536e+06  1.20316e-19  0.00000e+00  0.00000e+00  9.28895e-07
0317  6.51930e+18  7.42378e+03  1.90194e+06  1.18978e-19  0.00000e+00  0.00000e+00  9.23945e-07
0318  6.53669e+18  7.42865e+03  1.89854e+06  1.17658e-19  0.00000e+00  0.00000e+00  9.19035e-07
0319  6.55408e+18  7.43349e+03  1.89514e+06  1.16357e-19  0.00000e+00  0.00000e+00  9.14164e-07
0320  6.57147e+18  7.43831e+03  1.89176e+06  1.15073e-19  0.00000e+00  0.00000e+00  9.09331e-07
0321  6.58887e+18  7.44311e+03  1.88839e+06  1.13808e-19  0.00000e+00  0.00000e+00  9.04537e-07
0322  6.60626e+18  7.44788e+03  1.88503e+06  1.12560e-19  0.00000e+00  0.00000e+00  8.99780e-07
0323  6.62365e+18  7.45262e+03  1.88168e+06  1.11328e-19  0.00000e+00  0.00000e+00  8.95061e-07
0324  6.64104e+18  7.45734e+03  1.87835e+06  1.10114e-19  0.00000e+00  0.00000e+00  8.90379e-07
0325  6.65844e+18  7.46204e+03  1.87503e+06  1.08916e-19  0.00000e+00  0.00000e+00  8.85733e-07
0326  6.67583e+18  7.46671e+03  1.87171e+06  1.07735e-19  0.00000e+00  0.00000e+00  8.81124e-07
0327  6.69322e+18  7.47136e+03  1.86841e+06  1.06569e-19  0.00000e+00  0.00000e+00  8.76551e-07
0328  6.71061e+18  7.47599e+03  1.86513e+06  1.05420e-19  0.00000e+00  0.00000e+00  8.72013e-07
0329  6.72801e+18  7.48059e+03  1.86185e+06  1.04285e-19  0.00000e+00  0.00000e+00  8.67511e-07
0330  6.74540e+18  7.48517e+03  1.85858e+06  1.03166e-19  0.00000e+00  0.00000e+00  8.63043e-07
0331  6.76279e+18  7.48973e+03  1.85533e+06  1.02062e-19  0.00000e+00  0.00000e+00  8.58609e-07
0332  6.78018e+18  7.49427e+03  1.85209e+06  1.00973e-19  0.00000e+00  0.00000e+00  8.54210e-07
0333  6.79758e+18  7.49878e+03  1.84886e+06  9.98984e-20  0.00000e+00  0.00000e+00  8.49844e-07
0334  6.81497e+18  7.50327e+03  1.84564e+06  9.88380e-20  0.00000e+00  0.00000e+00  8.45512e-07
0335  6.83236e+18  7.50774e+03  1.84243e+06  9.77851e-20  0.00000e+00  0.00000e+00  8.41213e-07
0336  6.84975e+18  7.51219e+03  1.83923e+06  9.67514e-20  0.00000e+00  0.00000e+00  8.36946e-07
0337  6.86715e+18  7.51661e+03  1.83604e+06  9.57314e-20  0.00000e+00  0.00000e+00  8.32712e-07
0338  6.88454e+18  7.52101e+03  1.83286e+06  9.47248e-20  0.00000e+00  0.00000e+00  8.28510e-07
0339  6.90193e+18  7.52540e+03  1.82970e+06  9.37315e-20  0.00000e+00  0.00000e+00  8.24340e-07
0340  6.91932e+18  7.52976e+03  1.82655e+06  9.27511e-20  0.00000e+00  0.00000e+00  8.20201e-07
0341  6.93672e+18  7.53410e+03  1.82340e+06  9.17836e-20  0.00000e+00  0.00000e+00  8.16093e-07
0342  6.95411e+18  7.53842e+03  1.82027e+06  9.08286e-20  0.00000e+00  0.00000e+00  8.12016e-07
0343  6.97150e+18  7.54272e+03  1.81715e+06  8.98861e-20  0.00000e+00  0.00000e+00  8.07970e-07
0344  6.98889e+18  7.54699e+03  1.81404e+06  8.89558e-20  0.00000e+00  0.00000e+00  8.03953e-07
0345  7.00629e+18  7.55125e+03  1.81094e+06  8.80375e-20  0.00000e+00  0.00000e+00  7.99967e-07
0346  7.02368e+18  7.55549e+03  1.80785e+06  8.71310e-20  0.00000e+00  0.00000e+00  7.96010e-07
0347  7.04107e+18  7.55971e+03  1.80477e+06  8.62362e-20  0.00000e+00  0.00000e+00  7.92082e-07
0348  7.05846e+18  7.56390e+03  1.80170e+06  8.53529e-20  0.00000e+00  0.00000e+00  7.88183e-07
0349  7.07586e+18  7.56808e+03  1.79864e+06  8.44809e-20  0.00000e+00  0.00000e+00  7.84313e-07
0350  7.09325e+18  7.57224e+03  1.79559e+06  8.36200e-20  0.00000e+00  0.00000e+00  7.80472e-07
0351  7.11064e+18  7.57638e+03  1.79255e+06  8.27701e-20  0.00000e+00  0.00000e+00  7.76658e-07
0352  7.12803e+18  7.58049e+03  1.78953e+06  8.19310e-20  0.00000e+00  0.00000e+00  7.72873e-07
0353  7.14543e+18  7.58459e+03  1.78651e+06  8.11024e-20  0.00000e+00  0.00000e+00  7.69115e-07
0354  7.16282e+18  7.58867e+03  1.78350e+06  8.02844e-20  0.00000e+00  0.00000e+00  7.65385e-07
0355  7.18021e+18  7.59273e+03  1.78051e+06  7.94767e-20  0.00000e+00  0.00000e+00  7.61681e-07
0356  7.19760e+18  7.59678e+03  1.77752e+06  7.86791e-20  0.00000e+00  0.00000e+00  7.58004e-07
0357  7.21500e+18  7.60080e+03  1.77454e+06  7.78915e-20  0.00000e+00  0.00000e+00  7.54354e-07
0358  7.23239e+18  7.60480e+03  1.77158e+06  7.71138e-20  0.00000e+00  0.00000e+00  7.50731e-07
0359  7.24978e+18  7.60879e+03  1.76862e+06  7.63457e-20  0.00000e+00  0.00000e+00  7.47133e-07
0360  7.26717e+18  7.61276e+03  1.76567e+06  7.55872e-20  0.00000e+00  0.00000e+00  7.43561e-07
0361  7.28457e+18  7.61671e+03  1.76274e+06  7.48382e-20  0.00000e+00  0.00000e+00  7.40015e-07
0362  7.30196e+18  7.62064e+03  1.75981e+06  7.40984e-20  0.00000e+00  0.00000e+00  7.36493e-07
0363  7.31935e+18  7.62455e+03  1.75689e+06  7.33677e-20  0.00000e+00  0.00000e+00  7.32997e-07
0364  7.33674e+18  7.62845e+03  1.75399e+06  7.26461e-20  0.00000e+00  0.00000e+00  7.29526e-07
0365  7.35414e+18  7.63233e+03  1.75109e+06  7.19333e-20  0.00000e+00  0.00000e+00  7.26080e-07
0366  7.37153e+18  7.63619e+03  1.74820e+06  7.12292e-20  0.00000e+00  0.00000e+00  7.22658e-07
0367  7.38892e+18  7.64003e+03  1.74532e+06  7.05338e-20  0.00000e+00  0.00000e+00  7.19259e-07
0368  7.40631e+18  7.64386e+03  1.74245e+06  6.98468e-20  0.00000e+00  0.00000e+00  7.15885e-07
0369  7.42371e+18  7.64767e+03  1.73959e+06  6.91682e-20  0.00000e+00  0.00000e+00  7.12535e-07
0370  7.44110e+18  7.65146e+03  1.73674e+06  6.84979e-20  0.00000e+00  0.00000e+00  7.09208e-07
0371  7.45849e+18  7.65523e+03  1.73390e+06  6.78356e-20  0.00000e+00  0.00000e+00  7.05904e-07
0372  7.47588e+18  7.65899e+03  1.73107e+06  6.71814e-20  0.00000e+00  0.00000e+00  7.02623e-07
0373  7.49328e+18  7.66273e+03  1.72825e+06  6.65350e-20  0.00000e+00  0.00000e+00  6.99365e-07
0374  7.51067e+18  7.66646e+03  1.72544e+06  6.58964e-20  0.00000e+00  0.00000e+00  6.96130e-07
0375  7.52806e+18  7.67017e+03  1.72264e+06  6.52655e-20  0.00000e+00  0.00000e+00  6.92917e-07
0376  7.54545e+18  7.67386e+03  1.71984e+06  6.46421e-20  0.00000e+00  0.00000e+00  6.89727e-07
0377  7.56285e+18  7.67753e+03  1.71706e+06  6.40262e-20  0.00000e+00  0.00000e+00  6.86558e-07
0378  7.58024e+18  7.68119e+03  1.71428e+06  6.34176e-20  0.00000e+00  0.00000e+00  6.83411e-07
0379  7.59763e+18  7.68484e+03  1.71152e+06  6.28162e-20  0.00000e+00  0.00000e+00  6.80286e-07
0380  7.61502e+18  7.68846e+03  1.70876e+06  6.22219e-20  0.00000e+00  0.00000e+00  6.77182e-07
0381  7.63242e+18  7.69207e+03  1.70601e+06  6.16347e-20  0.00000e+00  0.00000e+00  6.74099e-07
0382  7.64981e+18  7.69567e+03  1.70327e+06  6.10544e-20  0.00000e+00  0.00000e+00  6.71037e-07
0383  7.66720e+18  7.69925e+03  1.70054e+06  6.04809e-20  0.00000e+00  0.00000e+00  6.67996e-07
0384  7.68459e+18  7.70281e+03  1.69782e+06  5.99141e-20  0.00000e+00  0.00000e+00  6.64976e-07
0385  7.70199e+18  7.70636e+03  1.69511e+06  5.93540e-20  0.00000e+00  0.00000e+00  6.61976e-07
0386  7.71938e+18  7.70990e+03  1.69240e+06  5.88004e-20  0.00000e+00  0.00000e+00  6.58996e-07
0387  7.73677e+18  7.71341e+03  1.68971e+06  5.82533e-20  0.00000e+00  0.00000e+00  6.56037e-07
0388  7.75416e+18  7.71692e+03  1.68702e+06  5.77126e-20  0.00000e+00  0.00000e+00  6.53097e-07
0389  7.77156e+18  7.72041e+03  1.68435e+06  5.71781e-20  0.00000e+00  0.00000e+00  6.50177e-07
0390  7.78895e+18  7.72388e+03  1.68168e+06  5.66498e-20  0.00000e+00  0.00000e+00  6.47277e-07
0391  7.80634e+18  7.72734e+03  1.67902e+06  5.61276e-20  0.00000e+00  0.00000e+00  6.44396e-07
0392  7.82373e+18  7.73078e+03  1.67637e+06  5.56114e-20  0.00000e+00  0.00000e+00  6.41534e-07
0393  7.84113e+18  7.73421e+03  1.67372e+06  5.51011e-20  0.00000e+00  0.00000e+00  6.38691e-07
0394  7.85852e+18  7.73762e+03  1.67109e+06  5.45967e-20  0.00000e+00  0.00000e+00  6.35867e-07
0395  7.87591e+18  7.74102e+03  1.66846e+06  5.40981e-20  0.00000e+00  0.00000e+00  6.33062e-07
0396  7.89330e+18  7.74441e+03  1.66584e+06  5.36052e-20  0.00000e+00  0.00000e+00  6.30275e-07
0397  7.91070e+18  7.74778e+03  1.66324e+06  5.31178e-20  0.00000e+00  0.00000e+00  6.27507e-07
0398  7.92809e+18  7.75114e+03  1.66063e+06  5.26360e-20  0.00000e+00  0.00000e+00  6.24756e-07
0399  7.94548e+18  7.75448e+03  1.65804e+06  5.21597e-20  0.00000e+00  0.00000e+00  6.22024e-07
0400  7.96287e+18  7.75781e+03  1.65546e+06  5.16888e-20  0.00000e+00  0.00000e+00  6.19310e-07
0401  7.98027e+18  7.76113e+03  1.65288e+06  5.12231e-20  0.00000e+00  0.00000e+00  6.16613e-07
0402  7.99766e+18  7.76443e+03  1.65031e+06  5.07627e-20  0.00000e+00  0.00000e+00  6.13934e-07
0403  8.01505e+18  7.76772e+03  1.64775e+06  5.03075e-20  0.00000e+00  0.00000e+00  6.11273e-07
0404  8.03244e+18  7.77099e+03  1.64520e+06  4.98574e-20  0.00000e+00  0.00000e+00  6.08629e-07
0405  8.04984e+18  7.77425e+03  1.64266e+06  4.94123e-20  0.00000e+00  0.00000e+00  6.06001e-07
0406  8.06723e+18  7.77750e+03  1.64012e+06  4.89722e-20  0.00000e+00  0.00000e+00  6.03391e-07
0407  8.08462e+18  7.78073e+03  1.63759e+06  4.85370e-20  0.00000e+00  0.00000e+00  6.00798e-07
0408  8.10201e+18  7.78395e+03  1.63508e+06  4.81066e-20  0.00000e+00  0.00000e+00  5.98221e-07
0409  8.11940e+18  7.78716e+03  1.63256e+06  4.76810e-20  0.00000e+00  0.00000e+00  5.95661e-07
0410  8.13680e+18  7.79035e+03  1.63006e+06  4.72601e-20  0.00000e+00  0.00000e+00  5.93117e-07
0411  8.15419e+18  7.79354e+03  1.62756e+06  4.68438e-20  0.00000e+00  0.00000e+00  5.90590e-07
0412  8.17158e+18  7.79670e+03  1.62508e+06  4.64321e-20  0.00000e+00  0.00000e+00  5.88078e-07
0413  8.18897e+18  7.79986e+03  1.62260e+06  4.60250e-20  0.00000e+00  0.00000e+00  5.85583e-07
0414  8.20637e+18  7.80300e+03  1.62012e+06  4.56223e-20  0.00000e+00  0.00000e+00  5.83104e-07
0415  8.22376e+18  7.80613e+03  1.61766e+06  4.52240e-20  0.00000e+00  0.00000e+00  5.80640e-07
0416  8.24115e+18  7.80925e+03  1.61520e+06  4.48300e-20  0.00000e+00  0.00000e+00  5.78191e-07
0417  8.25854e+18  7.81235e+03  1.61275e+06  4.44404e-20  0.00000e+00  0.00000e+00  5.75759e-07
0418  8.27594e+18  7.81545e+03  1.61031e+06  4.40549e-20  0.00000e+00  0.00000e+00  5.73341e-07
0419  8.29333e+18  7.81853e+03  1.60788e+06  4.36737e-20  0.00000e+00  0.00000e+00  5.70939e-07
0420  8.31072e+18  7.82159e+03  1.60545e+06  4.32966e-20  0.00000e+00  0.00000e+00  5.68552e-07
0421  8.32811e+18  7.82465e+03  1.60303e+06  4.29235e-20  0.00000e+00  0.00000e+00  5.66180e-07
0422  8.34551e+18  7.82769e+03  1.60062e+06  4.25545e-20  0.00000e+00  0.00000e+00  5.63822e-07
0423  8.36290e+18  7.83072e+03  1.59822e+06  4.21894e-20  0.00000e+00  0.00000e+00  5.61479e-07
0424  8.38029e+18  7.83374e+03  1.59582e+06  4.18282e-20  0.00000e+00  0.00000e+00  5.59151e-07
0425  8.39768e+18  7.83675e+03  1.59343e+06  4.14710e-20  0.00000e+00  0.00000e+00  5.56837e-07
0426  8.41508e+18  7.83974e+03  1.59105e+06  4.11175e-20  0.00000e+00  0.00000e+00  5.54538e-07
0427  8.43247e+18  7.84273e+03  1.58867e+06  4.07678e-20  0.00000e+00  0.00000e+00  5.52253e-07
0428  8.44986e+18  7.84570e+03  1.58631e+06  4.04218e-20  0.00000e+00  0.00000e+00  5.49982e-07
0429  8.46725e+18  7.84866e+03  1.58395e+06  4.00794e-20  0.00000e+00  0.00000e+00  5.47725e-07
0430  8.48465e+18  7.85161e+03  1.58159e+06  3.97407e-20  0.00000e+00  0.00000e+00  5.45481e-07
0431  8.50204e+18  7.85454e+03  1.57925e+06  3.94056e-20  0.00000e+00  0.00000e+00  5.43252e-07
0432  8.51943e+18  7.85747e+03  1.57691e+06  3.90740e-20  0.00000e+00  0.00000e+00  5.41036e-07
0433  8.53682e+18  7.86038e+03  1.57458e+06  3.87459e-20  0.00000e+00  0.00000e+00  5.38834e-07
0434  8.55422e+18  7.86329e+03  1.57225e+06  3.84213e-20  0.00000e+00  0.00000e+00  5.36645e-07
0435  8.57161e+18  7.86618e+03  1.56994e+06  3.81004e-20  0.00000e+00  0.00000e+00  5.34469e-07
0436  8.58900e+18  7.86906e+03  1.56763e+06  3.77830e-20  0.00000e+00  0.00000e+00  5.32307e-07
0437  8.60639e+18  7.87193e+03  1.56532e+06  3.74688e-20  0.00000e+00  0.00000e+00  5.30158e-07
0438  8.62379e+18  7.87478e+03  1.56303e+06  3.71580e-20  0.00000e+00  0.00000e+00  5.28021e-07
0439  8.64118e+18  7.87763e+03  1.56074e+06  3.68504e-20  0.00000e+00  0.00000e+00  5.25898e-07
0440  8.65857e+18  7.88047e+03  1.55846e+06  3.65459e-20  0.00000e+00  0.00000e+00  5.23787e-07
0441  8.67596e+18  7.88329e+03  1.55618e+06  3.62447e-20  0.00000e+00  0.00000e+00  5.21689e-07
0442  8.69336e+18  7.88611e+03  1.55391e+06  3.59465e-20  0.00000e+00  0.00000e+00  5.19604e-07
0443  8.71075e+18  7.88891e+03  1.55165e+06  3.56514e-20  0.00000e+00  0.00000e+00  5.17531e-07
0444  8.72814e+18  7.89170e+03  1.54940e+06  3.53593e-20  0.00000e+00  0.00000e+00  5.15471e-07
0445  8.74553e+18  7.89449e+03  1.54715e+06  3.50702e-20  0.00000e+00  0.00000e+00  5.13422e-07
0446  8.76293e+18  7.89726e+03  1.54491e+06  3.47840e-20  0.00000e+00  0.00000e+00  5.11386e-07
0447  8.78032e+18  7.90002e+03  1.54267e+06  3.45008e-20  0.00000e+00  0.00000e+00  5.09362e-07
0448  8.79771e+18  7.90277e+03  1.54045e+06  3.42205e-20  0.00000e+00  0.00000e+00  5.07350e-07
0449  8.81510e+18  7.90551e+03  1.53822e+06  3.39430e-20  0.00000e+00  0.00000e+00  5.05350e-07
0450  8.83250e+18  7.90824e+03  1.53601e+06  3.36683e-20  0.00000e+00  0.00000e+00  5.03362e-07
0451  8.84989e+18  7.91096e+03  1.53380e+06  3.33964e-20  0.00000e+00  0.00000e+00  5.01386e-07
0452  8.86728e+18  7.91367e+03  1.53160e+06  3.31272e-20  0.00000e+00  0.00000e+00  4.99421e-07
0453  8.88467e+18  7.91637e+03  1.52941e+06  3.28608e-20  0.00000e+00  0.00000e+00  4.97467e-07
0454  8.90207e+18  7.91906e+03  1.52722e+06  3.25970e-20  0.00000e+00  0.00000e+00  4.95525e-07
0455  8.91946e+18  7.92174e+03  1.52504e+06  3.23359e-20  0.00000e+00  0.00000e+00  4.93595e-07
0456  8.93685e+18  7.92441e+03  1.52286e+06  3.20774e-20  0.00000e+00  0.00000e+00  4.91675e-07
0457  8.95424e+18  7.92707e+03  1.52069e+06  3.18215e-20  0.00000e+00  0.00000e+00  4.89767e-07
0458  8.97164e+18  7.92972e+03  1.51853e+06  3.15682e-20  0.00000e+00  0.00000e+00  4.87870e-07
0459  8.98903e+18  7.93236e+03  1.51638e+06  3.13173e-20  0.00000e+00  0.00000e+00  4.85984e-07
0460  9.00642e+18  7.93499e+03  1.51422e+06  3.10201e-20  0.00000e+00  0.00000e+00  4.84109e-07
0461  9.02381e+18  7.93761e+03  1.51208e+06  3.07775e-20  0.00000e+00  0.00000e+00  4.82244e-07
0462  9.04121e+18  7.94022e+03  1.50994e+06  3.05372e-20  0.00000e+00  0.00000e+00  4.80391e-07
0463  9.05860e+18  7.94283e+03  1.50780e+06  3.02993e-20  0.00000e+00  0.00000e+00  4.78548e-07
0464  9.07599e+18  7.94542e+03  1.50568e+06  3.00636e-20  0.00000e+00  0.00000e+00  4.76716e-07
0465  9.09338e+18  7.94800e+03  1.50356e+06  2.98303e-20  0.00000e+00  0.00000e+00  4.74894e-07
0466  9.11078e+18  7.95058e+03  1.50144e+06  2.95993e-20  0.00000e+00  0.00000e+00  4.73082e-07
0467  9.12817e+18  7.95314e+03  1.49934e+06  2.93704e-20  0.00000e+00  0.00000e+00  4.71281e-07
0468  9.14556e+18  7.95570e+03  1.49723e+06  2.91438e-20  0.00000e+00  0.00000e+00  4.69490e-07
0469  9.16295e+18  7.95824e+03  1.49514e+06  2.89194e-20  0.00000e+00  0.00000e+00  4.67710e-07
0470  9.18035e+18  7.96078e+03  1.49305e+06  2.86971e-20  0.00000e+00  0.00000e+00  4.65939e-07
0471  9.19774e+18  7.96331e+03  1.49097e+06  2.84770e-20  0.00000e+00  0.00000e+00  4.64179e-07
0472  9.21513e+18  7.96582e+03  1.48889e+06  2.82589e-20  0.00000e+00  0.00000e+00  4.62428e-07
0473  9.23252e+18  7.96833e+03  1.48682e+06  2.80430e-20  0.00000e+00  0.00000e+00  4.60688e-07
0474  9.24992e+18  7.97083e+03  1.48476e+06  2.78291e-20  0.00000e+00  0.00000e+00  4.58957e-07
0475  9.26731e+18  7.97332e+03  1.48270e+06  2.76173e-20  0.00000e+00  0.00000e+00  4.57236e-07
0476  9.28470e+18  7.97581e+03  1.48065e+06  2.74074e-20  0.00000e+00  0.00000e+00  4.55524e-07
0477  9.30209e+18  7.97828e+03  1.47860e+06  2.71996e-20  0.00000e+00  0.00000e+00  4.53823e-07
0478  9.31949e+18  7.98074e+03  1.47656e+06  2.69937e-20  0.00000e+00  0.00000e+00  4.52130e-07
0479  9.33688e+18  7.98320e+03  1.47453e+06  2.67898e-20  0.00000e+00  0.00000e+00  4.50447e-07
0480  9.35427e+18  7.98565e+03  1.47250e+06  2.65878e-20  0.00000e+00  0.00000e+00  4.48774e-07
0481  9.37166e+18  7.98808e+03  1.47048e+06  2.63877e-20  0.00000e+00  0.00000e+00  4.47110e-07
0482  9.38906e+18  7.99051e+03  1.46847e+06  2.61895e-20  0.00000e+00  0.00000e+00  4.45455e-07
0483  9.40645e+18  7.99293e+03  1.46646e+06  2.59931e-20  0.00000e+00  0.00000e+00  4.43809e-07
0484  9.42384e+18  7.99535e+03  1.46445e+06  2.57986e-20  0.00000e+00  0.00000e+00  4.42172e-07
0485  9.44123e+18  7.99775e+03  1.46246e+06  2.56059e-20  0.00000e+00  0.00000e+00  4.40545e-07
0486  9.45863e+18  8.00014e+03  1.46046e+06  2.54150e-20  0.00000e+00  0.00000e+00  4.38926e-07
0487  9.47602e+18  8.00253e+03  1.45848e+06  2.52259e-20  0.00000e+00  0.00000e+00  4.37316e-07
0488  9.49341e+18  8.00491e+03  1.45650e+06  2.50385e-20  0.00000e+00  0.00000e+00  4.35715e-07
0489  9.51080e+18  8.00728e+03  1.45452e+06  2.48529e-20  0.00000e+00  0.00000e+00  4.34123e-07
0490  9.52820e+18  8.00964e+03  1.45256e+06  2.46690e-20  0.00000e+00  0.00000e+00  4.32540e-07
0491  9.54559e+18  8.01199e+03  1.45059e+06  2.44868e-20  0.00000e+00  0.00000e+00  4.30965e-07
0492  9.56298e+18  8.01434e+03  1.44863e+06  2.43063e-20  0.00000e+00  0.00000e+00  4.29399e-07
0493  9.58037e+18  8.01668e+03  1.44668e+06  2.41274e-20  0.00000e+00  0.00000e+00  4.27841e-07
0494  9.59777e+18  8.01901e+03  1.44474e+06  2.39502e-20  0.00000e+00  0.00000e+00  4.26292e-07
0495  9.61516e+18  8.02133e+03  1.44280e+06  2.37746e-20  0.00000e+00  0.00000e+00  4.24751e-07
0496  9.63255e+18  8.02364e+03  1.44086e+06  2.36006e-20  0.00000e+00  0.00000e+00  4.23219e-07
0497  9.64994e+18  8.02594e+03  1.43893e+06  2.34282e-20  0.00000e+00  0.00000e+00  4.21695e-07
0498  9.66734e+18  8.02824e+03  1.43701e+06  2.32574e-20  0.00000e+00  0.00000e+00  4.20179e-07
0499  9.68473e+18  8.03053e+03  1.43509e+06  2.30882e-20  0.00000e+00  0.00000e+00  4.18671e-07
0500  9.70212e+18  8.03281e+03  1.43318e+06  2.29204e-20  0.00000e+00  0.00000e+00  4.17171e-07
0501  9.71951e+18  8.03509e+03  1.43127e+06  2.27543e-20  0.00000e+00  0.00000e+00  4.15679e-07
0502  9.73691e+18  8.03735e+03  1.42937e+06  2.25896e-20  0.00000e+00  0.00000e+00  4.14196e-07
0503  9.75430e+18  8.03961e+03  1.42747e+06  2.24264e-20  0.00000e+00  0.00000e+00  4.12720e-07
0504  9.77169e+18  8.04186e+03  1.42558e+06  2.22646e-20  0.00000e+00  0.00000e+00  4.11252e-07
0505  9.78908e+18  8.04410e+03  1.42370e+06  2.21044e-20  0.00000e+00  0.00000e+00  4.09792e-07
0506  9.80648e+18  8.04634e+03  1.42182e+06  2.19455e-20  0.00000e+00  0.00000e+00  4.08340e-07
0507  9.82387e+18  8.04856e+03  1.41994e+06  2.17881e-20  0.00000e+00  0.00000e+00  4.06895e-07
0508  9.84126e+18  8.05078e+03  1.41807e+06  2.16321e-20  0.00000e+00  0.00000e+00  4.05458e-07
0509  9.85865e+18  8.05300e+03  1.41621e+06  2.14775e-20  0.00000e+00  0.00000e+00  4.04029e-07
0510  9.87605e+18  8.05520e+03  1.41435e+06  2.13243e-20  0.00000e+00  0.00000e+00  4.02607e-07
0511  9.89344e+18  8.05740e+03  1.41249e+06  2.11725e-20  0.00000e+00  0.00000e+00  4.01193e-07
0512  9.91083e+18  8.05959e+03  1.41065e+06  2.10220e-20  0.00000e+00  0.00000e+00  3.99786e-07
0513  9.92822e+18  8.06177e+03  1.40880e+06  2.08728e-20  0.00000e+00  0.00000e+00  3.98386e-07
0514  9.94562e+18  8.06395e+03  1.40696e+06  2.07250e-20  0.00000e+00  0.00000e+00  3.96994e-07
0515  9.96301e+18  8.06612e+03  1.40513e+06  2.05784e-20  0.00000e+00  0.00000e+00  3.95609e-07
0516  9.98040e+18  8.06828e+03  1.40330e+06  2.04332e-20  0.00000e+00  0.00000e+00  3.94232e-07
0517  9.99779e+18  8.07043e+03  1.40148e+06  2.02892e-20  0.00000e+00  0.00000e+00  3.92861e-07
0518  1.00152e+19  8.07258e+03  1.39966e+06  2.01466e-20  0.00000e+00  0.00000e+00  3.91498e-07
0519  1.00326e+19  8.07472e+03  1.39785e+06  2.00051e-20  0.00000e+00  0.00000e+00  3.90142e-07
0520  1.00500e+19  8.07685e+03  1.39604e+06  1.98649e-20  0.00000e+00  0.00000e+00  3.88793e-07
0521  1.00674e+19  8.07898e+03  1.39424e+06  1.97260e-20  0.00000e+00  0.00000e+00  3.87450e-07
0522  1.00848e+19  8.08109e+03  1.39244e+06  1.95882e-20  0.00000e+00  0.00000e+00  3.86115e-07
0523  1.01021e+19  8.08321e+03  1.39065e+06  1.94517e-20  0.00000e+00  0.00000e+00  3.84787e-07
0524  1.01195e+19  8.08531e+03  1.38886e+06  1.93163e-20  0.00000e+00  0.00000e+00  3.83465e-07
0525  1.01369e+19  8.08741e+03  1.38708e+06  1.91821e-20  0.00000e+00  0.00000e+00  3.82150e-07
0526  1.01543e+19  8.08950e+03  1.38530e+06  1.90491e-20  0.00000e+00  0.00000e+00  3.80842e-07
0527  1.01717e+19  8.09158e+03  1.38353e+06  1.89173e-20  0.00000e+00  0.00000e+00  3.79541e-07
0528  1.01891e+19  8.09366e+03  1.38176e+06  1.87865e-20  0.00000e+00  0.00000e+00  3.78247e-07
0529  1.02065e+19  8.09573e+03  1.37999e+06  1.86569e-20  0.00000e+00  0.00000e+00  3.76959e-07
0530  1.02239e+19  8.09780e+03  1.37824e+06  1.85285e-20  0.00000e+00  0.00000e+00  3.75677e-07
0531  1.02413e+19  8.09985e+03  1.37648e+06  1.84011e-20  0.00000e+00  0.00000e+00  3.74402e-07
0532  1.02587e+19  8.10190e+03  1.37473e+06  1.82748e-20  0.00000e+00  0.00000e+00  3.73134e-07
0533  1.02761e+19  8.10395e+03  1.37299e+06  1.81496e-20  0.00000e+00  0.00000e+00  3.71872e-07
0534  1.02935e+19  8.10598e+03  1.37125e+06  1.80255e-20  0.00000e+00  0.00000e+00  3.70616e-07
0535  1.03109e+19  8.10802e+03  1.36951e+06  1.79024e-20  0.00000e+00  0.00000e+00  3.69367e-07
0536  1.03283e+19  8.11004e+03  1.36778e+06  1.77804e-20  0.00000e+00  0.00000e+00  3.68124e-07
0537  1.03456e+19  8.11206e+03  1.36606e+06  1.76595e-20  0.00000e+00  0.00000e+00  3.66887e-07
0538  1.03630e+19  8.11407e+03  1.36434e+06  1.75395e-20  0.00000e+00  0.00000e+00  3.65657e-07
0539  1.03804e+19  8.11607e+03  1.36262e+06  1.74206e-20  0.00000e+00  0.00000e+00  3.64432e-07
0540  1.03978e+19  8.11807e+03  1.36091e+06  1.73027e-20  0.00000e+00  0.00000e+00  3.63214e-07
0541  1.04152e+19  8.12006e+03  1.35920e+06  1.71858e-20  0.00000e+00  0.00000e+00  3.62002e-07
0542  1.04326e+19  8.12205e+03  1.35750e+06  1.70698e-20  0.00000e+00  0.00000e+00  3.60796e-07
0543  1.04500e+19  8.12403e+03  1.35580e+06  1.69549e-20  0.00000e+00  0.00000e+00  3.59596e-07
0544  1.04674e+19  8.12600e+03  1.35411e+06  1.68409e-20  0.00000e+00  0.00000e+00  3.58402e-07
0545  1.04848e+19  8.12797e+03  1.35242e+06  1.67279e-20  0.00000e+00  0.00000e+00  3.57214e-07
0546  1.05022e+19  8.12993e+03  1.35074e+06  1.66158e-20  0.00000e+00  0.00000e+00  3.56032e-07
0547  1.05196e+19  8.13189e+03  1.34906e+06  1.65047e-20  0.00000e+00  0.00000e+00  3.54856e-07
0548  1.05370e+19  8.13383e+03  1.34738e+06  1.63944e-20  0.00000e+00  0.00000e+00  3.53685e-07
0549  1.05544e+19  8.13578e+03  1.34571e+06  1.62851e-20  0.00000e+00  0.00000e+00  3.52520e-07
0550  1.05717e+19  8.13771e+03  1.34405e+06  1.61768e-20  0.00000e+00  0.00000e+00  3.51361e-07
0551  1.05891e+19  8.13967e+03  1.34238e+06  1.60692e-20  0.00000e+00  0.00000e+00  3.50208e-07
0552  1.06065e+19  8.14144e+03  1.34073e+06  1.59629e-20  0.00000e+00  0.00000e+00  3.49061e-07
0553  1.06239e+19  8.14404e+03  1.33904e+06  1.58547e-20  0.00000e+00  0.00000e+00  3.47919e-07
0554  1.06413e+19  8.14326e+03  1.33755e+06  1.57543e-20  0.00000e+00  0.00000e+00  3.46782e-07
0555  1.06587e+19  8.16156e+03  1.33496e+06  1.56238e-20  0.00000e+00  0.00000e+00  3.45651e-07
