# Athena++ data at time=6.210000e+12  cycle=466532265  variables=prim 
# i       x1v         rho          press          vel1         vel2         vel3     
0002  1.07548e+18  2.40946e-18  1.00596e-05 -4.92743e+05  1.38461e-09  0.00000e+00
0003  1.09287e+18  1.08526e-18  6.04998e-06  1.38590e+05  1.95530e-02  0.00000e+00
0004  1.11027e+18  6.83581e-19  4.76049e-06  1.40430e+05  4.27315e-02  0.00000e+00
0005  1.12766e+18  4.42628e-19  3.97169e-06  1.92283e+05  6.35037e-02  0.00000e+00
0006  1.14505e+18  2.80627e-19  3.50500e-06  2.85567e+05  8.17218e-02  0.00000e+00
0007  1.16244e+18  1.86336e-19  3.21201e-06  4.05408e+05  9.81581e-02  0.00000e+00
0008  1.17983e+18  1.61042e-19  2.98492e-06  4.63124e+05  1.13233e-01  0.00000e+00
0009  1.19723e+18  1.44485e-19  2.80972e-06  4.91179e+05  1.27280e-01  0.00000e+00
0010  1.21462e+18  1.30850e-19  2.65165e-06  5.26351e+05  1.40440e-01  0.00000e+00
0011  1.23201e+18  1.21739e-19  2.50982e-06  5.51233e+05  1.52805e-01  0.00000e+00
0012  1.24940e+18  1.13782e-19  2.38397e-06  5.71748e+05  1.64469e-01  0.00000e+00
0013  1.26679e+18  1.06515e-19  2.26821e-06  5.94306e+05  1.75494e-01  0.00000e+00
0014  1.28419e+18  9.99670e-20  2.16279e-06  6.16182e+05  1.85941e-01  0.00000e+00
0015  1.30158e+18  9.41374e-20  2.06627e-06  6.37076e+05  1.95862e-01  0.00000e+00
0016  1.31897e+18  8.90124e-20  1.97755e-06  6.56275e+05  2.05305e-01  0.00000e+00
0017  1.33636e+18  8.43327e-20  1.89595e-06  6.74630e+05  2.14312e-01  0.00000e+00
0018  1.35375e+18  8.00282e-20  1.82045e-06  6.92752e+05  2.22918e-01  0.00000e+00
0019  1.37115e+18  7.60829e-20  1.75070e-06  7.10227e+05  2.31158e-01  0.00000e+00
0020  1.38854e+18  7.29339e-20  1.68511e-06  7.23663e+05  2.39051e-01  0.00000e+00
0021  1.40593e+18  6.95871e-20  1.62534e-06  7.38178e+05  2.46630e-01  0.00000e+00
0022  1.42332e+18  6.63436e-20  1.56857e-06  7.56154e+05  2.53912e-01  0.00000e+00
0023  1.44071e+18  6.37254e-20  1.51541e-06  7.69407e+05  2.60912e-01  0.00000e+00
0024  1.45811e+18  6.11757e-20  1.46650e-06  7.81475e+05  2.67653e-01  0.00000e+00
0025  1.47550e+18  5.87437e-20  1.42005e-06  7.95123e+05  2.74146e-01  0.00000e+00
0026  1.49289e+18  5.64875e-20  1.37666e-06  8.07636e+05  2.80411e-01  0.00000e+00
0027  1.51028e+18  5.43949e-20  1.33608e-06  8.18736e+05  2.86446e-01  0.00000e+00
0028  1.52767e+18  5.25229e-20  1.29882e-06  8.26677e+05  2.92330e-01  0.00000e+00
0029  1.54507e+18  5.09955e-20  1.26592e-06  7.96644e+05  2.97838e-01  0.00000e+00
0030  1.56246e+18  1.75123e-20  1.30756e-06  2.04731e+06  3.04083e-01  0.00000e+00
0031  1.57985e+18  8.16496e-21  1.03544e-06  5.39377e+06  3.08684e-01  0.00000e+00
0032  1.59724e+18  6.06039e-21  9.80636e-07  6.75724e+06  3.12679e-01  0.00000e+00
0033  1.61463e+18  5.02986e-21  9.36103e-07  7.84296e+06  3.16339e-01  0.00000e+00
0034  1.63203e+18  4.34643e-21  8.95543e-07  8.83649e+06  3.19744e-01  0.00000e+00
0035  1.64942e+18  3.83412e-21  8.57216e-07  9.78835e+06  3.22923e-01  0.00000e+00
0036  1.66681e+18  3.42914e-21  8.21147e-07  1.07066e+07  3.25892e-01  0.00000e+00
0037  1.68420e+18  3.09964e-21  7.87046e-07  1.15950e+07  3.28664e-01  0.00000e+00
0038  1.70160e+18  2.82705e-21  7.55007e-07  1.24496e+07  3.31251e-01  0.00000e+00
0039  1.71899e+18  2.59893e-21  7.24998e-07  1.32667e+07  3.33665e-01  0.00000e+00
0040  1.73638e+18  2.40489e-21  6.97018e-07  1.40478e+07  3.35920e-01  0.00000e+00
0041  1.75377e+18  2.23679e-21  6.70556e-07  1.48027e+07  3.38025e-01  0.00000e+00
0042  1.77116e+18  2.08987e-21  6.45523e-07  1.55318e+07  3.39991e-01  0.00000e+00
0043  1.78856e+18  1.96063e-21  6.21917e-07  1.62337e+07  3.41824e-01  0.00000e+00
0044  1.80595e+18  1.84597e-21  5.99658e-07  1.69098e+07  3.43535e-01  0.00000e+00
0045  1.82334e+18  1.74344e-21  5.78573e-07  1.75631e+07  3.45130e-01  0.00000e+00
0046  1.84073e+18  1.65137e-21  5.58660e-07  1.81925e+07  3.46616e-01  0.00000e+00
0047  1.85813e+18  1.56833e-21  5.39872e-07  1.87979e+07  3.48002e-01  0.00000e+00
0050  1.87552e+18  1.49314e-21  5.22158e-07  1.93795e+07  3.49293e-01  0.00000e+00
0051  1.89291e+18  1.42458e-21  5.05430e-07  1.99397e+07  3.50496e-01  0.00000e+00
0052  1.91030e+18  1.36143e-21  4.89433e-07  2.04859e+07  3.51617e-01  0.00000e+00
0053  1.92769e+18  1.30300e-21  4.74093e-07  2.10195e+07  3.52659e-01  0.00000e+00
0054  1.94509e+18  1.24885e-21  4.59402e-07  2.15402e+07  3.53626e-01  0.00000e+00
0055  1.96248e+18  1.19853e-21  4.45338e-07  2.20480e+07  3.54521e-01  0.00000e+00
0056  1.97987e+18  1.15171e-21  4.31884e-07  2.25428e+07  3.55348e-01  0.00000e+00
0057  1.99726e+18  1.10807e-21  4.19030e-07  2.30240e+07  3.56111e-01  0.00000e+00
0058  2.01466e+18  1.06734e-21  4.06764e-07  2.34914e+07  3.56813e-01  0.00000e+00
0059  2.03205e+18  1.02920e-21  3.95033e-07  2.39465e+07  3.57458e-01  0.00000e+00
0060  2.04944e+18  9.93302e-22  3.83737e-07  2.43924e+07  3.58048e-01  0.00000e+00
0061  2.06683e+18  9.59482e-22  3.72873e-07  2.48289e+07  3.58585e-01  0.00000e+00
0062  2.08423e+18  9.27568e-22  3.62419e-07  2.52562e+07  3.59072e-01  0.00000e+00
0063  2.10162e+18  8.97410e-22  3.52358e-07  2.56745e+07  3.59511e-01  0.00000e+00
0064  2.11901e+18  8.68874e-22  3.42672e-07  2.60841e+07  3.59905e-01  0.00000e+00
0065  2.13640e+18  8.41837e-22  3.33345e-07  2.64853e+07  3.60255e-01  0.00000e+00
0066  2.15379e+18  8.16186e-22  3.24360e-07  2.68781e+07  3.60563e-01  0.00000e+00
0067  2.17119e+18  7.91823e-22  3.15702e-07  2.72630e+07  3.60831e-01  0.00000e+00
0068  2.18858e+18  7.68657e-22  3.07358e-07  2.76400e+07  3.61060e-01  0.00000e+00
0069  2.20597e+18  7.46600e-22  2.99310e-07  2.80096e+07  3.61254e-01  0.00000e+00
0070  2.22336e+18  7.25599e-22  2.91562e-07  2.83712e+07  3.61412e-01  0.00000e+00
0071  2.24076e+18  7.05663e-22  2.84168e-07  2.87216e+07  3.61537e-01  0.00000e+00
0072  2.25815e+18  6.86693e-22  2.77094e-07  2.90621e+07  3.61634e-01  0.00000e+00
0073  2.27554e+18  6.68599e-22  2.70302e-07  2.93940e+07  3.61696e-01  0.00000e+00
0074  2.29293e+18  6.51303e-22  2.63765e-07  2.97186e+07  3.61745e-01  0.00000e+00
0075  2.31033e+18  6.34746e-22  2.57459e-07  3.00364e+07  3.61750e-01  0.00000e+00
0076  2.32772e+18  6.18874e-22  2.51370e-07  3.03481e+07  3.61736e-01  0.00000e+00
0077  2.34511e+18  6.03644e-22  2.45482e-07  3.06540e+07  3.61701e-01  0.00000e+00
0078  2.36250e+18  5.89016e-22  2.39786e-07  3.09545e+07  3.61644e-01  0.00000e+00
0079  2.37989e+18  5.74955e-22  2.34272e-07  3.12497e+07  3.61566e-01  0.00000e+00
0080  2.39729e+18  5.61429e-22  2.28931e-07  3.15400e+07  3.61467e-01  0.00000e+00
0081  2.41468e+18  5.48408e-22  2.23755e-07  3.18254e+07  3.61348e-01  0.00000e+00
0082  2.43207e+18  5.35866e-22  2.18737e-07  3.21062e+07  3.61210e-01  0.00000e+00
0083  2.44946e+18  5.23777e-22  2.13872e-07  3.23825e+07  3.61054e-01  0.00000e+00
0084  2.46686e+18  5.12119e-22  2.09152e-07  3.26543e+07  3.60881e-01  0.00000e+00
0085  2.48425e+18  5.00870e-22  2.04573e-07  3.29219e+07  3.60691e-01  0.00000e+00
0086  2.50164e+18  4.90011e-22  2.00129e-07  3.31853e+07  3.60485e-01  0.00000e+00
0087  2.51903e+18  4.79521e-22  1.95814e-07  3.34447e+07  3.60264e-01  0.00000e+00
0088  2.53643e+18  4.69384e-22  1.91624e-07  3.37001e+07  3.60028e-01  0.00000e+00
0089  2.55382e+18  4.59585e-22  1.87556e-07  3.39515e+07  3.59777e-01  0.00000e+00
0090  2.57121e+18  4.50109e-22  1.83607e-07  3.41989e+07  3.59514e-01  0.00000e+00
0091  2.58860e+18  4.40942e-22  1.79773e-07  3.44425e+07  3.59237e-01  0.00000e+00
0092  2.60600e+18  4.32069e-22  1.76049e-07  3.46822e+07  3.58948e-01  0.00000e+00
0093  2.62339e+18  4.23477e-22  1.72431e-07  3.49183e+07  3.58648e-01  0.00000e+00
0094  2.64078e+18  4.15154e-22  1.68916e-07  3.51509e+07  3.58336e-01  0.00000e+00
0095  2.65817e+18  4.07087e-22  1.65498e-07  3.53800e+07  3.58013e-01  0.00000e+00
0096  2.67557e+18  3.99265e-22  1.62174e-07  3.56057e+07  3.57680e-01  0.00000e+00
0097  2.69296e+18  3.91678e-22  1.58941e-07  3.58282e+07  3.57336e-01  0.00000e+00
0098  2.71035e+18  3.84316e-22  1.55796e-07  3.60475e+07  3.56984e-01  0.00000e+00
0099  2.72774e+18  3.77170e-22  1.52735e-07  3.62637e+07  3.56622e-01  0.00000e+00
0100  2.74513e+18  3.70230e-22  1.49756e-07  3.64768e+07  3.56251e-01  0.00000e+00
0101  2.76253e+18  3.63490e-22  1.46856e-07  3.66870e+07  3.55873e-01  0.00000e+00
0102  2.77992e+18  3.56940e-22  1.44031e-07  3.68943e+07  3.55486e-01  0.00000e+00
0103  2.79731e+18  3.50573e-22  1.41280e-07  3.70988e+07  3.55091e-01  0.00000e+00
0104  2.81470e+18  3.44382e-22  1.38600e-07  3.73005e+07  3.54689e-01  0.00000e+00
0105  2.83210e+18  3.38361e-22  1.35989e-07  3.74996e+07  3.54280e-01  0.00000e+00
0106  2.84949e+18  3.32503e-22  1.33443e-07  3.76959e+07  3.53865e-01  0.00000e+00
0107  2.86688e+18  3.26802e-22  1.30963e-07  3.78897e+07  3.53443e-01  0.00000e+00
0108  2.88427e+18  3.21252e-22  1.28544e-07  3.80810e+07  3.53015e-01  0.00000e+00
0109  2.90167e+18  3.15847e-22  1.26186e-07  3.82698e+07  3.52581e-01  0.00000e+00
0110  2.91906e+18  3.10583e-22  1.23886e-07  3.84561e+07  3.52141e-01  0.00000e+00
0111  2.93645e+18  3.05454e-22  1.21642e-07  3.86401e+07  3.51696e-01  0.00000e+00
0112  2.95384e+18  3.00456e-22  1.19453e-07  3.88218e+07  3.51246e-01  0.00000e+00
0113  2.97124e+18  2.95585e-22  1.17317e-07  3.90011e+07  3.50791e-01  0.00000e+00
0114  2.98863e+18  2.90834e-22  1.15233e-07  3.91782e+07  3.50331e-01  0.00000e+00
0115  3.00602e+18  2.86202e-22  1.13198e-07  3.93531e+07  3.49867e-01  0.00000e+00
0116  3.02341e+18  2.81683e-22  1.11212e-07  3.95259e+07  3.49398e-01  0.00000e+00
0117  3.04081e+18  2.77273e-22  1.09273e-07  3.96966e+07  3.48926e-01  0.00000e+00
0118  3.05820e+18  2.72970e-22  1.07379e-07  3.98652e+07  3.48450e-01  0.00000e+00
0119  3.07559e+18  2.68769e-22  1.05529e-07  4.00317e+07  3.47970e-01  0.00000e+00
0120  3.09298e+18  2.64668e-22  1.03723e-07  4.01962e+07  3.47486e-01  0.00000e+00
0121  3.11037e+18  2.60663e-22  1.01957e-07  4.03588e+07  3.46999e-01  0.00000e+00
0122  3.12777e+18  2.56751e-22  1.00233e-07  4.05195e+07  3.46509e-01  0.00000e+00
0123  3.14516e+18  2.52929e-22  9.85473e-08  4.06783e+07  3.46016e-01  0.00000e+00
0124  3.16255e+18  2.49193e-22  9.68991e-08  4.08353e+07  3.45521e-01  0.00000e+00
0125  3.17994e+18  2.45543e-22  9.52889e-08  4.09904e+07  3.45022e-01  0.00000e+00
0126  3.19734e+18  2.41975e-22  9.37157e-08  4.11436e+07  3.44521e-01  0.00000e+00
0127  3.21473e+18  2.38488e-22  9.21787e-08  4.12949e+07  3.44018e-01  0.00000e+00
0128  3.23212e+18  2.35078e-22  9.06767e-08  4.14444e+07  3.43512e-01  0.00000e+00
0129  3.24951e+18  2.31743e-22  8.92085e-08  4.15921e+07  3.43004e-01  0.00000e+00
0130  3.26691e+18  2.28480e-22  8.77733e-08  4.17381e+07  3.42495e-01  0.00000e+00
0131  3.28430e+18  2.25289e-22  8.63700e-08  4.18824e+07  3.41983e-01  0.00000e+00
0132  3.30169e+18  2.22166e-22  8.49976e-08  4.20249e+07  3.41470e-01  0.00000e+00
0133  3.31908e+18  2.19110e-22  8.36553e-08  4.21659e+07  3.40955e-01  0.00000e+00
0134  3.33648e+18  2.16118e-22  8.23422e-08  4.23052e+07  3.40439e-01  0.00000e+00
0135  3.35387e+18  2.13188e-22  8.10573e-08  4.24430e+07  3.39922e-01  0.00000e+00
0136  3.37126e+18  2.10320e-22  7.98001e-08  4.25792e+07  3.39403e-01  0.00000e+00
0137  3.38865e+18  2.07510e-22  7.85696e-08  4.27140e+07  3.38883e-01  0.00000e+00
0138  3.40605e+18  2.04759e-22  7.73651e-08  4.28472e+07  3.38362e-01  0.00000e+00
0139  3.42344e+18  2.02062e-22  7.61858e-08  4.29790e+07  3.37840e-01  0.00000e+00
0140  3.44083e+18  1.99421e-22  7.50312e-08  4.31094e+07  3.37317e-01  0.00000e+00
0141  3.45822e+18  1.96831e-22  7.39005e-08  4.32384e+07  3.36794e-01  0.00000e+00
0142  3.47562e+18  1.94294e-22  7.27931e-08  4.33660e+07  3.36270e-01  0.00000e+00
0143  3.49301e+18  1.91806e-22  7.17083e-08  4.34922e+07  3.35745e-01  0.00000e+00
0144  3.51040e+18  1.89366e-22  7.06456e-08  4.36172e+07  3.35219e-01  0.00000e+00
0145  3.52779e+18  1.86974e-22  6.96044e-08  4.37408e+07  3.34694e-01  0.00000e+00
0146  3.54519e+18  1.84628e-22  6.85840e-08  4.38631e+07  3.34168e-01  0.00000e+00
0147  3.56258e+18  1.82327e-22  6.75841e-08  4.39843e+07  3.33641e-01  0.00000e+00
0148  3.57997e+18  1.80070e-22  6.66039e-08  4.41041e+07  3.33114e-01  0.00000e+00
0149  3.59736e+18  1.77855e-22  6.56432e-08  4.42228e+07  3.32587e-01  0.00000e+00
0150  3.61476e+18  1.75681e-22  6.47012e-08  4.43403e+07  3.32060e-01  0.00000e+00
0151  3.63215e+18  1.73548e-22  6.37777e-08  4.44566e+07  3.31533e-01  0.00000e+00
0152  3.64954e+18  1.71454e-22  6.28720e-08  4.45717e+07  3.31006e-01  0.00000e+00
0153  3.66693e+18  1.69399e-22  6.19838e-08  4.46857e+07  3.30479e-01  0.00000e+00
0154  3.68432e+18  1.67381e-22  6.11127e-08  4.47986e+07  3.29952e-01  0.00000e+00
0155  3.70172e+18  1.65400e-22  6.02581e-08  4.49104e+07  3.29425e-01  0.00000e+00
0156  3.71911e+18  1.63454e-22  5.94198e-08  4.50211e+07  3.28899e-01  0.00000e+00
0157  3.73650e+18  1.61543e-22  5.85973e-08  4.51308e+07  3.28373e-01  0.00000e+00
0158  3.75389e+18  1.59665e-22  5.77902e-08  4.52394e+07  3.27846e-01  0.00000e+00
0159  3.77129e+18  1.57821e-22  5.69981e-08  4.53470e+07  3.27321e-01  0.00000e+00
0160  3.78868e+18  1.56009e-22  5.62208e-08  4.54535e+07  3.26795e-01  0.00000e+00
0161  3.80607e+18  1.54229e-22  5.54579e-08  4.55591e+07  3.26270e-01  0.00000e+00
0162  3.82346e+18  1.52480e-22  5.47089e-08  4.56637e+07  3.25746e-01  0.00000e+00
0163  3.84086e+18  1.50760e-22  5.39737e-08  4.57673e+07  3.25222e-01  0.00000e+00
0164  3.85825e+18  1.49070e-22  5.32518e-08  4.58700e+07  3.24698e-01  0.00000e+00
0165  3.87564e+18  1.47409e-22  5.25430e-08  4.59717e+07  3.24176e-01  0.00000e+00
0166  3.89303e+18  1.45775e-22  5.18470e-08  4.60725e+07  3.23653e-01  0.00000e+00
0167  3.91043e+18  1.44169e-22  5.11634e-08  4.61724e+07  3.23131e-01  0.00000e+00
0168  3.92782e+18  1.42590e-22  5.04920e-08  4.62714e+07  3.22610e-01  0.00000e+00
0169  3.94521e+18  1.41037e-22  4.98325e-08  4.63695e+07  3.22090e-01  0.00000e+00
0170  3.96260e+18  1.39510e-22  4.91847e-08  4.64667e+07  3.21570e-01  0.00000e+00
0171  3.98000e+18  1.38007e-22  4.85482e-08  4.65630e+07  3.21051e-01  0.00000e+00
0172  3.99739e+18  1.36529e-22  4.79229e-08  4.66585e+07  3.20533e-01  0.00000e+00
0173  4.01478e+18  1.35075e-22  4.73084e-08  4.67532e+07  3.20016e-01  0.00000e+00
0174  4.03217e+18  1.33644e-22  4.67047e-08  4.68470e+07  3.19499e-01  0.00000e+00
0175  4.04957e+18  1.32237e-22  4.61111e-08  4.69401e+07  3.18984e-01  0.00000e+00
0176  4.06696e+18  1.30851e-22  4.55278e-08  4.70323e+07  3.18469e-01  0.00000e+00
0177  4.08435e+18  1.29488e-22  4.49544e-08  4.71238e+07  3.17955e-01  0.00000e+00
0178  4.10174e+18  1.28146e-22  4.43907e-08  4.72145e+07  3.17442e-01  0.00000e+00
0179  4.11914e+18  1.26825e-22  4.38365e-08  4.73044e+07  3.16930e-01  0.00000e+00
0180  4.13653e+18  1.25524e-22  4.32917e-08  4.73935e+07  3.16418e-01  0.00000e+00
0181  4.15392e+18  1.24244e-22  4.27561e-08  4.74819e+07  3.15908e-01  0.00000e+00
0182  4.17131e+18  1.22983e-22  4.22293e-08  4.75696e+07  3.15399e-01  0.00000e+00
0183  4.18871e+18  1.21742e-22  4.17113e-08  4.76565e+07  3.14891e-01  0.00000e+00
0184  4.20610e+18  1.20520e-22  4.12019e-08  4.77427e+07  3.14383e-01  0.00000e+00
0185  4.22349e+18  1.19316e-22  4.07009e-08  4.78282e+07  3.13877e-01  0.00000e+00
0186  4.24088e+18  1.18130e-22  4.02081e-08  4.79130e+07  3.13372e-01  0.00000e+00
0187  4.25828e+18  1.16962e-22  3.97233e-08  4.79971e+07  3.12868e-01  0.00000e+00
0188  4.27567e+18  1.15812e-22  3.92464e-08  4.80805e+07  3.12364e-01  0.00000e+00
0189  4.29306e+18  1.14678e-22  3.87772e-08  4.81632e+07  3.11862e-01  0.00000e+00
0190  4.31045e+18  1.13561e-22  3.83156e-08  4.82453e+07  3.11361e-01  0.00000e+00
0191  4.32785e+18  1.12461e-22  3.78614e-08  4.83267e+07  3.10862e-01  0.00000e+00
0192  4.34524e+18  1.11377e-22  3.74145e-08  4.84074e+07  3.10363e-01  0.00000e+00
0193  4.36263e+18  1.10308e-22  3.69746e-08  4.84875e+07  3.09865e-01  0.00000e+00
0194  4.38002e+18  1.09255e-22  3.65417e-08  4.85670e+07  3.09369e-01  0.00000e+00
0195  4.39742e+18  1.08217e-22  3.61157e-08  4.86459e+07  3.08873e-01  0.00000e+00
0196  4.41481e+18  1.07194e-22  3.56963e-08  4.87241e+07  3.08379e-01  0.00000e+00
0197  4.43220e+18  1.06186e-22  3.52835e-08  4.88017e+07  3.07886e-01  0.00000e+00
0198  4.44959e+18  1.05191e-22  3.48772e-08  4.88787e+07  3.07394e-01  0.00000e+00
0199  4.46699e+18  1.04211e-22  3.44771e-08  4.89551e+07  3.06904e-01  0.00000e+00
0200  4.48438e+18  1.03245e-22  3.40832e-08  4.90310e+07  3.06414e-01  0.00000e+00
0201  4.50177e+18  1.02292e-22  3.36955e-08  4.91062e+07  3.05926e-01  0.00000e+00
0202  4.51916e+18  1.01352e-22  3.33136e-08  4.91808e+07  3.05439e-01  0.00000e+00
0203  4.53655e+18  1.00425e-22  3.29377e-08  4.92549e+07  3.04953e-01  0.00000e+00
0204  4.55395e+18  9.95116e-23  3.25674e-08  4.93284e+07  3.04468e-01  0.00000e+00
0205  4.57134e+18  9.86102e-23  3.22028e-08  4.94014e+07  3.03985e-01  0.00000e+00
0206  4.58873e+18  9.77211e-23  3.18437e-08  4.94738e+07  3.03503e-01  0.00000e+00
0207  4.60612e+18  9.68442e-23  3.14900e-08  4.95457e+07  3.03022e-01  0.00000e+00
0208  4.62352e+18  9.59790e-23  3.11417e-08  4.96170e+07  3.02542e-01  0.00000e+00
0209  4.64091e+18  9.51255e-23  3.07985e-08  4.96877e+07  3.02063e-01  0.00000e+00
0210  4.65830e+18  9.42834e-23  3.04605e-08  4.97580e+07  3.01586e-01  0.00000e+00
0211  4.67569e+18  9.34526e-23  3.01274e-08  4.98277e+07  3.01110e-01  0.00000e+00
0212  4.69309e+18  9.26327e-23  2.97993e-08  4.98970e+07  3.00635e-01  0.00000e+00
0213  4.71048e+18  9.18237e-23  2.94760e-08  4.99657e+07  3.00162e-01  0.00000e+00
0214  4.72787e+18  9.10254e-23  2.91574e-08  5.00339e+07  2.99690e-01  0.00000e+00
0215  4.74526e+18  9.02374e-23  2.88435e-08  5.01016e+07  2.99219e-01  0.00000e+00
0216  4.76266e+18  8.94598e-23  2.85342e-08  5.01688e+07  2.98749e-01  0.00000e+00
0217  4.78005e+18  8.86922e-23  2.82293e-08  5.02355e+07  2.98281e-01  0.00000e+00
0218  4.79744e+18  8.79345e-23  2.79288e-08  5.03018e+07  2.97813e-01  0.00000e+00
0219  4.81483e+18  8.71866e-23  2.76327e-08  5.03676e+07  2.97348e-01  0.00000e+00
0220  4.83223e+18  8.64482e-23  2.73408e-08  5.04329e+07  2.96883e-01  0.00000e+00
0221  4.84962e+18  8.57193e-23  2.70530e-08  5.04977e+07  2.96420e-01  0.00000e+00
0222  4.86701e+18  8.49995e-23  2.67694e-08  5.05621e+07  2.95958e-01  0.00000e+00
0223  4.88440e+18  8.42889e-23  2.64897e-08  5.06260e+07  2.95497e-01  0.00000e+00
0224  4.90180e+18  8.35872e-23  2.62140e-08  5.06895e+07  2.95037e-01  0.00000e+00
0225  4.91919e+18  8.28943e-23  2.59422e-08  5.07525e+07  2.94579e-01  0.00000e+00
0226  4.93658e+18  8.22100e-23  2.56741e-08  5.08151e+07  2.94122e-01  0.00000e+00
0227  4.95397e+18  8.15342e-23  2.54098e-08  5.08773e+07  2.93667e-01  0.00000e+00
0228  4.97137e+18  8.08668e-23  2.51492e-08  5.09390e+07  2.93212e-01  0.00000e+00
0229  4.98876e+18  8.02076e-23  2.48922e-08  5.10003e+07  2.92759e-01  0.00000e+00
0230  5.00615e+18  7.95564e-23  2.46387e-08  5.10612e+07  2.92308e-01  0.00000e+00
0231  5.02354e+18  7.89132e-23  2.43887e-08  5.11217e+07  2.91857e-01  0.00000e+00
0232  5.04094e+18  7.82779e-23  2.41422e-08  5.11818e+07  2.91408e-01  0.00000e+00
0233  5.05833e+18  7.76502e-23  2.38989e-08  5.12414e+07  2.90960e-01  0.00000e+00
0234  5.07572e+18  7.70300e-23  2.36590e-08  5.13007e+07  2.90514e-01  0.00000e+00
0235  5.09311e+18  7.64173e-23  2.34224e-08  5.13595e+07  2.90068e-01  0.00000e+00
0236  5.11051e+18  7.58120e-23  2.31889e-08  5.14180e+07  2.89624e-01  0.00000e+00
0237  5.12790e+18  7.52138e-23  2.29586e-08  5.14760e+07  2.89182e-01  0.00000e+00
0238  5.14529e+18  7.46227e-23  2.27313e-08  5.15337e+07  2.88740e-01  0.00000e+00
0239  5.16268e+18  7.40386e-23  2.25071e-08  5.15910e+07  2.88300e-01  0.00000e+00
0240  5.18008e+18  7.34614e-23  2.22859e-08  5.16479e+07  2.87861e-01  0.00000e+00
0241  5.19747e+18  7.28909e-23  2.20676e-08  5.17045e+07  2.87423e-01  0.00000e+00
0242  5.21486e+18  7.23271e-23  2.18522e-08  5.17606e+07  2.86987e-01  0.00000e+00
0243  5.23225e+18  7.17698e-23  2.16396e-08  5.18165e+07  2.86552e-01  0.00000e+00
0244  5.24965e+18  7.12190e-23  2.14298e-08  5.18719e+07  2.86118e-01  0.00000e+00
0245  5.26704e+18  7.06745e-23  2.12228e-08  5.19270e+07  2.85686e-01  0.00000e+00
0246  5.28443e+18  7.01363e-23  2.10184e-08  5.19817e+07  2.85254e-01  0.00000e+00
0247  5.30182e+18  6.96042e-23  2.08167e-08  5.20361e+07  2.84825e-01  0.00000e+00
0248  5.31922e+18  6.90782e-23  2.06176e-08  5.20901e+07  2.84396e-01  0.00000e+00
0249  5.33661e+18  6.85582e-23  2.04211e-08  5.21438e+07  2.83968e-01  0.00000e+00
0250  5.35400e+18  6.80440e-23  2.02271e-08  5.21971e+07  2.83542e-01  0.00000e+00
0251  5.37139e+18  6.75356e-23  2.00356e-08  5.22501e+07  2.83117e-01  0.00000e+00
0252  5.38879e+18  6.70330e-23  1.98465e-08  5.23028e+07  2.82694e-01  0.00000e+00
0253  5.40618e+18  6.65359e-23  1.96598e-08  5.23551e+07  2.82271e-01  0.00000e+00
0254  5.42357e+18  6.60444e-23  1.94755e-08  5.24072e+07  2.81850e-01  0.00000e+00
0255  5.44096e+18  6.55583e-23  1.92935e-08  5.24588e+07  2.81430e-01  0.00000e+00
0256  5.45836e+18  6.50776e-23  1.91139e-08  5.25102e+07  2.81012e-01  0.00000e+00
0257  5.47575e+18  6.46022e-23  1.89364e-08  5.25612e+07  2.80594e-01  0.00000e+00
0258  5.49314e+18  6.41320e-23  1.87612e-08  5.26120e+07  2.80178e-01  0.00000e+00
0259  5.51053e+18  6.36669e-23  1.85882e-08  5.26624e+07  2.79763e-01  0.00000e+00
0260  5.52793e+18  6.32069e-23  1.84173e-08  5.27125e+07  2.79349e-01  0.00000e+00
0261  5.54532e+18  6.27519e-23  1.82485e-08  5.27623e+07  2.78937e-01  0.00000e+00
0262  5.56271e+18  6.23018e-23  1.80819e-08  5.28118e+07  2.78526e-01  0.00000e+00
0263  5.58010e+18  6.18565e-23  1.79172e-08  5.28609e+07  2.78116e-01  0.00000e+00
0264  5.59750e+18  6.14160e-23  1.77546e-08  5.29098e+07  2.77707e-01  0.00000e+00
0265  5.61489e+18  6.09802e-23  1.75940e-08  5.29584e+07  2.77299e-01  0.00000e+00
0266  5.63228e+18  6.05491e-23  1.74353e-08  5.30067e+07  2.76893e-01  0.00000e+00
0267  5.64967e+18  6.01225e-23  1.72786e-08  5.30548e+07  2.76488e-01  0.00000e+00
0268  5.66707e+18  5.97005e-23  1.71237e-08  5.31025e+07  2.76084e-01  0.00000e+00
0269  5.68446e+18  5.92828e-23  1.69708e-08  5.31499e+07  2.75681e-01  0.00000e+00
0270  5.70185e+18  5.88696e-23  1.68196e-08  5.31971e+07  2.75280e-01  0.00000e+00
0271  5.71924e+18  5.84607e-23  1.66703e-08  5.32440e+07  2.74879e-01  0.00000e+00
0272  5.73664e+18  5.80560e-23  1.65228e-08  5.32906e+07  2.74480e-01  0.00000e+00
0273  5.75403e+18  5.76556e-23  1.63770e-08  5.33369e+07  2.74082e-01  0.00000e+00
0274  5.77142e+18  5.72593e-23  1.62330e-08  5.33830e+07  2.73686e-01  0.00000e+00
0275  5.78881e+18  5.68670e-23  1.60906e-08  5.34287e+07  2.73290e-01  0.00000e+00
0276  5.80620e+18  5.64788e-23  1.59500e-08  5.34743e+07  2.72896e-01  0.00000e+00
0277  5.82360e+18  5.60946e-23  1.58110e-08  5.35195e+07  2.72503e-01  0.00000e+00
0278  5.84099e+18  5.57143e-23  1.56736e-08  5.35645e+07  2.72111e-01  0.00000e+00
0279  5.85838e+18  5.53379e-23  1.55378e-08  5.36092e+07  2.71720e-01  0.00000e+00
0280  5.87577e+18  5.49652e-23  1.54037e-08  5.36537e+07  2.71330e-01  0.00000e+00
0281  5.89317e+18  5.45964e-23  1.52710e-08  5.36979e+07  2.70942e-01  0.00000e+00
0282  5.91056e+18  5.42312e-23  1.51400e-08  5.37419e+07  2.70555e-01  0.00000e+00
0283  5.92795e+18  5.38697e-23  1.50104e-08  5.37856e+07  2.70168e-01  0.00000e+00
0284  5.94534e+18  5.35119e-23  1.48823e-08  5.38291e+07  2.69783e-01  0.00000e+00
0285  5.96274e+18  5.31575e-23  1.47557e-08  5.38723e+07  2.69400e-01  0.00000e+00
0286  5.98013e+18  5.28067e-23  1.46306e-08  5.39153e+07  2.69017e-01  0.00000e+00
0287  5.99752e+18  5.24594e-23  1.45068e-08  5.39580e+07  2.68635e-01  0.00000e+00
0288  6.01491e+18  5.21155e-23  1.43845e-08  5.40005e+07  2.68255e-01  0.00000e+00
0289  6.03231e+18  5.17750e-23  1.42636e-08  5.40428e+07  2.67876e-01  0.00000e+00
0290  6.04970e+18  5.14378e-23  1.41440e-08  5.40848e+07  2.67498e-01  0.00000e+00
0291  6.06709e+18  5.11039e-23  1.40258e-08  5.41266e+07  2.67121e-01  0.00000e+00
0292  6.08448e+18  5.07733e-23  1.39089e-08  5.41682e+07  2.66745e-01  0.00000e+00
0293  6.10188e+18  5.04458e-23  1.37934e-08  5.42095e+07  2.66370e-01  0.00000e+00
0294  6.11927e+18  5.01216e-23  1.36791e-08  5.42506e+07  2.65996e-01  0.00000e+00
0295  6.13666e+18  4.98004e-23  1.35661e-08  5.42915e+07  2.65624e-01  0.00000e+00
0296  6.15405e+18  4.94823e-23  1.34544e-08  5.43321e+07  2.65252e-01  0.00000e+00
0297  6.17145e+18  4.91673e-23  1.33439e-08  5.43725e+07  2.64882e-01  0.00000e+00
0298  6.18884e+18  4.88553e-23  1.32346e-08  5.44128e+07  2.64513e-01  0.00000e+00
0299  6.20623e+18  4.85463e-23  1.31265e-08  5.44527e+07  2.64145e-01  0.00000e+00
0300  6.22362e+18  4.82401e-23  1.30196e-08  5.44925e+07  2.63778e-01  0.00000e+00
0301  6.24102e+18  4.79369e-23  1.29139e-08  5.45321e+07  2.63412e-01  0.00000e+00
0302  6.25841e+18  4.76365e-23  1.28093e-08  5.45714e+07  2.63047e-01  0.00000e+00
0303  6.27580e+18  4.73390e-23  1.27059e-08  5.46106e+07  2.62683e-01  0.00000e+00
0304  6.29319e+18  4.70442e-23  1.26036e-08  5.46495e+07  2.62321e-01  0.00000e+00
0305  6.31059e+18  4.67522e-23  1.25024e-08  5.46882e+07  2.61959e-01  0.00000e+00
0306  6.32798e+18  4.64629e-23  1.24023e-08  5.47267e+07  2.61599e-01  0.00000e+00
0307  6.34537e+18  4.61763e-23  1.23033e-08  5.47650e+07  2.61239e-01  0.00000e+00
0308  6.36276e+18  4.58923e-23  1.22053e-08  5.48031e+07  2.60881e-01  0.00000e+00
0309  6.38016e+18  4.56110e-23  1.21084e-08  5.48410e+07  2.60524e-01  0.00000e+00
0310  6.39755e+18  4.53322e-23  1.20126e-08  5.48787e+07  2.60167e-01  0.00000e+00
0311  6.41494e+18  4.50560e-23  1.19177e-08  5.49162e+07  2.59812e-01  0.00000e+00
0312  6.43233e+18  4.47823e-23  1.18239e-08  5.49535e+07  2.59458e-01  0.00000e+00
0313  6.44973e+18  4.45111e-23  1.17310e-08  5.49907e+07  2.59105e-01  0.00000e+00
0314  6.46712e+18  4.42424e-23  1.16392e-08  5.50276e+07  2.58753e-01  0.00000e+00
0315  6.48451e+18  4.39761e-23  1.15483e-08  5.50643e+07  2.58402e-01  0.00000e+00
0316  6.50190e+18  4.37122e-23  1.14583e-08  5.51009e+07  2.58052e-01  0.00000e+00
0317  6.51930e+18  4.34506e-23  1.13693e-08  5.51372e+07  2.57703e-01  0.00000e+00
0318  6.53669e+18  4.31914e-23  1.12813e-08  5.51734e+07  2.57355e-01  0.00000e+00
0319  6.55408e+18  4.29346e-23  1.11941e-08  5.52094e+07  2.57008e-01  0.00000e+00
0320  6.57147e+18  4.26800e-23  1.11079e-08  5.52452e+07  2.56662e-01  0.00000e+00
0321  6.58887e+18  4.24276e-23  1.10225e-08  5.52808e+07  2.56317e-01  0.00000e+00
0322  6.60626e+18  4.21776e-23  1.09381e-08  5.53162e+07  2.55973e-01  0.00000e+00
0323  6.62365e+18  4.19297e-23  1.08545e-08  5.53515e+07  2.55631e-01  0.00000e+00
0324  6.64104e+18  4.16840e-23  1.07717e-08  5.53865e+07  2.55289e-01  0.00000e+00
0325  6.65844e+18  4.14404e-23  1.06898e-08  5.54214e+07  2.54948e-01  0.00000e+00
0326  6.67583e+18  4.11990e-23  1.06088e-08  5.54562e+07  2.54608e-01  0.00000e+00
0327  6.69322e+18  4.09597e-23  1.05286e-08  5.54907e+07  2.54269e-01  0.00000e+00
0328  6.71061e+18  4.07225e-23  1.04492e-08  5.55251e+07  2.53931e-01  0.00000e+00
0329  6.72801e+18  4.04873e-23  1.03706e-08  5.55593e+07  2.53594e-01  0.00000e+00
0330  6.74540e+18  4.02542e-23  1.02928e-08  5.55933e+07  2.53259e-01  0.00000e+00
0331  6.76279e+18  4.00231e-23  1.02157e-08  5.56272e+07  2.52924e-01  0.00000e+00
0332  6.78018e+18  3.97939e-23  1.01395e-08  5.56609e+07  2.52590e-01  0.00000e+00
0333  6.79758e+18  3.95668e-23  1.00640e-08  5.56944e+07  2.52257e-01  0.00000e+00
0334  6.81497e+18  3.93415e-23  9.98929e-09  5.57278e+07  2.51925e-01  0.00000e+00
0335  6.83236e+18  3.91182e-23  9.91531e-09  5.57610e+07  2.51594e-01  0.00000e+00
0336  6.84975e+18  3.88968e-23  9.84207e-09  5.57940e+07  2.51264e-01  0.00000e+00
0337  6.86715e+18  3.86773e-23  9.76956e-09  5.58269e+07  2.50934e-01  0.00000e+00
0338  6.88454e+18  3.84596e-23  9.69777e-09  5.58596e+07  2.50606e-01  0.00000e+00
0339  6.90193e+18  3.82438e-23  9.62669e-09  5.58922e+07  2.50279e-01  0.00000e+00
0340  6.91932e+18  3.80297e-23  9.55630e-09  5.59246e+07  2.49953e-01  0.00000e+00
0341  6.93672e+18  3.78175e-23  9.48661e-09  5.59569e+07  2.49627e-01  0.00000e+00
0342  6.95411e+18  3.76070e-23  9.41761e-09  5.59889e+07  2.49303e-01  0.00000e+00
0343  6.97150e+18  3.73983e-23  9.34927e-09  5.60209e+07  2.48980e-01  0.00000e+00
0344  6.98889e+18  3.71914e-23  9.28161e-09  5.60527e+07  2.48657e-01  0.00000e+00
0345  7.00629e+18  3.69861e-23  9.21460e-09  5.60843e+07  2.48335e-01  0.00000e+00
0346  7.02368e+18  3.67825e-23  9.14825e-09  5.61158e+07  2.48015e-01  0.00000e+00
0347  7.04107e+18  3.65807e-23  9.08253e-09  5.61471e+07  2.47695e-01  0.00000e+00
0348  7.05846e+18  3.63804e-23  9.01746e-09  5.61783e+07  2.47376e-01  0.00000e+00
0349  7.07586e+18  3.61818e-23  8.95301e-09  5.62094e+07  2.47058e-01  0.00000e+00
0350  7.09325e+18  3.59849e-23  8.88917e-09  5.62402e+07  2.46741e-01  0.00000e+00
0351  7.11064e+18  3.57895e-23  8.82596e-09  5.62710e+07  2.46425e-01  0.00000e+00
0352  7.12803e+18  3.55958e-23  8.76334e-09  5.63016e+07  2.46110e-01  0.00000e+00
0353  7.14543e+18  3.54036e-23  8.70132e-09  5.63321e+07  2.45795e-01  0.00000e+00
0354  7.16282e+18  3.52129e-23  8.63990e-09  5.63624e+07  2.45482e-01  0.00000e+00
0355  7.18021e+18  3.50238e-23  8.57906e-09  5.63925e+07  2.45169e-01  0.00000e+00
0356  7.19760e+18  3.48362e-23  8.51879e-09  5.64226e+07  2.44858e-01  0.00000e+00
0357  7.21500e+18  3.46501e-23  8.45909e-09  5.64525e+07  2.44547e-01  0.00000e+00
0358  7.23239e+18  3.44655e-23  8.39996e-09  5.64822e+07  2.44237e-01  0.00000e+00
0359  7.24978e+18  3.42824e-23  8.34138e-09  5.65119e+07  2.43928e-01  0.00000e+00
0360  7.26717e+18  3.41007e-23  8.28335e-09  5.65413e+07  2.43620e-01  0.00000e+00
0361  7.28457e+18  3.39205e-23  8.22586e-09  5.65707e+07  2.43313e-01  0.00000e+00
0362  7.30196e+18  3.37417e-23  8.16891e-09  5.65999e+07  2.43006e-01  0.00000e+00
0363  7.31935e+18  3.35643e-23  8.11249e-09  5.66290e+07  2.42701e-01  0.00000e+00
0364  7.33674e+18  3.33883e-23  8.05660e-09  5.66579e+07  2.42396e-01  0.00000e+00
0365  7.35414e+18  3.32137e-23  8.00122e-09  5.66868e+07  2.42092e-01  0.00000e+00
0366  7.37153e+18  3.30405e-23  7.94635e-09  5.67155e+07  2.41789e-01  0.00000e+00
0367  7.38892e+18  3.28686e-23  7.89199e-09  5.67440e+07  2.41487e-01  0.00000e+00
0368  7.40631e+18  3.26980e-23  7.83813e-09  5.67724e+07  2.41186e-01  0.00000e+00
0369  7.42371e+18  3.25288e-23  7.78477e-09  5.68007e+07  2.40885e-01  0.00000e+00
0370  7.44110e+18  3.23609e-23  7.73189e-09  5.68289e+07  2.40586e-01  0.00000e+00
0371  7.45849e+18  3.21943e-23  7.67950e-09  5.68570e+07  2.40287e-01  0.00000e+00
0372  7.47588e+18  3.20289e-23  7.62758e-09  5.68849e+07  2.39989e-01  0.00000e+00
0373  7.49328e+18  3.18649e-23  7.57614e-09  5.69127e+07  2.39692e-01  0.00000e+00
0374  7.51067e+18  3.17021e-23  7.52516e-09  5.69404e+07  2.39396e-01  0.00000e+00
0375  7.52806e+18  3.15405e-23  7.47465e-09  5.69679e+07  2.39100e-01  0.00000e+00
0376  7.54545e+18  3.13802e-23  7.42459e-09  5.69954e+07  2.38806e-01  0.00000e+00
0377  7.56285e+18  3.12211e-23  7.37498e-09  5.70227e+07  2.38512e-01  0.00000e+00
0378  7.58024e+18  3.10632e-23  7.32581e-09  5.70499e+07  2.38219e-01  0.00000e+00
0379  7.59763e+18  3.09065e-23  7.27709e-09  5.70769e+07  2.37927e-01  0.00000e+00
0380  7.61502e+18  3.07509e-23  7.22881e-09  5.71039e+07  2.37635e-01  0.00000e+00
0381  7.63242e+18  3.05966e-23  7.18095e-09  5.71307e+07  2.37345e-01  0.00000e+00
0382  7.64981e+18  3.04434e-23  7.13352e-09  5.71574e+07  2.37055e-01  0.00000e+00
0383  7.66720e+18  3.02913e-23  7.08651e-09  5.71840e+07  2.36766e-01  0.00000e+00
0384  7.68459e+18  3.01404e-23  7.03992e-09  5.72105e+07  2.36478e-01  0.00000e+00
0385  7.70199e+18  2.99907e-23  6.99374e-09  5.72369e+07  2.36191e-01  0.00000e+00
0386  7.71938e+18  2.98420e-23  6.94797e-09  5.72632e+07  2.35904e-01  0.00000e+00
0387  7.73677e+18  2.96944e-23  6.90260e-09  5.72893e+07  2.35618e-01  0.00000e+00
0388  7.75416e+18  2.95479e-23  6.85763e-09  5.73153e+07  2.35333e-01  0.00000e+00
0389  7.77156e+18  2.94026e-23  6.81305e-09  5.73413e+07  2.35049e-01  0.00000e+00
0390  7.78895e+18  2.92582e-23  6.76886e-09  5.73671e+07  2.34766e-01  0.00000e+00
0391  7.80634e+18  2.91150e-23  6.72506e-09  5.73928e+07  2.34483e-01  0.00000e+00
0392  7.82373e+18  2.89728e-23  6.68164e-09  5.74184e+07  2.34201e-01  0.00000e+00
0393  7.84113e+18  2.88316e-23  6.63860e-09  5.74438e+07  2.33920e-01  0.00000e+00
0394  7.85852e+18  2.86914e-23  6.59593e-09  5.74692e+07  2.33639e-01  0.00000e+00
0395  7.87591e+18  2.85523e-23  6.55362e-09  5.74945e+07  2.33360e-01  0.00000e+00
0396  7.89330e+18  2.84142e-23  6.51169e-09  5.75196e+07  2.33081e-01  0.00000e+00
0397  7.91070e+18  2.82771e-23  6.47011e-09  5.75447e+07  2.32803e-01  0.00000e+00
0398  7.92809e+18  2.81410e-23  6.42889e-09  5.75696e+07  2.32525e-01  0.00000e+00
0399  7.94548e+18  2.80058e-23  6.38802e-09  5.75945e+07  2.32249e-01  0.00000e+00
0400  7.96287e+18  2.78717e-23  6.34751e-09  5.76192e+07  2.31973e-01  0.00000e+00
0401  7.98027e+18  2.77384e-23  6.30734e-09  5.76439e+07  2.31698e-01  0.00000e+00
0402  7.99766e+18  2.76062e-23  6.26751e-09  5.76684e+07  2.31424e-01  0.00000e+00
0403  8.01505e+18  2.74749e-23  6.22802e-09  5.76928e+07  2.31150e-01  0.00000e+00
0404  8.03244e+18  2.73445e-23  6.18886e-09  5.77172e+07  2.30877e-01  0.00000e+00
0405  8.04984e+18  2.72150e-23  6.15003e-09  5.77414e+07  2.30605e-01  0.00000e+00
0406  8.06723e+18  2.70865e-23  6.11154e-09  5.77655e+07  2.30333e-01  0.00000e+00
0407  8.08462e+18  2.69589e-23  6.07336e-09  5.77895e+07  2.30063e-01  0.00000e+00
0408  8.10201e+18  2.68321e-23  6.03551e-09  5.78135e+07  2.29793e-01  0.00000e+00
0409  8.11940e+18  2.67063e-23  5.99797e-09  5.78373e+07  2.29523e-01  0.00000e+00
0410  8.13680e+18  2.65814e-23  5.96075e-09  5.78611e+07  2.29255e-01  0.00000e+00
0411  8.15419e+18  2.64573e-23  5.92384e-09  5.78847e+07  2.28987e-01  0.00000e+00
0412  8.17158e+18  2.63341e-23  5.88724e-09  5.79082e+07  2.28720e-01  0.00000e+00
0413  8.18897e+18  2.62117e-23  5.85094e-09  5.79317e+07  2.28453e-01  0.00000e+00
0414  8.20637e+18  2.60902e-23  5.81494e-09  5.79550e+07  2.28188e-01  0.00000e+00
0415  8.22376e+18  2.59696e-23  5.77924e-09  5.79783e+07  2.27923e-01  0.00000e+00
0416  8.24115e+18  2.58497e-23  5.74383e-09  5.80015e+07  2.27658e-01  0.00000e+00
0417  8.25854e+18  2.57307e-23  5.70872e-09  5.80245e+07  2.27395e-01  0.00000e+00
0418  8.27594e+18  2.56126e-23  5.67389e-09  5.80475e+07  2.27132e-01  0.00000e+00
0419  8.29333e+18  2.54952e-23  5.63935e-09  5.80704e+07  2.26870e-01  0.00000e+00
0420  8.31072e+18  2.53786e-23  5.60509e-09  5.80932e+07  2.26608e-01  0.00000e+00
0421  8.32811e+18  2.52629e-23  5.57112e-09  5.81159e+07  2.26347e-01  0.00000e+00
0422  8.34551e+18  2.51479e-23  5.53741e-09  5.81385e+07  2.26087e-01  0.00000e+00
0423  8.36290e+18  2.50337e-23  5.50399e-09  5.81610e+07  2.25828e-01  0.00000e+00
0424  8.38029e+18  2.49203e-23  5.47083e-09  5.81835e+07  2.25569e-01  0.00000e+00
0425  8.39768e+18  2.48076e-23  5.43795e-09  5.82058e+07  2.25311e-01  0.00000e+00
0426  8.41508e+18  2.46957e-23  5.40533e-09  5.82281e+07  2.25053e-01  0.00000e+00
0427  8.43247e+18  2.45846e-23  5.37297e-09  5.82502e+07  2.24797e-01  0.00000e+00
0428  8.44986e+18  2.44742e-23  5.34087e-09  5.82723e+07  2.24541e-01  0.00000e+00
0429  8.46725e+18  2.43646e-23  5.30903e-09  5.82943e+07  2.24285e-01  0.00000e+00
0430  8.48465e+18  2.42557e-23  5.27745e-09  5.83162e+07  2.24030e-01  0.00000e+00
0431  8.50204e+18  2.41475e-23  5.24612e-09  5.83381e+07  2.23776e-01  0.00000e+00
0432  8.51943e+18  2.40401e-23  5.21504e-09  5.83598e+07  2.23523e-01  0.00000e+00
0433  8.53682e+18  2.39333e-23  5.18420e-09  5.83815e+07  2.23270e-01  0.00000e+00
0434  8.55422e+18  2.38273e-23  5.15361e-09  5.84030e+07  2.23018e-01  0.00000e+00
0435  8.57161e+18  2.37220e-23  5.12327e-09  5.84245e+07  2.22766e-01  0.00000e+00
0436  8.58900e+18  2.36173e-23  5.09316e-09  5.84459e+07  2.22516e-01  0.00000e+00
0437  8.60639e+18  2.35134e-23  5.06330e-09  5.84672e+07  2.22265e-01  0.00000e+00
0438  8.62379e+18  2.34101e-23  5.03366e-09  5.84885e+07  2.22016e-01  0.00000e+00
0439  8.64118e+18  2.33076e-23  5.00427e-09  5.85096e+07  2.21767e-01  0.00000e+00
0440  8.65857e+18  2.32057e-23  4.97510e-09  5.85307e+07  2.21519e-01  0.00000e+00
0441  8.67596e+18  2.31044e-23  4.94616e-09  5.85517e+07  2.21271e-01  0.00000e+00
0442  8.69336e+18  2.30038e-23  4.91745e-09  5.85726e+07  2.21024e-01  0.00000e+00
0443  8.71075e+18  2.29039e-23  4.88896e-09  5.85935e+07  2.20778e-01  0.00000e+00
0444  8.72814e+18  2.28046e-23  4.86069e-09  5.86142e+07  2.20532e-01  0.00000e+00
0445  8.74553e+18  2.27060e-23  4.83265e-09  5.86349e+07  2.20287e-01  0.00000e+00
0446  8.76293e+18  2.26080e-23  4.80482e-09  5.86555e+07  2.20043e-01  0.00000e+00
0447  8.78032e+18  2.25107e-23  4.77721e-09  5.86760e+07  2.19799e-01  0.00000e+00
0448  8.79771e+18  2.24139e-23  4.74981e-09  5.86964e+07  2.19555e-01  0.00000e+00
0449  8.81510e+18  2.23178e-23  4.72262e-09  5.87168e+07  2.19313e-01  0.00000e+00
0450  8.83250e+18  2.22223e-23  4.69564e-09  5.87371e+07  2.19071e-01  0.00000e+00
0451  8.84989e+18  2.21275e-23  4.66887e-09  5.87573e+07  2.18829e-01  0.00000e+00
0452  8.86728e+18  2.20332e-23  4.64230e-09  5.87775e+07  2.18589e-01  0.00000e+00
0453  8.88467e+18  2.19395e-23  4.61594e-09  5.87975e+07  2.18349e-01  0.00000e+00
0454  8.90207e+18  2.18464e-23  4.58978e-09  5.88175e+07  2.18109e-01  0.00000e+00
0455  8.91946e+18  2.17539e-23  4.56382e-09  5.88374e+07  2.17870e-01  0.00000e+00
0456  8.93685e+18  2.16620e-23  4.53805e-09  5.88573e+07  2.17632e-01  0.00000e+00
0457  8.95424e+18  2.15707e-23  4.51248e-09  5.88770e+07  2.17394e-01  0.00000e+00
0458  8.97164e+18  2.14800e-23  4.48711e-09  5.88967e+07  2.17157e-01  0.00000e+00
0459  8.98903e+18  2.13898e-23  4.46193e-09  5.89163e+07  2.16920e-01  0.00000e+00
0460  9.00642e+18  2.13002e-23  4.43693e-09  5.89359e+07  2.16684e-01  0.00000e+00
0461  9.02381e+18  2.12111e-23  4.41212e-09  5.89554e+07  2.16449e-01  0.00000e+00
0462  9.04121e+18  2.11226e-23  4.38749e-09  5.89748e+07  2.16214e-01  0.00000e+00
0463  9.05860e+18  2.10347e-23  4.36305e-09  5.89941e+07  2.15980e-01  0.00000e+00
0464  9.07599e+18  2.09473e-23  4.33879e-09  5.90134e+07  2.15746e-01  0.00000e+00
0465  9.09338e+18  2.08605e-23  4.31472e-09  5.90326e+07  2.15513e-01  0.00000e+00
0466  9.11078e+18  2.07742e-23  4.29082e-09  5.90517e+07  2.15281e-01  0.00000e+00
0467  9.12817e+18  2.06884e-23  4.26710e-09  5.90708e+07  2.15049e-01  0.00000e+00
0468  9.14556e+18  2.06031e-23  4.24356e-09  5.90898e+07  2.14818e-01  0.00000e+00
0469  9.16295e+18  2.05184e-23  4.22020e-09  5.91087e+07  2.14587e-01  0.00000e+00
0470  9.18035e+18  2.04342e-23  4.19700e-09  5.91275e+07  2.14357e-01  0.00000e+00
0471  9.19774e+18  2.03505e-23  4.17398e-09  5.91463e+07  2.14127e-01  0.00000e+00
0472  9.21513e+18  2.02674e-23  4.15113e-09  5.91650e+07  2.13898e-01  0.00000e+00
0473  9.23252e+18  2.01847e-23  4.12845e-09  5.91837e+07  2.13670e-01  0.00000e+00
0474  9.24992e+18  2.01025e-23  4.10594e-09  5.92022e+07  2.13442e-01  0.00000e+00
0475  9.26731e+18  2.00209e-23  4.08359e-09  5.92208e+07  2.13214e-01  0.00000e+00
0476  9.28470e+18  1.99397e-23  4.06141e-09  5.92392e+07  2.12988e-01  0.00000e+00
0477  9.30209e+18  1.98591e-23  4.03939e-09  5.92576e+07  2.12761e-01  0.00000e+00
0478  9.31949e+18  1.97789e-23  4.01753e-09  5.92759e+07  2.12536e-01  0.00000e+00
0479  9.33688e+18  1.96992e-23  3.99583e-09  5.92941e+07  2.12311e-01  0.00000e+00
0480  9.35427e+18  1.96200e-23  3.97428e-09  5.93123e+07  2.12086e-01  0.00000e+00
0481  9.37166e+18  1.95412e-23  3.95290e-09  5.93304e+07  2.11862e-01  0.00000e+00
0482  9.38906e+18  1.94630e-23  3.93167e-09  5.93485e+07  2.11638e-01  0.00000e+00
0483  9.40645e+18  1.93852e-23  3.91059e-09  5.93665e+07  2.11416e-01  0.00000e+00
0484  9.42384e+18  1.93079e-23  3.88967e-09  5.93844e+07  2.11193e-01  0.00000e+00
0485  9.44123e+18  1.92310e-23  3.86890e-09  5.94023e+07  2.10971e-01  0.00000e+00
0486  9.45863e+18  1.91546e-23  3.84827e-09  5.94201e+07  2.10750e-01  0.00000e+00
0487  9.47602e+18  1.90786e-23  3.82780e-09  5.94378e+07  2.10529e-01  0.00000e+00
0488  9.49341e+18  1.90031e-23  3.80747e-09  5.94555e+07  2.10309e-01  0.00000e+00
0489  9.51080e+18  1.89281e-23  3.78729e-09  5.94731e+07  2.10089e-01  0.00000e+00
0490  9.52820e+18  1.88534e-23  3.76725e-09  5.94906e+07  2.09870e-01  0.00000e+00
0491  9.54559e+18  1.87793e-23  3.74735e-09  5.95081e+07  2.09651e-01  0.00000e+00
0492  9.56298e+18  1.87055e-23  3.72760e-09  5.95256e+07  2.09433e-01  0.00000e+00
0493  9.58037e+18  1.86322e-23  3.70799e-09  5.95429e+07  2.09216e-01  0.00000e+00
0494  9.59777e+18  1.85594e-23  3.68852e-09  5.95602e+07  2.08999e-01  0.00000e+00
0495  9.61516e+18  1.84869e-23  3.66918e-09  5.95775e+07  2.08782e-01  0.00000e+00
0496  9.63255e+18  1.84149e-23  3.64998e-09  5.95947e+07  2.08566e-01  0.00000e+00
0497  9.64994e+18  1.83433e-23  3.63092e-09  5.96118e+07  2.08351e-01  0.00000e+00
0498  9.66734e+18  1.82721e-23  3.61199e-09  5.96289e+07  2.08136e-01  0.00000e+00
0499  9.68473e+18  1.82013e-23  3.59319e-09  5.96459e+07  2.07921e-01  0.00000e+00
0500  9.70212e+18  1.81309e-23  3.57453e-09  5.96628e+07  2.07707e-01  0.00000e+00
0501  9.71951e+18  1.80610e-23  3.55600e-09  5.96797e+07  2.07494e-01  0.00000e+00
0502  9.73691e+18  1.79914e-23  3.53759e-09  5.96966e+07  2.07281e-01  0.00000e+00
0503  9.75430e+18  1.79223e-23  3.51932e-09  5.97133e+07  2.07068e-01  0.00000e+00
0504  9.77169e+18  1.78535e-23  3.50117e-09  5.97301e+07  2.06856e-01  0.00000e+00
0505  9.78908e+18  1.77852e-23  3.48315e-09  5.97467e+07  2.06645e-01  0.00000e+00
0506  9.80648e+18  1.77172e-23  3.46525e-09  5.97633e+07  2.06434e-01  0.00000e+00
0507  9.82387e+18  1.76496e-23  3.44748e-09  5.97799e+07  2.06223e-01  0.00000e+00
0508  9.84126e+18  1.75824e-23  3.42983e-09  5.97964e+07  2.06013e-01  0.00000e+00
0509  9.85865e+18  1.75156e-23  3.41230e-09  5.98128e+07  2.05804e-01  0.00000e+00
0510  9.87605e+18  1.74492e-23  3.39490e-09  5.98292e+07  2.05595e-01  0.00000e+00
0511  9.89344e+18  1.73831e-23  3.37761e-09  5.98455e+07  2.05387e-01  0.00000e+00
0512  9.91083e+18  1.73174e-23  3.36044e-09  5.98618e+07  2.05179e-01  0.00000e+00
0513  9.92822e+18  1.72521e-23  3.34339e-09  5.98780e+07  2.04971e-01  0.00000e+00
0514  9.94562e+18  1.71872e-23  3.32646e-09  5.98942e+07  2.04764e-01  0.00000e+00
0515  9.96301e+18  1.71226e-23  3.30964e-09  5.99103e+07  2.04558e-01  0.00000e+00
0516  9.98040e+18  1.70584e-23  3.29294e-09  5.99264e+07  2.04351e-01  0.00000e+00
0517  9.99779e+18  1.69945e-23  3.27635e-09  5.99424e+07  2.04146e-01  0.00000e+00
0518  1.00152e+19  1.69310e-23  3.25987e-09  5.99583e+07  2.03941e-01  0.00000e+00
0519  1.00326e+19  1.68679e-23  3.24350e-09  5.99742e+07  2.03736e-01  0.00000e+00
0520  1.00500e+19  1.68051e-23  3.22725e-09  5.99901e+07  2.03532e-01  0.00000e+00
0521  1.00674e+19  1.67427e-23  3.21111e-09  6.00059e+07  2.03328e-01  0.00000e+00
0522  1.00848e+19  1.66806e-23  3.19507e-09  6.00216e+07  2.03125e-01  0.00000e+00
0523  1.01021e+19  1.66188e-23  3.17914e-09  6.00373e+07  2.02923e-01  0.00000e+00
0524  1.01195e+19  1.65574e-23  3.16332e-09  6.00530e+07  2.02720e-01  0.00000e+00
0525  1.01369e+19  1.64964e-23  3.14761e-09  6.00685e+07  2.02519e-01  0.00000e+00
0526  1.01543e+19  1.64356e-23  3.13200e-09  6.00841e+07  2.02317e-01  0.00000e+00
0527  1.01717e+19  1.63752e-23  3.11649e-09  6.00996e+07  2.02116e-01  0.00000e+00
0528  1.01891e+19  1.63152e-23  3.10109e-09  6.01150e+07  2.01916e-01  0.00000e+00
0529  1.02065e+19  1.62554e-23  3.08579e-09  6.01304e+07  2.01716e-01  0.00000e+00
0530  1.02239e+19  1.61960e-23  3.07060e-09  6.01457e+07  2.01517e-01  0.00000e+00
0531  1.02413e+19  1.61370e-23  3.05550e-09  6.01610e+07  2.01318e-01  0.00000e+00
0532  1.02587e+19  1.60782e-23  3.04050e-09  6.01762e+07  2.01119e-01  0.00000e+00
0533  1.02761e+19  1.60198e-23  3.02561e-09  6.01914e+07  2.00921e-01  0.00000e+00
0534  1.02935e+19  1.59616e-23  3.01081e-09  6.02066e+07  2.00723e-01  0.00000e+00
0535  1.03109e+19  1.59038e-23  2.99611e-09  6.02217e+07  2.00526e-01  0.00000e+00
0536  1.03283e+19  1.58463e-23  2.98151e-09  6.02367e+07  2.00330e-01  0.00000e+00
0537  1.03456e+19  1.57892e-23  2.96700e-09  6.02517e+07  2.00133e-01  0.00000e+00
0538  1.03630e+19  1.57323e-23  2.95258e-09  6.02666e+07  1.99937e-01  0.00000e+00
0539  1.03804e+19  1.56757e-23  2.93827e-09  6.02815e+07  1.99742e-01  0.00000e+00
0540  1.03978e+19  1.56195e-23  2.92404e-09  6.02964e+07  1.99547e-01  0.00000e+00
0541  1.04152e+19  1.55635e-23  2.90991e-09  6.03112e+07  1.99353e-01  0.00000e+00
0542  1.04326e+19  1.55078e-23  2.89587e-09  6.03259e+07  1.99159e-01  0.00000e+00
0543  1.04500e+19  1.54525e-23  2.88192e-09  6.03407e+07  1.98965e-01  0.00000e+00
0544  1.04674e+19  1.53974e-23  2.86806e-09  6.03553e+07  1.98772e-01  0.00000e+00
0545  1.04848e+19  1.53426e-23  2.85430e-09  6.03699e+07  1.98579e-01  0.00000e+00
0546  1.05022e+19  1.52882e-23  2.84062e-09  6.03845e+07  1.98387e-01  0.00000e+00
0547  1.05196e+19  1.52340e-23  2.82703e-09  6.03990e+07  1.98195e-01  0.00000e+00
0548  1.05370e+19  1.51801e-23  2.81353e-09  6.04135e+07  1.98003e-01  0.00000e+00
0549  1.05544e+19  1.51264e-23  2.80011e-09  6.04279e+07  1.97812e-01  0.00000e+00
0550  1.05717e+19  1.50731e-23  2.78678e-09  6.04423e+07  1.97622e-01  0.00000e+00
0551  1.05891e+19  1.50200e-23  2.77352e-09  6.04567e+07  1.97431e-01  0.00000e+00
0552  1.06065e+19  1.49675e-23  2.76044e-09  6.04709e+07  1.97243e-01  0.00000e+00
0553  1.06239e+19  1.49138e-23  2.74705e-09  6.04855e+07  1.97049e-01  0.00000e+00
0554  1.06413e+19  1.48665e-23  2.73528e-09  6.04984e+07  1.96878e-01  0.00000e+00
0555  1.06587e+19  1.47847e-23  2.71498e-09  6.05206e+07  1.96581e-01  0.00000e+00
