# Athena++ data at time=6.070000e+12  cycle=456014630  variables=uov 
# i       x1v         user_out_var0          user_out_var1          user_out_var2          user_out_var3          user_out_var4          user_out_var5      
0002  1.07548e+18  4.91743e+00  3.03478e+04  7.00210e-16  0.00000e+00  0.00000e+00  3.39500e-05
0003  1.09287e+18  1.05723e+01  4.05205e+04  4.36341e-17  0.00000e+00  0.00000e+00  3.28781e-05
0004  1.11027e+18  1.62627e+01  5.06187e+04  2.31505e-17  0.00000e+00  0.00000e+00  3.18561e-05
0005  1.12766e+18  2.43423e+01  6.52131e+04  3.61952e-17  0.00000e+00  0.00000e+00  3.08811e-05
0006  1.14505e+18  3.72259e+01  9.07464e+04  5.45703e-17  0.00000e+00  0.00000e+00  2.99501e-05
0007  1.16244e+18  5.44071e+01  1.25267e+05  4.34357e-17  0.00000e+00  0.00000e+00  2.90606e-05
0008  1.17983e+18  6.11079e+01  1.34694e+05  1.11620e-17  0.00000e+00  0.00000e+00  2.82102e-05
0009  1.19723e+18  6.61380e+01  1.41306e+05  1.25710e-17  0.00000e+00  0.00000e+00  2.73965e-05
0010  1.21462e+18  7.09613e+01  1.47277e+05  1.10019e-17  0.00000e+00  0.00000e+00  2.66176e-05
0011  1.23201e+18  7.41283e+01  1.49827e+05  6.54924e-18  0.00000e+00  0.00000e+00  2.58714e-05
0012  1.24940e+18  7.71114e+01  1.52258e+05  7.03448e-18  0.00000e+00  0.00000e+00  2.51561e-05
0013  1.26679e+18  8.01182e+01  1.54741e+05  6.89896e-18  0.00000e+00  0.00000e+00  2.44701e-05
0014  1.28419e+18  8.30607e+01  1.57205e+05  6.50614e-18  0.00000e+00  0.00000e+00  2.38118e-05
0015  1.30158e+18  8.58611e+01  1.59494e+05  5.93580e-18  0.00000e+00  0.00000e+00  2.31797e-05
0016  1.31897e+18  8.84182e+01  1.61426e+05  5.33764e-18  0.00000e+00  0.00000e+00  2.25724e-05
0017  1.33636e+18  9.09025e+01  1.63344e+05  5.20023e-18  0.00000e+00  0.00000e+00  2.19887e-05
0018  1.35375e+18  9.33381e+01  1.65266e+05  5.00194e-18  0.00000e+00  0.00000e+00  2.14273e-05
0019  1.37115e+18  9.56961e+01  1.67167e+05  4.45111e-18  0.00000e+00  0.00000e+00  2.08872e-05
0020  1.38854e+18  9.73853e+01  1.67935e+05 -3.69118e-17  0.00000e+00  0.00000e+00  2.03672e-05
0021  1.40593e+18  9.94995e+01  1.69662e+05  4.55940e-18  0.00000e+00  0.00000e+00  1.98665e-05
0022  1.42332e+18  1.01802e+02  1.71707e+05  4.24615e-18  0.00000e+00  0.00000e+00  1.93839e-05
0023  1.44071e+18  1.03463e+02  1.72741e+05  3.13869e-18  0.00000e+00  0.00000e+00  1.89187e-05
0024  1.45811e+18  1.05216e+02  1.74127e+05  3.55358e-18  0.00000e+00  0.00000e+00  1.84701e-05
0025  1.47550e+18  1.06994e+02  1.75578e+05  3.42762e-18  0.00000e+00  0.00000e+00  1.80373e-05
0026  1.49289e+18  1.08683e+02  1.77000e+05  3.23558e-18  0.00000e+00  0.00000e+00  1.76194e-05
0027  1.51028e+18  1.10273e+02  1.78381e+05  3.02757e-18  0.00000e+00  0.00000e+00  1.72160e-05
0028  1.52767e+18  1.11613e+02  1.79577e+05  2.57515e-18  0.00000e+00  0.00000e+00  1.68262e-05
0029  1.54507e+18  1.12382e+02  1.80267e+05  5.37365e-18  0.00000e+00  0.00000e+00  1.64495e-05
0030  1.56246e+18  3.19979e+02  5.42125e+05  5.84026e-16  0.00000e+00  0.00000e+00  1.60854e-05
0031  1.57985e+18  6.71311e+02  9.20946e+05  2.33166e-16  0.00000e+00  0.00000e+00  1.57331e-05
0032  1.59724e+18  8.84976e+02  1.17525e+06  1.54666e-16  0.00000e+00  0.00000e+00  1.53924e-05
0033  1.61463e+18  1.04341e+03  1.35169e+06  1.30772e-16  0.00000e+00  0.00000e+00  1.50626e-05
0034  1.63203e+18  1.18185e+03  1.49650e+06  1.18702e-16  0.00000e+00  0.00000e+00  1.47432e-05
0035  1.64942e+18  1.31164e+03  1.62384e+06  1.09007e-16  0.00000e+00  0.00000e+00  1.44340e-05
0036  1.66681e+18  1.43609e+03  1.73927e+06  1.00683e-16  0.00000e+00  0.00000e+00  1.41343e-05
0037  1.68420e+18  1.55613e+03  1.84430e+06  9.27378e-17  0.00000e+00  0.00000e+00  1.38439e-05
0038  1.70160e+18  1.67152e+03  1.93989e+06  8.51665e-17  0.00000e+00  0.00000e+00  1.35623e-05
0039  1.71899e+18  1.78171e+03  2.02637e+06  7.80299e-17  0.00000e+00  0.00000e+00  1.32893e-05
0040  1.73638e+18  1.88714e+03  2.10541e+06  7.21828e-17  0.00000e+00  0.00000e+00  1.30244e-05
0041  1.75377e+18  1.98895e+03  2.17776e+06  6.70318e-17  0.00000e+00  0.00000e+00  1.27674e-05
0042  1.77116e+18  2.08724e+03  2.24391e+06  6.21887e-17  0.00000e+00  0.00000e+00  1.25178e-05
0043  1.78856e+18  2.18181e+03  2.30440e+06  5.77395e-17  0.00000e+00  0.00000e+00  1.22756e-05
0044  1.80595e+18  2.27296e+03  2.35999e+06  5.38325e-17  0.00000e+00  0.00000e+00  1.20403e-05
0045  1.82334e+18  2.36100e+03  2.41096e+06  5.02173e-17  0.00000e+00  0.00000e+00  1.18117e-05
0046  1.84073e+18  2.44582e+03  2.45782e+06  4.68890e-17  0.00000e+00  0.00000e+00  1.15895e-05
0047  1.85813e+18  2.52742e+03  2.50096e+06  4.38333e-17  0.00000e+00  0.00000e+00  1.13736e-05
0050  1.87552e+18  2.60577e+03  2.54075e+06  4.10586e-17  0.00000e+00  0.00000e+00  1.11636e-05
0051  1.89291e+18  2.68128e+03  2.57773e+06  3.86901e-17  0.00000e+00  0.00000e+00  1.09594e-05
0052  1.91030e+18  2.75481e+03  2.61197e+06  3.65764e-17  0.00000e+00  0.00000e+00  1.07608e-05
0053  1.92769e+18  2.82666e+03  2.64359e+06  3.45893e-17  0.00000e+00  0.00000e+00  1.05675e-05
0054  1.94509e+18  2.89677e+03  2.67279e+06  3.27250e-17  0.00000e+00  0.00000e+00  1.03793e-05
0055  1.96248e+18  2.96515e+03  2.69976e+06  3.09782e-17  0.00000e+00  0.00000e+00  1.01962e-05
0056  1.97987e+18  3.03177e+03  2.72467e+06  2.93431e-17  0.00000e+00  0.00000e+00  1.00178e-05
0057  1.99726e+18  3.09658e+03  2.74771e+06  2.78135e-17  0.00000e+00  0.00000e+00  9.84411e-06
0058  2.01466e+18  3.15953e+03  2.76906e+06  2.63966e-17  0.00000e+00  0.00000e+00  9.67488e-06
0059  2.03205e+18  3.22079e+03  2.78890e+06  2.51055e-17  0.00000e+00  0.00000e+00  9.50998e-06
0060  2.04944e+18  3.28082e+03  2.80709e+06  2.38895e-17  0.00000e+00  0.00000e+00  9.34925e-06
0061  2.06683e+18  3.33958e+03  2.82379e+06  2.27446e-17  0.00000e+00  0.00000e+00  9.19257e-06
0062  2.08423e+18  3.39710e+03  2.83908e+06  2.16664e-17  0.00000e+00  0.00000e+00  9.03979e-06
0063  2.10162e+18  3.45341e+03  2.85304e+06  2.06510e-17  0.00000e+00  0.00000e+00  8.89079e-06
0064  2.11901e+18  3.50855e+03  2.86577e+06  1.96942e-17  0.00000e+00  0.00000e+00  8.74544e-06
0065  2.13640e+18  3.56255e+03  2.87732e+06  1.87925e-17  0.00000e+00  0.00000e+00  8.60363e-06
0066  2.15379e+18  3.61544e+03  2.88778e+06  1.79422e-17  0.00000e+00  0.00000e+00  8.46523e-06
0067  2.17119e+18  3.66725e+03  2.89720e+06  1.71399e-17  0.00000e+00  0.00000e+00  8.33016e-06
0068  2.18858e+18  3.71801e+03  2.90565e+06  1.63827e-17  0.00000e+00  0.00000e+00  8.19828e-06
0069  2.20597e+18  3.76776e+03  2.91319e+06  1.56675e-17  0.00000e+00  0.00000e+00  8.06952e-06
0070  2.22336e+18  3.81649e+03  2.91989e+06  1.50034e-17  0.00000e+00  0.00000e+00  7.94377e-06
0071  2.24076e+18  3.86372e+03  2.92622e+06  1.44189e-17  0.00000e+00  0.00000e+00  7.82093e-06
0072  2.25815e+18  3.90959e+03  2.93218e+06  1.38620e-17  0.00000e+00  0.00000e+00  7.70092e-06
0073  2.27554e+18  3.95431e+03  2.93772e+06  1.33312e-17  0.00000e+00  0.00000e+00  7.58365e-06
0074  2.29293e+18  3.99802e+03  2.94279e+06  1.28251e-17  0.00000e+00  0.00000e+00  7.46904e-06
0075  2.31033e+18  4.04082e+03  2.94737e+06  1.23423e-17  0.00000e+00  0.00000e+00  7.35701e-06
0076  2.32772e+18  4.08278e+03  2.95146e+06  1.18816e-17  0.00000e+00  0.00000e+00  7.24748e-06
0077  2.34511e+18  4.12397e+03  2.95506e+06  1.14418e-17  0.00000e+00  0.00000e+00  7.14038e-06
0078  2.36250e+18  4.16443e+03  2.95818e+06  1.10219e-17  0.00000e+00  0.00000e+00  7.03563e-06
0079  2.37989e+18  4.20418e+03  2.96084e+06  1.06208e-17  0.00000e+00  0.00000e+00  6.93317e-06
0080  2.39729e+18  4.24325e+03  2.96305e+06  1.02375e-17  0.00000e+00  0.00000e+00  6.83294e-06
0081  2.41468e+18  4.28168e+03  2.96483e+06  9.87126e-18  0.00000e+00  0.00000e+00  6.73486e-06
0082  2.43207e+18  4.31948e+03  2.96620e+06  9.52106e-18  0.00000e+00  0.00000e+00  6.63888e-06
0083  2.44946e+18  4.35667e+03  2.96716e+06  9.18615e-18  0.00000e+00  0.00000e+00  6.54493e-06
0084  2.46686e+18  4.39326e+03  2.96775e+06  8.86576e-18  0.00000e+00  0.00000e+00  6.45297e-06
0085  2.48425e+18  4.42928e+03  2.96797e+06  8.55916e-18  0.00000e+00  0.00000e+00  6.36293e-06
0086  2.50164e+18  4.46475e+03  2.96785e+06  8.26566e-18  0.00000e+00  0.00000e+00  6.27476e-06
0087  2.51903e+18  4.49966e+03  2.96739e+06  7.98461e-18  0.00000e+00  0.00000e+00  6.18842e-06
0088  2.53643e+18  4.53404e+03  2.96662e+06  7.71539e-18  0.00000e+00  0.00000e+00  6.10384e-06
0089  2.55382e+18  4.56789e+03  2.96555e+06  7.45989e-18  0.00000e+00  0.00000e+00  6.02098e-06
0090  2.57121e+18  4.60121e+03  2.96424e+06  7.21777e-18  0.00000e+00  0.00000e+00  5.93980e-06
0091  2.58860e+18  4.63400e+03  2.96268e+06  6.98533e-18  0.00000e+00  0.00000e+00  5.86026e-06
0092  2.60600e+18  4.66629e+03  2.96090e+06  6.76212e-18  0.00000e+00  0.00000e+00  5.78229e-06
0093  2.62339e+18  4.69808e+03  2.95890e+06  6.54771e-18  0.00000e+00  0.00000e+00  5.70588e-06
0094  2.64078e+18  4.72939e+03  2.95669e+06  6.34170e-18  0.00000e+00  0.00000e+00  5.63097e-06
0095  2.65817e+18  4.76024e+03  2.95427e+06  6.14369e-18  0.00000e+00  0.00000e+00  5.55752e-06
0096  2.67557e+18  4.79063e+03  2.95166e+06  5.95334e-18  0.00000e+00  0.00000e+00  5.48550e-06
0097  2.69296e+18  4.82059e+03  2.94886e+06  5.77028e-18  0.00000e+00  0.00000e+00  5.41488e-06
0098  2.71035e+18  4.85011e+03  2.94588e+06  5.59420e-18  0.00000e+00  0.00000e+00  5.34560e-06
0099  2.72774e+18  4.87922e+03  2.94273e+06  5.42478e-18  0.00000e+00  0.00000e+00  5.27765e-06
0100  2.74513e+18  4.90792e+03  2.93942e+06  5.26173e-18  0.00000e+00  0.00000e+00  5.21099e-06
0101  2.76253e+18  4.93623e+03  2.93594e+06  5.10475e-18  0.00000e+00  0.00000e+00  5.14558e-06
0102  2.77992e+18  4.96414e+03  2.93232e+06  4.95359e-18  0.00000e+00  0.00000e+00  5.08140e-06
0103  2.79731e+18  4.99168e+03  2.92855e+06  4.80799e-18  0.00000e+00  0.00000e+00  5.01841e-06
0104  2.81470e+18  5.01884e+03  2.92465e+06  4.66771e-18  0.00000e+00  0.00000e+00  4.95658e-06
0105  2.83210e+18  5.04564e+03  2.92061e+06  4.53252e-18  0.00000e+00  0.00000e+00  4.89589e-06
0106  2.84949e+18  5.07208e+03  2.91645e+06  4.40220e-18  0.00000e+00  0.00000e+00  4.83630e-06
0107  2.86688e+18  5.09818e+03  2.91217e+06  4.27655e-18  0.00000e+00  0.00000e+00  4.77780e-06
0108  2.88427e+18  5.12394e+03  2.90777e+06  4.15536e-18  0.00000e+00  0.00000e+00  4.72035e-06
0109  2.90167e+18  5.14936e+03  2.90327e+06  4.03844e-18  0.00000e+00  0.00000e+00  4.66394e-06
0110  2.91906e+18  5.17445e+03  2.89866e+06  3.92563e-18  0.00000e+00  0.00000e+00  4.60853e-06
0111  2.93645e+18  5.19923e+03  2.89396e+06  3.81674e-18  0.00000e+00  0.00000e+00  4.55409e-06
0112  2.95384e+18  5.22369e+03  2.88916e+06  3.71162e-18  0.00000e+00  0.00000e+00  4.50062e-06
0113  2.97124e+18  5.24785e+03  2.88428e+06  3.61010e-18  0.00000e+00  0.00000e+00  4.44809e-06
0114  2.98863e+18  5.27170e+03  2.87931e+06  3.51205e-18  0.00000e+00  0.00000e+00  4.39647e-06
0115  3.00602e+18  5.29526e+03  2.87426e+06  3.41733e-18  0.00000e+00  0.00000e+00  4.34574e-06
0116  3.02341e+18  5.31853e+03  2.86913e+06  3.32579e-18  0.00000e+00  0.00000e+00  4.29588e-06
0117  3.04081e+18  5.34151e+03  2.86393e+06  3.23731e-18  0.00000e+00  0.00000e+00  4.24688e-06
0118  3.05820e+18  5.36422e+03  2.85867e+06  3.15177e-18  0.00000e+00  0.00000e+00  4.19872e-06
0119  3.07559e+18  5.38665e+03  2.85334e+06  3.06905e-18  0.00000e+00  0.00000e+00  4.15136e-06
0120  3.09298e+18  5.40881e+03  2.84795e+06  2.98904e-18  0.00000e+00  0.00000e+00  4.10481e-06
0121  3.11037e+18  5.43071e+03  2.84250e+06  2.91164e-18  0.00000e+00  0.00000e+00  4.05903e-06
0122  3.12777e+18  5.45236e+03  2.83700e+06  2.83674e-18  0.00000e+00  0.00000e+00  4.01401e-06
0123  3.14516e+18  5.47374e+03  2.83145e+06  2.76425e-18  0.00000e+00  0.00000e+00  3.96974e-06
0124  3.16255e+18  5.49489e+03  2.82582e+06  2.69170e-18  0.00000e+00  0.00000e+00  3.92620e-06
0125  3.17994e+18  5.51579e+03  2.82017e+06  2.62677e-18  0.00000e+00  0.00000e+00  3.88337e-06
0126  3.19734e+18  5.53643e+03  2.81451e+06  2.56377e-18  0.00000e+00  0.00000e+00  3.84123e-06
0127  3.21473e+18  5.55682e+03  2.80883e+06  2.50263e-18  0.00000e+00  0.00000e+00  3.79978e-06
0128  3.23212e+18  5.57696e+03  2.80314e+06  2.44328e-18  0.00000e+00  0.00000e+00  3.75900e-06
0129  3.24951e+18  5.59686e+03  2.79744e+06  2.38567e-18  0.00000e+00  0.00000e+00  3.71887e-06
0130  3.26691e+18  5.61652e+03  2.79173e+06  2.32974e-18  0.00000e+00  0.00000e+00  3.67938e-06
0131  3.28430e+18  5.63596e+03  2.78601e+06  2.27542e-18  0.00000e+00  0.00000e+00  3.64051e-06
0132  3.30169e+18  5.65517e+03  2.78028e+06  2.22267e-18  0.00000e+00  0.00000e+00  3.60226e-06
0133  3.31908e+18  5.67416e+03  2.77454e+06  2.17142e-18  0.00000e+00  0.00000e+00  3.56460e-06
0134  3.33648e+18  5.69294e+03  2.76880e+06  2.12164e-18  0.00000e+00  0.00000e+00  3.52754e-06
0135  3.35387e+18  5.71150e+03  2.76304e+06  2.07327e-18  0.00000e+00  0.00000e+00  3.49104e-06
0136  3.37126e+18  5.72986e+03  2.75729e+06  2.02626e-18  0.00000e+00  0.00000e+00  3.45512e-06
0137  3.38865e+18  5.74801e+03  2.75152e+06  1.98056e-18  0.00000e+00  0.00000e+00  3.41974e-06
0138  3.40605e+18  5.76596e+03  2.74575e+06  1.93615e-18  0.00000e+00  0.00000e+00  3.38491e-06
0139  3.42344e+18  5.78372e+03  2.73998e+06  1.89296e-18  0.00000e+00  0.00000e+00  3.35060e-06
0140  3.44083e+18  5.80129e+03  2.73420e+06  1.85097e-18  0.00000e+00  0.00000e+00  3.31681e-06
0141  3.45822e+18  5.81867e+03  2.72842e+06  1.81013e-18  0.00000e+00  0.00000e+00  3.28353e-06
0142  3.47562e+18  5.83586e+03  2.72264e+06  1.77040e-18  0.00000e+00  0.00000e+00  3.25075e-06
0143  3.49301e+18  5.85288e+03  2.71686e+06  1.73176e-18  0.00000e+00  0.00000e+00  3.21846e-06
0144  3.51040e+18  5.86971e+03  2.71107e+06  1.69416e-18  0.00000e+00  0.00000e+00  3.18665e-06
0145  3.52779e+18  5.88637e+03  2.70528e+06  1.65757e-18  0.00000e+00  0.00000e+00  3.15531e-06
0146  3.54519e+18  5.90286e+03  2.69950e+06  1.62197e-18  0.00000e+00  0.00000e+00  3.12442e-06
0147  3.56258e+18  5.91918e+03  2.69371e+06  1.58731e-18  0.00000e+00  0.00000e+00  3.09399e-06
0148  3.57997e+18  5.93534e+03  2.68793e+06  1.55356e-18  0.00000e+00  0.00000e+00  3.06400e-06
0149  3.59736e+18  5.95133e+03  2.68215e+06  1.52071e-18  0.00000e+00  0.00000e+00  3.03444e-06
0150  3.61476e+18  5.96716e+03  2.67637e+06  1.48872e-18  0.00000e+00  0.00000e+00  3.00531e-06
0151  3.63215e+18  5.98283e+03  2.67059e+06  1.45757e-18  0.00000e+00  0.00000e+00  2.97660e-06
0152  3.64954e+18  5.99835e+03  2.66482e+06  1.42722e-18  0.00000e+00  0.00000e+00  2.94830e-06
0153  3.66693e+18  6.01372e+03  2.65905e+06  1.39766e-18  0.00000e+00  0.00000e+00  2.92040e-06
0154  3.68432e+18  6.02893e+03  2.65329e+06  1.36886e-18  0.00000e+00  0.00000e+00  2.89289e-06
0155  3.70172e+18  6.04400e+03  2.64753e+06  1.34080e-18  0.00000e+00  0.00000e+00  2.86577e-06
0156  3.71911e+18  6.05892e+03  2.64178e+06  1.31345e-18  0.00000e+00  0.00000e+00  2.83903e-06
0157  3.73650e+18  6.07370e+03  2.63603e+06  1.28679e-18  0.00000e+00  0.00000e+00  2.81266e-06
0158  3.75389e+18  6.08834e+03  2.63029e+06  1.26080e-18  0.00000e+00  0.00000e+00  2.78666e-06
0159  3.77129e+18  6.10285e+03  2.62455e+06  1.23547e-18  0.00000e+00  0.00000e+00  2.76101e-06
0160  3.78868e+18  6.11721e+03  2.61883e+06  1.21077e-18  0.00000e+00  0.00000e+00  2.73572e-06
0161  3.80607e+18  6.13144e+03  2.61311e+06  1.18668e-18  0.00000e+00  0.00000e+00  2.71078e-06
0162  3.82346e+18  6.14554e+03  2.60740e+06  1.16319e-18  0.00000e+00  0.00000e+00  2.68617e-06
0163  3.84086e+18  6.15951e+03  2.60169e+06  1.14028e-18  0.00000e+00  0.00000e+00  2.66190e-06
0164  3.85825e+18  6.17335e+03  2.59600e+06  1.11793e-18  0.00000e+00  0.00000e+00  2.63795e-06
0165  3.87564e+18  6.18706e+03  2.59032e+06  1.09612e-18  0.00000e+00  0.00000e+00  2.61433e-06
0166  3.89303e+18  6.20065e+03  2.58464e+06  1.07484e-18  0.00000e+00  0.00000e+00  2.59102e-06
0167  3.91043e+18  6.21411e+03  2.57898e+06  1.05408e-18  0.00000e+00  0.00000e+00  2.56803e-06
0168  3.92782e+18  6.22746e+03  2.57333e+06  1.03381e-18  0.00000e+00  0.00000e+00  2.54533e-06
0169  3.94521e+18  6.24068e+03  2.56768e+06  1.01403e-18  0.00000e+00  0.00000e+00  2.52294e-06
0170  3.96260e+18  6.25379e+03  2.56205e+06  9.94724e-19  0.00000e+00  0.00000e+00  2.50084e-06
0171  3.98000e+18  6.26678e+03  2.55643e+06  9.75872e-19  0.00000e+00  0.00000e+00  2.47903e-06
0172  3.99739e+18  6.27966e+03  2.55082e+06  9.57464e-19  0.00000e+00  0.00000e+00  2.45751e-06
0173  4.01478e+18  6.29242e+03  2.54522e+06  9.39489e-19  0.00000e+00  0.00000e+00  2.43626e-06
0174  4.03217e+18  6.30508e+03  2.53964e+06  9.21934e-19  0.00000e+00  0.00000e+00  2.41529e-06
0175  4.04957e+18  6.31762e+03  2.53406e+06  9.04281e-19  0.00000e+00  0.00000e+00  2.39459e-06
0176  4.06696e+18  6.33006e+03  2.52849e+06  8.87517e-19  0.00000e+00  0.00000e+00  2.37415e-06
0177  4.08435e+18  6.34239e+03  2.52293e+06  8.71140e-19  0.00000e+00  0.00000e+00  2.35397e-06
0178  4.10174e+18  6.35462e+03  2.51739e+06  8.55139e-19  0.00000e+00  0.00000e+00  2.33405e-06
0179  4.11914e+18  6.36675e+03  2.51186e+06  8.39504e-19  0.00000e+00  0.00000e+00  2.31438e-06
0180  4.13653e+18  6.37877e+03  2.50634e+06  8.24224e-19  0.00000e+00  0.00000e+00  2.29496e-06
0181  4.15392e+18  6.39069e+03  2.50084e+06  8.09291e-19  0.00000e+00  0.00000e+00  2.27578e-06
0182  4.17131e+18  6.40251e+03  2.49535e+06  7.94695e-19  0.00000e+00  0.00000e+00  2.25685e-06
0183  4.18871e+18  6.41423e+03  2.48987e+06  7.80427e-19  0.00000e+00  0.00000e+00  2.23814e-06
0184  4.20610e+18  6.42586e+03  2.48441e+06  7.66477e-19  0.00000e+00  0.00000e+00  2.21967e-06
0185  4.22349e+18  6.43739e+03  2.47897e+06  7.52838e-19  0.00000e+00  0.00000e+00  2.20143e-06
0186  4.24088e+18  6.44882e+03  2.47353e+06  7.39501e-19  0.00000e+00  0.00000e+00  2.18341e-06
0187  4.25828e+18  6.46016e+03  2.46811e+06  7.26459e-19  0.00000e+00  0.00000e+00  2.16561e-06
0188  4.27567e+18  6.47141e+03  2.46271e+06  7.13703e-19  0.00000e+00  0.00000e+00  2.14803e-06
0189  4.29306e+18  6.48257e+03  2.45732e+06  7.01226e-19  0.00000e+00  0.00000e+00  2.13066e-06
0190  4.31045e+18  6.49364e+03  2.45195e+06  6.89021e-19  0.00000e+00  0.00000e+00  2.11350e-06
0191  4.32785e+18  6.50462e+03  2.44659e+06  6.77080e-19  0.00000e+00  0.00000e+00  2.09654e-06
0192  4.34524e+18  6.51551e+03  2.44124e+06  6.65398e-19  0.00000e+00  0.00000e+00  2.07979e-06
0193  4.36263e+18  6.52632e+03  2.43592e+06  6.53966e-19  0.00000e+00  0.00000e+00  2.06324e-06
0194  4.38002e+18  6.53704e+03  2.43060e+06  6.42779e-19  0.00000e+00  0.00000e+00  2.04689e-06
0195  4.39742e+18  6.54768e+03  2.42531e+06  6.31831e-19  0.00000e+00  0.00000e+00  2.03073e-06
0196  4.41481e+18  6.55823e+03  2.42002e+06  6.21115e-19  0.00000e+00  0.00000e+00  2.01476e-06
0197  4.43220e+18  6.56870e+03  2.41476e+06  6.10625e-19  0.00000e+00  0.00000e+00  1.99898e-06
0198  4.44959e+18  6.57909e+03  2.40951e+06  6.00356e-19  0.00000e+00  0.00000e+00  1.98339e-06
0199  4.46699e+18  6.58940e+03  2.40427e+06  5.90303e-19  0.00000e+00  0.00000e+00  1.96797e-06
0200  4.48438e+18  6.59963e+03  2.39906e+06  5.80513e-19  0.00000e+00  0.00000e+00  1.95273e-06
0201  4.50177e+18  6.60978e+03  2.39386e+06  5.70957e-19  0.00000e+00  0.00000e+00  1.93768e-06
0202  4.51916e+18  6.61985e+03  2.38867e+06  5.61596e-19  0.00000e+00  0.00000e+00  1.92279e-06
0203  4.53655e+18  6.62985e+03  2.38351e+06  5.52427e-19  0.00000e+00  0.00000e+00  1.90807e-06
0204  4.55395e+18  6.63977e+03  2.37836e+06  5.43443e-19  0.00000e+00  0.00000e+00  1.89353e-06
0205  4.57134e+18  6.64961e+03  2.37323e+06  5.34642e-19  0.00000e+00  0.00000e+00  1.87915e-06
0206  4.58873e+18  6.65938e+03  2.36812e+06  5.26018e-19  0.00000e+00  0.00000e+00  1.86493e-06
0207  4.60612e+18  6.66908e+03  2.36303e+06  5.17567e-19  0.00000e+00  0.00000e+00  1.85087e-06
0208  4.62352e+18  6.67870e+03  2.35795e+06  5.09285e-19  0.00000e+00  0.00000e+00  1.83697e-06
0209  4.64091e+18  6.68825e+03  2.35289e+06  5.01168e-19  0.00000e+00  0.00000e+00  1.82323e-06
0210  4.65830e+18  6.69773e+03  2.34785e+06  4.93212e-19  0.00000e+00  0.00000e+00  1.80964e-06
0211  4.67569e+18  6.70714e+03  2.34282e+06  4.85413e-19  0.00000e+00  0.00000e+00  1.79620e-06
0212  4.69309e+18  6.71648e+03  2.33782e+06  4.77768e-19  0.00000e+00  0.00000e+00  1.78291e-06
0213  4.71048e+18  6.72576e+03  2.33283e+06  4.70273e-19  0.00000e+00  0.00000e+00  1.76977e-06
0214  4.72787e+18  6.73496e+03  2.32786e+06  4.62925e-19  0.00000e+00  0.00000e+00  1.75678e-06
0215  4.74526e+18  6.74410e+03  2.32291e+06  4.55719e-19  0.00000e+00  0.00000e+00  1.74392e-06
0216  4.76266e+18  6.75317e+03  2.31797e+06  4.48653e-19  0.00000e+00  0.00000e+00  1.73121e-06
0217  4.78005e+18  6.76218e+03  2.31305e+06  4.41723e-19  0.00000e+00  0.00000e+00  1.71863e-06
0218  4.79744e+18  6.77112e+03  2.30815e+06  4.34927e-19  0.00000e+00  0.00000e+00  1.70619e-06
0219  4.81483e+18  6.78000e+03  2.30327e+06  4.28261e-19  0.00000e+00  0.00000e+00  1.69389e-06
0220  4.83223e+18  6.78881e+03  2.29840e+06  4.21722e-19  0.00000e+00  0.00000e+00  1.68172e-06
0221  4.84962e+18  6.79757e+03  2.29355e+06  4.15308e-19  0.00000e+00  0.00000e+00  1.66968e-06
0222  4.86701e+18  6.80626e+03  2.28872e+06  4.09015e-19  0.00000e+00  0.00000e+00  1.65776e-06
0223  4.88440e+18  6.81489e+03  2.28391e+06  4.02841e-19  0.00000e+00  0.00000e+00  1.64598e-06
0224  4.90180e+18  6.82346e+03  2.27911e+06  3.96783e-19  0.00000e+00  0.00000e+00  1.63432e-06
0225  4.91919e+18  6.83197e+03  2.27433e+06  3.90839e-19  0.00000e+00  0.00000e+00  1.62278e-06
0226  4.93658e+18  6.84042e+03  2.26957e+06  3.85005e-19  0.00000e+00  0.00000e+00  1.61137e-06
0227  4.95397e+18  6.84881e+03  2.26482e+06  3.79280e-19  0.00000e+00  0.00000e+00  1.60007e-06
0228  4.97137e+18  6.85714e+03  2.26010e+06  3.73662e-19  0.00000e+00  0.00000e+00  1.58890e-06
0229  4.98876e+18  6.86542e+03  2.25539e+06  3.68147e-19  0.00000e+00  0.00000e+00  1.57784e-06
0230  5.00615e+18  6.87364e+03  2.25069e+06  3.62733e-19  0.00000e+00  0.00000e+00  1.56689e-06
0231  5.02354e+18  6.88180e+03  2.24602e+06  3.57418e-19  0.00000e+00  0.00000e+00  1.55606e-06
0232  5.04094e+18  6.88991e+03  2.24136e+06  3.52201e-19  0.00000e+00  0.00000e+00  1.54534e-06
0233  5.05833e+18  6.89797e+03  2.23671e+06  3.47079e-19  0.00000e+00  0.00000e+00  1.53474e-06
0234  5.07572e+18  6.90597e+03  2.23209e+06  3.42049e-19  0.00000e+00  0.00000e+00  1.52424e-06
0235  5.09311e+18  6.91391e+03  2.22748e+06  3.37110e-19  0.00000e+00  0.00000e+00  1.51384e-06
0236  5.11051e+18  6.92181e+03  2.22289e+06  3.32260e-19  0.00000e+00  0.00000e+00  1.50356e-06
0237  5.12790e+18  6.92965e+03  2.21831e+06  3.27498e-19  0.00000e+00  0.00000e+00  1.49337e-06
0238  5.14529e+18  6.93744e+03  2.21375e+06  3.22820e-19  0.00000e+00  0.00000e+00  1.48330e-06
0239  5.16268e+18  6.94517e+03  2.20921e+06  3.18225e-19  0.00000e+00  0.00000e+00  1.47332e-06
0240  5.18008e+18  6.95286e+03  2.20469e+06  3.13712e-19  0.00000e+00  0.00000e+00  1.46344e-06
0241  5.19747e+18  6.96050e+03  2.20018e+06  3.09279e-19  0.00000e+00  0.00000e+00  1.45366e-06
0242  5.21486e+18  6.96808e+03  2.19569e+06  3.04924e-19  0.00000e+00  0.00000e+00  1.44398e-06
0243  5.23225e+18  6.97562e+03  2.19121e+06  3.00646e-19  0.00000e+00  0.00000e+00  1.43440e-06
0244  5.24965e+18  6.98311e+03  2.18675e+06  2.96442e-19  0.00000e+00  0.00000e+00  1.42491e-06
0245  5.26704e+18  6.99055e+03  2.18231e+06  2.92312e-19  0.00000e+00  0.00000e+00  1.41552e-06
0246  5.28443e+18  6.99794e+03  2.17788e+06  2.88253e-19  0.00000e+00  0.00000e+00  1.40621e-06
0247  5.30182e+18  7.00528e+03  2.17347e+06  2.84265e-19  0.00000e+00  0.00000e+00  1.39700e-06
0248  5.31922e+18  7.01258e+03  2.16908e+06  2.80345e-19  0.00000e+00  0.00000e+00  1.38788e-06
0249  5.33661e+18  7.01983e+03  2.16470e+06  2.76493e-19  0.00000e+00  0.00000e+00  1.37885e-06
0250  5.35400e+18  7.02704e+03  2.16034e+06  2.72706e-19  0.00000e+00  0.00000e+00  1.36991e-06
0251  5.37139e+18  7.03419e+03  2.15599e+06  2.68983e-19  0.00000e+00  0.00000e+00  1.36105e-06
0252  5.38879e+18  7.04131e+03  2.15166e+06  2.65324e-19  0.00000e+00  0.00000e+00  1.35228e-06
0253  5.40618e+18  7.04838e+03  2.14735e+06  2.61726e-19  0.00000e+00  0.00000e+00  1.34359e-06
0254  5.42357e+18  7.05540e+03  2.14305e+06  2.58190e-19  0.00000e+00  0.00000e+00  1.33499e-06
0255  5.44096e+18  7.06239e+03  2.13877e+06  2.54713e-19  0.00000e+00  0.00000e+00  1.32647e-06
0256  5.45836e+18  7.06932e+03  2.13450e+06  2.51294e-19  0.00000e+00  0.00000e+00  1.31803e-06
0257  5.47575e+18  7.07622e+03  2.13025e+06  2.47933e-19  0.00000e+00  0.00000e+00  1.30967e-06
0258  5.49314e+18  7.08307e+03  2.12602e+06  2.44628e-19  0.00000e+00  0.00000e+00  1.30139e-06
0259  5.51053e+18  7.08988e+03  2.12180e+06  2.41378e-19  0.00000e+00  0.00000e+00  1.29318e-06
0260  5.52793e+18  7.09665e+03  2.11759e+06  2.38181e-19  0.00000e+00  0.00000e+00  1.28506e-06
0261  5.54532e+18  7.10338e+03  2.11340e+06  2.35038e-19  0.00000e+00  0.00000e+00  1.27701e-06
0262  5.56271e+18  7.11007e+03  2.10923e+06  2.31946e-19  0.00000e+00  0.00000e+00  1.26904e-06
0263  5.58010e+18  7.11671e+03  2.10507e+06  2.28905e-19  0.00000e+00  0.00000e+00  1.26114e-06
0264  5.59750e+18  7.12332e+03  2.10093e+06  2.25913e-19  0.00000e+00  0.00000e+00  1.25331e-06
0265  5.61489e+18  7.12989e+03  2.09680e+06  2.22971e-19  0.00000e+00  0.00000e+00  1.24556e-06
0266  5.63228e+18  7.13641e+03  2.09269e+06  2.20076e-19  0.00000e+00  0.00000e+00  1.23788e-06
0267  5.64967e+18  7.14290e+03  2.08859e+06  2.17228e-19  0.00000e+00  0.00000e+00  1.23027e-06
0268  5.66707e+18  7.14935e+03  2.08451e+06  2.14426e-19  0.00000e+00  0.00000e+00  1.22273e-06
0269  5.68446e+18  7.15576e+03  2.08044e+06  2.11670e-19  0.00000e+00  0.00000e+00  1.21526e-06
0270  5.70185e+18  7.16214e+03  2.07639e+06  2.08957e-19  0.00000e+00  0.00000e+00  1.20786e-06
0271  5.71924e+18  7.16848e+03  2.07235e+06  2.06288e-19  0.00000e+00  0.00000e+00  1.20052e-06
0272  5.73664e+18  7.17478e+03  2.06833e+06  2.03661e-19  0.00000e+00  0.00000e+00  1.19325e-06
0273  5.75403e+18  7.18104e+03  2.06432e+06  2.01076e-19  0.00000e+00  0.00000e+00  1.18605e-06
0274  5.77142e+18  7.18727e+03  2.06033e+06  1.98532e-19  0.00000e+00  0.00000e+00  1.17891e-06
0275  5.78881e+18  7.19346e+03  2.05635e+06  1.96028e-19  0.00000e+00  0.00000e+00  1.17184e-06
0276  5.80620e+18  7.19961e+03  2.05239e+06  1.93564e-19  0.00000e+00  0.00000e+00  1.16483e-06
0277  5.82360e+18  7.20573e+03  2.04844e+06  1.91138e-19  0.00000e+00  0.00000e+00  1.15788e-06
0278  5.84099e+18  7.21182e+03  2.04450e+06  1.88750e-19  0.00000e+00  0.00000e+00  1.15100e-06
0279  5.85838e+18  7.21787e+03  2.04058e+06  1.86399e-19  0.00000e+00  0.00000e+00  1.14417e-06
0280  5.87577e+18  7.22388e+03  2.03667e+06  1.84085e-19  0.00000e+00  0.00000e+00  1.13741e-06
0281  5.89317e+18  7.22986e+03  2.03278e+06  1.81807e-19  0.00000e+00  0.00000e+00  1.13071e-06
0282  5.91056e+18  7.23580e+03  2.02890e+06  1.79564e-19  0.00000e+00  0.00000e+00  1.12406e-06
0283  5.92795e+18  7.24171e+03  2.02504e+06  1.77356e-19  0.00000e+00  0.00000e+00  1.11748e-06
0284  5.94534e+18  7.24759e+03  2.02119e+06  1.75181e-19  0.00000e+00  0.00000e+00  1.11095e-06
0285  5.96274e+18  7.25343e+03  2.01735e+06  1.73040e-19  0.00000e+00  0.00000e+00  1.10448e-06
0286  5.98013e+18  7.25924e+03  2.01353e+06  1.70931e-19  0.00000e+00  0.00000e+00  1.09806e-06
0287  5.99752e+18  7.26502e+03  2.00973e+06  1.68855e-19  0.00000e+00  0.00000e+00  1.09170e-06
0288  6.01491e+18  7.27076e+03  2.00593e+06  1.66810e-19  0.00000e+00  0.00000e+00  1.08540e-06
0289  6.03231e+18  7.27647e+03  2.00215e+06  1.64796e-19  0.00000e+00  0.00000e+00  1.07915e-06
0290  6.04970e+18  7.28215e+03  1.99839e+06  1.62812e-19  0.00000e+00  0.00000e+00  1.07295e-06
0291  6.06709e+18  7.28780e+03  1.99463e+06  1.60858e-19  0.00000e+00  0.00000e+00  1.06681e-06
0292  6.08448e+18  7.29342e+03  1.99090e+06  1.58933e-19  0.00000e+00  0.00000e+00  1.06072e-06
0293  6.10188e+18  7.29901e+03  1.98717e+06  1.57038e-19  0.00000e+00  0.00000e+00  1.05468e-06
0294  6.11927e+18  7.30456e+03  1.98346e+06  1.55170e-19  0.00000e+00  0.00000e+00  1.04869e-06
0295  6.13666e+18  7.31009e+03  1.97976e+06  1.53330e-19  0.00000e+00  0.00000e+00  1.04276e-06
0296  6.15405e+18  7.31559e+03  1.97608e+06  1.51517e-19  0.00000e+00  0.00000e+00  1.03687e-06
0297  6.17145e+18  7.32105e+03  1.97240e+06  1.49731e-19  0.00000e+00  0.00000e+00  1.03104e-06
0298  6.18884e+18  7.32649e+03  1.96875e+06  1.47972e-19  0.00000e+00  0.00000e+00  1.02525e-06
0299  6.20623e+18  7.33190e+03  1.96510e+06  1.46238e-19  0.00000e+00  0.00000e+00  1.01951e-06
0300  6.22362e+18  7.33727e+03  1.96147e+06  1.44529e-19  0.00000e+00  0.00000e+00  1.01382e-06
0301  6.24102e+18  7.34262e+03  1.95785e+06  1.42846e-19  0.00000e+00  0.00000e+00  1.00818e-06
0302  6.25841e+18  7.34794e+03  1.95424e+06  1.41187e-19  0.00000e+00  0.00000e+00  1.00258e-06
0303  6.27580e+18  7.35324e+03  1.95065e+06  1.39552e-19  0.00000e+00  0.00000e+00  9.97032e-07
0304  6.29319e+18  7.35850e+03  1.94707e+06  1.37940e-19  0.00000e+00  0.00000e+00  9.91529e-07
0305  6.31059e+18  7.36373e+03  1.94350e+06  1.36352e-19  0.00000e+00  0.00000e+00  9.86071e-07
0306  6.32798e+18  7.36894e+03  1.93995e+06  1.34787e-19  0.00000e+00  0.00000e+00  9.80658e-07
0307  6.34537e+18  7.37412e+03  1.93641e+06  1.33244e-19  0.00000e+00  0.00000e+00  9.75289e-07
0308  6.36276e+18  7.37927e+03  1.93288e+06  1.31723e-19  0.00000e+00  0.00000e+00  9.69965e-07
0309  6.38016e+18  7.38440e+03  1.92936e+06  1.30224e-19  0.00000e+00  0.00000e+00  9.64684e-07
0310  6.39755e+18  7.38950e+03  1.92586e+06  1.28746e-19  0.00000e+00  0.00000e+00  9.59445e-07
0311  6.41494e+18  7.39457e+03  1.92237e+06  1.27289e-19  0.00000e+00  0.00000e+00  9.54250e-07
0312  6.43233e+18  7.39962e+03  1.91889e+06  1.25853e-19  0.00000e+00  0.00000e+00  9.49097e-07
0313  6.44973e+18  7.40464e+03  1.91542e+06  1.24437e-19  0.00000e+00  0.00000e+00  9.43985e-07
0314  6.46712e+18  7.40963e+03  1.91197e+06  1.23041e-19  0.00000e+00  0.00000e+00  9.38914e-07
0315  6.48451e+18  7.41460e+03  1.90852e+06  1.21664e-19  0.00000e+00  0.00000e+00  9.33884e-07
0316  6.50190e+18  7.41954e+03  1.90510e+06  1.20307e-19  0.00000e+00  0.00000e+00  9.28895e-07
0317  6.51930e+18  7.42446e+03  1.90168e+06  1.18968e-19  0.00000e+00  0.00000e+00  9.23945e-07
0318  6.53669e+18  7.42935e+03  1.89827e+06  1.17648e-19  0.00000e+00  0.00000e+00  9.19035e-07
0319  6.55408e+18  7.43421e+03  1.89488e+06  1.16347e-19  0.00000e+00  0.00000e+00  9.14164e-07
0320  6.57147e+18  7.43906e+03  1.89150e+06  1.15063e-19  0.00000e+00  0.00000e+00  9.09331e-07
0321  6.58887e+18  7.44387e+03  1.88813e+06  1.13797e-19  0.00000e+00  0.00000e+00  9.04537e-07
0322  6.60626e+18  7.44867e+03  1.88477e+06  1.12549e-19  0.00000e+00  0.00000e+00  8.99780e-07
0323  6.62365e+18  7.45343e+03  1.88142e+06  1.11317e-19  0.00000e+00  0.00000e+00  8.95061e-07
0324  6.64104e+18  7.45818e+03  1.87809e+06  1.10103e-19  0.00000e+00  0.00000e+00  8.90379e-07
0325  6.65844e+18  7.46290e+03  1.87477e+06  1.08905e-19  0.00000e+00  0.00000e+00  8.85733e-07
0326  6.67583e+18  7.46760e+03  1.87146e+06  1.07723e-19  0.00000e+00  0.00000e+00  8.81124e-07
0327  6.69322e+18  7.47227e+03  1.86816e+06  1.06557e-19  0.00000e+00  0.00000e+00  8.76551e-07
0328  6.71061e+18  7.47692e+03  1.86487e+06  1.05407e-19  0.00000e+00  0.00000e+00  8.72013e-07
0329  6.72801e+18  7.48155e+03  1.86160e+06  1.04273e-19  0.00000e+00  0.00000e+00  8.67511e-07
0330  6.74540e+18  7.48615e+03  1.85833e+06  1.03154e-19  0.00000e+00  0.00000e+00  8.63043e-07
0331  6.76279e+18  7.49073e+03  1.85508e+06  1.02049e-19  0.00000e+00  0.00000e+00  8.58609e-07
0332  6.78018e+18  7.49529e+03  1.85184e+06  1.00960e-19  0.00000e+00  0.00000e+00  8.54210e-07
0333  6.79758e+18  7.49983e+03  1.84861e+06  9.98851e-20  0.00000e+00  0.00000e+00  8.49844e-07
0334  6.81497e+18  7.50434e+03  1.84539e+06  9.88245e-20  0.00000e+00  0.00000e+00  8.45512e-07
0335  6.83236e+18  7.50883e+03  1.84218e+06  9.77714e-20  0.00000e+00  0.00000e+00  8.41213e-07
0336  6.84975e+18  7.51330e+03  1.83898e+06  9.67376e-20  0.00000e+00  0.00000e+00  8.36946e-07
0337  6.86715e+18  7.51775e+03  1.83580e+06  9.57174e-20  0.00000e+00  0.00000e+00  8.32712e-07
0338  6.88454e+18  7.52218e+03  1.83262e+06  9.47106e-20  0.00000e+00  0.00000e+00  8.28510e-07
0339  6.90193e+18  7.52658e+03  1.82946e+06  9.37171e-20  0.00000e+00  0.00000e+00  8.24340e-07
0340  6.91932e+18  7.53096e+03  1.82630e+06  9.27366e-20  0.00000e+00  0.00000e+00  8.20201e-07
0341  6.93672e+18  7.53533e+03  1.82316e+06  9.17689e-20  0.00000e+00  0.00000e+00  8.16093e-07
0342  6.95411e+18  7.53967e+03  1.82003e+06  9.08138e-20  0.00000e+00  0.00000e+00  8.12016e-07
0343  6.97150e+18  7.54399e+03  1.81691e+06  8.98712e-20  0.00000e+00  0.00000e+00  8.07970e-07
0344  6.98889e+18  7.54829e+03  1.81380e+06  8.89407e-20  0.00000e+00  0.00000e+00  8.03953e-07
0345  7.00629e+18  7.55257e+03  1.81070e+06  8.80223e-20  0.00000e+00  0.00000e+00  7.99967e-07
0346  7.02368e+18  7.55683e+03  1.80761e+06  8.71157e-20  0.00000e+00  0.00000e+00  7.96010e-07
0347  7.04107e+18  7.56107e+03  1.80453e+06  8.62208e-20  0.00000e+00  0.00000e+00  7.92082e-07
0348  7.05846e+18  7.56529e+03  1.80146e+06  8.53374e-20  0.00000e+00  0.00000e+00  7.88183e-07
0349  7.07586e+18  7.56949e+03  1.79841e+06  8.44653e-20  0.00000e+00  0.00000e+00  7.84313e-07
0350  7.09325e+18  7.57367e+03  1.79536e+06  8.36043e-20  0.00000e+00  0.00000e+00  7.80472e-07
0351  7.11064e+18  7.57783e+03  1.79232e+06  8.27543e-20  0.00000e+00  0.00000e+00  7.76658e-07
0352  7.12803e+18  7.58197e+03  1.78930e+06  8.19150e-20  0.00000e+00  0.00000e+00  7.72873e-07
0353  7.14543e+18  7.58609e+03  1.78628e+06  8.10864e-20  0.00000e+00  0.00000e+00  7.69115e-07
0354  7.16282e+18  7.59019e+03  1.78328e+06  8.02683e-20  0.00000e+00  0.00000e+00  7.65385e-07
0355  7.18021e+18  7.59428e+03  1.78028e+06  7.94605e-20  0.00000e+00  0.00000e+00  7.61681e-07
0356  7.19760e+18  7.59834e+03  1.77729e+06  7.86628e-20  0.00000e+00  0.00000e+00  7.58004e-07
0357  7.21500e+18  7.60239e+03  1.77432e+06  7.78751e-20  0.00000e+00  0.00000e+00  7.54354e-07
0358  7.23239e+18  7.60641e+03  1.77135e+06  7.70973e-20  0.00000e+00  0.00000e+00  7.50731e-07
0359  7.24978e+18  7.61042e+03  1.76840e+06  7.63292e-20  0.00000e+00  0.00000e+00  7.47133e-07
0360  7.26717e+18  7.61441e+03  1.76545e+06  7.55707e-20  0.00000e+00  0.00000e+00  7.43561e-07
0361  7.28457e+18  7.61838e+03  1.76252e+06  7.48215e-20  0.00000e+00  0.00000e+00  7.40015e-07
0362  7.30196e+18  7.62234e+03  1.75959e+06  7.40817e-20  0.00000e+00  0.00000e+00  7.36493e-07
0363  7.31935e+18  7.62627e+03  1.75668e+06  7.33510e-20  0.00000e+00  0.00000e+00  7.32997e-07
0364  7.33674e+18  7.63019e+03  1.75377e+06  7.26293e-20  0.00000e+00  0.00000e+00  7.29526e-07
0365  7.35414e+18  7.63409e+03  1.75087e+06  7.19164e-20  0.00000e+00  0.00000e+00  7.26080e-07
0366  7.37153e+18  7.63797e+03  1.74799e+06  7.12123e-20  0.00000e+00  0.00000e+00  7.22658e-07
0367  7.38892e+18  7.64184e+03  1.74511e+06  7.05168e-20  0.00000e+00  0.00000e+00  7.19259e-07
0368  7.40631e+18  7.64568e+03  1.74224e+06  6.98298e-20  0.00000e+00  0.00000e+00  7.15885e-07
0369  7.42371e+18  7.64951e+03  1.73938e+06  6.91512e-20  0.00000e+00  0.00000e+00  7.12535e-07
0370  7.44110e+18  7.65333e+03  1.73653e+06  6.84808e-20  0.00000e+00  0.00000e+00  7.09208e-07
0371  7.45849e+18  7.65712e+03  1.73370e+06  6.78185e-20  0.00000e+00  0.00000e+00  7.05904e-07
0372  7.47588e+18  7.66090e+03  1.73087e+06  6.71642e-20  0.00000e+00  0.00000e+00  7.02623e-07
0373  7.49328e+18  7.66466e+03  1.72805e+06  6.65178e-20  0.00000e+00  0.00000e+00  6.99365e-07
0374  7.51067e+18  7.66841e+03  1.72523e+06  6.58792e-20  0.00000e+00  0.00000e+00  6.96130e-07
0375  7.52806e+18  7.67214e+03  1.72243e+06  6.52482e-20  0.00000e+00  0.00000e+00  6.92917e-07
0376  7.54545e+18  7.67585e+03  1.71964e+06  6.46248e-20  0.00000e+00  0.00000e+00  6.89727e-07
0377  7.56285e+18  7.67955e+03  1.71686e+06  6.40088e-20  0.00000e+00  0.00000e+00  6.86558e-07
0378  7.58024e+18  7.68323e+03  1.71408e+06  6.34002e-20  0.00000e+00  0.00000e+00  6.83411e-07
0379  7.59763e+18  7.68689e+03  1.71132e+06  6.27988e-20  0.00000e+00  0.00000e+00  6.80286e-07
0380  7.61502e+18  7.69054e+03  1.70856e+06  6.22045e-20  0.00000e+00  0.00000e+00  6.77182e-07
0381  7.63242e+18  7.69417e+03  1.70581e+06  6.16173e-20  0.00000e+00  0.00000e+00  6.74099e-07
0382  7.64981e+18  7.69779e+03  1.70308e+06  6.10369e-20  0.00000e+00  0.00000e+00  6.71037e-07
0383  7.66720e+18  7.70139e+03  1.70035e+06  6.04634e-20  0.00000e+00  0.00000e+00  6.67996e-07
0384  7.68459e+18  7.70497e+03  1.69763e+06  5.98967e-20  0.00000e+00  0.00000e+00  6.64976e-07
0385  7.70199e+18  7.70854e+03  1.69491e+06  5.93366e-20  0.00000e+00  0.00000e+00  6.61976e-07
0386  7.71938e+18  7.71209e+03  1.69221e+06  5.87830e-20  0.00000e+00  0.00000e+00  6.58996e-07
0387  7.73677e+18  7.71563e+03  1.68952e+06  5.82359e-20  0.00000e+00  0.00000e+00  6.56037e-07
0388  7.75416e+18  7.71916e+03  1.68683e+06  5.76951e-20  0.00000e+00  0.00000e+00  6.53097e-07
0389  7.77156e+18  7.72266e+03  1.68416e+06  5.71606e-20  0.00000e+00  0.00000e+00  6.50177e-07
0390  7.78895e+18  7.72616e+03  1.68149e+06  5.66323e-20  0.00000e+00  0.00000e+00  6.47277e-07
0391  7.80634e+18  7.72964e+03  1.67883e+06  5.61101e-20  0.00000e+00  0.00000e+00  6.44396e-07
0392  7.82373e+18  7.73310e+03  1.67618e+06  5.55939e-20  0.00000e+00  0.00000e+00  6.41534e-07
0393  7.84113e+18  7.73655e+03  1.67354e+06  5.50837e-20  0.00000e+00  0.00000e+00  6.38691e-07
0394  7.85852e+18  7.73998e+03  1.67090e+06  5.45793e-20  0.00000e+00  0.00000e+00  6.35867e-07
0395  7.87591e+18  7.74340e+03  1.66828e+06  5.40807e-20  0.00000e+00  0.00000e+00  6.33062e-07
0396  7.89330e+18  7.74681e+03  1.66566e+06  5.35877e-20  0.00000e+00  0.00000e+00  6.30275e-07
0397  7.91070e+18  7.75020e+03  1.66305e+06  5.31004e-20  0.00000e+00  0.00000e+00  6.27507e-07
0398  7.92809e+18  7.75358e+03  1.66045e+06  5.26186e-20  0.00000e+00  0.00000e+00  6.24756e-07
0399  7.94548e+18  7.75694e+03  1.65786e+06  5.21423e-20  0.00000e+00  0.00000e+00  6.22024e-07
0400  7.96287e+18  7.76029e+03  1.65528e+06  5.16714e-20  0.00000e+00  0.00000e+00  6.19310e-07
0401  7.98027e+18  7.76362e+03  1.65270e+06  5.12058e-20  0.00000e+00  0.00000e+00  6.16613e-07
0402  7.99766e+18  7.76694e+03  1.65014e+06  5.07454e-20  0.00000e+00  0.00000e+00  6.13934e-07
0403  8.01505e+18  7.77025e+03  1.64758e+06  5.02902e-20  0.00000e+00  0.00000e+00  6.11273e-07
0404  8.03244e+18  7.77354e+03  1.64503e+06  4.98401e-20  0.00000e+00  0.00000e+00  6.08629e-07
0405  8.04984e+18  7.77682e+03  1.64249e+06  4.93950e-20  0.00000e+00  0.00000e+00  6.06001e-07
0406  8.06723e+18  7.78009e+03  1.63995e+06  4.89549e-20  0.00000e+00  0.00000e+00  6.03391e-07
0407  8.08462e+18  7.78334e+03  1.63743e+06  4.85197e-20  0.00000e+00  0.00000e+00  6.00798e-07
0408  8.10201e+18  7.78658e+03  1.63491e+06  4.80894e-20  0.00000e+00  0.00000e+00  5.98221e-07
0409  8.11940e+18  7.78980e+03  1.63240e+06  4.76638e-20  0.00000e+00  0.00000e+00  5.95661e-07
0410  8.13680e+18  7.79302e+03  1.62989e+06  4.72429e-20  0.00000e+00  0.00000e+00  5.93117e-07
0411  8.15419e+18  7.79622e+03  1.62740e+06  4.68267e-20  0.00000e+00  0.00000e+00  5.90590e-07
0412  8.17158e+18  7.79940e+03  1.62491e+06  4.64150e-20  0.00000e+00  0.00000e+00  5.88078e-07
0413  8.18897e+18  7.80258e+03  1.62243e+06  4.60079e-20  0.00000e+00  0.00000e+00  5.85583e-07
0414  8.20637e+18  7.80574e+03  1.61996e+06  4.56052e-20  0.00000e+00  0.00000e+00  5.83104e-07
0415  8.22376e+18  7.80889e+03  1.61750e+06  4.52070e-20  0.00000e+00  0.00000e+00  5.80640e-07
0416  8.24115e+18  7.81202e+03  1.61504e+06  4.48130e-20  0.00000e+00  0.00000e+00  5.78191e-07
0417  8.25854e+18  7.81514e+03  1.61259e+06  4.44234e-20  0.00000e+00  0.00000e+00  5.75759e-07
0418  8.27594e+18  7.81825e+03  1.61015e+06  4.40380e-20  0.00000e+00  0.00000e+00  5.73341e-07
0419  8.29333e+18  7.82135e+03  1.60772e+06  4.36568e-20  0.00000e+00  0.00000e+00  5.70939e-07
0420  8.31072e+18  7.82444e+03  1.60530e+06  4.32797e-20  0.00000e+00  0.00000e+00  5.68552e-07
0421  8.32811e+18  7.82751e+03  1.60288e+06  4.29067e-20  0.00000e+00  0.00000e+00  5.66180e-07
0422  8.34551e+18  7.83057e+03  1.60047e+06  4.25377e-20  0.00000e+00  0.00000e+00  5.63822e-07
0423  8.36290e+18  7.83362e+03  1.59806e+06  4.21727e-20  0.00000e+00  0.00000e+00  5.61479e-07
0424  8.38029e+18  7.83665e+03  1.59567e+06  4.18116e-20  0.00000e+00  0.00000e+00  5.59151e-07
0425  8.39768e+18  7.83968e+03  1.59328e+06  4.14543e-20  0.00000e+00  0.00000e+00  5.56837e-07
0426  8.41508e+18  7.84269e+03  1.59090e+06  4.11009e-20  0.00000e+00  0.00000e+00  5.54538e-07
0427  8.43247e+18  7.84569e+03  1.58853e+06  4.07512e-20  0.00000e+00  0.00000e+00  5.52253e-07
0428  8.44986e+18  7.84868e+03  1.58616e+06  4.04053e-20  0.00000e+00  0.00000e+00  5.49982e-07
0429  8.46725e+18  7.85166e+03  1.58380e+06  4.00630e-20  0.00000e+00  0.00000e+00  5.47725e-07
0430  8.48465e+18  7.85462e+03  1.58145e+06  3.97243e-20  0.00000e+00  0.00000e+00  5.45481e-07
0431  8.50204e+18  7.85758e+03  1.57910e+06  3.93892e-20  0.00000e+00  0.00000e+00  5.43252e-07
0432  8.51943e+18  7.86052e+03  1.57677e+06  3.90577e-20  0.00000e+00  0.00000e+00  5.41036e-07
0433  8.53682e+18  7.86345e+03  1.57444e+06  3.87296e-20  0.00000e+00  0.00000e+00  5.38834e-07
0434  8.55422e+18  7.86637e+03  1.57211e+06  3.84050e-20  0.00000e+00  0.00000e+00  5.36645e-07
0435  8.57161e+18  7.86927e+03  1.56980e+06  3.80842e-20  0.00000e+00  0.00000e+00  5.34469e-07
0436  8.58900e+18  7.87217e+03  1.56749e+06  3.77668e-20  0.00000e+00  0.00000e+00  5.32307e-07
0437  8.60639e+18  7.87506e+03  1.56519e+06  3.74528e-20  0.00000e+00  0.00000e+00  5.30158e-07
0438  8.62379e+18  7.87793e+03  1.56289e+06  3.71420e-20  0.00000e+00  0.00000e+00  5.28021e-07
0439  8.64118e+18  7.88079e+03  1.56060e+06  3.68344e-20  0.00000e+00  0.00000e+00  5.25898e-07
0440  8.65857e+18  7.88365e+03  1.55832e+06  3.65300e-20  0.00000e+00  0.00000e+00  5.23787e-07
0441  8.67596e+18  7.88649e+03  1.55605e+06  3.62288e-20  0.00000e+00  0.00000e+00  5.21689e-07
0442  8.69336e+18  7.88932e+03  1.55378e+06  3.59306e-20  0.00000e+00  0.00000e+00  5.19604e-07
0443  8.71075e+18  7.89214e+03  1.55152e+06  3.56356e-20  0.00000e+00  0.00000e+00  5.17531e-07
0444  8.72814e+18  7.89494e+03  1.54927e+06  3.53435e-20  0.00000e+00  0.00000e+00  5.15471e-07
0445  8.74553e+18  7.89774e+03  1.54702e+06  3.50545e-20  0.00000e+00  0.00000e+00  5.13422e-07
0446  8.76293e+18  7.90053e+03  1.54478e+06  3.47684e-20  0.00000e+00  0.00000e+00  5.11386e-07
0447  8.78032e+18  7.90330e+03  1.54255e+06  3.44852e-20  0.00000e+00  0.00000e+00  5.09362e-07
0448  8.79771e+18  7.90607e+03  1.54032e+06  3.42050e-20  0.00000e+00  0.00000e+00  5.07350e-07
0449  8.81510e+18  7.90882e+03  1.53810e+06  3.39275e-20  0.00000e+00  0.00000e+00  5.05350e-07
0450  8.83250e+18  7.91157e+03  1.53589e+06  3.36529e-20  0.00000e+00  0.00000e+00  5.03362e-07
0451  8.84989e+18  7.91430e+03  1.53368e+06  3.33811e-20  0.00000e+00  0.00000e+00  5.01386e-07
0452  8.86728e+18  7.91702e+03  1.53148e+06  3.31120e-20  0.00000e+00  0.00000e+00  4.99421e-07
0453  8.88467e+18  7.91973e+03  1.52929e+06  3.28456e-20  0.00000e+00  0.00000e+00  4.97467e-07
0454  8.90207e+18  7.92244e+03  1.52710e+06  3.25819e-20  0.00000e+00  0.00000e+00  4.95525e-07
0455  8.91946e+18  7.92513e+03  1.52492e+06  3.23209e-20  0.00000e+00  0.00000e+00  4.93595e-07
0456  8.93685e+18  7.92781e+03  1.52274e+06  3.20624e-20  0.00000e+00  0.00000e+00  4.91675e-07
0457  8.95424e+18  7.93048e+03  1.52058e+06  3.18066e-20  0.00000e+00  0.00000e+00  4.89767e-07
0458  8.97164e+18  7.93314e+03  1.51841e+06  3.15533e-20  0.00000e+00  0.00000e+00  4.87870e-07
0459  8.98903e+18  7.93579e+03  1.51626e+06  3.12542e-20  0.00000e+00  0.00000e+00  4.85984e-07
0460  9.00642e+18  7.93843e+03  1.51411e+06  3.10092e-20  0.00000e+00  0.00000e+00  4.84109e-07
0461  9.02381e+18  7.94107e+03  1.51196e+06  3.07666e-20  0.00000e+00  0.00000e+00  4.82244e-07
0462  9.04121e+18  7.94369e+03  1.50982e+06  3.05263e-20  0.00000e+00  0.00000e+00  4.80391e-07
0463  9.05860e+18  7.94631e+03  1.50769e+06  3.02884e-20  0.00000e+00  0.00000e+00  4.78548e-07
0464  9.07599e+18  7.94891e+03  1.50556e+06  3.00529e-20  0.00000e+00  0.00000e+00  4.76716e-07
0465  9.09338e+18  7.95151e+03  1.50344e+06  2.98196e-20  0.00000e+00  0.00000e+00  4.74894e-07
0466  9.11078e+18  7.95410e+03  1.50133e+06  2.95885e-20  0.00000e+00  0.00000e+00  4.73082e-07
0467  9.12817e+18  7.95668e+03  1.49923e+06  2.93597e-20  0.00000e+00  0.00000e+00  4.71281e-07
0468  9.14556e+18  7.95925e+03  1.49713e+06  2.91332e-20  0.00000e+00  0.00000e+00  4.69490e-07
0469  9.16295e+18  7.96181e+03  1.49503e+06  2.89088e-20  0.00000e+00  0.00000e+00  4.67710e-07
0470  9.18035e+18  7.96436e+03  1.49295e+06  2.86865e-20  0.00000e+00  0.00000e+00  4.65939e-07
0471  9.19774e+18  7.96690e+03  1.49087e+06  2.84664e-20  0.00000e+00  0.00000e+00  4.64179e-07
0472  9.21513e+18  7.96943e+03  1.48879e+06  2.82484e-20  0.00000e+00  0.00000e+00  4.62428e-07
0473  9.23252e+18  7.97195e+03  1.48672e+06  2.80325e-20  0.00000e+00  0.00000e+00  4.60688e-07
0474  9.24992e+18  7.97447e+03  1.48466e+06  2.78187e-20  0.00000e+00  0.00000e+00  4.58957e-07
0475  9.26731e+18  7.97697e+03  1.48260e+06  2.76068e-20  0.00000e+00  0.00000e+00  4.57236e-07
0476  9.28470e+18  7.97946e+03  1.48055e+06  2.73970e-20  0.00000e+00  0.00000e+00  4.55524e-07
0477  9.30209e+18  7.98195e+03  1.47851e+06  2.71892e-20  0.00000e+00  0.00000e+00  4.53823e-07
0478  9.31949e+18  7.98442e+03  1.47647e+06  2.69834e-20  0.00000e+00  0.00000e+00  4.52130e-07
0479  9.33688e+18  7.98689e+03  1.47444e+06  2.67795e-20  0.00000e+00  0.00000e+00  4.50447e-07
0480  9.35427e+18  7.98935e+03  1.47241e+06  2.65776e-20  0.00000e+00  0.00000e+00  4.48774e-07
0481  9.37166e+18  7.99180e+03  1.47039e+06  2.63775e-20  0.00000e+00  0.00000e+00  4.47110e-07
0482  9.38906e+18  7.99424e+03  1.46838e+06  2.61793e-20  0.00000e+00  0.00000e+00  4.45455e-07
0483  9.40645e+18  7.99667e+03  1.46637e+06  2.59830e-20  0.00000e+00  0.00000e+00  4.43809e-07
0484  9.42384e+18  7.99910e+03  1.46437e+06  2.57885e-20  0.00000e+00  0.00000e+00  4.42172e-07
0485  9.44123e+18  8.00151e+03  1.46237e+06  2.55959e-20  0.00000e+00  0.00000e+00  4.40545e-07
0486  9.45863e+18  8.00392e+03  1.46038e+06  2.54050e-20  0.00000e+00  0.00000e+00  4.38926e-07
0487  9.47602e+18  8.00632e+03  1.45840e+06  2.52159e-20  0.00000e+00  0.00000e+00  4.37316e-07
0488  9.49341e+18  8.00871e+03  1.45642e+06  2.50286e-20  0.00000e+00  0.00000e+00  4.35715e-07
0489  9.51080e+18  8.01109e+03  1.45445e+06  2.48430e-20  0.00000e+00  0.00000e+00  4.34123e-07
0490  9.52820e+18  8.01346e+03  1.45248e+06  2.46592e-20  0.00000e+00  0.00000e+00  4.32540e-07
0491  9.54559e+18  8.01583e+03  1.45052e+06  2.44770e-20  0.00000e+00  0.00000e+00  4.30965e-07
0492  9.56298e+18  8.01818e+03  1.44856e+06  2.42965e-20  0.00000e+00  0.00000e+00  4.29399e-07
0493  9.58037e+18  8.02053e+03  1.44661e+06  2.41177e-20  0.00000e+00  0.00000e+00  4.27841e-07
0494  9.59777e+18  8.02287e+03  1.44467e+06  2.39405e-20  0.00000e+00  0.00000e+00  4.26292e-07
0495  9.61516e+18  8.02520e+03  1.44273e+06  2.37650e-20  0.00000e+00  0.00000e+00  4.24751e-07
0496  9.63255e+18  8.02752e+03  1.44079e+06  2.35910e-20  0.00000e+00  0.00000e+00  4.23219e-07
0497  9.64994e+18  8.02984e+03  1.43887e+06  2.34187e-20  0.00000e+00  0.00000e+00  4.21695e-07
0498  9.66734e+18  8.03215e+03  1.43694e+06  2.32479e-20  0.00000e+00  0.00000e+00  4.20179e-07
0499  9.68473e+18  8.03444e+03  1.43503e+06  2.30787e-20  0.00000e+00  0.00000e+00  4.18671e-07
0500  9.70212e+18  8.03674e+03  1.43312e+06  2.29110e-20  0.00000e+00  0.00000e+00  4.17171e-07
0501  9.71951e+18  8.03902e+03  1.43121e+06  2.27449e-20  0.00000e+00  0.00000e+00  4.15679e-07
0502  9.73691e+18  8.04129e+03  1.42931e+06  2.25802e-20  0.00000e+00  0.00000e+00  4.14196e-07
0503  9.75430e+18  8.04356e+03  1.42742e+06  2.24170e-20  0.00000e+00  0.00000e+00  4.12720e-07
0504  9.77169e+18  8.04582e+03  1.42553e+06  2.22554e-20  0.00000e+00  0.00000e+00  4.11252e-07
0505  9.78908e+18  8.04807e+03  1.42364e+06  2.20951e-20  0.00000e+00  0.00000e+00  4.09792e-07
0506  9.80648e+18  8.05032e+03  1.42176e+06  2.19363e-20  0.00000e+00  0.00000e+00  4.08340e-07
0507  9.82387e+18  8.05256e+03  1.41989e+06  2.17790e-20  0.00000e+00  0.00000e+00  4.06895e-07
0508  9.84126e+18  8.05479e+03  1.41802e+06  2.16230e-20  0.00000e+00  0.00000e+00  4.05458e-07
0509  9.85865e+18  8.05701e+03  1.41616e+06  2.14684e-20  0.00000e+00  0.00000e+00  4.04029e-07
0510  9.87605e+18  8.05922e+03  1.41430e+06  2.13153e-20  0.00000e+00  0.00000e+00  4.02607e-07
0511  9.89344e+18  8.06143e+03  1.41245e+06  2.11635e-20  0.00000e+00  0.00000e+00  4.01193e-07
0512  9.91083e+18  8.06363e+03  1.41060e+06  2.10130e-20  0.00000e+00  0.00000e+00  3.99786e-07
0513  9.92822e+18  8.06582e+03  1.40876e+06  2.08639e-20  0.00000e+00  0.00000e+00  3.98386e-07
0514  9.94562e+18  8.06801e+03  1.40692e+06  2.07161e-20  0.00000e+00  0.00000e+00  3.96994e-07
0515  9.96301e+18  8.07018e+03  1.40509e+06  2.05696e-20  0.00000e+00  0.00000e+00  3.95609e-07
0516  9.98040e+18  8.07235e+03  1.40326e+06  2.04244e-20  0.00000e+00  0.00000e+00  3.94232e-07
0517  9.99779e+18  8.07452e+03  1.40144e+06  2.02805e-20  0.00000e+00  0.00000e+00  3.92861e-07
0518  1.00152e+19  8.07667e+03  1.39962e+06  2.01378e-20  0.00000e+00  0.00000e+00  3.91498e-07
0519  1.00326e+19  8.07882e+03  1.39781e+06  1.99964e-20  0.00000e+00  0.00000e+00  3.90142e-07
0520  1.00500e+19  8.08096e+03  1.39601e+06  1.98563e-20  0.00000e+00  0.00000e+00  3.88793e-07
0521  1.00674e+19  8.08309e+03  1.39421e+06  1.97174e-20  0.00000e+00  0.00000e+00  3.87450e-07
0522  1.00848e+19  8.08522e+03  1.39241e+06  1.95796e-20  0.00000e+00  0.00000e+00  3.86115e-07
0523  1.01021e+19  8.08734e+03  1.39062e+06  1.94431e-20  0.00000e+00  0.00000e+00  3.84787e-07
0524  1.01195e+19  8.08945e+03  1.38883e+06  1.93078e-20  0.00000e+00  0.00000e+00  3.83465e-07
0525  1.01369e+19  8.09155e+03  1.38705e+06  1.91737e-20  0.00000e+00  0.00000e+00  3.82150e-07
0526  1.01543e+19  8.09365e+03  1.38527e+06  1.90407e-20  0.00000e+00  0.00000e+00  3.80842e-07
0527  1.01717e+19  8.09574e+03  1.38350e+06  1.89089e-20  0.00000e+00  0.00000e+00  3.79541e-07
0528  1.01891e+19  8.09783e+03  1.38173e+06  1.87782e-20  0.00000e+00  0.00000e+00  3.78247e-07
0529  1.02065e+19  8.09990e+03  1.37997e+06  1.86487e-20  0.00000e+00  0.00000e+00  3.76959e-07
0530  1.02239e+19  8.10197e+03  1.37822e+06  1.85202e-20  0.00000e+00  0.00000e+00  3.75677e-07
0531  1.02413e+19  8.10403e+03  1.37646e+06  1.83929e-20  0.00000e+00  0.00000e+00  3.74402e-07
0532  1.02587e+19  8.10609e+03  1.37471e+06  1.82667e-20  0.00000e+00  0.00000e+00  3.73134e-07
0533  1.02761e+19  8.10814e+03  1.37297e+06  1.81415e-20  0.00000e+00  0.00000e+00  3.71872e-07
0534  1.02935e+19  8.11018e+03  1.37123e+06  1.80174e-20  0.00000e+00  0.00000e+00  3.70616e-07
0535  1.03109e+19  8.11222e+03  1.36950e+06  1.78944e-20  0.00000e+00  0.00000e+00  3.69367e-07
0536  1.03283e+19  8.11424e+03  1.36777e+06  1.77724e-20  0.00000e+00  0.00000e+00  3.68124e-07
0537  1.03456e+19  8.11627e+03  1.36605e+06  1.76515e-20  0.00000e+00  0.00000e+00  3.66887e-07
0538  1.03630e+19  8.11828e+03  1.36433e+06  1.75316e-20  0.00000e+00  0.00000e+00  3.65657e-07
0539  1.03804e+19  8.12030e+03  1.36261e+06  1.74127e-20  0.00000e+00  0.00000e+00  3.64432e-07
0540  1.03978e+19  8.12230e+03  1.36090e+06  1.72949e-20  0.00000e+00  0.00000e+00  3.63214e-07
0541  1.04152e+19  8.12430e+03  1.35920e+06  1.71780e-20  0.00000e+00  0.00000e+00  3.62002e-07
0542  1.04326e+19  8.12629e+03  1.35750e+06  1.70621e-20  0.00000e+00  0.00000e+00  3.60796e-07
0543  1.04500e+19  8.12827e+03  1.35580e+06  1.69472e-20  0.00000e+00  0.00000e+00  3.59596e-07
0544  1.04674e+19  8.13025e+03  1.35411e+06  1.68332e-20  0.00000e+00  0.00000e+00  3.58402e-07
0545  1.04848e+19  8.13222e+03  1.35242e+06  1.67202e-20  0.00000e+00  0.00000e+00  3.57214e-07
0546  1.05022e+19  8.13419e+03  1.35074e+06  1.66082e-20  0.00000e+00  0.00000e+00  3.56032e-07
0547  1.05196e+19  8.13615e+03  1.34906e+06  1.64971e-20  0.00000e+00  0.00000e+00  3.54856e-07
0548  1.05370e+19  8.13810e+03  1.34739e+06  1.63869e-20  0.00000e+00  0.00000e+00  3.53685e-07
0549  1.05544e+19  8.14005e+03  1.34572e+06  1.62777e-20  0.00000e+00  0.00000e+00  3.52520e-07
0550  1.05717e+19  8.14198e+03  1.34405e+06  1.61693e-20  0.00000e+00  0.00000e+00  3.51361e-07
0551  1.05891e+19  8.14396e+03  1.34239e+06  1.60618e-20  0.00000e+00  0.00000e+00  3.50208e-07
0552  1.06065e+19  8.14573e+03  1.34074e+06  1.59556e-20  0.00000e+00  0.00000e+00  3.49061e-07
0553  1.06239e+19  8.14833e+03  1.33905e+06  1.58474e-20  0.00000e+00  0.00000e+00  3.47919e-07
0554  1.06413e+19  8.14755e+03  1.33756e+06  1.57470e-20  0.00000e+00  0.00000e+00  3.46782e-07
0555  1.06587e+19  8.16587e+03  1.33498e+06  1.56166e-20  0.00000e+00  0.00000e+00  3.45651e-07
