# Athena++ data at time=7.640000e+12  cycle=573962400  variables=prim 
# i       x1v         rho          press          vel1         vel2         vel3     
0002  1.07548e+18  2.40946e-18  1.00596e-05 -4.92489e+05  1.38461e-09  0.00000e+00
0003  1.09287e+18  1.08514e-18  6.04967e-06  1.39119e+05  1.95029e-02  0.00000e+00
0004  1.11027e+18  6.83495e-19  4.76021e-06  1.41203e+05  4.26808e-02  0.00000e+00
0005  1.12766e+18  4.42657e-19  3.97179e-06  1.93302e+05  6.34554e-02  0.00000e+00
0006  1.14505e+18  2.80665e-19  3.50509e-06  2.87013e+05  8.16551e-02  0.00000e+00
0007  1.16244e+18  1.86351e-19  3.21210e-06  4.07346e+05  9.80554e-02  0.00000e+00
0008  1.17983e+18  1.61050e-19  2.98498e-06  4.65317e+05  1.13096e-01  0.00000e+00
0009  1.19723e+18  1.44501e-19  2.80984e-06  4.93377e+05  1.27122e-01  0.00000e+00
0010  1.21462e+18  1.30864e-19  2.65182e-06  5.28596e+05  1.40275e-01  0.00000e+00
0011  1.23201e+18  1.21755e-19  2.51003e-06  5.53498e+05  1.52649e-01  0.00000e+00
0012  1.24940e+18  1.13802e-19  2.38422e-06  5.73972e+05  1.64335e-01  0.00000e+00
0013  1.26679e+18  1.06539e-19  2.26851e-06  5.96484e+05  1.75389e-01  0.00000e+00
0014  1.28419e+18  9.99941e-20  2.16312e-06  6.18294e+05  1.85868e-01  0.00000e+00
0015  1.30158e+18  9.41649e-20  2.06663e-06  6.39124e+05  1.95820e-01  0.00000e+00
0016  1.31897e+18  8.90420e-20  1.97793e-06  6.58248e+05  2.05287e-01  0.00000e+00
0017  1.33636e+18  8.43645e-20  1.89635e-06  6.76506e+05  2.14310e-01  0.00000e+00
0018  1.35375e+18  8.00619e-20  1.82087e-06  6.94525e+05  2.22923e-01  0.00000e+00
0019  1.37115e+18  7.61181e-20  1.75113e-06  7.11876e+05  2.31160e-01  0.00000e+00
0020  1.38854e+18  7.29582e-20  1.68559e-06  7.25265e+05  2.39043e-01  0.00000e+00
0021  1.40593e+18  6.96261e-20  1.62579e-06  7.39570e+05  2.46607e-01  0.00000e+00
0022  1.42332e+18  6.63887e-20  1.56906e-06  7.57242e+05  2.53871e-01  0.00000e+00
0023  1.44071e+18  6.37645e-20  1.51590e-06  7.70402e+05  2.60852e-01  0.00000e+00
0024  1.45811e+18  6.12151e-20  1.46699e-06  7.82349e+05  2.67578e-01  0.00000e+00
0025  1.47550e+18  5.87849e-20  1.42054e-06  7.95812e+05  2.74061e-01  0.00000e+00
0026  1.49289e+18  5.65299e-20  1.37715e-06  8.08148e+05  2.80321e-01  0.00000e+00
0027  1.51028e+18  5.44382e-20  1.33656e-06  8.19091e+05  2.86360e-01  0.00000e+00
0028  1.52767e+18  5.25644e-20  1.29927e-06  8.26867e+05  2.92255e-01  0.00000e+00
0029  1.54507e+18  5.10364e-20  1.26636e-06  7.96652e+05  2.97785e-01  0.00000e+00
0030  1.56246e+18  1.75298e-20  1.30803e-06  2.04676e+06  3.04042e-01  0.00000e+00
0031  1.57985e+18  8.17239e-21  1.03582e-06  5.39253e+06  3.08648e-01  0.00000e+00
0032  1.59724e+18  6.06516e-21  9.80961e-07  6.75628e+06  3.12646e-01  0.00000e+00
0033  1.61463e+18  5.03374e-21  9.36399e-07  7.84186e+06  3.16307e-01  0.00000e+00
0034  1.63203e+18  4.34974e-21  8.95837e-07  8.83507e+06  3.19714e-01  0.00000e+00
0035  1.64942e+18  3.83700e-21  8.57492e-07  9.78678e+06  3.22894e-01  0.00000e+00
0036  1.66681e+18  3.43168e-21  8.21417e-07  1.07048e+07  3.25864e-01  0.00000e+00
0037  1.68420e+18  3.10186e-21  7.87300e-07  1.15932e+07  3.28636e-01  0.00000e+00
0038  1.70160e+18  2.82900e-21  7.55248e-07  1.24477e+07  3.31224e-01  0.00000e+00
0039  1.71899e+18  2.60065e-21  7.25223e-07  1.32650e+07  3.33639e-01  0.00000e+00
0040  1.73638e+18  2.40642e-21  6.97228e-07  1.40461e+07  3.35894e-01  0.00000e+00
0041  1.75377e+18  2.23817e-21  6.70756e-07  1.48010e+07  3.38001e-01  0.00000e+00
0042  1.77116e+18  2.09111e-21  6.45710e-07  1.55302e+07  3.39967e-01  0.00000e+00
0043  1.78856e+18  1.96176e-21  6.22093e-07  1.62322e+07  3.41801e-01  0.00000e+00
0044  1.80595e+18  1.84700e-21  5.99824e-07  1.69084e+07  3.43512e-01  0.00000e+00
0045  1.82334e+18  1.74438e-21  5.78728e-07  1.75618e+07  3.45107e-01  0.00000e+00
0046  1.84073e+18  1.65223e-21  5.58804e-07  1.81913e+07  3.46594e-01  0.00000e+00
0047  1.85813e+18  1.56911e-21  5.40005e-07  1.87969e+07  3.47980e-01  0.00000e+00
0050  1.87552e+18  1.49385e-21  5.22281e-07  1.93786e+07  3.49272e-01  0.00000e+00
0051  1.89291e+18  1.42524e-21  5.05542e-07  1.99391e+07  3.50476e-01  0.00000e+00
0052  1.91030e+18  1.36204e-21  4.89540e-07  2.04852e+07  3.51597e-01  0.00000e+00
0053  1.92769e+18  1.30358e-21  4.74195e-07  2.10189e+07  3.52639e-01  0.00000e+00
0054  1.94509e+18  1.24938e-21  4.59498e-07  2.15397e+07  3.53606e-01  0.00000e+00
0055  1.96248e+18  1.19903e-21  4.45428e-07  2.20476e+07  3.54501e-01  0.00000e+00
0056  1.97987e+18  1.15217e-21  4.31968e-07  2.25424e+07  3.55329e-01  0.00000e+00
0057  1.99726e+18  1.10850e-21  4.19108e-07  2.30237e+07  3.56092e-01  0.00000e+00
0058  2.01466e+18  1.06774e-21  4.06835e-07  2.34913e+07  3.56794e-01  0.00000e+00
0059  2.03205e+18  1.02958e-21  3.95101e-07  2.39464e+07  3.57439e-01  0.00000e+00
0060  2.04944e+18  9.93656e-22  3.83800e-07  2.43924e+07  3.58029e-01  0.00000e+00
0061  2.06683e+18  9.59814e-22  3.72932e-07  2.48289e+07  3.58567e-01  0.00000e+00
0062  2.08423e+18  9.27879e-22  3.62475e-07  2.52563e+07  3.59054e-01  0.00000e+00
0063  2.10162e+18  8.97703e-22  3.52410e-07  2.56747e+07  3.59494e-01  0.00000e+00
0064  2.11901e+18  8.69149e-22  3.42721e-07  2.60844e+07  3.59887e-01  0.00000e+00
0065  2.13640e+18  8.42095e-22  3.33390e-07  2.64856e+07  3.60237e-01  0.00000e+00
0066  2.15379e+18  8.16430e-22  3.24402e-07  2.68785e+07  3.60546e-01  0.00000e+00
0067  2.17119e+18  7.92052e-22  3.15741e-07  2.72635e+07  3.60814e-01  0.00000e+00
0068  2.18858e+18  7.68872e-22  3.07394e-07  2.76406e+07  3.61044e-01  0.00000e+00
0069  2.20597e+18  7.46802e-22  2.99343e-07  2.80103e+07  3.61237e-01  0.00000e+00
0070  2.22336e+18  7.25787e-22  2.91590e-07  2.83719e+07  3.61396e-01  0.00000e+00
0071  2.24076e+18  7.05837e-22  2.84192e-07  2.87225e+07  3.61521e-01  0.00000e+00
0072  2.25815e+18  6.86857e-22  2.77115e-07  2.90631e+07  3.61618e-01  0.00000e+00
0073  2.27554e+18  6.68753e-22  2.70321e-07  2.93951e+07  3.61681e-01  0.00000e+00
0074  2.29293e+18  6.51448e-22  2.63782e-07  2.97197e+07  3.61729e-01  0.00000e+00
0075  2.31033e+18  6.34882e-22  2.57475e-07  3.00376e+07  3.61734e-01  0.00000e+00
0076  2.32772e+18  6.19003e-22  2.51383e-07  3.03493e+07  3.61721e-01  0.00000e+00
0077  2.34511e+18  6.03766e-22  2.45494e-07  3.06553e+07  3.61686e-01  0.00000e+00
0078  2.36250e+18  5.89131e-22  2.39797e-07  3.09558e+07  3.61629e-01  0.00000e+00
0079  2.37989e+18  5.75063e-22  2.34281e-07  3.12511e+07  3.61551e-01  0.00000e+00
0080  2.39729e+18  5.61531e-22  2.28939e-07  3.15414e+07  3.61452e-01  0.00000e+00
0081  2.41468e+18  5.48504e-22  2.23762e-07  3.18269e+07  3.61333e-01  0.00000e+00
0082  2.43207e+18  5.35956e-22  2.18743e-07  3.21078e+07  3.61195e-01  0.00000e+00
0083  2.44946e+18  5.23862e-22  2.13876e-07  3.23841e+07  3.61039e-01  0.00000e+00
0084  2.46686e+18  5.12199e-22  2.09156e-07  3.26560e+07  3.60866e-01  0.00000e+00
0085  2.48425e+18  5.00945e-22  2.04575e-07  3.29236e+07  3.60676e-01  0.00000e+00
0086  2.50164e+18  4.90081e-22  2.00130e-07  3.31870e+07  3.60471e-01  0.00000e+00
0087  2.51903e+18  4.79587e-22  1.95814e-07  3.34464e+07  3.60249e-01  0.00000e+00
0088  2.53643e+18  4.69445e-22  1.91623e-07  3.37019e+07  3.60014e-01  0.00000e+00
0089  2.55382e+18  4.59642e-22  1.87554e-07  3.39534e+07  3.59764e-01  0.00000e+00
0090  2.57121e+18  4.50162e-22  1.83604e-07  3.42009e+07  3.59500e-01  0.00000e+00
0091  2.58860e+18  4.40991e-22  1.79769e-07  3.44444e+07  3.59224e-01  0.00000e+00
0092  2.60600e+18  4.32115e-22  1.76045e-07  3.46843e+07  3.58935e-01  0.00000e+00
0093  2.62339e+18  4.23519e-22  1.72426e-07  3.49204e+07  3.58634e-01  0.00000e+00
0094  2.64078e+18  4.15192e-22  1.68910e-07  3.51530e+07  3.58323e-01  0.00000e+00
0095  2.65817e+18  4.07122e-22  1.65491e-07  3.53822e+07  3.58000e-01  0.00000e+00
0096  2.67557e+18  3.99297e-22  1.62167e-07  3.56080e+07  3.57667e-01  0.00000e+00
0097  2.69296e+18  3.91708e-22  1.58934e-07  3.58305e+07  3.57324e-01  0.00000e+00
0098  2.71035e+18  3.84343e-22  1.55788e-07  3.60498e+07  3.56971e-01  0.00000e+00
0099  2.72774e+18  3.77194e-22  1.52727e-07  3.62661e+07  3.56609e-01  0.00000e+00
0100  2.74513e+18  3.70252e-22  1.49747e-07  3.64793e+07  3.56239e-01  0.00000e+00
0101  2.76253e+18  3.63509e-22  1.46846e-07  3.66895e+07  3.55860e-01  0.00000e+00
0102  2.77992e+18  3.56957e-22  1.44021e-07  3.68969e+07  3.55473e-01  0.00000e+00
0103  2.79731e+18  3.50587e-22  1.41269e-07  3.71014e+07  3.55079e-01  0.00000e+00
0104  2.81470e+18  3.44395e-22  1.38589e-07  3.73032e+07  3.54677e-01  0.00000e+00
0105  2.83210e+18  3.38371e-22  1.35977e-07  3.75022e+07  3.54268e-01  0.00000e+00
0106  2.84949e+18  3.32511e-22  1.33431e-07  3.76986e+07  3.53853e-01  0.00000e+00
0107  2.86688e+18  3.26808e-22  1.30950e-07  3.78925e+07  3.53431e-01  0.00000e+00
0108  2.88427e+18  3.21256e-22  1.28531e-07  3.80838e+07  3.53003e-01  0.00000e+00
0109  2.90167e+18  3.15850e-22  1.26172e-07  3.82726e+07  3.52569e-01  0.00000e+00
0110  2.91906e+18  3.10584e-22  1.23872e-07  3.84590e+07  3.52129e-01  0.00000e+00
0111  2.93645e+18  3.05454e-22  1.21628e-07  3.86430e+07  3.51684e-01  0.00000e+00
0112  2.95384e+18  3.00454e-22  1.19439e-07  3.88247e+07  3.51234e-01  0.00000e+00
0113  2.97124e+18  2.95581e-22  1.17303e-07  3.90041e+07  3.50779e-01  0.00000e+00
0114  2.98863e+18  2.90829e-22  1.15218e-07  3.91813e+07  3.50320e-01  0.00000e+00
0115  3.00602e+18  2.86195e-22  1.13183e-07  3.93563e+07  3.49856e-01  0.00000e+00
0116  3.02341e+18  2.81675e-22  1.11197e-07  3.95291e+07  3.49387e-01  0.00000e+00
0117  3.04081e+18  2.77264e-22  1.09257e-07  3.96998e+07  3.48915e-01  0.00000e+00
0118  3.05820e+18  2.72959e-22  1.07363e-07  3.98684e+07  3.48439e-01  0.00000e+00
0119  3.07559e+18  2.68758e-22  1.05513e-07  4.00350e+07  3.47959e-01  0.00000e+00
0120  3.09298e+18  2.64655e-22  1.03706e-07  4.01996e+07  3.47475e-01  0.00000e+00
0121  3.11037e+18  2.60649e-22  1.01941e-07  4.03622e+07  3.46989e-01  0.00000e+00
0122  3.12777e+18  2.56736e-22  1.00216e-07  4.05229e+07  3.46499e-01  0.00000e+00
0123  3.14516e+18  2.52913e-22  9.85305e-08  4.06817e+07  3.46006e-01  0.00000e+00
0124  3.16255e+18  2.49176e-22  9.68822e-08  4.08388e+07  3.45510e-01  0.00000e+00
0125  3.17994e+18  2.45525e-22  9.52718e-08  4.09939e+07  3.45012e-01  0.00000e+00
0126  3.19734e+18  2.41956e-22  9.36986e-08  4.11471e+07  3.44511e-01  0.00000e+00
0127  3.21473e+18  2.38468e-22  9.21614e-08  4.12985e+07  3.44007e-01  0.00000e+00
0128  3.23212e+18  2.35057e-22  9.06593e-08  4.14480e+07  3.43502e-01  0.00000e+00
0129  3.24951e+18  2.31721e-22  8.91911e-08  4.15958e+07  3.42994e-01  0.00000e+00
0130  3.26691e+18  2.28458e-22  8.77558e-08  4.17418e+07  3.42485e-01  0.00000e+00
0131  3.28430e+18  2.25266e-22  8.63524e-08  4.18861e+07  3.41973e-01  0.00000e+00
0132  3.30169e+18  2.22143e-22  8.49800e-08  4.20287e+07  3.41460e-01  0.00000e+00
0133  3.31908e+18  2.19085e-22  8.36376e-08  4.21697e+07  3.40946e-01  0.00000e+00
0134  3.33648e+18  2.16093e-22  8.23244e-08  4.23091e+07  3.40429e-01  0.00000e+00
0135  3.35387e+18  2.13163e-22  8.10396e-08  4.24469e+07  3.39912e-01  0.00000e+00
0136  3.37126e+18  2.10294e-22  7.97823e-08  4.25831e+07  3.39393e-01  0.00000e+00
0137  3.38865e+18  2.07484e-22  7.85518e-08  4.27179e+07  3.38874e-01  0.00000e+00
0138  3.40605e+18  2.04731e-22  7.73472e-08  4.28512e+07  3.38353e-01  0.00000e+00
0139  3.42344e+18  2.02035e-22  7.61680e-08  4.29830e+07  3.37831e-01  0.00000e+00
0140  3.44083e+18  1.99392e-22  7.50134e-08  4.31134e+07  3.37308e-01  0.00000e+00
0141  3.45822e+18  1.96803e-22  7.38827e-08  4.32424e+07  3.36785e-01  0.00000e+00
0142  3.47562e+18  1.94265e-22  7.27753e-08  4.33700e+07  3.36261e-01  0.00000e+00
0143  3.49301e+18  1.91776e-22  7.16905e-08  4.34963e+07  3.35736e-01  0.00000e+00
0144  3.51040e+18  1.89336e-22  7.06278e-08  4.36213e+07  3.35211e-01  0.00000e+00
0145  3.52779e+18  1.86944e-22  6.95866e-08  4.37450e+07  3.34685e-01  0.00000e+00
0146  3.54519e+18  1.84598e-22  6.85662e-08  4.38673e+07  3.34159e-01  0.00000e+00
0147  3.56258e+18  1.82296e-22  6.75663e-08  4.39885e+07  3.33633e-01  0.00000e+00
0148  3.57997e+18  1.80038e-22  6.65862e-08  4.41084e+07  3.33106e-01  0.00000e+00
0149  3.59736e+18  1.77823e-22  6.56255e-08  4.42271e+07  3.32579e-01  0.00000e+00
0150  3.61476e+18  1.75649e-22  6.46836e-08  4.43446e+07  3.32052e-01  0.00000e+00
0151  3.63215e+18  1.73516e-22  6.37600e-08  4.44609e+07  3.31525e-01  0.00000e+00
0152  3.64954e+18  1.71422e-22  6.28544e-08  4.45761e+07  3.30998e-01  0.00000e+00
0153  3.66693e+18  1.69366e-22  6.19663e-08  4.46901e+07  3.30471e-01  0.00000e+00
0154  3.68432e+18  1.67348e-22  6.10951e-08  4.48030e+07  3.29944e-01  0.00000e+00
0155  3.70172e+18  1.65366e-22  6.02406e-08  4.49148e+07  3.29418e-01  0.00000e+00
0156  3.71911e+18  1.63420e-22  5.94023e-08  4.50256e+07  3.28891e-01  0.00000e+00
0157  3.73650e+18  1.61509e-22  5.85799e-08  4.51353e+07  3.28365e-01  0.00000e+00
0158  3.75389e+18  1.59631e-22  5.77728e-08  4.52439e+07  3.27839e-01  0.00000e+00
0159  3.77129e+18  1.57787e-22  5.69809e-08  4.53515e+07  3.27313e-01  0.00000e+00
0160  3.78868e+18  1.55975e-22  5.62036e-08  4.54581e+07  3.26788e-01  0.00000e+00
0161  3.80607e+18  1.54194e-22  5.54407e-08  4.55637e+07  3.26263e-01  0.00000e+00
0162  3.82346e+18  1.52445e-22  5.46918e-08  4.56683e+07  3.25739e-01  0.00000e+00
0163  3.84086e+18  1.50725e-22  5.39566e-08  4.57719e+07  3.25215e-01  0.00000e+00
0164  3.85825e+18  1.49035e-22  5.32348e-08  4.58746e+07  3.24692e-01  0.00000e+00
0165  3.87564e+18  1.47373e-22  5.25261e-08  4.59764e+07  3.24169e-01  0.00000e+00
0166  3.89303e+18  1.45740e-22  5.18301e-08  4.60772e+07  3.23647e-01  0.00000e+00
0167  3.91043e+18  1.44133e-22  5.11466e-08  4.61771e+07  3.23125e-01  0.00000e+00
0168  3.92782e+18  1.42554e-22  5.04752e-08  4.62761e+07  3.22604e-01  0.00000e+00
0169  3.94521e+18  1.41001e-22  4.98158e-08  4.63742e+07  3.22084e-01  0.00000e+00
0170  3.96260e+18  1.39473e-22  4.91680e-08  4.64715e+07  3.21564e-01  0.00000e+00
0171  3.98000e+18  1.37971e-22  4.85316e-08  4.65678e+07  3.21045e-01  0.00000e+00
0172  3.99739e+18  1.36493e-22  4.79064e-08  4.66634e+07  3.20527e-01  0.00000e+00
0173  4.01478e+18  1.35039e-22  4.72920e-08  4.67581e+07  3.20010e-01  0.00000e+00
0174  4.03217e+18  1.33608e-22  4.66883e-08  4.68519e+07  3.19494e-01  0.00000e+00
0175  4.04957e+18  1.32200e-22  4.60949e-08  4.69450e+07  3.18978e-01  0.00000e+00
0176  4.06696e+18  1.30815e-22  4.55116e-08  4.70373e+07  3.18463e-01  0.00000e+00
0177  4.08435e+18  1.29451e-22  4.49382e-08  4.71287e+07  3.17949e-01  0.00000e+00
0178  4.10174e+18  1.28109e-22  4.43746e-08  4.72194e+07  3.17436e-01  0.00000e+00
0179  4.11914e+18  1.26788e-22  4.38205e-08  4.73094e+07  3.16924e-01  0.00000e+00
0180  4.13653e+18  1.25487e-22  4.32758e-08  4.73985e+07  3.16413e-01  0.00000e+00
0181  4.15392e+18  1.24207e-22  4.27402e-08  4.74869e+07  3.15903e-01  0.00000e+00
0182  4.17131e+18  1.22946e-22  4.22136e-08  4.75746e+07  3.15394e-01  0.00000e+00
0183  4.18871e+18  1.21705e-22  4.16956e-08  4.76616e+07  3.14886e-01  0.00000e+00
0184  4.20610e+18  1.20483e-22  4.11863e-08  4.77478e+07  3.14379e-01  0.00000e+00
0185  4.22349e+18  1.19279e-22  4.06854e-08  4.78333e+07  3.13872e-01  0.00000e+00
0186  4.24088e+18  1.18093e-22  4.01926e-08  4.79181e+07  3.13367e-01  0.00000e+00
0187  4.25828e+18  1.16925e-22  3.97079e-08  4.80022e+07  3.12863e-01  0.00000e+00
0188  4.27567e+18  1.15774e-22  3.92311e-08  4.80856e+07  3.12360e-01  0.00000e+00
0189  4.29306e+18  1.14641e-22  3.87620e-08  4.81684e+07  3.11858e-01  0.00000e+00
0190  4.31045e+18  1.13524e-22  3.83005e-08  4.82504e+07  3.11357e-01  0.00000e+00
0191  4.32785e+18  1.12424e-22  3.78463e-08  4.83319e+07  3.10858e-01  0.00000e+00
0192  4.34524e+18  1.11339e-22  3.73995e-08  4.84126e+07  3.10359e-01  0.00000e+00
0193  4.36263e+18  1.10271e-22  3.69597e-08  4.84928e+07  3.09862e-01  0.00000e+00
0194  4.38002e+18  1.09218e-22  3.65269e-08  4.85722e+07  3.09365e-01  0.00000e+00
0195  4.39742e+18  1.08180e-22  3.61009e-08  4.86511e+07  3.08870e-01  0.00000e+00
0196  4.41481e+18  1.07157e-22  3.56817e-08  4.87293e+07  3.08376e-01  0.00000e+00
0197  4.43220e+18  1.06148e-22  3.52689e-08  4.88070e+07  3.07883e-01  0.00000e+00
0198  4.44959e+18  1.05154e-22  3.48627e-08  4.88840e+07  3.07391e-01  0.00000e+00
0199  4.46699e+18  1.04174e-22  3.44627e-08  4.89604e+07  3.06901e-01  0.00000e+00
0200  4.48438e+18  1.03208e-22  3.40689e-08  4.90363e+07  3.06411e-01  0.00000e+00
0201  4.50177e+18  1.02255e-22  3.36812e-08  4.91115e+07  3.05923e-01  0.00000e+00
0202  4.51916e+18  1.01315e-22  3.32994e-08  4.91862e+07  3.05436e-01  0.00000e+00
0203  4.53655e+18  1.00389e-22  3.29236e-08  4.92603e+07  3.04950e-01  0.00000e+00
0204  4.55395e+18  9.94748e-23  3.25534e-08  4.93338e+07  3.04466e-01  0.00000e+00
0205  4.57134e+18  9.85735e-23  3.21889e-08  4.94068e+07  3.03983e-01  0.00000e+00
0206  4.58873e+18  9.76844e-23  3.18299e-08  4.94792e+07  3.03500e-01  0.00000e+00
0207  4.60612e+18  9.68075e-23  3.14763e-08  4.95510e+07  3.03020e-01  0.00000e+00
0208  4.62352e+18  9.59424e-23  3.11280e-08  4.96224e+07  3.02540e-01  0.00000e+00
0209  4.64091e+18  9.50890e-23  3.07849e-08  4.96931e+07  3.02062e-01  0.00000e+00
0210  4.65830e+18  9.42470e-23  3.04469e-08  4.97634e+07  3.01584e-01  0.00000e+00
0211  4.67569e+18  9.34162e-23  3.01140e-08  4.98332e+07  3.01109e-01  0.00000e+00
0212  4.69309e+18  9.25964e-23  2.97860e-08  4.99024e+07  3.00634e-01  0.00000e+00
0213  4.71048e+18  9.17875e-23  2.94627e-08  4.99711e+07  3.00161e-01  0.00000e+00
0214  4.72787e+18  9.09892e-23  2.91443e-08  5.00393e+07  2.99688e-01  0.00000e+00
0215  4.74526e+18  9.02013e-23  2.88304e-08  5.01070e+07  2.99218e-01  0.00000e+00
0216  4.76266e+18  8.94237e-23  2.85212e-08  5.01743e+07  2.98748e-01  0.00000e+00
0217  4.78005e+18  8.86562e-23  2.82164e-08  5.02410e+07  2.98280e-01  0.00000e+00
0218  4.79744e+18  8.78986e-23  2.79160e-08  5.03073e+07  2.97813e-01  0.00000e+00
0219  4.81483e+18  8.71508e-23  2.76199e-08  5.03730e+07  2.97347e-01  0.00000e+00
0220  4.83223e+18  8.64125e-23  2.73281e-08  5.04384e+07  2.96883e-01  0.00000e+00
0221  4.84962e+18  8.56836e-23  2.70404e-08  5.05032e+07  2.96419e-01  0.00000e+00
0222  4.86701e+18  8.49640e-23  2.67569e-08  5.05676e+07  2.95957e-01  0.00000e+00
0223  4.88440e+18  8.42534e-23  2.64773e-08  5.06315e+07  2.95497e-01  0.00000e+00
0224  4.90180e+18  8.35518e-23  2.62017e-08  5.06950e+07  2.95037e-01  0.00000e+00
0225  4.91919e+18  8.28590e-23  2.59299e-08  5.07581e+07  2.94579e-01  0.00000e+00
0226  4.93658e+18  8.21748e-23  2.56620e-08  5.08207e+07  2.94123e-01  0.00000e+00
0227  4.95397e+18  8.14991e-23  2.53977e-08  5.08828e+07  2.93667e-01  0.00000e+00
0228  4.97137e+18  8.08318e-23  2.51372e-08  5.09446e+07  2.93213e-01  0.00000e+00
0229  4.98876e+18  8.01726e-23  2.48803e-08  5.10059e+07  2.92760e-01  0.00000e+00
0230  5.00615e+18  7.95216e-23  2.46269e-08  5.10668e+07  2.92308e-01  0.00000e+00
0231  5.02354e+18  7.88785e-23  2.43769e-08  5.11273e+07  2.91858e-01  0.00000e+00
0232  5.04094e+18  7.82432e-23  2.41305e-08  5.11873e+07  2.91409e-01  0.00000e+00
0233  5.05833e+18  7.76156e-23  2.38873e-08  5.12470e+07  2.90961e-01  0.00000e+00
0234  5.07572e+18  7.69956e-23  2.36475e-08  5.13062e+07  2.90515e-01  0.00000e+00
0235  5.09311e+18  7.63830e-23  2.34109e-08  5.13651e+07  2.90070e-01  0.00000e+00
0236  5.11051e+18  7.57777e-23  2.31775e-08  5.14235e+07  2.89626e-01  0.00000e+00
0237  5.12790e+18  7.51796e-23  2.29473e-08  5.14816e+07  2.89183e-01  0.00000e+00
0238  5.14529e+18  7.45887e-23  2.27201e-08  5.15393e+07  2.88742e-01  0.00000e+00
0239  5.16268e+18  7.40047e-23  2.24960e-08  5.15966e+07  2.88302e-01  0.00000e+00
0240  5.18008e+18  7.34275e-23  2.22748e-08  5.16535e+07  2.87863e-01  0.00000e+00
0241  5.19747e+18  7.28572e-23  2.20566e-08  5.17101e+07  2.87426e-01  0.00000e+00
0242  5.21486e+18  7.22935e-23  2.18413e-08  5.17662e+07  2.86989e-01  0.00000e+00
0243  5.23225e+18  7.17363e-23  2.16288e-08  5.18220e+07  2.86554e-01  0.00000e+00
0244  5.24965e+18  7.11856e-23  2.14190e-08  5.18775e+07  2.86121e-01  0.00000e+00
0245  5.26704e+18  7.06412e-23  2.12121e-08  5.19326e+07  2.85688e-01  0.00000e+00
0246  5.28443e+18  7.01031e-23  2.10078e-08  5.19873e+07  2.85257e-01  0.00000e+00
0247  5.30182e+18  6.95712e-23  2.08061e-08  5.20417e+07  2.84827e-01  0.00000e+00
0248  5.31922e+18  6.90453e-23  2.06071e-08  5.20957e+07  2.84399e-01  0.00000e+00
0249  5.33661e+18  6.85253e-23  2.04107e-08  5.21494e+07  2.83972e-01  0.00000e+00
0250  5.35400e+18  6.80113e-23  2.02167e-08  5.22027e+07  2.83546e-01  0.00000e+00
0251  5.37139e+18  6.75030e-23  2.00253e-08  5.22557e+07  2.83121e-01  0.00000e+00
0252  5.38879e+18  6.70004e-23  1.98363e-08  5.23084e+07  2.82697e-01  0.00000e+00
0253  5.40618e+18  6.65035e-23  1.96497e-08  5.23607e+07  2.82275e-01  0.00000e+00
0254  5.42357e+18  6.60121e-23  1.94655e-08  5.24127e+07  2.81854e-01  0.00000e+00
0255  5.44096e+18  6.55261e-23  1.92836e-08  5.24644e+07  2.81434e-01  0.00000e+00
0256  5.45836e+18  6.50455e-23  1.91039e-08  5.25158e+07  2.81016e-01  0.00000e+00
0257  5.47575e+18  6.45702e-23  1.89266e-08  5.25668e+07  2.80598e-01  0.00000e+00
0258  5.49314e+18  6.41001e-23  1.87514e-08  5.26175e+07  2.80182e-01  0.00000e+00
0259  5.51053e+18  6.36352e-23  1.85785e-08  5.26680e+07  2.79767e-01  0.00000e+00
0260  5.52793e+18  6.31753e-23  1.84077e-08  5.27181e+07  2.79354e-01  0.00000e+00
0261  5.54532e+18  6.27204e-23  1.82390e-08  5.27679e+07  2.78942e-01  0.00000e+00
0262  5.56271e+18  6.22704e-23  1.80723e-08  5.28173e+07  2.78531e-01  0.00000e+00
0263  5.58010e+18  6.18253e-23  1.79078e-08  5.28665e+07  2.78121e-01  0.00000e+00
0264  5.59750e+18  6.13849e-23  1.77452e-08  5.29154e+07  2.77712e-01  0.00000e+00
0265  5.61489e+18  6.09492e-23  1.75847e-08  5.29640e+07  2.77305e-01  0.00000e+00
0266  5.63228e+18  6.05182e-23  1.74261e-08  5.30123e+07  2.76898e-01  0.00000e+00
0267  5.64967e+18  6.00917e-23  1.72694e-08  5.30603e+07  2.76493e-01  0.00000e+00
0268  5.66707e+18  5.96698e-23  1.71146e-08  5.31080e+07  2.76090e-01  0.00000e+00
0269  5.68446e+18  5.92523e-23  1.69617e-08  5.31555e+07  2.75687e-01  0.00000e+00
0270  5.70185e+18  5.88392e-23  1.68107e-08  5.32026e+07  2.75286e-01  0.00000e+00
0271  5.71924e+18  5.84304e-23  1.66614e-08  5.32495e+07  2.74885e-01  0.00000e+00
0272  5.73664e+18  5.80258e-23  1.65139e-08  5.32961e+07  2.74487e-01  0.00000e+00
0273  5.75403e+18  5.76255e-23  1.63682e-08  5.33424e+07  2.74089e-01  0.00000e+00
0274  5.77142e+18  5.72293e-23  1.62242e-08  5.33885e+07  2.73692e-01  0.00000e+00
0275  5.78881e+18  5.68372e-23  1.60820e-08  5.34343e+07  2.73297e-01  0.00000e+00
0276  5.80620e+18  5.64491e-23  1.59414e-08  5.34798e+07  2.72903e-01  0.00000e+00
0277  5.82360e+18  5.60650e-23  1.58024e-08  5.35250e+07  2.72510e-01  0.00000e+00
0278  5.84099e+18  5.56848e-23  1.56651e-08  5.35700e+07  2.72118e-01  0.00000e+00
0279  5.85838e+18  5.53085e-23  1.55294e-08  5.36147e+07  2.71727e-01  0.00000e+00
0280  5.87577e+18  5.49360e-23  1.53953e-08  5.36592e+07  2.71338e-01  0.00000e+00
0281  5.89317e+18  5.45673e-23  1.52628e-08  5.37034e+07  2.70949e-01  0.00000e+00
0282  5.91056e+18  5.42022e-23  1.51317e-08  5.37474e+07  2.70562e-01  0.00000e+00
0283  5.92795e+18  5.38409e-23  1.50022e-08  5.37911e+07  2.70176e-01  0.00000e+00
0284  5.94534e+18  5.34831e-23  1.48742e-08  5.38346e+07  2.69791e-01  0.00000e+00
0285  5.96274e+18  5.31289e-23  1.47477e-08  5.38778e+07  2.69407e-01  0.00000e+00
0286  5.98013e+18  5.27782e-23  1.46226e-08  5.39207e+07  2.69025e-01  0.00000e+00
0287  5.99752e+18  5.24310e-23  1.44989e-08  5.39635e+07  2.68643e-01  0.00000e+00
0288  6.01491e+18  5.20873e-23  1.43766e-08  5.40060e+07  2.68263e-01  0.00000e+00
0289  6.03231e+18  5.17469e-23  1.42558e-08  5.40482e+07  2.67884e-01  0.00000e+00
0290  6.04970e+18  5.14098e-23  1.41363e-08  5.40902e+07  2.67506e-01  0.00000e+00
0291  6.06709e+18  5.10760e-23  1.40181e-08  5.41320e+07  2.67129e-01  0.00000e+00
0292  6.08448e+18  5.07455e-23  1.39013e-08  5.41736e+07  2.66753e-01  0.00000e+00
0293  6.10188e+18  5.04182e-23  1.37858e-08  5.42149e+07  2.66379e-01  0.00000e+00
0294  6.11927e+18  5.00940e-23  1.36716e-08  5.42560e+07  2.66005e-01  0.00000e+00
0295  6.13666e+18  4.97730e-23  1.35586e-08  5.42968e+07  2.65633e-01  0.00000e+00
0296  6.15405e+18  4.94550e-23  1.34469e-08  5.43375e+07  2.65262e-01  0.00000e+00
0297  6.17145e+18  4.91401e-23  1.33365e-08  5.43779e+07  2.64892e-01  0.00000e+00
0298  6.18884e+18  4.88282e-23  1.32273e-08  5.44181e+07  2.64522e-01  0.00000e+00
0299  6.20623e+18  4.85193e-23  1.31192e-08  5.44581e+07  2.64155e-01  0.00000e+00
0300  6.22362e+18  4.82133e-23  1.30124e-08  5.44978e+07  2.63788e-01  0.00000e+00
0301  6.24102e+18  4.79102e-23  1.29067e-08  5.45374e+07  2.63422e-01  0.00000e+00
0302  6.25841e+18  4.76100e-23  1.28022e-08  5.45767e+07  2.63057e-01  0.00000e+00
0303  6.27580e+18  4.73125e-23  1.26989e-08  5.46158e+07  2.62694e-01  0.00000e+00
0304  6.29319e+18  4.70179e-23  1.25966e-08  5.46547e+07  2.62331e-01  0.00000e+00
0305  6.31059e+18  4.67260e-23  1.24955e-08  5.46935e+07  2.61970e-01  0.00000e+00
0306  6.32798e+18  4.64368e-23  1.23954e-08  5.47320e+07  2.61609e-01  0.00000e+00
0307  6.34537e+18  4.61503e-23  1.22965e-08  5.47702e+07  2.61250e-01  0.00000e+00
0308  6.36276e+18  4.58665e-23  1.21986e-08  5.48083e+07  2.60892e-01  0.00000e+00
0309  6.38016e+18  4.55852e-23  1.21017e-08  5.48462e+07  2.60535e-01  0.00000e+00
0310  6.39755e+18  4.53066e-23  1.20059e-08  5.48839e+07  2.60178e-01  0.00000e+00
0311  6.41494e+18  4.50305e-23  1.19111e-08  5.49214e+07  2.59823e-01  0.00000e+00
0312  6.43233e+18  4.47569e-23  1.18173e-08  5.49587e+07  2.59469e-01  0.00000e+00
0313  6.44973e+18  4.44858e-23  1.17245e-08  5.49958e+07  2.59116e-01  0.00000e+00
0314  6.46712e+18  4.42172e-23  1.16327e-08  5.50327e+07  2.58764e-01  0.00000e+00
0315  6.48451e+18  4.39510e-23  1.15419e-08  5.50694e+07  2.58414e-01  0.00000e+00
0316  6.50190e+18  4.36872e-23  1.14520e-08  5.51060e+07  2.58064e-01  0.00000e+00
0317  6.51930e+18  4.34258e-23  1.13630e-08  5.51423e+07  2.57715e-01  0.00000e+00
0318  6.53669e+18  4.31668e-23  1.12750e-08  5.51785e+07  2.57367e-01  0.00000e+00
0319  6.55408e+18  4.29100e-23  1.11879e-08  5.52144e+07  2.57020e-01  0.00000e+00
0320  6.57147e+18  4.26555e-23  1.11017e-08  5.52502e+07  2.56675e-01  0.00000e+00
0321  6.58887e+18  4.24033e-23  1.10164e-08  5.52858e+07  2.56330e-01  0.00000e+00
0322  6.60626e+18  4.21533e-23  1.09320e-08  5.53212e+07  2.55986e-01  0.00000e+00
0323  6.62365e+18  4.19056e-23  1.08484e-08  5.53565e+07  2.55643e-01  0.00000e+00
0324  6.64104e+18  4.16600e-23  1.07657e-08  5.53915e+07  2.55302e-01  0.00000e+00
0325  6.65844e+18  4.14166e-23  1.06839e-08  5.54264e+07  2.54961e-01  0.00000e+00
0326  6.67583e+18  4.11753e-23  1.06029e-08  5.54611e+07  2.54621e-01  0.00000e+00
0327  6.69322e+18  4.09361e-23  1.05227e-08  5.54957e+07  2.54282e-01  0.00000e+00
0328  6.71061e+18  4.06990e-23  1.04434e-08  5.55300e+07  2.53945e-01  0.00000e+00
0329  6.72801e+18  4.04639e-23  1.03648e-08  5.55642e+07  2.53608e-01  0.00000e+00
0330  6.74540e+18  4.02309e-23  1.02870e-08  5.55982e+07  2.53272e-01  0.00000e+00
0331  6.76279e+18  3.99999e-23  1.02101e-08  5.56321e+07  2.52937e-01  0.00000e+00
0332  6.78018e+18  3.97709e-23  1.01339e-08  5.56658e+07  2.52604e-01  0.00000e+00
0333  6.79758e+18  3.95438e-23  1.00584e-08  5.56993e+07  2.52271e-01  0.00000e+00
0334  6.81497e+18  3.93187e-23  9.98377e-09  5.57326e+07  2.51939e-01  0.00000e+00
0335  6.83236e+18  3.90955e-23  9.90983e-09  5.57658e+07  2.51608e-01  0.00000e+00
0336  6.84975e+18  3.88742e-23  9.83664e-09  5.57988e+07  2.51278e-01  0.00000e+00
0337  6.86715e+18  3.86548e-23  9.76417e-09  5.58317e+07  2.50949e-01  0.00000e+00
0338  6.88454e+18  3.84372e-23  9.69242e-09  5.58644e+07  2.50621e-01  0.00000e+00
0339  6.90193e+18  3.82215e-23  9.62138e-09  5.58970e+07  2.50294e-01  0.00000e+00
0340  6.91932e+18  3.80076e-23  9.55104e-09  5.59293e+07  2.49968e-01  0.00000e+00
0341  6.93672e+18  3.77955e-23  9.48139e-09  5.59616e+07  2.49642e-01  0.00000e+00
0342  6.95411e+18  3.75851e-23  9.41243e-09  5.59936e+07  2.49318e-01  0.00000e+00
0343  6.97150e+18  3.73765e-23  9.34414e-09  5.60256e+07  2.48995e-01  0.00000e+00
0344  6.98889e+18  3.71696e-23  9.27651e-09  5.60573e+07  2.48672e-01  0.00000e+00
0345  7.00629e+18  3.69645e-23  9.20955e-09  5.60889e+07  2.48351e-01  0.00000e+00
0346  7.02368e+18  3.67610e-23  9.14323e-09  5.61204e+07  2.48030e-01  0.00000e+00
0347  7.04107e+18  3.65593e-23  9.07756e-09  5.61517e+07  2.47711e-01  0.00000e+00
0348  7.05846e+18  3.63592e-23  9.01252e-09  5.61829e+07  2.47392e-01  0.00000e+00
0349  7.07586e+18  3.61607e-23  8.94811e-09  5.62139e+07  2.47074e-01  0.00000e+00
0350  7.09325e+18  3.59638e-23  8.88432e-09  5.62448e+07  2.46757e-01  0.00000e+00
0351  7.11064e+18  3.57686e-23  8.82114e-09  5.62755e+07  2.46441e-01  0.00000e+00
0352  7.12803e+18  3.55749e-23  8.75857e-09  5.63061e+07  2.46126e-01  0.00000e+00
0353  7.14543e+18  3.53828e-23  8.69659e-09  5.63365e+07  2.45812e-01  0.00000e+00
0354  7.16282e+18  3.51923e-23  8.63520e-09  5.63668e+07  2.45499e-01  0.00000e+00
0355  7.18021e+18  3.50033e-23  8.57440e-09  5.63970e+07  2.45186e-01  0.00000e+00
0356  7.19760e+18  3.48158e-23  8.51417e-09  5.64270e+07  2.44875e-01  0.00000e+00
0357  7.21500e+18  3.46298e-23  8.45451e-09  5.64569e+07  2.44564e-01  0.00000e+00
0358  7.23239e+18  3.44453e-23  8.39541e-09  5.64866e+07  2.44254e-01  0.00000e+00
0359  7.24978e+18  3.42623e-23  8.33687e-09  5.65162e+07  2.43945e-01  0.00000e+00
0360  7.26717e+18  3.40808e-23  8.27888e-09  5.65457e+07  2.43637e-01  0.00000e+00
0361  7.28457e+18  3.39007e-23  8.22143e-09  5.65750e+07  2.43330e-01  0.00000e+00
0362  7.30196e+18  3.37220e-23  8.16452e-09  5.66042e+07  2.43024e-01  0.00000e+00
0363  7.31935e+18  3.35447e-23  8.10814e-09  5.66333e+07  2.42718e-01  0.00000e+00
0364  7.33674e+18  3.33688e-23  8.05228e-09  5.66622e+07  2.42414e-01  0.00000e+00
0365  7.35414e+18  3.31943e-23  7.99693e-09  5.66910e+07  2.42110e-01  0.00000e+00
0366  7.37153e+18  3.30211e-23  7.94211e-09  5.67197e+07  2.41807e-01  0.00000e+00
0367  7.38892e+18  3.28494e-23  7.88778e-09  5.67482e+07  2.41505e-01  0.00000e+00
0368  7.40631e+18  3.26789e-23  7.83396e-09  5.67766e+07  2.41204e-01  0.00000e+00
0369  7.42371e+18  3.25098e-23  7.78063e-09  5.68049e+07  2.40904e-01  0.00000e+00
0370  7.44110e+18  3.23420e-23  7.72779e-09  5.68330e+07  2.40604e-01  0.00000e+00
0371  7.45849e+18  3.21755e-23  7.67543e-09  5.68611e+07  2.40306e-01  0.00000e+00
0372  7.47588e+18  3.20102e-23  7.62355e-09  5.68890e+07  2.40008e-01  0.00000e+00
0373  7.49328e+18  3.18463e-23  7.57214e-09  5.69167e+07  2.39711e-01  0.00000e+00
0374  7.51067e+18  3.16836e-23  7.52119e-09  5.69444e+07  2.39415e-01  0.00000e+00
0375  7.52806e+18  3.15221e-23  7.47071e-09  5.69719e+07  2.39119e-01  0.00000e+00
0376  7.54545e+18  3.13619e-23  7.42069e-09  5.69993e+07  2.38825e-01  0.00000e+00
0377  7.56285e+18  3.12029e-23  7.37111e-09  5.70266e+07  2.38531e-01  0.00000e+00
0378  7.58024e+18  3.10451e-23  7.32198e-09  5.70538e+07  2.38238e-01  0.00000e+00
0379  7.59763e+18  3.08885e-23  7.27329e-09  5.70808e+07  2.37946e-01  0.00000e+00
0380  7.61502e+18  3.07330e-23  7.22504e-09  5.71078e+07  2.37655e-01  0.00000e+00
0381  7.63242e+18  3.05788e-23  7.17721e-09  5.71346e+07  2.37365e-01  0.00000e+00
0382  7.64981e+18  3.04257e-23  7.12982e-09  5.71613e+07  2.37075e-01  0.00000e+00
0383  7.66720e+18  3.02737e-23  7.08284e-09  5.71878e+07  2.36786e-01  0.00000e+00
0384  7.68459e+18  3.01229e-23  7.03628e-09  5.72143e+07  2.36498e-01  0.00000e+00
0385  7.70199e+18  2.99733e-23  6.99013e-09  5.72407e+07  2.36211e-01  0.00000e+00
0386  7.71938e+18  2.98247e-23  6.94439e-09  5.72669e+07  2.35924e-01  0.00000e+00
0387  7.73677e+18  2.96772e-23  6.89905e-09  5.72930e+07  2.35638e-01  0.00000e+00
0388  7.75416e+18  2.95308e-23  6.85411e-09  5.73190e+07  2.35354e-01  0.00000e+00
0389  7.77156e+18  2.93855e-23  6.80957e-09  5.73449e+07  2.35069e-01  0.00000e+00
0390  7.78895e+18  2.92413e-23  6.76541e-09  5.73707e+07  2.34786e-01  0.00000e+00
0391  7.80634e+18  2.90982e-23  6.72164e-09  5.73964e+07  2.34504e-01  0.00000e+00
0392  7.82373e+18  2.89560e-23  6.67825e-09  5.74219e+07  2.34222e-01  0.00000e+00
0393  7.84113e+18  2.88150e-23  6.63524e-09  5.74474e+07  2.33941e-01  0.00000e+00
0394  7.85852e+18  2.86749e-23  6.59259e-09  5.74727e+07  2.33660e-01  0.00000e+00
0395  7.87591e+18  2.85359e-23  6.55032e-09  5.74980e+07  2.33381e-01  0.00000e+00
0396  7.89330e+18  2.83979e-23  6.50842e-09  5.75231e+07  2.33102e-01  0.00000e+00
0397  7.91070e+18  2.82609e-23  6.46687e-09  5.75481e+07  2.32824e-01  0.00000e+00
0398  7.92809e+18  2.81248e-23  6.42568e-09  5.75731e+07  2.32547e-01  0.00000e+00
0399  7.94548e+18  2.79898e-23  6.38484e-09  5.75979e+07  2.32270e-01  0.00000e+00
0400  7.96287e+18  2.78557e-23  6.34435e-09  5.76226e+07  2.31995e-01  0.00000e+00
0401  7.98027e+18  2.77226e-23  6.30421e-09  5.76472e+07  2.31720e-01  0.00000e+00
0402  7.99766e+18  2.75904e-23  6.26441e-09  5.76717e+07  2.31445e-01  0.00000e+00
0403  8.01505e+18  2.74592e-23  6.22495e-09  5.76961e+07  2.31172e-01  0.00000e+00
0404  8.03244e+18  2.73289e-23  6.18582e-09  5.77204e+07  2.30899e-01  0.00000e+00
0405  8.04984e+18  2.71996e-23  6.14702e-09  5.77446e+07  2.30627e-01  0.00000e+00
0406  8.06723e+18  2.70711e-23  6.10855e-09  5.77687e+07  2.30355e-01  0.00000e+00
0407  8.08462e+18  2.69436e-23  6.07040e-09  5.77927e+07  2.30085e-01  0.00000e+00
0408  8.10201e+18  2.68169e-23  6.03258e-09  5.78166e+07  2.29815e-01  0.00000e+00
0409  8.11940e+18  2.66912e-23  5.99507e-09  5.78405e+07  2.29546e-01  0.00000e+00
0410  8.13680e+18  2.65663e-23  5.95787e-09  5.78642e+07  2.29277e-01  0.00000e+00
0411  8.15419e+18  2.64423e-23  5.92099e-09  5.78878e+07  2.29010e-01  0.00000e+00
0412  8.17158e+18  2.63192e-23  5.88441e-09  5.79113e+07  2.28743e-01  0.00000e+00
0413  8.18897e+18  2.61970e-23  5.84814e-09  5.79347e+07  2.28476e-01  0.00000e+00
0414  8.20637e+18  2.60756e-23  5.81217e-09  5.79580e+07  2.28211e-01  0.00000e+00
0415  8.22376e+18  2.59550e-23  5.77649e-09  5.79813e+07  2.27946e-01  0.00000e+00
0416  8.24115e+18  2.58352e-23  5.74111e-09  5.80044e+07  2.27682e-01  0.00000e+00
0417  8.25854e+18  2.57163e-23  5.70602e-09  5.80275e+07  2.27418e-01  0.00000e+00
0418  8.27594e+18  2.55982e-23  5.67122e-09  5.80504e+07  2.27155e-01  0.00000e+00
0419  8.29333e+18  2.54810e-23  5.63671e-09  5.80733e+07  2.26893e-01  0.00000e+00
0420  8.31072e+18  2.53645e-23  5.60247e-09  5.80960e+07  2.26632e-01  0.00000e+00
0421  8.32811e+18  2.52488e-23  5.56852e-09  5.81187e+07  2.26371e-01  0.00000e+00
0422  8.34551e+18  2.51339e-23  5.53485e-09  5.81413e+07  2.26111e-01  0.00000e+00
0423  8.36290e+18  2.50198e-23  5.50144e-09  5.81638e+07  2.25851e-01  0.00000e+00
0424  8.38029e+18  2.49065e-23  5.46831e-09  5.81862e+07  2.25593e-01  0.00000e+00
0425  8.39768e+18  2.47939e-23  5.43545e-09  5.82085e+07  2.25335e-01  0.00000e+00
0426  8.41508e+18  2.46821e-23  5.40286e-09  5.82307e+07  2.25077e-01  0.00000e+00
0427  8.43247e+18  2.45711e-23  5.37052e-09  5.82529e+07  2.24821e-01  0.00000e+00
0428  8.44986e+18  2.44608e-23  5.33845e-09  5.82749e+07  2.24565e-01  0.00000e+00
0429  8.46725e+18  2.43513e-23  5.30663e-09  5.82969e+07  2.24309e-01  0.00000e+00
0430  8.48465e+18  2.42424e-23  5.27507e-09  5.83188e+07  2.24055e-01  0.00000e+00
0431  8.50204e+18  2.41343e-23  5.24376e-09  5.83406e+07  2.23801e-01  0.00000e+00
0432  8.51943e+18  2.40270e-23  5.21271e-09  5.83623e+07  2.23547e-01  0.00000e+00
0433  8.53682e+18  2.39203e-23  5.18190e-09  5.83839e+07  2.23295e-01  0.00000e+00
0434  8.55422e+18  2.38144e-23  5.15133e-09  5.84055e+07  2.23043e-01  0.00000e+00
0435  8.57161e+18  2.37091e-23  5.12101e-09  5.84269e+07  2.22791e-01  0.00000e+00
0436  8.58900e+18  2.36046e-23  5.09092e-09  5.84483e+07  2.22540e-01  0.00000e+00
0437  8.60639e+18  2.35007e-23  5.06108e-09  5.84696e+07  2.22290e-01  0.00000e+00
0438  8.62379e+18  2.33975e-23  5.03147e-09  5.84908e+07  2.22041e-01  0.00000e+00
0439  8.64118e+18  2.32950e-23  5.00209e-09  5.85119e+07  2.21792e-01  0.00000e+00
0440  8.65857e+18  2.31932e-23  4.97295e-09  5.85330e+07  2.21544e-01  0.00000e+00
0441  8.67596e+18  2.30921e-23  4.94403e-09  5.85539e+07  2.21296e-01  0.00000e+00
0442  8.69336e+18  2.29916e-23  4.91534e-09  5.85748e+07  2.21050e-01  0.00000e+00
0443  8.71075e+18  2.28917e-23  4.88687e-09  5.85956e+07  2.20803e-01  0.00000e+00
0444  8.72814e+18  2.27925e-23  4.85863e-09  5.86163e+07  2.20558e-01  0.00000e+00
0445  8.74553e+18  2.26940e-23  4.83060e-09  5.86370e+07  2.20313e-01  0.00000e+00
0446  8.76293e+18  2.25961e-23  4.80280e-09  5.86576e+07  2.20068e-01  0.00000e+00
0447  8.78032e+18  2.24988e-23  4.77521e-09  5.86780e+07  2.19824e-01  0.00000e+00
0448  8.79771e+18  2.24021e-23  4.74783e-09  5.86985e+07  2.19581e-01  0.00000e+00
0449  8.81510e+18  2.23061e-23  4.72066e-09  5.87188e+07  2.19339e-01  0.00000e+00
0450  8.83250e+18  2.22107e-23  4.69370e-09  5.87391e+07  2.19097e-01  0.00000e+00
0451  8.84989e+18  2.21159e-23  4.66695e-09  5.87592e+07  2.18856e-01  0.00000e+00
0452  8.86728e+18  2.20217e-23  4.64040e-09  5.87793e+07  2.18615e-01  0.00000e+00
0453  8.88467e+18  2.19281e-23  4.61406e-09  5.87994e+07  2.18375e-01  0.00000e+00
0454  8.90207e+18  2.18351e-23  4.58792e-09  5.88193e+07  2.18135e-01  0.00000e+00
0455  8.91946e+18  2.17427e-23  4.56198e-09  5.88392e+07  2.17896e-01  0.00000e+00
0456  8.93685e+18  2.16509e-23  4.53623e-09  5.88590e+07  2.17658e-01  0.00000e+00
0457  8.95424e+18  2.15596e-23  4.51068e-09  5.88788e+07  2.17420e-01  0.00000e+00
0458  8.97164e+18  2.14690e-23  4.48533e-09  5.88984e+07  2.17183e-01  0.00000e+00
0459  8.98903e+18  2.13789e-23  4.46017e-09  5.89180e+07  2.16947e-01  0.00000e+00
0460  9.00642e+18  2.12893e-23  4.43519e-09  5.89375e+07  2.16711e-01  0.00000e+00
0461  9.02381e+18  2.12003e-23  4.41039e-09  5.89570e+07  2.16476e-01  0.00000e+00
0462  9.04121e+18  2.11119e-23  4.38578e-09  5.89764e+07  2.16241e-01  0.00000e+00
0463  9.05860e+18  2.10241e-23  4.36136e-09  5.89957e+07  2.16007e-01  0.00000e+00
0464  9.07599e+18  2.09367e-23  4.33712e-09  5.90149e+07  2.15773e-01  0.00000e+00
0465  9.09338e+18  2.08500e-23  4.31306e-09  5.90341e+07  2.15540e-01  0.00000e+00
0466  9.11078e+18  2.07637e-23  4.28919e-09  5.90532e+07  2.15308e-01  0.00000e+00
0467  9.12817e+18  2.06780e-23  4.26549e-09  5.90722e+07  2.15076e-01  0.00000e+00
0468  9.14556e+18  2.05929e-23  4.24196e-09  5.90912e+07  2.14845e-01  0.00000e+00
0469  9.16295e+18  2.05082e-23  4.21862e-09  5.91100e+07  2.14614e-01  0.00000e+00
0470  9.18035e+18  2.04241e-23  4.19544e-09  5.91289e+07  2.14384e-01  0.00000e+00
0471  9.19774e+18  2.03405e-23  4.17244e-09  5.91476e+07  2.14155e-01  0.00000e+00
0472  9.21513e+18  2.02574e-23  4.14961e-09  5.91663e+07  2.13926e-01  0.00000e+00
0473  9.23252e+18  2.01748e-23  4.12695e-09  5.91849e+07  2.13697e-01  0.00000e+00
0474  9.24992e+18  2.00927e-23  4.10445e-09  5.92034e+07  2.13470e-01  0.00000e+00
0475  9.26731e+18  2.00111e-23  4.08212e-09  5.92219e+07  2.13242e-01  0.00000e+00
0476  9.28470e+18  1.99300e-23  4.05996e-09  5.92403e+07  2.13016e-01  0.00000e+00
0477  9.30209e+18  1.98494e-23  4.03795e-09  5.92587e+07  2.12789e-01  0.00000e+00
0478  9.31949e+18  1.97693e-23  4.01611e-09  5.92770e+07  2.12564e-01  0.00000e+00
0479  9.33688e+18  1.96897e-23  3.99443e-09  5.92952e+07  2.12339e-01  0.00000e+00
0480  9.35427e+18  1.96106e-23  3.97290e-09  5.93133e+07  2.12114e-01  0.00000e+00
0481  9.37166e+18  1.95319e-23  3.95154e-09  5.93314e+07  2.11890e-01  0.00000e+00
0482  9.38906e+18  1.94537e-23  3.93032e-09  5.93494e+07  2.11667e-01  0.00000e+00
0483  9.40645e+18  1.93760e-23  3.90926e-09  5.93674e+07  2.11444e-01  0.00000e+00
0484  9.42384e+18  1.92987e-23  3.88836e-09  5.93853e+07  2.11222e-01  0.00000e+00
0485  9.44123e+18  1.92219e-23  3.86760e-09  5.94031e+07  2.11000e-01  0.00000e+00
0486  9.45863e+18  1.91456e-23  3.84699e-09  5.94209e+07  2.10779e-01  0.00000e+00
0487  9.47602e+18  1.90697e-23  3.82653e-09  5.94386e+07  2.10558e-01  0.00000e+00
0488  9.49341e+18  1.89943e-23  3.80622e-09  5.94562e+07  2.10338e-01  0.00000e+00
0489  9.51080e+18  1.89193e-23  3.78606e-09  5.94738e+07  2.10118e-01  0.00000e+00
0490  9.52820e+18  1.88447e-23  3.76603e-09  5.94913e+07  2.09899e-01  0.00000e+00
0491  9.54559e+18  1.87706e-23  3.74616e-09  5.95088e+07  2.09680e-01  0.00000e+00
0492  9.56298e+18  1.86969e-23  3.72642e-09  5.95262e+07  2.09462e-01  0.00000e+00
0493  9.58037e+18  1.86237e-23  3.70682e-09  5.95435e+07  2.09245e-01  0.00000e+00
0494  9.59777e+18  1.85509e-23  3.68736e-09  5.95608e+07  2.09028e-01  0.00000e+00
0495  9.61516e+18  1.84785e-23  3.66804e-09  5.95780e+07  2.08811e-01  0.00000e+00
0496  9.63255e+18  1.84065e-23  3.64886e-09  5.95952e+07  2.08595e-01  0.00000e+00
0497  9.64994e+18  1.83350e-23  3.62981e-09  5.96123e+07  2.08380e-01  0.00000e+00
0498  9.66734e+18  1.82639e-23  3.61090e-09  5.96293e+07  2.08165e-01  0.00000e+00
0499  9.68473e+18  1.81932e-23  3.59212e-09  5.96463e+07  2.07951e-01  0.00000e+00
0500  9.70212e+18  1.81229e-23  3.57347e-09  5.96632e+07  2.07737e-01  0.00000e+00
0501  9.71951e+18  1.80530e-23  3.55495e-09  5.96801e+07  2.07523e-01  0.00000e+00
0502  9.73691e+18  1.79835e-23  3.53656e-09  5.96969e+07  2.07310e-01  0.00000e+00
0503  9.75430e+18  1.79144e-23  3.51830e-09  5.97136e+07  2.07098e-01  0.00000e+00
0504  9.77169e+18  1.78457e-23  3.50016e-09  5.97303e+07  2.06886e-01  0.00000e+00
0505  9.78908e+18  1.77774e-23  3.48216e-09  5.97469e+07  2.06675e-01  0.00000e+00
0506  9.80648e+18  1.77095e-23  3.46428e-09  5.97635e+07  2.06464e-01  0.00000e+00
0507  9.82387e+18  1.76420e-23  3.44652e-09  5.97800e+07  2.06253e-01  0.00000e+00
0508  9.84126e+18  1.75748e-23  3.42888e-09  5.97965e+07  2.06044e-01  0.00000e+00
0509  9.85865e+18  1.75081e-23  3.41137e-09  5.98129e+07  2.05834e-01  0.00000e+00
0510  9.87605e+18  1.74417e-23  3.39397e-09  5.98292e+07  2.05625e-01  0.00000e+00
0511  9.89344e+18  1.73757e-23  3.37670e-09  5.98455e+07  2.05417e-01  0.00000e+00
0512  9.91083e+18  1.73101e-23  3.35955e-09  5.98618e+07  2.05209e-01  0.00000e+00
0513  9.92822e+18  1.72448e-23  3.34251e-09  5.98780e+07  2.05002e-01  0.00000e+00
0514  9.94562e+18  1.71800e-23  3.32559e-09  5.98941e+07  2.04795e-01  0.00000e+00
0515  9.96301e+18  1.71154e-23  3.30878e-09  5.99102e+07  2.04588e-01  0.00000e+00
0516  9.98040e+18  1.70513e-23  3.29209e-09  5.99262e+07  2.04382e-01  0.00000e+00
0517  9.99779e+18  1.69875e-23  3.27552e-09  5.99422e+07  2.04177e-01  0.00000e+00
0518  1.00152e+19  1.69241e-23  3.25905e-09  5.99581e+07  2.03972e-01  0.00000e+00
0519  1.00326e+19  1.68610e-23  3.24270e-09  5.99740e+07  2.03767e-01  0.00000e+00
0520  1.00500e+19  1.67983e-23  3.22646e-09  5.99898e+07  2.03563e-01  0.00000e+00
0521  1.00674e+19  1.67359e-23  3.21033e-09  6.00056e+07  2.03359e-01  0.00000e+00
0522  1.00848e+19  1.66738e-23  3.19430e-09  6.00213e+07  2.03156e-01  0.00000e+00
0523  1.01021e+19  1.66121e-23  3.17839e-09  6.00369e+07  2.02954e-01  0.00000e+00
0524  1.01195e+19  1.65508e-23  3.16258e-09  6.00525e+07  2.02752e-01  0.00000e+00
0525  1.01369e+19  1.64898e-23  3.14688e-09  6.00681e+07  2.02550e-01  0.00000e+00
0526  1.01543e+19  1.64291e-23  3.13128e-09  6.00836e+07  2.02349e-01  0.00000e+00
0527  1.01717e+19  1.63688e-23  3.11579e-09  6.00990e+07  2.02148e-01  0.00000e+00
0528  1.01891e+19  1.63088e-23  3.10040e-09  6.01144e+07  2.01947e-01  0.00000e+00
0529  1.02065e+19  1.62491e-23  3.08511e-09  6.01298e+07  2.01748e-01  0.00000e+00
0530  1.02239e+19  1.61897e-23  3.06992e-09  6.01451e+07  2.01548e-01  0.00000e+00
0531  1.02413e+19  1.61307e-23  3.05484e-09  6.01604e+07  2.01349e-01  0.00000e+00
0532  1.02587e+19  1.60720e-23  3.03985e-09  6.01756e+07  2.01151e-01  0.00000e+00
0533  1.02761e+19  1.60136e-23  3.02497e-09  6.01907e+07  2.00953e-01  0.00000e+00
0534  1.02935e+19  1.59556e-23  3.01018e-09  6.02058e+07  2.00755e-01  0.00000e+00
0535  1.03109e+19  1.58978e-23  2.99549e-09  6.02209e+07  2.00558e-01  0.00000e+00
0536  1.03283e+19  1.58404e-23  2.98090e-09  6.02359e+07  2.00361e-01  0.00000e+00
0537  1.03456e+19  1.57833e-23  2.96640e-09  6.02508e+07  2.00165e-01  0.00000e+00
0538  1.03630e+19  1.57264e-23  2.95200e-09  6.02658e+07  1.99969e-01  0.00000e+00
0539  1.03804e+19  1.56699e-23  2.93769e-09  6.02806e+07  1.99774e-01  0.00000e+00
0540  1.03978e+19  1.56137e-23  2.92348e-09  6.02954e+07  1.99579e-01  0.00000e+00
0541  1.04152e+19  1.55578e-23  2.90936e-09  6.03102e+07  1.99385e-01  0.00000e+00
0542  1.04326e+19  1.55022e-23  2.89533e-09  6.03249e+07  1.99191e-01  0.00000e+00
0543  1.04500e+19  1.54469e-23  2.88139e-09  6.03396e+07  1.98997e-01  0.00000e+00
0544  1.04674e+19  1.53919e-23  2.86754e-09  6.03542e+07  1.98804e-01  0.00000e+00
0545  1.04848e+19  1.53371e-23  2.85379e-09  6.03688e+07  1.98611e-01  0.00000e+00
0546  1.05022e+19  1.52827e-23  2.84012e-09  6.03834e+07  1.98419e-01  0.00000e+00
0547  1.05196e+19  1.52286e-23  2.82654e-09  6.03979e+07  1.98227e-01  0.00000e+00
0548  1.05370e+19  1.51747e-23  2.81304e-09  6.04123e+07  1.98036e-01  0.00000e+00
0549  1.05544e+19  1.51212e-23  2.79964e-09  6.04267e+07  1.97845e-01  0.00000e+00
0550  1.05717e+19  1.50679e-23  2.78632e-09  6.04411e+07  1.97654e-01  0.00000e+00
0551  1.05891e+19  1.50148e-23  2.77307e-09  6.04554e+07  1.97464e-01  0.00000e+00
0552  1.06065e+19  1.49624e-23  2.75999e-09  6.04696e+07  1.97275e-01  0.00000e+00
0553  1.06239e+19  1.49087e-23  2.74662e-09  6.04841e+07  1.97082e-01  0.00000e+00
0554  1.06413e+19  1.48614e-23  2.73486e-09  6.04970e+07  1.96911e-01  0.00000e+00
0555  1.06587e+19  1.47798e-23  2.71457e-09  6.05192e+07  1.96614e-01  0.00000e+00
