# Athena++ data at time=2.300000e+11  cycle=17278960  variables=uov 
# i       x1v         user_out_var0          user_out_var1          user_out_var2          user_out_var3          user_out_var4          user_out_var5      
0002  1.07548e+18  4.91743e+00  3.03478e+04  6.85126e-16  0.00000e+00  0.00000e+00  3.39500e-05
0003  1.09287e+18  4.11285e+01  9.88252e+04 -1.30249e-15  0.00000e+00  0.00000e+00  3.28781e-05
0004  1.11027e+18  6.26812e+01  1.36781e+05 -1.33452e-17  0.00000e+00  0.00000e+00  3.18561e-05
0005  1.12766e+18  6.23612e+01  1.36352e+05  2.90214e-17  0.00000e+00  0.00000e+00  3.08811e-05
0006  1.14505e+18  6.12889e+01  1.34932e+05  2.55628e-17  0.00000e+00  0.00000e+00  2.99501e-05
0007  1.16244e+18  6.05075e+01  1.33893e+05  2.33351e-17  0.00000e+00  0.00000e+00  2.90606e-05
0008  1.17983e+18  5.97130e+01  1.32833e+05  2.35491e-17  0.00000e+00  0.00000e+00  2.82102e-05
0009  1.19723e+18  5.89143e+01  1.31763e+05  2.38033e-17  0.00000e+00  0.00000e+00  2.73965e-05
0010  1.21462e+18  5.81220e+01  1.30643e+05  2.44603e-17  0.00000e+00  0.00000e+00  2.66176e-05
0011  1.23201e+18  5.73404e+01  1.29519e+05  2.42618e-17  0.00000e+00  0.00000e+00  2.58714e-05
0012  1.24940e+18  5.65657e+01  1.28401e+05  2.40651e-17  0.00000e+00  0.00000e+00  2.51561e-05
0013  1.26679e+18  5.57986e+01  1.27291e+05  2.38604e-17  0.00000e+00  0.00000e+00  2.44701e-05
0014  1.28419e+18  5.50405e+01  1.26190e+05  2.36409e-17  0.00000e+00  0.00000e+00  2.38118e-05
0015  1.30158e+18  5.42901e+01  1.25098e+05  2.33364e-17  0.00000e+00  0.00000e+00  2.31797e-05
0016  1.31897e+18  5.35487e+01  1.24015e+05  2.31518e-17  0.00000e+00  0.00000e+00  2.25724e-05
0017  1.33636e+18  5.28202e+01  1.22948e+05  2.32870e-17  0.00000e+00  0.00000e+00  2.19887e-05
0018  1.35375e+18  5.21144e+01  1.21690e+05  2.65185e-17  0.00000e+00  0.00000e+00  2.14273e-05
0019  1.37115e+18  5.14446e+01  1.20351e+05  2.58947e-17  0.00000e+00  0.00000e+00  2.08872e-05
0020  1.38854e+18  5.07813e+01  1.19026e+05  2.55679e-17  0.00000e+00  0.00000e+00  2.03672e-05
0021  1.40593e+18  5.01276e+01  1.17723e+05  2.52099e-17  0.00000e+00  0.00000e+00  1.98665e-05
0022  1.42332e+18  4.94834e+01  1.16442e+05  2.43213e-17  0.00000e+00  0.00000e+00  1.93839e-05
0023  1.44071e+18  4.88527e+01  1.15189e+05  2.44693e-17  0.00000e+00  0.00000e+00  1.89187e-05
0024  1.45811e+18  4.82416e+01  1.13804e+05  2.46807e-17  0.00000e+00  0.00000e+00  1.84701e-05
0025  1.47550e+18  4.76400e+01  1.12500e+05  2.42890e-17  0.00000e+00  0.00000e+00  1.80373e-05
0026  1.49289e+18  4.70458e+01  1.11222e+05  2.37407e-17  0.00000e+00  0.00000e+00  1.76194e-05
0027  1.51028e+18  4.64606e+01  1.09975e+05  2.32163e-17  0.00000e+00  0.00000e+00  1.72160e-05
0028  1.52767e+18  4.58841e+01  1.08757e+05  2.27152e-17  0.00000e+00  0.00000e+00  1.68262e-05
0029  1.54507e+18  4.53161e+01  1.07567e+05  2.22349e-17  0.00000e+00  0.00000e+00  1.64495e-05
0030  1.56246e+18  4.47568e+01  1.06405e+05  2.17790e-17  0.00000e+00  0.00000e+00  1.60854e-05
0031  1.57985e+18  4.42056e+01  1.05268e+05  2.12640e-17  0.00000e+00  0.00000e+00  1.57331e-05
0032  1.59724e+18  4.36640e+01  1.04160e+05  2.09439e-17  0.00000e+00  0.00000e+00  1.53924e-05
0033  1.61463e+18  4.31336e+01  1.03014e+05  2.10897e-17  0.00000e+00  0.00000e+00  1.50626e-05
0034  1.63203e+18  4.26155e+01  1.01893e+05  2.06340e-17  0.00000e+00  0.00000e+00  1.47432e-05
0035  1.64942e+18  4.21043e+01  1.00798e+05  2.02278e-17  0.00000e+00  0.00000e+00  1.44340e-05
0036  1.66681e+18  4.16006e+01  9.97295e+04  1.98078e-17  0.00000e+00  0.00000e+00  1.41343e-05
0037  1.68420e+18  4.11048e+01  9.86870e+04  1.93824e-17  0.00000e+00  0.00000e+00  1.38439e-05
0038  1.70160e+18  4.06170e+01  9.76705e+04  1.90106e-17  0.00000e+00  0.00000e+00  1.35623e-05
0039  1.71899e+18  4.01376e+01  9.66621e+04  1.87679e-17  0.00000e+00  0.00000e+00  1.32893e-05
0040  1.73638e+18  3.96669e+01  9.56796e+04  1.83772e-17  0.00000e+00  0.00000e+00  1.30244e-05
0041  1.75377e+18  3.92035e+01  9.47221e+04  1.80083e-17  0.00000e+00  0.00000e+00  1.27674e-05
0042  1.77116e+18  3.87475e+01  9.37894e+04  1.76433e-17  0.00000e+00  0.00000e+00  1.25178e-05
0043  1.78856e+18  3.82989e+01  9.28810e+04  1.72899e-17  0.00000e+00  0.00000e+00  1.22756e-05
0044  1.80595e+18  3.78577e+01  9.19961e+04  1.69500e-17  0.00000e+00  0.00000e+00  1.20403e-05
0045  1.82334e+18  3.74239e+01  9.11342e+04  1.66106e-17  0.00000e+00  0.00000e+00  1.18117e-05
0046  1.84073e+18  3.69970e+01  9.02938e+04  1.62882e-17  0.00000e+00  0.00000e+00  1.15895e-05
0047  1.85813e+18  3.65795e+01  8.94791e+04  1.60141e-17  0.00000e+00  0.00000e+00  1.13736e-05
0050  1.87552e+18  3.61670e+01  8.85959e+04  1.67729e-17  0.00000e+00  0.00000e+00  1.11636e-05
0051  1.89291e+18  3.57750e+01  8.77153e+04  1.62440e-17  0.00000e+00  0.00000e+00  1.09594e-05
0052  1.91030e+18  3.53869e+01  8.68534e+04  1.60194e-17  0.00000e+00  0.00000e+00  1.07608e-05
0053  1.92769e+18  3.50033e+01  8.60114e+04  1.56930e-17  0.00000e+00  0.00000e+00  1.05675e-05
0054  1.94509e+18  3.46259e+01  8.51926e+04  1.53573e-17  0.00000e+00  0.00000e+00  1.03793e-05
0055  1.96248e+18  3.42542e+01  8.43949e+04  1.51051e-17  0.00000e+00  0.00000e+00  1.01962e-05
0056  1.97987e+18  3.38888e+01  8.36194e+04  1.47316e-17  0.00000e+00  0.00000e+00  1.00178e-05
0057  1.99726e+18  3.35257e+01  8.29228e+04  1.52686e-17  0.00000e+00  0.00000e+00  9.84411e-06
0058  2.01466e+18  3.31708e+01  8.21384e+04  1.44487e-17  0.00000e+00  0.00000e+00  9.67488e-06
0059  2.03205e+18  3.28261e+01  8.13874e+04  1.41829e-17  0.00000e+00  0.00000e+00  9.50998e-06
0060  2.04944e+18  3.24850e+01  8.06549e+04  1.39245e-17  0.00000e+00  0.00000e+00  9.34925e-06
0061  2.06683e+18  3.21481e+01  7.99419e+04  1.36388e-17  0.00000e+00  0.00000e+00  9.19257e-06
0062  2.08423e+18  3.18161e+01  7.92486e+04  1.33630e-17  0.00000e+00  0.00000e+00  9.03979e-06
0063  2.10162e+18  3.14887e+01  7.85741e+04  1.30989e-17  0.00000e+00  0.00000e+00  8.89079e-06
0064  2.11901e+18  3.11658e+01  7.79176e+04  1.28446e-17  0.00000e+00  0.00000e+00  8.74544e-06
0065  2.13640e+18  3.08473e+01  7.72785e+04  1.25994e-17  0.00000e+00  0.00000e+00  8.60363e-06
0066  2.15379e+18  3.05332e+01  7.66560e+04  1.23634e-17  0.00000e+00  0.00000e+00  8.46523e-06
0067  2.17119e+18  3.02235e+01  7.60497e+04  1.21264e-17  0.00000e+00  0.00000e+00  8.33016e-06
0068  2.18858e+18  2.99180e+01  7.54536e+04  1.22165e-17  0.00000e+00  0.00000e+00  8.19828e-06
0069  2.20597e+18  2.96178e+01  7.48503e+04  1.18905e-17  0.00000e+00  0.00000e+00  8.06952e-06
0070  2.22336e+18  2.93225e+01  7.42634e+04  1.16927e-17  0.00000e+00  0.00000e+00  7.94377e-06
0071  2.24076e+18  2.90308e+01  7.36905e+04  1.14925e-17  0.00000e+00  0.00000e+00  7.82093e-06
0072  2.25815e+18  2.87429e+01  7.31313e+04  1.12916e-17  0.00000e+00  0.00000e+00  7.70092e-06
0073  2.27554e+18  2.84587e+01  7.25855e+04  1.10964e-17  0.00000e+00  0.00000e+00  7.58365e-06
0074  2.29293e+18  2.81784e+01  7.20529e+04  1.09048e-17  0.00000e+00  0.00000e+00  7.46904e-06
0075  2.31033e+18  2.79019e+01  7.15282e+04  1.08377e-17  0.00000e+00  0.00000e+00  7.35701e-06
0076  2.32772e+18  2.76294e+01  7.10096e+04  1.06184e-17  0.00000e+00  0.00000e+00  7.24748e-06
0077  2.34511e+18  2.73606e+01  7.05040e+04  1.04468e-17  0.00000e+00  0.00000e+00  7.14038e-06
0078  2.36250e+18  2.70951e+01  7.00105e+04  1.02753e-17  0.00000e+00  0.00000e+00  7.03563e-06
0079  2.37989e+18  2.68328e+01  6.95286e+04  1.01072e-17  0.00000e+00  0.00000e+00  6.93317e-06
0080  2.39729e+18  2.65738e+01  6.90581e+04  9.94481e-18  0.00000e+00  0.00000e+00  6.83294e-06
0081  2.41468e+18  2.63180e+01  6.85985e+04  9.78795e-18  0.00000e+00  0.00000e+00  6.73486e-06
0082  2.43207e+18  2.60653e+01  6.81493e+04  9.63630e-18  0.00000e+00  0.00000e+00  6.63888e-06
0083  2.44946e+18  2.58156e+01  6.77102e+04  9.48962e-18  0.00000e+00  0.00000e+00  6.54493e-06
0084  2.46686e+18  2.55688e+01  6.72809e+04  9.34769e-18  0.00000e+00  0.00000e+00  6.45297e-06
0085  2.48425e+18  2.53250e+01  6.68609e+04  9.21032e-18  0.00000e+00  0.00000e+00  6.36293e-06
0086  2.50164e+18  2.50839e+01  6.64499e+04  9.07731e-18  0.00000e+00  0.00000e+00  6.27476e-06
0087  2.51903e+18  2.48457e+01  6.60476e+04  8.94845e-18  0.00000e+00  0.00000e+00  6.18842e-06
0088  2.53643e+18  2.46102e+01  6.56537e+04  8.82353e-18  0.00000e+00  0.00000e+00  6.10384e-06
0089  2.55382e+18  2.43773e+01  6.52680e+04  8.70265e-18  0.00000e+00  0.00000e+00  6.02098e-06
0090  2.57121e+18  2.41473e+01  6.48906e+04  8.57103e-18  0.00000e+00  0.00000e+00  5.93980e-06
0091  2.58860e+18  2.39209e+01  6.45224e+04  8.28164e-18  0.00000e+00  0.00000e+00  5.86026e-06
0092  2.60600e+18  2.37002e+01  6.40276e+04  8.33564e-18  0.00000e+00  0.00000e+00  5.78229e-06
0093  2.62339e+18  2.34831e+01  6.36187e+04  8.79348e-18  0.00000e+00  0.00000e+00  5.70588e-06
0094  2.64078e+18  2.32654e+01  6.32895e+04  9.38785e-18  0.00000e+00  0.00000e+00  5.63097e-06
0095  2.65817e+18  2.30497e+01  6.28449e+04  8.66091e-18  0.00000e+00  0.00000e+00  5.55752e-06
0096  2.67557e+18  2.28394e+01  6.24160e+04  8.50590e-18  0.00000e+00  0.00000e+00  5.48550e-06
0097  2.69296e+18  2.26334e+01  6.20006e+04  8.42189e-18  0.00000e+00  0.00000e+00  5.41488e-06
0098  2.71035e+18  2.24286e+01  6.15923e+04  8.30433e-18  0.00000e+00  0.00000e+00  5.34560e-06
0099  2.72774e+18  2.22259e+01  6.11924e+04  8.17955e-18  0.00000e+00  0.00000e+00  5.27765e-06
0100  2.74513e+18  2.20256e+01  6.08013e+04  8.05896e-18  0.00000e+00  0.00000e+00  5.21099e-06
0101  2.76253e+18  2.18276e+01  6.04188e+04  7.94269e-18  0.00000e+00  0.00000e+00  5.14558e-06
0102  2.77992e+18  2.16318e+01  6.00444e+04  7.82984e-18  0.00000e+00  0.00000e+00  5.08140e-06
0103  2.79731e+18  2.14383e+01  5.96780e+04  7.72009e-18  0.00000e+00  0.00000e+00  5.01841e-06
0104  2.81470e+18  2.12470e+01  5.93194e+04  7.61336e-18  0.00000e+00  0.00000e+00  4.95658e-06
0105  2.83210e+18  2.10580e+01  5.89683e+04  7.50955e-18  0.00000e+00  0.00000e+00  4.89589e-06
0106  2.84949e+18  2.08711e+01  5.86246e+04  7.40858e-18  0.00000e+00  0.00000e+00  4.83630e-06
0107  2.86688e+18  2.06864e+01  5.82879e+04  7.31034e-18  0.00000e+00  0.00000e+00  4.77780e-06
0108  2.88427e+18  2.05038e+01  5.79582e+04  7.21473e-18  0.00000e+00  0.00000e+00  4.72035e-06
0109  2.90167e+18  2.03233e+01  5.76352e+04  7.12167e-18  0.00000e+00  0.00000e+00  4.66394e-06
0110  2.91906e+18  2.01449e+01  5.73186e+04  7.03106e-18  0.00000e+00  0.00000e+00  4.60853e-06
0111  2.93645e+18  1.99686e+01  5.70084e+04  6.94282e-18  0.00000e+00  0.00000e+00  4.55409e-06
0112  2.95384e+18  1.97942e+01  5.67044e+04  6.85687e-18  0.00000e+00  0.00000e+00  4.50062e-06
0113  2.97124e+18  1.96219e+01  5.64063e+04  6.77303e-18  0.00000e+00  0.00000e+00  4.44809e-06
0114  2.98863e+18  1.94516e+01  5.61140e+04  6.68490e-18  0.00000e+00  0.00000e+00  4.39647e-06
0115  3.00602e+18  1.92833e+01  5.58234e+04  6.72072e-18  0.00000e+00  0.00000e+00  4.34574e-06
0116  3.02341e+18  1.91172e+01  5.55308e+04  6.59350e-18  0.00000e+00  0.00000e+00  4.29588e-06
0117  3.04081e+18  1.89532e+01  5.52444e+04  6.52337e-18  0.00000e+00  0.00000e+00  4.24688e-06
0118  3.05820e+18  1.87911e+01  5.49636e+04  6.42794e-18  0.00000e+00  0.00000e+00  4.19872e-06
0119  3.07559e+18  1.86310e+01  5.46758e+04  6.47471e-18  0.00000e+00  0.00000e+00  4.15136e-06
0120  3.09298e+18  1.84731e+01  5.43905e+04  6.38337e-18  0.00000e+00  0.00000e+00  4.10481e-06
0121  3.11037e+18  1.83171e+01  5.41108e+04  6.31608e-18  0.00000e+00  0.00000e+00  4.05903e-06
0122  3.12777e+18  1.81627e+01  5.38362e+04  6.24326e-18  0.00000e+00  0.00000e+00  4.01401e-06
0123  3.14516e+18  1.80100e+01  5.35666e+04  6.17069e-18  0.00000e+00  0.00000e+00  3.96974e-06
0124  3.16255e+18  1.78590e+01  5.33021e+04  6.09982e-18  0.00000e+00  0.00000e+00  3.92620e-06
0125  3.17994e+18  1.77098e+01  5.30425e+04  6.03072e-18  0.00000e+00  0.00000e+00  3.88337e-06
0126  3.19734e+18  1.75621e+01  5.27876e+04  5.96325e-18  0.00000e+00  0.00000e+00  3.84123e-06
0127  3.21473e+18  1.74162e+01  5.25374e+04  5.89731e-18  0.00000e+00  0.00000e+00  3.79978e-06
0128  3.23212e+18  1.72718e+01  5.22916e+04  5.83285e-18  0.00000e+00  0.00000e+00  3.75900e-06
0129  3.24951e+18  1.71291e+01  5.20503e+04  5.76982e-18  0.00000e+00  0.00000e+00  3.71887e-06
0130  3.26691e+18  1.69879e+01  5.18133e+04  5.70818e-18  0.00000e+00  0.00000e+00  3.67938e-06
0131  3.28430e+18  1.68484e+01  5.15805e+04  5.64788e-18  0.00000e+00  0.00000e+00  3.64051e-06
0132  3.30169e+18  1.67104e+01  5.13517e+04  5.58888e-18  0.00000e+00  0.00000e+00  3.60226e-06
0133  3.31908e+18  1.65739e+01  5.11270e+04  5.53111e-18  0.00000e+00  0.00000e+00  3.56460e-06
0134  3.33648e+18  1.64389e+01  5.09062e+04  5.47421e-18  0.00000e+00  0.00000e+00  3.52754e-06
0135  3.35387e+18  1.63055e+01  5.06892e+04  5.40184e-18  0.00000e+00  0.00000e+00  3.49104e-06
0136  3.37126e+18  1.61737e+01  5.04661e+04  5.45434e-18  0.00000e+00  0.00000e+00  3.45512e-06
0137  3.38865e+18  1.60435e+01  5.02723e+04  5.91815e-18  0.00000e+00  0.00000e+00  3.41974e-06
0138  3.40605e+18  1.59151e+01  5.00234e+04  5.42614e-18  0.00000e+00  0.00000e+00  3.38491e-06
0139  3.42344e+18  1.57891e+01  4.97813e+04  5.42517e-18  0.00000e+00  0.00000e+00  3.35060e-06
0140  3.44083e+18  1.56650e+01  4.95449e+04  5.37421e-18  0.00000e+00  0.00000e+00  3.31681e-06
0141  3.45822e+18  1.55419e+01  4.93125e+04  5.31695e-18  0.00000e+00  0.00000e+00  3.28353e-06
0142  3.47562e+18  1.54200e+01  4.90844e+04  5.25683e-18  0.00000e+00  0.00000e+00  3.25075e-06
0143  3.49301e+18  1.52995e+01  4.88606e+04  5.19785e-18  0.00000e+00  0.00000e+00  3.21846e-06
0144  3.51040e+18  1.51803e+01  4.86412e+04  5.14058e-18  0.00000e+00  0.00000e+00  3.18665e-06
0145  3.52779e+18  1.50625e+01  4.84260e+04  5.08474e-18  0.00000e+00  0.00000e+00  3.15531e-06
0146  3.54519e+18  1.49460e+01  4.82148e+04  5.03012e-18  0.00000e+00  0.00000e+00  3.12442e-06
0147  3.56258e+18  1.48307e+01  4.80076e+04  4.97667e-18  0.00000e+00  0.00000e+00  3.09399e-06
0148  3.57997e+18  1.47168e+01  4.78042e+04  4.92436e-18  0.00000e+00  0.00000e+00  3.06400e-06
0149  3.59736e+18  1.46041e+01  4.76046e+04  4.87317e-18  0.00000e+00  0.00000e+00  3.03444e-06
0150  3.61476e+18  1.44926e+01  4.74086e+04  4.82305e-18  0.00000e+00  0.00000e+00  3.00531e-06
0151  3.63215e+18  1.43824e+01  4.72162e+04  4.77397e-18  0.00000e+00  0.00000e+00  2.97660e-06
0152  3.64954e+18  1.42734e+01  4.70273e+04  4.72590e-18  0.00000e+00  0.00000e+00  2.94830e-06
0153  3.66693e+18  1.41656e+01  4.68418e+04  4.67880e-18  0.00000e+00  0.00000e+00  2.92040e-06
0154  3.68432e+18  1.40590e+01  4.66596e+04  4.63264e-18  0.00000e+00  0.00000e+00  2.89289e-06
0155  3.70172e+18  1.39536e+01  4.64806e+04  4.58739e-18  0.00000e+00  0.00000e+00  2.86577e-06
0156  3.71911e+18  1.38493e+01  4.63048e+04  4.54303e-18  0.00000e+00  0.00000e+00  2.83903e-06
0157  3.73650e+18  1.37463e+01  4.61321e+04  4.49952e-18  0.00000e+00  0.00000e+00  2.81266e-06
0158  3.75389e+18  1.36443e+01  4.59624e+04  4.45684e-18  0.00000e+00  0.00000e+00  2.78666e-06
0159  3.77129e+18  1.35435e+01  4.57957e+04  4.41491e-18  0.00000e+00  0.00000e+00  2.76101e-06
0160  3.78868e+18  1.34439e+01  4.56318e+04  4.37015e-18  0.00000e+00  0.00000e+00  2.73572e-06
0161  3.80607e+18  1.33454e+01  4.54693e+04  4.51054e-18  0.00000e+00  0.00000e+00  2.71078e-06
0162  3.82346e+18  1.32483e+01  4.52947e+04  4.35937e-18  0.00000e+00  0.00000e+00  2.68617e-06
0163  3.84086e+18  1.31526e+01  4.51233e+04  4.34125e-18  0.00000e+00  0.00000e+00  2.66190e-06
0164  3.85825e+18  1.30580e+01  4.49546e+04  4.30427e-18  0.00000e+00  0.00000e+00  2.63795e-06
0165  3.87564e+18  1.29644e+01  4.47882e+04  4.26599e-18  0.00000e+00  0.00000e+00  2.61433e-06
0166  3.89303e+18  1.28718e+01  4.46243e+04  4.22742e-18  0.00000e+00  0.00000e+00  2.59102e-06
0167  3.91043e+18  1.27803e+01  4.44629e+04  4.18940e-18  0.00000e+00  0.00000e+00  2.56803e-06
0168  3.92782e+18  1.26898e+01  4.43038e+04  4.15206e-18  0.00000e+00  0.00000e+00  2.54533e-06
0169  3.94521e+18  1.26004e+01  4.41471e+04  4.11531e-18  0.00000e+00  0.00000e+00  2.52294e-06
0170  3.96260e+18  1.25120e+01  4.39927e+04  4.07911e-18  0.00000e+00  0.00000e+00  2.50084e-06
0171  3.98000e+18  1.24246e+01  4.38406e+04  4.04343e-18  0.00000e+00  0.00000e+00  2.47903e-06
0172  3.99739e+18  1.23382e+01  4.36908e+04  4.00827e-18  0.00000e+00  0.00000e+00  2.45751e-06
0173  4.01478e+18  1.22528e+01  4.35431e+04  3.97375e-18  0.00000e+00  0.00000e+00  2.43626e-06
0174  4.03217e+18  1.21683e+01  4.33975e+04  3.94182e-18  0.00000e+00  0.00000e+00  2.41529e-06
0175  4.04957e+18  1.20845e+01  4.32533e+04  4.14288e-18  0.00000e+00  0.00000e+00  2.39459e-06
0176  4.06696e+18  1.20004e+01  4.31999e+04  2.77538e-16  0.00000e+00  0.00000e+00  2.37415e-06
0177  4.08435e+18  1.19159e+01  4.31440e+04  4.70796e-18  0.00000e+00  0.00000e+00  2.35397e-06
0178  4.10174e+18  1.18334e+01  4.29839e+04  3.66092e-18  0.00000e+00  0.00000e+00  2.33405e-06
0179  4.11914e+18  1.17548e+01  4.28318e+04  3.85860e-18  0.00000e+00  0.00000e+00  2.31438e-06
0180  4.13653e+18  1.16775e+01  4.26831e+04  3.84557e-18  0.00000e+00  0.00000e+00  2.29496e-06
0181  4.15392e+18  1.16002e+01  4.25352e+04  3.81566e-18  0.00000e+00  0.00000e+00  2.27578e-06
0182  4.17131e+18  1.15235e+01  4.23892e+04  3.77917e-18  0.00000e+00  0.00000e+00  2.25685e-06
0183  4.18871e+18  1.14477e+01  4.22457e+04  3.74308e-18  0.00000e+00  0.00000e+00  2.23814e-06
0184  4.20610e+18  1.13729e+01  4.21048e+04  3.70848e-18  0.00000e+00  0.00000e+00  2.21967e-06
0185  4.22349e+18  1.12990e+01  4.19662e+04  3.67481e-18  0.00000e+00  0.00000e+00  2.20143e-06
0186  4.24088e+18  1.12259e+01  4.18298e+04  3.64176e-18  0.00000e+00  0.00000e+00  2.18341e-06
0187  4.25828e+18  1.11537e+01  4.16956e+04  3.63154e-18  0.00000e+00  0.00000e+00  2.16561e-06
0188  4.27567e+18  1.10822e+01  4.15747e+04  3.90116e-18  0.00000e+00  0.00000e+00  2.14803e-06
0189  4.29306e+18  1.10118e+01  4.14254e+04  3.58799e-18  0.00000e+00  0.00000e+00  2.13066e-06
0190  4.31045e+18  1.09425e+01  4.12797e+04  3.60222e-18  0.00000e+00  0.00000e+00  2.11350e-06
0191  4.32785e+18  1.08742e+01  4.11373e+04  3.56993e-18  0.00000e+00  0.00000e+00  2.09654e-06
0192  4.34524e+18  1.08067e+01  4.09973e+04  3.53651e-18  0.00000e+00  0.00000e+00  2.07979e-06
0193  4.36263e+18  1.07398e+01  4.08597e+04  3.50182e-18  0.00000e+00  0.00000e+00  2.06324e-06
0194  4.38002e+18  1.06737e+01  4.07246e+04  3.46736e-18  0.00000e+00  0.00000e+00  2.04689e-06
0195  4.39742e+18  1.06084e+01  4.05921e+04  3.43364e-18  0.00000e+00  0.00000e+00  2.03073e-06
0196  4.41481e+18  1.05438e+01  4.04620e+04  3.40062e-18  0.00000e+00  0.00000e+00  2.01476e-06
0197  4.43220e+18  1.04800e+01  4.03343e+04  3.36817e-18  0.00000e+00  0.00000e+00  1.99898e-06
0198  4.44959e+18  1.04169e+01  4.02089e+04  3.33626e-18  0.00000e+00  0.00000e+00  1.98339e-06
0199  4.46699e+18  1.03546e+01  4.00857e+04  3.30487e-18  0.00000e+00  0.00000e+00  1.96797e-06
0200  4.48438e+18  1.02930e+01  3.99648e+04  3.27399e-18  0.00000e+00  0.00000e+00  1.95273e-06
0201  4.50177e+18  1.02321e+01  3.98460e+04  3.24362e-18  0.00000e+00  0.00000e+00  1.93768e-06
0202  4.51916e+18  1.01719e+01  3.97294e+04  3.21373e-18  0.00000e+00  0.00000e+00  1.92279e-06
0203  4.53655e+18  1.01124e+01  3.96148e+04  3.18432e-18  0.00000e+00  0.00000e+00  1.90807e-06
0204  4.55395e+18  1.00537e+01  3.95022e+04  3.15536e-18  0.00000e+00  0.00000e+00  1.89353e-06
0205  4.57134e+18  9.99559e+00  3.93916e+04  3.12685e-18  0.00000e+00  0.00000e+00  1.87915e-06
0206  4.58873e+18  9.93820e+00  3.92829e+04  3.09877e-18  0.00000e+00  0.00000e+00  1.86493e-06
0207  4.60612e+18  9.88148e+00  3.91762e+04  3.07111e-18  0.00000e+00  0.00000e+00  1.85087e-06
0208  4.62352e+18  9.82544e+00  3.90712e+04  3.04387e-18  0.00000e+00  0.00000e+00  1.83697e-06
0209  4.64091e+18  9.77005e+00  3.89681e+04  3.01702e-18  0.00000e+00  0.00000e+00  1.82323e-06
0210  4.65830e+18  9.71533e+00  3.88668e+04  2.99057e-18  0.00000e+00  0.00000e+00  1.80964e-06
0211  4.67569e+18  9.66125e+00  3.87671e+04  2.96449e-18  0.00000e+00  0.00000e+00  1.79620e-06
0212  4.69309e+18  9.60782e+00  3.86692e+04  2.93878e-18  0.00000e+00  0.00000e+00  1.78291e-06
0213  4.71048e+18  9.55502e+00  3.85729e+04  2.91343e-18  0.00000e+00  0.00000e+00  1.76977e-06
0214  4.72787e+18  9.50285e+00  3.84783e+04  2.88843e-18  0.00000e+00  0.00000e+00  1.75678e-06
0215  4.74526e+18  9.45131e+00  3.83852e+04  2.86378e-18  0.00000e+00  0.00000e+00  1.74392e-06
0216  4.76266e+18  9.40038e+00  3.82938e+04  2.83945e-18  0.00000e+00  0.00000e+00  1.73121e-06
0217  4.78005e+18  9.35006e+00  3.82038e+04  2.81545e-18  0.00000e+00  0.00000e+00  1.71863e-06
0218  4.79744e+18  9.30035e+00  3.81153e+04  2.79174e-18  0.00000e+00  0.00000e+00  1.70619e-06
0219  4.81483e+18  9.25123e+00  3.80283e+04  2.76527e-18  0.00000e+00  0.00000e+00  1.69389e-06
0220  4.83223e+18  9.20272e+00  3.79414e+04  2.77339e-18  0.00000e+00  0.00000e+00  1.68172e-06
0221  4.84962e+18  9.15483e+00  3.78540e+04  2.73445e-18  0.00000e+00  0.00000e+00  1.66968e-06
0222  4.86701e+18  9.10756e+00  3.77681e+04  2.71524e-18  0.00000e+00  0.00000e+00  1.65776e-06
0223  4.88440e+18  9.06085e+00  3.76837e+04  2.69260e-18  0.00000e+00  0.00000e+00  1.64598e-06
0224  4.90180e+18  9.01470e+00  3.76007e+04  2.67000e-18  0.00000e+00  0.00000e+00  1.63432e-06
0225  4.91919e+18  8.96909e+00  3.75191e+04  2.64759e-18  0.00000e+00  0.00000e+00  1.62278e-06
0226  4.93658e+18  8.92404e+00  3.74389e+04  2.62546e-18  0.00000e+00  0.00000e+00  1.61137e-06
0227  4.95397e+18  8.87954e+00  3.73600e+04  2.60363e-18  0.00000e+00  0.00000e+00  1.60007e-06
0228  4.97137e+18  8.83557e+00  3.72824e+04  2.58209e-18  0.00000e+00  0.00000e+00  1.58890e-06
0229  4.98876e+18  8.79214e+00  3.72061e+04  2.56081e-18  0.00000e+00  0.00000e+00  1.57784e-06
0230  5.00615e+18  8.74923e+00  3.71311e+04  2.53979e-18  0.00000e+00  0.00000e+00  1.56689e-06
0231  5.02354e+18  8.70684e+00  3.70572e+04  2.51903e-18  0.00000e+00  0.00000e+00  1.55606e-06
0232  5.04094e+18  8.66497e+00  3.69847e+04  2.49852e-18  0.00000e+00  0.00000e+00  1.54534e-06
0233  5.05833e+18  8.62361e+00  3.69133e+04  2.47817e-18  0.00000e+00  0.00000e+00  1.53474e-06
0234  5.07572e+18  8.58277e+00  3.68430e+04  2.44641e-18  0.00000e+00  0.00000e+00  1.52424e-06
0235  5.09311e+18  8.54247e+00  3.67687e+04  2.47892e-18  0.00000e+00  0.00000e+00  1.51384e-06
0236  5.11051e+18  8.50275e+00  3.66937e+04  2.44927e-18  0.00000e+00  0.00000e+00  1.50356e-06
0237  5.12790e+18  8.46356e+00  3.66199e+04  2.43375e-18  0.00000e+00  0.00000e+00  1.49337e-06
0238  5.14529e+18  8.42484e+00  3.65473e+04  2.41412e-18  0.00000e+00  0.00000e+00  1.48330e-06
0239  5.16268e+18  8.38658e+00  3.64758e+04  2.39426e-18  0.00000e+00  0.00000e+00  1.47332e-06
0240  5.18008e+18  8.34878e+00  3.64054e+04  2.37451e-18  0.00000e+00  0.00000e+00  1.46344e-06
0241  5.19747e+18  8.31144e+00  3.63362e+04  2.35499e-18  0.00000e+00  0.00000e+00  1.45366e-06
0242  5.21486e+18  8.27457e+00  3.62681e+04  2.33573e-18  0.00000e+00  0.00000e+00  1.44398e-06
0243  5.23225e+18  8.23815e+00  3.62010e+04  2.31670e-18  0.00000e+00  0.00000e+00  1.43440e-06
0244  5.24965e+18  8.20218e+00  3.61350e+04  2.29788e-18  0.00000e+00  0.00000e+00  1.42491e-06
0245  5.26704e+18  8.16665e+00  3.60701e+04  2.27928e-18  0.00000e+00  0.00000e+00  1.41552e-06
0246  5.28443e+18  8.13156e+00  3.60062e+04  2.26088e-18  0.00000e+00  0.00000e+00  1.40621e-06
0247  5.30182e+18  8.09690e+00  3.59433e+04  2.24269e-18  0.00000e+00  0.00000e+00  1.39700e-06
0248  5.31922e+18  8.06267e+00  3.58813e+04  2.22469e-18  0.00000e+00  0.00000e+00  1.38788e-06
0249  5.33661e+18  8.02886e+00  3.58204e+04  2.20690e-18  0.00000e+00  0.00000e+00  1.37885e-06
0250  5.35400e+18  7.99547e+00  3.57603e+04  2.18929e-18  0.00000e+00  0.00000e+00  1.36991e-06
0251  5.37139e+18  7.96249e+00  3.57012e+04  2.17188e-18  0.00000e+00  0.00000e+00  1.36105e-06
0252  5.38879e+18  7.92992e+00  3.56431e+04  2.15465e-18  0.00000e+00  0.00000e+00  1.35228e-06
0253  5.40618e+18  7.89776e+00  3.55858e+04  2.13760e-18  0.00000e+00  0.00000e+00  1.34359e-06
0254  5.42357e+18  7.86599e+00  3.55294e+04  2.12074e-18  0.00000e+00  0.00000e+00  1.33499e-06
0255  5.44096e+18  7.83461e+00  3.54738e+04  2.10405e-18  0.00000e+00  0.00000e+00  1.32647e-06
0256  5.45836e+18  7.80362e+00  3.54191e+04  2.08753e-18  0.00000e+00  0.00000e+00  1.31803e-06
0257  5.47575e+18  7.77302e+00  3.53653e+04  2.07119e-18  0.00000e+00  0.00000e+00  1.30967e-06
0258  5.49314e+18  7.74280e+00  3.53122e+04  2.05501e-18  0.00000e+00  0.00000e+00  1.30139e-06
0259  5.51053e+18  7.71295e+00  3.52600e+04  2.03898e-18  0.00000e+00  0.00000e+00  1.29318e-06
0260  5.52793e+18  7.68347e+00  3.52085e+04  2.01856e-18  0.00000e+00  0.00000e+00  1.28506e-06
0261  5.54532e+18  7.65438e+00  3.51559e+04  2.04842e-18  0.00000e+00  0.00000e+00  1.27701e-06
0262  5.56271e+18  7.62569e+00  3.51011e+04  2.00877e-18  0.00000e+00  0.00000e+00  1.26904e-06
0263  5.58010e+18  7.59740e+00  3.50474e+04  1.99862e-18  0.00000e+00  0.00000e+00  1.26114e-06
0264  5.59750e+18  7.56946e+00  3.49945e+04  1.98277e-18  0.00000e+00  0.00000e+00  1.25331e-06
0265  5.61489e+18  7.54185e+00  3.49425e+04  1.96681e-18  0.00000e+00  0.00000e+00  1.24556e-06
0266  5.63228e+18  7.51457e+00  3.48913e+04  1.95089e-18  0.00000e+00  0.00000e+00  1.23788e-06
0267  5.64967e+18  7.48764e+00  3.48410e+04  1.93515e-18  0.00000e+00  0.00000e+00  1.23027e-06
0268  5.66707e+18  7.46104e+00  3.47915e+04  1.91960e-18  0.00000e+00  0.00000e+00  1.22273e-06
0269  5.68446e+18  7.43477e+00  3.47428e+04  1.90424e-18  0.00000e+00  0.00000e+00  1.21526e-06
0270  5.70185e+18  7.40882e+00  3.46949e+04  1.88905e-18  0.00000e+00  0.00000e+00  1.20786e-06
0271  5.71924e+18  7.38320e+00  3.46477e+04  1.87402e-18  0.00000e+00  0.00000e+00  1.20052e-06
0272  5.73664e+18  7.35789e+00  3.46013e+04  1.85916e-18  0.00000e+00  0.00000e+00  1.19325e-06
0273  5.75403e+18  7.33290e+00  3.45557e+04  1.84446e-18  0.00000e+00  0.00000e+00  1.18605e-06
0274  5.77142e+18  7.30821e+00  3.45108e+04  1.82992e-18  0.00000e+00  0.00000e+00  1.17891e-06
0275  5.78881e+18  7.28383e+00  3.44666e+04  1.81554e-18  0.00000e+00  0.00000e+00  1.17184e-06
0276  5.80620e+18  7.25976e+00  3.44231e+04  1.80131e-18  0.00000e+00  0.00000e+00  1.16483e-06
0277  5.82360e+18  7.23598e+00  3.43803e+04  1.78723e-18  0.00000e+00  0.00000e+00  1.15788e-06
0278  5.84099e+18  7.21250e+00  3.43381e+04  1.77331e-18  0.00000e+00  0.00000e+00  1.15100e-06
0279  5.85838e+18  7.18930e+00  3.42967e+04  1.75952e-18  0.00000e+00  0.00000e+00  1.14417e-06
0280  5.87577e+18  7.16639e+00  3.42558e+04  1.74588e-18  0.00000e+00  0.00000e+00  1.13741e-06
0281  5.89317e+18  7.14377e+00  3.42156e+04  1.73239e-18  0.00000e+00  0.00000e+00  1.13071e-06
0282  5.91056e+18  7.12143e+00  3.41761e+04  1.71903e-18  0.00000e+00  0.00000e+00  1.12406e-06
0283  5.92795e+18  7.09936e+00  3.41371e+04  1.70581e-18  0.00000e+00  0.00000e+00  1.11748e-06
0284  5.94534e+18  7.07757e+00  3.40988e+04  1.69272e-18  0.00000e+00  0.00000e+00  1.11095e-06
0285  5.96274e+18  7.05604e+00  3.40610e+04  1.67977e-18  0.00000e+00  0.00000e+00  1.10448e-06
0286  5.98013e+18  7.03478e+00  3.40238e+04  1.66695e-18  0.00000e+00  0.00000e+00  1.09806e-06
0287  5.99752e+18  7.01378e+00  3.39872e+04  1.65426e-18  0.00000e+00  0.00000e+00  1.09170e-06
0288  6.01491e+18  6.99304e+00  3.39511e+04  1.64169e-18  0.00000e+00  0.00000e+00  1.08540e-06
0289  6.03231e+18  6.97256e+00  3.39156e+04  1.62925e-18  0.00000e+00  0.00000e+00  1.07915e-06
0290  6.04970e+18  6.95233e+00  3.38807e+04  1.61693e-18  0.00000e+00  0.00000e+00  1.07295e-06
0291  6.06709e+18  6.93235e+00  3.38462e+04  1.60473e-18  0.00000e+00  0.00000e+00  1.06681e-06
0292  6.08448e+18  6.91261e+00  3.38123e+04  1.59266e-18  0.00000e+00  0.00000e+00  1.06072e-06
0293  6.10188e+18  6.89312e+00  3.37789e+04  1.58070e-18  0.00000e+00  0.00000e+00  1.05468e-06
0294  6.11927e+18  6.87387e+00  3.37459e+04  1.56886e-18  0.00000e+00  0.00000e+00  1.04869e-06
0295  6.13666e+18  6.85485e+00  3.37135e+04  1.55713e-18  0.00000e+00  0.00000e+00  1.04276e-06
0296  6.15405e+18  6.83607e+00  3.36816e+04  1.54551e-18  0.00000e+00  0.00000e+00  1.03687e-06
0297  6.17145e+18  6.81752e+00  3.36501e+04  1.53401e-18  0.00000e+00  0.00000e+00  1.03104e-06
0298  6.18884e+18  6.79919e+00  3.36191e+04  1.52262e-18  0.00000e+00  0.00000e+00  1.02525e-06
0299  6.20623e+18  6.78109e+00  3.35885e+04  1.51133e-18  0.00000e+00  0.00000e+00  1.01951e-06
0300  6.22362e+18  6.76321e+00  3.35584e+04  1.50016e-18  0.00000e+00  0.00000e+00  1.01382e-06
0301  6.24102e+18  6.74555e+00  3.35287e+04  1.48909e-18  0.00000e+00  0.00000e+00  1.00818e-06
0302  6.25841e+18  6.72811e+00  3.34995e+04  1.47812e-18  0.00000e+00  0.00000e+00  1.00258e-06
0303  6.27580e+18  6.71088e+00  3.34707e+04  1.46726e-18  0.00000e+00  0.00000e+00  9.97032e-07
0304  6.29319e+18  6.69386e+00  3.34423e+04  1.45649e-18  0.00000e+00  0.00000e+00  9.91529e-07
0305  6.31059e+18  6.67704e+00  3.34143e+04  1.44583e-18  0.00000e+00  0.00000e+00  9.86071e-07
0306  6.32798e+18  6.66044e+00  3.33867e+04  1.43527e-18  0.00000e+00  0.00000e+00  9.80658e-07
0307  6.34537e+18  6.64403e+00  3.33595e+04  1.42481e-18  0.00000e+00  0.00000e+00  9.75289e-07
0308  6.36276e+18  6.62782e+00  3.33327e+04  1.41444e-18  0.00000e+00  0.00000e+00  9.69965e-07
0309  6.38016e+18  6.61181e+00  3.33063e+04  1.40417e-18  0.00000e+00  0.00000e+00  9.64684e-07
0310  6.39755e+18  6.59600e+00  3.32803e+04  1.39399e-18  0.00000e+00  0.00000e+00  9.59445e-07
0311  6.41494e+18  6.58037e+00  3.32546e+04  1.38391e-18  0.00000e+00  0.00000e+00  9.54250e-07
0312  6.43233e+18  6.56494e+00  3.32293e+04  1.37392e-18  0.00000e+00  0.00000e+00  9.49097e-07
0313  6.44973e+18  6.54969e+00  3.32043e+04  1.36402e-18  0.00000e+00  0.00000e+00  9.43985e-07
0314  6.46712e+18  6.53463e+00  3.31797e+04  1.35421e-18  0.00000e+00  0.00000e+00  9.38914e-07
0315  6.48451e+18  6.51974e+00  3.31555e+04  1.34449e-18  0.00000e+00  0.00000e+00  9.33884e-07
0316  6.50190e+18  6.50504e+00  3.31316e+04  1.33486e-18  0.00000e+00  0.00000e+00  9.28895e-07
0317  6.51930e+18  6.49052e+00  3.31080e+04  1.32531e-18  0.00000e+00  0.00000e+00  9.23945e-07
0318  6.53669e+18  6.47616e+00  3.30847e+04  1.31585e-18  0.00000e+00  0.00000e+00  9.19035e-07
0319  6.55408e+18  6.46199e+00  3.30618e+04  1.30647e-18  0.00000e+00  0.00000e+00  9.14164e-07
0320  6.57147e+18  6.44798e+00  3.30392e+04  1.29718e-18  0.00000e+00  0.00000e+00  9.09331e-07
0321  6.58887e+18  6.43414e+00  3.30169e+04  1.28797e-18  0.00000e+00  0.00000e+00  9.04537e-07
0322  6.60626e+18  6.42046e+00  3.29949e+04  1.27885e-18  0.00000e+00  0.00000e+00  8.99780e-07
0323  6.62365e+18  6.40695e+00  3.29732e+04  1.26980e-18  0.00000e+00  0.00000e+00  8.95061e-07
0324  6.64104e+18  6.39360e+00  3.29518e+04  1.26084e-18  0.00000e+00  0.00000e+00  8.90379e-07
0325  6.65844e+18  6.38041e+00  3.29307e+04  1.25174e-18  0.00000e+00  0.00000e+00  8.85733e-07
0326  6.67583e+18  6.36738e+00  3.29097e+04  1.25619e-18  0.00000e+00  0.00000e+00  8.81124e-07
0327  6.69322e+18  6.35451e+00  3.28880e+04  1.23809e-18  0.00000e+00  0.00000e+00  8.76551e-07
0328  6.71061e+18  6.34179e+00  3.28665e+04  1.23149e-18  0.00000e+00  0.00000e+00  8.72013e-07
0329  6.72801e+18  6.32924e+00  3.28453e+04  1.22288e-18  0.00000e+00  0.00000e+00  8.67511e-07
0330  6.74540e+18  6.31683e+00  3.28244e+04  1.21430e-18  0.00000e+00  0.00000e+00  8.63043e-07
0331  6.76279e+18  6.30456e+00  3.28038e+04  1.20576e-18  0.00000e+00  0.00000e+00  8.58609e-07
0332  6.78018e+18  6.29244e+00  3.27834e+04  1.19730e-18  0.00000e+00  0.00000e+00  8.54210e-07
0333  6.79758e+18  6.28046e+00  3.27633e+04  1.18891e-18  0.00000e+00  0.00000e+00  8.49844e-07
0334  6.81497e+18  6.26863e+00  3.27435e+04  1.18060e-18  0.00000e+00  0.00000e+00  8.45512e-07
0335  6.83236e+18  6.25693e+00  3.27239e+04  1.17236e-18  0.00000e+00  0.00000e+00  8.41213e-07
0336  6.84975e+18  6.24537e+00  3.27046e+04  1.16420e-18  0.00000e+00  0.00000e+00  8.36946e-07
0337  6.86715e+18  6.23395e+00  3.26855e+04  1.15610e-18  0.00000e+00  0.00000e+00  8.32712e-07
0338  6.88454e+18  6.22266e+00  3.26667e+04  1.14808e-18  0.00000e+00  0.00000e+00  8.28510e-07
0339  6.90193e+18  6.21150e+00  3.26481e+04  1.14013e-18  0.00000e+00  0.00000e+00  8.24340e-07
0340  6.91932e+18  6.20047e+00  3.26298e+04  1.13224e-18  0.00000e+00  0.00000e+00  8.20201e-07
0341  6.93672e+18  6.18957e+00  3.26117e+04  1.12443e-18  0.00000e+00  0.00000e+00  8.16093e-07
0342  6.95411e+18  6.17880e+00  3.25938e+04  1.11668e-18  0.00000e+00  0.00000e+00  8.12016e-07
0343  6.97150e+18  6.16815e+00  3.25762e+04  1.10900e-18  0.00000e+00  0.00000e+00  8.07970e-07
0344  6.98889e+18  6.15763e+00  3.25588e+04  1.10138e-18  0.00000e+00  0.00000e+00  8.03953e-07
0345  7.00629e+18  6.14723e+00  3.25416e+04  1.09383e-18  0.00000e+00  0.00000e+00  7.99967e-07
0346  7.02368e+18  6.13694e+00  3.25246e+04  1.08635e-18  0.00000e+00  0.00000e+00  7.96010e-07
0347  7.04107e+18  6.12678e+00  3.25078e+04  1.07893e-18  0.00000e+00  0.00000e+00  7.92082e-07
0348  7.05846e+18  6.11674e+00  3.24913e+04  1.07157e-18  0.00000e+00  0.00000e+00  7.88183e-07
0349  7.07586e+18  6.10681e+00  3.24750e+04  1.06428e-18  0.00000e+00  0.00000e+00  7.84313e-07
0350  7.09325e+18  6.09699e+00  3.24588e+04  1.05705e-18  0.00000e+00  0.00000e+00  7.80472e-07
0351  7.11064e+18  6.08729e+00  3.24429e+04  1.04988e-18  0.00000e+00  0.00000e+00  7.76658e-07
0352  7.12803e+18  6.07769e+00  3.24272e+04  1.04277e-18  0.00000e+00  0.00000e+00  7.72873e-07
0353  7.14543e+18  6.06821e+00  3.24116e+04  1.03572e-18  0.00000e+00  0.00000e+00  7.69115e-07
0354  7.16282e+18  6.05884e+00  3.23963e+04  1.02873e-18  0.00000e+00  0.00000e+00  7.65385e-07
0355  7.18021e+18  6.04957e+00  3.23811e+04  1.02180e-18  0.00000e+00  0.00000e+00  7.61681e-07
0356  7.19760e+18  6.04041e+00  3.23662e+04  1.01493e-18  0.00000e+00  0.00000e+00  7.58004e-07
0357  7.21500e+18  6.03135e+00  3.23514e+04  1.00812e-18  0.00000e+00  0.00000e+00  7.54354e-07
0358  7.23239e+18  6.02239e+00  3.23368e+04  1.00137e-18  0.00000e+00  0.00000e+00  7.50731e-07
0359  7.24978e+18  6.01354e+00  3.23224e+04  9.94672e-19  0.00000e+00  0.00000e+00  7.47133e-07
0360  7.26717e+18  6.00479e+00  3.23081e+04  9.88032e-19  0.00000e+00  0.00000e+00  7.43561e-07
0361  7.28457e+18  5.99613e+00  3.22941e+04  9.81447e-19  0.00000e+00  0.00000e+00  7.40015e-07
0362  7.30196e+18  5.98757e+00  3.22802e+04  9.74918e-19  0.00000e+00  0.00000e+00  7.36493e-07
0363  7.31935e+18  5.97911e+00  3.22664e+04  9.68444e-19  0.00000e+00  0.00000e+00  7.32997e-07
0364  7.33674e+18  5.97074e+00  3.22529e+04  9.62024e-19  0.00000e+00  0.00000e+00  7.29526e-07
0365  7.35414e+18  5.96247e+00  3.22395e+04  9.55657e-19  0.00000e+00  0.00000e+00  7.26080e-07
0366  7.37153e+18  5.95429e+00  3.22263e+04  9.49344e-19  0.00000e+00  0.00000e+00  7.22658e-07
0367  7.38892e+18  5.94620e+00  3.22132e+04  9.43083e-19  0.00000e+00  0.00000e+00  7.19259e-07
0368  7.40631e+18  5.93820e+00  3.22003e+04  9.36875e-19  0.00000e+00  0.00000e+00  7.15885e-07
0369  7.42371e+18  5.93029e+00  3.21875e+04  9.30718e-19  0.00000e+00  0.00000e+00  7.12535e-07
0370  7.44110e+18  5.92246e+00  3.21749e+04  9.24613e-19  0.00000e+00  0.00000e+00  7.09208e-07
0371  7.45849e+18  5.91473e+00  3.21624e+04  9.18558e-19  0.00000e+00  0.00000e+00  7.05904e-07
0372  7.47588e+18  5.90708e+00  3.21501e+04  9.12553e-19  0.00000e+00  0.00000e+00  7.02623e-07
0373  7.49328e+18  5.89951e+00  3.21379e+04  9.06598e-19  0.00000e+00  0.00000e+00  6.99365e-07
0374  7.51067e+18  5.89202e+00  3.21259e+04  9.00693e-19  0.00000e+00  0.00000e+00  6.96130e-07
0375  7.52806e+18  5.88462e+00  3.21140e+04  8.94836e-19  0.00000e+00  0.00000e+00  6.92917e-07
0376  7.54545e+18  5.87730e+00  3.21023e+04  8.89027e-19  0.00000e+00  0.00000e+00  6.89727e-07
0377  7.56285e+18  5.87006e+00  3.20907e+04  8.83266e-19  0.00000e+00  0.00000e+00  6.86558e-07
0378  7.58024e+18  5.86290e+00  3.20792e+04  8.77552e-19  0.00000e+00  0.00000e+00  6.83411e-07
0379  7.59763e+18  5.85582e+00  3.20678e+04  8.71885e-19  0.00000e+00  0.00000e+00  6.80286e-07
0380  7.61502e+18  5.84881e+00  3.20566e+04  8.66265e-19  0.00000e+00  0.00000e+00  6.77182e-07
0381  7.63242e+18  5.84188e+00  3.20456e+04  8.60691e-19  0.00000e+00  0.00000e+00  6.74099e-07
0382  7.64981e+18  5.83502e+00  3.20346e+04  8.55162e-19  0.00000e+00  0.00000e+00  6.71037e-07
0383  7.66720e+18  5.82824e+00  3.20238e+04  8.49679e-19  0.00000e+00  0.00000e+00  6.67996e-07
0384  7.68459e+18  5.82153e+00  3.20131e+04  8.44240e-19  0.00000e+00  0.00000e+00  6.64976e-07
0385  7.70199e+18  5.81490e+00  3.20025e+04  8.38845e-19  0.00000e+00  0.00000e+00  6.61976e-07
0386  7.71938e+18  5.80833e+00  3.19920e+04  8.33494e-19  0.00000e+00  0.00000e+00  6.58996e-07
0387  7.73677e+18  5.80184e+00  3.19817e+04  8.28187e-19  0.00000e+00  0.00000e+00  6.56037e-07
0388  7.75416e+18  5.79541e+00  3.19715e+04  8.22922e-19  0.00000e+00  0.00000e+00  6.53097e-07
0389  7.77156e+18  5.78906e+00  3.19614e+04  8.17701e-19  0.00000e+00  0.00000e+00  6.50177e-07
0390  7.78895e+18  5.78277e+00  3.19514e+04  8.12521e-19  0.00000e+00  0.00000e+00  6.47277e-07
0391  7.80634e+18  5.77655e+00  3.19415e+04  8.07383e-19  0.00000e+00  0.00000e+00  6.44396e-07
0392  7.82373e+18  5.77039e+00  3.19317e+04  8.02287e-19  0.00000e+00  0.00000e+00  6.41534e-07
0393  7.84113e+18  5.76430e+00  3.19221e+04  7.97232e-19  0.00000e+00  0.00000e+00  6.38691e-07
0394  7.85852e+18  5.75828e+00  3.19125e+04  7.92217e-19  0.00000e+00  0.00000e+00  6.35867e-07
0395  7.87591e+18  5.75231e+00  3.19031e+04  7.87243e-19  0.00000e+00  0.00000e+00  6.33062e-07
0396  7.89330e+18  5.74641e+00  3.18938e+04  7.82308e-19  0.00000e+00  0.00000e+00  6.30275e-07
0397  7.91070e+18  5.74058e+00  3.18845e+04  7.77413e-19  0.00000e+00  0.00000e+00  6.27507e-07
0398  7.92809e+18  5.73480e+00  3.18754e+04  7.72557e-19  0.00000e+00  0.00000e+00  6.24756e-07
0399  7.94548e+18  5.72908e+00  3.18664e+04  7.67740e-19  0.00000e+00  0.00000e+00  6.22024e-07
0400  7.96287e+18  5.72343e+00  3.18574e+04  7.62961e-19  0.00000e+00  0.00000e+00  6.19310e-07
0401  7.98027e+18  5.71783e+00  3.18486e+04  7.58220e-19  0.00000e+00  0.00000e+00  6.16613e-07
0402  7.99766e+18  5.71229e+00  3.18399e+04  7.53517e-19  0.00000e+00  0.00000e+00  6.13934e-07
0403  8.01505e+18  5.70681e+00  3.18312e+04  7.48852e-19  0.00000e+00  0.00000e+00  6.11273e-07
0404  8.03244e+18  5.70138e+00  3.18227e+04  7.44223e-19  0.00000e+00  0.00000e+00  6.08629e-07
0405  8.04984e+18  5.69601e+00  3.18142e+04  7.39631e-19  0.00000e+00  0.00000e+00  6.06001e-07
0406  8.06723e+18  5.69070e+00  3.18059e+04  7.35075e-19  0.00000e+00  0.00000e+00  6.03391e-07
0407  8.08462e+18  5.68544e+00  3.17976e+04  7.30555e-19  0.00000e+00  0.00000e+00  6.00798e-07
0408  8.10201e+18  5.68023e+00  3.17894e+04  7.26071e-19  0.00000e+00  0.00000e+00  5.98221e-07
0409  8.11940e+18  5.67508e+00  3.17813e+04  7.21622e-19  0.00000e+00  0.00000e+00  5.95661e-07
0410  8.13680e+18  5.66998e+00  3.17733e+04  7.17208e-19  0.00000e+00  0.00000e+00  5.93117e-07
0411  8.15419e+18  5.66494e+00  3.17654e+04  7.12829e-19  0.00000e+00  0.00000e+00  5.90590e-07
0412  8.17158e+18  5.65994e+00  3.17576e+04  7.08484e-19  0.00000e+00  0.00000e+00  5.88078e-07
0413  8.18897e+18  5.65499e+00  3.17498e+04  7.04173e-19  0.00000e+00  0.00000e+00  5.85583e-07
0414  8.20637e+18  5.65010e+00  3.17421e+04  6.99895e-19  0.00000e+00  0.00000e+00  5.83104e-07
0415  8.22376e+18  5.64525e+00  3.17346e+04  6.95651e-19  0.00000e+00  0.00000e+00  5.80640e-07
0416  8.24115e+18  5.64046e+00  3.17270e+04  6.91441e-19  0.00000e+00  0.00000e+00  5.78191e-07
0417  8.25854e+18  5.63571e+00  3.17196e+04  6.87262e-19  0.00000e+00  0.00000e+00  5.75759e-07
0418  8.27594e+18  5.63101e+00  3.17123e+04  6.83117e-19  0.00000e+00  0.00000e+00  5.73341e-07
0419  8.29333e+18  5.62635e+00  3.17050e+04  6.79003e-19  0.00000e+00  0.00000e+00  5.70939e-07
0420  8.31072e+18  5.62175e+00  3.16978e+04  6.74922e-19  0.00000e+00  0.00000e+00  5.68552e-07
0421  8.32811e+18  5.61719e+00  3.16907e+04  6.70872e-19  0.00000e+00  0.00000e+00  5.66180e-07
0422  8.34551e+18  5.61267e+00  3.16836e+04  6.66853e-19  0.00000e+00  0.00000e+00  5.63822e-07
0423  8.36290e+18  5.60820e+00  3.16766e+04  6.62866e-19  0.00000e+00  0.00000e+00  5.61479e-07
0424  8.38029e+18  5.60377e+00  3.16697e+04  6.58909e-19  0.00000e+00  0.00000e+00  5.59151e-07
0425  8.39768e+18  5.59939e+00  3.16629e+04  6.54982e-19  0.00000e+00  0.00000e+00  5.56837e-07
0426  8.41508e+18  5.59505e+00  3.16561e+04  6.51086e-19  0.00000e+00  0.00000e+00  5.54538e-07
0427  8.43247e+18  5.59075e+00  3.16495e+04  6.47219e-19  0.00000e+00  0.00000e+00  5.52253e-07
0428  8.44986e+18  5.58650e+00  3.16428e+04  6.43382e-19  0.00000e+00  0.00000e+00  5.49982e-07
0429  8.46725e+18  5.58229e+00  3.16363e+04  6.39575e-19  0.00000e+00  0.00000e+00  5.47725e-07
0430  8.48465e+18  5.57812e+00  3.16298e+04  6.35796e-19  0.00000e+00  0.00000e+00  5.45481e-07
0431  8.50204e+18  5.57398e+00  3.16234e+04  6.32047e-19  0.00000e+00  0.00000e+00  5.43252e-07
0432  8.51943e+18  5.56989e+00  3.16170e+04  6.28326e-19  0.00000e+00  0.00000e+00  5.41036e-07
0433  8.53682e+18  5.56584e+00  3.16107e+04  6.24633e-19  0.00000e+00  0.00000e+00  5.38834e-07
0434  8.55422e+18  5.56183e+00  3.16045e+04  6.20968e-19  0.00000e+00  0.00000e+00  5.36645e-07
0435  8.57161e+18  5.55786e+00  3.15983e+04  6.17332e-19  0.00000e+00  0.00000e+00  5.34469e-07
0436  8.58900e+18  5.55392e+00  3.15922e+04  6.13722e-19  0.00000e+00  0.00000e+00  5.32307e-07
0437  8.60639e+18  5.55003e+00  3.15862e+04  6.10140e-19  0.00000e+00  0.00000e+00  5.30158e-07
0438  8.62379e+18  5.54617e+00  3.15802e+04  6.06585e-19  0.00000e+00  0.00000e+00  5.28021e-07
0439  8.64118e+18  5.54235e+00  3.15743e+04  6.03057e-19  0.00000e+00  0.00000e+00  5.25898e-07
0440  8.65857e+18  5.53856e+00  3.15684e+04  5.99555e-19  0.00000e+00  0.00000e+00  5.23787e-07
0441  8.67596e+18  5.53481e+00  3.15626e+04  5.96080e-19  0.00000e+00  0.00000e+00  5.21689e-07
0442  8.69336e+18  5.53110e+00  3.15568e+04  5.92631e-19  0.00000e+00  0.00000e+00  5.19604e-07
0443  8.71075e+18  5.52742e+00  3.15512e+04  5.89207e-19  0.00000e+00  0.00000e+00  5.17531e-07
0444  8.72814e+18  5.52378e+00  3.15455e+04  5.85809e-19  0.00000e+00  0.00000e+00  5.15471e-07
0445  8.74553e+18  5.52017e+00  3.15399e+04  5.82437e-19  0.00000e+00  0.00000e+00  5.13422e-07
0446  8.76293e+18  5.51660e+00  3.15344e+04  5.79090e-19  0.00000e+00  0.00000e+00  5.11386e-07
0447  8.78032e+18  5.51306e+00  3.15289e+04  5.75767e-19  0.00000e+00  0.00000e+00  5.09362e-07
0448  8.79771e+18  5.50955e+00  3.15235e+04  5.72470e-19  0.00000e+00  0.00000e+00  5.07350e-07
0449  8.81510e+18  5.50607e+00  3.15182e+04  5.69197e-19  0.00000e+00  0.00000e+00  5.05350e-07
0450  8.83250e+18  5.50263e+00  3.15128e+04  5.65948e-19  0.00000e+00  0.00000e+00  5.03362e-07
0451  8.84989e+18  5.49922e+00  3.15076e+04  5.62723e-19  0.00000e+00  0.00000e+00  5.01386e-07
0452  8.86728e+18  5.49584e+00  3.15024e+04  5.59522e-19  0.00000e+00  0.00000e+00  4.99421e-07
0453  8.88467e+18  5.49250e+00  3.14972e+04  5.56345e-19  0.00000e+00  0.00000e+00  4.97467e-07
0454  8.90207e+18  5.48918e+00  3.14921e+04  5.53191e-19  0.00000e+00  0.00000e+00  4.95525e-07
0455  8.91946e+18  5.48590e+00  3.14870e+04  5.50061e-19  0.00000e+00  0.00000e+00  4.93595e-07
0456  8.93685e+18  5.48264e+00  3.14820e+04  5.46953e-19  0.00000e+00  0.00000e+00  4.91675e-07
0457  8.95424e+18  5.47942e+00  3.14770e+04  5.43869e-19  0.00000e+00  0.00000e+00  4.89767e-07
0458  8.97164e+18  5.47622e+00  3.14721e+04  5.40806e-19  0.00000e+00  0.00000e+00  4.87870e-07
0459  8.98903e+18  5.47306e+00  3.14673e+04  5.37767e-19  0.00000e+00  0.00000e+00  4.85984e-07
0460  9.00642e+18  5.46992e+00  3.14624e+04  5.34749e-19  0.00000e+00  0.00000e+00  4.84109e-07
0461  9.02381e+18  5.46681e+00  3.14576e+04  5.31754e-19  0.00000e+00  0.00000e+00  4.82244e-07
0462  9.04121e+18  5.46373e+00  3.14529e+04  5.28780e-19  0.00000e+00  0.00000e+00  4.80391e-07
0463  9.05860e+18  5.46068e+00  3.14482e+04  5.25828e-19  0.00000e+00  0.00000e+00  4.78548e-07
0464  9.07599e+18  5.45766e+00  3.14436e+04  5.22898e-19  0.00000e+00  0.00000e+00  4.76716e-07
0465  9.09338e+18  5.45466e+00  3.14390e+04  5.19988e-19  0.00000e+00  0.00000e+00  4.74894e-07
0466  9.11078e+18  5.45169e+00  3.14344e+04  5.17100e-19  0.00000e+00  0.00000e+00  4.73082e-07
0467  9.12817e+18  5.44875e+00  3.14299e+04  5.14233e-19  0.00000e+00  0.00000e+00  4.71281e-07
0468  9.14556e+18  5.44583e+00  3.14254e+04  5.11386e-19  0.00000e+00  0.00000e+00  4.69490e-07
0469  9.16295e+18  5.44294e+00  3.14210e+04  5.08560e-19  0.00000e+00  0.00000e+00  4.67710e-07
0470  9.18035e+18  5.44008e+00  3.14166e+04  5.05754e-19  0.00000e+00  0.00000e+00  4.65939e-07
0471  9.19774e+18  5.43724e+00  3.14122e+04  5.02969e-19  0.00000e+00  0.00000e+00  4.64179e-07
0472  9.21513e+18  5.43443e+00  3.14079e+04  5.00203e-19  0.00000e+00  0.00000e+00  4.62428e-07
0473  9.23252e+18  5.43164e+00  3.14036e+04  4.97454e-19  0.00000e+00  0.00000e+00  4.60688e-07
0474  9.24992e+18  5.42888e+00  3.13994e+04  4.94690e-19  0.00000e+00  0.00000e+00  4.58957e-07
0475  9.26731e+18  5.42615e+00  3.13952e+04  4.79477e-19  0.00000e+00  0.00000e+00  4.57236e-07
0476  9.28470e+18  5.42346e+00  3.13817e+04  4.54009e-19  0.00000e+00  0.00000e+00  4.55524e-07
0477  9.30209e+18  5.42079e+00  3.13756e+04  5.04317e-19  0.00000e+00  0.00000e+00  4.53823e-07
0478  9.31949e+18  5.41814e+00  3.13695e+04  4.92745e-19  0.00000e+00  0.00000e+00  4.52130e-07
0479  9.33688e+18  5.41550e+00  3.13636e+04  4.89670e-19  0.00000e+00  0.00000e+00  4.50447e-07
0480  9.35427e+18  5.41288e+00  3.13576e+04  4.86913e-19  0.00000e+00  0.00000e+00  4.48774e-07
0481  9.37166e+18  5.41030e+00  3.13518e+04  4.84210e-19  0.00000e+00  0.00000e+00  4.47110e-07
0482  9.38906e+18  5.40773e+00  3.13459e+04  4.81530e-19  0.00000e+00  0.00000e+00  4.45455e-07
0483  9.40645e+18  5.40519e+00  3.13402e+04  4.78864e-19  0.00000e+00  0.00000e+00  4.43809e-07
0484  9.42384e+18  5.40267e+00  3.13345e+04  4.76216e-19  0.00000e+00  0.00000e+00  4.42172e-07
0485  9.44123e+18  5.40017e+00  3.13288e+04  4.73587e-19  0.00000e+00  0.00000e+00  4.40545e-07
0486  9.45863e+18  5.39769e+00  3.13232e+04  4.70978e-19  0.00000e+00  0.00000e+00  4.38926e-07
0487  9.47602e+18  5.39523e+00  3.13177e+04  4.68388e-19  0.00000e+00  0.00000e+00  4.37316e-07
0488  9.49341e+18  5.39280e+00  3.13121e+04  4.65817e-19  0.00000e+00  0.00000e+00  4.35715e-07
0489  9.51080e+18  5.39038e+00  3.13067e+04  4.63265e-19  0.00000e+00  0.00000e+00  4.34123e-07
0490  9.52820e+18  5.38799e+00  3.13013e+04  4.60731e-19  0.00000e+00  0.00000e+00  4.32540e-07
0491  9.54559e+18  5.38562e+00  3.12959e+04  4.58216e-19  0.00000e+00  0.00000e+00  4.30965e-07
0492  9.56298e+18  5.38327e+00  3.12906e+04  4.55719e-19  0.00000e+00  0.00000e+00  4.29399e-07
0493  9.58037e+18  5.38093e+00  3.12853e+04  4.53240e-19  0.00000e+00  0.00000e+00  4.27841e-07
0494  9.59777e+18  5.37862e+00  3.12801e+04  4.50779e-19  0.00000e+00  0.00000e+00  4.26292e-07
0495  9.61516e+18  5.37633e+00  3.12750e+04  4.48336e-19  0.00000e+00  0.00000e+00  4.24751e-07
0496  9.63255e+18  5.37405e+00  3.12698e+04  4.45910e-19  0.00000e+00  0.00000e+00  4.23219e-07
0497  9.64994e+18  5.37180e+00  3.12648e+04  4.43502e-19  0.00000e+00  0.00000e+00  4.21695e-07
0498  9.66734e+18  5.36956e+00  3.12597e+04  4.41111e-19  0.00000e+00  0.00000e+00  4.20179e-07
0499  9.68473e+18  5.36735e+00  3.12547e+04  4.38738e-19  0.00000e+00  0.00000e+00  4.18671e-07
0500  9.70212e+18  5.36515e+00  3.12498e+04  4.36381e-19  0.00000e+00  0.00000e+00  4.17171e-07
0501  9.71951e+18  5.36297e+00  3.12449e+04  4.34041e-19  0.00000e+00  0.00000e+00  4.15679e-07
0502  9.73691e+18  5.36081e+00  3.12400e+04  4.31718e-19  0.00000e+00  0.00000e+00  4.14196e-07
0503  9.75430e+18  5.35867e+00  3.12352e+04  4.29411e-19  0.00000e+00  0.00000e+00  4.12720e-07
0504  9.77169e+18  5.35654e+00  3.12304e+04  4.27120e-19  0.00000e+00  0.00000e+00  4.11252e-07
0505  9.78908e+18  5.35443e+00  3.12257e+04  4.24846e-19  0.00000e+00  0.00000e+00  4.09792e-07
0506  9.80648e+18  5.35234e+00  3.12210e+04  4.22588e-19  0.00000e+00  0.00000e+00  4.08340e-07
0507  9.82387e+18  5.35027e+00  3.12163e+04  4.20347e-19  0.00000e+00  0.00000e+00  4.06895e-07
0508  9.84126e+18  5.34821e+00  3.12117e+04  4.18122e-19  0.00000e+00  0.00000e+00  4.05458e-07
0509  9.85865e+18  5.34618e+00  3.12071e+04  4.15912e-19  0.00000e+00  0.00000e+00  4.04029e-07
0510  9.87605e+18  5.34416e+00  3.12026e+04  4.13719e-19  0.00000e+00  0.00000e+00  4.02607e-07
0511  9.89344e+18  5.34215e+00  3.11981e+04  4.11540e-19  0.00000e+00  0.00000e+00  4.01193e-07
0512  9.91083e+18  5.34016e+00  3.11937e+04  4.09376e-19  0.00000e+00  0.00000e+00  3.99786e-07
0513  9.92822e+18  5.33819e+00  3.11892e+04  4.07227e-19  0.00000e+00  0.00000e+00  3.98386e-07
0514  9.94562e+18  5.33624e+00  3.11849e+04  4.05093e-19  0.00000e+00  0.00000e+00  3.96994e-07
0515  9.96301e+18  5.33430e+00  3.11805e+04  4.02974e-19  0.00000e+00  0.00000e+00  3.95609e-07
0516  9.98040e+18  5.33237e+00  3.11762e+04  4.00870e-19  0.00000e+00  0.00000e+00  3.94232e-07
0517  9.99779e+18  5.33046e+00  3.11719e+04  3.98781e-19  0.00000e+00  0.00000e+00  3.92861e-07
0518  1.00152e+19  5.32856e+00  3.11677e+04  3.96705e-19  0.00000e+00  0.00000e+00  3.91498e-07
0519  1.00326e+19  5.32668e+00  3.11635e+04  3.94642e-19  0.00000e+00  0.00000e+00  3.90142e-07
0520  1.00500e+19  5.32481e+00  3.11593e+04  3.92593e-19  0.00000e+00  0.00000e+00  3.88793e-07
0521  1.00674e+19  5.32296e+00  3.11551e+04  3.90558e-19  0.00000e+00  0.00000e+00  3.87450e-07
0522  1.00848e+19  5.32113e+00  3.11510e+04  3.88538e-19  0.00000e+00  0.00000e+00  3.86115e-07
0523  1.01021e+19  5.31931e+00  3.11470e+04  3.86532e-19  0.00000e+00  0.00000e+00  3.84787e-07
0524  1.01195e+19  5.31751e+00  3.11430e+04  3.84541e-19  0.00000e+00  0.00000e+00  3.83465e-07
0525  1.01369e+19  5.31572e+00  3.11390e+04  3.82564e-19  0.00000e+00  0.00000e+00  3.82150e-07
0526  1.01543e+19  5.31394e+00  3.11350e+04  3.80600e-19  0.00000e+00  0.00000e+00  3.80842e-07
0527  1.01717e+19  5.31218e+00  3.11311e+04  3.78650e-19  0.00000e+00  0.00000e+00  3.79541e-07
0528  1.01891e+19  5.31043e+00  3.11272e+04  3.76713e-19  0.00000e+00  0.00000e+00  3.78247e-07
0529  1.02065e+19  5.30870e+00  3.11233e+04  3.74789e-19  0.00000e+00  0.00000e+00  3.76959e-07
0530  1.02239e+19  5.30698e+00  3.11195e+04  3.72878e-19  0.00000e+00  0.00000e+00  3.75677e-07
0531  1.02413e+19  5.30527e+00  3.11156e+04  3.70980e-19  0.00000e+00  0.00000e+00  3.74402e-07
0532  1.02587e+19  5.30358e+00  3.11119e+04  3.69094e-19  0.00000e+00  0.00000e+00  3.73134e-07
0533  1.02761e+19  5.30190e+00  3.11081e+04  3.67222e-19  0.00000e+00  0.00000e+00  3.71872e-07
0534  1.02935e+19  5.30023e+00  3.11044e+04  3.65362e-19  0.00000e+00  0.00000e+00  3.70616e-07
0535  1.03109e+19  5.29858e+00  3.11007e+04  3.63515e-19  0.00000e+00  0.00000e+00  3.69367e-07
0536  1.03283e+19  5.29693e+00  3.10971e+04  3.61687e-19  0.00000e+00  0.00000e+00  3.68124e-07
0537  1.03456e+19  5.29530e+00  3.10935e+04  3.59444e-19  0.00000e+00  0.00000e+00  3.66887e-07
0538  1.03630e+19  5.29366e+00  3.10893e+04  5.81066e-19  0.00000e+00  0.00000e+00  3.65657e-07
0539  1.03804e+19  5.29194e+00  3.11930e+04  8.51451e-19  0.00000e+00  0.00000e+00  3.64432e-07
0540  1.03978e+19  5.29012e+00  3.11903e+04  1.48889e-19  0.00000e+00  0.00000e+00  3.63214e-07
0541  1.04152e+19  5.28844e+00  3.11860e+04  3.47706e-19  0.00000e+00  0.00000e+00  3.62002e-07
0542  1.04326e+19  5.28696e+00  3.11825e+04  3.52131e-19  0.00000e+00  0.00000e+00  3.60796e-07
0543  1.04500e+19  5.28546e+00  3.11790e+04  3.51319e-19  0.00000e+00  0.00000e+00  3.59596e-07
0544  1.04674e+19  5.28390e+00  3.11753e+04  3.49546e-19  0.00000e+00  0.00000e+00  3.58402e-07
0545  1.04848e+19  5.28236e+00  3.11717e+04  3.47624e-19  0.00000e+00  0.00000e+00  3.57214e-07
0546  1.05022e+19  5.28084e+00  3.11682e+04  3.45858e-19  0.00000e+00  0.00000e+00  3.56032e-07
0547  1.05196e+19  5.27933e+00  3.11647e+04  3.44152e-19  0.00000e+00  0.00000e+00  3.54856e-07
0548  1.05370e+19  5.27783e+00  3.11612e+04  3.42452e-19  0.00000e+00  0.00000e+00  3.53685e-07
0549  1.05544e+19  5.27635e+00  3.11577e+04  3.40756e-19  0.00000e+00  0.00000e+00  3.52520e-07
0550  1.05717e+19  5.27487e+00  3.11543e+04  3.39070e-19  0.00000e+00  0.00000e+00  3.51361e-07
0551  1.05891e+19  5.27343e+00  3.11509e+04  3.37396e-19  0.00000e+00  0.00000e+00  3.50208e-07
0552  1.06065e+19  5.27189e+00  3.11473e+04  3.35724e-19  0.00000e+00  0.00000e+00  3.49061e-07
0553  1.06239e+19  5.27082e+00  3.11448e+04  3.33921e-19  0.00000e+00  0.00000e+00  3.47919e-07
0554  1.06413e+19  5.26791e+00  3.11380e+04  3.28583e-19  0.00000e+00  0.00000e+00  3.46782e-07
0555  1.06587e+19  5.27551e+00  3.11555e+04  4.19150e-19  0.00000e+00  0.00000e+00  3.45651e-07
