# Athena++ data at time=3.520000e+12  cycle=264443411  variables=uov 
# i       x1v         user_out_var0          user_out_var1          user_out_var2          user_out_var3          user_out_var4          user_out_var5      
0002  1.07548e+18  4.91743e+00  3.03478e+04  6.99825e-16  0.00000e+00  0.00000e+00  3.39500e-05
0003  1.09287e+18  1.05527e+01  4.04812e+04  4.15789e-17  0.00000e+00  0.00000e+00  3.28781e-05
0004  1.11027e+18  1.62251e+01  5.05551e+04  2.19879e-17  0.00000e+00  0.00000e+00  3.18561e-05
0005  1.12766e+18  2.42909e+01  6.51285e+04  3.42775e-17  0.00000e+00  0.00000e+00  3.08811e-05
0006  1.14505e+18  3.70624e+01  9.04251e+04  5.14768e-17  0.00000e+00  0.00000e+00  2.99501e-05
0007  1.16244e+18  5.42304e+01  1.25010e+05  4.14864e-17  0.00000e+00  0.00000e+00  2.90606e-05
0008  1.17983e+18  6.08617e+01  1.34367e+05  1.06310e-17  0.00000e+00  0.00000e+00  2.82102e-05
0009  1.19723e+18  6.58425e+01  1.40921e+05  1.22103e-17  0.00000e+00  0.00000e+00  2.73965e-05
0010  1.21462e+18  7.07313e+01  1.47093e+05  1.08759e-17  0.00000e+00  0.00000e+00  2.66176e-05
0011  1.23201e+18  7.38571e+01  1.49608e+05  6.30761e-18  0.00000e+00  0.00000e+00  2.58714e-05
0012  1.24940e+18  7.67905e+01  1.51995e+05  6.84784e-18  0.00000e+00  0.00000e+00  2.51561e-05
0013  1.26679e+18  7.97479e+01  1.54434e+05  6.74458e-18  0.00000e+00  0.00000e+00  2.44701e-05
0014  1.28419e+18  8.26394e+01  1.56850e+05  6.40879e-18  0.00000e+00  0.00000e+00  2.38118e-05
0015  1.30158e+18  8.54305e+01  1.59172e+05  5.92074e-18  0.00000e+00  0.00000e+00  2.31797e-05
0016  1.31897e+18  8.79440e+01  1.61065e+05  5.26203e-18  0.00000e+00  0.00000e+00  2.25724e-05
0017  1.33636e+18  9.03808e+01  1.62938e+05  5.17194e-18  0.00000e+00  0.00000e+00  2.19887e-05
0018  1.35375e+18  9.27748e+01  1.64817e+05  5.02481e-18  0.00000e+00  0.00000e+00  2.14273e-05
0019  1.37115e+18  9.50979e+01  1.66680e+05  4.68512e-18  0.00000e+00  0.00000e+00  2.08872e-05
0020  1.38854e+18  9.70408e+01  1.67935e+05 -2.62342e-16  0.00000e+00  0.00000e+00  2.03672e-05
0021  1.40593e+18  9.88475e+01  1.69104e+05  4.04422e-18  0.00000e+00  0.00000e+00  1.98665e-05
0022  1.42332e+18  1.01029e+02  1.71007e+05  4.57731e-18  0.00000e+00  0.00000e+00  1.93839e-05
0023  1.44071e+18  1.02810e+02  1.72235e+05  3.61197e-18  0.00000e+00  0.00000e+00  1.89187e-05
0024  1.45811e+18  1.04563e+02  1.73605e+05  3.75294e-18  0.00000e+00  0.00000e+00  1.84701e-05
0025  1.47550e+18  1.06311e+02  1.75015e+05  3.67328e-18  0.00000e+00  0.00000e+00  1.80373e-05
0026  1.49289e+18  1.07982e+02  1.76404e+05  3.52591e-18  0.00000e+00  0.00000e+00  1.76194e-05
0027  1.51028e+18  1.09564e+02  1.77759e+05  3.32982e-18  0.00000e+00  0.00000e+00  1.72160e-05
0028  1.52767e+18  1.10840e+02  1.78883e+05  2.84365e-18  0.00000e+00  0.00000e+00  1.68262e-05
0029  1.54507e+18  1.11611e+02  1.79564e+05  5.71672e-18  0.00000e+00  0.00000e+00  1.64495e-05
0030  1.56246e+18  3.18256e+02  5.40451e+05  5.83075e-16  0.00000e+00  0.00000e+00  1.60854e-05
0031  1.57985e+18  6.67328e+02  9.18736e+05  2.33347e-16  0.00000e+00  0.00000e+00  1.57331e-05
0032  1.59724e+18  8.79654e+02  1.17269e+06  1.54734e-16  0.00000e+00  0.00000e+00  1.53924e-05
0033  1.61463e+18  1.03660e+03  1.34833e+06  1.30561e-16  0.00000e+00  0.00000e+00  1.50626e-05
0034  1.63203e+18  1.17369e+03  1.49276e+06  1.18779e-16  0.00000e+00  0.00000e+00  1.47432e-05
0035  1.64942e+18  1.30215e+03  1.61954e+06  1.09012e-16  0.00000e+00  0.00000e+00  1.44340e-05
0036  1.66681e+18  1.42541e+03  1.73487e+06  1.00884e-16  0.00000e+00  0.00000e+00  1.41343e-05
0037  1.68420e+18  1.54405e+03  1.83927e+06  9.26438e-17  0.00000e+00  0.00000e+00  1.38439e-05
0038  1.70160e+18  1.65814e+03  1.93488e+06  8.55166e-17  0.00000e+00  0.00000e+00  1.35623e-05
0039  1.71899e+18  1.76758e+03  2.02140e+06  7.84204e-17  0.00000e+00  0.00000e+00  1.32893e-05
0040  1.73638e+18  1.87216e+03  2.10039e+06  7.24458e-17  0.00000e+00  0.00000e+00  1.30244e-05
0041  1.75377e+18  1.97305e+03  2.17279e+06  6.73352e-17  0.00000e+00  0.00000e+00  1.27674e-05
0042  1.77116e+18  2.07056e+03  2.23902e+06  6.25126e-17  0.00000e+00  0.00000e+00  1.25178e-05
0043  1.78856e+18  2.16441e+03  2.29957e+06  5.80438e-17  0.00000e+00  0.00000e+00  1.22756e-05
0044  1.80595e+18  2.25485e+03  2.35523e+06  5.41285e-17  0.00000e+00  0.00000e+00  1.20403e-05
0045  1.82334e+18  2.34224e+03  2.40629e+06  5.05158e-17  0.00000e+00  0.00000e+00  1.18117e-05
0046  1.84073e+18  2.42649e+03  2.45322e+06  4.71846e-17  0.00000e+00  0.00000e+00  1.15895e-05
0047  1.85813e+18  2.50759e+03  2.49644e+06  4.41224e-17  0.00000e+00  0.00000e+00  1.13736e-05
0050  1.87552e+18  2.58549e+03  2.53629e+06  4.13130e-17  0.00000e+00  0.00000e+00  1.11636e-05
0051  1.89291e+18  2.66039e+03  2.57326e+06  3.88761e-17  0.00000e+00  0.00000e+00  1.09594e-05
0052  1.91030e+18  2.73313e+03  2.60761e+06  3.67673e-17  0.00000e+00  0.00000e+00  1.07608e-05
0053  1.92769e+18  2.80428e+03  2.63930e+06  3.47823e-17  0.00000e+00  0.00000e+00  1.05675e-05
0054  1.94509e+18  2.87372e+03  2.66858e+06  3.29182e-17  0.00000e+00  0.00000e+00  1.03793e-05
0055  1.96248e+18  2.94148e+03  2.69563e+06  3.11700e-17  0.00000e+00  0.00000e+00  1.01962e-05
0056  1.97987e+18  3.00755e+03  2.72060e+06  2.95322e-17  0.00000e+00  0.00000e+00  1.00178e-05
0057  1.99726e+18  3.07188e+03  2.74368e+06  2.79988e-17  0.00000e+00  0.00000e+00  9.84411e-06
0058  2.01466e+18  3.13439e+03  2.76505e+06  2.65642e-17  0.00000e+00  0.00000e+00  9.67488e-06
0059  2.03205e+18  3.19507e+03  2.78495e+06  2.52629e-17  0.00000e+00  0.00000e+00  9.50998e-06
0060  2.04944e+18  3.25446e+03  2.80326e+06  2.40449e-17  0.00000e+00  0.00000e+00  9.34925e-06
0061  2.06683e+18  3.31261e+03  2.82007e+06  2.28975e-17  0.00000e+00  0.00000e+00  9.19257e-06
0062  2.08423e+18  3.36955e+03  2.83547e+06  2.18166e-17  0.00000e+00  0.00000e+00  9.03979e-06
0063  2.10162e+18  3.42529e+03  2.84954e+06  2.07980e-17  0.00000e+00  0.00000e+00  8.89079e-06
0064  2.11901e+18  3.47988e+03  2.86238e+06  1.98379e-17  0.00000e+00  0.00000e+00  8.74544e-06
0065  2.13640e+18  3.53335e+03  2.87404e+06  1.89327e-17  0.00000e+00  0.00000e+00  8.60363e-06
0066  2.15379e+18  3.58572e+03  2.88460e+06  1.80788e-17  0.00000e+00  0.00000e+00  8.46523e-06
0067  2.17119e+18  3.63702e+03  2.89413e+06  1.72730e-17  0.00000e+00  0.00000e+00  8.33016e-06
0068  2.18858e+18  3.68729e+03  2.90269e+06  1.65121e-17  0.00000e+00  0.00000e+00  8.19828e-06
0069  2.20597e+18  3.73654e+03  2.91036e+06  1.57934e-17  0.00000e+00  0.00000e+00  8.06952e-06
0070  2.22336e+18  3.78510e+03  2.91689e+06  1.50864e-17  0.00000e+00  0.00000e+00  7.94377e-06
0071  2.24076e+18  3.83209e+03  2.92308e+06  1.45010e-17  0.00000e+00  0.00000e+00  7.82093e-06
0072  2.25815e+18  3.87775e+03  2.92889e+06  1.39430e-17  0.00000e+00  0.00000e+00  7.70092e-06
0073  2.27554e+18  3.92228e+03  2.93428e+06  1.34109e-17  0.00000e+00  0.00000e+00  7.58365e-06
0074  2.29293e+18  3.96576e+03  2.93922e+06  1.29034e-17  0.00000e+00  0.00000e+00  7.46904e-06
0075  2.31033e+18  4.00830e+03  2.94372e+06  1.24192e-17  0.00000e+00  0.00000e+00  7.35701e-06
0076  2.32772e+18  4.04997e+03  2.94774e+06  1.19571e-17  0.00000e+00  0.00000e+00  7.24748e-06
0077  2.34511e+18  4.09085e+03  2.95130e+06  1.15159e-17  0.00000e+00  0.00000e+00  7.14038e-06
0078  2.36250e+18  4.13098e+03  2.95440e+06  1.10945e-17  0.00000e+00  0.00000e+00  7.03563e-06
0079  2.37989e+18  4.17041e+03  2.95706e+06  1.06919e-17  0.00000e+00  0.00000e+00  6.93317e-06
0080  2.39729e+18  4.20917e+03  2.95928e+06  1.03072e-17  0.00000e+00  0.00000e+00  6.83294e-06
0081  2.41468e+18  4.24727e+03  2.96107e+06  9.93938e-18  0.00000e+00  0.00000e+00  6.73486e-06
0082  2.43207e+18  4.28475e+03  2.96245e+06  9.58771e-18  0.00000e+00  0.00000e+00  6.63888e-06
0083  2.44946e+18  4.32160e+03  2.96342e+06  9.25135e-18  0.00000e+00  0.00000e+00  6.54493e-06
0084  2.46686e+18  4.35787e+03  2.96402e+06  8.92952e-18  0.00000e+00  0.00000e+00  6.45297e-06
0085  2.48425e+18  4.39355e+03  2.96425e+06  8.62151e-18  0.00000e+00  0.00000e+00  6.36293e-06
0086  2.50164e+18  4.42867e+03  2.96414e+06  8.32662e-18  0.00000e+00  0.00000e+00  6.27476e-06
0087  2.51903e+18  4.46325e+03  2.96371e+06  8.04420e-18  0.00000e+00  0.00000e+00  6.18842e-06
0088  2.53643e+18  4.49729e+03  2.96296e+06  7.77364e-18  0.00000e+00  0.00000e+00  6.10384e-06
0089  2.55382e+18  4.53082e+03  2.96192e+06  7.51435e-18  0.00000e+00  0.00000e+00  6.02098e-06
0090  2.57121e+18  4.56383e+03  2.96060e+06  7.26754e-18  0.00000e+00  0.00000e+00  5.93980e-06
0091  2.58860e+18  4.59632e+03  2.95903e+06  7.03410e-18  0.00000e+00  0.00000e+00  5.86026e-06
0092  2.60600e+18  4.62832e+03  2.95724e+06  6.80990e-18  0.00000e+00  0.00000e+00  5.78229e-06
0093  2.62339e+18  4.65982e+03  2.95523e+06  6.59450e-18  0.00000e+00  0.00000e+00  5.70588e-06
0094  2.64078e+18  4.69084e+03  2.95302e+06  6.38751e-18  0.00000e+00  0.00000e+00  5.63097e-06
0095  2.65817e+18  4.72141e+03  2.95060e+06  6.18854e-18  0.00000e+00  0.00000e+00  5.55752e-06
0096  2.67557e+18  4.75153e+03  2.94799e+06  5.99722e-18  0.00000e+00  0.00000e+00  5.48550e-06
0097  2.69296e+18  4.78122e+03  2.94520e+06  5.81323e-18  0.00000e+00  0.00000e+00  5.41488e-06
0098  2.71035e+18  4.81048e+03  2.94222e+06  5.63621e-18  0.00000e+00  0.00000e+00  5.34560e-06
0099  2.72774e+18  4.83932e+03  2.93908e+06  5.46588e-18  0.00000e+00  0.00000e+00  5.27765e-06
0100  2.74513e+18  4.86777e+03  2.93577e+06  5.30192e-18  0.00000e+00  0.00000e+00  5.21099e-06
0101  2.76253e+18  4.89582e+03  2.93230e+06  5.14405e-18  0.00000e+00  0.00000e+00  5.14558e-06
0102  2.77992e+18  4.92349e+03  2.92869e+06  4.99202e-18  0.00000e+00  0.00000e+00  5.08140e-06
0103  2.79731e+18  4.95078e+03  2.92493e+06  4.84557e-18  0.00000e+00  0.00000e+00  5.01841e-06
0104  2.81470e+18  4.97771e+03  2.92104e+06  4.70445e-18  0.00000e+00  0.00000e+00  4.95658e-06
0105  2.83210e+18  5.00428e+03  2.91701e+06  4.56843e-18  0.00000e+00  0.00000e+00  4.89589e-06
0106  2.84949e+18  5.03049e+03  2.91286e+06  4.43731e-18  0.00000e+00  0.00000e+00  4.83630e-06
0107  2.86688e+18  5.05637e+03  2.90860e+06  4.31086e-18  0.00000e+00  0.00000e+00  4.77780e-06
0108  2.88427e+18  5.08191e+03  2.90421e+06  4.18889e-18  0.00000e+00  0.00000e+00  4.72035e-06
0109  2.90167e+18  5.10712e+03  2.89972e+06  4.07122e-18  0.00000e+00  0.00000e+00  4.66394e-06
0110  2.91906e+18  5.13201e+03  2.89513e+06  3.95766e-18  0.00000e+00  0.00000e+00  4.60853e-06
0111  2.93645e+18  5.15659e+03  2.89044e+06  3.84804e-18  0.00000e+00  0.00000e+00  4.55409e-06
0112  2.95384e+18  5.18086e+03  2.88566e+06  3.74221e-18  0.00000e+00  0.00000e+00  4.50062e-06
0113  2.97124e+18  5.20483e+03  2.88079e+06  3.64000e-18  0.00000e+00  0.00000e+00  4.44809e-06
0114  2.98863e+18  5.22850e+03  2.87583e+06  3.54127e-18  0.00000e+00  0.00000e+00  4.39647e-06
0115  3.00602e+18  5.25188e+03  2.87080e+06  3.44588e-18  0.00000e+00  0.00000e+00  4.34574e-06
0116  3.02341e+18  5.27497e+03  2.86569e+06  3.35368e-18  0.00000e+00  0.00000e+00  4.29588e-06
0117  3.04081e+18  5.29779e+03  2.86051e+06  3.26457e-18  0.00000e+00  0.00000e+00  4.24688e-06
0118  3.05820e+18  5.32034e+03  2.85526e+06  3.17841e-18  0.00000e+00  0.00000e+00  4.19872e-06
0119  3.07559e+18  5.34261e+03  2.84995e+06  3.09508e-18  0.00000e+00  0.00000e+00  4.15136e-06
0120  3.09298e+18  5.36462e+03  2.84457e+06  3.01448e-18  0.00000e+00  0.00000e+00  4.10481e-06
0121  3.11037e+18  5.38638e+03  2.83914e+06  2.93650e-18  0.00000e+00  0.00000e+00  4.05903e-06
0122  3.12777e+18  5.40788e+03  2.83365e+06  2.86103e-18  0.00000e+00  0.00000e+00  4.01401e-06
0123  3.14516e+18  5.42913e+03  2.82812e+06  2.78799e-18  0.00000e+00  0.00000e+00  3.96974e-06
0124  3.16255e+18  5.45014e+03  2.82253e+06  2.71727e-18  0.00000e+00  0.00000e+00  3.92620e-06
0125  3.17994e+18  5.47091e+03  2.81691e+06  2.64879e-18  0.00000e+00  0.00000e+00  3.88337e-06
0126  3.19734e+18  5.49145e+03  2.81121e+06  2.57971e-18  0.00000e+00  0.00000e+00  3.84123e-06
0127  3.21473e+18  5.51176e+03  2.80549e+06  2.51829e-18  0.00000e+00  0.00000e+00  3.79978e-06
0128  3.23212e+18  5.53183e+03  2.79976e+06  2.45867e-18  0.00000e+00  0.00000e+00  3.75900e-06
0129  3.24951e+18  5.55166e+03  2.79402e+06  2.40079e-18  0.00000e+00  0.00000e+00  3.71887e-06
0130  3.26691e+18  5.57125e+03  2.78827e+06  2.34459e-18  0.00000e+00  0.00000e+00  3.67938e-06
0131  3.28430e+18  5.59062e+03  2.78251e+06  2.29000e-18  0.00000e+00  0.00000e+00  3.64051e-06
0132  3.30169e+18  5.60977e+03  2.77674e+06  2.23698e-18  0.00000e+00  0.00000e+00  3.60226e-06
0133  3.31908e+18  5.62870e+03  2.77097e+06  2.18548e-18  0.00000e+00  0.00000e+00  3.56460e-06
0134  3.33648e+18  5.64741e+03  2.76520e+06  2.13544e-18  0.00000e+00  0.00000e+00  3.52754e-06
0135  3.35387e+18  5.66592e+03  2.75942e+06  2.08681e-18  0.00000e+00  0.00000e+00  3.49104e-06
0136  3.37126e+18  5.68422e+03  2.75363e+06  2.03955e-18  0.00000e+00  0.00000e+00  3.45512e-06
0137  3.38865e+18  5.70233e+03  2.74784e+06  1.99361e-18  0.00000e+00  0.00000e+00  3.41974e-06
0138  3.40605e+18  5.72023e+03  2.74205e+06  1.94895e-18  0.00000e+00  0.00000e+00  3.38491e-06
0139  3.42344e+18  5.73795e+03  2.73626e+06  1.90553e-18  0.00000e+00  0.00000e+00  3.35060e-06
0140  3.44083e+18  5.75548e+03  2.73046e+06  1.86330e-18  0.00000e+00  0.00000e+00  3.31681e-06
0141  3.45822e+18  5.77282e+03  2.72466e+06  1.82223e-18  0.00000e+00  0.00000e+00  3.28353e-06
0142  3.47562e+18  5.78998e+03  2.71886e+06  1.78228e-18  0.00000e+00  0.00000e+00  3.25075e-06
0143  3.49301e+18  5.80696e+03  2.71306e+06  1.74341e-18  0.00000e+00  0.00000e+00  3.21846e-06
0144  3.51040e+18  5.82377e+03  2.70726e+06  1.70559e-18  0.00000e+00  0.00000e+00  3.18665e-06
0145  3.52779e+18  5.84041e+03  2.70146e+06  1.66879e-18  0.00000e+00  0.00000e+00  3.15531e-06
0146  3.54519e+18  5.85688e+03  2.69566e+06  1.63297e-18  0.00000e+00  0.00000e+00  3.12442e-06
0147  3.56258e+18  5.87318e+03  2.68987e+06  1.59810e-18  0.00000e+00  0.00000e+00  3.09399e-06
0148  3.57997e+18  5.88932e+03  2.68407e+06  1.56415e-18  0.00000e+00  0.00000e+00  3.06400e-06
0149  3.59736e+18  5.90530e+03  2.67828e+06  1.53110e-18  0.00000e+00  0.00000e+00  3.03444e-06
0150  3.61476e+18  5.92112e+03  2.67249e+06  1.49891e-18  0.00000e+00  0.00000e+00  3.00531e-06
0151  3.63215e+18  5.93679e+03  2.66671e+06  1.46756e-18  0.00000e+00  0.00000e+00  2.97660e-06
0152  3.64954e+18  5.95231e+03  2.66093e+06  1.43702e-18  0.00000e+00  0.00000e+00  2.94830e-06
0153  3.66693e+18  5.96767e+03  2.65516e+06  1.40727e-18  0.00000e+00  0.00000e+00  2.92040e-06
0154  3.68432e+18  5.98289e+03  2.64939e+06  1.37828e-18  0.00000e+00  0.00000e+00  2.89289e-06
0155  3.70172e+18  5.99797e+03  2.64362e+06  1.35004e-18  0.00000e+00  0.00000e+00  2.86577e-06
0156  3.71911e+18  6.01290e+03  2.63787e+06  1.32251e-18  0.00000e+00  0.00000e+00  2.83903e-06
0157  3.73650e+18  6.02769e+03  2.63212e+06  1.29568e-18  0.00000e+00  0.00000e+00  2.81266e-06
0158  3.75389e+18  6.04235e+03  2.62638e+06  1.26952e-18  0.00000e+00  0.00000e+00  2.78666e-06
0159  3.77129e+18  6.05687e+03  2.62064e+06  1.24402e-18  0.00000e+00  0.00000e+00  2.76101e-06
0160  3.78868e+18  6.07126e+03  2.61491e+06  1.21916e-18  0.00000e+00  0.00000e+00  2.73572e-06
0161  3.80607e+18  6.08551e+03  2.60919e+06  1.19491e-18  0.00000e+00  0.00000e+00  2.71078e-06
0162  3.82346e+18  6.09964e+03  2.60348e+06  1.17126e-18  0.00000e+00  0.00000e+00  2.68617e-06
0163  3.84086e+18  6.11363e+03  2.59778e+06  1.14819e-18  0.00000e+00  0.00000e+00  2.66190e-06
0164  3.85825e+18  6.12751e+03  2.59209e+06  1.12569e-18  0.00000e+00  0.00000e+00  2.63795e-06
0165  3.87564e+18  6.14126e+03  2.58641e+06  1.10373e-18  0.00000e+00  0.00000e+00  2.61433e-06
0166  3.89303e+18  6.15489e+03  2.58073e+06  1.08231e-18  0.00000e+00  0.00000e+00  2.59102e-06
0167  3.91043e+18  6.16840e+03  2.57507e+06  1.06140e-18  0.00000e+00  0.00000e+00  2.56803e-06
0168  3.92782e+18  6.18180e+03  2.56942e+06  1.04099e-18  0.00000e+00  0.00000e+00  2.54533e-06
0169  3.94521e+18  6.19507e+03  2.56378e+06  1.02107e-18  0.00000e+00  0.00000e+00  2.52294e-06
0170  3.96260e+18  6.20823e+03  2.55815e+06  1.00163e-18  0.00000e+00  0.00000e+00  2.50084e-06
0171  3.98000e+18  6.22127e+03  2.55253e+06  9.82640e-19  0.00000e+00  0.00000e+00  2.47903e-06
0172  3.99739e+18  6.23420e+03  2.54693e+06  9.64103e-19  0.00000e+00  0.00000e+00  2.45751e-06
0173  4.01478e+18  6.24702e+03  2.54134e+06  9.46000e-19  0.00000e+00  0.00000e+00  2.43626e-06
0174  4.03217e+18  6.25973e+03  2.53575e+06  9.27807e-19  0.00000e+00  0.00000e+00  2.41529e-06
0175  4.04957e+18  6.27234e+03  2.53018e+06  9.10524e-19  0.00000e+00  0.00000e+00  2.39459e-06
0176  4.06696e+18  6.28484e+03  2.52461e+06  8.93640e-19  0.00000e+00  0.00000e+00  2.37415e-06
0177  4.08435e+18  6.29723e+03  2.51907e+06  8.77146e-19  0.00000e+00  0.00000e+00  2.35397e-06
0178  4.10174e+18  6.30952e+03  2.51353e+06  8.61030e-19  0.00000e+00  0.00000e+00  2.33405e-06
0179  4.11914e+18  6.32171e+03  2.50801e+06  8.45282e-19  0.00000e+00  0.00000e+00  2.31438e-06
0180  4.13653e+18  6.33380e+03  2.50250e+06  8.29892e-19  0.00000e+00  0.00000e+00  2.29496e-06
0181  4.15392e+18  6.34580e+03  2.49700e+06  8.14850e-19  0.00000e+00  0.00000e+00  2.27578e-06
0182  4.17131e+18  6.35769e+03  2.49152e+06  8.00147e-19  0.00000e+00  0.00000e+00  2.25685e-06
0183  4.18871e+18  6.36949e+03  2.48605e+06  7.85775e-19  0.00000e+00  0.00000e+00  2.23814e-06
0184  4.20610e+18  6.38120e+03  2.48059e+06  7.71723e-19  0.00000e+00  0.00000e+00  2.21967e-06
0185  4.22349e+18  6.39281e+03  2.47515e+06  7.57984e-19  0.00000e+00  0.00000e+00  2.20143e-06
0186  4.24088e+18  6.40432e+03  2.46973e+06  7.44549e-19  0.00000e+00  0.00000e+00  2.18341e-06
0187  4.25828e+18  6.41575e+03  2.46432e+06  7.31411e-19  0.00000e+00  0.00000e+00  2.16561e-06
0188  4.27567e+18  6.42709e+03  2.45892e+06  7.18560e-19  0.00000e+00  0.00000e+00  2.14803e-06
0189  4.29306e+18  6.43834e+03  2.45354e+06  7.05991e-19  0.00000e+00  0.00000e+00  2.13066e-06
0190  4.31045e+18  6.44950e+03  2.44817e+06  6.93695e-19  0.00000e+00  0.00000e+00  2.11350e-06
0191  4.32785e+18  6.46057e+03  2.44282e+06  6.81666e-19  0.00000e+00  0.00000e+00  2.09654e-06
0192  4.34524e+18  6.47156e+03  2.43749e+06  6.69896e-19  0.00000e+00  0.00000e+00  2.07979e-06
0193  4.36263e+18  6.48246e+03  2.43216e+06  6.58379e-19  0.00000e+00  0.00000e+00  2.06324e-06
0194  4.38002e+18  6.49328e+03  2.42686e+06  6.47108e-19  0.00000e+00  0.00000e+00  2.04689e-06
0195  4.39742e+18  6.50402e+03  2.42157e+06  6.36078e-19  0.00000e+00  0.00000e+00  2.03073e-06
0196  4.41481e+18  6.51467e+03  2.41629e+06  6.25282e-19  0.00000e+00  0.00000e+00  2.01476e-06
0197  4.43220e+18  6.52525e+03  2.41104e+06  6.14713e-19  0.00000e+00  0.00000e+00  1.99898e-06
0198  4.44959e+18  6.53574e+03  2.40579e+06  6.04368e-19  0.00000e+00  0.00000e+00  1.98339e-06
0199  4.46699e+18  6.54615e+03  2.40056e+06  5.94239e-19  0.00000e+00  0.00000e+00  1.96797e-06
0200  4.48438e+18  6.55649e+03  2.39535e+06  5.84321e-19  0.00000e+00  0.00000e+00  1.95273e-06
0201  4.50177e+18  6.56675e+03  2.39016e+06  5.74610e-19  0.00000e+00  0.00000e+00  1.93768e-06
0202  4.51916e+18  6.57693e+03  2.38497e+06  5.65099e-19  0.00000e+00  0.00000e+00  1.92279e-06
0203  4.53655e+18  6.58703e+03  2.37981e+06  5.55785e-19  0.00000e+00  0.00000e+00  1.90807e-06
0204  4.55395e+18  6.59706e+03  2.37466e+06  5.46693e-19  0.00000e+00  0.00000e+00  1.89353e-06
0205  4.57134e+18  6.60702e+03  2.36953e+06  5.37833e-19  0.00000e+00  0.00000e+00  1.87915e-06
0206  4.58873e+18  6.61690e+03  2.36441e+06  5.29152e-19  0.00000e+00  0.00000e+00  1.86493e-06
0207  4.60612e+18  6.62671e+03  2.35932e+06  5.20645e-19  0.00000e+00  0.00000e+00  1.85087e-06
0208  4.62352e+18  6.63646e+03  2.35424e+06  5.12307e-19  0.00000e+00  0.00000e+00  1.83697e-06
0209  4.64091e+18  6.64613e+03  2.34918e+06  5.04136e-19  0.00000e+00  0.00000e+00  1.82323e-06
0210  4.65830e+18  6.65573e+03  2.34414e+06  4.96127e-19  0.00000e+00  0.00000e+00  1.80964e-06
0211  4.67569e+18  6.66527e+03  2.33911e+06  4.88276e-19  0.00000e+00  0.00000e+00  1.79620e-06
0212  4.69309e+18  6.67474e+03  2.33411e+06  4.80579e-19  0.00000e+00  0.00000e+00  1.78291e-06
0213  4.71048e+18  6.68415e+03  2.32912e+06  4.73033e-19  0.00000e+00  0.00000e+00  1.76977e-06
0214  4.72787e+18  6.69349e+03  2.32415e+06  4.65634e-19  0.00000e+00  0.00000e+00  1.75678e-06
0215  4.74526e+18  6.70276e+03  2.31920e+06  4.58379e-19  0.00000e+00  0.00000e+00  1.74392e-06
0216  4.76266e+18  6.71198e+03  2.31427e+06  4.51265e-19  0.00000e+00  0.00000e+00  1.73121e-06
0217  4.78005e+18  6.72112e+03  2.30935e+06  4.44288e-19  0.00000e+00  0.00000e+00  1.71863e-06
0218  4.79744e+18  6.73021e+03  2.30445e+06  4.37445e-19  0.00000e+00  0.00000e+00  1.70619e-06
0219  4.81483e+18  6.73923e+03  2.29957e+06  4.30733e-19  0.00000e+00  0.00000e+00  1.69389e-06
0220  4.83223e+18  6.74819e+03  2.29471e+06  4.24150e-19  0.00000e+00  0.00000e+00  1.68172e-06
0221  4.84962e+18  6.75709e+03  2.28986e+06  4.17691e-19  0.00000e+00  0.00000e+00  1.66968e-06
0222  4.86701e+18  6.76593e+03  2.28503e+06  4.11355e-19  0.00000e+00  0.00000e+00  1.65776e-06
0223  4.88440e+18  6.77471e+03  2.28021e+06  4.05139e-19  0.00000e+00  0.00000e+00  1.64598e-06
0224  4.90180e+18  6.78342e+03  2.27542e+06  3.99039e-19  0.00000e+00  0.00000e+00  1.63432e-06
0225  4.91919e+18  6.79208e+03  2.27064e+06  3.93054e-19  0.00000e+00  0.00000e+00  1.62278e-06
0226  4.93658e+18  6.80068e+03  2.26587e+06  3.87181e-19  0.00000e+00  0.00000e+00  1.61137e-06
0227  4.95397e+18  6.80922e+03  2.26113e+06  3.81417e-19  0.00000e+00  0.00000e+00  1.60007e-06
0228  4.97137e+18  6.81771e+03  2.25640e+06  3.75760e-19  0.00000e+00  0.00000e+00  1.58890e-06
0229  4.98876e+18  6.82613e+03  2.25169e+06  3.70207e-19  0.00000e+00  0.00000e+00  1.57784e-06
0230  5.00615e+18  6.83450e+03  2.24700e+06  3.64757e-19  0.00000e+00  0.00000e+00  1.56689e-06
0231  5.02354e+18  6.84282e+03  2.24232e+06  3.59406e-19  0.00000e+00  0.00000e+00  1.55606e-06
0232  5.04094e+18  6.85108e+03  2.23766e+06  3.54153e-19  0.00000e+00  0.00000e+00  1.54534e-06
0233  5.05833e+18  6.85928e+03  2.23302e+06  3.48996e-19  0.00000e+00  0.00000e+00  1.53474e-06
0234  5.07572e+18  6.86744e+03  2.22839e+06  3.43932e-19  0.00000e+00  0.00000e+00  1.52424e-06
0235  5.09311e+18  6.87554e+03  2.22378e+06  3.38959e-19  0.00000e+00  0.00000e+00  1.51384e-06
0236  5.11051e+18  6.88359e+03  2.21919e+06  3.34076e-19  0.00000e+00  0.00000e+00  1.50356e-06
0237  5.12790e+18  6.89159e+03  2.21462e+06  3.29281e-19  0.00000e+00  0.00000e+00  1.49337e-06
0238  5.14529e+18  6.89955e+03  2.21006e+06  3.24571e-19  0.00000e+00  0.00000e+00  1.48330e-06
0239  5.16268e+18  6.90745e+03  2.20552e+06  3.19945e-19  0.00000e+00  0.00000e+00  1.47332e-06
0240  5.18008e+18  6.91530e+03  2.20100e+06  3.15401e-19  0.00000e+00  0.00000e+00  1.46344e-06
0241  5.19747e+18  6.92311e+03  2.19649e+06  3.10937e-19  0.00000e+00  0.00000e+00  1.45366e-06
0242  5.21486e+18  6.93086e+03  2.19200e+06  3.06552e-19  0.00000e+00  0.00000e+00  1.44398e-06
0243  5.23225e+18  6.93857e+03  2.18753e+06  3.02244e-19  0.00000e+00  0.00000e+00  1.43440e-06
0244  5.24965e+18  6.94622e+03  2.18307e+06  2.98012e-19  0.00000e+00  0.00000e+00  1.42491e-06
0245  5.26704e+18  6.95384e+03  2.17863e+06  2.93853e-19  0.00000e+00  0.00000e+00  1.41552e-06
0246  5.28443e+18  6.96140e+03  2.17420e+06  2.89767e-19  0.00000e+00  0.00000e+00  1.40621e-06
0247  5.30182e+18  6.96892e+03  2.16979e+06  2.85751e-19  0.00000e+00  0.00000e+00  1.39700e-06
0248  5.31922e+18  6.97639e+03  2.16540e+06  2.81805e-19  0.00000e+00  0.00000e+00  1.38788e-06
0249  5.33661e+18  6.98381e+03  2.16102e+06  2.77925e-19  0.00000e+00  0.00000e+00  1.37885e-06
0250  5.35400e+18  6.99120e+03  2.15666e+06  2.74112e-19  0.00000e+00  0.00000e+00  1.36991e-06
0251  5.37139e+18  6.99853e+03  2.15232e+06  2.70364e-19  0.00000e+00  0.00000e+00  1.36105e-06
0252  5.38879e+18  7.00583e+03  2.14799e+06  2.66679e-19  0.00000e+00  0.00000e+00  1.35228e-06
0253  5.40618e+18  7.01308e+03  2.14368e+06  2.63057e-19  0.00000e+00  0.00000e+00  1.34359e-06
0254  5.42357e+18  7.02028e+03  2.13938e+06  2.59497e-19  0.00000e+00  0.00000e+00  1.33499e-06
0255  5.44096e+18  7.02745e+03  2.13510e+06  2.55996e-19  0.00000e+00  0.00000e+00  1.32647e-06
0256  5.45836e+18  7.03457e+03  2.13083e+06  2.52554e-19  0.00000e+00  0.00000e+00  1.31803e-06
0257  5.47575e+18  7.04165e+03  2.12658e+06  2.49170e-19  0.00000e+00  0.00000e+00  1.30967e-06
0258  5.49314e+18  7.04869e+03  2.12235e+06  2.45842e-19  0.00000e+00  0.00000e+00  1.30139e-06
0259  5.51053e+18  7.05568e+03  2.11813e+06  2.42570e-19  0.00000e+00  0.00000e+00  1.29318e-06
0260  5.52793e+18  7.06264e+03  2.11393e+06  2.39352e-19  0.00000e+00  0.00000e+00  1.28506e-06
0261  5.54532e+18  7.06956e+03  2.10974e+06  2.36187e-19  0.00000e+00  0.00000e+00  1.27701e-06
0262  5.56271e+18  7.07643e+03  2.10557e+06  2.33074e-19  0.00000e+00  0.00000e+00  1.26904e-06
0263  5.58010e+18  7.08327e+03  2.10141e+06  2.30012e-19  0.00000e+00  0.00000e+00  1.26114e-06
0264  5.59750e+18  7.09007e+03  2.09727e+06  2.27001e-19  0.00000e+00  0.00000e+00  1.25331e-06
0265  5.61489e+18  7.09683e+03  2.09314e+06  2.24038e-19  0.00000e+00  0.00000e+00  1.24556e-06
0266  5.63228e+18  7.10355e+03  2.08903e+06  2.21124e-19  0.00000e+00  0.00000e+00  1.23788e-06
0267  5.64967e+18  7.11024e+03  2.08493e+06  2.18257e-19  0.00000e+00  0.00000e+00  1.23027e-06
0268  5.66707e+18  7.11688e+03  2.08085e+06  2.15436e-19  0.00000e+00  0.00000e+00  1.22273e-06
0269  5.68446e+18  7.12349e+03  2.07679e+06  2.12660e-19  0.00000e+00  0.00000e+00  1.21526e-06
0270  5.70185e+18  7.13007e+03  2.07273e+06  2.09930e-19  0.00000e+00  0.00000e+00  1.20786e-06
0271  5.71924e+18  7.13661e+03  2.06870e+06  2.07242e-19  0.00000e+00  0.00000e+00  1.20052e-06
0272  5.73664e+18  7.14311e+03  2.06468e+06  2.04598e-19  0.00000e+00  0.00000e+00  1.19325e-06
0273  5.75403e+18  7.14957e+03  2.06067e+06  2.01996e-19  0.00000e+00  0.00000e+00  1.18605e-06
0274  5.77142e+18  7.15600e+03  2.05668e+06  1.99435e-19  0.00000e+00  0.00000e+00  1.17891e-06
0275  5.78881e+18  7.16239e+03  2.05270e+06  1.96914e-19  0.00000e+00  0.00000e+00  1.17184e-06
0276  5.80620e+18  7.16875e+03  2.04874e+06  1.94433e-19  0.00000e+00  0.00000e+00  1.16483e-06
0277  5.82360e+18  7.17507e+03  2.04479e+06  1.91991e-19  0.00000e+00  0.00000e+00  1.15788e-06
0278  5.84099e+18  7.18136e+03  2.04085e+06  1.89587e-19  0.00000e+00  0.00000e+00  1.15100e-06
0279  5.85838e+18  7.18762e+03  2.03693e+06  1.87221e-19  0.00000e+00  0.00000e+00  1.14417e-06
0280  5.87577e+18  7.19383e+03  2.03303e+06  1.84892e-19  0.00000e+00  0.00000e+00  1.13741e-06
0281  5.89317e+18  7.20002e+03  2.02914e+06  1.82598e-19  0.00000e+00  0.00000e+00  1.13071e-06
0282  5.91056e+18  7.20617e+03  2.02526e+06  1.80341e-19  0.00000e+00  0.00000e+00  1.12406e-06
0283  5.92795e+18  7.21229e+03  2.02140e+06  1.78117e-19  0.00000e+00  0.00000e+00  1.11748e-06
0284  5.94534e+18  7.21838e+03  2.01755e+06  1.75929e-19  0.00000e+00  0.00000e+00  1.11095e-06
0285  5.96274e+18  7.22443e+03  2.01372e+06  1.73773e-19  0.00000e+00  0.00000e+00  1.10448e-06
0286  5.98013e+18  7.23046e+03  2.00990e+06  1.71651e-19  0.00000e+00  0.00000e+00  1.09806e-06
0287  5.99752e+18  7.23645e+03  2.00609e+06  1.69560e-19  0.00000e+00  0.00000e+00  1.09170e-06
0288  6.01491e+18  7.24241e+03  2.00230e+06  1.67502e-19  0.00000e+00  0.00000e+00  1.08540e-06
0289  6.03231e+18  7.24834e+03  1.99852e+06  1.65475e-19  0.00000e+00  0.00000e+00  1.07915e-06
0290  6.04970e+18  7.25424e+03  1.99475e+06  1.63478e-19  0.00000e+00  0.00000e+00  1.07295e-06
0291  6.06709e+18  7.26011e+03  1.99100e+06  1.61511e-19  0.00000e+00  0.00000e+00  1.06681e-06
0292  6.08448e+18  7.26595e+03  1.98727e+06  1.59574e-19  0.00000e+00  0.00000e+00  1.06072e-06
0293  6.10188e+18  7.27176e+03  1.98354e+06  1.57665e-19  0.00000e+00  0.00000e+00  1.05468e-06
0294  6.11927e+18  7.27753e+03  1.97983e+06  1.55785e-19  0.00000e+00  0.00000e+00  1.04869e-06
0295  6.13666e+18  7.28328e+03  1.97613e+06  1.53934e-19  0.00000e+00  0.00000e+00  1.04276e-06
0296  6.15405e+18  7.28900e+03  1.97245e+06  1.52109e-19  0.00000e+00  0.00000e+00  1.03687e-06
0297  6.17145e+18  7.29470e+03  1.96878e+06  1.50311e-19  0.00000e+00  0.00000e+00  1.03104e-06
0298  6.18884e+18  7.30036e+03  1.96512e+06  1.48540e-19  0.00000e+00  0.00000e+00  1.02525e-06
0299  6.20623e+18  7.30599e+03  1.96148e+06  1.46795e-19  0.00000e+00  0.00000e+00  1.01951e-06
0300  6.22362e+18  7.31160e+03  1.95785e+06  1.45076e-19  0.00000e+00  0.00000e+00  1.01382e-06
0301  6.24102e+18  7.31718e+03  1.95423e+06  1.43381e-19  0.00000e+00  0.00000e+00  1.00818e-06
0302  6.25841e+18  7.32273e+03  1.95062e+06  1.41711e-19  0.00000e+00  0.00000e+00  1.00258e-06
0303  6.27580e+18  7.32825e+03  1.94703e+06  1.40066e-19  0.00000e+00  0.00000e+00  9.97032e-07
0304  6.29319e+18  7.33375e+03  1.94345e+06  1.38444e-19  0.00000e+00  0.00000e+00  9.91529e-07
0305  6.31059e+18  7.33922e+03  1.93989e+06  1.36846e-19  0.00000e+00  0.00000e+00  9.86071e-07
0306  6.32798e+18  7.34466e+03  1.93634e+06  1.35270e-19  0.00000e+00  0.00000e+00  9.80658e-07
0307  6.34537e+18  7.35007e+03  1.93280e+06  1.33718e-19  0.00000e+00  0.00000e+00  9.75289e-07
0308  6.36276e+18  7.35546e+03  1.92927e+06  1.32187e-19  0.00000e+00  0.00000e+00  9.69965e-07
0309  6.38016e+18  7.36081e+03  1.92576e+06  1.30679e-19  0.00000e+00  0.00000e+00  9.64684e-07
0310  6.39755e+18  7.36615e+03  1.92226e+06  1.29191e-19  0.00000e+00  0.00000e+00  9.59445e-07
0311  6.41494e+18  7.37145e+03  1.91877e+06  1.27725e-19  0.00000e+00  0.00000e+00  9.54250e-07
0312  6.43233e+18  7.37673e+03  1.91529e+06  1.26280e-19  0.00000e+00  0.00000e+00  9.49097e-07
0313  6.44973e+18  7.38199e+03  1.91183e+06  1.24855e-19  0.00000e+00  0.00000e+00  9.43985e-07
0314  6.46712e+18  7.38722e+03  1.90838e+06  1.23450e-19  0.00000e+00  0.00000e+00  9.38914e-07
0315  6.48451e+18  7.39243e+03  1.90494e+06  1.22065e-19  0.00000e+00  0.00000e+00  9.33884e-07
0316  6.50190e+18  7.39761e+03  1.90151e+06  1.20699e-19  0.00000e+00  0.00000e+00  9.28895e-07
0317  6.51930e+18  7.40277e+03  1.89810e+06  1.19352e-19  0.00000e+00  0.00000e+00  9.23945e-07
0318  6.53669e+18  7.40790e+03  1.89470e+06  1.18024e-19  0.00000e+00  0.00000e+00  9.19035e-07
0319  6.55408e+18  7.41301e+03  1.89131e+06  1.16714e-19  0.00000e+00  0.00000e+00  9.14164e-07
0320  6.57147e+18  7.41810e+03  1.88793e+06  1.15423e-19  0.00000e+00  0.00000e+00  9.09331e-07
0321  6.58887e+18  7.42316e+03  1.88456e+06  1.14149e-19  0.00000e+00  0.00000e+00  9.04537e-07
0322  6.60626e+18  7.42820e+03  1.88121e+06  1.12893e-19  0.00000e+00  0.00000e+00  8.99780e-07
0323  6.62365e+18  7.43322e+03  1.87787e+06  1.11654e-19  0.00000e+00  0.00000e+00  8.95061e-07
0324  6.64104e+18  7.43822e+03  1.87454e+06  1.10432e-19  0.00000e+00  0.00000e+00  8.90379e-07
0325  6.65844e+18  7.44319e+03  1.87122e+06  1.09226e-19  0.00000e+00  0.00000e+00  8.85733e-07
0326  6.67583e+18  7.44814e+03  1.86791e+06  1.08037e-19  0.00000e+00  0.00000e+00  8.81124e-07
0327  6.69322e+18  7.45306e+03  1.86462e+06  1.06864e-19  0.00000e+00  0.00000e+00  8.76551e-07
0328  6.71061e+18  7.45797e+03  1.86134e+06  1.05707e-19  0.00000e+00  0.00000e+00  8.72013e-07
0329  6.72801e+18  7.46285e+03  1.85807e+06  1.04566e-19  0.00000e+00  0.00000e+00  8.67511e-07
0330  6.74540e+18  7.46771e+03  1.85481e+06  1.03440e-19  0.00000e+00  0.00000e+00  8.63043e-07
0331  6.76279e+18  7.47254e+03  1.85156e+06  1.02329e-19  0.00000e+00  0.00000e+00  8.58609e-07
0332  6.78018e+18  7.47736e+03  1.84832e+06  1.01233e-19  0.00000e+00  0.00000e+00  8.54210e-07
0333  6.79758e+18  7.48215e+03  1.84510e+06  1.00152e-19  0.00000e+00  0.00000e+00  8.49844e-07
0334  6.81497e+18  7.48692e+03  1.84188e+06  9.90776e-20  0.00000e+00  0.00000e+00  8.45512e-07
0335  6.83236e+18  7.49167e+03  1.83868e+06  9.80237e-20  0.00000e+00  0.00000e+00  8.41213e-07
0336  6.84975e+18  7.49640e+03  1.83549e+06  9.69837e-20  0.00000e+00  0.00000e+00  8.36946e-07
0337  6.86715e+18  7.50111e+03  1.83231e+06  9.59574e-20  0.00000e+00  0.00000e+00  8.32712e-07
0338  6.88454e+18  7.50579e+03  1.82914e+06  9.49447e-20  0.00000e+00  0.00000e+00  8.28510e-07
0339  6.90193e+18  7.51045e+03  1.82598e+06  9.39454e-20  0.00000e+00  0.00000e+00  8.24340e-07
0340  6.91932e+18  7.51510e+03  1.82283e+06  9.29591e-20  0.00000e+00  0.00000e+00  8.20201e-07
0341  6.93672e+18  7.51972e+03  1.81970e+06  9.19858e-20  0.00000e+00  0.00000e+00  8.16093e-07
0342  6.95411e+18  7.52432e+03  1.81657e+06  9.10251e-20  0.00000e+00  0.00000e+00  8.12016e-07
0343  6.97150e+18  7.52890e+03  1.81346e+06  9.00770e-20  0.00000e+00  0.00000e+00  8.07970e-07
0344  6.98889e+18  7.53346e+03  1.81036e+06  8.91412e-20  0.00000e+00  0.00000e+00  8.03953e-07
0345  7.00629e+18  7.53800e+03  1.80726e+06  8.82175e-20  0.00000e+00  0.00000e+00  7.99967e-07
0346  7.02368e+18  7.54252e+03  1.80418e+06  8.73057e-20  0.00000e+00  0.00000e+00  7.96010e-07
0347  7.04107e+18  7.54702e+03  1.80111e+06  8.64057e-20  0.00000e+00  0.00000e+00  7.92082e-07
0348  7.05846e+18  7.55150e+03  1.79805e+06  8.55173e-20  0.00000e+00  0.00000e+00  7.88183e-07
0349  7.07586e+18  7.55596e+03  1.79500e+06  8.46402e-20  0.00000e+00  0.00000e+00  7.84313e-07
0350  7.09325e+18  7.56040e+03  1.79196e+06  8.37744e-20  0.00000e+00  0.00000e+00  7.80472e-07
0351  7.11064e+18  7.56482e+03  1.78893e+06  8.29196e-20  0.00000e+00  0.00000e+00  7.76658e-07
0352  7.12803e+18  7.56922e+03  1.78591e+06  8.20757e-20  0.00000e+00  0.00000e+00  7.72873e-07
0353  7.14543e+18  7.57360e+03  1.78290e+06  8.12425e-20  0.00000e+00  0.00000e+00  7.69115e-07
0354  7.16282e+18  7.57796e+03  1.77990e+06  8.04199e-20  0.00000e+00  0.00000e+00  7.65385e-07
0355  7.18021e+18  7.58231e+03  1.77691e+06  7.96076e-20  0.00000e+00  0.00000e+00  7.61681e-07
0356  7.19760e+18  7.58663e+03  1.77393e+06  7.88056e-20  0.00000e+00  0.00000e+00  7.58004e-07
0357  7.21500e+18  7.59094e+03  1.77096e+06  7.80137e-20  0.00000e+00  0.00000e+00  7.54354e-07
0358  7.23239e+18  7.59523e+03  1.76800e+06  7.72316e-20  0.00000e+00  0.00000e+00  7.50731e-07
0359  7.24978e+18  7.59950e+03  1.76505e+06  7.64594e-20  0.00000e+00  0.00000e+00  7.47133e-07
0360  7.26717e+18  7.60375e+03  1.76211e+06  7.56967e-20  0.00000e+00  0.00000e+00  7.43561e-07
0361  7.28457e+18  7.60798e+03  1.75918e+06  7.49436e-20  0.00000e+00  0.00000e+00  7.40015e-07
0362  7.30196e+18  7.61220e+03  1.75626e+06  7.41998e-20  0.00000e+00  0.00000e+00  7.36493e-07
0363  7.31935e+18  7.61640e+03  1.75336e+06  7.34651e-20  0.00000e+00  0.00000e+00  7.32997e-07
0364  7.33674e+18  7.62059e+03  1.75046e+06  7.27396e-20  0.00000e+00  0.00000e+00  7.29526e-07
0365  7.35414e+18  7.62475e+03  1.74757e+06  7.20230e-20  0.00000e+00  0.00000e+00  7.26080e-07
0366  7.37153e+18  7.62890e+03  1.74469e+06  7.13152e-20  0.00000e+00  0.00000e+00  7.22658e-07
0367  7.38892e+18  7.63303e+03  1.74182e+06  7.06160e-20  0.00000e+00  0.00000e+00  7.19259e-07
0368  7.40631e+18  7.63714e+03  1.73896e+06  6.99255e-20  0.00000e+00  0.00000e+00  7.15885e-07
0369  7.42371e+18  7.64124e+03  1.73611e+06  6.92433e-20  0.00000e+00  0.00000e+00  7.12535e-07
0370  7.44110e+18  7.64531e+03  1.73327e+06  6.85695e-20  0.00000e+00  0.00000e+00  7.09208e-07
0371  7.45849e+18  7.64937e+03  1.73044e+06  6.79038e-20  0.00000e+00  0.00000e+00  7.05904e-07
0372  7.47588e+18  7.65342e+03  1.72761e+06  6.72462e-20  0.00000e+00  0.00000e+00  7.02623e-07
0373  7.49328e+18  7.65744e+03  1.72480e+06  6.65966e-20  0.00000e+00  0.00000e+00  6.99365e-07
0374  7.51067e+18  7.66145e+03  1.72200e+06  6.59547e-20  0.00000e+00  0.00000e+00  6.96130e-07
0375  7.52806e+18  7.66544e+03  1.71920e+06  6.53206e-20  0.00000e+00  0.00000e+00  6.92917e-07
0376  7.54545e+18  7.66942e+03  1.71642e+06  6.46941e-20  0.00000e+00  0.00000e+00  6.89727e-07
0377  7.56285e+18  7.67338e+03  1.71364e+06  6.40751e-20  0.00000e+00  0.00000e+00  6.86558e-07
0378  7.58024e+18  7.67732e+03  1.71087e+06  6.34635e-20  0.00000e+00  0.00000e+00  6.83411e-07
0379  7.59763e+18  7.68125e+03  1.70812e+06  6.28592e-20  0.00000e+00  0.00000e+00  6.80286e-07
0380  7.61502e+18  7.68516e+03  1.70537e+06  6.22621e-20  0.00000e+00  0.00000e+00  6.77182e-07
0381  7.63242e+18  7.68905e+03  1.70263e+06  6.16720e-20  0.00000e+00  0.00000e+00  6.74099e-07
0382  7.64981e+18  7.69293e+03  1.69990e+06  6.10889e-20  0.00000e+00  0.00000e+00  6.71037e-07
0383  7.66720e+18  7.69679e+03  1.69718e+06  6.05127e-20  0.00000e+00  0.00000e+00  6.67996e-07
0384  7.68459e+18  7.70064e+03  1.69446e+06  5.99433e-20  0.00000e+00  0.00000e+00  6.64976e-07
0385  7.70199e+18  7.70447e+03  1.69176e+06  5.93805e-20  0.00000e+00  0.00000e+00  6.61976e-07
0386  7.71938e+18  7.70828e+03  1.68906e+06  5.88243e-20  0.00000e+00  0.00000e+00  6.58996e-07
0387  7.73677e+18  7.71209e+03  1.68638e+06  5.82747e-20  0.00000e+00  0.00000e+00  6.56037e-07
0388  7.75416e+18  7.71587e+03  1.68370e+06  5.77314e-20  0.00000e+00  0.00000e+00  6.53097e-07
0389  7.77156e+18  7.71964e+03  1.68103e+06  5.71945e-20  0.00000e+00  0.00000e+00  6.50177e-07
0390  7.78895e+18  7.72340e+03  1.67837e+06  5.66638e-20  0.00000e+00  0.00000e+00  6.47277e-07
0391  7.80634e+18  7.72714e+03  1.67572e+06  5.61392e-20  0.00000e+00  0.00000e+00  6.44396e-07
0392  7.82373e+18  7.73086e+03  1.67308e+06  5.56207e-20  0.00000e+00  0.00000e+00  6.41534e-07
0393  7.84113e+18  7.73457e+03  1.67044e+06  5.51082e-20  0.00000e+00  0.00000e+00  6.38691e-07
0394  7.85852e+18  7.73827e+03  1.66782e+06  5.46016e-20  0.00000e+00  0.00000e+00  6.35867e-07
0395  7.87591e+18  7.74195e+03  1.66520e+06  5.41008e-20  0.00000e+00  0.00000e+00  6.33062e-07
0396  7.89330e+18  7.74561e+03  1.66259e+06  5.36057e-20  0.00000e+00  0.00000e+00  6.30275e-07
0397  7.91070e+18  7.74927e+03  1.65999e+06  5.31162e-20  0.00000e+00  0.00000e+00  6.27507e-07
0398  7.92809e+18  7.75290e+03  1.65740e+06  5.26324e-20  0.00000e+00  0.00000e+00  6.24756e-07
0399  7.94548e+18  7.75653e+03  1.65482e+06  5.21540e-20  0.00000e+00  0.00000e+00  6.22024e-07
0400  7.96287e+18  7.76014e+03  1.65224e+06  5.16811e-20  0.00000e+00  0.00000e+00  6.19310e-07
0401  7.98027e+18  7.76373e+03  1.64967e+06  5.12135e-20  0.00000e+00  0.00000e+00  6.16613e-07
0402  7.99766e+18  7.76732e+03  1.64712e+06  5.07512e-20  0.00000e+00  0.00000e+00  6.13934e-07
0403  8.01505e+18  7.77089e+03  1.64457e+06  5.02941e-20  0.00000e+00  0.00000e+00  6.11273e-07
0404  8.03244e+18  7.77444e+03  1.64202e+06  4.98421e-20  0.00000e+00  0.00000e+00  6.08629e-07
0405  8.04984e+18  7.77798e+03  1.63949e+06  4.93952e-20  0.00000e+00  0.00000e+00  6.06001e-07
0406  8.06723e+18  7.78151e+03  1.63696e+06  4.89533e-20  0.00000e+00  0.00000e+00  6.03391e-07
0407  8.08462e+18  7.78503e+03  1.63445e+06  4.85163e-20  0.00000e+00  0.00000e+00  6.00798e-07
0408  8.10201e+18  7.78853e+03  1.63194e+06  4.80842e-20  0.00000e+00  0.00000e+00  5.98221e-07
0409  8.11940e+18  7.79202e+03  1.62943e+06  4.76569e-20  0.00000e+00  0.00000e+00  5.95661e-07
0410  8.13680e+18  7.79550e+03  1.62694e+06  4.72343e-20  0.00000e+00  0.00000e+00  5.93117e-07
0411  8.15419e+18  7.79896e+03  1.62446e+06  4.68164e-20  0.00000e+00  0.00000e+00  5.90590e-07
0412  8.17158e+18  7.80241e+03  1.62198e+06  4.64031e-20  0.00000e+00  0.00000e+00  5.88078e-07
0413  8.18897e+18  7.80585e+03  1.61951e+06  4.59944e-20  0.00000e+00  0.00000e+00  5.85583e-07
0414  8.20637e+18  7.80927e+03  1.61705e+06  4.55901e-20  0.00000e+00  0.00000e+00  5.83104e-07
0415  8.22376e+18  7.81268e+03  1.61459e+06  4.51903e-20  0.00000e+00  0.00000e+00  5.80640e-07
0416  8.24115e+18  7.81608e+03  1.61215e+06  4.47949e-20  0.00000e+00  0.00000e+00  5.78191e-07
0417  8.25854e+18  7.81946e+03  1.60971e+06  4.44038e-20  0.00000e+00  0.00000e+00  5.75759e-07
0418  8.27594e+18  7.82284e+03  1.60728e+06  4.40169e-20  0.00000e+00  0.00000e+00  5.73341e-07
0419  8.29333e+18  7.82620e+03  1.60485e+06  4.36343e-20  0.00000e+00  0.00000e+00  5.70939e-07
0420  8.31072e+18  7.82954e+03  1.60244e+06  4.32558e-20  0.00000e+00  0.00000e+00  5.68552e-07
0421  8.32811e+18  7.83288e+03  1.60003e+06  4.28814e-20  0.00000e+00  0.00000e+00  5.66180e-07
0422  8.34551e+18  7.83620e+03  1.59763e+06  4.25110e-20  0.00000e+00  0.00000e+00  5.63822e-07
0423  8.36290e+18  7.83951e+03  1.59524e+06  4.21447e-20  0.00000e+00  0.00000e+00  5.61479e-07
0424  8.38029e+18  7.84280e+03  1.59285e+06  4.17823e-20  0.00000e+00  0.00000e+00  5.59151e-07
0425  8.39768e+18  7.84609e+03  1.59048e+06  4.14238e-20  0.00000e+00  0.00000e+00  5.56837e-07
0426  8.41508e+18  7.84936e+03  1.58811e+06  4.10691e-20  0.00000e+00  0.00000e+00  5.54538e-07
0427  8.43247e+18  7.85262e+03  1.58574e+06  4.07182e-20  0.00000e+00  0.00000e+00  5.52253e-07
0428  8.44986e+18  7.85586e+03  1.58339e+06  4.03710e-20  0.00000e+00  0.00000e+00  5.49982e-07
0429  8.46725e+18  7.85910e+03  1.58104e+06  4.00276e-20  0.00000e+00  0.00000e+00  5.47725e-07
0430  8.48465e+18  7.86232e+03  1.57870e+06  3.96878e-20  0.00000e+00  0.00000e+00  5.45481e-07
0431  8.50204e+18  7.86553e+03  1.57637e+06  3.93516e-20  0.00000e+00  0.00000e+00  5.43252e-07
0432  8.51943e+18  7.86873e+03  1.57404e+06  3.90189e-20  0.00000e+00  0.00000e+00  5.41036e-07
0433  8.53682e+18  7.87192e+03  1.57172e+06  3.86898e-20  0.00000e+00  0.00000e+00  5.38834e-07
0434  8.55422e+18  7.87509e+03  1.56941e+06  3.83646e-20  0.00000e+00  0.00000e+00  5.36645e-07
0435  8.57161e+18  7.87826e+03  1.56710e+06  3.80428e-20  0.00000e+00  0.00000e+00  5.34469e-07
0436  8.58900e+18  7.88141e+03  1.56481e+06  3.77244e-20  0.00000e+00  0.00000e+00  5.32307e-07
0437  8.60639e+18  7.88455e+03  1.56252e+06  3.74094e-20  0.00000e+00  0.00000e+00  5.30158e-07
0438  8.62379e+18  7.88768e+03  1.56023e+06  3.70976e-20  0.00000e+00  0.00000e+00  5.28021e-07
0439  8.64118e+18  7.89079e+03  1.55795e+06  3.67891e-20  0.00000e+00  0.00000e+00  5.25898e-07
0440  8.65857e+18  7.89390e+03  1.55568e+06  3.64838e-20  0.00000e+00  0.00000e+00  5.23787e-07
0441  8.67596e+18  7.89699e+03  1.55342e+06  3.61816e-20  0.00000e+00  0.00000e+00  5.21689e-07
0442  8.69336e+18  7.90007e+03  1.55116e+06  3.58826e-20  0.00000e+00  0.00000e+00  5.19604e-07
0443  8.71075e+18  7.90314e+03  1.54892e+06  3.55867e-20  0.00000e+00  0.00000e+00  5.17531e-07
0444  8.72814e+18  7.90619e+03  1.54667e+06  3.52938e-20  0.00000e+00  0.00000e+00  5.15471e-07
0445  8.74553e+18  7.90924e+03  1.54444e+06  3.50039e-20  0.00000e+00  0.00000e+00  5.13422e-07
0446  8.76293e+18  7.91227e+03  1.54221e+06  3.47170e-20  0.00000e+00  0.00000e+00  5.11386e-07
0447  8.78032e+18  7.91529e+03  1.53998e+06  3.44331e-20  0.00000e+00  0.00000e+00  5.09362e-07
0448  8.79771e+18  7.91830e+03  1.53777e+06  3.41521e-20  0.00000e+00  0.00000e+00  5.07350e-07
0449  8.81510e+18  7.92130e+03  1.53556e+06  3.38739e-20  0.00000e+00  0.00000e+00  5.05350e-07
0450  8.83250e+18  7.92428e+03  1.53336e+06  3.35986e-20  0.00000e+00  0.00000e+00  5.03362e-07
0451  8.84989e+18  7.92726e+03  1.53116e+06  3.33260e-20  0.00000e+00  0.00000e+00  5.01386e-07
0452  8.86728e+18  7.93022e+03  1.52897e+06  3.30562e-20  0.00000e+00  0.00000e+00  4.99421e-07
0453  8.88467e+18  7.93318e+03  1.52679e+06  3.27892e-20  0.00000e+00  0.00000e+00  4.97467e-07
0454  8.90207e+18  7.93612e+03  1.52461e+06  3.24749e-20  0.00000e+00  0.00000e+00  4.95525e-07
0455  8.91946e+18  7.93906e+03  1.52244e+06  3.22169e-20  0.00000e+00  0.00000e+00  4.93595e-07
0456  8.93685e+18  7.94199e+03  1.52027e+06  3.19615e-20  0.00000e+00  0.00000e+00  4.91675e-07
0457  8.95424e+18  7.94490e+03  1.51811e+06  3.17087e-20  0.00000e+00  0.00000e+00  4.89767e-07
0458  8.97164e+18  7.94780e+03  1.51595e+06  3.14583e-20  0.00000e+00  0.00000e+00  4.87870e-07
0459  8.98903e+18  7.95070e+03  1.51381e+06  3.12104e-20  0.00000e+00  0.00000e+00  4.85984e-07
0460  9.00642e+18  7.95358e+03  1.51167e+06  3.09649e-20  0.00000e+00  0.00000e+00  4.84109e-07
0461  9.02381e+18  7.95645e+03  1.50954e+06  3.07218e-20  0.00000e+00  0.00000e+00  4.82244e-07
0462  9.04121e+18  7.95932e+03  1.50741e+06  3.04811e-20  0.00000e+00  0.00000e+00  4.80391e-07
0463  9.05860e+18  7.96217e+03  1.50529e+06  3.02428e-20  0.00000e+00  0.00000e+00  4.78548e-07
0464  9.07599e+18  7.96502e+03  1.50318e+06  3.00068e-20  0.00000e+00  0.00000e+00  4.76716e-07
0465  9.09338e+18  7.96786e+03  1.50107e+06  2.97731e-20  0.00000e+00  0.00000e+00  4.74894e-07
0466  9.11078e+18  7.97068e+03  1.49897e+06  2.95416e-20  0.00000e+00  0.00000e+00  4.73082e-07
0467  9.12817e+18  7.97349e+03  1.49687e+06  2.93125e-20  0.00000e+00  0.00000e+00  4.71281e-07
0468  9.14556e+18  7.97629e+03  1.49479e+06  2.90855e-20  0.00000e+00  0.00000e+00  4.69490e-07
0469  9.16295e+18  7.97908e+03  1.49271e+06  2.88607e-20  0.00000e+00  0.00000e+00  4.67710e-07
0470  9.18035e+18  7.98186e+03  1.49063e+06  2.86381e-20  0.00000e+00  0.00000e+00  4.65939e-07
0471  9.19774e+18  7.98463e+03  1.48856e+06  2.84177e-20  0.00000e+00  0.00000e+00  4.64179e-07
0472  9.21513e+18  7.98740e+03  1.48650e+06  2.81993e-20  0.00000e+00  0.00000e+00  4.62428e-07
0473  9.23252e+18  7.99015e+03  1.48445e+06  2.79830e-20  0.00000e+00  0.00000e+00  4.60688e-07
0474  9.24992e+18  7.99290e+03  1.48240e+06  2.77689e-20  0.00000e+00  0.00000e+00  4.58957e-07
0475  9.26731e+18  7.99564e+03  1.48035e+06  2.75567e-20  0.00000e+00  0.00000e+00  4.57236e-07
0476  9.28470e+18  7.99836e+03  1.47832e+06  2.73466e-20  0.00000e+00  0.00000e+00  4.55524e-07
0477  9.30209e+18  8.00108e+03  1.47629e+06  2.71385e-20  0.00000e+00  0.00000e+00  4.53823e-07
0478  9.31949e+18  8.00379e+03  1.47427e+06  2.69323e-20  0.00000e+00  0.00000e+00  4.52130e-07
0479  9.33688e+18  8.00648e+03  1.47225e+06  2.67281e-20  0.00000e+00  0.00000e+00  4.50447e-07
0480  9.35427e+18  8.00917e+03  1.47024e+06  2.65259e-20  0.00000e+00  0.00000e+00  4.48774e-07
0481  9.37166e+18  8.01185e+03  1.46823e+06  2.63255e-20  0.00000e+00  0.00000e+00  4.47110e-07
0482  9.38906e+18  8.01451e+03  1.46623e+06  2.61271e-20  0.00000e+00  0.00000e+00  4.45455e-07
0483  9.40645e+18  8.01717e+03  1.46423e+06  2.59305e-20  0.00000e+00  0.00000e+00  4.43809e-07
0484  9.42384e+18  8.01981e+03  1.46224e+06  2.57358e-20  0.00000e+00  0.00000e+00  4.42172e-07
0485  9.44123e+18  8.02245e+03  1.46026e+06  2.55429e-20  0.00000e+00  0.00000e+00  4.40545e-07
0486  9.45863e+18  8.02507e+03  1.45828e+06  2.53518e-20  0.00000e+00  0.00000e+00  4.38926e-07
0487  9.47602e+18  8.02768e+03  1.45631e+06  2.51625e-20  0.00000e+00  0.00000e+00  4.37316e-07
0488  9.49341e+18  8.03028e+03  1.45434e+06  2.49750e-20  0.00000e+00  0.00000e+00  4.35715e-07
0489  9.51080e+18  8.03287e+03  1.45238e+06  2.47893e-20  0.00000e+00  0.00000e+00  4.34123e-07
0490  9.52820e+18  8.03545e+03  1.45043e+06  2.46052e-20  0.00000e+00  0.00000e+00  4.32540e-07
0491  9.54559e+18  8.03802e+03  1.44848e+06  2.44229e-20  0.00000e+00  0.00000e+00  4.30965e-07
0492  9.56298e+18  8.04057e+03  1.44653e+06  2.42423e-20  0.00000e+00  0.00000e+00  4.29399e-07
0493  9.58037e+18  8.04312e+03  1.44459e+06  2.40633e-20  0.00000e+00  0.00000e+00  4.27841e-07
0494  9.59777e+18  8.04565e+03  1.44265e+06  2.38860e-20  0.00000e+00  0.00000e+00  4.26292e-07
0495  9.61516e+18  8.04817e+03  1.44072e+06  2.37104e-20  0.00000e+00  0.00000e+00  4.24751e-07
0496  9.63255e+18  8.05068e+03  1.43880e+06  2.35363e-20  0.00000e+00  0.00000e+00  4.23219e-07
0497  9.64994e+18  8.05318e+03  1.43688e+06  2.33639e-20  0.00000e+00  0.00000e+00  4.21695e-07
0498  9.66734e+18  8.05567e+03  1.43497e+06  2.31930e-20  0.00000e+00  0.00000e+00  4.20179e-07
0499  9.68473e+18  8.05816e+03  1.43306e+06  2.30237e-20  0.00000e+00  0.00000e+00  4.18671e-07
0500  9.70212e+18  8.06064e+03  1.43116e+06  2.28560e-20  0.00000e+00  0.00000e+00  4.17171e-07
0501  9.71951e+18  8.06311e+03  1.42926e+06  2.26897e-20  0.00000e+00  0.00000e+00  4.15679e-07
0502  9.73691e+18  8.06558e+03  1.42737e+06  2.25250e-20  0.00000e+00  0.00000e+00  4.14196e-07
0503  9.75430e+18  8.06803e+03  1.42549e+06  2.23617e-20  0.00000e+00  0.00000e+00  4.12720e-07
0504  9.77169e+18  8.07048e+03  1.42361e+06  2.22000e-20  0.00000e+00  0.00000e+00  4.11252e-07
0505  9.78908e+18  8.07292e+03  1.42173e+06  2.20397e-20  0.00000e+00  0.00000e+00  4.09792e-07
0506  9.80648e+18  8.07536e+03  1.41987e+06  2.18808e-20  0.00000e+00  0.00000e+00  4.08340e-07
0507  9.82387e+18  8.07779e+03  1.41800e+06  2.17234e-20  0.00000e+00  0.00000e+00  4.06895e-07
0508  9.84126e+18  8.08021e+03  1.41615e+06  2.15674e-20  0.00000e+00  0.00000e+00  4.05458e-07
0509  9.85865e+18  8.08262e+03  1.41429e+06  2.14127e-20  0.00000e+00  0.00000e+00  4.04029e-07
0510  9.87605e+18  8.08502e+03  1.41245e+06  2.12595e-20  0.00000e+00  0.00000e+00  4.02607e-07
0511  9.89344e+18  8.08742e+03  1.41061e+06  2.11076e-20  0.00000e+00  0.00000e+00  4.01193e-07
0512  9.91083e+18  8.08980e+03  1.40877e+06  2.09571e-20  0.00000e+00  0.00000e+00  3.99786e-07
0513  9.92822e+18  8.09218e+03  1.40694e+06  2.08079e-20  0.00000e+00  0.00000e+00  3.98386e-07
0514  9.94562e+18  8.09455e+03  1.40511e+06  2.06601e-20  0.00000e+00  0.00000e+00  3.96994e-07
0515  9.96301e+18  8.09692e+03  1.40329e+06  2.05136e-20  0.00000e+00  0.00000e+00  3.95609e-07
0516  9.98040e+18  8.09927e+03  1.40148e+06  2.03683e-20  0.00000e+00  0.00000e+00  3.94232e-07
0517  9.99779e+18  8.10161e+03  1.39967e+06  2.02244e-20  0.00000e+00  0.00000e+00  3.92861e-07
0518  1.00152e+19  8.10395e+03  1.39786e+06  2.00817e-20  0.00000e+00  0.00000e+00  3.91498e-07
0519  1.00326e+19  8.10627e+03  1.39606e+06  1.99403e-20  0.00000e+00  0.00000e+00  3.90142e-07
0520  1.00500e+19  8.10859e+03  1.39427e+06  1.98002e-20  0.00000e+00  0.00000e+00  3.88793e-07
0521  1.00674e+19  8.11090e+03  1.39248e+06  1.96612e-20  0.00000e+00  0.00000e+00  3.87450e-07
0522  1.00848e+19  8.11320e+03  1.39069e+06  1.95235e-20  0.00000e+00  0.00000e+00  3.86115e-07
0523  1.01021e+19  8.11549e+03  1.38891e+06  1.93870e-20  0.00000e+00  0.00000e+00  3.84787e-07
0524  1.01195e+19  8.11777e+03  1.38713e+06  1.92517e-20  0.00000e+00  0.00000e+00  3.83465e-07
0525  1.01369e+19  8.12005e+03  1.38536e+06  1.91176e-20  0.00000e+00  0.00000e+00  3.82150e-07
0526  1.01543e+19  8.12232e+03  1.38360e+06  1.89846e-20  0.00000e+00  0.00000e+00  3.80842e-07
0527  1.01717e+19  8.12458e+03  1.38184e+06  1.88528e-20  0.00000e+00  0.00000e+00  3.79541e-07
0528  1.01891e+19  8.12684e+03  1.38008e+06  1.87222e-20  0.00000e+00  0.00000e+00  3.78247e-07
0529  1.02065e+19  8.12909e+03  1.37833e+06  1.85926e-20  0.00000e+00  0.00000e+00  3.76959e-07
0530  1.02239e+19  8.13133e+03  1.37658e+06  1.84642e-20  0.00000e+00  0.00000e+00  3.75677e-07
0531  1.02413e+19  8.13357e+03  1.37484e+06  1.83369e-20  0.00000e+00  0.00000e+00  3.74402e-07
0532  1.02587e+19  8.13580e+03  1.37311e+06  1.82107e-20  0.00000e+00  0.00000e+00  3.73134e-07
0533  1.02761e+19  8.13802e+03  1.37138e+06  1.80855e-20  0.00000e+00  0.00000e+00  3.71872e-07
0534  1.02935e+19  8.14024e+03  1.36965e+06  1.79615e-20  0.00000e+00  0.00000e+00  3.70616e-07
0535  1.03109e+19  8.14244e+03  1.36793e+06  1.78385e-20  0.00000e+00  0.00000e+00  3.69367e-07
0536  1.03283e+19  8.14464e+03  1.36621e+06  1.77166e-20  0.00000e+00  0.00000e+00  3.68124e-07
0537  1.03456e+19  8.14684e+03  1.36450e+06  1.75957e-20  0.00000e+00  0.00000e+00  3.66887e-07
0538  1.03630e+19  8.14902e+03  1.36279e+06  1.74758e-20  0.00000e+00  0.00000e+00  3.65657e-07
0539  1.03804e+19  8.15120e+03  1.36109e+06  1.73570e-20  0.00000e+00  0.00000e+00  3.64432e-07
0540  1.03978e+19  8.15337e+03  1.35939e+06  1.72391e-20  0.00000e+00  0.00000e+00  3.63214e-07
0541  1.04152e+19  8.15553e+03  1.35770e+06  1.71223e-20  0.00000e+00  0.00000e+00  3.62002e-07
0542  1.04326e+19  8.15769e+03  1.35601e+06  1.70064e-20  0.00000e+00  0.00000e+00  3.60796e-07
0543  1.04500e+19  8.15984e+03  1.35433e+06  1.68916e-20  0.00000e+00  0.00000e+00  3.59596e-07
0544  1.04674e+19  8.16198e+03  1.35265e+06  1.67777e-20  0.00000e+00  0.00000e+00  3.58402e-07
0545  1.04848e+19  8.16411e+03  1.35097e+06  1.66648e-20  0.00000e+00  0.00000e+00  3.57214e-07
0546  1.05022e+19  8.16624e+03  1.34930e+06  1.65528e-20  0.00000e+00  0.00000e+00  3.56032e-07
0547  1.05196e+19  8.16836e+03  1.34763e+06  1.64417e-20  0.00000e+00  0.00000e+00  3.54856e-07
0548  1.05370e+19  8.17047e+03  1.34597e+06  1.63316e-20  0.00000e+00  0.00000e+00  3.53685e-07
0549  1.05544e+19  8.17257e+03  1.34432e+06  1.62225e-20  0.00000e+00  0.00000e+00  3.52520e-07
0550  1.05717e+19  8.17466e+03  1.34266e+06  1.61142e-20  0.00000e+00  0.00000e+00  3.51361e-07
0551  1.05891e+19  8.17678e+03  1.34101e+06  1.60068e-20  0.00000e+00  0.00000e+00  3.50208e-07
0552  1.06065e+19  8.17870e+03  1.33938e+06  1.58992e-20  0.00000e+00  0.00000e+00  3.49061e-07
0553  1.06239e+19  8.18147e+03  1.33770e+06  1.57925e-20  0.00000e+00  0.00000e+00  3.47919e-07
0554  1.06413e+19  8.18081e+03  1.33622e+06  1.56923e-20  0.00000e+00  0.00000e+00  3.46782e-07
0555  1.06587e+19  8.19943e+03  1.33365e+06  1.55617e-20  0.00000e+00  0.00000e+00  3.45651e-07
