# Athena++ data at time=1.479000e+13  cycle=991080319  variables=uov 
# i       x1v         user_out_var0          user_out_var1          user_out_var2          user_out_var3          user_out_var4          user_out_var5      
0002  1.13875e+18  4.91745e+00  3.03478e+04  5.59999e-16  0.00000e+00  0.00000e+00  3.02826e-05
0003  1.15716e+18  1.03218e+01  4.00224e+04  8.70682e-17  0.00000e+00  0.00000e+00  2.93264e-05
0004  1.17558e+18  1.54636e+01  4.91676e+04  4.30157e-17  0.00000e+00  0.00000e+00  2.84148e-05
0005  1.19399e+18  2.23004e+01  6.13414e+04  6.27747e-17  0.00000e+00  0.00000e+00  2.75451e-05
0006  1.21241e+18  3.29236e+01  8.15990e+04  1.03476e-16  0.00000e+00  0.00000e+00  2.67147e-05
0007  1.23082e+18  5.31276e+01  1.23384e+05  1.29047e-16  0.00000e+00  0.00000e+00  2.59213e-05
0008  1.24924e+18  6.27572e+01  1.36872e+05  2.81811e-17  0.00000e+00  0.00000e+00  2.51628e-05
0009  1.26765e+18  6.77536e+01  1.43373e+05  2.26097e-17  0.00000e+00  0.00000e+00  2.44370e-05
0010  1.28607e+18  7.21109e+01  1.48194e+05  2.04176e-17  0.00000e+00  0.00000e+00  2.37422e-05
0011  1.30448e+18  7.54137e+01  1.50867e+05  1.48588e-17  0.00000e+00  0.00000e+00  2.30766e-05
0012  1.32290e+18  7.84609e+01  1.53364e+05  1.49510e-17  0.00000e+00  0.00000e+00  2.24386e-05
0013  1.34131e+18  8.15903e+01  1.55963e+05  1.49570e-17  0.00000e+00  0.00000e+00  2.18267e-05
0014  1.35973e+18  8.47007e+01  1.58586e+05  1.40253e-17  0.00000e+00  0.00000e+00  2.12395e-05
0015  1.37814e+18  8.75322e+01  1.60745e+05  1.22512e-17  0.00000e+00  0.00000e+00  2.06757e-05
0016  1.39656e+18  9.02153e+01  1.62802e+05  1.17373e-17  0.00000e+00  0.00000e+00  2.01340e-05
0017  1.41497e+18  9.28812e+01  1.64893e+05  1.14586e-17  0.00000e+00  0.00000e+00  1.96134e-05
0018  1.43339e+18  9.54909e+01  1.66991e+05  1.02843e-17  0.00000e+00  0.00000e+00  1.91126e-05
0019  1.45180e+18  9.74410e+01  1.67935e+05 -7.51985e-19  0.00000e+00  0.00000e+00  1.86309e-05
0020  1.47022e+18  9.97017e+01  1.69825e+05  1.02703e-17  0.00000e+00  0.00000e+00  1.81671e-05
0021  1.48863e+18  1.02341e+02  1.72117e+05  4.60289e-17  0.00000e+00  0.00000e+00  1.77204e-05
0022  1.50705e+18  1.04374e+02  1.73445e+05  7.54722e-18  0.00000e+00  0.00000e+00  1.72900e-05
0023  1.52546e+18  1.06316e+02  1.75006e+05  8.08457e-18  0.00000e+00  0.00000e+00  1.68750e-05
0024  1.54388e+18  1.08433e+02  1.76771e+05  8.32895e-18  0.00000e+00  0.00000e+00  1.64749e-05
0027  1.56229e+18  1.10560e+02  1.78616e+05  8.09565e-18  0.00000e+00  0.00000e+00  1.60888e-05
0028  1.58071e+18  1.12660e+02  1.80511e+05  7.90188e-18  0.00000e+00  0.00000e+00  1.57161e-05
0029  1.59912e+18  1.14756e+02  1.82480e+05  7.80401e-18  0.00000e+00  0.00000e+00  1.53562e-05
0030  1.61754e+18  1.16871e+02  1.84551e+05  7.77270e-18  0.00000e+00  0.00000e+00  1.50085e-05
0031  1.63595e+18  1.19028e+02  1.86756e+05  7.80385e-18  0.00000e+00  0.00000e+00  1.46726e-05
0032  1.65437e+18  1.21248e+02  1.89129e+05  7.85278e-18  0.00000e+00  0.00000e+00  1.43477e-05
0033  1.67278e+18  1.23486e+02  1.91614e+05  7.56222e-18  0.00000e+00  0.00000e+00  1.40336e-05
0034  1.69120e+18  1.25423e+02  1.93733e+05  6.49704e-18  0.00000e+00  0.00000e+00  1.37296e-05
0035  1.70961e+18  1.26978e+02  1.95486e+05  5.64844e-18  0.00000e+00  0.00000e+00  1.34354e-05
0036  1.72803e+18  1.28256e+02  1.96962e+05  5.18912e-18  0.00000e+00  0.00000e+00  1.31506e-05
0037  1.74644e+18  1.29517e+02  1.98537e+05  5.35074e-18  0.00000e+00  0.00000e+00  1.28747e-05
0038  1.76486e+18  1.30907e+02  2.00317e+05  5.59782e-18  0.00000e+00  0.00000e+00  1.26074e-05
0039  1.78328e+18  1.32411e+02  2.02298e+05  5.74319e-18  0.00000e+00  0.00000e+00  1.23484e-05
0040  1.80169e+18  1.33999e+02  2.04450e+05  5.81721e-18  0.00000e+00  0.00000e+00  1.20973e-05
0041  1.82011e+18  1.35655e+02  2.06762e+05  5.90236e-18  0.00000e+00  0.00000e+00  1.18537e-05
0042  1.83852e+18  1.37427e+02  2.09319e+05  6.12419e-18  0.00000e+00  0.00000e+00  1.16174e-05
0043  1.85694e+18  1.39215e+02  2.11990e+05  6.17156e-18  0.00000e+00  0.00000e+00  1.13882e-05
0044  1.87535e+18  1.39512e+02  2.12496e+05  3.24299e-18  0.00000e+00  0.00000e+00  1.11656e-05
0045  1.89377e+18  1.39304e+02  2.12199e+05  2.01107e-18  0.00000e+00  0.00000e+00  1.09495e-05
0046  1.91218e+18  1.43294e+02  2.18910e+05  4.48656e-18  0.00000e+00  0.00000e+00  1.07396e-05
0047  1.93060e+18  1.55053e+02  2.37521e+05  1.58569e-17  0.00000e+00  0.00000e+00  1.05357e-05
0048  1.94901e+18  1.53453e+02  2.35256e+05  7.38752e-18  0.00000e+00  0.00000e+00  1.03376e-05
0049  1.96743e+18  1.44282e+02  2.20987e+05 -5.96881e-18  0.00000e+00  0.00000e+00  1.01449e-05
0050  1.98584e+18  1.24706e+02  1.93420e+05 -3.04483e-17  0.00000e+00  0.00000e+00  9.95766e-06
0051  2.00426e+18  1.13129e+02  1.81044e+05 -6.96485e-18  0.00000e+00  0.00000e+00  9.77552e-06
0052  2.02267e+18  1.12306e+02  1.80237e+05 -2.14199e-18  0.00000e+00  0.00000e+00  9.59833e-06
0053  2.04109e+18  1.13118e+02  1.80958e+05  6.93743e-19  0.00000e+00  0.00000e+00  9.42591e-06
0054  2.05951e+18  1.14206e+02  1.81971e+05  1.50978e-18  0.00000e+00  0.00000e+00  9.25810e-06
0055  2.07792e+18  1.15124e+02  1.82842e+05  2.12557e-18  0.00000e+00  0.00000e+00  9.09473e-06
0056  2.09634e+18  1.15546e+02  1.83242e+05  2.78336e-18  0.00000e+00  0.00000e+00  8.93564e-06
0057  2.11475e+18  1.15661e+02  1.83346e+05  3.31871e-18  0.00000e+00  0.00000e+00  8.78070e-06
0058  2.13317e+18  1.15753e+02  1.83429e+05  3.71488e-18  0.00000e+00  0.00000e+00  8.62975e-06
0059  2.15158e+18  1.15961e+02  1.83627e+05  3.98488e-18  0.00000e+00  0.00000e+00  8.48265e-06
0060  2.17000e+18  1.16294e+02  1.83951e+05  4.12825e-18  0.00000e+00  0.00000e+00  8.33929e-06
0061  2.18841e+18  1.16697e+02  1.84350e+05  4.07793e-18  0.00000e+00  0.00000e+00  8.19953e-06
0062  2.20683e+18  1.17100e+02  1.84756e+05  3.69872e-18  0.00000e+00  0.00000e+00  8.06326e-06
0063  2.22524e+18  1.17450e+02  1.85121e+05  2.91684e-18  0.00000e+00  0.00000e+00  7.93035e-06
0064  2.24366e+18  1.17667e+02  1.85357e+05  1.93827e-18  0.00000e+00  0.00000e+00  7.80071e-06
0065  2.26207e+18  1.18057e+02  1.85768e+05  1.22365e-18  0.00000e+00  0.00000e+00  7.67421e-06
0066  2.28049e+18  1.18281e+02  1.86013e+05  3.69043e-19  0.00000e+00  0.00000e+00  7.55077e-06
0067  2.29891e+18  1.18215e+02  1.85928e+05  1.23036e-18  0.00000e+00  0.00000e+00  7.43029e-06
0068  2.31732e+18  1.18791e+02  1.86494e+05  2.60941e-18  0.00000e+00  0.00000e+00  7.31266e-06
0069  2.33574e+18  1.30217e+02  1.99922e+05 -1.27111e-17  0.00000e+00  0.00000e+00  7.19781e-06
0070  2.35415e+18  2.41854e+02  4.15478e+05  1.09445e-16  0.00000e+00  0.00000e+00  7.08564e-06
0071  2.37257e+18  4.66131e+02  7.19663e+05  7.14236e-17  0.00000e+00  0.00000e+00  6.97607e-06
0072  2.39098e+18  6.31058e+02  9.61569e+05  3.60489e-17  0.00000e+00  0.00000e+00  6.86902e-06
0073  2.40940e+18  7.36993e+02  1.12642e+06  2.65622e-17  0.00000e+00  0.00000e+00  6.76442e-06
0074  2.42781e+18  8.15181e+02  1.25320e+06  2.22794e-17  0.00000e+00  0.00000e+00  6.66219e-06
0075  2.44623e+18  8.79639e+02  1.36247e+06  1.97287e-17  0.00000e+00  0.00000e+00  6.56226e-06
0076  2.46464e+18  9.38400e+02  1.46544e+06  1.82771e-17  0.00000e+00  0.00000e+00  6.46456e-06
0077  2.48306e+18  9.95425e+02  1.56785e+06  1.78483e-17  0.00000e+00  0.00000e+00  6.36903e-06
0078  2.50147e+18  1.05228e+03  1.67128e+06  1.73589e-17  0.00000e+00  0.00000e+00  6.27560e-06
0079  2.51989e+18  1.10908e+03  1.77585e+06  1.68449e-17  0.00000e+00  0.00000e+00  6.18421e-06
0080  2.53831e+18  1.16527e+03  1.88136e+06  1.63183e-17  0.00000e+00  0.00000e+00  6.09480e-06
0081  2.55672e+18  1.21993e+03  1.98661e+06  1.57123e-17  0.00000e+00  0.00000e+00  6.00732e-06
0082  2.57514e+18  1.27276e+03  2.09105e+06  1.51252e-17  0.00000e+00  0.00000e+00  5.92171e-06
0083  2.59355e+18  1.32381e+03  2.19449e+06  1.46020e-17  0.00000e+00  0.00000e+00  5.83791e-06
0084  2.61197e+18  1.37273e+03  2.29677e+06  1.40286e-17  0.00000e+00  0.00000e+00  5.75588e-06
0085  2.63038e+18  1.41930e+03  2.39799e+06  1.34349e-17  0.00000e+00  0.00000e+00  5.67557e-06
0086  2.64880e+18  1.46397e+03  2.49807e+06  1.28423e-17  0.00000e+00  0.00000e+00  5.59693e-06
0087  2.66721e+18  1.50733e+03  2.59692e+06  1.22656e-17  0.00000e+00  0.00000e+00  5.51991e-06
0088  2.68563e+18  1.54916e+03  2.69556e+06  1.17069e-17  0.00000e+00  0.00000e+00  5.44447e-06
0089  2.70404e+18  1.58891e+03  2.79543e+06  1.11630e-17  0.00000e+00  0.00000e+00  5.37056e-06
0090  2.72246e+18  1.62741e+03  2.89644e+06  1.06393e-17  0.00000e+00  0.00000e+00  5.29815e-06
0091  2.74088e+18  1.66644e+03  2.99687e+06  1.01399e-17  0.00000e+00  0.00000e+00  5.22720e-06
0092  2.75929e+18  1.70646e+03  3.09797e+06  9.65742e-18  0.00000e+00  0.00000e+00  5.15766e-06
0093  2.77771e+18  1.74517e+03  3.20412e+06  9.19037e-18  0.00000e+00  0.00000e+00  5.08950e-06
0094  2.79612e+18  1.78123e+03  3.31469e+06  8.73697e-18  0.00000e+00  0.00000e+00  5.02268e-06
0095  2.81454e+18  1.81535e+03  3.42207e+06  8.30469e-18  0.00000e+00  0.00000e+00  4.95717e-06
0096  2.83295e+18  1.86933e+03  3.55258e+06  7.93983e-18  0.00000e+00  0.00000e+00  4.89293e-06
0097  2.85137e+18  1.97108e+03  3.77222e+06  7.47739e-18  0.00000e+00  0.00000e+00  4.82993e-06
0098  2.86978e+18  1.98961e+03  3.85464e+06  7.18928e-18  0.00000e+00  0.00000e+00  4.76814e-06
0099  2.88820e+18  1.79979e+03  3.56094e+06  7.32181e-18  0.00000e+00  0.00000e+00  4.70753e-06
0100  2.90661e+18  7.32757e+02  1.48289e+06  1.46100e-18  0.00000e+00  0.00000e+00  4.64807e-06
0101  2.92503e+18  1.28044e+02  2.11537e+05 -1.82010e-16  0.00000e+00  0.00000e+00  4.58973e-06
0102  2.94345e+18  7.55048e+01  1.51253e+05 -2.56530e-17  0.00000e+00  0.00000e+00  4.53248e-06
0103  2.96186e+18  7.55751e+01  1.50999e+05  4.61414e-19  0.00000e+00  0.00000e+00  4.47629e-06
0104  2.98028e+18  7.69787e+01  1.52121e+05  2.37516e-18  0.00000e+00  0.00000e+00  4.42114e-06
0105  2.99869e+18  7.93890e+01  1.54094e+05  3.04287e-18  0.00000e+00  0.00000e+00  4.36701e-06
0106  3.01711e+18  8.27087e+01  1.56845e+05  3.90692e-18  0.00000e+00  0.00000e+00  4.31386e-06
0107  3.03552e+18  8.67884e+01  1.60098e+05  4.73624e-18  0.00000e+00  0.00000e+00  4.26168e-06
0108  3.05394e+18  9.12079e+01  1.63482e+05  4.38293e-18  0.00000e+00  0.00000e+00  4.21044e-06
0109  3.07235e+18  9.56296e+01  1.67005e+05  3.91634e-18  0.00000e+00  0.00000e+00  4.16011e-06
0110  3.09077e+18  9.96993e+01  1.69748e+05  2.71897e-18  0.00000e+00  0.00000e+00  4.11069e-06
0111  3.10918e+18  1.03657e+02  1.72767e+05  3.19999e-18  0.00000e+00  0.00000e+00  4.06214e-06
0112  3.12760e+18  1.07662e+02  1.75997e+05  3.02882e-18  0.00000e+00  0.00000e+00  4.01444e-06
0113  3.14602e+18  1.11936e+02  1.79695e+05  3.18205e-18  0.00000e+00  0.00000e+00  3.96758e-06
0114  3.16443e+18  1.16450e+02  1.83928e+05  3.49128e-18  0.00000e+00  0.00000e+00  3.92154e-06
0115  3.18285e+18  1.23079e+02  1.90872e+05  3.99663e-18  0.00000e+00  0.00000e+00  3.87629e-06
0116  3.20126e+18  1.41966e+02  2.16250e+05  2.23464e-18  0.00000e+00  0.00000e+00  3.83182e-06
0117  3.21968e+18  2.06772e+02  3.19667e+05  4.31628e-17  0.00000e+00  0.00000e+00  3.78811e-06
0118  3.23809e+18  3.42971e+02  4.85455e+05  4.86682e-17  0.00000e+00  0.00000e+00  3.74515e-06
0119  3.25651e+18  4.82733e+02  6.41944e+05  2.84752e-17  0.00000e+00  0.00000e+00  3.70291e-06
0120  3.27492e+18  5.90529e+02  7.59575e+05  1.95815e-17  0.00000e+00  0.00000e+00  3.66138e-06
0121  3.29334e+18  6.73191e+02  8.46234e+05  1.52851e-17  0.00000e+00  0.00000e+00  3.62055e-06
0122  3.31176e+18  7.41016e+02  9.14654e+05  1.30270e-17  0.00000e+00  0.00000e+00  3.58040e-06
0123  3.33017e+18  7.99694e+02  9.71941e+05  1.14143e-17  0.00000e+00  0.00000e+00  3.54091e-06
0124  3.34859e+18  8.52540e+02  1.02243e+06  1.03172e-17  0.00000e+00  0.00000e+00  3.50207e-06
0125  3.36700e+18  9.01150e+02  1.06779e+06  9.43557e-18  0.00000e+00  0.00000e+00  3.46386e-06
0126  3.38542e+18  9.46693e+02  1.10981e+06  8.81508e-18  0.00000e+00  0.00000e+00  3.42628e-06
0127  3.40383e+18  9.90166e+02  1.14904e+06  8.26707e-18  0.00000e+00  0.00000e+00  3.38931e-06
0128  3.42225e+18  1.03173e+03  1.18607e+06  7.79297e-18  0.00000e+00  0.00000e+00  3.35293e-06
0129  3.44066e+18  1.07169e+03  1.22128e+06  7.39497e-18  0.00000e+00  0.00000e+00  3.31713e-06
0130  3.45908e+18  1.11025e+03  1.25489e+06  7.02761e-18  0.00000e+00  0.00000e+00  3.28191e-06
0131  3.47749e+18  1.14758e+03  1.28715e+06  6.68472e-18  0.00000e+00  0.00000e+00  3.24724e-06
0132  3.49591e+18  1.18382e+03  1.31831e+06  6.36407e-18  0.00000e+00  0.00000e+00  3.21312e-06
0133  3.51433e+18  1.21918e+03  1.34866e+06  6.07146e-18  0.00000e+00  0.00000e+00  3.17953e-06
0134  3.53274e+18  1.25411e+03  1.37870e+06  5.83060e-18  0.00000e+00  0.00000e+00  3.14647e-06
0135  3.55116e+18  1.28909e+03  1.40885e+06  5.63371e-18  0.00000e+00  0.00000e+00  3.11392e-06
0136  3.56957e+18  1.32431e+03  1.43928e+06  5.43633e-18  0.00000e+00  0.00000e+00  3.08188e-06
0137  3.58799e+18  1.35978e+03  1.47005e+06  5.23995e-18  0.00000e+00  0.00000e+00  3.05032e-06
0138  3.60640e+18  1.39539e+03  1.50108e+06  5.04612e-18  0.00000e+00  0.00000e+00  3.01925e-06
0139  3.62482e+18  1.43087e+03  1.53214e+06  4.85655e-18  0.00000e+00  0.00000e+00  2.98865e-06
0140  3.64323e+18  1.46584e+03  1.56286e+06  4.67301e-18  0.00000e+00  0.00000e+00  2.95851e-06
0141  3.66165e+18  1.49986e+03  1.59282e+06  4.50273e-18  0.00000e+00  0.00000e+00  2.92883e-06
0142  3.68007e+18  1.53248e+03  1.62153e+06  4.35021e-18  0.00000e+00  0.00000e+00  2.89959e-06
0143  3.69848e+18  1.56321e+03  1.64852e+06  4.20471e-18  0.00000e+00  0.00000e+00  2.87079e-06
0144  3.71690e+18  1.59166e+03  1.67338e+06  4.06733e-18  0.00000e+00  0.00000e+00  2.84241e-06
0145  3.73531e+18  1.61760e+03  1.69593e+06  3.93851e-18  0.00000e+00  0.00000e+00  2.81445e-06
0146  3.75373e+18  1.64103e+03  1.71618e+06  3.81811e-18  0.00000e+00  0.00000e+00  2.78690e-06
0147  3.77214e+18  1.66214e+03  1.73430e+06  3.70550e-18  0.00000e+00  0.00000e+00  2.75976e-06
0148  3.79056e+18  1.68125e+03  1.75064e+06  3.59977e-18  0.00000e+00  0.00000e+00  2.73301e-06
0149  3.80897e+18  1.69876e+03  1.76562e+06  3.49988e-18  0.00000e+00  0.00000e+00  2.70665e-06
0150  3.82739e+18  1.71508e+03  1.77965e+06  3.40483e-18  0.00000e+00  0.00000e+00  2.68066e-06
0151  3.84581e+18  1.73059e+03  1.79314e+06  3.31374e-18  0.00000e+00  0.00000e+00  2.65505e-06
0152  3.86422e+18  1.74561e+03  1.80640e+06  3.22590e-18  0.00000e+00  0.00000e+00  2.62981e-06
0153  3.88264e+18  1.76035e+03  1.81968e+06  3.14081e-18  0.00000e+00  0.00000e+00  2.60492e-06
0154  3.90105e+18  1.77494e+03  1.83312e+06  3.05818e-18  0.00000e+00  0.00000e+00  2.58038e-06
0155  3.91947e+18  1.78953e+03  1.84693e+06  2.98875e-18  0.00000e+00  0.00000e+00  2.55619e-06
0156  3.93788e+18  1.80411e+03  1.86097e+06  2.91108e-18  0.00000e+00  0.00000e+00  2.53234e-06
0157  3.95630e+18  1.81854e+03  1.87533e+06  2.83481e-18  0.00000e+00  0.00000e+00  2.50882e-06
0158  3.97471e+18  1.83283e+03  1.88988e+06  2.76742e-18  0.00000e+00  0.00000e+00  2.48563e-06
0159  3.99313e+18  1.84686e+03  1.90451e+06  2.70176e-18  0.00000e+00  0.00000e+00  2.46275e-06
0160  4.01155e+18  1.86054e+03  1.91913e+06  2.63791e-18  0.00000e+00  0.00000e+00  2.44019e-06
0161  4.02996e+18  1.87378e+03  1.93362e+06  2.57594e-18  0.00000e+00  0.00000e+00  2.41794e-06
0162  4.04838e+18  1.88651e+03  1.94791e+06  2.51589e-18  0.00000e+00  0.00000e+00  2.39599e-06
0163  4.06679e+18  1.89869e+03  1.96193e+06  2.45776e-18  0.00000e+00  0.00000e+00  2.37434e-06
0164  4.08521e+18  1.91030e+03  1.97564e+06  2.40154e-18  0.00000e+00  0.00000e+00  2.35299e-06
0165  4.10362e+18  1.92133e+03  1.98903e+06  2.34718e-18  0.00000e+00  0.00000e+00  2.33191e-06
0166  4.12204e+18  1.93179e+03  2.00210e+06  2.29462e-18  0.00000e+00  0.00000e+00  2.31113e-06
0167  4.14045e+18  1.94169e+03  2.01489e+06  2.24379e-18  0.00000e+00  0.00000e+00  2.29061e-06
0168  4.15887e+18  1.95106e+03  2.02741e+06  2.19460e-18  0.00000e+00  0.00000e+00  2.27037e-06
0169  4.17728e+18  1.95991e+03  2.03972e+06  2.14700e-18  0.00000e+00  0.00000e+00  2.25040e-06
0170  4.19570e+18  1.96826e+03  2.05184e+06  2.10090e-18  0.00000e+00  0.00000e+00  2.23069e-06
0171  4.21412e+18  1.97613e+03  2.06381e+06  2.05623e-18  0.00000e+00  0.00000e+00  2.21123e-06
0172  4.23253e+18  1.98353e+03  2.07565e+06  2.01294e-18  0.00000e+00  0.00000e+00  2.19203e-06
0173  4.25095e+18  1.99050e+03  2.08736e+06  1.97097e-18  0.00000e+00  0.00000e+00  2.17308e-06
0174  4.26936e+18  1.99706e+03  2.09894e+06  1.93026e-18  0.00000e+00  0.00000e+00  2.15438e-06
0175  4.28778e+18  2.00324e+03  2.11041e+06  1.89076e-18  0.00000e+00  0.00000e+00  2.13591e-06
0176  4.30619e+18  2.00906e+03  2.12175e+06  1.85242e-18  0.00000e+00  0.00000e+00  2.11768e-06
0177  4.32461e+18  2.01454e+03  2.13295e+06  1.81519e-18  0.00000e+00  0.00000e+00  2.09968e-06
0178  4.34302e+18  2.01970e+03  2.14402e+06  1.77904e-18  0.00000e+00  0.00000e+00  2.08191e-06
0179  4.36144e+18  2.02454e+03  2.15497e+06  1.74392e-18  0.00000e+00  0.00000e+00  2.06437e-06
0180  4.37986e+18  2.02906e+03  2.16579e+06  1.70978e-18  0.00000e+00  0.00000e+00  2.04705e-06
0181  4.39827e+18  2.03327e+03  2.17651e+06  1.67657e-18  0.00000e+00  0.00000e+00  2.02994e-06
0182  4.41669e+18  2.03714e+03  2.18713e+06  1.64430e-18  0.00000e+00  0.00000e+00  2.01305e-06
0183  4.43510e+18  2.04069e+03  2.19767e+06  1.61294e-18  0.00000e+00  0.00000e+00  1.99637e-06
0184  4.45352e+18  2.04391e+03  2.20813e+06  1.58244e-18  0.00000e+00  0.00000e+00  1.97989e-06
0185  4.47193e+18  2.04682e+03  2.21850e+06  1.55279e-18  0.00000e+00  0.00000e+00  1.96362e-06
0186  4.49035e+18  2.04943e+03  2.22879e+06  1.52394e-18  0.00000e+00  0.00000e+00  1.94754e-06
0187  4.50876e+18  2.05177e+03  2.23899e+06  1.49586e-18  0.00000e+00  0.00000e+00  1.93167e-06
0188  4.52718e+18  2.05386e+03  2.24908e+06  1.46853e-18  0.00000e+00  0.00000e+00  1.91598e-06
0189  4.54560e+18  2.05571e+03  2.25906e+06  1.44191e-18  0.00000e+00  0.00000e+00  1.90049e-06
0190  4.56401e+18  2.05736e+03  2.26892e+06  1.41599e-18  0.00000e+00  0.00000e+00  1.88519e-06
0191  4.58243e+18  2.05879e+03  2.27866e+06  1.39073e-18  0.00000e+00  0.00000e+00  1.87006e-06
0192  4.60084e+18  2.06002e+03  2.28828e+06  1.36611e-18  0.00000e+00  0.00000e+00  1.85512e-06
0193  4.61926e+18  2.06104e+03  2.29779e+06  1.34212e-18  0.00000e+00  0.00000e+00  1.84036e-06
0194  4.63767e+18  2.06185e+03  2.30721e+06  1.31873e-18  0.00000e+00  0.00000e+00  1.82577e-06
0195  4.65609e+18  2.06244e+03  2.31653e+06  1.29592e-18  0.00000e+00  0.00000e+00  1.81136e-06
0196  4.67450e+18  2.06281e+03  2.32577e+06  1.27368e-18  0.00000e+00  0.00000e+00  1.79712e-06
0197  4.69292e+18  2.06297e+03  2.33493e+06  1.25199e-18  0.00000e+00  0.00000e+00  1.78304e-06
0198  4.71134e+18  2.06294e+03  2.34402e+06  1.23082e-18  0.00000e+00  0.00000e+00  1.76913e-06
0199  4.72975e+18  2.06272e+03  2.35302e+06  1.21016e-18  0.00000e+00  0.00000e+00  1.75538e-06
0200  4.74817e+18  2.06234e+03  2.36192e+06  1.18998e-18  0.00000e+00  0.00000e+00  1.74179e-06
0201  4.76658e+18  2.06181e+03  2.37073e+06  1.17028e-18  0.00000e+00  0.00000e+00  1.72836e-06
0202  4.78500e+18  2.06116e+03  2.37942e+06  1.15103e-18  0.00000e+00  0.00000e+00  1.71508e-06
0203  4.80341e+18  2.06038e+03  2.38799e+06  1.13222e-18  0.00000e+00  0.00000e+00  1.70195e-06
0204  4.82183e+18  2.05949e+03  2.39645e+06  1.11384e-18  0.00000e+00  0.00000e+00  1.68898e-06
0205  4.84024e+18  2.05848e+03  2.40479e+06  1.09587e-18  0.00000e+00  0.00000e+00  1.67615e-06
0206  4.85866e+18  2.05733e+03  2.41303e+06  1.07830e-18  0.00000e+00  0.00000e+00  1.66347e-06
0207  4.87708e+18  2.05605e+03  2.42116e+06  1.06113e-18  0.00000e+00  0.00000e+00  1.65093e-06
0208  4.89549e+18  2.05463e+03  2.42920e+06  1.04434e-18  0.00000e+00  0.00000e+00  1.63853e-06
0209  4.91391e+18  2.05305e+03  2.43715e+06  1.02793e-18  0.00000e+00  0.00000e+00  1.62627e-06
0210  4.93232e+18  2.05130e+03  2.44502e+06  1.01188e-18  0.00000e+00  0.00000e+00  1.61415e-06
0211  4.95074e+18  2.04944e+03  2.45278e+06  9.96187e-19  0.00000e+00  0.00000e+00  1.60217e-06
0212  4.96915e+18  2.04742e+03  2.46045e+06  9.80834e-19  0.00000e+00  0.00000e+00  1.59031e-06
0213  4.98757e+18  2.04526e+03  2.46802e+06  9.65814e-19  0.00000e+00  0.00000e+00  1.57859e-06
0214  5.00598e+18  2.04298e+03  2.47548e+06  9.51115e-19  0.00000e+00  0.00000e+00  1.56700e-06
0215  5.02440e+18  2.04058e+03  2.48282e+06  9.36730e-19  0.00000e+00  0.00000e+00  1.55553e-06
0216  5.04282e+18  2.03806e+03  2.49005e+06  9.22647e-19  0.00000e+00  0.00000e+00  1.54419e-06
0217  5.06123e+18  2.03543e+03  2.49716e+06  9.08861e-19  0.00000e+00  0.00000e+00  1.53298e-06
0218  5.07965e+18  2.03268e+03  2.50416e+06  8.95362e-19  0.00000e+00  0.00000e+00  1.52188e-06
0219  5.09806e+18  2.02980e+03  2.51106e+06  8.82143e-19  0.00000e+00  0.00000e+00  1.51091e-06
0220  5.11648e+18  2.02680e+03  2.51787e+06  8.69196e-19  0.00000e+00  0.00000e+00  1.50005e-06
0221  5.13489e+18  2.02365e+03  2.52459e+06  8.56513e-19  0.00000e+00  0.00000e+00  1.48931e-06
0222  5.15331e+18  2.02038e+03  2.53124e+06  8.44084e-19  0.00000e+00  0.00000e+00  1.47868e-06
0223  5.17172e+18  2.01700e+03  2.53784e+06  8.32560e-19  0.00000e+00  0.00000e+00  1.46817e-06
0224  5.19014e+18  2.01350e+03  2.54438e+06  8.20523e-19  0.00000e+00  0.00000e+00  1.45777e-06
0225  5.20856e+18  2.00989e+03  2.55085e+06  8.08719e-19  0.00000e+00  0.00000e+00  1.44748e-06
0226  5.22697e+18  2.00617e+03  2.55726e+06  7.97141e-19  0.00000e+00  0.00000e+00  1.43730e-06
0227  5.24539e+18  2.00237e+03  2.56361e+06  7.85783e-19  0.00000e+00  0.00000e+00  1.42723e-06
0228  5.26380e+18  1.99848e+03  2.56989e+06  7.74637e-19  0.00000e+00  0.00000e+00  1.41726e-06
0229  5.28222e+18  1.99453e+03  2.57609e+06  7.63696e-19  0.00000e+00  0.00000e+00  1.40739e-06
0230  5.30063e+18  1.99052e+03  2.58222e+06  7.52954e-19  0.00000e+00  0.00000e+00  1.39763e-06
0231  5.31905e+18  1.98646e+03  2.58827e+06  7.42405e-19  0.00000e+00  0.00000e+00  1.38797e-06
0232  5.33746e+18  1.98236e+03  2.59425e+06  7.32044e-19  0.00000e+00  0.00000e+00  1.37841e-06
0233  5.35588e+18  1.97822e+03  2.60015e+06  7.21866e-19  0.00000e+00  0.00000e+00  1.36894e-06
0234  5.37430e+18  1.97403e+03  2.60600e+06  7.11866e-19  0.00000e+00  0.00000e+00  1.35958e-06
0235  5.39271e+18  1.96979e+03  2.61178e+06  7.02040e-19  0.00000e+00  0.00000e+00  1.35031e-06
0236  5.41113e+18  1.96550e+03  2.61752e+06  6.92382e-19  0.00000e+00  0.00000e+00  1.34113e-06
0237  5.42954e+18  1.96115e+03  2.62322e+06  6.82889e-19  0.00000e+00  0.00000e+00  1.33205e-06
0238  5.44796e+18  1.95674e+03  2.62888e+06  6.73556e-19  0.00000e+00  0.00000e+00  1.32306e-06
0239  5.46637e+18  1.95227e+03  2.63451e+06  6.64380e-19  0.00000e+00  0.00000e+00  1.31416e-06
0240  5.48479e+18  1.94773e+03  2.64012e+06  6.55355e-19  0.00000e+00  0.00000e+00  1.30535e-06
0241  5.50320e+18  1.94315e+03  2.64569e+06  6.46479e-19  0.00000e+00  0.00000e+00  1.29663e-06
0242  5.52162e+18  1.93851e+03  2.65123e+06  6.37748e-19  0.00000e+00  0.00000e+00  1.28800e-06
0243  5.54004e+18  1.93384e+03  2.65672e+06  6.29157e-19  0.00000e+00  0.00000e+00  1.27945e-06
0244  5.55845e+18  1.92915e+03  2.66217e+06  6.20703e-19  0.00000e+00  0.00000e+00  1.27098e-06
0245  5.57687e+18  1.92444e+03  2.66756e+06  6.12383e-19  0.00000e+00  0.00000e+00  1.26260e-06
0246  5.59528e+18  1.91974e+03  2.67289e+06  6.04194e-19  0.00000e+00  0.00000e+00  1.25431e-06
0247  5.61370e+18  1.91504e+03  2.67817e+06  5.96132e-19  0.00000e+00  0.00000e+00  1.24609e-06
0248  5.63211e+18  1.91036e+03  2.68339e+06  5.88193e-19  0.00000e+00  0.00000e+00  1.23795e-06
0249  5.65053e+18  1.90570e+03  2.68856e+06  5.80376e-19  0.00000e+00  0.00000e+00  1.22990e-06
0250  5.66894e+18  1.90106e+03  2.69368e+06  5.72677e-19  0.00000e+00  0.00000e+00  1.22192e-06
0251  5.68736e+18  1.89645e+03  2.69878e+06  5.65092e-19  0.00000e+00  0.00000e+00  1.21402e-06
0252  5.70578e+18  1.89185e+03  2.70385e+06  5.57618e-19  0.00000e+00  0.00000e+00  1.20620e-06
0253  5.72419e+18  1.88729e+03  2.70890e+06  5.50253e-19  0.00000e+00  0.00000e+00  1.19845e-06
0254  5.74261e+18  1.88274e+03  2.71396e+06  5.42994e-19  0.00000e+00  0.00000e+00  1.19077e-06
0255  5.76102e+18  1.87822e+03  2.71902e+06  5.35838e-19  0.00000e+00  0.00000e+00  1.18317e-06
0256  5.77944e+18  1.87372e+03  2.72410e+06  5.28782e-19  0.00000e+00  0.00000e+00  1.17565e-06
0257  5.79785e+18  1.86924e+03  2.72921e+06  5.21824e-19  0.00000e+00  0.00000e+00  1.16819e-06
0258  5.81627e+18  1.86479e+03  2.73436e+06  5.14961e-19  0.00000e+00  0.00000e+00  1.16080e-06
0259  5.83468e+18  1.86036e+03  2.73953e+06  5.08192e-19  0.00000e+00  0.00000e+00  1.15349e-06
0260  5.85310e+18  1.85598e+03  2.74474e+06  5.01515e-19  0.00000e+00  0.00000e+00  1.14624e-06
0261  5.87152e+18  1.85165e+03  2.74995e+06  4.94931e-19  0.00000e+00  0.00000e+00  1.13906e-06
0262  5.88993e+18  1.84739e+03  2.75518e+06  4.88437e-19  0.00000e+00  0.00000e+00  1.13195e-06
0263  5.90835e+18  1.84319e+03  2.76039e+06  4.82035e-19  0.00000e+00  0.00000e+00  1.12490e-06
0264  5.92676e+18  1.83905e+03  2.76560e+06  4.75722e-19  0.00000e+00  0.00000e+00  1.11792e-06
0265  5.94518e+18  1.83498e+03  2.77079e+06  4.69499e-19  0.00000e+00  0.00000e+00  1.11101e-06
0266  5.96359e+18  1.83097e+03  2.77595e+06  4.63365e-19  0.00000e+00  0.00000e+00  1.10416e-06
0267  5.98201e+18  1.82701e+03  2.78108e+06  4.57320e-19  0.00000e+00  0.00000e+00  1.09737e-06
0268  6.00043e+18  1.82308e+03  2.78617e+06  4.51364e-19  0.00000e+00  0.00000e+00  1.09065e-06
0269  6.01884e+18  1.81919e+03  2.79121e+06  4.45495e-19  0.00000e+00  0.00000e+00  1.08398e-06
0270  6.03726e+18  1.81531e+03  2.79619e+06  4.39713e-19  0.00000e+00  0.00000e+00  1.07738e-06
0271  6.05567e+18  1.81144e+03  2.80111e+06  4.34017e-19  0.00000e+00  0.00000e+00  1.07084e-06
0272  6.07409e+18  1.80756e+03  2.80598e+06  4.28403e-19  0.00000e+00  0.00000e+00  1.06435e-06
0273  6.09250e+18  1.80369e+03  2.81085e+06  4.24267e-19  0.00000e+00  0.00000e+00  1.05793e-06
0274  6.11092e+18  1.79981e+03  2.81570e+06  4.19101e-19  0.00000e+00  0.00000e+00  1.05156e-06
0275  6.12933e+18  1.79590e+03  2.82051e+06  4.14012e-19  0.00000e+00  0.00000e+00  1.04525e-06
0276  6.14775e+18  1.79195e+03  2.82527e+06  4.08999e-19  0.00000e+00  0.00000e+00  1.03900e-06
0277  6.16617e+18  1.78798e+03  2.82997e+06  4.04061e-19  0.00000e+00  0.00000e+00  1.03280e-06
0278  6.18458e+18  1.78397e+03  2.83461e+06  3.99197e-19  0.00000e+00  0.00000e+00  1.02666e-06
0279  6.20300e+18  1.77994e+03  2.83917e+06  3.94405e-19  0.00000e+00  0.00000e+00  1.02057e-06
0280  6.22141e+18  1.77591e+03  2.84364e+06  3.89684e-19  0.00000e+00  0.00000e+00  1.01454e-06
0281  6.23983e+18  1.77188e+03  2.84804e+06  3.85031e-19  0.00000e+00  0.00000e+00  1.00856e-06
0282  6.25824e+18  1.76787e+03  2.85235e+06  3.80445e-19  0.00000e+00  0.00000e+00  1.00263e-06
0283  6.27666e+18  1.76388e+03  2.85659e+06  3.75923e-19  0.00000e+00  0.00000e+00  9.96760e-07
0284  6.29507e+18  1.75995e+03  2.86076e+06  3.71463e-19  0.00000e+00  0.00000e+00  9.90937e-07
0285  6.31349e+18  1.75606e+03  2.86488e+06  3.67062e-19  0.00000e+00  0.00000e+00  9.85164e-07
0286  6.33191e+18  1.75224e+03  2.86898e+06  3.62717e-19  0.00000e+00  0.00000e+00  9.79442e-07
0287  6.35032e+18  1.74848e+03  2.87307e+06  3.58427e-19  0.00000e+00  0.00000e+00  9.73770e-07
0288  6.36874e+18  1.74479e+03  2.87720e+06  3.54188e-19  0.00000e+00  0.00000e+00  9.68146e-07
0289  6.38715e+18  1.74116e+03  2.88138e+06  3.49997e-19  0.00000e+00  0.00000e+00  9.62572e-07
0290  6.40557e+18  1.73760e+03  2.88564e+06  3.45854e-19  0.00000e+00  0.00000e+00  9.57045e-07
0291  6.42398e+18  1.73411e+03  2.89002e+06  3.41755e-19  0.00000e+00  0.00000e+00  9.51566e-07
0292  6.44240e+18  1.73069e+03  2.89452e+06  3.37698e-19  0.00000e+00  0.00000e+00  9.46133e-07
0293  6.46081e+18  1.72735e+03  2.89916e+06  3.33683e-19  0.00000e+00  0.00000e+00  9.40747e-07
0294  6.47923e+18  1.72406e+03  2.90389e+06  3.29714e-19  0.00000e+00  0.00000e+00  9.35407e-07
0295  6.49765e+18  1.72078e+03  2.90861e+06  3.25797e-19  0.00000e+00  0.00000e+00  9.30113e-07
0296  6.51606e+18  1.71749e+03  2.91329e+06  3.21935e-19  0.00000e+00  0.00000e+00  9.24863e-07
0297  6.53448e+18  1.71446e+03  2.91836e+06  3.18091e-19  0.00000e+00  0.00000e+00  9.19657e-07
0298  6.55289e+18  1.71246e+03  2.92510e+06  3.14167e-19  0.00000e+00  0.00000e+00  9.14495e-07
0299  6.57131e+18  1.71239e+03  2.93509e+06  3.10051e-19  0.00000e+00  0.00000e+00  9.09377e-07
0300  6.58972e+18  1.71227e+03  2.94492e+06  3.06010e-19  0.00000e+00  0.00000e+00  9.04301e-07
0301  6.60814e+18  1.70574e+03  2.94360e+06  3.02846e-19  0.00000e+00  0.00000e+00  8.99268e-07
0302  6.62655e+18  1.69548e+03  2.93565e+06  3.00181e-19  0.00000e+00  0.00000e+00  8.94277e-07
0303  6.64497e+18  1.68012e+03  2.91860e+06  2.98149e-19  0.00000e+00  0.00000e+00  8.89327e-07
0304  6.66339e+18  1.64835e+03  2.87259e+06  2.98004e-19  0.00000e+00  0.00000e+00  8.84418e-07
0305  6.68180e+18  1.57477e+03  2.75295e+06  3.02076e-19  0.00000e+00  0.00000e+00  8.79550e-07
0306  6.70022e+18  1.41457e+03  2.48024e+06  3.11654e-19  0.00000e+00  0.00000e+00  8.74722e-07
0307  6.71863e+18  1.12971e+03  1.98537e+06  3.04434e-19  0.00000e+00  0.00000e+00  8.69933e-07
0308  6.73705e+18  7.64380e+02  1.34537e+06  2.25076e-19  0.00000e+00  0.00000e+00  8.65184e-07
0309  6.75546e+18  4.42479e+02  7.79717e+05  6.83134e-19  0.00000e+00  0.00000e+00  8.60473e-07
0310  6.77388e+18  2.38957e+02  4.14149e+05  1.47053e-18  0.00000e+00  0.00000e+00  8.55801e-07
0311  6.79229e+18  1.45399e+02  2.40005e+05 -3.86563e-18  0.00000e+00  0.00000e+00  8.51167e-07
0312  6.81071e+18  1.23042e+02  1.96803e+05 -2.99538e-18  0.00000e+00  0.00000e+00  8.46570e-07
0313  6.82913e+18  1.23003e+02  1.91996e+05 -4.58317e-19  0.00000e+00  0.00000e+00  8.42010e-07
0314  6.84754e+18  1.28429e+02  1.95506e+05  7.64611e-19  0.00000e+00  0.00000e+00  8.37487e-07
0315  6.86596e+18  1.44972e+02  2.12928e+05  2.13644e-18  0.00000e+00  0.00000e+00  8.33001e-07
0316  6.88437e+18  1.78164e+02  2.49351e+05  3.28346e-18  0.00000e+00  0.00000e+00  8.28550e-07
0317  6.90279e+18  2.30942e+02  3.05337e+05  4.10382e-18  0.00000e+00  0.00000e+00  8.24135e-07
0318  6.92120e+18  2.98919e+02  3.73261e+05  3.62807e-18  0.00000e+00  0.00000e+00  8.19755e-07
0319  6.93962e+18  3.70531e+02  4.41800e+05  2.82163e-18  0.00000e+00  0.00000e+00  8.15410e-07
0320  6.95803e+18  4.35823e+02  5.02330e+05  2.20604e-18  0.00000e+00  0.00000e+00  8.11100e-07
0321  6.97645e+18  4.91724e+02  5.52061e+05  1.80597e-18  0.00000e+00  0.00000e+00  8.06824e-07
0322  6.99487e+18  5.39364e+02  5.92105e+05  1.54328e-18  0.00000e+00  0.00000e+00  8.02581e-07
0323  7.01328e+18  5.80706e+02  6.24726e+05  1.36287e-18  0.00000e+00  0.00000e+00  7.98371e-07
0324  7.03170e+18  6.17369e+02  6.51912e+05  1.22687e-18  0.00000e+00  0.00000e+00  7.94195e-07
0325  7.05011e+18  6.50605e+02  6.75228e+05  1.11701e-18  0.00000e+00  0.00000e+00  7.90052e-07
0326  7.06853e+18  6.81396e+02  6.95843e+05  1.03918e-18  0.00000e+00  0.00000e+00  7.85940e-07
0327  7.08694e+18  7.10407e+02  7.14419e+05  9.74313e-19  0.00000e+00  0.00000e+00  7.81861e-07
0328  7.10536e+18  7.38019e+02  7.31383e+05  9.17363e-19  0.00000e+00  0.00000e+00  7.77813e-07
0329  7.12378e+18  7.64467e+02  7.47035e+05  8.66741e-19  0.00000e+00  0.00000e+00  7.73797e-07
0330  7.14219e+18  7.89944e+02  7.61615e+05  8.21849e-19  0.00000e+00  0.00000e+00  7.69812e-07
0331  7.16061e+18  8.14616e+02  7.75311e+05  7.83088e-19  0.00000e+00  0.00000e+00  7.65858e-07
0332  7.17902e+18  8.38607e+02  7.88248e+05  7.47549e-19  0.00000e+00  0.00000e+00  7.61933e-07
0333  7.19744e+18  8.61997e+02  8.00526e+05  7.14743e-19  0.00000e+00  0.00000e+00  7.58039e-07
0334  7.21585e+18  8.84836e+02  8.12215e+05  6.84352e-19  0.00000e+00  0.00000e+00  7.54175e-07
0335  7.23427e+18  9.07158e+02  8.23363e+05  6.56124e-19  0.00000e+00  0.00000e+00  7.50340e-07
0336  7.25268e+18  9.29045e+02  8.34059e+05  6.29888e-19  0.00000e+00  0.00000e+00  7.46535e-07
0337  7.27110e+18  9.50619e+02  8.44434e+05  6.11485e-19  0.00000e+00  0.00000e+00  7.42758e-07
0338  7.28952e+18  9.71931e+02  8.54464e+05  5.90558e-19  0.00000e+00  0.00000e+00  7.39010e-07
0339  7.30793e+18  9.92952e+02  8.64157e+05  5.70686e-19  0.00000e+00  0.00000e+00  7.35290e-07
0340  7.32635e+18  1.01366e+03  8.73530e+05  5.51814e-19  0.00000e+00  0.00000e+00  7.31598e-07
0341  7.34476e+18  1.03407e+03  8.82602e+05  5.33878e-19  0.00000e+00  0.00000e+00  7.27934e-07
0342  7.36318e+18  1.05420e+03  8.91400e+05  5.17675e-19  0.00000e+00  0.00000e+00  7.24298e-07
0343  7.38159e+18  1.07407e+03  8.99937e+05  5.02230e-19  0.00000e+00  0.00000e+00  7.20688e-07
0344  7.40001e+18  1.09369e+03  9.08228e+05  4.87445e-19  0.00000e+00  0.00000e+00  7.17106e-07
0345  7.41842e+18  1.11307e+03  9.16288e+05  4.73285e-19  0.00000e+00  0.00000e+00  7.13550e-07
0346  7.43684e+18  1.13220e+03  9.24128e+05  4.59718e-19  0.00000e+00  0.00000e+00  7.10020e-07
0347  7.45526e+18  1.15111e+03  9.31759e+05  4.46714e-19  0.00000e+00  0.00000e+00  7.06517e-07
0348  7.47367e+18  1.16978e+03  9.39189e+05  4.34245e-19  0.00000e+00  0.00000e+00  7.03039e-07
0349  7.49209e+18  1.18821e+03  9.46426e+05  4.22286e-19  0.00000e+00  0.00000e+00  6.99587e-07
0350  7.51050e+18  1.20641e+03  9.53473e+05  4.10813e-19  0.00000e+00  0.00000e+00  6.96161e-07
0351  7.52892e+18  1.22437e+03  9.60331e+05  3.99807e-19  0.00000e+00  0.00000e+00  6.92759e-07
0352  7.54733e+18  1.24210e+03  9.67007e+05  3.89245e-19  0.00000e+00  0.00000e+00  6.89383e-07
0353  7.56575e+18  1.25962e+03  9.73534e+05  3.79794e-19  0.00000e+00  0.00000e+00  6.86031e-07
0354  7.58416e+18  1.27699e+03  9.79936e+05  3.71675e-19  0.00000e+00  0.00000e+00  6.82703e-07
0355  7.60258e+18  1.29423e+03  9.86221e+05  3.63757e-19  0.00000e+00  0.00000e+00  6.79400e-07
0356  7.62100e+18  1.31134e+03  9.92396e+05  3.56037e-19  0.00000e+00  0.00000e+00  6.76121e-07
0357  7.63941e+18  1.32831e+03  9.98463e+05  3.48512e-19  0.00000e+00  0.00000e+00  6.72865e-07
0358  7.65783e+18  1.34514e+03  1.00442e+06  3.41182e-19  0.00000e+00  0.00000e+00  6.69632e-07
0359  7.67624e+18  1.36182e+03  1.01028e+06  3.34045e-19  0.00000e+00  0.00000e+00  6.66423e-07
0360  7.69466e+18  1.37834e+03  1.01603e+06  3.27099e-19  0.00000e+00  0.00000e+00  6.63237e-07
0361  7.71307e+18  1.39469e+03  1.02167e+06  3.20340e-19  0.00000e+00  0.00000e+00  6.60074e-07
0362  7.73149e+18  1.41087e+03  1.02721e+06  3.13765e-19  0.00000e+00  0.00000e+00  6.56933e-07
0363  7.74990e+18  1.42688e+03  1.03264e+06  3.07372e-19  0.00000e+00  0.00000e+00  6.53815e-07
0364  7.76832e+18  1.44271e+03  1.03797e+06  3.01156e-19  0.00000e+00  0.00000e+00  6.50719e-07
0365  7.78674e+18  1.45836e+03  1.04320e+06  2.95113e-19  0.00000e+00  0.00000e+00  6.47644e-07
0366  7.80515e+18  1.47381e+03  1.04834e+06  2.89239e-19  0.00000e+00  0.00000e+00  6.44592e-07
0367  7.82357e+18  1.48908e+03  1.05337e+06  2.83530e-19  0.00000e+00  0.00000e+00  6.41561e-07
0368  7.84198e+18  1.50417e+03  1.05832e+06  2.78045e-19  0.00000e+00  0.00000e+00  6.38551e-07
0369  7.86040e+18  1.51907e+03  1.06318e+06  2.72840e-19  0.00000e+00  0.00000e+00  6.35563e-07
0370  7.87881e+18  1.53380e+03  1.06796e+06  2.67767e-19  0.00000e+00  0.00000e+00  6.32595e-07
0371  7.89723e+18  1.54835e+03  1.07265e+06  2.62824e-19  0.00000e+00  0.00000e+00  6.29648e-07
0372  7.91564e+18  1.56273e+03  1.07727e+06  2.58007e-19  0.00000e+00  0.00000e+00  6.26722e-07
0373  7.93406e+18  1.57692e+03  1.08182e+06  2.53313e-19  0.00000e+00  0.00000e+00  6.23816e-07
0374  7.95248e+18  1.59093e+03  1.08630e+06  2.48738e-19  0.00000e+00  0.00000e+00  6.20930e-07
0375  7.97089e+18  1.60476e+03  1.09071e+06  2.44280e-19  0.00000e+00  0.00000e+00  6.18064e-07
0376  7.98931e+18  1.61841e+03  1.09506e+06  2.39935e-19  0.00000e+00  0.00000e+00  6.15218e-07
0377  8.00772e+18  1.63187e+03  1.09935e+06  2.35701e-19  0.00000e+00  0.00000e+00  6.12392e-07
0378  8.02614e+18  1.64514e+03  1.10359e+06  2.31573e-19  0.00000e+00  0.00000e+00  6.09585e-07
0379  8.04455e+18  1.65824e+03  1.10777e+06  2.27550e-19  0.00000e+00  0.00000e+00  6.06797e-07
0380  8.06297e+18  1.67114e+03  1.11190e+06  2.23628e-19  0.00000e+00  0.00000e+00  6.04029e-07
0381  8.08139e+18  1.68387e+03  1.11597e+06  2.19804e-19  0.00000e+00  0.00000e+00  6.01279e-07
0382  8.09980e+18  1.69641e+03  1.12000e+06  2.16075e-19  0.00000e+00  0.00000e+00  5.98548e-07
0383  8.11822e+18  1.70877e+03  1.12399e+06  2.12439e-19  0.00000e+00  0.00000e+00  5.95835e-07
0384  8.13663e+18  1.72095e+03  1.12793e+06  2.08893e-19  0.00000e+00  0.00000e+00  5.93141e-07
0385  8.15505e+18  1.73295e+03  1.13182e+06  2.05434e-19  0.00000e+00  0.00000e+00  5.90466e-07
0386  8.17346e+18  1.74478e+03  1.13567e+06  2.02060e-19  0.00000e+00  0.00000e+00  5.87808e-07
0387  8.19188e+18  1.75643e+03  1.13949e+06  1.98767e-19  0.00000e+00  0.00000e+00  5.85168e-07
0388  8.21029e+18  1.76791e+03  1.14327e+06  1.95567e-19  0.00000e+00  0.00000e+00  5.82546e-07
0389  8.22871e+18  1.77922e+03  1.14702e+06  1.92464e-19  0.00000e+00  0.00000e+00  5.79941e-07
0390  8.24713e+18  1.79037e+03  1.15073e+06  1.89434e-19  0.00000e+00  0.00000e+00  5.77354e-07
0391  8.26554e+18  1.80135e+03  1.15441e+06  1.86475e-19  0.00000e+00  0.00000e+00  5.74784e-07
0392  8.28396e+18  1.81216e+03  1.15807e+06  1.83462e-19  0.00000e+00  0.00000e+00  5.72232e-07
0393  8.30237e+18  1.82282e+03  1.16170e+06  1.80877e-19  0.00000e+00  0.00000e+00  5.69696e-07
0394  8.32079e+18  1.83334e+03  1.16532e+06  1.78340e-19  0.00000e+00  0.00000e+00  5.67177e-07
0395  8.33920e+18  1.84372e+03  1.16892e+06  1.75850e-19  0.00000e+00  0.00000e+00  5.64675e-07
0396  8.35762e+18  1.85396e+03  1.17251e+06  1.73407e-19  0.00000e+00  0.00000e+00  5.62189e-07
0397  8.37603e+18  1.86405e+03  1.17608e+06  1.71010e-19  0.00000e+00  0.00000e+00  5.59720e-07
0398  8.39445e+18  1.87401e+03  1.17964e+06  1.68657e-19  0.00000e+00  0.00000e+00  5.57267e-07
0399  8.41287e+18  1.88381e+03  1.18320e+06  1.66349e-19  0.00000e+00  0.00000e+00  5.54830e-07
0400  8.43128e+18  1.89347e+03  1.18674e+06  1.64084e-19  0.00000e+00  0.00000e+00  5.52409e-07
0401  8.44970e+18  1.90297e+03  1.19027e+06  1.61862e-19  0.00000e+00  0.00000e+00  5.50003e-07
0402  8.46811e+18  1.91233e+03  1.19380e+06  1.59683e-19  0.00000e+00  0.00000e+00  5.47614e-07
0403  8.48653e+18  1.92153e+03  1.19732e+06  1.57545e-19  0.00000e+00  0.00000e+00  5.45240e-07
0404  8.50494e+18  1.93059e+03  1.20083e+06  1.55447e-19  0.00000e+00  0.00000e+00  5.42881e-07
0405  8.52336e+18  1.93950e+03  1.20433e+06  1.53388e-19  0.00000e+00  0.00000e+00  5.40538e-07
0406  8.54177e+18  1.94827e+03  1.20783e+06  1.51369e-19  0.00000e+00  0.00000e+00  5.38209e-07
0407  8.56019e+18  1.95690e+03  1.21132e+06  1.49387e-19  0.00000e+00  0.00000e+00  5.35896e-07
0408  8.57861e+18  1.96539e+03  1.21480e+06  1.47442e-19  0.00000e+00  0.00000e+00  5.33598e-07
0409  8.59702e+18  1.97375e+03  1.21827e+06  1.45533e-19  0.00000e+00  0.00000e+00  5.31314e-07
0410  8.61544e+18  1.98198e+03  1.22174e+06  1.43659e-19  0.00000e+00  0.00000e+00  5.29045e-07
0411  8.63385e+18  1.99007e+03  1.22520e+06  1.41820e-19  0.00000e+00  0.00000e+00  5.26791e-07
0412  8.65227e+18  1.99803e+03  1.22865e+06  1.40015e-19  0.00000e+00  0.00000e+00  5.24551e-07
0413  8.67068e+18  2.00586e+03  1.23210e+06  1.38242e-19  0.00000e+00  0.00000e+00  5.22325e-07
0414  8.68910e+18  2.01356e+03  1.23555e+06  1.36502e-19  0.00000e+00  0.00000e+00  5.20113e-07
0415  8.70751e+18  2.02113e+03  1.23900e+06  1.34794e-19  0.00000e+00  0.00000e+00  5.17916e-07
0416  8.72593e+18  2.02857e+03  1.24244e+06  1.33117e-19  0.00000e+00  0.00000e+00  5.15732e-07
0417  8.74435e+18  2.03588e+03  1.24589e+06  1.31470e-19  0.00000e+00  0.00000e+00  5.13562e-07
0418  8.76276e+18  2.04306e+03  1.24933e+06  1.29852e-19  0.00000e+00  0.00000e+00  5.11406e-07
0419  8.78118e+18  2.05013e+03  1.25277e+06  1.28264e-19  0.00000e+00  0.00000e+00  5.09263e-07
0420  8.79959e+18  2.05707e+03  1.25621e+06  1.26703e-19  0.00000e+00  0.00000e+00  5.07134e-07
0421  8.81801e+18  2.06389e+03  1.25965e+06  1.25171e-19  0.00000e+00  0.00000e+00  5.05018e-07
0422  8.83642e+18  2.07059e+03  1.26309e+06  1.23665e-19  0.00000e+00  0.00000e+00  5.02915e-07
0423  8.85484e+18  2.07717e+03  1.26653e+06  1.22185e-19  0.00000e+00  0.00000e+00  5.00825e-07
0424  8.87326e+18  2.08364e+03  1.26997e+06  1.20732e-19  0.00000e+00  0.00000e+00  4.98749e-07
0425  8.89167e+18  2.08999e+03  1.27341e+06  1.19304e-19  0.00000e+00  0.00000e+00  4.96685e-07
0426  8.91009e+18  2.09622e+03  1.27685e+06  1.17900e-19  0.00000e+00  0.00000e+00  4.94634e-07
0427  8.92850e+18  2.10233e+03  1.28029e+06  1.16522e-19  0.00000e+00  0.00000e+00  4.92595e-07
0428  8.94692e+18  2.10833e+03  1.28373e+06  1.15166e-19  0.00000e+00  0.00000e+00  4.90570e-07
0429  8.96533e+18  2.11421e+03  1.28717e+06  1.13835e-19  0.00000e+00  0.00000e+00  4.88556e-07
0430  8.98375e+18  2.11999e+03  1.29061e+06  1.12525e-19  0.00000e+00  0.00000e+00  4.86555e-07
0431  9.00216e+18  2.12566e+03  1.29404e+06  1.11239e-19  0.00000e+00  0.00000e+00  4.84567e-07
0432  9.02058e+18  2.13122e+03  1.29747e+06  1.09974e-19  0.00000e+00  0.00000e+00  4.82590e-07
0433  9.03900e+18  2.13667e+03  1.30090e+06  1.08730e-19  0.00000e+00  0.00000e+00  4.80626e-07
0434  9.05741e+18  2.14202e+03  1.30432e+06  1.07507e-19  0.00000e+00  0.00000e+00  4.78674e-07
0435  9.07583e+18  2.14726e+03  1.30775e+06  1.06305e-19  0.00000e+00  0.00000e+00  4.76733e-07
0436  9.09424e+18  2.15239e+03  1.31116e+06  1.05124e-19  0.00000e+00  0.00000e+00  4.74804e-07
0437  9.11266e+18  2.15741e+03  1.31457e+06  1.03962e-19  0.00000e+00  0.00000e+00  4.72887e-07
0438  9.13107e+18  2.16232e+03  1.31798e+06  1.02820e-19  0.00000e+00  0.00000e+00  4.70982e-07
0439  9.14949e+18  2.16712e+03  1.32138e+06  1.01697e-19  0.00000e+00  0.00000e+00  4.69088e-07
0440  9.16790e+18  2.17180e+03  1.32478e+06  1.00596e-19  0.00000e+00  0.00000e+00  4.67205e-07
0441  9.18632e+18  2.17637e+03  1.32817e+06  9.95277e-20  0.00000e+00  0.00000e+00  4.65334e-07
0442  9.20474e+18  2.18082e+03  1.33155e+06  9.84772e-20  0.00000e+00  0.00000e+00  4.63474e-07
0443  9.22315e+18  2.18516e+03  1.33493e+06  9.74439e-20  0.00000e+00  0.00000e+00  4.61625e-07
0444  9.24157e+18  2.18939e+03  1.33830e+06  9.64272e-20  0.00000e+00  0.00000e+00  4.59787e-07
0445  9.25998e+18  2.19351e+03  1.34167e+06  9.53794e-20  0.00000e+00  0.00000e+00  4.57960e-07
0446  9.27840e+18  2.19754e+03  1.34506e+06  9.44125e-20  0.00000e+00  0.00000e+00  4.56144e-07
0447  9.29681e+18  2.20147e+03  1.34845e+06  9.34599e-20  0.00000e+00  0.00000e+00  4.54338e-07
0448  9.31523e+18  2.20530e+03  1.35185e+06  9.25219e-20  0.00000e+00  0.00000e+00  4.52544e-07
0449  9.33364e+18  2.20902e+03  1.35526e+06  9.15983e-20  0.00000e+00  0.00000e+00  4.50760e-07
0450  9.35206e+18  2.21262e+03  1.35866e+06  9.06894e-20  0.00000e+00  0.00000e+00  4.48986e-07
0451  9.37048e+18  2.21610e+03  1.36206e+06  8.97951e-20  0.00000e+00  0.00000e+00  4.47223e-07
0452  9.38889e+18  2.21944e+03  1.36545e+06  8.89155e-20  0.00000e+00  0.00000e+00  4.45470e-07
0453  9.40731e+18  2.22265e+03  1.36883e+06  8.80505e-20  0.00000e+00  0.00000e+00  4.43728e-07
0454  9.42572e+18  2.22572e+03  1.37220e+06  8.71999e-20  0.00000e+00  0.00000e+00  4.41996e-07
0455  9.44414e+18  2.22866e+03  1.37554e+06  8.63635e-20  0.00000e+00  0.00000e+00  4.40274e-07
0456  9.46255e+18  2.23149e+03  1.37885e+06  8.55406e-20  0.00000e+00  0.00000e+00  4.38562e-07
0457  9.48097e+18  2.23423e+03  1.38212e+06  8.47306e-20  0.00000e+00  0.00000e+00  4.36860e-07
0458  9.49939e+18  2.23688e+03  1.38535e+06  8.39331e-20  0.00000e+00  0.00000e+00  4.35168e-07
0459  9.51780e+18  2.23945e+03  1.38852e+06  8.31479e-20  0.00000e+00  0.00000e+00  4.33485e-07
0460  9.53622e+18  2.24194e+03  1.39164e+06  8.23748e-20  0.00000e+00  0.00000e+00  4.31813e-07
0461  9.55463e+18  2.24436e+03  1.39470e+06  8.16135e-20  0.00000e+00  0.00000e+00  4.30150e-07
0462  9.57305e+18  2.24670e+03  1.39771e+06  8.08639e-20  0.00000e+00  0.00000e+00  4.28496e-07
0463  9.59146e+18  2.24894e+03  1.40067e+06  8.01261e-20  0.00000e+00  0.00000e+00  4.26853e-07
0464  9.60988e+18  2.25108e+03  1.40358e+06  7.94000e-20  0.00000e+00  0.00000e+00  4.25218e-07
0465  9.62829e+18  2.25311e+03  1.40646e+06  7.86855e-20  0.00000e+00  0.00000e+00  4.23593e-07
0466  9.64671e+18  2.25501e+03  1.40930e+06  7.79830e-20  0.00000e+00  0.00000e+00  4.21977e-07
0467  9.66513e+18  2.25674e+03  1.41213e+06  7.72927e-20  0.00000e+00  0.00000e+00  4.20371e-07
0468  9.68354e+18  2.25827e+03  1.41496e+06  7.66149e-20  0.00000e+00  0.00000e+00  4.18773e-07
0469  9.70196e+18  2.25959e+03  1.41781e+06  7.59498e-20  0.00000e+00  0.00000e+00  4.17185e-07
0470  9.72037e+18  2.26068e+03  1.42067e+06  7.52971e-20  0.00000e+00  0.00000e+00  4.15606e-07
0471  9.73879e+18  2.26156e+03  1.42355e+06  7.46566e-20  0.00000e+00  0.00000e+00  4.14036e-07
0472  9.75720e+18  2.26224e+03  1.42644e+06  7.40276e-20  0.00000e+00  0.00000e+00  4.12474e-07
0473  9.77562e+18  2.26275e+03  1.42933e+06  7.34092e-20  0.00000e+00  0.00000e+00  4.10922e-07
0474  9.79403e+18  2.26313e+03  1.43222e+06  7.28004e-20  0.00000e+00  0.00000e+00  4.09378e-07
0475  9.81245e+18  2.26342e+03  1.43508e+06  7.22004e-20  0.00000e+00  0.00000e+00  4.07843e-07
0476  9.83087e+18  2.26366e+03  1.43791e+06  7.16083e-20  0.00000e+00  0.00000e+00  4.06316e-07
0477  9.84928e+18  2.26387e+03  1.44070e+06  7.10235e-20  0.00000e+00  0.00000e+00  4.04798e-07
0478  9.86770e+18  2.26408e+03  1.44344e+06  7.04454e-20  0.00000e+00  0.00000e+00  4.03289e-07
0479  9.88611e+18  2.26430e+03  1.44613e+06  6.98735e-20  0.00000e+00  0.00000e+00  4.01788e-07
0480  9.90453e+18  2.26455e+03  1.44876e+06  6.93076e-20  0.00000e+00  0.00000e+00  4.00295e-07
0481  9.92294e+18  2.26483e+03  1.45134e+06  6.87473e-20  0.00000e+00  0.00000e+00  3.98810e-07
0482  9.94136e+18  2.26514e+03  1.45387e+06  6.81926e-20  0.00000e+00  0.00000e+00  3.97334e-07
0483  9.95977e+18  2.26549e+03  1.45635e+06  6.76432e-20  0.00000e+00  0.00000e+00  3.95866e-07
0484  9.97819e+18  2.26589e+03  1.45878e+06  6.70989e-20  0.00000e+00  0.00000e+00  3.94406e-07
0485  9.99661e+18  2.26636e+03  1.46114e+06  6.65593e-20  0.00000e+00  0.00000e+00  3.92955e-07
0486  1.00150e+19  2.26693e+03  1.46344e+06  6.60237e-20  0.00000e+00  0.00000e+00  3.91511e-07
0487  1.00334e+19  2.26763e+03  1.46566e+06  6.54916e-20  0.00000e+00  0.00000e+00  3.90075e-07
0488  1.00519e+19  2.26839e+03  1.46783e+06  6.49641e-20  0.00000e+00  0.00000e+00  3.88647e-07
0489  1.00703e+19  2.26918e+03  1.46997e+06  6.44416e-20  0.00000e+00  0.00000e+00  3.87227e-07
0490  1.00887e+19  2.27002e+03  1.47207e+06  6.39238e-20  0.00000e+00  0.00000e+00  3.85814e-07
0491  1.01071e+19  2.27093e+03  1.47411e+06  6.34101e-20  0.00000e+00  0.00000e+00  3.84410e-07
0492  1.01255e+19  2.27193e+03  1.47610e+06  6.29003e-20  0.00000e+00  0.00000e+00  3.83013e-07
0493  1.01439e+19  2.27303e+03  1.47804e+06  6.23943e-20  0.00000e+00  0.00000e+00  3.81623e-07
0494  1.01623e+19  2.27422e+03  1.47991e+06  6.18920e-20  0.00000e+00  0.00000e+00  3.80242e-07
0495  1.01808e+19  2.27550e+03  1.48173e+06  6.13936e-20  0.00000e+00  0.00000e+00  3.78867e-07
0496  1.01992e+19  2.27685e+03  1.48350e+06  6.08991e-20  0.00000e+00  0.00000e+00  3.77500e-07
0497  1.02176e+19  2.27827e+03  1.48522e+06  6.04087e-20  0.00000e+00  0.00000e+00  3.76141e-07
0498  1.02360e+19  2.27974e+03  1.48690e+06  5.99225e-20  0.00000e+00  0.00000e+00  3.74789e-07
0499  1.02544e+19  2.28126e+03  1.48854e+06  5.94408e-20  0.00000e+00  0.00000e+00  3.73444e-07
0500  1.02728e+19  2.28280e+03  1.49014e+06  5.89635e-20  0.00000e+00  0.00000e+00  3.72106e-07
0501  1.02913e+19  2.28437e+03  1.49171e+06  5.84908e-20  0.00000e+00  0.00000e+00  3.70775e-07
0502  1.03097e+19  2.28596e+03  1.49325e+06  5.80226e-20  0.00000e+00  0.00000e+00  3.69452e-07
0503  1.03281e+19  2.28757e+03  1.49476e+06  5.75591e-20  0.00000e+00  0.00000e+00  3.68136e-07
0504  1.03465e+19  2.28919e+03  1.49623e+06  5.71002e-20  0.00000e+00  0.00000e+00  3.66826e-07
0505  1.03649e+19  2.29082e+03  1.49768e+06  5.66457e-20  0.00000e+00  0.00000e+00  3.65524e-07
0506  1.03833e+19  2.29247e+03  1.49909e+06  5.61957e-20  0.00000e+00  0.00000e+00  3.64229e-07
0507  1.04017e+19  2.29414e+03  1.50047e+06  5.57502e-20  0.00000e+00  0.00000e+00  3.62940e-07
0508  1.04202e+19  2.29582e+03  1.50181e+06  5.53090e-20  0.00000e+00  0.00000e+00  3.61658e-07
0509  1.04386e+19  2.29751e+03  1.50313e+06  5.48722e-20  0.00000e+00  0.00000e+00  3.60383e-07
0510  1.04570e+19  2.29921e+03  1.50441e+06  5.44396e-20  0.00000e+00  0.00000e+00  3.59115e-07
0511  1.04754e+19  2.30092e+03  1.50567e+06  5.40114e-20  0.00000e+00  0.00000e+00  3.57854e-07
0512  1.04938e+19  2.30264e+03  1.50689e+06  5.35874e-20  0.00000e+00  0.00000e+00  3.56599e-07
0513  1.05122e+19  2.30437e+03  1.50808e+06  5.31676e-20  0.00000e+00  0.00000e+00  3.55350e-07
0514  1.05307e+19  2.30611e+03  1.50924e+06  5.27520e-20  0.00000e+00  0.00000e+00  3.54109e-07
0515  1.05491e+19  2.30785e+03  1.51036e+06  5.23405e-20  0.00000e+00  0.00000e+00  3.52873e-07
0516  1.05675e+19  2.30959e+03  1.51146e+06  5.19333e-20  0.00000e+00  0.00000e+00  3.51645e-07
0517  1.05859e+19  2.31133e+03  1.51251e+06  5.15302e-20  0.00000e+00  0.00000e+00  3.50422e-07
0518  1.06043e+19  2.31308e+03  1.51354e+06  5.11313e-20  0.00000e+00  0.00000e+00  3.49206e-07
0519  1.06227e+19  2.31482e+03  1.51453e+06  5.07364e-20  0.00000e+00  0.00000e+00  3.47996e-07
0520  1.06412e+19  2.31656e+03  1.51549e+06  5.03457e-20  0.00000e+00  0.00000e+00  3.46793e-07
0521  1.06596e+19  2.31829e+03  1.51642e+06  4.99589e-20  0.00000e+00  0.00000e+00  3.45596e-07
0522  1.06780e+19  2.32002e+03  1.51731e+06  4.95762e-20  0.00000e+00  0.00000e+00  3.44405e-07
0523  1.06964e+19  2.32175e+03  1.51818e+06  4.91974e-20  0.00000e+00  0.00000e+00  3.43220e-07
0524  1.07148e+19  2.32347e+03  1.51901e+06  4.88224e-20  0.00000e+00  0.00000e+00  3.42041e-07
0525  1.07332e+19  2.32518e+03  1.51982e+06  4.84513e-20  0.00000e+00  0.00000e+00  3.40868e-07
0526  1.07516e+19  2.32689e+03  1.52059e+06  4.80840e-20  0.00000e+00  0.00000e+00  3.39702e-07
0527  1.07701e+19  2.32859e+03  1.52134e+06  4.77204e-20  0.00000e+00  0.00000e+00  3.38541e-07
0528  1.07885e+19  2.33028e+03  1.52206e+06  4.73605e-20  0.00000e+00  0.00000e+00  3.37386e-07
0529  1.08069e+19  2.33197e+03  1.52276e+06  4.70042e-20  0.00000e+00  0.00000e+00  3.36237e-07
0530  1.08253e+19  2.33364e+03  1.52344e+06  4.66515e-20  0.00000e+00  0.00000e+00  3.35094e-07
0531  1.08437e+19  2.33531e+03  1.52409e+06  4.63024e-20  0.00000e+00  0.00000e+00  3.33957e-07
0532  1.08621e+19  2.33697e+03  1.52473e+06  4.59567e-20  0.00000e+00  0.00000e+00  3.32826e-07
0533  1.08806e+19  2.33862e+03  1.52534e+06  4.56146e-20  0.00000e+00  0.00000e+00  3.31700e-07
0534  1.08990e+19  2.34025e+03  1.52593e+06  4.52759e-20  0.00000e+00  0.00000e+00  3.30580e-07
0535  1.09174e+19  2.34187e+03  1.52651e+06  4.49405e-20  0.00000e+00  0.00000e+00  3.29466e-07
0536  1.09358e+19  2.34349e+03  1.52706e+06  4.46085e-20  0.00000e+00  0.00000e+00  3.28357e-07
0537  1.09542e+19  2.34508e+03  1.52761e+06  4.42798e-20  0.00000e+00  0.00000e+00  3.27254e-07
0538  1.09726e+19  2.34667e+03  1.52813e+06  4.39543e-20  0.00000e+00  0.00000e+00  3.26156e-07
0539  1.09910e+19  2.34824e+03  1.52864e+06  4.36321e-20  0.00000e+00  0.00000e+00  3.25064e-07
0540  1.10095e+19  2.34980e+03  1.52914e+06  4.33130e-20  0.00000e+00  0.00000e+00  3.23978e-07
0541  1.10279e+19  2.35135e+03  1.52962e+06  4.29971e-20  0.00000e+00  0.00000e+00  3.22897e-07
0542  1.10463e+19  2.35288e+03  1.53009e+06  4.26843e-20  0.00000e+00  0.00000e+00  3.21821e-07
0543  1.10647e+19  2.35440e+03  1.53055e+06  4.23745e-20  0.00000e+00  0.00000e+00  3.20751e-07
0544  1.10831e+19  2.35590e+03  1.53099e+06  4.20677e-20  0.00000e+00  0.00000e+00  3.19686e-07
0545  1.11015e+19  2.35740e+03  1.53142e+06  4.17640e-20  0.00000e+00  0.00000e+00  3.18626e-07
0546  1.11200e+19  2.35888e+03  1.53184e+06  4.14631e-20  0.00000e+00  0.00000e+00  3.17571e-07
0547  1.11384e+19  2.36034e+03  1.53225e+06  4.11651e-20  0.00000e+00  0.00000e+00  3.16522e-07
0548  1.11568e+19  2.36180e+03  1.53265e+06  4.08700e-20  0.00000e+00  0.00000e+00  3.15478e-07
0549  1.11752e+19  2.36324e+03  1.53304e+06  4.05777e-20  0.00000e+00  0.00000e+00  3.14439e-07
0550  1.11936e+19  2.36467e+03  1.53342e+06  4.02882e-20  0.00000e+00  0.00000e+00  3.13405e-07
0551  1.12120e+19  2.36610e+03  1.53379e+06  4.00012e-20  0.00000e+00  0.00000e+00  3.12377e-07
0552  1.12305e+19  2.36746e+03  1.53415e+06  3.97178e-20  0.00000e+00  0.00000e+00  3.11353e-07
0553  1.12489e+19  2.36908e+03  1.53452e+06  3.94332e-20  0.00000e+00  0.00000e+00  3.10335e-07
0554  1.12673e+19  2.36960e+03  1.53483e+06  3.91663e-20  0.00000e+00  0.00000e+00  3.09321e-07
0555  1.12857e+19  2.37622e+03  1.53537e+06  3.88177e-20  0.00000e+00  0.00000e+00  3.08312e-07
