# Athena++ data at time=1.430000e+13  cycle=958245338  variables=uov 
# i       x1v         user_out_var0          user_out_var1          user_out_var2          user_out_var3          user_out_var4          user_out_var5      
0002  1.13875e+18  4.91745e+00  3.03478e+04  5.59999e-16  0.00000e+00  0.00000e+00  3.02826e-05
0003  1.15716e+18  1.03218e+01  4.00224e+04  8.70682e-17  0.00000e+00  0.00000e+00  2.93264e-05
0004  1.17558e+18  1.54636e+01  4.91676e+04  4.30157e-17  0.00000e+00  0.00000e+00  2.84148e-05
0005  1.19399e+18  2.23004e+01  6.13414e+04  6.27746e-17  0.00000e+00  0.00000e+00  2.75451e-05
0006  1.21241e+18  3.29235e+01  8.15990e+04  1.03476e-16  0.00000e+00  0.00000e+00  2.67147e-05
0007  1.23082e+18  5.31276e+01  1.23384e+05  1.29047e-16  0.00000e+00  0.00000e+00  2.59213e-05
0008  1.24924e+18  6.27572e+01  1.36872e+05  2.81812e-17  0.00000e+00  0.00000e+00  2.51628e-05
0009  1.26765e+18  6.77536e+01  1.43373e+05  2.26097e-17  0.00000e+00  0.00000e+00  2.44370e-05
0010  1.28607e+18  7.21109e+01  1.48194e+05  2.04176e-17  0.00000e+00  0.00000e+00  2.37422e-05
0011  1.30448e+18  7.54137e+01  1.50867e+05  1.48588e-17  0.00000e+00  0.00000e+00  2.30766e-05
0012  1.32290e+18  7.84609e+01  1.53364e+05  1.49510e-17  0.00000e+00  0.00000e+00  2.24386e-05
0013  1.34131e+18  8.15903e+01  1.55963e+05  1.49570e-17  0.00000e+00  0.00000e+00  2.18267e-05
0014  1.35973e+18  8.47007e+01  1.58586e+05  1.40253e-17  0.00000e+00  0.00000e+00  2.12395e-05
0015  1.37814e+18  8.75322e+01  1.60745e+05  1.22513e-17  0.00000e+00  0.00000e+00  2.06757e-05
0016  1.39656e+18  9.02154e+01  1.62802e+05  1.17374e-17  0.00000e+00  0.00000e+00  2.01340e-05
0017  1.41497e+18  9.28812e+01  1.64893e+05  1.14586e-17  0.00000e+00  0.00000e+00  1.96134e-05
0018  1.43339e+18  9.54909e+01  1.66991e+05  1.02843e-17  0.00000e+00  0.00000e+00  1.91126e-05
0019  1.45180e+18  9.74410e+01  1.67935e+05 -7.74425e-19  0.00000e+00  0.00000e+00  1.86309e-05
0020  1.47022e+18  9.97017e+01  1.69825e+05  1.02703e-17  0.00000e+00  0.00000e+00  1.81671e-05
0021  1.48863e+18  1.02341e+02  1.72116e+05  4.65545e-17  0.00000e+00  0.00000e+00  1.77204e-05
0022  1.50705e+18  1.04374e+02  1.73445e+05  7.54723e-18  0.00000e+00  0.00000e+00  1.72900e-05
0023  1.52546e+18  1.06316e+02  1.75006e+05  8.08460e-18  0.00000e+00  0.00000e+00  1.68750e-05
0024  1.54388e+18  1.08433e+02  1.76771e+05  8.32895e-18  0.00000e+00  0.00000e+00  1.64749e-05
0027  1.56229e+18  1.10560e+02  1.78616e+05  8.09566e-18  0.00000e+00  0.00000e+00  1.60888e-05
0028  1.58071e+18  1.12660e+02  1.80511e+05  7.90188e-18  0.00000e+00  0.00000e+00  1.57161e-05
0029  1.59912e+18  1.14756e+02  1.82480e+05  7.80400e-18  0.00000e+00  0.00000e+00  1.53562e-05
0030  1.61754e+18  1.16871e+02  1.84551e+05  7.77268e-18  0.00000e+00  0.00000e+00  1.50085e-05
0031  1.63595e+18  1.19028e+02  1.86756e+05  7.80382e-18  0.00000e+00  0.00000e+00  1.46726e-05
0032  1.65437e+18  1.21248e+02  1.89129e+05  7.85274e-18  0.00000e+00  0.00000e+00  1.43477e-05
0033  1.67278e+18  1.23486e+02  1.91614e+05  7.56219e-18  0.00000e+00  0.00000e+00  1.40336e-05
0034  1.69120e+18  1.25423e+02  1.93733e+05  6.49701e-18  0.00000e+00  0.00000e+00  1.37296e-05
0035  1.70961e+18  1.26978e+02  1.95486e+05  5.64842e-18  0.00000e+00  0.00000e+00  1.34354e-05
0036  1.72803e+18  1.28256e+02  1.96962e+05  5.18915e-18  0.00000e+00  0.00000e+00  1.31506e-05
0037  1.74644e+18  1.29517e+02  1.98537e+05  5.35123e-18  0.00000e+00  0.00000e+00  1.28747e-05
0038  1.76486e+18  1.30907e+02  2.00317e+05  5.59873e-18  0.00000e+00  0.00000e+00  1.26074e-05
0039  1.78328e+18  1.32411e+02  2.02298e+05  5.73931e-18  0.00000e+00  0.00000e+00  1.23484e-05
0040  1.80169e+18  1.33995e+02  2.04444e+05  5.79970e-18  0.00000e+00  0.00000e+00  1.20973e-05
0041  1.82011e+18  1.35644e+02  2.06747e+05  5.88914e-18  0.00000e+00  0.00000e+00  1.18537e-05
0042  1.83852e+18  1.37417e+02  2.09303e+05  6.17096e-18  0.00000e+00  0.00000e+00  1.16174e-05
0043  1.85694e+18  1.39413e+02  2.12291e+05  6.25107e-18  0.00000e+00  0.00000e+00  1.13882e-05
0044  1.87535e+18  1.39930e+02  2.13121e+05  4.14436e-18  0.00000e+00  0.00000e+00  1.11656e-05
0045  1.89377e+18  1.39407e+02  2.12344e+05  2.64480e-18  0.00000e+00  0.00000e+00  1.09495e-05
0046  1.91218e+18  1.41122e+02  2.15149e+05  2.57337e-18  0.00000e+00  0.00000e+00  1.07396e-05
0047  1.93060e+18  1.52619e+02  2.33758e+05  1.31312e-17  0.00000e+00  0.00000e+00  1.05357e-05
0048  1.94901e+18  1.55571e+02  2.38634e+05  7.67217e-18  0.00000e+00  0.00000e+00  1.03376e-05
0049  1.96743e+18  1.49244e+02  2.28912e+05  9.17520e-19  0.00000e+00  0.00000e+00  1.01449e-05
0050  1.98584e+18  1.27858e+02  1.97074e+05 -3.36910e-17  0.00000e+00  0.00000e+00  9.95766e-06
0051  2.00426e+18  1.07787e+02  1.76487e+05 -2.90063e-17  0.00000e+00  0.00000e+00  9.77552e-06
0052  2.02267e+18  1.23398e+02  1.92242e+05 -4.59560e-17  0.00000e+00  0.00000e+00  9.59833e-06
0053  2.04109e+18  3.01513e+02  5.61420e+05  1.35769e-16  0.00000e+00  0.00000e+00  9.42591e-06
0054  2.05951e+18  4.37330e+02  7.48281e+05  9.61319e-17  0.00000e+00  0.00000e+00  9.25810e-06
0055  2.07792e+18  3.44632e+02  6.33034e+05  1.12180e-16  0.00000e+00  0.00000e+00  9.09473e-06
0056  2.09634e+18  1.47077e+02  2.28171e+05 -5.09338e-17  0.00000e+00  0.00000e+00  8.93564e-06
0057  2.11475e+18  9.91978e+01  1.69750e+05 -4.64755e-17  0.00000e+00  0.00000e+00  8.78070e-06
0058  2.13317e+18  1.03428e+02  1.72832e+05 -1.23916e-17  0.00000e+00  0.00000e+00  8.62975e-06
0059  2.15158e+18  1.12266e+02  1.80298e+05 -9.36764e-18  0.00000e+00  0.00000e+00  8.48265e-06
0060  2.17000e+18  1.19819e+02  1.87702e+05 -4.11719e-18  0.00000e+00  0.00000e+00  8.33929e-06
0061  2.18841e+18  1.24045e+02  1.92262e+05  4.04409e-19  0.00000e+00  0.00000e+00  8.19953e-06
0062  2.20683e+18  1.26461e+02  1.94921e+05  1.12428e-18  0.00000e+00  0.00000e+00  8.06326e-06
0063  2.22524e+18  1.28402e+02  1.97159e+05  1.16747e-18  0.00000e+00  0.00000e+00  7.93035e-06
0064  2.24366e+18  1.30090e+02  1.99282e+05  1.46247e-18  0.00000e+00  0.00000e+00  7.80071e-06
0065  2.26207e+18  1.31313e+02  2.00856e+05  1.82097e-18  0.00000e+00  0.00000e+00  7.67421e-06
0066  2.28049e+18  1.31820e+02  2.01502e+05  2.43681e-18  0.00000e+00  0.00000e+00  7.55077e-06
0067  2.29891e+18  1.31735e+02  2.01373e+05  2.84514e-18  0.00000e+00  0.00000e+00  7.43029e-06
0068  2.31732e+18  1.31409e+02  2.00934e+05  3.05466e-18  0.00000e+00  0.00000e+00  7.31266e-06
0069  2.33574e+18  1.31096e+02  2.00517e+05  3.16808e-18  0.00000e+00  0.00000e+00  7.19781e-06
0070  2.35415e+18  1.30883e+02  2.00235e+05  3.18960e-18  0.00000e+00  0.00000e+00  7.08564e-06
0071  2.37257e+18  1.30731e+02  2.00038e+05  3.08413e-18  0.00000e+00  0.00000e+00  6.97607e-06
0072  2.39098e+18  1.30543e+02  1.99801e+05  2.84364e-18  0.00000e+00  0.00000e+00  6.86902e-06
0073  2.40940e+18  1.30233e+02  1.99411e+05  2.51858e-18  0.00000e+00  0.00000e+00  6.76442e-06
0074  2.42781e+18  1.29781e+02  1.98842e+05  2.19030e-18  0.00000e+00  0.00000e+00  6.66219e-06
0075  2.44623e+18  1.29281e+02  1.98218e+05  1.88422e-18  0.00000e+00  0.00000e+00  6.56226e-06
0076  2.46464e+18  1.28941e+02  1.97799e+05  1.59396e-18  0.00000e+00  0.00000e+00  6.46456e-06
0077  2.48306e+18  1.28889e+02  1.97740e+05  1.41373e-18  0.00000e+00  0.00000e+00  6.36903e-06
0078  2.50147e+18  1.29113e+02  1.98020e+05  1.39866e-18  0.00000e+00  0.00000e+00  6.27560e-06
0079  2.51989e+18  1.29601e+02  1.98631e+05  1.51255e-18  0.00000e+00  0.00000e+00  6.18421e-06
0080  2.53831e+18  1.30233e+02  1.99435e+05  1.54997e-18  0.00000e+00  0.00000e+00  6.09480e-06
0081  2.55672e+18  1.30801e+02  2.00178e+05  1.31570e-18  0.00000e+00  0.00000e+00  6.00732e-06
0082  2.57514e+18  1.30606e+02  1.99925e+05  1.27595e-18  0.00000e+00  0.00000e+00  5.92171e-06
0083  2.59355e+18  1.29795e+02  1.98897e+05  9.72610e-19  0.00000e+00  0.00000e+00  5.83791e-06
0084  2.61197e+18  1.31205e+02  2.00813e+05 -7.53142e-19  0.00000e+00  0.00000e+00  5.75588e-06
0085  2.63038e+18  1.72256e+02  2.69193e+05  1.76722e-17  0.00000e+00  0.00000e+00  5.67557e-06
0086  2.64880e+18  3.18548e+02  4.86450e+05  1.00307e-16  0.00000e+00  0.00000e+00  5.59693e-06
0087  2.66721e+18  4.97831e+02  7.05699e+05  5.04369e-17  0.00000e+00  0.00000e+00  5.51991e-06
0088  2.68563e+18  6.23462e+02  8.65022e+05  3.16738e-17  0.00000e+00  0.00000e+00  5.44447e-06
0089  2.70404e+18  7.11996e+02  9.77471e+05  2.42959e-17  0.00000e+00  0.00000e+00  5.37056e-06
0090  2.72246e+18  7.81193e+02  1.06557e+06  2.06481e-17  0.00000e+00  0.00000e+00  5.29815e-06
0091  2.74088e+18  8.39696e+02  1.14083e+06  1.82565e-17  0.00000e+00  0.00000e+00  5.22720e-06
0092  2.75929e+18  8.91281e+02  1.20808e+06  1.64936e-17  0.00000e+00  0.00000e+00  5.15766e-06
0093  2.77771e+18  9.38082e+02  1.26979e+06  1.50404e-17  0.00000e+00  0.00000e+00  5.08950e-06
0094  2.79612e+18  9.81630e+02  1.32849e+06  1.42791e-17  0.00000e+00  0.00000e+00  5.02268e-06
0095  2.81454e+18  1.02281e+03  1.38452e+06  1.35411e-17  0.00000e+00  0.00000e+00  4.95717e-06
0096  2.83295e+18  1.06243e+03  1.43863e+06  1.29460e-17  0.00000e+00  0.00000e+00  4.89293e-06
0097  2.85137e+18  1.10072e+03  1.49113e+06  1.23921e-17  0.00000e+00  0.00000e+00  4.82993e-06
0098  2.86978e+18  1.13752e+03  1.54203e+06  1.18553e-17  0.00000e+00  0.00000e+00  4.76814e-06
0099  2.88820e+18  1.17274e+03  1.59155e+06  1.13659e-17  0.00000e+00  0.00000e+00  4.70753e-06
0100  2.90661e+18  1.20647e+03  1.63999e+06  1.09266e-17  0.00000e+00  0.00000e+00  4.64807e-06
0101  2.92503e+18  1.23861e+03  1.68738e+06  1.04966e-17  0.00000e+00  0.00000e+00  4.58973e-06
0102  2.94345e+18  1.26932e+03  1.73397e+06  1.01310e-17  0.00000e+00  0.00000e+00  4.53248e-06
0103  2.96186e+18  1.29876e+03  1.77974e+06  9.79417e-18  0.00000e+00  0.00000e+00  4.47629e-06
0104  2.98028e+18  1.32693e+03  1.82466e+06  9.45945e-18  0.00000e+00  0.00000e+00  4.42114e-06
0105  2.99869e+18  1.35398e+03  1.86896e+06  9.17916e-18  0.00000e+00  0.00000e+00  4.36701e-06
0106  3.01711e+18  1.37993e+03  1.91243e+06  8.87234e-18  0.00000e+00  0.00000e+00  4.31386e-06
0107  3.03552e+18  1.40472e+03  1.95503e+06  8.57295e-18  0.00000e+00  0.00000e+00  4.26168e-06
0108  3.05394e+18  1.42840e+03  1.99669e+06  8.28254e-18  0.00000e+00  0.00000e+00  4.21044e-06
0109  3.07235e+18  1.45101e+03  2.03741e+06  8.00206e-18  0.00000e+00  0.00000e+00  4.16011e-06
0110  3.09077e+18  1.47258e+03  2.07720e+06  7.73198e-18  0.00000e+00  0.00000e+00  4.11069e-06
0111  3.10918e+18  1.49312e+03  2.11609e+06  7.47242e-18  0.00000e+00  0.00000e+00  4.06214e-06
0112  3.12760e+18  1.51263e+03  2.15419e+06  7.22944e-18  0.00000e+00  0.00000e+00  4.01444e-06
0113  3.14602e+18  1.53114e+03  2.19161e+06  6.99761e-18  0.00000e+00  0.00000e+00  3.96758e-06
0114  3.16443e+18  1.54864e+03  2.22845e+06  6.77424e-18  0.00000e+00  0.00000e+00  3.92154e-06
0115  3.18285e+18  1.56514e+03  2.26480e+06  6.55936e-18  0.00000e+00  0.00000e+00  3.87629e-06
0116  3.20126e+18  1.58068e+03  2.30071e+06  6.35279e-18  0.00000e+00  0.00000e+00  3.83182e-06
0117  3.21968e+18  1.59531e+03  2.33624e+06  6.15431e-18  0.00000e+00  0.00000e+00  3.78811e-06
0118  3.23809e+18  1.60911e+03  2.37139e+06  5.96367e-18  0.00000e+00  0.00000e+00  3.74515e-06
0119  3.25651e+18  1.62215e+03  2.40619e+06  5.78059e-18  0.00000e+00  0.00000e+00  3.70291e-06
0120  3.27492e+18  1.63450e+03  2.44063e+06  5.60479e-18  0.00000e+00  0.00000e+00  3.66138e-06
0121  3.29334e+18  1.64621e+03  2.47472e+06  5.43595e-18  0.00000e+00  0.00000e+00  3.62055e-06
0122  3.31176e+18  1.65734e+03  2.50849e+06  5.27376e-18  0.00000e+00  0.00000e+00  3.58040e-06
0123  3.33017e+18  1.66794e+03  2.54199e+06  5.12245e-18  0.00000e+00  0.00000e+00  3.54091e-06
0124  3.34859e+18  1.67804e+03  2.57519e+06  4.96900e-18  0.00000e+00  0.00000e+00  3.50207e-06
0125  3.36700e+18  1.68765e+03  2.60812e+06  4.82160e-18  0.00000e+00  0.00000e+00  3.46386e-06
0126  3.38542e+18  1.69681e+03  2.64081e+06  4.67995e-18  0.00000e+00  0.00000e+00  3.42628e-06
0127  3.40383e+18  1.70552e+03  2.67328e+06  4.54375e-18  0.00000e+00  0.00000e+00  3.38931e-06
0128  3.42225e+18  1.71381e+03  2.70556e+06  4.41272e-18  0.00000e+00  0.00000e+00  3.35293e-06
0129  3.44066e+18  1.72167e+03  2.73770e+06  4.28662e-18  0.00000e+00  0.00000e+00  3.31713e-06
0130  3.45908e+18  1.72912e+03  2.76970e+06  4.16521e-18  0.00000e+00  0.00000e+00  3.28191e-06
0131  3.47749e+18  1.73613e+03  2.80158e+06  4.04828e-18  0.00000e+00  0.00000e+00  3.24724e-06
0132  3.49591e+18  1.74272e+03  2.83333e+06  3.93564e-18  0.00000e+00  0.00000e+00  3.21312e-06
0133  3.51433e+18  1.74886e+03  2.86492e+06  3.82715e-18  0.00000e+00  0.00000e+00  3.17953e-06
0134  3.53274e+18  1.75455e+03  2.89632e+06  3.72264e-18  0.00000e+00  0.00000e+00  3.14647e-06
0135  3.55116e+18  1.75978e+03  2.92747e+06  3.62199e-18  0.00000e+00  0.00000e+00  3.11392e-06
0136  3.56957e+18  1.76454e+03  2.95832e+06  3.52504e-18  0.00000e+00  0.00000e+00  3.08188e-06
0137  3.58799e+18  1.76884e+03  2.98881e+06  3.43146e-18  0.00000e+00  0.00000e+00  3.05032e-06
0138  3.60640e+18  1.77266e+03  3.01889e+06  3.34097e-18  0.00000e+00  0.00000e+00  3.01925e-06
0139  3.62482e+18  1.77601e+03  3.04853e+06  3.25385e-18  0.00000e+00  0.00000e+00  2.98865e-06
0140  3.64323e+18  1.77890e+03  3.07771e+06  3.16992e-18  0.00000e+00  0.00000e+00  2.95851e-06
0141  3.66165e+18  1.78134e+03  3.10642e+06  3.08905e-18  0.00000e+00  0.00000e+00  2.92883e-06
0142  3.68007e+18  1.78337e+03  3.13467e+06  3.01106e-18  0.00000e+00  0.00000e+00  2.89959e-06
0143  3.69848e+18  1.78503e+03  3.16250e+06  2.93580e-18  0.00000e+00  0.00000e+00  2.87079e-06
0144  3.71690e+18  1.78636e+03  3.18993e+06  2.86311e-18  0.00000e+00  0.00000e+00  2.84241e-06
0145  3.73531e+18  1.78742e+03  3.21702e+06  2.79283e-18  0.00000e+00  0.00000e+00  2.81445e-06
0146  3.75373e+18  1.78824e+03  3.24384e+06  2.72441e-18  0.00000e+00  0.00000e+00  2.78690e-06
0147  3.77214e+18  1.78892e+03  3.27042e+06  2.65797e-18  0.00000e+00  0.00000e+00  2.75976e-06
0148  3.79056e+18  1.78943e+03  3.29694e+06  2.59354e-18  0.00000e+00  0.00000e+00  2.73301e-06
0149  3.80897e+18  1.78984e+03  3.32346e+06  2.53098e-18  0.00000e+00  0.00000e+00  2.70665e-06
0150  3.82739e+18  1.79020e+03  3.35010e+06  2.47016e-18  0.00000e+00  0.00000e+00  2.68066e-06
0151  3.84581e+18  1.79051e+03  3.37693e+06  2.41099e-18  0.00000e+00  0.00000e+00  2.65505e-06
0152  3.86422e+18  1.79088e+03  3.40416e+06  2.35332e-18  0.00000e+00  0.00000e+00  2.62981e-06
0153  3.88264e+18  1.79143e+03  3.43206e+06  2.29695e-18  0.00000e+00  0.00000e+00  2.60492e-06
0154  3.90105e+18  1.79191e+03  3.46016e+06  2.24211e-18  0.00000e+00  0.00000e+00  2.58038e-06
0155  3.91947e+18  1.79170e+03  3.48719e+06  2.18935e-18  0.00000e+00  0.00000e+00  2.55619e-06
0156  3.93788e+18  1.79285e+03  3.51717e+06  2.13670e-18  0.00000e+00  0.00000e+00  2.53234e-06
0157  3.95630e+18  1.80221e+03  3.56368e+06  2.07819e-18  0.00000e+00  0.00000e+00  2.50882e-06
0158  3.97471e+18  1.80633e+03  3.60010e+06  2.01948e-18  0.00000e+00  0.00000e+00  2.48563e-06
0159  3.99313e+18  1.78547e+03  3.58663e+06  1.99611e-18  0.00000e+00  0.00000e+00  2.46275e-06
0160  4.01155e+18  1.69207e+03  3.42586e+06  2.02230e-18  0.00000e+00  0.00000e+00  2.44019e-06
0161  4.02996e+18  1.20440e+03  2.45597e+06  2.06689e-18  0.00000e+00  0.00000e+00  2.41794e-06
0162  4.04838e+18  3.85231e+02  7.82921e+05  1.98168e-18  0.00000e+00  0.00000e+00  2.39599e-06
0163  4.06679e+18  1.10213e+02  1.96811e+05 -1.16020e-16  0.00000e+00  0.00000e+00  2.37434e-06
0164  4.08521e+18  7.88842e+01  1.54185e+05 -9.25217e-18  0.00000e+00  0.00000e+00  2.35299e-06
0165  4.10362e+18  7.90313e+01  1.53859e+05 -3.17110e-19  0.00000e+00  0.00000e+00  2.33191e-06
0166  4.12204e+18  8.18667e+01  1.56067e+05  2.37751e-18  0.00000e+00  0.00000e+00  2.31113e-06
0167  4.14045e+18  8.70296e+01  1.60152e+05  3.16294e-18  0.00000e+00  0.00000e+00  2.29061e-06
0168  4.15887e+18  9.28596e+01  1.64688e+05  2.29511e-18  0.00000e+00  0.00000e+00  2.27037e-06
0169  4.17728e+18  9.86551e+01  1.68791e+05  1.42039e-18  0.00000e+00  0.00000e+00  2.25040e-06
0170  4.19570e+18  1.04606e+02  1.73342e+05  2.16048e-18  0.00000e+00  0.00000e+00  2.23069e-06
0171  4.21412e+18  1.11443e+02  1.79011e+05  2.31318e-18  0.00000e+00  0.00000e+00  2.21123e-06
0172  4.23253e+18  1.21350e+02  1.88510e+05  2.99477e-18  0.00000e+00  0.00000e+00  2.19203e-06
0173  4.25095e+18  1.40788e+02  2.13299e+05  2.38726e-18  0.00000e+00  0.00000e+00  2.17308e-06
0174  4.26936e+18  1.84764e+02  2.76542e+05  1.32471e-17  0.00000e+00  0.00000e+00  2.15438e-06
0175  4.28778e+18  2.68815e+02  3.80457e+05  2.09849e-17  0.00000e+00  0.00000e+00  2.13591e-06
0176  4.30619e+18  3.75874e+02  4.94905e+05  1.55551e-17  0.00000e+00  0.00000e+00  2.11768e-06
0177  4.32461e+18  4.73798e+02  5.95421e+05  1.07182e-17  0.00000e+00  0.00000e+00  2.09968e-06
0178  4.34302e+18  5.53768e+02  6.74787e+05  8.14490e-18  0.00000e+00  0.00000e+00  2.08191e-06
0179  4.36144e+18  6.19476e+02  7.36758e+05  6.64202e-18  0.00000e+00  0.00000e+00  2.06437e-06
0180  4.37986e+18  6.75663e+02  7.87337e+05  5.68906e-18  0.00000e+00  0.00000e+00  2.04705e-06
0181  4.39827e+18  7.25751e+02  8.30561e+05  5.06600e-18  0.00000e+00  0.00000e+00  2.02994e-06
0182  4.41669e+18  7.71556e+02  8.68628e+05  4.57449e-18  0.00000e+00  0.00000e+00  2.01305e-06
0183  4.43510e+18  8.14141e+02  9.02950e+05  4.18833e-18  0.00000e+00  0.00000e+00  1.99637e-06
0184  4.45352e+18  8.54114e+02  9.34268e+05  3.86715e-18  0.00000e+00  0.00000e+00  1.97989e-06
0185  4.47193e+18  8.91731e+02  9.62948e+05  3.59045e-18  0.00000e+00  0.00000e+00  1.96362e-06
0186  4.49035e+18  9.27372e+02  9.89493e+05  3.35373e-18  0.00000e+00  0.00000e+00  1.94754e-06
0187  4.50876e+18  9.61639e+02  1.01454e+06  3.20748e-18  0.00000e+00  0.00000e+00  1.93167e-06
0188  4.52718e+18  9.94693e+02  1.03808e+06  3.05112e-18  0.00000e+00  0.00000e+00  1.91598e-06
0189  4.54560e+18  1.02650e+03  1.06023e+06  2.90768e-18  0.00000e+00  0.00000e+00  1.90049e-06
0190  4.56401e+18  1.05716e+03  1.08115e+06  2.78262e-18  0.00000e+00  0.00000e+00  1.88519e-06
0191  4.58243e+18  1.08676e+03  1.10094e+06  2.66888e-18  0.00000e+00  0.00000e+00  1.87006e-06
0192  4.60084e+18  1.11534e+03  1.11965e+06  2.56269e-18  0.00000e+00  0.00000e+00  1.85512e-06
0193  4.61926e+18  1.14296e+03  1.13738e+06  2.46341e-18  0.00000e+00  0.00000e+00  1.84036e-06
0194  4.63767e+18  1.16967e+03  1.15423e+06  2.37274e-18  0.00000e+00  0.00000e+00  1.82577e-06
0195  4.65609e+18  1.19554e+03  1.17026e+06  2.28818e-18  0.00000e+00  0.00000e+00  1.81136e-06
0196  4.67450e+18  1.22062e+03  1.18554e+06  2.20846e-18  0.00000e+00  0.00000e+00  1.79712e-06
0197  4.69292e+18  1.24495e+03  1.20016e+06  2.13314e-18  0.00000e+00  0.00000e+00  1.78304e-06
0198  4.71134e+18  1.26868e+03  1.21423e+06  2.07264e-18  0.00000e+00  0.00000e+00  1.76913e-06
0199  4.72975e+18  1.29192e+03  1.22780e+06  2.01475e-18  0.00000e+00  0.00000e+00  1.75538e-06
0200  4.74817e+18  1.31469e+03  1.24094e+06  1.95871e-18  0.00000e+00  0.00000e+00  1.74179e-06
0201  4.76658e+18  1.33701e+03  1.25367e+06  1.90449e-18  0.00000e+00  0.00000e+00  1.72836e-06
0202  4.78500e+18  1.35890e+03  1.26604e+06  1.85204e-18  0.00000e+00  0.00000e+00  1.71508e-06
0203  4.80341e+18  1.38037e+03  1.27808e+06  1.80134e-18  0.00000e+00  0.00000e+00  1.70195e-06
0204  4.82183e+18  1.40143e+03  1.28982e+06  1.75233e-18  0.00000e+00  0.00000e+00  1.68898e-06
0205  4.84024e+18  1.42210e+03  1.30128e+06  1.70497e-18  0.00000e+00  0.00000e+00  1.67615e-06
0206  4.85866e+18  1.44239e+03  1.31248e+06  1.65920e-18  0.00000e+00  0.00000e+00  1.66347e-06
0207  4.87708e+18  1.46230e+03  1.32345e+06  1.61497e-18  0.00000e+00  0.00000e+00  1.65093e-06
0208  4.89549e+18  1.48184e+03  1.33419e+06  1.57226e-18  0.00000e+00  0.00000e+00  1.63853e-06
0209  4.91391e+18  1.50103e+03  1.34473e+06  1.53118e-18  0.00000e+00  0.00000e+00  1.62627e-06
0210  4.93232e+18  1.51989e+03  1.35511e+06  1.49467e-18  0.00000e+00  0.00000e+00  1.61415e-06
0211  4.95074e+18  1.53847e+03  1.36532e+06  1.45911e-18  0.00000e+00  0.00000e+00  1.60217e-06
0212  4.96915e+18  1.55674e+03  1.37538e+06  1.42450e-18  0.00000e+00  0.00000e+00  1.59031e-06
0213  4.98757e+18  1.57469e+03  1.38530e+06  1.39084e-18  0.00000e+00  0.00000e+00  1.57859e-06
0214  5.00598e+18  1.59230e+03  1.39509e+06  1.35813e-18  0.00000e+00  0.00000e+00  1.56700e-06
0215  5.02440e+18  1.60958e+03  1.40473e+06  1.32636e-18  0.00000e+00  0.00000e+00  1.55553e-06
0216  5.04282e+18  1.62649e+03  1.41425e+06  1.29552e-18  0.00000e+00  0.00000e+00  1.54419e-06
0217  5.06123e+18  1.64304e+03  1.42363e+06  1.26560e-18  0.00000e+00  0.00000e+00  1.53298e-06
0218  5.07965e+18  1.65923e+03  1.43289e+06  1.23658e-18  0.00000e+00  0.00000e+00  1.52188e-06
0219  5.09806e+18  1.67504e+03  1.44202e+06  1.20845e-18  0.00000e+00  0.00000e+00  1.51091e-06
0220  5.11648e+18  1.69048e+03  1.45103e+06  1.18118e-18  0.00000e+00  0.00000e+00  1.50005e-06
0221  5.13489e+18  1.70555e+03  1.45992e+06  1.15474e-18  0.00000e+00  0.00000e+00  1.48931e-06
0222  5.15331e+18  1.72024e+03  1.46869e+06  1.12913e-18  0.00000e+00  0.00000e+00  1.47868e-06
0223  5.17172e+18  1.73455e+03  1.47735e+06  1.10431e-18  0.00000e+00  0.00000e+00  1.46817e-06
0224  5.19014e+18  1.74848e+03  1.48591e+06  1.08026e-18  0.00000e+00  0.00000e+00  1.45777e-06
0225  5.20856e+18  1.76202e+03  1.49438e+06  1.05696e-18  0.00000e+00  0.00000e+00  1.44748e-06
0226  5.22697e+18  1.77517e+03  1.50276e+06  1.03439e-18  0.00000e+00  0.00000e+00  1.43730e-06
0227  5.24539e+18  1.78793e+03  1.51107e+06  1.01252e-18  0.00000e+00  0.00000e+00  1.42723e-06
0228  5.26380e+18  1.80028e+03  1.51929e+06  9.91336e-19  0.00000e+00  0.00000e+00  1.41726e-06
0229  5.28222e+18  1.81223e+03  1.52744e+06  9.69869e-19  0.00000e+00  0.00000e+00  1.40739e-06
0230  5.30063e+18  1.82382e+03  1.53553e+06  9.51545e-19  0.00000e+00  0.00000e+00  1.39763e-06
0231  5.31905e+18  1.83510e+03  1.54356e+06  9.33675e-19  0.00000e+00  0.00000e+00  1.38797e-06
0232  5.33746e+18  1.84607e+03  1.55152e+06  9.16249e-19  0.00000e+00  0.00000e+00  1.37841e-06
0233  5.35588e+18  1.85674e+03  1.55943e+06  8.99259e-19  0.00000e+00  0.00000e+00  1.36894e-06
0234  5.37430e+18  1.86709e+03  1.56729e+06  8.82693e-19  0.00000e+00  0.00000e+00  1.35958e-06
0235  5.39271e+18  1.87713e+03  1.57511e+06  8.66645e-19  0.00000e+00  0.00000e+00  1.35031e-06
0236  5.41113e+18  1.88686e+03  1.58289e+06  8.51117e-19  0.00000e+00  0.00000e+00  1.34113e-06
0237  5.42954e+18  1.89628e+03  1.59065e+06  8.35970e-19  0.00000e+00  0.00000e+00  1.33205e-06
0238  5.44796e+18  1.90537e+03  1.59839e+06  8.21197e-19  0.00000e+00  0.00000e+00  1.32306e-06
0239  5.46637e+18  1.91415e+03  1.60611e+06  8.06787e-19  0.00000e+00  0.00000e+00  1.31416e-06
0240  5.48479e+18  1.92262e+03  1.61380e+06  7.92732e-19  0.00000e+00  0.00000e+00  1.30535e-06
0241  5.50320e+18  1.93080e+03  1.62147e+06  7.79022e-19  0.00000e+00  0.00000e+00  1.29663e-06
0242  5.52162e+18  1.93869e+03  1.62911e+06  7.65648e-19  0.00000e+00  0.00000e+00  1.28800e-06
0243  5.54004e+18  1.94631e+03  1.63672e+06  7.52599e-19  0.00000e+00  0.00000e+00  1.27945e-06
0244  5.55845e+18  1.95364e+03  1.64430e+06  7.39869e-19  0.00000e+00  0.00000e+00  1.27098e-06
0245  5.57687e+18  1.96069e+03  1.65186e+06  7.27448e-19  0.00000e+00  0.00000e+00  1.26260e-06
0246  5.59528e+18  1.96746e+03  1.65940e+06  7.15330e-19  0.00000e+00  0.00000e+00  1.25431e-06
0247  5.61370e+18  1.97394e+03  1.66692e+06  7.03507e-19  0.00000e+00  0.00000e+00  1.24609e-06
0248  5.63211e+18  1.98012e+03  1.67444e+06  6.91971e-19  0.00000e+00  0.00000e+00  1.23795e-06
0249  5.65053e+18  1.98603e+03  1.68194e+06  6.80714e-19  0.00000e+00  0.00000e+00  1.22990e-06
0250  5.66894e+18  1.99166e+03  1.68942e+06  6.69726e-19  0.00000e+00  0.00000e+00  1.22192e-06
0251  5.68736e+18  1.99704e+03  1.69689e+06  6.59000e-19  0.00000e+00  0.00000e+00  1.21402e-06
0252  5.70578e+18  2.00218e+03  1.70434e+06  6.48524e-19  0.00000e+00  0.00000e+00  1.20620e-06
0253  5.72419e+18  2.00709e+03  1.71175e+06  6.38292e-19  0.00000e+00  0.00000e+00  1.19845e-06
0254  5.74261e+18  2.01178e+03  1.71915e+06  6.28295e-19  0.00000e+00  0.00000e+00  1.19077e-06
0255  5.76102e+18  2.01624e+03  1.72652e+06  6.18528e-19  0.00000e+00  0.00000e+00  1.18317e-06
0256  5.77944e+18  2.02048e+03  1.73388e+06  6.08983e-19  0.00000e+00  0.00000e+00  1.17565e-06
0257  5.79785e+18  2.02450e+03  1.74124e+06  5.99655e-19  0.00000e+00  0.00000e+00  1.16819e-06
0258  5.81627e+18  2.02829e+03  1.74859e+06  5.90536e-19  0.00000e+00  0.00000e+00  1.16080e-06
0259  5.83468e+18  2.03186e+03  1.75593e+06  5.81622e-19  0.00000e+00  0.00000e+00  1.15349e-06
0260  5.85310e+18  2.03524e+03  1.76328e+06  5.72903e-19  0.00000e+00  0.00000e+00  1.14624e-06
0261  5.87152e+18  2.03843e+03  1.77060e+06  5.64374e-19  0.00000e+00  0.00000e+00  1.13906e-06
0262  5.88993e+18  2.04145e+03  1.77792e+06  5.56027e-19  0.00000e+00  0.00000e+00  1.13195e-06
0263  5.90835e+18  2.04430e+03  1.78521e+06  5.47857e-19  0.00000e+00  0.00000e+00  1.12490e-06
0264  5.92676e+18  2.04701e+03  1.79249e+06  5.39858e-19  0.00000e+00  0.00000e+00  1.11792e-06
0265  5.94518e+18  2.04955e+03  1.79975e+06  5.32027e-19  0.00000e+00  0.00000e+00  1.11101e-06
0266  5.96359e+18  2.05194e+03  1.80700e+06  5.24358e-19  0.00000e+00  0.00000e+00  1.10416e-06
0267  5.98201e+18  2.05416e+03  1.81424e+06  5.16849e-19  0.00000e+00  0.00000e+00  1.09737e-06
0268  6.00043e+18  2.05622e+03  1.82147e+06  5.09496e-19  0.00000e+00  0.00000e+00  1.09065e-06
0269  6.01884e+18  2.05811e+03  1.82869e+06  5.02295e-19  0.00000e+00  0.00000e+00  1.08398e-06
0270  6.03726e+18  2.05986e+03  1.83590e+06  4.95238e-19  0.00000e+00  0.00000e+00  1.07738e-06
0271  6.05567e+18  2.06152e+03  1.84314e+06  4.88313e-19  0.00000e+00  0.00000e+00  1.07084e-06
0272  6.07409e+18  2.06309e+03  1.85038e+06  4.82969e-19  0.00000e+00  0.00000e+00  1.06435e-06
0273  6.09250e+18  2.06455e+03  1.85761e+06  4.76341e-19  0.00000e+00  0.00000e+00  1.05793e-06
0274  6.11092e+18  2.06591e+03  1.86482e+06  4.69841e-19  0.00000e+00  0.00000e+00  1.05156e-06
0275  6.12933e+18  2.06716e+03  1.87200e+06  4.63465e-19  0.00000e+00  0.00000e+00  1.04525e-06
0276  6.14775e+18  2.06829e+03  1.87916e+06  4.57211e-19  0.00000e+00  0.00000e+00  1.03900e-06
0277  6.16617e+18  2.06931e+03  1.88630e+06  4.51078e-19  0.00000e+00  0.00000e+00  1.03280e-06
0278  6.18458e+18  2.07020e+03  1.89343e+06  4.45061e-19  0.00000e+00  0.00000e+00  1.02666e-06
0279  6.20300e+18  2.07098e+03  1.90054e+06  4.39159e-19  0.00000e+00  0.00000e+00  1.02057e-06
0280  6.22141e+18  2.07163e+03  1.90764e+06  4.33368e-19  0.00000e+00  0.00000e+00  1.01454e-06
0281  6.23983e+18  2.07218e+03  1.91473e+06  4.27684e-19  0.00000e+00  0.00000e+00  1.00856e-06
0282  6.25824e+18  2.07264e+03  1.92179e+06  4.22105e-19  0.00000e+00  0.00000e+00  1.00263e-06
0283  6.27666e+18  2.07302e+03  1.92882e+06  4.16625e-19  0.00000e+00  0.00000e+00  9.96760e-07
0284  6.29507e+18  2.07335e+03  1.93581e+06  4.11242e-19  0.00000e+00  0.00000e+00  9.90937e-07
0285  6.31349e+18  2.07362e+03  1.94275e+06  4.05953e-19  0.00000e+00  0.00000e+00  9.85164e-07
0286  6.33191e+18  2.07385e+03  1.94965e+06  4.00756e-19  0.00000e+00  0.00000e+00  9.79442e-07
0287  6.35032e+18  2.07401e+03  1.95651e+06  3.95649e-19  0.00000e+00  0.00000e+00  9.73770e-07
0288  6.36874e+18  2.07412e+03  1.96333e+06  3.90631e-19  0.00000e+00  0.00000e+00  9.68146e-07
0289  6.38715e+18  2.07415e+03  1.97013e+06  3.85700e-19  0.00000e+00  0.00000e+00  9.62572e-07
0290  6.40557e+18  2.07411e+03  1.97691e+06  3.80855e-19  0.00000e+00  0.00000e+00  9.57045e-07
0291  6.42398e+18  2.07399e+03  1.98368e+06  3.76092e-19  0.00000e+00  0.00000e+00  9.51566e-07
0292  6.44240e+18  2.07380e+03  1.99044e+06  3.71411e-19  0.00000e+00  0.00000e+00  9.46133e-07
0293  6.46081e+18  2.07354e+03  1.99720e+06  3.66807e-19  0.00000e+00  0.00000e+00  9.40747e-07
0294  6.47923e+18  2.07323e+03  2.00398e+06  3.62278e-19  0.00000e+00  0.00000e+00  9.35407e-07
0295  6.49765e+18  2.07289e+03  2.01076e+06  3.57820e-19  0.00000e+00  0.00000e+00  9.30113e-07
0296  6.51606e+18  2.07252e+03  2.01760e+06  3.53428e-19  0.00000e+00  0.00000e+00  9.24863e-07
0297  6.53448e+18  2.07215e+03  2.02448e+06  3.49100e-19  0.00000e+00  0.00000e+00  9.19657e-07
0298  6.55289e+18  2.07181e+03  2.03144e+06  3.44829e-19  0.00000e+00  0.00000e+00  9.14495e-07
0299  6.57131e+18  2.07153e+03  2.03849e+06  3.40611e-19  0.00000e+00  0.00000e+00  9.09377e-07
0300  6.58972e+18  2.07132e+03  2.04566e+06  3.36442e-19  0.00000e+00  0.00000e+00  9.04301e-07
0301  6.60814e+18  2.07122e+03  2.05298e+06  3.32317e-19  0.00000e+00  0.00000e+00  8.99268e-07
0302  6.62655e+18  2.07126e+03  2.06048e+06  3.28233e-19  0.00000e+00  0.00000e+00  8.94277e-07
0303  6.64497e+18  2.07145e+03  2.06817e+06  3.24185e-19  0.00000e+00  0.00000e+00  8.89327e-07
0304  6.66339e+18  2.07181e+03  2.07608e+06  3.20171e-19  0.00000e+00  0.00000e+00  8.84418e-07
0305  6.68180e+18  2.07236e+03  2.08420e+06  3.16190e-19  0.00000e+00  0.00000e+00  8.79550e-07
0306  6.70022e+18  2.07310e+03  2.09255e+06  3.12242e-19  0.00000e+00  0.00000e+00  8.74722e-07
0307  6.71863e+18  2.07402e+03  2.10110e+06  3.08328e-19  0.00000e+00  0.00000e+00  8.69933e-07
0308  6.73705e+18  2.07508e+03  2.10983e+06  3.04454e-19  0.00000e+00  0.00000e+00  8.65184e-07
0309  6.75546e+18  2.07624e+03  2.11868e+06  3.00624e-19  0.00000e+00  0.00000e+00  8.60473e-07
0310  6.77388e+18  2.07746e+03  2.12757e+06  2.96847e-19  0.00000e+00  0.00000e+00  8.55801e-07
0311  6.79229e+18  2.07865e+03  2.13642e+06  2.93131e-19  0.00000e+00  0.00000e+00  8.51167e-07
0312  6.81071e+18  2.07971e+03  2.14512e+06  2.89489e-19  0.00000e+00  0.00000e+00  8.46570e-07
0313  6.82913e+18  2.08053e+03  2.15357e+06  2.85933e-19  0.00000e+00  0.00000e+00  8.42010e-07
0314  6.84754e+18  2.08099e+03  2.16163e+06  2.82474e-19  0.00000e+00  0.00000e+00  8.37487e-07
0315  6.86596e+18  2.08097e+03  2.16921e+06  2.79120e-19  0.00000e+00  0.00000e+00  8.33001e-07
0316  6.88437e+18  2.08037e+03  2.17620e+06  2.75883e-19  0.00000e+00  0.00000e+00  8.28550e-07
0317  6.90279e+18  2.07912e+03  2.18253e+06  2.72769e-19  0.00000e+00  0.00000e+00  8.24135e-07
0318  6.92120e+18  2.07718e+03  2.18814e+06  2.69778e-19  0.00000e+00  0.00000e+00  8.19755e-07
0319  6.93962e+18  2.07456e+03  2.19303e+06  2.66906e-19  0.00000e+00  0.00000e+00  8.15410e-07
0320  6.95803e+18  2.07131e+03  2.19723e+06  2.64145e-19  0.00000e+00  0.00000e+00  8.11100e-07
0321  6.97645e+18  2.06750e+03  2.20081e+06  2.61483e-19  0.00000e+00  0.00000e+00  8.06824e-07
0322  6.99487e+18  2.06325e+03  2.20386e+06  2.58905e-19  0.00000e+00  0.00000e+00  8.02581e-07
0323  7.01328e+18  2.05866e+03  2.20650e+06  2.56397e-19  0.00000e+00  0.00000e+00  7.98371e-07
0324  7.03170e+18  2.05386e+03  2.20887e+06  2.53942e-19  0.00000e+00  0.00000e+00  7.94195e-07
0325  7.05011e+18  2.04897e+03  2.21110e+06  2.51527e-19  0.00000e+00  0.00000e+00  7.90052e-07
0326  7.06853e+18  2.04409e+03  2.21330e+06  2.49140e-19  0.00000e+00  0.00000e+00  7.85940e-07
0327  7.08694e+18  2.03931e+03  2.21557e+06  2.46770e-19  0.00000e+00  0.00000e+00  7.81861e-07
0328  7.10536e+18  2.03469e+03  2.21801e+06  2.44409e-19  0.00000e+00  0.00000e+00  7.77813e-07
0329  7.12378e+18  2.03029e+03  2.22067e+06  2.42053e-19  0.00000e+00  0.00000e+00  7.73797e-07
0330  7.14219e+18  2.02614e+03  2.22359e+06  2.39700e-19  0.00000e+00  0.00000e+00  7.69812e-07
0331  7.16061e+18  2.02224e+03  2.22677e+06  2.37348e-19  0.00000e+00  0.00000e+00  7.65858e-07
0332  7.17902e+18  2.01858e+03  2.23021e+06  2.35001e-19  0.00000e+00  0.00000e+00  7.61933e-07
0333  7.19744e+18  2.01512e+03  2.23385e+06  2.32661e-19  0.00000e+00  0.00000e+00  7.58039e-07
0334  7.21585e+18  2.01182e+03  2.23766e+06  2.30335e-19  0.00000e+00  0.00000e+00  7.54175e-07
0335  7.23427e+18  2.00862e+03  2.24158e+06  2.28026e-19  0.00000e+00  0.00000e+00  7.50340e-07
0336  7.25268e+18  2.00547e+03  2.24553e+06  2.25741e-19  0.00000e+00  0.00000e+00  7.46535e-07
0337  7.27110e+18  2.00232e+03  2.24946e+06  2.23484e-19  0.00000e+00  0.00000e+00  7.42758e-07
0338  7.28952e+18  1.99912e+03  2.25332e+06  2.21259e-19  0.00000e+00  0.00000e+00  7.39010e-07
0339  7.30793e+18  1.99583e+03  2.25706e+06  2.19069e-19  0.00000e+00  0.00000e+00  7.35290e-07
0340  7.32635e+18  1.99244e+03  2.26066e+06  2.16915e-19  0.00000e+00  0.00000e+00  7.31598e-07
0341  7.34476e+18  1.98894e+03  2.26411e+06  2.14796e-19  0.00000e+00  0.00000e+00  7.27934e-07
0342  7.36318e+18  1.98532e+03  2.26741e+06  2.12712e-19  0.00000e+00  0.00000e+00  7.24298e-07
0343  7.38159e+18  1.98161e+03  2.27056e+06  2.10662e-19  0.00000e+00  0.00000e+00  7.20688e-07
0344  7.40001e+18  1.97781e+03  2.27358e+06  2.08643e-19  0.00000e+00  0.00000e+00  7.17106e-07
0345  7.41842e+18  1.97395e+03  2.27648e+06  2.06654e-19  0.00000e+00  0.00000e+00  7.13550e-07
0346  7.43684e+18  1.97003e+03  2.27929e+06  2.04692e-19  0.00000e+00  0.00000e+00  7.10020e-07
0347  7.45526e+18  1.96609e+03  2.28202e+06  2.02755e-19  0.00000e+00  0.00000e+00  7.06517e-07
0348  7.47367e+18  1.96214e+03  2.28468e+06  2.00842e-19  0.00000e+00  0.00000e+00  7.03039e-07
0349  7.49209e+18  1.95819e+03  2.28730e+06  1.98951e-19  0.00000e+00  0.00000e+00  6.99587e-07
0350  7.51050e+18  1.95424e+03  2.28987e+06  1.97082e-19  0.00000e+00  0.00000e+00  6.96161e-07
0351  7.52892e+18  1.95031e+03  2.29240e+06  1.95234e-19  0.00000e+00  0.00000e+00  6.92759e-07
0352  7.54733e+18  1.94640e+03  2.29488e+06  1.93407e-19  0.00000e+00  0.00000e+00  6.89383e-07
0353  7.56575e+18  1.94250e+03  2.29733e+06  1.91600e-19  0.00000e+00  0.00000e+00  6.86031e-07
0354  7.58416e+18  1.93861e+03  2.29973e+06  1.89813e-19  0.00000e+00  0.00000e+00  6.82703e-07
0355  7.60258e+18  1.93475e+03  2.30208e+06  1.88045e-19  0.00000e+00  0.00000e+00  6.79400e-07
0356  7.62100e+18  1.93090e+03  2.30439e+06  1.86298e-19  0.00000e+00  0.00000e+00  6.76121e-07
0357  7.63941e+18  1.92706e+03  2.30664e+06  1.84570e-19  0.00000e+00  0.00000e+00  6.72865e-07
0358  7.65783e+18  1.92323e+03  2.30885e+06  1.82862e-19  0.00000e+00  0.00000e+00  6.69632e-07
0359  7.67624e+18  1.91941e+03  2.31101e+06  1.81173e-19  0.00000e+00  0.00000e+00  6.66423e-07
0360  7.69466e+18  1.91561e+03  2.31311e+06  1.79502e-19  0.00000e+00  0.00000e+00  6.63237e-07
0361  7.71307e+18  1.91182e+03  2.31517e+06  1.77850e-19  0.00000e+00  0.00000e+00  6.60074e-07
0362  7.73149e+18  1.90804e+03  2.31718e+06  1.76217e-19  0.00000e+00  0.00000e+00  6.56933e-07
0363  7.74990e+18  1.90428e+03  2.31914e+06  1.74601e-19  0.00000e+00  0.00000e+00  6.53815e-07
0364  7.76832e+18  1.90052e+03  2.32105e+06  1.73004e-19  0.00000e+00  0.00000e+00  6.50719e-07
0365  7.78674e+18  1.89679e+03  2.32292e+06  1.71423e-19  0.00000e+00  0.00000e+00  6.47644e-07
0366  7.80515e+18  1.89307e+03  2.32474e+06  1.69860e-19  0.00000e+00  0.00000e+00  6.44592e-07
0367  7.82357e+18  1.88935e+03  2.32651e+06  1.68314e-19  0.00000e+00  0.00000e+00  6.41561e-07
0368  7.84198e+18  1.88565e+03  2.32824e+06  1.66785e-19  0.00000e+00  0.00000e+00  6.38551e-07
0369  7.86040e+18  1.88196e+03  2.32993e+06  1.65273e-19  0.00000e+00  0.00000e+00  6.35563e-07
0370  7.87881e+18  1.87827e+03  2.33158e+06  1.63777e-19  0.00000e+00  0.00000e+00  6.32595e-07
0371  7.89723e+18  1.87459e+03  2.33319e+06  1.62297e-19  0.00000e+00  0.00000e+00  6.29648e-07
0372  7.91564e+18  1.87091e+03  2.33476e+06  1.60833e-19  0.00000e+00  0.00000e+00  6.26722e-07
0373  7.93406e+18  1.86724e+03  2.33629e+06  1.59384e-19  0.00000e+00  0.00000e+00  6.23816e-07
0374  7.95248e+18  1.86356e+03  2.33780e+06  1.57951e-19  0.00000e+00  0.00000e+00  6.20930e-07
0375  7.97089e+18  1.85989e+03  2.33927e+06  1.56533e-19  0.00000e+00  0.00000e+00  6.18064e-07
0376  7.98931e+18  1.85622e+03  2.34070e+06  1.55131e-19  0.00000e+00  0.00000e+00  6.15218e-07
0377  8.00772e+18  1.85255e+03  2.34211e+06  1.53743e-19  0.00000e+00  0.00000e+00  6.12392e-07
0378  8.02614e+18  1.84888e+03  2.34348e+06  1.52369e-19  0.00000e+00  0.00000e+00  6.09585e-07
0379  8.04455e+18  1.84520e+03  2.34481e+06  1.51010e-19  0.00000e+00  0.00000e+00  6.06797e-07
0380  8.06297e+18  1.84152e+03  2.34610e+06  1.49666e-19  0.00000e+00  0.00000e+00  6.04029e-07
0381  8.08139e+18  1.83783e+03  2.34735e+06  1.48336e-19  0.00000e+00  0.00000e+00  6.01279e-07
0382  8.09980e+18  1.83412e+03  2.34855e+06  1.47021e-19  0.00000e+00  0.00000e+00  5.98548e-07
0383  8.11822e+18  1.83039e+03  2.34969e+06  1.45720e-19  0.00000e+00  0.00000e+00  5.95835e-07
0384  8.13663e+18  1.82664e+03  2.35076e+06  1.44434e-19  0.00000e+00  0.00000e+00  5.93141e-07
0385  8.15505e+18  1.82286e+03  2.35178e+06  1.43162e-19  0.00000e+00  0.00000e+00  5.90466e-07
0386  8.17346e+18  1.81905e+03  2.35272e+06  1.41904e-19  0.00000e+00  0.00000e+00  5.87808e-07
0387  8.19188e+18  1.81522e+03  2.35360e+06  1.40660e-19  0.00000e+00  0.00000e+00  5.85168e-07
0388  8.21029e+18  1.81137e+03  2.35444e+06  1.39429e-19  0.00000e+00  0.00000e+00  5.82546e-07
0389  8.22871e+18  1.80752e+03  2.35524e+06  1.38210e-19  0.00000e+00  0.00000e+00  5.79941e-07
0390  8.24713e+18  1.80368e+03  2.35604e+06  1.37411e-19  0.00000e+00  0.00000e+00  5.77354e-07
0391  8.26554e+18  1.79985e+03  2.35682e+06  1.36302e-19  0.00000e+00  0.00000e+00  5.74784e-07
0392  8.28396e+18  1.79601e+03  2.35758e+06  1.35204e-19  0.00000e+00  0.00000e+00  5.72232e-07
0393  8.30237e+18  1.79217e+03  2.35830e+06  1.34117e-19  0.00000e+00  0.00000e+00  5.69696e-07
0394  8.32079e+18  1.78834e+03  2.35897e+06  1.33042e-19  0.00000e+00  0.00000e+00  5.67177e-07
0395  8.33920e+18  1.78452e+03  2.35959e+06  1.31976e-19  0.00000e+00  0.00000e+00  5.64675e-07
0396  8.35762e+18  1.78073e+03  2.36015e+06  1.30922e-19  0.00000e+00  0.00000e+00  5.62189e-07
0397  8.37603e+18  1.77697e+03  2.36066e+06  1.29877e-19  0.00000e+00  0.00000e+00  5.59720e-07
0398  8.39445e+18  1.77326e+03  2.36111e+06  1.28842e-19  0.00000e+00  0.00000e+00  5.57267e-07
0399  8.41287e+18  1.76959e+03  2.36151e+06  1.27816e-19  0.00000e+00  0.00000e+00  5.54830e-07
0400  8.43128e+18  1.76597e+03  2.36187e+06  1.26799e-19  0.00000e+00  0.00000e+00  5.52409e-07
0401  8.44970e+18  1.76238e+03  2.36220e+06  1.25792e-19  0.00000e+00  0.00000e+00  5.50003e-07
0402  8.46811e+18  1.75882e+03  2.36249e+06  1.24794e-19  0.00000e+00  0.00000e+00  5.47614e-07
0403  8.48653e+18  1.75527e+03  2.36277e+06  1.23804e-19  0.00000e+00  0.00000e+00  5.45240e-07
0404  8.50494e+18  1.75172e+03  2.36306e+06  1.22824e-19  0.00000e+00  0.00000e+00  5.42881e-07
0405  8.52336e+18  1.74815e+03  2.36337e+06  1.21852e-19  0.00000e+00  0.00000e+00  5.40538e-07
0406  8.54177e+18  1.74454e+03  2.36371e+06  1.20890e-19  0.00000e+00  0.00000e+00  5.38209e-07
0407  8.56019e+18  1.74091e+03  2.36407e+06  1.19936e-19  0.00000e+00  0.00000e+00  5.35896e-07
0408  8.57861e+18  1.73726e+03  2.36444e+06  1.18991e-19  0.00000e+00  0.00000e+00  5.33598e-07
0409  8.59702e+18  1.73360e+03  2.36482e+06  1.18054e-19  0.00000e+00  0.00000e+00  5.31314e-07
0410  8.61544e+18  1.72994e+03  2.36520e+06  1.17126e-19  0.00000e+00  0.00000e+00  5.29045e-07
0411  8.63385e+18  1.72629e+03  2.36558e+06  1.16206e-19  0.00000e+00  0.00000e+00  5.26791e-07
0412  8.65227e+18  1.72265e+03  2.36594e+06  1.15293e-19  0.00000e+00  0.00000e+00  5.24551e-07
0413  8.67068e+18  1.71903e+03  2.36629e+06  1.14389e-19  0.00000e+00  0.00000e+00  5.22325e-07
0414  8.68910e+18  1.71544e+03  2.36662e+06  1.13492e-19  0.00000e+00  0.00000e+00  5.20113e-07
0415  8.70751e+18  1.71188e+03  2.36695e+06  1.12602e-19  0.00000e+00  0.00000e+00  5.17916e-07
0416  8.72593e+18  1.70835e+03  2.36728e+06  1.11719e-19  0.00000e+00  0.00000e+00  5.15732e-07
0417  8.74435e+18  1.70486e+03  2.36760e+06  1.10844e-19  0.00000e+00  0.00000e+00  5.13562e-07
0418  8.76276e+18  1.70141e+03  2.36793e+06  1.09975e-19  0.00000e+00  0.00000e+00  5.11406e-07
0419  8.78118e+18  1.69800e+03  2.36827e+06  1.09113e-19  0.00000e+00  0.00000e+00  5.09263e-07
0420  8.79959e+18  1.69465e+03  2.36861e+06  1.08257e-19  0.00000e+00  0.00000e+00  5.07134e-07
0421  8.81801e+18  1.69136e+03  2.36896e+06  1.07407e-19  0.00000e+00  0.00000e+00  5.05018e-07
0422  8.83642e+18  1.68812e+03  2.36932e+06  1.06563e-19  0.00000e+00  0.00000e+00  5.02915e-07
0423  8.85484e+18  1.68496e+03  2.36970e+06  1.05725e-19  0.00000e+00  0.00000e+00  5.00825e-07
0424  8.87326e+18  1.68187e+03  2.37007e+06  1.04894e-19  0.00000e+00  0.00000e+00  4.98749e-07
0425  8.89167e+18  1.67886e+03  2.37046e+06  1.04068e-19  0.00000e+00  0.00000e+00  4.96685e-07
0426  8.91009e+18  1.67592e+03  2.37085e+06  1.03248e-19  0.00000e+00  0.00000e+00  4.94634e-07
0427  8.92850e+18  1.67305e+03  2.37123e+06  1.02435e-19  0.00000e+00  0.00000e+00  4.92595e-07
0428  8.94692e+18  1.67026e+03  2.37160e+06  1.01628e-19  0.00000e+00  0.00000e+00  4.90570e-07
0429  8.96533e+18  1.66753e+03  2.37195e+06  1.00828e-19  0.00000e+00  0.00000e+00  4.88556e-07
0430  8.98375e+18  1.66486e+03  2.37228e+06  1.00034e-19  0.00000e+00  0.00000e+00  4.86555e-07
0431  9.00216e+18  1.66224e+03  2.37256e+06  9.92485e-20  0.00000e+00  0.00000e+00  4.84567e-07
0432  9.02058e+18  1.65968e+03  2.37278e+06  9.84701e-20  0.00000e+00  0.00000e+00  4.82590e-07
0433  9.03900e+18  1.65715e+03  2.37293e+06  9.76996e-20  0.00000e+00  0.00000e+00  4.80626e-07
0434  9.05741e+18  1.65466e+03  2.37299e+06  9.69376e-20  0.00000e+00  0.00000e+00  4.78674e-07
0435  9.07583e+18  1.65220e+03  2.37292e+06  9.61846e-20  0.00000e+00  0.00000e+00  4.76733e-07
0436  9.09424e+18  1.64975e+03  2.37272e+06  9.54408e-20  0.00000e+00  0.00000e+00  4.74804e-07
0437  9.11266e+18  1.64734e+03  2.37239e+06  9.47060e-20  0.00000e+00  0.00000e+00  4.72887e-07
0438  9.13107e+18  1.64503e+03  2.37201e+06  9.39775e-20  0.00000e+00  0.00000e+00  4.70982e-07
0439  9.14949e+18  1.64295e+03  2.37180e+06  9.32499e-20  0.00000e+00  0.00000e+00  4.69088e-07
0440  9.16790e+18  1.64134e+03  2.37206e+06  9.25150e-20  0.00000e+00  0.00000e+00  4.67205e-07
0441  9.18632e+18  1.64036e+03  2.37307e+06  9.17659e-20  0.00000e+00  0.00000e+00  4.65334e-07
0442  9.20474e+18  1.63974e+03  2.37442e+06  9.10143e-20  0.00000e+00  0.00000e+00  4.63474e-07
0443  9.22315e+18  1.63772e+03  2.37360e+06  9.03251e-20  0.00000e+00  0.00000e+00  4.61625e-07
0444  9.24157e+18  1.63252e+03  2.36797e+06  8.97637e-20  0.00000e+00  0.00000e+00  4.59787e-07
0445  9.25998e+18  1.62591e+03  2.36014e+06  8.92598e-20  0.00000e+00  0.00000e+00  4.57960e-07
0446  9.27840e+18  1.61830e+03  2.35066e+06  8.87973e-20  0.00000e+00  0.00000e+00  4.56144e-07
0447  9.29681e+18  1.60772e+03  2.33668e+06  8.84434e-20  0.00000e+00  0.00000e+00  4.54338e-07
0448  9.31523e+18  1.59079e+03  2.31326e+06  8.83079e-20  0.00000e+00  0.00000e+00  4.52544e-07
0449  9.33364e+18  1.56224e+03  2.27268e+06  8.85454e-20  0.00000e+00  0.00000e+00  4.50760e-07
0450  9.35206e+18  1.51456e+03  2.20393e+06  8.93177e-20  0.00000e+00  0.00000e+00  4.48986e-07
0451  9.37048e+18  1.43883e+03  2.09386e+06  9.09863e-20  0.00000e+00  0.00000e+00  4.47223e-07
0452  9.38889e+18  1.32772e+03  1.93169e+06  9.29218e-20  0.00000e+00  0.00000e+00  4.45470e-07
0453  9.40731e+18  1.18105e+03  1.71699e+06  9.47810e-20  0.00000e+00  0.00000e+00  4.43728e-07
0454  9.42572e+18  1.01005e+03  1.46613e+06  9.80271e-20  0.00000e+00  0.00000e+00  4.41996e-07
0455  9.44414e+18  8.35058e+02  1.20890e+06  1.12187e-19  0.00000e+00  0.00000e+00  4.40274e-07
0456  9.46255e+18  6.76116e+02  9.74717e+05  1.53665e-19  0.00000e+00  0.00000e+00  4.38562e-07
0457  9.48097e+18  5.44919e+02  7.80795e+05  2.50538e-19  0.00000e+00  0.00000e+00  4.36860e-07
0458  9.49939e+18  4.44309e+02  6.31202e+05  3.97744e-19  0.00000e+00  0.00000e+00  4.35168e-07
0459  9.51780e+18  3.73521e+02  5.24524e+05  5.73658e-19  0.00000e+00  0.00000e+00  4.33485e-07
0460  9.53622e+18  3.32924e+02  4.60577e+05  7.11266e-19  0.00000e+00  0.00000e+00  4.31813e-07
0461  9.55463e+18  3.19331e+02  4.33971e+05  7.77963e-19  0.00000e+00  0.00000e+00  4.30150e-07
0462  9.57305e+18  3.17417e+02  4.23026e+05  8.09970e-19  0.00000e+00  0.00000e+00  4.28496e-07
0463  9.59146e+18  3.16880e+02  4.13724e+05  8.38638e-19  0.00000e+00  0.00000e+00  4.26853e-07
0464  9.60988e+18  3.18177e+02  4.06567e+05  8.61612e-19  0.00000e+00  0.00000e+00  4.25218e-07
0465  9.62829e+18  3.22227e+02  4.02560e+05  8.74592e-19  0.00000e+00  0.00000e+00  4.23593e-07
0466  9.64671e+18  3.29599e+02  4.02273e+05  8.74295e-19  0.00000e+00  0.00000e+00  4.21977e-07
0467  9.66513e+18  3.40579e+02  4.05932e+05  8.58920e-19  0.00000e+00  0.00000e+00  4.20371e-07
0468  9.68354e+18  3.55238e+02  4.13504e+05  8.28448e-19  0.00000e+00  0.00000e+00  4.18773e-07
0469  9.70196e+18  3.73489e+02  4.24778e+05  7.84891e-19  0.00000e+00  0.00000e+00  4.17185e-07
0470  9.72037e+18  3.95121e+02  4.39412e+05  7.31828e-19  0.00000e+00  0.00000e+00  4.15606e-07
0471  9.73879e+18  4.19803e+02  4.56957e+05  6.73114e-19  0.00000e+00  0.00000e+00  4.14036e-07
0472  9.75720e+18  4.47109e+02  4.76885e+05  6.12845e-19  0.00000e+00  0.00000e+00  4.12474e-07
0473  9.77562e+18  4.76530e+02  4.98628e+05  5.54299e-19  0.00000e+00  0.00000e+00  4.10922e-07
0474  9.79403e+18  5.07463e+02  5.21519e+05  5.01053e-19  0.00000e+00  0.00000e+00  4.09378e-07
0475  9.81245e+18  5.39219e+02  5.44832e+05  4.52624e-19  0.00000e+00  0.00000e+00  4.07843e-07
0476  9.83087e+18  5.71055e+02  5.67835e+05  4.11152e-19  0.00000e+00  0.00000e+00  4.06316e-07
0477  9.84928e+18  6.02254e+02  5.89838e+05  3.75239e-19  0.00000e+00  0.00000e+00  4.04798e-07
0478  9.86770e+18  6.32239e+02  6.10311e+05  3.44635e-19  0.00000e+00  0.00000e+00  4.03289e-07
0479  9.88611e+18  6.60662e+02  6.28974e+05  3.19277e-19  0.00000e+00  0.00000e+00  4.01788e-07
0480  9.90453e+18  6.87400e+02  6.45741e+05  3.00266e-19  0.00000e+00  0.00000e+00  4.00295e-07
0481  9.92294e+18  7.12483e+02  6.60652e+05  2.83420e-19  0.00000e+00  0.00000e+00  3.98810e-07
0482  9.94136e+18  7.36047e+02  6.73872e+05  2.69236e-19  0.00000e+00  0.00000e+00  3.97334e-07
0483  9.95977e+18  7.58291e+02  6.85622e+05  2.56828e-19  0.00000e+00  0.00000e+00  3.95866e-07
0484  9.97819e+18  7.79442e+02  6.96140e+05  2.45829e-19  0.00000e+00  0.00000e+00  3.94406e-07
0485  9.99661e+18  7.99722e+02  7.05657e+05  2.36350e-19  0.00000e+00  0.00000e+00  3.92955e-07
0486  1.00150e+19  8.19322e+02  7.14364e+05  2.27811e-19  0.00000e+00  0.00000e+00  3.91511e-07
0487  1.00334e+19  8.38387e+02  7.22412e+05  2.19926e-19  0.00000e+00  0.00000e+00  3.90075e-07
0488  1.00519e+19  8.57028e+02  7.29920e+05  2.12585e-19  0.00000e+00  0.00000e+00  3.88647e-07
0489  1.00703e+19  8.75322e+02  7.36974e+05  2.05708e-19  0.00000e+00  0.00000e+00  3.87227e-07
0490  1.00887e+19  8.93319e+02  7.43634e+05  1.99235e-19  0.00000e+00  0.00000e+00  3.85814e-07
0491  1.01071e+19  9.11059e+02  7.49945e+05  1.93123e-19  0.00000e+00  0.00000e+00  3.84410e-07
0492  1.01255e+19  9.28593e+02  7.55957e+05  1.87326e-19  0.00000e+00  0.00000e+00  3.83013e-07
0493  1.01439e+19  9.45982e+02  7.61740e+05  1.83263e-19  0.00000e+00  0.00000e+00  3.81623e-07
0494  1.01623e+19  9.63246e+02  7.67284e+05  1.78470e-19  0.00000e+00  0.00000e+00  3.80242e-07
0495  1.01808e+19  9.80365e+02  7.72588e+05  1.73886e-19  0.00000e+00  0.00000e+00  3.78867e-07
0496  1.01992e+19  9.97317e+02  7.77656e+05  1.69488e-19  0.00000e+00  0.00000e+00  3.77500e-07
0497  1.02176e+19  1.01409e+03  7.82497e+05  1.65268e-19  0.00000e+00  0.00000e+00  3.76141e-07
0498  1.02360e+19  1.03068e+03  7.87125e+05  1.61215e-19  0.00000e+00  0.00000e+00  3.74789e-07
0499  1.02544e+19  1.04709e+03  7.91563e+05  1.57463e-19  0.00000e+00  0.00000e+00  3.73444e-07
0500  1.02728e+19  1.06334e+03  7.95832e+05  1.53896e-19  0.00000e+00  0.00000e+00  3.72106e-07
0501  1.02913e+19  1.07941e+03  7.99950e+05  1.50449e-19  0.00000e+00  0.00000e+00  3.70775e-07
0502  1.03097e+19  1.09532e+03  8.03934e+05  1.47114e-19  0.00000e+00  0.00000e+00  3.69452e-07
0503  1.03281e+19  1.11105e+03  8.07799e+05  1.43887e-19  0.00000e+00  0.00000e+00  3.68136e-07
0504  1.03465e+19  1.12662e+03  8.11556e+05  1.40762e-19  0.00000e+00  0.00000e+00  3.66826e-07
0505  1.03649e+19  1.14203e+03  8.15215e+05  1.37735e-19  0.00000e+00  0.00000e+00  3.65524e-07
0506  1.03833e+19  1.15728e+03  8.18782e+05  1.34802e-19  0.00000e+00  0.00000e+00  3.64229e-07
0507  1.04017e+19  1.17240e+03  8.22260e+05  1.31958e-19  0.00000e+00  0.00000e+00  3.62940e-07
0508  1.04202e+19  1.18738e+03  8.25652e+05  1.29199e-19  0.00000e+00  0.00000e+00  3.61658e-07
0509  1.04386e+19  1.20225e+03  8.28960e+05  1.26523e-19  0.00000e+00  0.00000e+00  3.60383e-07
0510  1.04570e+19  1.21701e+03  8.32184e+05  1.23938e-19  0.00000e+00  0.00000e+00  3.59115e-07
0511  1.04754e+19  1.23169e+03  8.35323e+05  1.21431e-19  0.00000e+00  0.00000e+00  3.57854e-07
0512  1.04938e+19  1.24630e+03  8.38388e+05  1.18995e-19  0.00000e+00  0.00000e+00  3.56599e-07
0513  1.05122e+19  1.26087e+03  8.41388e+05  1.16903e-19  0.00000e+00  0.00000e+00  3.55350e-07
0514  1.05307e+19  1.27542e+03  8.44328e+05  1.14851e-19  0.00000e+00  0.00000e+00  3.54109e-07
0515  1.05491e+19  1.28994e+03  8.47209e+05  1.12839e-19  0.00000e+00  0.00000e+00  3.52873e-07
0516  1.05675e+19  1.30444e+03  8.50034e+05  1.10867e-19  0.00000e+00  0.00000e+00  3.51645e-07
0517  1.05859e+19  1.31890e+03  8.52805e+05  1.08934e-19  0.00000e+00  0.00000e+00  3.50422e-07
0518  1.06043e+19  1.33331e+03  8.55523e+05  1.07040e-19  0.00000e+00  0.00000e+00  3.49206e-07
0519  1.06227e+19  1.34767e+03  8.58190e+05  1.05186e-19  0.00000e+00  0.00000e+00  3.47996e-07
0520  1.06412e+19  1.36197e+03  8.60809e+05  1.03370e-19  0.00000e+00  0.00000e+00  3.46793e-07
0521  1.06596e+19  1.37620e+03  8.63382e+05  1.01594e-19  0.00000e+00  0.00000e+00  3.45596e-07
0522  1.06780e+19  1.39034e+03  8.65909e+05  9.98565e-20  0.00000e+00  0.00000e+00  3.44405e-07
0523  1.06964e+19  1.40440e+03  8.68392e+05  9.81571e-20  0.00000e+00  0.00000e+00  3.43220e-07
0524  1.07148e+19  1.41837e+03  8.70833e+05  9.64953e-20  0.00000e+00  0.00000e+00  3.42041e-07
0525  1.07332e+19  1.43226e+03  8.73231e+05  9.48705e-20  0.00000e+00  0.00000e+00  3.40868e-07
0526  1.07516e+19  1.44605e+03  8.75587e+05  9.32819e-20  0.00000e+00  0.00000e+00  3.39702e-07
0527  1.07701e+19  1.45976e+03  8.77903e+05  9.17287e-20  0.00000e+00  0.00000e+00  3.38541e-07
0528  1.07885e+19  1.47338e+03  8.80176e+05  9.02100e-20  0.00000e+00  0.00000e+00  3.37386e-07
0529  1.08069e+19  1.48692e+03  8.82408e+05  8.87251e-20  0.00000e+00  0.00000e+00  3.36237e-07
0530  1.08253e+19  1.50038e+03  8.84601e+05  8.72768e-20  0.00000e+00  0.00000e+00  3.35094e-07
0531  1.08437e+19  1.51378e+03  8.86757e+05  8.59025e-20  0.00000e+00  0.00000e+00  3.33957e-07
0532  1.08621e+19  1.52710e+03  8.88875e+05  8.45560e-20  0.00000e+00  0.00000e+00  3.32826e-07
0533  1.08806e+19  1.54035e+03  8.90957e+05  8.32368e-20  0.00000e+00  0.00000e+00  3.31700e-07
0534  1.08990e+19  1.55354e+03  8.93003e+05  8.19443e-20  0.00000e+00  0.00000e+00  3.30580e-07
0535  1.09174e+19  1.56666e+03  8.95013e+05  8.06781e-20  0.00000e+00  0.00000e+00  3.29466e-07
0536  1.09358e+19  1.57971e+03  8.96988e+05  7.94378e-20  0.00000e+00  0.00000e+00  3.28357e-07
0537  1.09542e+19  1.59269e+03  8.98928e+05  7.82229e-20  0.00000e+00  0.00000e+00  3.27254e-07
0538  1.09726e+19  1.60559e+03  9.00832e+05  7.70330e-20  0.00000e+00  0.00000e+00  3.26156e-07
0539  1.09910e+19  1.61841e+03  9.02701e+05  7.58676e-20  0.00000e+00  0.00000e+00  3.25064e-07
0540  1.10095e+19  1.63116e+03  9.04534e+05  7.47263e-20  0.00000e+00  0.00000e+00  3.23978e-07
0541  1.10279e+19  1.64383e+03  9.06332e+05  7.36086e-20  0.00000e+00  0.00000e+00  3.22897e-07
0542  1.10463e+19  1.65642e+03  9.08095e+05  7.25141e-20  0.00000e+00  0.00000e+00  3.21821e-07
0543  1.10647e+19  1.66893e+03  9.09823e+05  7.14422e-20  0.00000e+00  0.00000e+00  3.20751e-07
0544  1.10831e+19  1.68136e+03  9.11515e+05  7.03925e-20  0.00000e+00  0.00000e+00  3.19686e-07
0545  1.11015e+19  1.69371e+03  9.13172e+05  6.93644e-20  0.00000e+00  0.00000e+00  3.18626e-07
0546  1.11200e+19  1.70598e+03  9.14794e+05  6.83575e-20  0.00000e+00  0.00000e+00  3.17571e-07
0547  1.11384e+19  1.71818e+03  9.16381e+05  6.73712e-20  0.00000e+00  0.00000e+00  3.16522e-07
0548  1.11568e+19  1.73029e+03  9.17934e+05  6.64051e-20  0.00000e+00  0.00000e+00  3.15478e-07
0549  1.11752e+19  1.74233e+03  9.19454e+05  6.54586e-20  0.00000e+00  0.00000e+00  3.14439e-07
0550  1.11936e+19  1.75428e+03  9.20940e+05  6.45315e-20  0.00000e+00  0.00000e+00  3.13405e-07
0551  1.12120e+19  1.76619e+03  9.22396e+05  6.36220e-20  0.00000e+00  0.00000e+00  3.12377e-07
0552  1.12305e+19  1.77790e+03  9.23810e+05  6.27354e-20  0.00000e+00  0.00000e+00  3.11353e-07
0553  1.12489e+19  1.79004e+03  9.25234e+05  6.18472e-20  0.00000e+00  0.00000e+00  3.10335e-07
0554  1.12673e+19  1.80004e+03  9.26464e+05  6.10532e-20  0.00000e+00  0.00000e+00  3.09321e-07
0555  1.12857e+19  1.82157e+03  9.28544e+05  5.98790e-20  0.00000e+00  0.00000e+00  3.08312e-07
