# Athena++ data at time=5.380000e+12  cycle=360514680  variables=prim 
# i       x1v         rho          press          vel1         vel2         vel3     
0002  1.13875e+18  2.14917e-18  8.97288e-06 -4.09800e+05  1.46607e-09  0.00000e+00
0003  1.15716e+18  9.91565e-19  5.45956e-06  2.43594e+05  7.93075e-03  0.00000e+00
0004  1.17558e+18  6.41286e-19  4.33775e-06  3.11370e+05  1.74215e-02  0.00000e+00
0005  1.19399e+18  4.31072e-19  3.63779e-06  4.31074e+05  2.60041e-02  0.00000e+00
0006  1.21241e+18  2.83179e-19  3.17893e-06  6.30626e+05  3.34734e-02  0.00000e+00
0007  1.23082e+18  1.70276e-19  2.89032e-06  9.60055e+05  4.01730e-02  0.00000e+00
0008  1.24924e+18  1.39930e-19  2.63488e-06  1.18967e+06  4.61857e-02  0.00000e+00
0009  1.26765e+18  1.25873e-19  2.48276e-06  1.25753e+06  5.17674e-02  0.00000e+00
0010  1.28607e+18  1.14905e-19  2.34262e-06  1.33326e+06  5.69943e-02  0.00000e+00
0011  1.30448e+18  1.06792e-19  2.21649e-06  1.39560e+06  6.19065e-02  0.00000e+00
0012  1.32290e+18  9.98068e-20  2.10580e-06  1.44948e+06  6.65447e-02  0.00000e+00
0013  1.34131e+18  9.33614e-20  2.00320e-06  1.50695e+06  7.09317e-02  0.00000e+00
0014  1.35973e+18  8.75135e-20  1.90930e-06  1.56415e+06  7.50888e-02  0.00000e+00
0015  1.37814e+18  8.24346e-20  1.82298e-06  1.61716e+06  7.90339e-02  0.00000e+00
0016  1.39656e+18  7.78874e-20  1.74446e-06  1.66616e+06  8.27865e-02  0.00000e+00
0017  1.41497e+18  7.36956e-20  1.67178e-06  1.71497e+06  8.63615e-02  0.00000e+00
0018  1.43339e+18  6.98516e-20  1.60473e-06  1.76261e+06  8.97739e-02  0.00000e+00
0019  1.45180e+18  6.67281e-20  1.54165e-06  1.80138e+06  9.30318e-02  0.00000e+00
0020  1.47022e+18  6.35916e-20  1.48572e-06  1.83968e+06  9.61544e-02  0.00000e+00
0021  1.48863e+18  6.04282e-20  1.43086e-06  1.88849e+06  9.91465e-02  0.00000e+00
0022  1.50705e+18  5.78120e-20  1.37948e-06  1.92879e+06  1.02014e-01  0.00000e+00
0023  1.52546e+18  5.53940e-20  1.33367e-06  1.96277e+06  1.04771e-01  0.00000e+00
0024  1.54388e+18  5.30245e-20  1.28950e-06  2.00186e+06  1.07424e-01  0.00000e+00
0027  1.56229e+18  5.07857e-20  1.24795e-06  2.04132e+06  1.09978e-01  0.00000e+00
0028  1.58071e+18  4.86844e-20  1.20901e-06  2.08011e+06  1.12440e-01  0.00000e+00
0029  1.59912e+18  4.67009e-20  1.17240e-06  2.11878e+06  1.14816e-01  0.00000e+00
0030  1.61754e+18  4.48176e-20  1.13789e-06  2.15780e+06  1.17112e-01  0.00000e+00
0031  1.63595e+18  4.30203e-20  1.10530e-06  2.19756e+06  1.19333e-01  0.00000e+00
0032  1.65437e+18  4.12976e-20  1.07453e-06  2.23831e+06  1.21482e-01  0.00000e+00
0033  1.67278e+18  3.96614e-20  1.04551e-06  2.27920e+06  1.23565e-01  0.00000e+00
0034  1.69120e+18  3.82032e-20  1.01821e-06  2.31567e+06  1.25586e-01  0.00000e+00
0035  1.70961e+18  3.69267e-20  9.93096e-07  2.34445e+06  1.27551e-01  0.00000e+00
0036  1.72803e+18  3.57836e-20  9.69619e-07  2.36822e+06  1.29464e-01  0.00000e+00
0037  1.74644e+18  3.46919e-20  9.47551e-07  2.39104e+06  1.31331e-01  0.00000e+00
0038  1.76486e+18  3.36111e-20  9.26264e-07  2.41656e+06  1.33152e-01  0.00000e+00
0039  1.78328e+18  3.25463e-20  9.05791e-07  2.44434e+06  1.34930e-01  0.00000e+00
0040  1.80169e+18  3.15068e-20  8.86182e-07  2.47362e+06  1.36668e-01  0.00000e+00
0041  1.82011e+18  3.04961e-20  8.67446e-07  2.50403e+06  1.38367e-01  0.00000e+00
0042  1.83852e+18  2.95028e-20  8.49564e-07  2.53600e+06  1.40029e-01  0.00000e+00
0043  1.85694e+18  2.85396e-20  8.32592e-07  2.56999e+06  1.41653e-01  0.00000e+00
0044  1.87535e+18  2.79181e-20  8.16527e-07  2.59621e+06  1.43231e-01  0.00000e+00
0045  1.89377e+18  2.74349e-20  8.00790e-07  2.59580e+06  1.44794e-01  0.00000e+00
0046  1.91218e+18  2.62408e-20  7.87348e-07  2.60392e+06  1.46446e-01  0.00000e+00
0047  1.93060e+18  2.37433e-20  7.74856e-07  2.67653e+06  1.48106e-01  0.00000e+00
0048  1.94901e+18  2.34473e-20  7.60908e-07  2.78809e+06  1.49506e-01  0.00000e+00
0049  1.96743e+18  2.48119e-20  7.45573e-07  2.70215e+06  1.50593e-01  0.00000e+00
0050  1.98584e+18  2.94846e-20  7.54837e-07  2.33116e+06  1.51837e-01  0.00000e+00
0051  2.00426e+18  3.24347e-20  7.77078e-07  1.98878e+06  1.53743e-01  0.00000e+00
0052  2.02267e+18  3.20043e-20  7.64810e-07  1.95152e+06  1.55867e-01  0.00000e+00
0053  2.04109e+18  3.11848e-20  7.48060e-07  1.91929e+06  1.57477e-01  0.00000e+00
0054  2.05951e+18  3.05460e-20  7.33626e-07  1.88788e+06  1.58796e-01  0.00000e+00
0055  2.07792e+18  2.96004e-20  7.15537e-07  1.92216e+06  1.60989e-01  0.00000e+00
0056  2.09634e+18  2.25274e-20  6.57192e-07  1.85567e+06  1.66053e-01  0.00000e+00
0057  2.11475e+18  9.15818e-21  7.36533e-07  2.06261e+06  1.76636e-01  0.00000e+00
0058  2.13317e+18  4.47140e-21  6.75018e-07  3.03951e+06  1.93398e-01  0.00000e+00
0059  2.15158e+18  3.34962e-21  6.74711e-07  3.39589e+06  2.13905e-01  0.00000e+00
0060  2.17000e+18  3.28514e-21  6.77154e-07  3.63510e+06  2.25354e-01  0.00000e+00
0061  2.18841e+18  3.35761e-21  6.81286e-07  3.83729e+06  2.25420e-01  0.00000e+00
0062  2.20683e+18  3.67041e-21  6.77385e-07  4.05909e+06  2.20770e-01  0.00000e+00
0063  2.22524e+18  5.14880e-21  6.71807e-07  4.55297e+06  2.02868e-01  0.00000e+00
0064  2.24366e+18  1.41475e-20  6.17107e-07  4.78617e+06  1.72585e-01  0.00000e+00
0065  2.26207e+18  2.68284e-20  6.29676e-07  4.09617e+06  1.62281e-01  0.00000e+00
0066  2.28049e+18  2.70886e-20  6.25840e-07  3.91338e+06  1.61754e-01  0.00000e+00
0067  2.29891e+18  2.65056e-20  6.13483e-07  3.91020e+06  1.62123e-01  0.00000e+00
0068  2.31732e+18  2.57219e-20  5.99477e-07  3.90361e+06  1.63370e-01  0.00000e+00
0069  2.33574e+18  2.49755e-20  5.86153e-07  3.89712e+06  1.65312e-01  0.00000e+00
0070  2.35415e+18  2.42779e-20  5.73625e-07  3.89282e+06  1.67299e-01  0.00000e+00
0071  2.37257e+18  2.35783e-20  5.59808e-07  3.88094e+06  1.69035e-01  0.00000e+00
0072  2.39098e+18  2.26367e-20  5.44134e-07  3.82761e+06  1.70632e-01  0.00000e+00
0073  2.40940e+18  2.10793e-20  5.22322e-07  3.68108e+06  1.72177e-01  0.00000e+00
0074  2.42781e+18  1.88413e-20  4.97621e-07  3.43078e+06  1.73542e-01  0.00000e+00
0075  2.44623e+18  1.70006e-20  4.81261e-07  3.24195e+06  1.74559e-01  0.00000e+00
0076  2.46464e+18  1.62625e-20  4.72729e-07  3.20332e+06  1.75273e-01  0.00000e+00
0077  2.48306e+18  1.60079e-20  4.65629e-07  3.21037e+06  1.75856e-01  0.00000e+00
0078  2.50147e+18  1.59169e-20  4.58856e-07  3.22508e+06  1.76420e-01  0.00000e+00
0079  2.51989e+18  1.58525e-20  4.52399e-07  3.23998e+06  1.77010e-01  0.00000e+00
0080  2.53831e+18  1.57585e-20  4.46109e-07  3.25578e+06  1.77636e-01  0.00000e+00
0081  2.55672e+18  1.56182e-20  4.39887e-07  3.27490e+06  1.78283e-01  0.00000e+00
0082  2.57514e+18  1.54450e-20  4.33736e-07  3.29709e+06  1.78937e-01  0.00000e+00
0083  2.59355e+18  1.52688e-20  4.27736e-07  3.31893e+06  1.79590e-01  0.00000e+00
0084  2.61197e+18  1.51337e-20  4.22018e-07  3.33603e+06  1.80243e-01  0.00000e+00
0085  2.63038e+18  1.50464e-20  4.16624e-07  3.34585e+06  1.80906e-01  0.00000e+00
0086  2.64880e+18  1.49592e-20  4.11363e-07  3.34834e+06  1.81583e-01  0.00000e+00
0087  2.66721e+18  1.48592e-20  4.06168e-07  3.34968e+06  1.82242e-01  0.00000e+00
0088  2.68563e+18  1.47325e-20  4.01008e-07  3.35501e+06  1.82853e-01  0.00000e+00
0089  2.70404e+18  1.43952e-20  3.94964e-07  3.33011e+06  1.83594e-01  0.00000e+00
0090  2.72246e+18  1.16051e-20  3.88466e-07  3.44792e+06  1.84860e-01  0.00000e+00
0091  2.74088e+18  6.49452e-21  3.88245e-07  4.34029e+06  1.86758e-01  0.00000e+00
0092  2.75929e+18  3.91171e-21  3.50321e-07  6.02758e+06  1.89065e-01  0.00000e+00
0093  2.77771e+18  2.99609e-21  3.35466e-07  6.91979e+06  1.91584e-01  0.00000e+00
0094  2.79612e+18  2.55297e-21  3.25802e-07  7.53298e+06  1.94191e-01  0.00000e+00
0095  2.81454e+18  2.28080e-21  3.18310e-07  8.02458e+06  1.96821e-01  0.00000e+00
0096  2.83295e+18  2.08645e-21  3.11958e-07  8.45098e+06  1.99452e-01  0.00000e+00
0097  2.85137e+18  1.93550e-21  3.06333e-07  8.83394e+06  2.02076e-01  0.00000e+00
0098  2.86978e+18  1.81332e-21  3.01311e-07  9.18060e+06  2.04691e-01  0.00000e+00
0099  2.88820e+18  1.70987e-21  2.96801e-07  9.50071e+06  2.07301e-01  0.00000e+00
0100  2.90661e+18  1.61990e-21  2.92465e-07  9.80417e+06  2.09904e-01  0.00000e+00
0101  2.92503e+18  1.54077e-21  2.88382e-07  1.00871e+07  2.12504e-01  0.00000e+00
0102  2.94345e+18  1.46983e-21  2.84457e-07  1.03545e+07  2.15103e-01  0.00000e+00
0103  2.96186e+18  1.40569e-21  2.80656e-07  1.06089e+07  2.17701e-01  0.00000e+00
0104  2.98028e+18  1.34746e-21  2.77014e-07  1.08515e+07  2.20300e-01  0.00000e+00
0105  2.99869e+18  1.29451e-21  2.73557e-07  1.10839e+07  2.22901e-01  0.00000e+00
0106  3.01711e+18  1.24625e-21  2.70303e-07  1.13075e+07  2.25505e-01  0.00000e+00
0107  3.03552e+18  1.20207e-21  2.67250e-07  1.15231e+07  2.28114e-01  0.00000e+00
0108  3.05394e+18  1.16135e-21  2.64378e-07  1.17318e+07  2.30730e-01  0.00000e+00
0109  3.07235e+18  1.12353e-21  2.61648e-07  1.19345e+07  2.33354e-01  0.00000e+00
0110  3.09077e+18  1.08833e-21  2.59048e-07  1.21306e+07  2.35988e-01  0.00000e+00
0111  3.10918e+18  1.05547e-21  2.56566e-07  1.23192e+07  2.38635e-01  0.00000e+00
0112  3.12760e+18  1.02477e-21  2.54189e-07  1.24997e+07  2.41297e-01  0.00000e+00
0113  3.14602e+18  9.95934e-22  2.51896e-07  1.26721e+07  2.43976e-01  0.00000e+00
0114  3.16443e+18  9.68743e-22  2.49677e-07  1.28369e+07  2.46674e-01  0.00000e+00
0115  3.18285e+18  9.43097e-22  2.47524e-07  1.29938e+07  2.49394e-01  0.00000e+00
0116  3.20126e+18  9.18875e-22  2.45436e-07  1.31430e+07  2.52137e-01  0.00000e+00
0117  3.21968e+18  8.95986e-22  2.43419e-07  1.32850e+07  2.54905e-01  0.00000e+00
0118  3.23809e+18  8.74359e-22  2.41484e-07  1.34206e+07  2.57699e-01  0.00000e+00
0119  3.25651e+18  8.53912e-22  2.39641e-07  1.35505e+07  2.60523e-01  0.00000e+00
0120  3.27492e+18  8.34566e-22  2.37892e-07  1.36753e+07  2.63376e-01  0.00000e+00
0121  3.29334e+18  8.16253e-22  2.36242e-07  1.37952e+07  2.66261e-01  0.00000e+00
0122  3.31176e+18  7.98905e-22  2.34688e-07  1.39102e+07  2.69179e-01  0.00000e+00
0123  3.33017e+18  7.82450e-22  2.33224e-07  1.40201e+07  2.72130e-01  0.00000e+00
0124  3.34859e+18  7.66818e-22  2.31842e-07  1.41248e+07  2.75116e-01  0.00000e+00
0125  3.36700e+18  7.51942e-22  2.30528e-07  1.42242e+07  2.78135e-01  0.00000e+00
0126  3.38542e+18  7.37761e-22  2.29272e-07  1.43184e+07  2.81189e-01  0.00000e+00
0127  3.40383e+18  7.24218e-22  2.28062e-07  1.44074e+07  2.84275e-01  0.00000e+00
0128  3.42225e+18  7.11265e-22  2.26889e-07  1.44913e+07  2.87392e-01  0.00000e+00
0129  3.44066e+18  6.98863e-22  2.25745e-07  1.45702e+07  2.90539e-01  0.00000e+00
0130  3.45908e+18  6.86982e-22  2.24629e-07  1.46441e+07  2.93715e-01  0.00000e+00
0131  3.47749e+18  6.75603e-22  2.23541e-07  1.47132e+07  2.96916e-01  0.00000e+00
0132  3.49591e+18  6.64709e-22  2.22485e-07  1.47776e+07  3.00142e-01  0.00000e+00
0133  3.51433e+18  6.54292e-22  2.21468e-07  1.48375e+07  3.03390e-01  0.00000e+00
0134  3.53274e+18  6.44340e-22  2.20496e-07  1.48933e+07  3.06659e-01  0.00000e+00
0135  3.55116e+18  6.34839e-22  2.19573e-07  1.49454e+07  3.09949e-01  0.00000e+00
0136  3.56957e+18  6.25766e-22  2.18700e-07  1.49945e+07  3.13258e-01  0.00000e+00
0137  3.58799e+18  6.17098e-22  2.17875e-07  1.50410e+07  3.16587e-01  0.00000e+00
0138  3.60640e+18  6.08813e-22  2.17093e-07  1.50851e+07  3.19936e-01  0.00000e+00
0139  3.62482e+18  6.00879e-22  2.16349e-07  1.51272e+07  3.23307e-01  0.00000e+00
0140  3.64323e+18  5.93265e-22  2.15635e-07  1.51674e+07  3.26699e-01  0.00000e+00
0141  3.66165e+18  5.85940e-22  2.14945e-07  1.52057e+07  3.30117e-01  0.00000e+00
0142  3.68007e+18  5.78878e-22  2.14273e-07  1.52420e+07  3.33562e-01  0.00000e+00
0143  3.69848e+18  5.72056e-22  2.13617e-07  1.52760e+07  3.37037e-01  0.00000e+00
0144  3.71690e+18  5.65455e-22  2.12975e-07  1.53074e+07  3.40546e-01  0.00000e+00
0145  3.73531e+18  5.59059e-22  2.12347e-07  1.53360e+07  3.44093e-01  0.00000e+00
0146  3.75373e+18  5.52852e-22  2.11733e-07  1.53615e+07  3.47680e-01  0.00000e+00
0147  3.77214e+18  5.46823e-22  2.11132e-07  1.53838e+07  3.51313e-01  0.00000e+00
0148  3.79056e+18  5.40957e-22  2.10543e-07  1.54031e+07  3.54995e-01  0.00000e+00
0149  3.80897e+18  5.35244e-22  2.09967e-07  1.54196e+07  3.58729e-01  0.00000e+00
0150  3.82739e+18  5.29673e-22  2.09403e-07  1.54339e+07  3.62520e-01  0.00000e+00
0151  3.84581e+18  5.24234e-22  2.08851e-07  1.54464e+07  3.66371e-01  0.00000e+00
0152  3.86422e+18  5.18920e-22  2.08311e-07  1.54578e+07  3.70287e-01  0.00000e+00
0153  3.88264e+18  5.13721e-22  2.07783e-07  1.54686e+07  3.74270e-01  0.00000e+00
0154  3.90105e+18  5.08632e-22  2.07268e-07  1.54791e+07  3.78325e-01  0.00000e+00
0155  3.91947e+18  5.03645e-22  2.06767e-07  1.54895e+07  3.82457e-01  0.00000e+00
0156  3.93788e+18  4.98757e-22  2.06282e-07  1.54996e+07  3.86670e-01  0.00000e+00
0157  3.95630e+18  4.93961e-22  2.05813e-07  1.55093e+07  3.90969e-01  0.00000e+00
0158  3.97471e+18  4.89253e-22  2.05362e-07  1.55182e+07  3.95356e-01  0.00000e+00
0159  3.99313e+18  4.84624e-22  2.04926e-07  1.55260e+07  3.99838e-01  0.00000e+00
0160  4.01155e+18  4.80071e-22  2.04504e-07  1.55325e+07  4.04415e-01  0.00000e+00
0161  4.02996e+18  4.75586e-22  2.04094e-07  1.55374e+07  4.09089e-01  0.00000e+00
0162  4.04838e+18  4.71173e-22  2.03696e-07  1.55407e+07  4.13862e-01  0.00000e+00
0163  4.06679e+18  4.66816e-22  2.03300e-07  1.55422e+07  4.18731e-01  0.00000e+00
0164  4.08521e+18  4.62516e-22  2.02901e-07  1.55419e+07  4.23693e-01  0.00000e+00
0165  4.10362e+18  4.58282e-22  2.02502e-07  1.55406e+07  4.28742e-01  0.00000e+00
0166  4.12204e+18  4.54114e-22  2.02099e-07  1.55382e+07  4.33872e-01  0.00000e+00
0167  4.14045e+18  4.50020e-22  2.01691e-07  1.55349e+07  4.39076e-01  0.00000e+00
0168  4.15887e+18  4.46007e-22  2.01277e-07  1.55310e+07  4.44344e-01  0.00000e+00
0169  4.17728e+18  4.42085e-22  2.00862e-07  1.55267e+07  4.49668e-01  0.00000e+00
0170  4.19570e+18  4.38265e-22  2.00448e-07  1.55220e+07  4.55042e-01  0.00000e+00
0171  4.21412e+18  4.34554e-22  2.00041e-07  1.55170e+07  4.60460e-01  0.00000e+00
0172  4.23253e+18  4.30947e-22  1.99644e-07  1.55119e+07  4.65917e-01  0.00000e+00
0173  4.25095e+18  4.27436e-22  1.99261e-07  1.55064e+07  4.71415e-01  0.00000e+00
0174  4.26936e+18  4.24087e-22  1.98895e-07  1.55007e+07  4.76980e-01  0.00000e+00
0175  4.28778e+18  4.20971e-22  1.98545e-07  1.54946e+07  4.82607e-01  0.00000e+00
0176  4.30619e+18  4.17648e-22  1.98209e-07  1.54882e+07  4.88161e-01  0.00000e+00
0177  4.32461e+18  4.13065e-22  1.97886e-07  1.54815e+07  4.93679e-01  0.00000e+00
0178  4.34302e+18  4.09511e-22  1.97573e-07  1.54742e+07  5.00325e-01  0.00000e+00
0179  4.36144e+18  4.09916e-22  1.97267e-07  1.54665e+07  5.09505e-01  0.00000e+00
0180  4.37986e+18  4.18692e-22  1.96932e-07  1.54595e+07  5.14159e-01  0.00000e+00
0181  4.39827e+18  4.86448e-22  1.96589e-07  1.54572e+07  5.12381e-01  0.00000e+00
0182  4.41669e+18  9.27395e-22  1.96020e-07  1.54343e+07  4.97053e-01  0.00000e+00
0183  4.43510e+18  3.19079e-21  1.82248e-07  1.49868e+07  4.38683e-01  0.00000e+00
0184  4.45352e+18  7.40258e-21  1.75851e-07  1.33517e+07  3.46964e-01  0.00000e+00
0185  4.47193e+18  8.22109e-21  1.78429e-07  1.24254e+07  2.59173e-01  0.00000e+00
0186  4.49035e+18  8.05047e-21  1.75377e-07  1.23697e+07  1.88160e-01  0.00000e+00
0187  4.50876e+18  7.59147e-21  1.68648e-07  1.24232e+07  1.45823e-01  0.00000e+00
0188  4.52718e+18  7.02118e-21  1.60813e-07  1.25161e+07  1.30937e-01  0.00000e+00
0189  4.54560e+18  6.51416e-21  1.53539e-07  1.25901e+07  1.28789e-01  0.00000e+00
0190  4.56401e+18  6.06674e-21  1.47275e-07  1.26460e+07  1.28743e-01  0.00000e+00
0191  4.58243e+18  5.60046e-21  1.41542e-07  1.27053e+07  1.28808e-01  0.00000e+00
0192  4.60084e+18  4.99434e-21  1.35957e-07  1.27815e+07  1.29049e-01  0.00000e+00
0193  4.61926e+18  4.11518e-21  1.32476e-07  1.29603e+07  1.29550e-01  0.00000e+00
0194  4.63767e+18  3.03782e-21  1.28018e-07  1.34815e+07  1.30309e-01  0.00000e+00
0195  4.65609e+18  2.14130e-21  1.18972e-07  1.44127e+07  1.31266e-01  0.00000e+00
0196  4.67450e+18  1.60511e-21  1.10723e-07  1.53238e+07  1.32362e-01  0.00000e+00
0197  4.69292e+18  1.31051e-21  1.05318e-07  1.60144e+07  1.33542e-01  0.00000e+00
0198  4.71134e+18  1.13444e-21  1.01387e-07  1.65542e+07  1.34766e-01  0.00000e+00
0199  4.72975e+18  1.01682e-21  9.81298e-08  1.70078e+07  1.36008e-01  0.00000e+00
0200  4.74817e+18  9.30866e-22  9.52852e-08  1.74045e+07  1.37253e-01  0.00000e+00
0201  4.76658e+18  8.63540e-22  9.27438e-08  1.77625e+07  1.38495e-01  0.00000e+00
0202  4.78500e+18  8.08284e-22  9.04098e-08  1.80935e+07  1.39729e-01  0.00000e+00
0203  4.80341e+18  7.61590e-22  8.82496e-08  1.84024e+07  1.40955e-01  0.00000e+00
0204  4.82183e+18  7.21245e-22  8.62395e-08  1.86930e+07  1.42170e-01  0.00000e+00
0205  4.84024e+18  6.85819e-22  8.43538e-08  1.89683e+07  1.43376e-01  0.00000e+00
0206  4.85866e+18  6.54391e-22  8.25785e-08  1.92300e+07  1.44571e-01  0.00000e+00
0207  4.87708e+18  6.26246e-22  8.09011e-08  1.94790e+07  1.45756e-01  0.00000e+00
0208  4.89549e+18  6.00710e-22  7.93143e-08  1.97179e+07  1.46931e-01  0.00000e+00
0209  4.91391e+18  5.77316e-22  7.77923e-08  1.99493e+07  1.48095e-01  0.00000e+00
0210  4.93232e+18  5.55788e-22  7.63356e-08  2.01736e+07  1.49247e-01  0.00000e+00
0211  4.95074e+18  5.35877e-22  7.49391e-08  2.03911e+07  1.50388e-01  0.00000e+00
0212  4.96915e+18  5.17374e-22  7.35969e-08  2.06028e+07  1.51517e-01  0.00000e+00
0213  4.98757e+18  5.00123e-22  7.23045e-08  2.08091e+07  1.52634e-01  0.00000e+00
0214  5.00598e+18  4.84005e-22  7.10593e-08  2.10102e+07  1.53737e-01  0.00000e+00
0215  5.02440e+18  4.68914e-22  6.98591e-08  2.12061e+07  1.54826e-01  0.00000e+00
0216  5.04282e+18  4.54760e-22  6.87017e-08  2.13971e+07  1.55901e-01  0.00000e+00
0217  5.06123e+18  4.41464e-22  6.75848e-08  2.15833e+07  1.56961e-01  0.00000e+00
0218  5.07965e+18  4.28955e-22  6.65061e-08  2.17647e+07  1.58006e-01  0.00000e+00
0219  5.09806e+18  4.17136e-22  6.54635e-08  2.19420e+07  1.59035e-01  0.00000e+00
0220  5.11648e+18  4.05923e-22  6.44511e-08  2.21162e+07  1.60046e-01  0.00000e+00
0221  5.13489e+18  3.95265e-22  6.34666e-08  2.22876e+07  1.61039e-01  0.00000e+00
0222  5.15331e+18  3.85129e-22  6.25093e-08  2.24562e+07  1.62014e-01  0.00000e+00
0223  5.17172e+18  3.75485e-22  6.15787e-08  2.26220e+07  1.62968e-01  0.00000e+00
0224  5.19014e+18  3.66306e-22  6.06739e-08  2.27849e+07  1.63901e-01  0.00000e+00
0225  5.20856e+18  3.57566e-22  5.97941e-08  2.29449e+07  1.64813e-01  0.00000e+00
0226  5.22697e+18  3.49240e-22  5.89383e-08  2.31022e+07  1.65701e-01  0.00000e+00
0227  5.24539e+18  3.41306e-22  5.81059e-08  2.32566e+07  1.66566e-01  0.00000e+00
0228  5.26380e+18  3.33742e-22  5.72960e-08  2.34083e+07  1.67406e-01  0.00000e+00
0229  5.28222e+18  3.26524e-22  5.65078e-08  2.35572e+07  1.68222e-01  0.00000e+00
0230  5.30063e+18  3.19628e-22  5.57402e-08  2.37036e+07  1.69013e-01  0.00000e+00
0231  5.31905e+18  3.13033e-22  5.49921e-08  2.38476e+07  1.69779e-01  0.00000e+00
0232  5.33746e+18  3.06721e-22  5.42628e-08  2.39892e+07  1.70520e-01  0.00000e+00
0233  5.35588e+18  3.00677e-22  5.35519e-08  2.41284e+07  1.71236e-01  0.00000e+00
0234  5.37430e+18  2.94884e-22  5.28588e-08  2.42652e+07  1.71929e-01  0.00000e+00
0235  5.39271e+18  2.89328e-22  5.21831e-08  2.43997e+07  1.72599e-01  0.00000e+00
0236  5.41113e+18  2.83994e-22  5.15241e-08  2.45319e+07  1.73246e-01  0.00000e+00
0237  5.42954e+18  2.78869e-22  5.08815e-08  2.46617e+07  1.73872e-01  0.00000e+00
0238  5.44796e+18  2.73941e-22  5.02547e-08  2.47893e+07  1.74479e-01  0.00000e+00
0239  5.46637e+18  2.69199e-22  4.96433e-08  2.49145e+07  1.75067e-01  0.00000e+00
0240  5.48479e+18  2.64629e-22  4.90471e-08  2.50376e+07  1.75638e-01  0.00000e+00
0241  5.50320e+18  2.60221e-22  4.84653e-08  2.51584e+07  1.76193e-01  0.00000e+00
0242  5.52162e+18  2.55964e-22  4.78975e-08  2.52772e+07  1.76734e-01  0.00000e+00
0243  5.54004e+18  2.51850e-22  4.73433e-08  2.53938e+07  1.77261e-01  0.00000e+00
0244  5.55845e+18  2.47870e-22  4.68024e-08  2.55084e+07  1.77777e-01  0.00000e+00
0245  5.57687e+18  2.44021e-22  4.62745e-08  2.56208e+07  1.78283e-01  0.00000e+00
0246  5.59528e+18  2.40292e-22  4.57596e-08  2.57311e+07  1.78780e-01  0.00000e+00
0247  5.61370e+18  2.36670e-22  4.52558e-08  2.58397e+07  1.79269e-01  0.00000e+00
0248  5.63211e+18  2.33147e-22  4.47621e-08  2.59469e+07  1.79751e-01  0.00000e+00
0249  5.65053e+18  2.29719e-22  4.42785e-08  2.60526e+07  1.80228e-01  0.00000e+00
0250  5.66894e+18  2.26383e-22  4.38051e-08  2.61568e+07  1.80700e-01  0.00000e+00
0251  5.68736e+18  2.23135e-22  4.33415e-08  2.62594e+07  1.81169e-01  0.00000e+00
0252  5.70578e+18  2.19972e-22  4.28878e-08  2.63605e+07  1.81634e-01  0.00000e+00
0253  5.72419e+18  2.16891e-22  4.24438e-08  2.64599e+07  1.82097e-01  0.00000e+00
0254  5.74261e+18  2.13889e-22  4.20093e-08  2.65578e+07  1.82559e-01  0.00000e+00
0255  5.76102e+18  2.10964e-22  4.15841e-08  2.66540e+07  1.83019e-01  0.00000e+00
0256  5.77944e+18  2.08113e-22  4.11682e-08  2.67486e+07  1.83478e-01  0.00000e+00
0257  5.79785e+18  2.05334e-22  4.07613e-08  2.68415e+07  1.83937e-01  0.00000e+00
0258  5.81627e+18  2.02624e-22  4.03633e-08  2.69328e+07  1.84395e-01  0.00000e+00
0259  5.83468e+18  1.99983e-22  3.99739e-08  2.70225e+07  1.84853e-01  0.00000e+00
0260  5.85310e+18  1.97406e-22  3.95930e-08  2.71106e+07  1.85311e-01  0.00000e+00
0261  5.87152e+18  1.94894e-22  3.92204e-08  2.71971e+07  1.85768e-01  0.00000e+00
0262  5.88993e+18  1.92444e-22  3.88559e-08  2.72820e+07  1.86226e-01  0.00000e+00
0263  5.90835e+18  1.90054e-22  3.84993e-08  2.73652e+07  1.86684e-01  0.00000e+00
0264  5.92676e+18  1.87723e-22  3.81506e-08  2.74469e+07  1.87142e-01  0.00000e+00
0265  5.94518e+18  1.85449e-22  3.78095e-08  2.75269e+07  1.87600e-01  0.00000e+00
0266  5.96359e+18  1.83231e-22  3.74759e-08  2.76054e+07  1.88057e-01  0.00000e+00
0267  5.98201e+18  1.81067e-22  3.71497e-08  2.76823e+07  1.88514e-01  0.00000e+00
0268  6.00043e+18  1.78956e-22  3.68308e-08  2.77576e+07  1.88971e-01  0.00000e+00
0269  6.01884e+18  1.76896e-22  3.65189e-08  2.78312e+07  1.89427e-01  0.00000e+00
0270  6.03726e+18  1.74888e-22  3.62140e-08  2.79034e+07  1.89883e-01  0.00000e+00
0271  6.05567e+18  1.72928e-22  3.59160e-08  2.79739e+07  1.90337e-01  0.00000e+00
0272  6.07409e+18  1.71017e-22  3.56247e-08  2.80428e+07  1.90790e-01  0.00000e+00
0273  6.09250e+18  1.69152e-22  3.53400e-08  2.81102e+07  1.91242e-01  0.00000e+00
0274  6.11092e+18  1.67332e-22  3.50615e-08  2.81761e+07  1.91693e-01  0.00000e+00
0275  6.12933e+18  1.65555e-22  3.47892e-08  2.82405e+07  1.92141e-01  0.00000e+00
0276  6.14775e+18  1.63822e-22  3.45228e-08  2.83035e+07  1.92588e-01  0.00000e+00
0277  6.16617e+18  1.62129e-22  3.42623e-08  2.83651e+07  1.93032e-01  0.00000e+00
0278  6.18458e+18  1.60477e-22  3.40074e-08  2.84252e+07  1.93474e-01  0.00000e+00
0279  6.20300e+18  1.58864e-22  3.37580e-08  2.84840e+07  1.93914e-01  0.00000e+00
0280  6.22141e+18  1.57289e-22  3.35138e-08  2.85415e+07  1.94351e-01  0.00000e+00
0281  6.23983e+18  1.55750e-22  3.32747e-08  2.85977e+07  1.94786e-01  0.00000e+00
0282  6.25824e+18  1.54247e-22  3.30405e-08  2.86526e+07  1.95218e-01  0.00000e+00
0283  6.27666e+18  1.52778e-22  3.28111e-08  2.87063e+07  1.95647e-01  0.00000e+00
0284  6.29507e+18  1.51343e-22  3.25865e-08  2.87588e+07  1.96074e-01  0.00000e+00
0285  6.31349e+18  1.49941e-22  3.23665e-08  2.88099e+07  1.96498e-01  0.00000e+00
0286  6.33191e+18  1.48571e-22  3.21513e-08  2.88599e+07  1.96920e-01  0.00000e+00
0287  6.35032e+18  1.47232e-22  3.19406e-08  2.89086e+07  1.97340e-01  0.00000e+00
0288  6.36874e+18  1.45923e-22  3.17346e-08  2.89560e+07  1.97758e-01  0.00000e+00
0289  6.38715e+18  1.44643e-22  3.15330e-08  2.90021e+07  1.98174e-01  0.00000e+00
0290  6.40557e+18  1.43392e-22  3.13357e-08  2.90471e+07  1.98588e-01  0.00000e+00
0291  6.42398e+18  1.42167e-22  3.11427e-08  2.90908e+07  1.99001e-01  0.00000e+00
0292  6.44240e+18  1.40969e-22  3.09537e-08  2.91334e+07  1.99413e-01  0.00000e+00
0293  6.46081e+18  1.39796e-22  3.07686e-08  2.91750e+07  1.99825e-01  0.00000e+00
0294  6.47923e+18  1.38647e-22  3.05872e-08  2.92154e+07  2.00236e-01  0.00000e+00
0295  6.49765e+18  1.37522e-22  3.04094e-08  2.92548e+07  2.00646e-01  0.00000e+00
0296  6.51606e+18  1.36419e-22  3.02351e-08  2.92933e+07  2.01057e-01  0.00000e+00
0297  6.53448e+18  1.35338e-22  3.00644e-08  2.93307e+07  2.01468e-01  0.00000e+00
0298  6.55289e+18  1.34279e-22  2.98970e-08  2.93671e+07  2.01879e-01  0.00000e+00
0299  6.57131e+18  1.33241e-22  2.97332e-08  2.94024e+07  2.02291e-01  0.00000e+00
0300  6.58972e+18  1.32224e-22  2.95728e-08  2.94368e+07  2.02704e-01  0.00000e+00
0301  6.60814e+18  1.31226e-22  2.94159e-08  2.94700e+07  2.03118e-01  0.00000e+00
0302  6.62655e+18  1.30249e-22  2.92623e-08  2.95023e+07  2.03533e-01  0.00000e+00
0303  6.64497e+18  1.29291e-22  2.91121e-08  2.95335e+07  2.03950e-01  0.00000e+00
0304  6.66339e+18  1.28351e-22  2.89651e-08  2.95637e+07  2.04369e-01  0.00000e+00
0305  6.68180e+18  1.27429e-22  2.88212e-08  2.95930e+07  2.04789e-01  0.00000e+00
0306  6.70022e+18  1.26525e-22  2.86802e-08  2.96214e+07  2.05211e-01  0.00000e+00
0307  6.71863e+18  1.25637e-22  2.85419e-08  2.96490e+07  2.05635e-01  0.00000e+00
0308  6.73705e+18  1.24765e-22  2.84063e-08  2.96757e+07  2.06061e-01  0.00000e+00
0309  6.75546e+18  1.23908e-22  2.82732e-08  2.97018e+07  2.06489e-01  0.00000e+00
0310  6.77388e+18  1.23067e-22  2.81426e-08  2.97270e+07  2.06920e-01  0.00000e+00
0311  6.79229e+18  1.22240e-22  2.80144e-08  2.97516e+07  2.07353e-01  0.00000e+00
0312  6.81071e+18  1.21428e-22  2.78886e-08  2.97754e+07  2.07788e-01  0.00000e+00
0313  6.82913e+18  1.20630e-22  2.77652e-08  2.97984e+07  2.08225e-01  0.00000e+00
0314  6.84754e+18  1.19846e-22  2.76444e-08  2.98207e+07  2.08665e-01  0.00000e+00
0315  6.86596e+18  1.19076e-22  2.75260e-08  2.98421e+07  2.09108e-01  0.00000e+00
0316  6.88437e+18  1.18321e-22  2.74103e-08  2.98628e+07  2.09552e-01  0.00000e+00
0317  6.90279e+18  1.17579e-22  2.72970e-08  2.98826e+07  2.10000e-01  0.00000e+00
0318  6.92120e+18  1.16852e-22  2.71864e-08  2.99016e+07  2.10449e-01  0.00000e+00
0319  6.93962e+18  1.16137e-22  2.70782e-08  2.99197e+07  2.10902e-01  0.00000e+00
0320  6.95803e+18  1.15436e-22  2.69723e-08  2.99371e+07  2.11356e-01  0.00000e+00
0321  6.97645e+18  1.14747e-22  2.68688e-08  2.99538e+07  2.11814e-01  0.00000e+00
0322  6.99487e+18  1.14070e-22  2.67674e-08  2.99697e+07  2.12274e-01  0.00000e+00
0323  7.01328e+18  1.13405e-22  2.66681e-08  2.99850e+07  2.12737e-01  0.00000e+00
0324  7.03170e+18  1.12751e-22  2.65708e-08  2.99996e+07  2.13202e-01  0.00000e+00
0325  7.05011e+18  1.12108e-22  2.64754e-08  3.00136e+07  2.13670e-01  0.00000e+00
0326  7.06853e+18  1.11477e-22  2.63821e-08  3.00270e+07  2.14141e-01  0.00000e+00
0327  7.08694e+18  1.10856e-22  2.62908e-08  3.00397e+07  2.14614e-01  0.00000e+00
0328  7.10536e+18  1.10247e-22  2.62016e-08  3.00516e+07  2.15091e-01  0.00000e+00
0329  7.12378e+18  1.09648e-22  2.61146e-08  3.00628e+07  2.15571e-01  0.00000e+00
0330  7.14219e+18  1.09061e-22  2.60300e-08  3.00731e+07  2.16054e-01  0.00000e+00
0331  7.16061e+18  1.08485e-22  2.59476e-08  3.00826e+07  2.16540e-01  0.00000e+00
0332  7.17902e+18  1.07919e-22  2.58674e-08  3.00913e+07  2.17029e-01  0.00000e+00
0333  7.19744e+18  1.07364e-22  2.57892e-08  3.00993e+07  2.17522e-01  0.00000e+00
0334  7.21585e+18  1.06817e-22  2.57127e-08  3.01067e+07  2.18019e-01  0.00000e+00
0335  7.23427e+18  1.06279e-22  2.56375e-08  3.01137e+07  2.18520e-01  0.00000e+00
0336  7.25268e+18  1.05746e-22  2.55631e-08  3.01206e+07  2.19024e-01  0.00000e+00
0337  7.27110e+18  1.05220e-22  2.54891e-08  3.01274e+07  2.19533e-01  0.00000e+00
0338  7.28952e+18  1.04698e-22  2.54152e-08  3.01344e+07  2.20046e-01  0.00000e+00
0339  7.30793e+18  1.04180e-22  2.53414e-08  3.01415e+07  2.20563e-01  0.00000e+00
0340  7.32635e+18  1.03667e-22  2.52677e-08  3.01488e+07  2.21085e-01  0.00000e+00
0341  7.34476e+18  1.03158e-22  2.51943e-08  3.01561e+07  2.21611e-01  0.00000e+00
0342  7.36318e+18  1.02655e-22  2.51216e-08  3.01633e+07  2.22141e-01  0.00000e+00
0343  7.38159e+18  1.02159e-22  2.50500e-08  3.01701e+07  2.22676e-01  0.00000e+00
0344  7.40001e+18  1.01669e-22  2.49799e-08  3.01765e+07  2.23216e-01  0.00000e+00
0345  7.41842e+18  1.01188e-22  2.49115e-08  3.01821e+07  2.23760e-01  0.00000e+00
0346  7.43684e+18  1.00716e-22  2.48451e-08  3.01870e+07  2.24308e-01  0.00000e+00
0347  7.45526e+18  1.00253e-22  2.47809e-08  3.01909e+07  2.24861e-01  0.00000e+00
0348  7.47367e+18  9.98016e-23  2.47204e-08  3.01937e+07  2.25418e-01  0.00000e+00
0349  7.49209e+18  9.93621e-23  2.46631e-08  3.01942e+07  2.25979e-01  0.00000e+00
0350  7.51050e+18  9.89307e-23  2.46079e-08  3.01938e+07  2.26545e-01  0.00000e+00
0351  7.52892e+18  9.85093e-23  2.45557e-08  3.01924e+07  2.27116e-01  0.00000e+00
0352  7.54733e+18  9.80995e-23  2.45072e-08  3.01893e+07  2.27691e-01  0.00000e+00
0353  7.56575e+18  9.77001e-23  2.44622e-08  3.01845e+07  2.28270e-01  0.00000e+00
0354  7.58416e+18  9.73084e-23  2.44197e-08  3.01787e+07  2.28854e-01  0.00000e+00
0355  7.60258e+18  9.69209e-23  2.43780e-08  3.01724e+07  2.29442e-01  0.00000e+00
0356  7.62100e+18  9.65353e-23  2.43363e-08  3.01662e+07  2.30034e-01  0.00000e+00
0357  7.63941e+18  9.61503e-23  2.42936e-08  3.01605e+07  2.30630e-01  0.00000e+00
0358  7.65783e+18  9.57656e-23  2.42497e-08  3.01556e+07  2.31230e-01  0.00000e+00
0359  7.67624e+18  9.53818e-23  2.42043e-08  3.01516e+07  2.31834e-01  0.00000e+00
0360  7.69466e+18  9.50001e-23  2.41576e-08  3.01483e+07  2.32441e-01  0.00000e+00
0361  7.71307e+18  9.46218e-23  2.41101e-08  3.01457e+07  2.33053e-01  0.00000e+00
0362  7.73149e+18  9.42439e-23  2.40609e-08  3.01435e+07  2.33671e-01  0.00000e+00
0363  7.74990e+18  9.38642e-23  2.40097e-08  3.01430e+07  2.34294e-01  0.00000e+00
0364  7.76832e+18  9.34836e-23  2.39572e-08  3.01433e+07  2.34926e-01  0.00000e+00
0365  7.78674e+18  9.31007e-23  2.39030e-08  3.01443e+07  2.35566e-01  0.00000e+00
0366  7.80515e+18  9.27146e-23  2.38470e-08  3.01463e+07  2.36218e-01  0.00000e+00
0367  7.82357e+18  9.23251e-23  2.37894e-08  3.01493e+07  2.36882e-01  0.00000e+00
0368  7.84198e+18  9.19317e-23  2.37301e-08  3.01533e+07  2.37561e-01  0.00000e+00
0369  7.86040e+18  9.15338e-23  2.36690e-08  3.01583e+07  2.38257e-01  0.00000e+00
0370  7.87881e+18  9.11301e-23  2.36060e-08  3.01644e+07  2.38972e-01  0.00000e+00
0371  7.89723e+18  9.07198e-23  2.35408e-08  3.01717e+07  2.39708e-01  0.00000e+00
0372  7.91564e+18  9.03024e-23  2.34735e-08  3.01803e+07  2.40467e-01  0.00000e+00
0373  7.93406e+18  8.98777e-23  2.34043e-08  3.01899e+07  2.41251e-01  0.00000e+00
0374  7.95248e+18  8.94464e-23  2.33335e-08  3.02005e+07  2.42061e-01  0.00000e+00
0375  7.97089e+18  8.90088e-23  2.32614e-08  3.02120e+07  2.42898e-01  0.00000e+00
0376  7.98931e+18  8.85655e-23  2.31882e-08  3.02241e+07  2.43763e-01  0.00000e+00
0377  8.00772e+18  8.81171e-23  2.31141e-08  3.02369e+07  2.44654e-01  0.00000e+00
0378  8.02614e+18  8.76642e-23  2.30391e-08  3.02502e+07  2.45570e-01  0.00000e+00
0379  8.04455e+18  8.72079e-23  2.29634e-08  3.02640e+07  2.46508e-01  0.00000e+00
0380  8.06297e+18  8.67492e-23  2.28870e-08  3.02784e+07  2.47466e-01  0.00000e+00
0381  8.08139e+18  8.62896e-23  2.28099e-08  3.02932e+07  2.48437e-01  0.00000e+00
0382  8.09980e+18  8.58309e-23  2.27322e-08  3.03086e+07  2.49417e-01  0.00000e+00
0383  8.11822e+18  8.53748e-23  2.26539e-08  3.03244e+07  2.50397e-01  0.00000e+00
0384  8.13663e+18  8.49233e-23  2.25750e-08  3.03406e+07  2.51370e-01  0.00000e+00
0385  8.15505e+18  8.44787e-23  2.24956e-08  3.03573e+07  2.52327e-01  0.00000e+00
0386  8.17346e+18  8.40429e-23  2.24156e-08  3.03744e+07  2.53259e-01  0.00000e+00
0387  8.19188e+18  8.36179e-23  2.23351e-08  3.03920e+07  2.54157e-01  0.00000e+00
0388  8.21029e+18  8.32055e-23  2.22541e-08  3.04100e+07  2.55014e-01  0.00000e+00
0389  8.22871e+18  8.28071e-23  2.21727e-08  3.04284e+07  2.55821e-01  0.00000e+00
0390  8.24713e+18  8.24236e-23  2.20908e-08  3.04473e+07  2.56573e-01  0.00000e+00
0391  8.26554e+18  8.20553e-23  2.20085e-08  3.04665e+07  2.57268e-01  0.00000e+00
0392  8.28396e+18  8.17022e-23  2.19258e-08  3.04861e+07  2.57903e-01  0.00000e+00
0393  8.30237e+18  8.13635e-23  2.18426e-08  3.05061e+07  2.58481e-01  0.00000e+00
0394  8.32079e+18  8.10379e-23  2.17592e-08  3.05265e+07  2.59006e-01  0.00000e+00
0395  8.33920e+18  8.07239e-23  2.16754e-08  3.05473e+07  2.59483e-01  0.00000e+00
0396  8.35762e+18  8.04194e-23  2.15912e-08  3.05684e+07  2.59921e-01  0.00000e+00
0397  8.37603e+18  8.01224e-23  2.15068e-08  3.05899e+07  2.60328e-01  0.00000e+00
0398  8.39445e+18  7.98307e-23  2.14221e-08  3.06117e+07  2.60712e-01  0.00000e+00
0399  8.41287e+18  7.95420e-23  2.13371e-08  3.06338e+07  2.61084e-01  0.00000e+00
0400  8.43128e+18  7.92546e-23  2.12520e-08  3.06562e+07  2.61450e-01  0.00000e+00
0401  8.44970e+18  7.89666e-23  2.11667e-08  3.06789e+07  2.61819e-01  0.00000e+00
0402  8.46811e+18  7.86767e-23  2.10813e-08  3.07019e+07  2.62196e-01  0.00000e+00
0403  8.48653e+18  7.83838e-23  2.09958e-08  3.07250e+07  2.62588e-01  0.00000e+00
0404  8.50494e+18  7.80872e-23  2.09104e-08  3.07484e+07  2.62998e-01  0.00000e+00
0405  8.52336e+18  7.77864e-23  2.08249e-08  3.07719e+07  2.63429e-01  0.00000e+00
0406  8.54177e+18  7.74815e-23  2.07396e-08  3.07956e+07  2.63884e-01  0.00000e+00
0407  8.56019e+18  7.71727e-23  2.06543e-08  3.08195e+07  2.64361e-01  0.00000e+00
0408  8.57861e+18  7.68606e-23  2.05692e-08  3.08434e+07  2.64860e-01  0.00000e+00
0409  8.59702e+18  7.65460e-23  2.04843e-08  3.08674e+07  2.65380e-01  0.00000e+00
0410  8.61544e+18  7.62297e-23  2.03996e-08  3.08915e+07  2.65917e-01  0.00000e+00
0411  8.63385e+18  7.59128e-23  2.03152e-08  3.09157e+07  2.66468e-01  0.00000e+00
0412  8.65227e+18  7.55961e-23  2.02311e-08  3.09399e+07  2.67029e-01  0.00000e+00
0413  8.67068e+18  7.52808e-23  2.01472e-08  3.09641e+07  2.67596e-01  0.00000e+00
0414  8.68910e+18  7.49675e-23  2.00636e-08  3.09884e+07  2.68166e-01  0.00000e+00
0415  8.70751e+18  7.46571e-23  1.99803e-08  3.10127e+07  2.68735e-01  0.00000e+00
0416  8.72593e+18  7.43500e-23  1.98974e-08  3.10370e+07  2.69301e-01  0.00000e+00
0417  8.74435e+18  7.40467e-23  1.98148e-08  3.10613e+07  2.69860e-01  0.00000e+00
0418  8.76276e+18  7.37472e-23  1.97325e-08  3.10857e+07  2.70413e-01  0.00000e+00
0419  8.78118e+18  7.34518e-23  1.96506e-08  3.11100e+07  2.70958e-01  0.00000e+00
0420  8.79959e+18  7.31603e-23  1.95690e-08  3.11344e+07  2.71495e-01  0.00000e+00
0421  8.81801e+18  7.28726e-23  1.94877e-08  3.11587e+07  2.72025e-01  0.00000e+00
0422  8.83642e+18  7.25883e-23  1.94068e-08  3.11831e+07  2.72548e-01  0.00000e+00
0423  8.85484e+18  7.23073e-23  1.93263e-08  3.12074e+07  2.73065e-01  0.00000e+00
0424  8.87326e+18  7.20292e-23  1.92461e-08  3.12318e+07  2.73577e-01  0.00000e+00
0425  8.89167e+18  7.17537e-23  1.91662e-08  3.12562e+07  2.74086e-01  0.00000e+00
0426  8.91009e+18  7.14805e-23  1.90867e-08  3.12806e+07  2.74593e-01  0.00000e+00
0427  8.92850e+18  7.12096e-23  1.90075e-08  3.13050e+07  2.75099e-01  0.00000e+00
0428  8.94692e+18  7.09406e-23  1.89286e-08  3.13293e+07  2.75604e-01  0.00000e+00
0429  8.96533e+18  7.06734e-23  1.88501e-08  3.13537e+07  2.76109e-01  0.00000e+00
0430  8.98375e+18  7.04079e-23  1.87720e-08  3.13781e+07  2.76615e-01  0.00000e+00
0431  9.00216e+18  7.01442e-23  1.86942e-08  3.14025e+07  2.77121e-01  0.00000e+00
0432  9.02058e+18  6.98821e-23  1.86168e-08  3.14269e+07  2.77629e-01  0.00000e+00
0433  9.03900e+18  6.96217e-23  1.85398e-08  3.14513e+07  2.78138e-01  0.00000e+00
0434  9.05741e+18  6.93630e-23  1.84632e-08  3.14757e+07  2.78648e-01  0.00000e+00
0435  9.07583e+18  6.91061e-23  1.83869e-08  3.15000e+07  2.79159e-01  0.00000e+00
0436  9.09424e+18  6.88509e-23  1.83111e-08  3.15243e+07  2.79671e-01  0.00000e+00
0437  9.11266e+18  6.85976e-23  1.82356e-08  3.15486e+07  2.80184e-01  0.00000e+00
0438  9.13107e+18  6.83461e-23  1.81606e-08  3.15728e+07  2.80698e-01  0.00000e+00
0439  9.14949e+18  6.80965e-23  1.80860e-08  3.15970e+07  2.81212e-01  0.00000e+00
0440  9.16790e+18  6.78487e-23  1.80118e-08  3.16212e+07  2.81727e-01  0.00000e+00
0441  9.18632e+18  6.76029e-23  1.79381e-08  3.16452e+07  2.82243e-01  0.00000e+00
0442  9.20474e+18  6.73590e-23  1.78648e-08  3.16693e+07  2.82760e-01  0.00000e+00
0443  9.22315e+18  6.71170e-23  1.77920e-08  3.16932e+07  2.83277e-01  0.00000e+00
0444  9.24157e+18  6.68769e-23  1.77197e-08  3.17170e+07  2.83795e-01  0.00000e+00
0445  9.25998e+18  6.66388e-23  1.76479e-08  3.17408e+07  2.84314e-01  0.00000e+00
0446  9.27840e+18  6.64025e-23  1.75765e-08  3.17644e+07  2.84834e-01  0.00000e+00
0447  9.29681e+18  6.61681e-23  1.75057e-08  3.17880e+07  2.85356e-01  0.00000e+00
0448  9.31523e+18  6.59357e-23  1.74353e-08  3.18114e+07  2.85878e-01  0.00000e+00
0449  9.33364e+18  6.57050e-23  1.73654e-08  3.18348e+07  2.86402e-01  0.00000e+00
0450  9.35206e+18  6.54762e-23  1.72960e-08  3.18580e+07  2.86928e-01  0.00000e+00
0451  9.37048e+18  6.52492e-23  1.72271e-08  3.18811e+07  2.87455e-01  0.00000e+00
0452  9.38889e+18  6.50239e-23  1.71587e-08  3.19042e+07  2.87983e-01  0.00000e+00
0453  9.40731e+18  6.48003e-23  1.70907e-08  3.19271e+07  2.88513e-01  0.00000e+00
0454  9.42572e+18  6.45783e-23  1.70231e-08  3.19500e+07  2.89045e-01  0.00000e+00
0455  9.44414e+18  6.43579e-23  1.69560e-08  3.19728e+07  2.89578e-01  0.00000e+00
0456  9.46255e+18  6.41391e-23  1.68893e-08  3.19956e+07  2.90113e-01  0.00000e+00
0457  9.48097e+18  6.39217e-23  1.68230e-08  3.20183e+07  2.90650e-01  0.00000e+00
0458  9.49939e+18  6.37058e-23  1.67571e-08  3.20409e+07  2.91190e-01  0.00000e+00
0459  9.51780e+18  6.34912e-23  1.66915e-08  3.20635e+07  2.91731e-01  0.00000e+00
0460  9.53622e+18  6.32779e-23  1.66263e-08  3.20861e+07  2.92274e-01  0.00000e+00
0461  9.55463e+18  6.30659e-23  1.65616e-08  3.21086e+07  2.92820e-01  0.00000e+00
0462  9.57305e+18  6.28551e-23  1.64971e-08  3.21311e+07  2.93368e-01  0.00000e+00
0463  9.59146e+18  6.26456e-23  1.64331e-08  3.21536e+07  2.93919e-01  0.00000e+00
0464  9.60988e+18  6.24371e-23  1.63694e-08  3.21760e+07  2.94472e-01  0.00000e+00
0465  9.62829e+18  6.22299e-23  1.63061e-08  3.21983e+07  2.95027e-01  0.00000e+00
0466  9.64671e+18  6.20238e-23  1.62431e-08  3.22206e+07  2.95585e-01  0.00000e+00
0467  9.66513e+18  6.18189e-23  1.61806e-08  3.22429e+07  2.96146e-01  0.00000e+00
0468  9.68354e+18  6.16153e-23  1.61184e-08  3.22651e+07  2.96708e-01  0.00000e+00
0469  9.70196e+18  6.14129e-23  1.60566e-08  3.22873e+07  2.97274e-01  0.00000e+00
0470  9.72037e+18  6.12119e-23  1.59952e-08  3.23093e+07  2.97841e-01  0.00000e+00
0471  9.73879e+18  6.10122e-23  1.59341e-08  3.23313e+07  2.98411e-01  0.00000e+00
0472  9.75720e+18  6.08140e-23  1.58735e-08  3.23533e+07  2.98983e-01  0.00000e+00
0473  9.77562e+18  6.06171e-23  1.58132e-08  3.23751e+07  2.99557e-01  0.00000e+00
0474  9.79403e+18  6.04217e-23  1.57534e-08  3.23969e+07  3.00134e-01  0.00000e+00
0475  9.81245e+18  6.02276e-23  1.56939e-08  3.24186e+07  3.00712e-01  0.00000e+00
0476  9.83087e+18  6.00351e-23  1.56348e-08  3.24402e+07  3.01292e-01  0.00000e+00
0477  9.84928e+18  5.98439e-23  1.55760e-08  3.24618e+07  3.01875e-01  0.00000e+00
0478  9.86770e+18  5.96540e-23  1.55177e-08  3.24833e+07  3.02459e-01  0.00000e+00
0479  9.88611e+18  5.94656e-23  1.54596e-08  3.25047e+07  3.03045e-01  0.00000e+00
0480  9.90453e+18  5.92785e-23  1.54020e-08  3.25260e+07  3.03633e-01  0.00000e+00
0481  9.92294e+18  5.90927e-23  1.53446e-08  3.25473e+07  3.04222e-01  0.00000e+00
0482  9.94136e+18  5.89083e-23  1.52876e-08  3.25686e+07  3.04812e-01  0.00000e+00
0483  9.95977e+18  5.87251e-23  1.52309e-08  3.25898e+07  3.05404e-01  0.00000e+00
0484  9.97819e+18  5.85434e-23  1.51745e-08  3.26109e+07  3.05997e-01  0.00000e+00
0485  9.99661e+18  5.83629e-23  1.51184e-08  3.26320e+07  3.06590e-01  0.00000e+00
0486  1.00150e+19  5.81839e-23  1.50626e-08  3.26531e+07  3.07184e-01  0.00000e+00
0487  1.00334e+19  5.80062e-23  1.50071e-08  3.26742e+07  3.07779e-01  0.00000e+00
0488  1.00519e+19  5.78299e-23  1.49518e-08  3.26952e+07  3.08373e-01  0.00000e+00
0489  1.00703e+19  5.76549e-23  1.48969e-08  3.27162e+07  3.08968e-01  0.00000e+00
0490  1.00887e+19  5.74814e-23  1.48422e-08  3.27371e+07  3.09563e-01  0.00000e+00
0491  1.01071e+19  5.73092e-23  1.47878e-08  3.27580e+07  3.10157e-01  0.00000e+00
0492  1.01255e+19  5.71384e-23  1.47337e-08  3.27789e+07  3.10752e-01  0.00000e+00
0493  1.01439e+19  5.69690e-23  1.46799e-08  3.27997e+07  3.11346e-01  0.00000e+00
0494  1.01623e+19  5.68009e-23  1.46263e-08  3.28205e+07  3.11940e-01  0.00000e+00
0495  1.01808e+19  5.66340e-23  1.45731e-08  3.28412e+07  3.12535e-01  0.00000e+00
0496  1.01992e+19  5.64685e-23  1.45201e-08  3.28619e+07  3.13129e-01  0.00000e+00
0497  1.02176e+19  5.63043e-23  1.44674e-08  3.28826e+07  3.13725e-01  0.00000e+00
0498  1.02360e+19  5.61413e-23  1.44149e-08  3.29032e+07  3.14320e-01  0.00000e+00
0499  1.02544e+19  5.59795e-23  1.43628e-08  3.29237e+07  3.14917e-01  0.00000e+00
0500  1.02728e+19  5.58188e-23  1.43109e-08  3.29442e+07  3.15515e-01  0.00000e+00
0501  1.02913e+19  5.56594e-23  1.42593e-08  3.29646e+07  3.16115e-01  0.00000e+00
0502  1.03097e+19  5.55011e-23  1.42081e-08  3.29849e+07  3.16716e-01  0.00000e+00
0503  1.03281e+19  5.53440e-23  1.41571e-08  3.30052e+07  3.17319e-01  0.00000e+00
0504  1.03465e+19  5.51880e-23  1.41064e-08  3.30254e+07  3.17924e-01  0.00000e+00
0505  1.03649e+19  5.50331e-23  1.40560e-08  3.30455e+07  3.18532e-01  0.00000e+00
0506  1.03833e+19  5.48793e-23  1.40059e-08  3.30655e+07  3.19143e-01  0.00000e+00
0507  1.04017e+19  5.47266e-23  1.39561e-08  3.30854e+07  3.19756e-01  0.00000e+00
0508  1.04202e+19  5.45750e-23  1.39066e-08  3.31052e+07  3.20373e-01  0.00000e+00
0509  1.04386e+19  5.44245e-23  1.38575e-08  3.31249e+07  3.20994e-01  0.00000e+00
0510  1.04570e+19  5.42750e-23  1.38087e-08  3.31445e+07  3.21618e-01  0.00000e+00
0511  1.04754e+19  5.41264e-23  1.37601e-08  3.31640e+07  3.22246e-01  0.00000e+00
0512  1.04938e+19  5.39788e-23  1.37119e-08  3.31834e+07  3.22879e-01  0.00000e+00
0513  1.05122e+19  5.38319e-23  1.36639e-08  3.32027e+07  3.23516e-01  0.00000e+00
0514  1.05307e+19  5.36859e-23  1.36162e-08  3.32220e+07  3.24157e-01  0.00000e+00
0515  1.05491e+19  5.35406e-23  1.35687e-08  3.32412e+07  3.24803e-01  0.00000e+00
0516  1.05675e+19  5.33959e-23  1.35215e-08  3.32604e+07  3.25454e-01  0.00000e+00
0517  1.05859e+19  5.32519e-23  1.34744e-08  3.32795e+07  3.26111e-01  0.00000e+00
0518  1.06043e+19  5.31085e-23  1.34276e-08  3.32987e+07  3.26772e-01  0.00000e+00
0519  1.06227e+19  5.29655e-23  1.33809e-08  3.33178e+07  3.27439e-01  0.00000e+00
0520  1.06412e+19  5.28231e-23  1.33344e-08  3.33369e+07  3.28111e-01  0.00000e+00
0521  1.06596e+19  5.26812e-23  1.32881e-08  3.33560e+07  3.28790e-01  0.00000e+00
0522  1.06780e+19  5.25397e-23  1.32420e-08  3.33751e+07  3.29475e-01  0.00000e+00
0523  1.06964e+19  5.23986e-23  1.31961e-08  3.33942e+07  3.30167e-01  0.00000e+00
0524  1.07148e+19  5.22579e-23  1.31503e-08  3.34133e+07  3.30865e-01  0.00000e+00
0525  1.07332e+19  5.21176e-23  1.31048e-08  3.34324e+07  3.31572e-01  0.00000e+00
0526  1.07516e+19  5.19775e-23  1.30594e-08  3.34514e+07  3.32286e-01  0.00000e+00
0527  1.07701e+19  5.18378e-23  1.30143e-08  3.34704e+07  3.33009e-01  0.00000e+00
0528  1.07885e+19  5.16982e-23  1.29693e-08  3.34894e+07  3.33741e-01  0.00000e+00
0529  1.08069e+19  5.15589e-23  1.29246e-08  3.35084e+07  3.34482e-01  0.00000e+00
0530  1.08253e+19  5.14197e-23  1.28801e-08  3.35273e+07  3.35234e-01  0.00000e+00
0531  1.08437e+19  5.12806e-23  1.28358e-08  3.35462e+07  3.35997e-01  0.00000e+00
0532  1.08621e+19  5.11416e-23  1.27916e-08  3.35650e+07  3.36770e-01  0.00000e+00
0533  1.08806e+19  5.10025e-23  1.27477e-08  3.35838e+07  3.37555e-01  0.00000e+00
0534  1.08990e+19  5.08635e-23  1.27041e-08  3.36026e+07  3.38352e-01  0.00000e+00
0535  1.09174e+19  5.07245e-23  1.26606e-08  3.36213e+07  3.39161e-01  0.00000e+00
0536  1.09358e+19  5.05855e-23  1.26173e-08  3.36400e+07  3.39983e-01  0.00000e+00
0537  1.09542e+19  5.04465e-23  1.25743e-08  3.36586e+07  3.40817e-01  0.00000e+00
0538  1.09726e+19  5.03074e-23  1.25314e-08  3.36772e+07  3.41663e-01  0.00000e+00
0539  1.09910e+19  5.01684e-23  1.24888e-08  3.36957e+07  3.42523e-01  0.00000e+00
0540  1.10095e+19  5.00294e-23  1.24464e-08  3.37142e+07  3.43394e-01  0.00000e+00
0541  1.10279e+19  4.98905e-23  1.24041e-08  3.37326e+07  3.44278e-01  0.00000e+00
0542  1.10463e+19  4.97518e-23  1.23622e-08  3.37510e+07  3.45173e-01  0.00000e+00
0543  1.10647e+19  4.96134e-23  1.23204e-08  3.37694e+07  3.46079e-01  0.00000e+00
0544  1.10831e+19  4.94752e-23  1.22788e-08  3.37876e+07  3.46997e-01  0.00000e+00
0545  1.11015e+19  4.93374e-23  1.22375e-08  3.38058e+07  3.47924e-01  0.00000e+00
0546  1.11200e+19  4.92002e-23  1.21964e-08  3.38240e+07  3.48861e-01  0.00000e+00
0547  1.11384e+19  4.90634e-23  1.21556e-08  3.38420e+07  3.49807e-01  0.00000e+00
0548  1.11568e+19  4.89274e-23  1.21149e-08  3.38600e+07  3.50761e-01  0.00000e+00
0549  1.11752e+19  4.87921e-23  1.20745e-08  3.38780e+07  3.51723e-01  0.00000e+00
0550  1.11936e+19  4.86576e-23  1.20343e-08  3.38958e+07  3.52691e-01  0.00000e+00
0551  1.12120e+19  4.85239e-23  1.19944e-08  3.39136e+07  3.53667e-01  0.00000e+00
0552  1.12305e+19  4.83919e-23  1.19549e-08  3.39312e+07  3.54642e-01  0.00000e+00
0553  1.12489e+19  4.82571e-23  1.19145e-08  3.39493e+07  3.55652e-01  0.00000e+00
0554  1.12673e+19  4.81388e-23  1.18789e-08  3.39652e+07  3.56550e-01  0.00000e+00
0555  1.12857e+19  4.79348e-23  1.18175e-08  3.39926e+07  3.58123e-01  0.00000e+00
