# Athena++ data at time=1.161000e+13  cycle=777987998  variables=uov 
# i       x1v         user_out_var0          user_out_var1          user_out_var2          user_out_var3          user_out_var4          user_out_var5      
0002  1.13875e+18  4.91745e+00  3.03478e+04  5.59999e-16  0.00000e+00  0.00000e+00  3.02826e-05
0003  1.15716e+18  1.03218e+01  4.00224e+04  8.70682e-17  0.00000e+00  0.00000e+00  2.93264e-05
0004  1.17558e+18  1.54636e+01  4.91676e+04  4.30157e-17  0.00000e+00  0.00000e+00  2.84148e-05
0005  1.19399e+18  2.23004e+01  6.13414e+04  6.27747e-17  0.00000e+00  0.00000e+00  2.75451e-05
0006  1.21241e+18  3.29236e+01  8.15990e+04  1.03476e-16  0.00000e+00  0.00000e+00  2.67147e-05
0007  1.23082e+18  5.31276e+01  1.23384e+05  1.29047e-16  0.00000e+00  0.00000e+00  2.59213e-05
0008  1.24924e+18  6.27572e+01  1.36872e+05  2.81812e-17  0.00000e+00  0.00000e+00  2.51628e-05
0009  1.26765e+18  6.77536e+01  1.43373e+05  2.26097e-17  0.00000e+00  0.00000e+00  2.44370e-05
0010  1.28607e+18  7.21109e+01  1.48194e+05  2.04176e-17  0.00000e+00  0.00000e+00  2.37422e-05
0011  1.30448e+18  7.54137e+01  1.50867e+05  1.48588e-17  0.00000e+00  0.00000e+00  2.30766e-05
0012  1.32290e+18  7.84609e+01  1.53364e+05  1.49510e-17  0.00000e+00  0.00000e+00  2.24386e-05
0013  1.34131e+18  8.15903e+01  1.55963e+05  1.49570e-17  0.00000e+00  0.00000e+00  2.18267e-05
0014  1.35973e+18  8.47007e+01  1.58586e+05  1.40253e-17  0.00000e+00  0.00000e+00  2.12395e-05
0015  1.37814e+18  8.75322e+01  1.60745e+05  1.22513e-17  0.00000e+00  0.00000e+00  2.06757e-05
0016  1.39656e+18  9.02154e+01  1.62802e+05  1.17374e-17  0.00000e+00  0.00000e+00  2.01340e-05
0017  1.41497e+18  9.28812e+01  1.64893e+05  1.14586e-17  0.00000e+00  0.00000e+00  1.96134e-05
0018  1.43339e+18  9.54909e+01  1.66991e+05  1.02843e-17  0.00000e+00  0.00000e+00  1.91126e-05
0019  1.45180e+18  9.74410e+01  1.67935e+05 -7.75448e-19  0.00000e+00  0.00000e+00  1.86309e-05
0020  1.47022e+18  9.97017e+01  1.69825e+05  1.02703e-17  0.00000e+00  0.00000e+00  1.81671e-05
0021  1.48863e+18  1.02341e+02  1.72121e+05  4.42617e-17  0.00000e+00  0.00000e+00  1.77204e-05
0022  1.50705e+18  1.04374e+02  1.73446e+05  7.54722e-18  0.00000e+00  0.00000e+00  1.72900e-05
0023  1.52546e+18  1.06316e+02  1.75006e+05  8.08462e-18  0.00000e+00  0.00000e+00  1.68750e-05
0024  1.54388e+18  1.08433e+02  1.76771e+05  8.32895e-18  0.00000e+00  0.00000e+00  1.64749e-05
0027  1.56229e+18  1.10560e+02  1.78616e+05  8.09566e-18  0.00000e+00  0.00000e+00  1.60888e-05
0028  1.58071e+18  1.12660e+02  1.80512e+05  7.90189e-18  0.00000e+00  0.00000e+00  1.57161e-05
0029  1.59912e+18  1.14756e+02  1.82480e+05  7.80402e-18  0.00000e+00  0.00000e+00  1.53562e-05
0030  1.61754e+18  1.16871e+02  1.84551e+05  7.77271e-18  0.00000e+00  0.00000e+00  1.50085e-05
0031  1.63595e+18  1.19028e+02  1.86756e+05  7.80385e-18  0.00000e+00  0.00000e+00  1.46726e-05
0032  1.65437e+18  1.21248e+02  1.89129e+05  7.85278e-18  0.00000e+00  0.00000e+00  1.43477e-05
0033  1.67278e+18  1.23486e+02  1.91614e+05  7.56221e-18  0.00000e+00  0.00000e+00  1.40336e-05
0034  1.69120e+18  1.25423e+02  1.93733e+05  6.49704e-18  0.00000e+00  0.00000e+00  1.37296e-05
0035  1.70961e+18  1.26978e+02  1.95486e+05  5.64843e-18  0.00000e+00  0.00000e+00  1.34354e-05
0036  1.72803e+18  1.28256e+02  1.96962e+05  5.18915e-18  0.00000e+00  0.00000e+00  1.31506e-05
0037  1.74644e+18  1.29517e+02  1.98537e+05  5.35124e-18  0.00000e+00  0.00000e+00  1.28747e-05
0038  1.76486e+18  1.30907e+02  2.00317e+05  5.59867e-18  0.00000e+00  0.00000e+00  1.26074e-05
0039  1.78328e+18  1.32411e+02  2.02298e+05  5.73926e-18  0.00000e+00  0.00000e+00  1.23484e-05
0040  1.80169e+18  1.33995e+02  2.04444e+05  5.80000e-18  0.00000e+00  0.00000e+00  1.20973e-05
0041  1.82011e+18  1.35645e+02  2.06748e+05  5.88992e-18  0.00000e+00  0.00000e+00  1.18537e-05
0042  1.83852e+18  1.37418e+02  2.09305e+05  6.17021e-18  0.00000e+00  0.00000e+00  1.16174e-05
0043  1.85694e+18  1.39418e+02  2.12299e+05  6.25780e-18  0.00000e+00  0.00000e+00  1.13882e-05
0044  1.87535e+18  1.39938e+02  2.13133e+05  4.23087e-18  0.00000e+00  0.00000e+00  1.11656e-05
0045  1.89377e+18  1.39398e+02  2.12334e+05  2.47608e-18  0.00000e+00  0.00000e+00  1.09495e-05
0046  1.91218e+18  1.41019e+02  2.14985e+05  1.99439e-18  0.00000e+00  0.00000e+00  1.07396e-05
0047  1.93060e+18  1.51452e+02  2.32013e+05  1.07336e-17  0.00000e+00  0.00000e+00  1.05357e-05
0048  1.94901e+18  1.57199e+02  2.41004e+05  1.48342e-17  0.00000e+00  0.00000e+00  1.03376e-05
0049  1.96743e+18  1.51279e+02  2.31907e+05  5.30675e-18  0.00000e+00  0.00000e+00  1.01449e-05
0050  1.98584e+18  1.40297e+02  2.13804e+05 -4.39393e-21  0.00000e+00  0.00000e+00  9.95766e-06
0051  2.00426e+18  1.38650e+02  2.11344e+05 -4.14899e-18  0.00000e+00  0.00000e+00  9.77552e-06
0052  2.02267e+18  1.50820e+02  2.31372e+05  5.99302e-20  0.00000e+00  0.00000e+00  9.59833e-06
0053  2.04109e+18  1.44873e+02  2.22292e+05 -1.13798e-17  0.00000e+00  0.00000e+00  9.42591e-06
0054  2.05951e+18  1.26700e+02  1.95505e+05 -1.65948e-17  0.00000e+00  0.00000e+00  9.25810e-06
0055  2.07792e+18  1.20085e+02  1.87886e+05  2.03341e-18  0.00000e+00  0.00000e+00  9.09473e-06
0056  2.09634e+18  1.19447e+02  1.87156e+05  5.59565e-18  0.00000e+00  0.00000e+00  8.93564e-06
0057  2.11475e+18  1.19808e+02  1.87530e+05  5.89627e-18  0.00000e+00  0.00000e+00  8.78070e-06
0058  2.13317e+18  1.20296e+02  1.88062e+05  4.97084e-18  0.00000e+00  0.00000e+00  8.62975e-06
0059  2.15158e+18  1.20757e+02  1.88569e+05  4.18315e-18  0.00000e+00  0.00000e+00  8.48265e-06
0060  2.17000e+18  1.21236e+02  1.89096e+05  3.77597e-18  0.00000e+00  0.00000e+00  8.33929e-06
0061  2.18841e+18  1.21679e+02  1.89584e+05  3.54913e-18  0.00000e+00  0.00000e+00  8.19953e-06
0062  2.20683e+18  1.22096e+02  1.90051e+05  3.21930e-18  0.00000e+00  0.00000e+00  8.06326e-06
0063  2.22524e+18  1.22680e+02  1.90716e+05  2.62366e-18  0.00000e+00  0.00000e+00  7.93035e-06
0064  2.24366e+18  1.23594e+02  1.91738e+05  1.97781e-18  0.00000e+00  0.00000e+00  7.80071e-06
0065  2.26207e+18  1.24800e+02  1.93054e+05  1.65584e-18  0.00000e+00  0.00000e+00  7.67421e-06
0066  2.28049e+18  1.26198e+02  1.94605e+05  1.70318e-18  0.00000e+00  0.00000e+00  7.55077e-06
0067  2.29891e+18  1.27680e+02  1.96284e+05  2.01750e-18  0.00000e+00  0.00000e+00  7.43029e-06
0068  2.31732e+18  1.29080e+02  1.97957e+05  2.59941e-18  0.00000e+00  0.00000e+00  7.31266e-06
0069  2.33574e+18  1.30203e+02  1.99358e+05  3.25304e-18  0.00000e+00  0.00000e+00  7.19781e-06
0070  2.35415e+18  1.30887e+02  2.00226e+05  3.57353e-18  0.00000e+00  0.00000e+00  7.08564e-06
0071  2.37257e+18  1.31096e+02  2.00496e+05  3.52842e-18  0.00000e+00  0.00000e+00  6.97607e-06
0072  2.39098e+18  1.30872e+02  2.00212e+05  3.24403e-18  0.00000e+00  0.00000e+00  6.86902e-06
0073  2.40940e+18  1.30314e+02  1.99501e+05  2.88358e-18  0.00000e+00  0.00000e+00  6.76442e-06
0074  2.42781e+18  1.29592e+02  1.98587e+05  2.57386e-18  0.00000e+00  0.00000e+00  6.66219e-06
0075  2.44623e+18  1.28922e+02  1.97747e+05  2.36072e-18  0.00000e+00  0.00000e+00  6.56226e-06
0076  2.46464e+18  1.28490e+02  1.97211e+05  2.21546e-18  0.00000e+00  0.00000e+00  6.46456e-06
0077  2.48306e+18  1.28400e+02  1.97102e+05  2.08574e-18  0.00000e+00  0.00000e+00  6.36903e-06
0078  2.50147e+18  1.28708e+02  1.97488e+05  1.95372e-18  0.00000e+00  0.00000e+00  6.27560e-06
0079  2.51989e+18  1.29334e+02  1.98281e+05  1.75748e-18  0.00000e+00  0.00000e+00  6.18421e-06
0080  2.53831e+18  1.30058e+02  1.99226e+05  1.21342e-18  0.00000e+00  0.00000e+00  6.09480e-06
0081  2.55672e+18  1.30428e+02  1.99713e+05  9.39079e-19  0.00000e+00  0.00000e+00  6.00732e-06
0082  2.57514e+18  1.29679e+02  1.98766e+05  6.64685e-19  0.00000e+00  0.00000e+00  5.92171e-06
0083  2.59355e+18  1.29440e+02  1.98432e+05  1.25681e-18  0.00000e+00  0.00000e+00  5.83791e-06
0084  2.61197e+18  1.46662e+02  2.24915e+05  3.76012e-18  0.00000e+00  0.00000e+00  5.75588e-06
0085  2.63038e+18  2.49434e+02  4.03966e+05  9.77105e-17  0.00000e+00  0.00000e+00  5.67557e-06
0086  2.64880e+18  4.39547e+02  6.35652e+05  6.42815e-17  0.00000e+00  0.00000e+00  5.59693e-06
0087  2.66721e+18  5.83660e+02  8.20667e+05  3.63419e-17  0.00000e+00  0.00000e+00  5.51991e-06
0088  2.68563e+18  6.81843e+02  9.47891e+05  2.61374e-17  0.00000e+00  0.00000e+00  5.44447e-06
0089  2.70404e+18  7.56698e+02  1.04474e+06  2.16916e-17  0.00000e+00  0.00000e+00  5.37056e-06
0090  2.72246e+18  8.19085e+02  1.12483e+06  1.89568e-17  0.00000e+00  0.00000e+00  5.29815e-06
0091  2.74088e+18  8.73519e+02  1.19516e+06  1.70577e-17  0.00000e+00  0.00000e+00  5.22720e-06
0092  2.75929e+18  9.21932e+02  1.25872e+06  1.55329e-17  0.00000e+00  0.00000e+00  5.15766e-06
0093  2.77771e+18  9.66594e+02  1.31894e+06  1.46463e-17  0.00000e+00  0.00000e+00  5.08950e-06
0094  2.79612e+18  1.00898e+03  1.37661e+06  1.38581e-17  0.00000e+00  0.00000e+00  5.02268e-06
0095  2.81454e+18  1.04946e+03  1.43249e+06  1.32245e-17  0.00000e+00  0.00000e+00  4.95717e-06
0096  2.83295e+18  1.08831e+03  1.48690e+06  1.26601e-17  0.00000e+00  0.00000e+00  4.89293e-06
0097  2.85137e+18  1.12559e+03  1.53995e+06  1.21085e-17  0.00000e+00  0.00000e+00  4.82993e-06
0098  2.86978e+18  1.16141e+03  1.59182e+06  1.16050e-17  0.00000e+00  0.00000e+00  4.76814e-06
0099  2.88820e+18  1.19595e+03  1.64257e+06  1.11566e-17  0.00000e+00  0.00000e+00  4.70753e-06
0100  2.90661e+18  1.22918e+03  1.69202e+06  1.07180e-17  0.00000e+00  0.00000e+00  4.64807e-06
0101  2.92503e+18  1.26118e+03  1.74021e+06  1.03239e-17  0.00000e+00  0.00000e+00  4.58973e-06
0102  2.94345e+18  1.29206e+03  1.78725e+06  9.98740e-18  0.00000e+00  0.00000e+00  4.53248e-06
0103  2.96186e+18  1.32188e+03  1.83320e+06  9.65122e-18  0.00000e+00  0.00000e+00  4.47629e-06
0104  2.98028e+18  1.35061e+03  1.87833e+06  9.37281e-18  0.00000e+00  0.00000e+00  4.42114e-06
0105  2.99869e+18  1.37812e+03  1.92250e+06  9.06131e-18  0.00000e+00  0.00000e+00  4.36701e-06
0106  3.01711e+18  1.40435e+03  1.96575e+06  8.75575e-18  0.00000e+00  0.00000e+00  4.31386e-06
0107  3.03552e+18  1.42931e+03  2.00813e+06  8.45811e-18  0.00000e+00  0.00000e+00  4.26168e-06
0108  3.05394e+18  1.45305e+03  2.04968e+06  8.16971e-18  0.00000e+00  0.00000e+00  4.21044e-06
0109  3.07235e+18  1.47562e+03  2.09042e+06  7.89133e-18  0.00000e+00  0.00000e+00  4.16011e-06
0110  3.09077e+18  1.49710e+03  2.13040e+06  7.62337e-18  0.00000e+00  0.00000e+00  4.11069e-06
0111  3.10918e+18  1.51759e+03  2.16970e+06  7.37431e-18  0.00000e+00  0.00000e+00  4.06214e-06
0112  3.12760e+18  1.53719e+03  2.20839e+06  7.13447e-18  0.00000e+00  0.00000e+00  4.01444e-06
0113  3.14602e+18  1.55596e+03  2.24653e+06  6.90342e-18  0.00000e+00  0.00000e+00  3.96758e-06
0114  3.16443e+18  1.57399e+03  2.28417e+06  6.68104e-18  0.00000e+00  0.00000e+00  3.92154e-06
0115  3.18285e+18  1.59134e+03  2.32137e+06  6.46710e-18  0.00000e+00  0.00000e+00  3.87629e-06
0116  3.20126e+18  1.60808e+03  2.35818e+06  6.26132e-18  0.00000e+00  0.00000e+00  3.83182e-06
0117  3.21968e+18  1.62428e+03  2.39468e+06  6.06339e-18  0.00000e+00  0.00000e+00  3.78811e-06
0118  3.23809e+18  1.63996e+03  2.43094e+06  5.87294e-18  0.00000e+00  0.00000e+00  3.74515e-06
0119  3.25651e+18  1.65517e+03  2.46705e+06  5.68965e-18  0.00000e+00  0.00000e+00  3.70291e-06
0120  3.27492e+18  1.66992e+03  2.50310e+06  5.51316e-18  0.00000e+00  0.00000e+00  3.66138e-06
0121  3.29334e+18  1.68427e+03  2.53924e+06  5.34813e-18  0.00000e+00  0.00000e+00  3.62055e-06
0122  3.31176e+18  1.69822e+03  2.57547e+06  5.18022e-18  0.00000e+00  0.00000e+00  3.58040e-06
0123  3.33017e+18  1.71177e+03  2.61186e+06  5.01856e-18  0.00000e+00  0.00000e+00  3.54091e-06
0124  3.34859e+18  1.72497e+03  2.64844e+06  4.86287e-18  0.00000e+00  0.00000e+00  3.50207e-06
0125  3.36700e+18  1.73783e+03  2.68523e+06  4.71291e-18  0.00000e+00  0.00000e+00  3.46386e-06
0126  3.38542e+18  1.75037e+03  2.72221e+06  4.56845e-18  0.00000e+00  0.00000e+00  3.42628e-06
0127  3.40383e+18  1.76260e+03  2.75934e+06  4.42932e-18  0.00000e+00  0.00000e+00  3.38931e-06
0128  3.42225e+18  1.77449e+03  2.79657e+06  4.29538e-18  0.00000e+00  0.00000e+00  3.35293e-06
0129  3.44066e+18  1.78604e+03  2.83383e+06  4.16649e-18  0.00000e+00  0.00000e+00  3.31713e-06
0130  3.45908e+18  1.79718e+03  2.87099e+06  4.04255e-18  0.00000e+00  0.00000e+00  3.28191e-06
0131  3.47749e+18  1.80782e+03  2.90785e+06  3.91349e-18  0.00000e+00  0.00000e+00  3.24724e-06
0132  3.49591e+18  1.81796e+03  2.94440e+06  3.80677e-18  0.00000e+00  0.00000e+00  3.21312e-06
0133  3.51433e+18  1.82759e+03  2.98054e+06  3.70373e-18  0.00000e+00  0.00000e+00  3.17953e-06
0134  3.53274e+18  1.83668e+03  3.01617e+06  3.60373e-18  0.00000e+00  0.00000e+00  3.14647e-06
0135  3.55116e+18  1.84521e+03  3.05123e+06  3.50736e-18  0.00000e+00  0.00000e+00  3.11392e-06
0136  3.56957e+18  1.85318e+03  3.08570e+06  3.41448e-18  0.00000e+00  0.00000e+00  3.08188e-06
0137  3.58799e+18  1.86062e+03  3.11966e+06  3.32490e-18  0.00000e+00  0.00000e+00  3.05032e-06
0138  3.60640e+18  1.86763e+03  3.15323e+06  3.23842e-18  0.00000e+00  0.00000e+00  3.01925e-06
0139  3.62482e+18  1.87429e+03  3.18662e+06  3.15479e-18  0.00000e+00  0.00000e+00  2.98865e-06
0140  3.64323e+18  1.88074e+03  3.22004e+06  3.07378e-18  0.00000e+00  0.00000e+00  2.95851e-06
0141  3.66165e+18  1.88711e+03  3.25378e+06  2.99455e-18  0.00000e+00  0.00000e+00  2.92883e-06
0142  3.68007e+18  1.89360e+03  3.28818e+06  2.91738e-18  0.00000e+00  0.00000e+00  2.89959e-06
0143  3.69848e+18  1.90047e+03  3.32371e+06  2.84207e-18  0.00000e+00  0.00000e+00  2.87079e-06
0144  3.71690e+18  1.90781e+03  3.36052e+06  2.76850e-18  0.00000e+00  0.00000e+00  2.84241e-06
0145  3.73531e+18  1.91523e+03  3.39796e+06  2.69698e-18  0.00000e+00  0.00000e+00  2.81445e-06
0146  3.75373e+18  1.92268e+03  3.43586e+06  2.62751e-18  0.00000e+00  0.00000e+00  2.78690e-06
0147  3.77214e+18  1.93335e+03  3.48001e+06  2.55738e-18  0.00000e+00  0.00000e+00  2.75976e-06
0148  3.79056e+18  1.95554e+03  3.54557e+06  2.47999e-18  0.00000e+00  0.00000e+00  2.73301e-06
0149  3.80897e+18  1.98160e+03  3.61899e+06  2.40183e-18  0.00000e+00  0.00000e+00  2.70665e-06
0150  3.82739e+18  1.97008e+03  3.62423e+06  2.35551e-18  0.00000e+00  0.00000e+00  2.68066e-06
0151  3.84581e+18  1.92978e+03  3.57583e+06  2.33124e-18  0.00000e+00  0.00000e+00  2.65505e-06
0152  3.86422e+18  1.76872e+03  3.30045e+06  2.40421e-18  0.00000e+00  0.00000e+00  2.62981e-06
0153  3.88264e+18  1.26499e+03  2.37614e+06  2.62101e-18  0.00000e+00  0.00000e+00  2.60492e-06
0154  3.90105e+18  5.54158e+02  1.04525e+06  1.74102e-18  0.00000e+00  0.00000e+00  2.58038e-06
0155  3.91947e+18  1.86327e+02  3.22012e+05 -7.28422e-18  0.00000e+00  0.00000e+00  2.55619e-06
0156  3.93788e+18  1.04191e+02  1.78206e+05 -4.46173e-17  0.00000e+00  0.00000e+00  2.53234e-06
0157  3.95630e+18  1.00302e+02  1.70881e+05 -5.45449e-18  0.00000e+00  0.00000e+00  2.50882e-06
0158  3.97471e+18  1.03168e+02  1.72325e+05  1.79008e-18  0.00000e+00  0.00000e+00  2.48563e-06
0159  3.99313e+18  1.14030e+02  1.81217e+05  3.76927e-18  0.00000e+00  0.00000e+00  2.46275e-06
0160  4.01155e+18  1.41823e+02  2.17353e+05 -2.00433e-18  0.00000e+00  0.00000e+00  2.44019e-06
0161  4.02996e+18  2.09766e+02  3.20972e+05  1.95293e-17  0.00000e+00  0.00000e+00  2.41794e-06
0162  4.04838e+18  3.32966e+02  4.84311e+05  1.95597e-17  0.00000e+00  0.00000e+00  2.39599e-06
0163  4.06679e+18  4.68419e+02  6.58057e+05  1.08689e-17  0.00000e+00  0.00000e+00  2.37434e-06
0164  4.08521e+18  5.75447e+02  7.98667e+05  7.06742e-18  0.00000e+00  0.00000e+00  2.35299e-06
0165  4.10362e+18  6.52466e+02  8.99982e+05  5.30844e-18  0.00000e+00  0.00000e+00  2.33191e-06
0166  4.12204e+18  7.10035e+02  9.75734e+05  4.50805e-18  0.00000e+00  0.00000e+00  2.31113e-06
0167  4.14045e+18  7.56392e+02  1.03687e+06  4.02033e-18  0.00000e+00  0.00000e+00  2.29061e-06
0168  4.15887e+18  7.96159e+02  1.08967e+06  3.65611e-18  0.00000e+00  0.00000e+00  2.27037e-06
0169  4.17728e+18  8.31770e+02  1.13741e+06  3.37905e-18  0.00000e+00  0.00000e+00  2.25040e-06
0170  4.19570e+18  8.64402e+02  1.18170e+06  3.15556e-18  0.00000e+00  0.00000e+00  2.23069e-06
0171  4.21412e+18  8.94593e+02  1.22321e+06  2.96181e-18  0.00000e+00  0.00000e+00  2.21123e-06
0172  4.23253e+18  9.22804e+02  1.26254e+06  2.79016e-18  0.00000e+00  0.00000e+00  2.19203e-06
0173  4.25095e+18  9.49592e+02  1.30052e+06  2.69438e-18  0.00000e+00  0.00000e+00  2.17308e-06
0174  4.26936e+18  9.75235e+02  1.33732e+06  2.57846e-18  0.00000e+00  0.00000e+00  2.15438e-06
0175  4.28778e+18  9.99856e+02  1.37320e+06  2.49489e-18  0.00000e+00  0.00000e+00  2.13591e-06
0176  4.30619e+18  1.02355e+03  1.40824e+06  2.41627e-18  0.00000e+00  0.00000e+00  2.11768e-06
0177  4.32461e+18  1.04638e+03  1.44253e+06  2.34477e-18  0.00000e+00  0.00000e+00  2.09968e-06
0178  4.34302e+18  1.06837e+03  1.47606e+06  2.27937e-18  0.00000e+00  0.00000e+00  2.08191e-06
0179  4.36144e+18  1.08950e+03  1.50884e+06  2.21542e-18  0.00000e+00  0.00000e+00  2.06437e-06
0180  4.37986e+18  1.10978e+03  1.54084e+06  2.15316e-18  0.00000e+00  0.00000e+00  2.04705e-06
0181  4.39827e+18  1.12928e+03  1.57216e+06  2.09288e-18  0.00000e+00  0.00000e+00  2.02994e-06
0182  4.41669e+18  1.14813e+03  1.60294e+06  2.04254e-18  0.00000e+00  0.00000e+00  2.01305e-06
0183  4.43510e+18  1.16642e+03  1.63329e+06  1.99280e-18  0.00000e+00  0.00000e+00  1.99637e-06
0184  4.45352e+18  1.18423e+03  1.66329e+06  1.94385e-18  0.00000e+00  0.00000e+00  1.97989e-06
0185  4.47193e+18  1.20164e+03  1.69303e+06  1.89578e-18  0.00000e+00  0.00000e+00  1.96362e-06
0186  4.49035e+18  1.21869e+03  1.72260e+06  1.84865e-18  0.00000e+00  0.00000e+00  1.94754e-06
0187  4.50876e+18  1.23545e+03  1.75208e+06  1.80251e-18  0.00000e+00  0.00000e+00  1.93167e-06
0188  4.52718e+18  1.25199e+03  1.78162e+06  1.75798e-18  0.00000e+00  0.00000e+00  1.91598e-06
0189  4.54560e+18  1.26848e+03  1.81144e+06  1.72098e-18  0.00000e+00  0.00000e+00  1.90049e-06
0190  4.56401e+18  1.28504e+03  1.84175e+06  1.68396e-18  0.00000e+00  0.00000e+00  1.88519e-06
0191  4.58243e+18  1.30173e+03  1.87260e+06  1.65657e-18  0.00000e+00  0.00000e+00  1.87006e-06
0192  4.60084e+18  1.31853e+03  1.90399e+06  1.62196e-18  0.00000e+00  0.00000e+00  1.85512e-06
0193  4.61926e+18  1.33542e+03  1.93589e+06  1.58739e-18  0.00000e+00  0.00000e+00  1.84036e-06
0194  4.63767e+18  1.35237e+03  1.96825e+06  1.55296e-18  0.00000e+00  0.00000e+00  1.82577e-06
0195  4.65609e+18  1.36933e+03  2.00100e+06  1.51874e-18  0.00000e+00  0.00000e+00  1.81136e-06
0196  4.67450e+18  1.38625e+03  2.03406e+06  1.48484e-18  0.00000e+00  0.00000e+00  1.79712e-06
0197  4.69292e+18  1.40305e+03  2.06732e+06  1.45135e-18  0.00000e+00  0.00000e+00  1.78304e-06
0198  4.71134e+18  1.41964e+03  2.10067e+06  1.41835e-18  0.00000e+00  0.00000e+00  1.76913e-06
0199  4.72975e+18  1.43595e+03  2.13395e+06  1.38593e-18  0.00000e+00  0.00000e+00  1.75538e-06
0200  4.74817e+18  1.45187e+03  2.16703e+06  1.35417e-18  0.00000e+00  0.00000e+00  1.74179e-06
0201  4.76658e+18  1.46733e+03  2.19977e+06  1.32305e-18  0.00000e+00  0.00000e+00  1.72836e-06
0202  4.78500e+18  1.48224e+03  2.23204e+06  1.29273e-18  0.00000e+00  0.00000e+00  1.71508e-06
0203  4.80341e+18  1.49654e+03  2.26373e+06  1.26326e-18  0.00000e+00  0.00000e+00  1.70195e-06
0204  4.82183e+18  1.51021e+03  2.29479e+06  1.23554e-18  0.00000e+00  0.00000e+00  1.68898e-06
0205  4.84024e+18  1.52322e+03  2.32517e+06  1.20881e-18  0.00000e+00  0.00000e+00  1.67615e-06
0206  4.85866e+18  1.53555e+03  2.35484e+06  1.18283e-18  0.00000e+00  0.00000e+00  1.66347e-06
0207  4.87708e+18  1.54723e+03  2.38378e+06  1.15762e-18  0.00000e+00  0.00000e+00  1.65093e-06
0208  4.89549e+18  1.55826e+03  2.41199e+06  1.13316e-18  0.00000e+00  0.00000e+00  1.63853e-06
0209  4.91391e+18  1.56869e+03  2.43949e+06  1.10945e-18  0.00000e+00  0.00000e+00  1.62627e-06
0210  4.93232e+18  1.57855e+03  2.46632e+06  1.08646e-18  0.00000e+00  0.00000e+00  1.61415e-06
0211  4.95074e+18  1.58790e+03  2.49253e+06  1.06416e-18  0.00000e+00  0.00000e+00  1.60217e-06
0212  4.96915e+18  1.59678e+03  2.51820e+06  1.04252e-18  0.00000e+00  0.00000e+00  1.59031e-06
0213  4.98757e+18  1.60523e+03  2.54339e+06  1.02244e-18  0.00000e+00  0.00000e+00  1.57859e-06
0214  5.00598e+18  1.61328e+03  2.56815e+06  1.00144e-18  0.00000e+00  0.00000e+00  1.56700e-06
0215  5.02440e+18  1.62096e+03  2.59254e+06  9.81059e-19  0.00000e+00  0.00000e+00  1.55553e-06
0216  5.04282e+18  1.62836e+03  2.61665e+06  9.61241e-19  0.00000e+00  0.00000e+00  1.54419e-06
0217  5.06123e+18  1.63553e+03  2.64059e+06  9.41946e-19  0.00000e+00  0.00000e+00  1.53298e-06
0218  5.07965e+18  1.64257e+03  2.66450e+06  9.23128e-19  0.00000e+00  0.00000e+00  1.52188e-06
0219  5.09806e+18  1.64956e+03  2.68853e+06  9.04739e-19  0.00000e+00  0.00000e+00  1.51091e-06
0220  5.11648e+18  1.65663e+03  2.71285e+06  8.86730e-19  0.00000e+00  0.00000e+00  1.50005e-06
0221  5.13489e+18  1.66387e+03  2.73765e+06  8.69053e-19  0.00000e+00  0.00000e+00  1.48931e-06
0222  5.15331e+18  1.67141e+03  2.76312e+06  8.51661e-19  0.00000e+00  0.00000e+00  1.47868e-06
0223  5.17172e+18  1.67935e+03  2.78944e+06  8.34511e-19  0.00000e+00  0.00000e+00  1.46817e-06
0224  5.19014e+18  1.68780e+03  2.81680e+06  8.17568e-19  0.00000e+00  0.00000e+00  1.45777e-06
0225  5.20856e+18  1.69684e+03  2.84536e+06  8.00798e-19  0.00000e+00  0.00000e+00  1.44748e-06
0226  5.22697e+18  1.70656e+03  2.87529e+06  7.84174e-19  0.00000e+00  0.00000e+00  1.43730e-06
0227  5.24539e+18  1.71698e+03  2.90662e+06  7.67696e-19  0.00000e+00  0.00000e+00  1.42723e-06
0228  5.26380e+18  1.72791e+03  2.93907e+06  7.51423e-19  0.00000e+00  0.00000e+00  1.41726e-06
0229  5.28222e+18  1.73900e+03  2.97205e+06  7.35464e-19  0.00000e+00  0.00000e+00  1.40739e-06
0230  5.30063e+18  1.75036e+03  3.00574e+06  7.19663e-19  0.00000e+00  0.00000e+00  1.39763e-06
0231  5.31905e+18  1.76375e+03  3.04318e+06  7.03565e-19  0.00000e+00  0.00000e+00  1.38797e-06
0232  5.33746e+18  1.78276e+03  3.09070e+06  6.86101e-19  0.00000e+00  0.00000e+00  1.37841e-06
0233  5.35588e+18  1.80492e+03  3.14411e+06  6.65925e-19  0.00000e+00  0.00000e+00  1.36894e-06
0234  5.37430e+18  1.80776e+03  3.16417e+06  6.54566e-19  0.00000e+00  0.00000e+00  1.35958e-06
0235  5.39271e+18  1.79372e+03  3.15458e+06  6.49769e-19  0.00000e+00  0.00000e+00  1.35031e-06
0236  5.41113e+18  1.76240e+03  3.11415e+06  6.48172e-19  0.00000e+00  0.00000e+00  1.34113e-06
0237  5.42954e+18  1.67143e+03  2.96715e+06  6.62507e-19  0.00000e+00  0.00000e+00  1.33205e-06
0238  5.44796e+18  1.43753e+03  2.56327e+06  7.02257e-19  0.00000e+00  0.00000e+00  1.32306e-06
0239  5.46637e+18  1.01210e+03  1.81069e+06  6.28180e-19  0.00000e+00  0.00000e+00  1.31416e-06
0240  5.48479e+18  5.50240e+02  9.87765e+05  7.48862e-19  0.00000e+00  0.00000e+00  1.30535e-06
0241  5.50320e+18  2.54533e+02  4.48888e+05  3.40503e-18  0.00000e+00  0.00000e+00  1.29663e-06
0242  5.52162e+18  1.35090e+02  2.23568e+05 -1.29177e-17  0.00000e+00  0.00000e+00  1.28800e-06
0243  5.54004e+18  1.12152e+02  1.83115e+05 -5.40591e-18  0.00000e+00  0.00000e+00  1.27945e-06
0244  5.55845e+18  1.12623e+02  1.80772e+05 -4.61573e-19  0.00000e+00  0.00000e+00  1.27098e-06
0245  5.57687e+18  1.18789e+02  1.85527e+05  1.42330e-18  0.00000e+00  0.00000e+00  1.26260e-06
0246  5.59528e+18  1.36175e+02  2.04682e+05  2.16374e-18  0.00000e+00  0.00000e+00  1.25431e-06
0247  5.61370e+18  1.72160e+02  2.49316e+05  5.12896e-18  0.00000e+00  0.00000e+00  1.24609e-06
0248  5.63211e+18  2.33503e+02  3.21522e+05  8.13900e-18  0.00000e+00  0.00000e+00  1.23795e-06
0249  5.65053e+18  3.15220e+02  4.07887e+05  7.13347e-18  0.00000e+00  0.00000e+00  1.22990e-06
0250  5.66894e+18  3.98779e+02  4.90658e+05  5.29308e-18  0.00000e+00  0.00000e+00  1.22192e-06
0251  5.68736e+18  4.71009e+02  5.59974e+05  4.02665e-18  0.00000e+00  0.00000e+00  1.21402e-06
0252  5.70578e+18  5.30754e+02  6.14921e+05  3.28563e-18  0.00000e+00  0.00000e+00  1.20620e-06
0253  5.72419e+18  5.81036e+02  6.58548e+05  2.80418e-18  0.00000e+00  0.00000e+00  1.19845e-06
0254  5.74261e+18  6.24615e+02  6.94165e+05  2.46556e-18  0.00000e+00  0.00000e+00  1.19077e-06
0255  5.76102e+18  6.63551e+02  7.24418e+05  2.21571e-18  0.00000e+00  0.00000e+00  1.18317e-06
0256  5.77944e+18  6.99326e+02  7.51038e+05  2.04101e-18  0.00000e+00  0.00000e+00  1.17565e-06
0257  5.79785e+18  7.32817e+02  7.74978e+05  1.89309e-18  0.00000e+00  0.00000e+00  1.16819e-06
0258  5.81627e+18  7.64519e+02  7.96850e+05  1.76561e-18  0.00000e+00  0.00000e+00  1.16080e-06
0259  5.83468e+18  7.94787e+02  8.17119e+05  1.65594e-18  0.00000e+00  0.00000e+00  1.15349e-06
0260  5.85310e+18  8.23910e+02  8.36114e+05  1.56240e-18  0.00000e+00  0.00000e+00  1.14624e-06
0261  5.87152e+18  8.52080e+02  8.54049e+05  1.47838e-18  0.00000e+00  0.00000e+00  1.13906e-06
0262  5.88993e+18  8.79396e+02  8.71058e+05  1.40186e-18  0.00000e+00  0.00000e+00  1.13195e-06
0263  5.90835e+18  9.05906e+02  8.87220e+05  1.33193e-18  0.00000e+00  0.00000e+00  1.12490e-06
0264  5.92676e+18  9.31734e+02  9.02682e+05  1.26762e-18  0.00000e+00  0.00000e+00  1.11792e-06
0265  5.94518e+18  9.57061e+02  9.17627e+05  1.22351e-18  0.00000e+00  0.00000e+00  1.11101e-06
0266  5.96359e+18  9.81920e+02  9.32003e+05  1.17366e-18  0.00000e+00  0.00000e+00  1.10416e-06
0267  5.98201e+18  1.00626e+03  9.45826e+05  1.12692e-18  0.00000e+00  0.00000e+00  1.09737e-06
0268  6.00043e+18  1.03006e+03  9.59120e+05  1.08308e-18  0.00000e+00  0.00000e+00  1.09065e-06
0269  6.01884e+18  1.05336e+03  9.71923e+05  1.04376e-18  0.00000e+00  0.00000e+00  1.08398e-06
0270  6.03726e+18  1.07621e+03  9.84298e+05  1.00797e-18  0.00000e+00  0.00000e+00  1.07738e-06
0271  6.05567e+18  1.09868e+03  9.96279e+05  9.75482e-19  0.00000e+00  0.00000e+00  1.07084e-06
0272  6.07409e+18  1.12077e+03  1.00789e+06  9.44515e-19  0.00000e+00  0.00000e+00  1.06435e-06
0273  6.09250e+18  1.14248e+03  1.01914e+06  9.14991e-19  0.00000e+00  0.00000e+00  1.05793e-06
0274  6.11092e+18  1.16381e+03  1.03006e+06  8.86834e-19  0.00000e+00  0.00000e+00  1.05156e-06
0275  6.12933e+18  1.18477e+03  1.04065e+06  8.59973e-19  0.00000e+00  0.00000e+00  1.04525e-06
0276  6.14775e+18  1.20535e+03  1.05092e+06  8.34342e-19  0.00000e+00  0.00000e+00  1.03900e-06
0277  6.16617e+18  1.22554e+03  1.06088e+06  8.09886e-19  0.00000e+00  0.00000e+00  1.03280e-06
0278  6.18458e+18  1.24535e+03  1.07055e+06  7.86525e-19  0.00000e+00  0.00000e+00  1.02666e-06
0279  6.20300e+18  1.26485e+03  1.07997e+06  7.67201e-19  0.00000e+00  0.00000e+00  1.02057e-06
0280  6.22141e+18  1.28407e+03  1.08916e+06  7.48654e-19  0.00000e+00  0.00000e+00  1.01454e-06
0281  6.23983e+18  1.30302e+03  1.09812e+06  7.30669e-19  0.00000e+00  0.00000e+00  1.00856e-06
0282  6.25824e+18  1.32169e+03  1.10687e+06  7.13234e-19  0.00000e+00  0.00000e+00  1.00263e-06
0283  6.27666e+18  1.34009e+03  1.11541e+06  6.96339e-19  0.00000e+00  0.00000e+00  9.96760e-07
0284  6.29507e+18  1.35821e+03  1.12376e+06  6.79971e-19  0.00000e+00  0.00000e+00  9.90937e-07
0285  6.31349e+18  1.37607e+03  1.13191e+06  6.64117e-19  0.00000e+00  0.00000e+00  9.85164e-07
0286  6.33191e+18  1.39365e+03  1.13987e+06  6.48760e-19  0.00000e+00  0.00000e+00  9.79442e-07
0287  6.35032e+18  1.41097e+03  1.14767e+06  6.34118e-19  0.00000e+00  0.00000e+00  9.73770e-07
0288  6.36874e+18  1.42804e+03  1.15530e+06  6.19989e-19  0.00000e+00  0.00000e+00  9.68146e-07
0289  6.38715e+18  1.44487e+03  1.16277e+06  6.06280e-19  0.00000e+00  0.00000e+00  9.62572e-07
0290  6.40557e+18  1.46145e+03  1.17010e+06  5.92978e-19  0.00000e+00  0.00000e+00  9.57045e-07
0291  6.42398e+18  1.47778e+03  1.17729e+06  5.80072e-19  0.00000e+00  0.00000e+00  9.51566e-07
0292  6.44240e+18  1.49387e+03  1.18435e+06  5.67548e-19  0.00000e+00  0.00000e+00  9.46133e-07
0293  6.46081e+18  1.50973e+03  1.19128e+06  5.55696e-19  0.00000e+00  0.00000e+00  9.40747e-07
0294  6.47923e+18  1.52536e+03  1.19809e+06  5.44319e-19  0.00000e+00  0.00000e+00  9.35407e-07
0295  6.49765e+18  1.54077e+03  1.20480e+06  5.33248e-19  0.00000e+00  0.00000e+00  9.30113e-07
0296  6.51606e+18  1.55596e+03  1.21140e+06  5.22473e-19  0.00000e+00  0.00000e+00  9.24863e-07
0297  6.53448e+18  1.57093e+03  1.21789e+06  5.11989e-19  0.00000e+00  0.00000e+00  9.19657e-07
0298  6.55289e+18  1.58568e+03  1.22429e+06  5.01787e-19  0.00000e+00  0.00000e+00  9.14495e-07
0299  6.57131e+18  1.60021e+03  1.23059e+06  4.91860e-19  0.00000e+00  0.00000e+00  9.09377e-07
0300  6.58972e+18  1.61453e+03  1.23680e+06  4.82200e-19  0.00000e+00  0.00000e+00  9.04301e-07
0301  6.60814e+18  1.62862e+03  1.24292e+06  4.72801e-19  0.00000e+00  0.00000e+00  8.99268e-07
0302  6.62655e+18  1.64250e+03  1.24895e+06  4.63656e-19  0.00000e+00  0.00000e+00  8.94277e-07
0303  6.64497e+18  1.65617e+03  1.25489e+06  4.54755e-19  0.00000e+00  0.00000e+00  8.89327e-07
0304  6.66339e+18  1.66962e+03  1.26076e+06  4.46094e-19  0.00000e+00  0.00000e+00  8.84418e-07
0305  6.68180e+18  1.68286e+03  1.26654e+06  4.37665e-19  0.00000e+00  0.00000e+00  8.79550e-07
0306  6.70022e+18  1.69588e+03  1.27224e+06  4.29461e-19  0.00000e+00  0.00000e+00  8.74722e-07
0307  6.71863e+18  1.70868e+03  1.27787e+06  4.21475e-19  0.00000e+00  0.00000e+00  8.69933e-07
0308  6.73705e+18  1.72127e+03  1.28344e+06  4.13702e-19  0.00000e+00  0.00000e+00  8.65184e-07
0309  6.75546e+18  1.73364e+03  1.28893e+06  4.06134e-19  0.00000e+00  0.00000e+00  8.60473e-07
0310  6.77388e+18  1.74580e+03  1.29436e+06  3.98766e-19  0.00000e+00  0.00000e+00  8.55801e-07
0311  6.79229e+18  1.75774e+03  1.29973e+06  3.91591e-19  0.00000e+00  0.00000e+00  8.51167e-07
0312  6.81071e+18  1.76946e+03  1.30505e+06  3.84604e-19  0.00000e+00  0.00000e+00  8.46570e-07
0313  6.82913e+18  1.78096e+03  1.31031e+06  3.77799e-19  0.00000e+00  0.00000e+00  8.42010e-07
0314  6.84754e+18  1.79226e+03  1.31552e+06  3.71169e-19  0.00000e+00  0.00000e+00  8.37487e-07
0315  6.86596e+18  1.80333e+03  1.32067e+06  3.64713e-19  0.00000e+00  0.00000e+00  8.33001e-07
0316  6.88437e+18  1.81418e+03  1.32579e+06  3.58237e-19  0.00000e+00  0.00000e+00  8.28550e-07
0317  6.90279e+18  1.82485e+03  1.33086e+06  3.52604e-19  0.00000e+00  0.00000e+00  8.24135e-07
0318  6.92120e+18  1.83534e+03  1.33591e+06  3.47087e-19  0.00000e+00  0.00000e+00  8.19755e-07
0319  6.93962e+18  1.84566e+03  1.34092e+06  3.41477e-19  0.00000e+00  0.00000e+00  8.15410e-07
0320  6.95803e+18  1.85581e+03  1.34591e+06  3.36324e-19  0.00000e+00  0.00000e+00  8.11100e-07
0321  6.97645e+18  1.86581e+03  1.35088e+06  3.31269e-19  0.00000e+00  0.00000e+00  8.06824e-07
0322  6.99487e+18  1.87567e+03  1.35585e+06  3.26310e-19  0.00000e+00  0.00000e+00  8.02581e-07
0323  7.01328e+18  1.88537e+03  1.36081e+06  3.21445e-19  0.00000e+00  0.00000e+00  7.98371e-07
0324  7.03170e+18  1.89493e+03  1.36577e+06  3.16672e-19  0.00000e+00  0.00000e+00  7.94195e-07
0325  7.05011e+18  1.90434e+03  1.37071e+06  3.11990e-19  0.00000e+00  0.00000e+00  7.90052e-07
0326  7.06853e+18  1.91361e+03  1.37565e+06  3.07397e-19  0.00000e+00  0.00000e+00  7.85940e-07
0327  7.08694e+18  1.92273e+03  1.38059e+06  3.02892e-19  0.00000e+00  0.00000e+00  7.81861e-07
0328  7.10536e+18  1.93171e+03  1.38552e+06  2.98473e-19  0.00000e+00  0.00000e+00  7.77813e-07
0329  7.12378e+18  1.94055e+03  1.39045e+06  2.94138e-19  0.00000e+00  0.00000e+00  7.73797e-07
0330  7.14219e+18  1.94925e+03  1.39537e+06  2.89886e-19  0.00000e+00  0.00000e+00  7.69812e-07
0331  7.16061e+18  1.95781e+03  1.40029e+06  2.85716e-19  0.00000e+00  0.00000e+00  7.65858e-07
0332  7.17902e+18  1.96622e+03  1.40520e+06  2.81625e-19  0.00000e+00  0.00000e+00  7.61933e-07
0333  7.19744e+18  1.97449e+03  1.41011e+06  2.77613e-19  0.00000e+00  0.00000e+00  7.58039e-07
0334  7.21585e+18  1.98262e+03  1.41501e+06  2.73678e-19  0.00000e+00  0.00000e+00  7.54175e-07
0335  7.23427e+18  1.99061e+03  1.41991e+06  2.69818e-19  0.00000e+00  0.00000e+00  7.50340e-07
0336  7.25268e+18  1.99845e+03  1.42481e+06  2.66032e-19  0.00000e+00  0.00000e+00  7.46535e-07
0337  7.27110e+18  2.00615e+03  1.42970e+06  2.62320e-19  0.00000e+00  0.00000e+00  7.42758e-07
0338  7.28952e+18  2.01370e+03  1.43459e+06  2.58679e-19  0.00000e+00  0.00000e+00  7.39010e-07
0339  7.30793e+18  2.02111e+03  1.43946e+06  2.55108e-19  0.00000e+00  0.00000e+00  7.35290e-07
0340  7.32635e+18  2.02837e+03  1.44433e+06  2.51606e-19  0.00000e+00  0.00000e+00  7.31598e-07
0341  7.34476e+18  2.03549e+03  1.44918e+06  2.48173e-19  0.00000e+00  0.00000e+00  7.27934e-07
0342  7.36318e+18  2.04245e+03  1.45402e+06  2.44806e-19  0.00000e+00  0.00000e+00  7.24298e-07
0343  7.38159e+18  2.04926e+03  1.45885e+06  2.41505e-19  0.00000e+00  0.00000e+00  7.20688e-07
0344  7.40001e+18  2.05591e+03  1.46366e+06  2.38269e-19  0.00000e+00  0.00000e+00  7.17106e-07
0345  7.41842e+18  2.06240e+03  1.46846e+06  2.35097e-19  0.00000e+00  0.00000e+00  7.13550e-07
0346  7.43684e+18  2.06872e+03  1.47323e+06  2.31989e-19  0.00000e+00  0.00000e+00  7.10020e-07
0347  7.45526e+18  2.07486e+03  1.47799e+06  2.28942e-19  0.00000e+00  0.00000e+00  7.06517e-07
0348  7.47367e+18  2.08084e+03  1.48271e+06  2.25957e-19  0.00000e+00  0.00000e+00  7.03039e-07
0349  7.49209e+18  2.08666e+03  1.48741e+06  2.23031e-19  0.00000e+00  0.00000e+00  6.99587e-07
0350  7.51050e+18  2.09231e+03  1.49206e+06  2.20164e-19  0.00000e+00  0.00000e+00  6.96161e-07
0351  7.52892e+18  2.09781e+03  1.49666e+06  2.17353e-19  0.00000e+00  0.00000e+00  6.92759e-07
0352  7.54733e+18  2.10318e+03  1.50120e+06  2.14598e-19  0.00000e+00  0.00000e+00  6.89383e-07
0353  7.56575e+18  2.10841e+03  1.50568e+06  2.11897e-19  0.00000e+00  0.00000e+00  6.86031e-07
0354  7.58416e+18  2.11352e+03  1.51008e+06  2.09248e-19  0.00000e+00  0.00000e+00  6.82703e-07
0355  7.60258e+18  2.11850e+03  1.51441e+06  2.06651e-19  0.00000e+00  0.00000e+00  6.79400e-07
0356  7.62100e+18  2.12334e+03  1.51866e+06  2.04105e-19  0.00000e+00  0.00000e+00  6.76121e-07
0357  7.63941e+18  2.12804e+03  1.52284e+06  2.01610e-19  0.00000e+00  0.00000e+00  6.72865e-07
0358  7.65783e+18  2.13257e+03  1.52695e+06  1.99165e-19  0.00000e+00  0.00000e+00  6.69632e-07
0359  7.67624e+18  2.13693e+03  1.53099e+06  1.96770e-19  0.00000e+00  0.00000e+00  6.66423e-07
0360  7.69466e+18  2.14110e+03  1.53498e+06  1.94425e-19  0.00000e+00  0.00000e+00  6.63237e-07
0361  7.71307e+18  2.14506e+03  1.53892e+06  1.92128e-19  0.00000e+00  0.00000e+00  6.60074e-07
0362  7.73149e+18  2.14881e+03  1.54282e+06  1.89880e-19  0.00000e+00  0.00000e+00  6.56933e-07
0363  7.74990e+18  2.15233e+03  1.54669e+06  1.87679e-19  0.00000e+00  0.00000e+00  6.53815e-07
0364  7.76832e+18  2.15560e+03  1.55053e+06  1.85526e-19  0.00000e+00  0.00000e+00  6.50719e-07
0365  7.78674e+18  2.15861e+03  1.55436e+06  1.83420e-19  0.00000e+00  0.00000e+00  6.47644e-07
0366  7.80515e+18  2.16133e+03  1.55820e+06  1.81359e-19  0.00000e+00  0.00000e+00  6.44592e-07
0367  7.82357e+18  2.16378e+03  1.56205e+06  1.79344e-19  0.00000e+00  0.00000e+00  6.41561e-07
0368  7.84198e+18  2.16597e+03  1.56591e+06  1.77371e-19  0.00000e+00  0.00000e+00  6.38551e-07
0369  7.86040e+18  2.16793e+03  1.56977e+06  1.75438e-19  0.00000e+00  0.00000e+00  6.35563e-07
0370  7.87881e+18  2.16971e+03  1.57363e+06  1.73550e-19  0.00000e+00  0.00000e+00  6.32595e-07
0371  7.89723e+18  2.17136e+03  1.57746e+06  1.71706e-19  0.00000e+00  0.00000e+00  6.29648e-07
0372  7.91564e+18  2.17291e+03  1.58125e+06  1.69902e-19  0.00000e+00  0.00000e+00  6.26722e-07
0373  7.93406e+18  2.17441e+03  1.58500e+06  1.68124e-19  0.00000e+00  0.00000e+00  6.23816e-07
0374  7.95248e+18  2.17589e+03  1.58868e+06  1.66373e-19  0.00000e+00  0.00000e+00  6.20930e-07
0375  7.97089e+18  2.17737e+03  1.59230e+06  1.64645e-19  0.00000e+00  0.00000e+00  6.18064e-07
0376  7.98931e+18  2.17887e+03  1.59585e+06  1.62941e-19  0.00000e+00  0.00000e+00  6.15218e-07
0377  8.00772e+18  2.18039e+03  1.59933e+06  1.61259e-19  0.00000e+00  0.00000e+00  6.12392e-07
0378  8.02614e+18  2.18194e+03  1.60276e+06  1.59598e-19  0.00000e+00  0.00000e+00  6.09585e-07
0379  8.04455e+18  2.18353e+03  1.60612e+06  1.57958e-19  0.00000e+00  0.00000e+00  6.06797e-07
0380  8.06297e+18  2.18515e+03  1.60943e+06  1.56339e-19  0.00000e+00  0.00000e+00  6.04029e-07
0381  8.08139e+18  2.18683e+03  1.61267e+06  1.54739e-19  0.00000e+00  0.00000e+00  6.01279e-07
0382  8.09980e+18  2.18856e+03  1.61586e+06  1.53158e-19  0.00000e+00  0.00000e+00  5.98548e-07
0383  8.11822e+18  2.19036e+03  1.61899e+06  1.51594e-19  0.00000e+00  0.00000e+00  5.95835e-07
0384  8.13663e+18  2.19225e+03  1.62206e+06  1.50049e-19  0.00000e+00  0.00000e+00  5.93141e-07
0385  8.15505e+18  2.19421e+03  1.62505e+06  1.48520e-19  0.00000e+00  0.00000e+00  5.90466e-07
0386  8.17346e+18  2.19627e+03  1.62799e+06  1.47008e-19  0.00000e+00  0.00000e+00  5.87808e-07
0387  8.19188e+18  2.19840e+03  1.63085e+06  1.45513e-19  0.00000e+00  0.00000e+00  5.85168e-07
0388  8.21029e+18  2.20061e+03  1.63366e+06  1.44034e-19  0.00000e+00  0.00000e+00  5.82546e-07
0389  8.22871e+18  2.20289e+03  1.63640e+06  1.42572e-19  0.00000e+00  0.00000e+00  5.79941e-07
0390  8.24713e+18  2.20523e+03  1.63908e+06  1.41127e-19  0.00000e+00  0.00000e+00  5.77354e-07
0391  8.26554e+18  2.20761e+03  1.64170e+06  1.39699e-19  0.00000e+00  0.00000e+00  5.74784e-07
0392  8.28396e+18  2.21002e+03  1.64427e+06  1.38288e-19  0.00000e+00  0.00000e+00  5.72232e-07
0393  8.30237e+18  2.21246e+03  1.64678e+06  1.36895e-19  0.00000e+00  0.00000e+00  5.69696e-07
0394  8.32079e+18  2.21490e+03  1.64923e+06  1.35520e-19  0.00000e+00  0.00000e+00  5.67177e-07
0395  8.33920e+18  2.21735e+03  1.65162e+06  1.34163e-19  0.00000e+00  0.00000e+00  5.64675e-07
0396  8.35762e+18  2.21980e+03  1.65395e+06  1.32824e-19  0.00000e+00  0.00000e+00  5.62189e-07
0397  8.37603e+18  2.22224e+03  1.65621e+06  1.31503e-19  0.00000e+00  0.00000e+00  5.59720e-07
0398  8.39445e+18  2.22467e+03  1.65840e+06  1.30199e-19  0.00000e+00  0.00000e+00  5.57267e-07
0399  8.41287e+18  2.22708e+03  1.66052e+06  1.28914e-19  0.00000e+00  0.00000e+00  5.54830e-07
0400  8.43128e+18  2.22947e+03  1.66257e+06  1.27646e-19  0.00000e+00  0.00000e+00  5.52409e-07
0401  8.44970e+18  2.23183e+03  1.66454e+06  1.26396e-19  0.00000e+00  0.00000e+00  5.50003e-07
0402  8.46811e+18  2.23417e+03  1.66643e+06  1.25164e-19  0.00000e+00  0.00000e+00  5.47614e-07
0403  8.48653e+18  2.23648e+03  1.66825e+06  1.23948e-19  0.00000e+00  0.00000e+00  5.45240e-07
0404  8.50494e+18  2.23877e+03  1.66999e+06  1.22750e-19  0.00000e+00  0.00000e+00  5.42881e-07
0405  8.52336e+18  2.24102e+03  1.67166e+06  1.21568e-19  0.00000e+00  0.00000e+00  5.40538e-07
0406  8.54177e+18  2.24324e+03  1.67326e+06  1.20403e-19  0.00000e+00  0.00000e+00  5.38209e-07
0407  8.56019e+18  2.24544e+03  1.67478e+06  1.19254e-19  0.00000e+00  0.00000e+00  5.35896e-07
0408  8.57861e+18  2.24761e+03  1.67624e+06  1.18120e-19  0.00000e+00  0.00000e+00  5.33598e-07
0409  8.59702e+18  2.24976e+03  1.67764e+06  1.17001e-19  0.00000e+00  0.00000e+00  5.31314e-07
0410  8.61544e+18  2.25189e+03  1.67897e+06  1.15897e-19  0.00000e+00  0.00000e+00  5.29045e-07
0411  8.63385e+18  2.25400e+03  1.68025e+06  1.14808e-19  0.00000e+00  0.00000e+00  5.26791e-07
0412  8.65227e+18  2.25610e+03  1.68148e+06  1.13732e-19  0.00000e+00  0.00000e+00  5.24551e-07
0413  8.67068e+18  2.25820e+03  1.68266e+06  1.12669e-19  0.00000e+00  0.00000e+00  5.22325e-07
0414  8.68910e+18  2.26029e+03  1.68379e+06  1.11620e-19  0.00000e+00  0.00000e+00  5.20113e-07
0415  8.70751e+18  2.26238e+03  1.68489e+06  1.10583e-19  0.00000e+00  0.00000e+00  5.17916e-07
0416  8.72593e+18  2.26448e+03  1.68595e+06  1.09558e-19  0.00000e+00  0.00000e+00  5.15732e-07
0417  8.74435e+18  2.26658e+03  1.68699e+06  1.08544e-19  0.00000e+00  0.00000e+00  5.13562e-07
0418  8.76276e+18  2.26869e+03  1.68799e+06  1.07543e-19  0.00000e+00  0.00000e+00  5.11406e-07
0419  8.78118e+18  2.27081e+03  1.68897e+06  1.06552e-19  0.00000e+00  0.00000e+00  5.09263e-07
0420  8.79959e+18  2.27294e+03  1.68994e+06  1.05573e-19  0.00000e+00  0.00000e+00  5.07134e-07
0421  8.81801e+18  2.27508e+03  1.69088e+06  1.04604e-19  0.00000e+00  0.00000e+00  5.05018e-07
0422  8.83642e+18  2.27723e+03  1.69181e+06  1.03646e-19  0.00000e+00  0.00000e+00  5.02915e-07
0423  8.85484e+18  2.27939e+03  1.69273e+06  1.02699e-19  0.00000e+00  0.00000e+00  5.00825e-07
0424  8.87326e+18  2.28156e+03  1.69364e+06  1.01761e-19  0.00000e+00  0.00000e+00  4.98749e-07
0425  8.89167e+18  2.28375e+03  1.69454e+06  1.00834e-19  0.00000e+00  0.00000e+00  4.96685e-07
0426  8.91009e+18  2.28594e+03  1.69543e+06  9.99162e-20  0.00000e+00  0.00000e+00  4.94634e-07
0427  8.92850e+18  2.28815e+03  1.69632e+06  9.90083e-20  0.00000e+00  0.00000e+00  4.92595e-07
0428  8.94692e+18  2.29038e+03  1.69721e+06  9.81097e-20  0.00000e+00  0.00000e+00  4.90570e-07
0429  8.96533e+18  2.29262e+03  1.69811e+06  9.72201e-20  0.00000e+00  0.00000e+00  4.88556e-07
0430  8.98375e+18  2.29489e+03  1.69902e+06  9.63394e-20  0.00000e+00  0.00000e+00  4.86555e-07
0431  9.00216e+18  2.29719e+03  1.69993e+06  9.54672e-20  0.00000e+00  0.00000e+00  4.84567e-07
0432  9.02058e+18  2.29951e+03  1.70086e+06  9.46034e-20  0.00000e+00  0.00000e+00  4.82590e-07
0433  9.03900e+18  2.30186e+03  1.70180e+06  9.37480e-20  0.00000e+00  0.00000e+00  4.80626e-07
0434  9.05741e+18  2.30423e+03  1.70275e+06  9.29010e-20  0.00000e+00  0.00000e+00  4.78674e-07
0435  9.07583e+18  2.30661e+03  1.70371e+06  9.20625e-20  0.00000e+00  0.00000e+00  4.76733e-07
0436  9.09424e+18  2.30900e+03  1.70467e+06  9.12330e-20  0.00000e+00  0.00000e+00  4.74804e-07
0437  9.11266e+18  2.31139e+03  1.70561e+06  9.04126e-20  0.00000e+00  0.00000e+00  4.72887e-07
0438  9.13107e+18  2.31377e+03  1.70655e+06  8.96016e-20  0.00000e+00  0.00000e+00  4.70982e-07
0439  9.14949e+18  2.31612e+03  1.70746e+06  8.88002e-20  0.00000e+00  0.00000e+00  4.69088e-07
0440  9.16790e+18  2.31845e+03  1.70836e+06  8.80083e-20  0.00000e+00  0.00000e+00  4.67205e-07
0441  9.18632e+18  2.32076e+03  1.70923e+06  8.72259e-20  0.00000e+00  0.00000e+00  4.65334e-07
0442  9.20474e+18  2.32305e+03  1.71008e+06  8.64526e-20  0.00000e+00  0.00000e+00  4.63474e-07
0443  9.22315e+18  2.32532e+03  1.71092e+06  8.56882e-20  0.00000e+00  0.00000e+00  4.61625e-07
0444  9.24157e+18  2.32758e+03  1.71174e+06  8.49323e-20  0.00000e+00  0.00000e+00  4.59787e-07
0445  9.25998e+18  2.32984e+03  1.71256e+06  8.41846e-20  0.00000e+00  0.00000e+00  4.57960e-07
0446  9.27840e+18  2.33210e+03  1.71338e+06  8.34448e-20  0.00000e+00  0.00000e+00  4.56144e-07
0447  9.29681e+18  2.33436e+03  1.71419e+06  8.27128e-20  0.00000e+00  0.00000e+00  4.54338e-07
0448  9.31523e+18  2.33662e+03  1.71500e+06  8.19886e-20  0.00000e+00  0.00000e+00  4.52544e-07
0449  9.33364e+18  2.33887e+03  1.71580e+06  8.12722e-20  0.00000e+00  0.00000e+00  4.50760e-07
0450  9.35206e+18  2.34112e+03  1.71659e+06  8.05636e-20  0.00000e+00  0.00000e+00  4.48986e-07
0451  9.37048e+18  2.34335e+03  1.71738e+06  7.98629e-20  0.00000e+00  0.00000e+00  4.47223e-07
0452  9.38889e+18  2.34556e+03  1.71814e+06  7.91702e-20  0.00000e+00  0.00000e+00  4.45470e-07
0453  9.40731e+18  2.34775e+03  1.71889e+06  7.84857e-20  0.00000e+00  0.00000e+00  4.43728e-07
0454  9.42572e+18  2.34990e+03  1.71962e+06  7.78092e-20  0.00000e+00  0.00000e+00  4.41996e-07
0455  9.44414e+18  2.35202e+03  1.72032e+06  7.71410e-20  0.00000e+00  0.00000e+00  4.40274e-07
0456  9.46255e+18  2.35411e+03  1.72100e+06  7.64809e-20  0.00000e+00  0.00000e+00  4.38562e-07
0457  9.48097e+18  2.35614e+03  1.72164e+06  7.58292e-20  0.00000e+00  0.00000e+00  4.36860e-07
0458  9.49939e+18  2.35813e+03  1.72225e+06  7.51858e-20  0.00000e+00  0.00000e+00  4.35168e-07
0459  9.51780e+18  2.36007e+03  1.72283e+06  7.45507e-20  0.00000e+00  0.00000e+00  4.33485e-07
0460  9.53622e+18  2.36194e+03  1.72337e+06  7.39240e-20  0.00000e+00  0.00000e+00  4.31813e-07
0461  9.55463e+18  2.36375e+03  1.72387e+06  7.33057e-20  0.00000e+00  0.00000e+00  4.30150e-07
0462  9.57305e+18  2.36550e+03  1.72432e+06  7.26957e-20  0.00000e+00  0.00000e+00  4.28496e-07
0463  9.59146e+18  2.36717e+03  1.72474e+06  7.20941e-20  0.00000e+00  0.00000e+00  4.26853e-07
0464  9.60988e+18  2.36877e+03  1.72510e+06  7.15007e-20  0.00000e+00  0.00000e+00  4.25218e-07
0465  9.62829e+18  2.37031e+03  1.72542e+06  7.09155e-20  0.00000e+00  0.00000e+00  4.23593e-07
0466  9.64671e+18  2.37177e+03  1.72570e+06  7.03382e-20  0.00000e+00  0.00000e+00  4.21977e-07
0467  9.66513e+18  2.37316e+03  1.72593e+06  6.97687e-20  0.00000e+00  0.00000e+00  4.20371e-07
0468  9.68354e+18  2.37449e+03  1.72612e+06  6.92069e-20  0.00000e+00  0.00000e+00  4.18773e-07
0469  9.70196e+18  2.37576e+03  1.72627e+06  6.86523e-20  0.00000e+00  0.00000e+00  4.17185e-07
0470  9.72037e+18  2.37698e+03  1.72638e+06  6.81048e-20  0.00000e+00  0.00000e+00  4.15606e-07
0471  9.73879e+18  2.37815e+03  1.72646e+06  6.75641e-20  0.00000e+00  0.00000e+00  4.14036e-07
0472  9.75720e+18  2.37927e+03  1.72651e+06  6.70299e-20  0.00000e+00  0.00000e+00  4.12474e-07
0473  9.77562e+18  2.38037e+03  1.72654e+06  6.65017e-20  0.00000e+00  0.00000e+00  4.10922e-07
0474  9.79403e+18  2.38144e+03  1.72655e+06  6.59794e-20  0.00000e+00  0.00000e+00  4.09378e-07
0475  9.81245e+18  2.38251e+03  1.72655e+06  6.54623e-20  0.00000e+00  0.00000e+00  4.07843e-07
0476  9.83087e+18  2.38357e+03  1.72655e+06  6.49503e-20  0.00000e+00  0.00000e+00  4.06316e-07
0477  9.84928e+18  2.38464e+03  1.72656e+06  6.44429e-20  0.00000e+00  0.00000e+00  4.04798e-07
0478  9.86770e+18  2.38574e+03  1.72657e+06  6.39397e-20  0.00000e+00  0.00000e+00  4.03289e-07
0479  9.88611e+18  2.38688e+03  1.72661e+06  6.34403e-20  0.00000e+00  0.00000e+00  4.01788e-07
0480  9.90453e+18  2.38806e+03  1.72668e+06  6.29443e-20  0.00000e+00  0.00000e+00  4.00295e-07
0481  9.92294e+18  2.38931e+03  1.72680e+06  6.24512e-20  0.00000e+00  0.00000e+00  3.98810e-07
0482  9.94136e+18  2.39063e+03  1.72696e+06  6.19608e-20  0.00000e+00  0.00000e+00  3.97334e-07
0483  9.95977e+18  2.39204e+03  1.72719e+06  6.14725e-20  0.00000e+00  0.00000e+00  3.95866e-07
0484  9.97819e+18  2.39356e+03  1.72750e+06  6.09859e-20  0.00000e+00  0.00000e+00  3.94406e-07
0485  9.99661e+18  2.39520e+03  1.72788e+06  6.05008e-20  0.00000e+00  0.00000e+00  3.92955e-07
0486  1.00150e+19  2.39697e+03  1.72837e+06  6.00168e-20  0.00000e+00  0.00000e+00  3.91511e-07
0487  1.00334e+19  2.39888e+03  1.72895e+06  5.95337e-20  0.00000e+00  0.00000e+00  3.90075e-07
0488  1.00519e+19  2.40093e+03  1.72965e+06  5.90511e-20  0.00000e+00  0.00000e+00  3.88647e-07
0489  1.00703e+19  2.40315e+03  1.73047e+06  5.85690e-20  0.00000e+00  0.00000e+00  3.87227e-07
0490  1.00887e+19  2.40552e+03  1.73141e+06  5.80873e-20  0.00000e+00  0.00000e+00  3.85814e-07
0491  1.01071e+19  2.40806e+03  1.73247e+06  5.76060e-20  0.00000e+00  0.00000e+00  3.84410e-07
0492  1.01255e+19  2.41075e+03  1.73366e+06  5.71253e-20  0.00000e+00  0.00000e+00  3.83013e-07
0493  1.01439e+19  2.41359e+03  1.73495e+06  5.66455e-20  0.00000e+00  0.00000e+00  3.81623e-07
0494  1.01623e+19  2.41656e+03  1.73635e+06  5.61670e-20  0.00000e+00  0.00000e+00  3.80242e-07
0495  1.01808e+19  2.41964e+03  1.73782e+06  5.56906e-20  0.00000e+00  0.00000e+00  3.78867e-07
0496  1.01992e+19  2.42280e+03  1.73935e+06  5.52169e-20  0.00000e+00  0.00000e+00  3.77500e-07
0497  1.02176e+19  2.42600e+03  1.74091e+06  5.47469e-20  0.00000e+00  0.00000e+00  3.76141e-07
0498  1.02360e+19  2.42919e+03  1.74247e+06  5.42818e-20  0.00000e+00  0.00000e+00  3.74789e-07
0499  1.02544e+19  2.43232e+03  1.74399e+06  5.38229e-20  0.00000e+00  0.00000e+00  3.73444e-07
0500  1.02728e+19  2.43534e+03  1.74542e+06  5.33714e-20  0.00000e+00  0.00000e+00  3.72106e-07
0501  1.02913e+19  2.43816e+03  1.74672e+06  5.29287e-20  0.00000e+00  0.00000e+00  3.70775e-07
0502  1.03097e+19  2.44075e+03  1.74784e+06  5.24962e-20  0.00000e+00  0.00000e+00  3.69452e-07
0503  1.03281e+19  2.44302e+03  1.74875e+06  5.20751e-20  0.00000e+00  0.00000e+00  3.68136e-07
0504  1.03465e+19  2.44494e+03  1.74940e+06  5.16665e-20  0.00000e+00  0.00000e+00  3.66826e-07
0505  1.03649e+19  2.44646e+03  1.74976e+06  5.12711e-20  0.00000e+00  0.00000e+00  3.65524e-07
0506  1.03833e+19  2.44754e+03  1.74981e+06  5.08894e-20  0.00000e+00  0.00000e+00  3.64229e-07
0507  1.04017e+19  2.44817e+03  1.74953e+06  5.05216e-20  0.00000e+00  0.00000e+00  3.62940e-07
0508  1.04202e+19  2.44834e+03  1.74893e+06  5.01674e-20  0.00000e+00  0.00000e+00  3.61658e-07
0509  1.04386e+19  2.44809e+03  1.74801e+06  4.98261e-20  0.00000e+00  0.00000e+00  3.60383e-07
0510  1.04570e+19  2.44743e+03  1.74681e+06  4.94967e-20  0.00000e+00  0.00000e+00  3.59115e-07
0511  1.04754e+19  2.44643e+03  1.74535e+06  4.91780e-20  0.00000e+00  0.00000e+00  3.57854e-07
0512  1.04938e+19  2.44513e+03  1.74367e+06  4.88684e-20  0.00000e+00  0.00000e+00  3.56599e-07
0513  1.05122e+19  2.44361e+03  1.74183e+06  4.85665e-20  0.00000e+00  0.00000e+00  3.55350e-07
0514  1.05307e+19  2.44193e+03  1.73988e+06  4.82705e-20  0.00000e+00  0.00000e+00  3.54109e-07
0515  1.05491e+19  2.44016e+03  1.73785e+06  4.79790e-20  0.00000e+00  0.00000e+00  3.52873e-07
0516  1.05675e+19  2.43837e+03  1.73580e+06  4.76903e-20  0.00000e+00  0.00000e+00  3.51645e-07
0517  1.05859e+19  2.43661e+03  1.73378e+06  4.74033e-20  0.00000e+00  0.00000e+00  3.50422e-07
0518  1.06043e+19  2.43494e+03  1.73181e+06  4.71167e-20  0.00000e+00  0.00000e+00  3.49206e-07
0519  1.06227e+19  2.43339e+03  1.72993e+06  4.68299e-20  0.00000e+00  0.00000e+00  3.47996e-07
0520  1.06412e+19  2.43200e+03  1.72817e+06  4.65420e-20  0.00000e+00  0.00000e+00  3.46793e-07
0521  1.06596e+19  2.43079e+03  1.72652e+06  4.62527e-20  0.00000e+00  0.00000e+00  3.45596e-07
0522  1.06780e+19  2.42976e+03  1.72502e+06  4.59619e-20  0.00000e+00  0.00000e+00  3.44405e-07
0523  1.06964e+19  2.42892e+03  1.72364e+06  4.56696e-20  0.00000e+00  0.00000e+00  3.43220e-07
0524  1.07148e+19  2.42825e+03  1.72240e+06  4.53762e-20  0.00000e+00  0.00000e+00  3.42041e-07
0525  1.07332e+19  2.42773e+03  1.72126e+06  4.50819e-20  0.00000e+00  0.00000e+00  3.40868e-07
0526  1.07516e+19  2.42734e+03  1.72023e+06  4.47875e-20  0.00000e+00  0.00000e+00  3.39702e-07
0527  1.07701e+19  2.42705e+03  1.71926e+06  4.44934e-20  0.00000e+00  0.00000e+00  3.38541e-07
0528  1.07885e+19  2.42683e+03  1.71835e+06  4.42006e-20  0.00000e+00  0.00000e+00  3.37386e-07
0529  1.08069e+19  2.42663e+03  1.71746e+06  4.39095e-20  0.00000e+00  0.00000e+00  3.36237e-07
0530  1.08253e+19  2.42643e+03  1.71657e+06  4.36209e-20  0.00000e+00  0.00000e+00  3.35094e-07
0531  1.08437e+19  2.42621e+03  1.71566e+06  4.33352e-20  0.00000e+00  0.00000e+00  3.33957e-07
0532  1.08621e+19  2.42593e+03  1.71471e+06  4.30530e-20  0.00000e+00  0.00000e+00  3.32826e-07
0533  1.08806e+19  2.42558e+03  1.71371e+06  4.27745e-20  0.00000e+00  0.00000e+00  3.31700e-07
0534  1.08990e+19  2.42514e+03  1.71265e+06  4.24999e-20  0.00000e+00  0.00000e+00  3.30580e-07
0535  1.09174e+19  2.42463e+03  1.71153e+06  4.22292e-20  0.00000e+00  0.00000e+00  3.29466e-07
0536  1.09358e+19  2.42403e+03  1.71033e+06  4.19624e-20  0.00000e+00  0.00000e+00  3.28357e-07
0537  1.09542e+19  2.42335e+03  1.70908e+06  4.16992e-20  0.00000e+00  0.00000e+00  3.27254e-07
0538  1.09726e+19  2.42261e+03  1.70776e+06  4.14396e-20  0.00000e+00  0.00000e+00  3.26156e-07
0539  1.09910e+19  2.42181e+03  1.70640e+06  4.11831e-20  0.00000e+00  0.00000e+00  3.25064e-07
0540  1.10095e+19  2.42097e+03  1.70500e+06  4.09296e-20  0.00000e+00  0.00000e+00  3.23978e-07
0541  1.10279e+19  2.42010e+03  1.70357e+06  4.06786e-20  0.00000e+00  0.00000e+00  3.22897e-07
0542  1.10463e+19  2.41921e+03  1.70212e+06  4.04300e-20  0.00000e+00  0.00000e+00  3.21821e-07
0543  1.10647e+19  2.41832e+03  1.70065e+06  4.01836e-20  0.00000e+00  0.00000e+00  3.20751e-07
0544  1.10831e+19  2.41744e+03  1.69918e+06  3.99390e-20  0.00000e+00  0.00000e+00  3.19686e-07
0545  1.11015e+19  2.41656e+03  1.69771e+06  3.96963e-20  0.00000e+00  0.00000e+00  3.18626e-07
0546  1.11200e+19  2.41571e+03  1.69624e+06  3.94552e-20  0.00000e+00  0.00000e+00  3.17571e-07
0547  1.11384e+19  2.41486e+03  1.69478e+06  3.92158e-20  0.00000e+00  0.00000e+00  3.16522e-07
0548  1.11568e+19  2.41404e+03  1.69332e+06  3.89781e-20  0.00000e+00  0.00000e+00  3.15478e-07
0549  1.11752e+19  2.41323e+03  1.69188e+06  3.87419e-20  0.00000e+00  0.00000e+00  3.14439e-07
0550  1.11936e+19  2.41244e+03  1.69044e+06  3.85073e-20  0.00000e+00  0.00000e+00  3.13405e-07
0551  1.12120e+19  2.41167e+03  1.68900e+06  3.82743e-20  0.00000e+00  0.00000e+00  3.12377e-07
0552  1.12305e+19  2.41085e+03  1.68758e+06  3.80436e-20  0.00000e+00  0.00000e+00  3.11353e-07
0553  1.12489e+19  2.41026e+03  1.68611e+06  3.78121e-20  0.00000e+00  0.00000e+00  3.10335e-07
0554  1.12673e+19  2.40883e+03  1.68482e+06  3.75920e-20  0.00000e+00  0.00000e+00  3.09321e-07
0555  1.12857e+19  2.41216e+03  1.68258e+06  3.73195e-20  0.00000e+00  0.00000e+00  3.08312e-07
