# Athena++ data at time=1.395000e+13  cycle=934791781  variables=uov 
# i       x1v         user_out_var0          user_out_var1          user_out_var2          user_out_var3          user_out_var4          user_out_var5      
0002  1.13875e+18  4.91745e+00  3.03478e+04  5.59999e-16  0.00000e+00  0.00000e+00  3.02826e-05
0003  1.15716e+18  1.03218e+01  4.00224e+04  8.70682e-17  0.00000e+00  0.00000e+00  2.93264e-05
0004  1.17558e+18  1.54636e+01  4.91676e+04  4.30157e-17  0.00000e+00  0.00000e+00  2.84148e-05
0005  1.19399e+18  2.23004e+01  6.13414e+04  6.27746e-17  0.00000e+00  0.00000e+00  2.75451e-05
0006  1.21241e+18  3.29235e+01  8.15990e+04  1.03476e-16  0.00000e+00  0.00000e+00  2.67147e-05
0007  1.23082e+18  5.31276e+01  1.23384e+05  1.29047e-16  0.00000e+00  0.00000e+00  2.59213e-05
0008  1.24924e+18  6.27572e+01  1.36872e+05  2.81811e-17  0.00000e+00  0.00000e+00  2.51628e-05
0009  1.26765e+18  6.77536e+01  1.43373e+05  2.26097e-17  0.00000e+00  0.00000e+00  2.44370e-05
0010  1.28607e+18  7.21109e+01  1.48194e+05  2.04176e-17  0.00000e+00  0.00000e+00  2.37422e-05
0011  1.30448e+18  7.54136e+01  1.50867e+05  1.48588e-17  0.00000e+00  0.00000e+00  2.30766e-05
0012  1.32290e+18  7.84609e+01  1.53364e+05  1.49510e-17  0.00000e+00  0.00000e+00  2.24386e-05
0013  1.34131e+18  8.15902e+01  1.55963e+05  1.49570e-17  0.00000e+00  0.00000e+00  2.18267e-05
0014  1.35973e+18  8.47007e+01  1.58586e+05  1.40253e-17  0.00000e+00  0.00000e+00  2.12395e-05
0015  1.37814e+18  8.75322e+01  1.60745e+05  1.22513e-17  0.00000e+00  0.00000e+00  2.06757e-05
0016  1.39656e+18  9.02153e+01  1.62802e+05  1.17374e-17  0.00000e+00  0.00000e+00  2.01340e-05
0017  1.41497e+18  9.28812e+01  1.64893e+05  1.14586e-17  0.00000e+00  0.00000e+00  1.96134e-05
0018  1.43339e+18  9.54909e+01  1.66991e+05  1.02843e-17  0.00000e+00  0.00000e+00  1.91126e-05
0019  1.45180e+18  9.74410e+01  1.67935e+05 -7.00399e-19  0.00000e+00  0.00000e+00  1.86309e-05
0020  1.47022e+18  9.97017e+01  1.69825e+05  1.02703e-17  0.00000e+00  0.00000e+00  1.81671e-05
0021  1.48863e+18  1.02341e+02  1.72121e+05 -1.15532e-16  0.00000e+00  0.00000e+00  1.77204e-05
0022  1.50705e+18  1.04374e+02  1.73445e+05  7.54707e-18  0.00000e+00  0.00000e+00  1.72900e-05
0023  1.52546e+18  1.06316e+02  1.75006e+05  8.08462e-18  0.00000e+00  0.00000e+00  1.68750e-05
0024  1.54388e+18  1.08433e+02  1.76771e+05  8.32896e-18  0.00000e+00  0.00000e+00  1.64749e-05
0027  1.56229e+18  1.10560e+02  1.78616e+05  8.09566e-18  0.00000e+00  0.00000e+00  1.60888e-05
0028  1.58071e+18  1.12660e+02  1.80511e+05  7.90188e-18  0.00000e+00  0.00000e+00  1.57161e-05
0029  1.59912e+18  1.14756e+02  1.82480e+05  7.80401e-18  0.00000e+00  0.00000e+00  1.53562e-05
0030  1.61754e+18  1.16871e+02  1.84551e+05  7.77269e-18  0.00000e+00  0.00000e+00  1.50085e-05
0031  1.63595e+18  1.19028e+02  1.86756e+05  7.80384e-18  0.00000e+00  0.00000e+00  1.46726e-05
0032  1.65437e+18  1.21248e+02  1.89129e+05  7.85277e-18  0.00000e+00  0.00000e+00  1.43477e-05
0033  1.67278e+18  1.23486e+02  1.91614e+05  7.56220e-18  0.00000e+00  0.00000e+00  1.40336e-05
0034  1.69120e+18  1.25423e+02  1.93733e+05  6.49696e-18  0.00000e+00  0.00000e+00  1.37296e-05
0035  1.70961e+18  1.26978e+02  1.95486e+05  5.64837e-18  0.00000e+00  0.00000e+00  1.34354e-05
0036  1.72803e+18  1.28256e+02  1.96962e+05  5.18942e-18  0.00000e+00  0.00000e+00  1.31506e-05
0037  1.74644e+18  1.29517e+02  1.98537e+05  5.35193e-18  0.00000e+00  0.00000e+00  1.28747e-05
0038  1.76486e+18  1.30907e+02  2.00317e+05  5.59796e-18  0.00000e+00  0.00000e+00  1.26074e-05
0039  1.78328e+18  1.32410e+02  2.02296e+05  5.73463e-18  0.00000e+00  0.00000e+00  1.23484e-05
0040  1.80169e+18  1.33987e+02  2.04433e+05  5.79363e-18  0.00000e+00  0.00000e+00  1.20973e-05
0041  1.82011e+18  1.35627e+02  2.06724e+05  5.84612e-18  0.00000e+00  0.00000e+00  1.18537e-05
0042  1.83852e+18  1.37335e+02  2.09186e+05  5.90067e-18  0.00000e+00  0.00000e+00  1.16174e-05
0043  1.85694e+18  1.39355e+02  2.12205e+05  6.06844e-18  0.00000e+00  0.00000e+00  1.13882e-05
0044  1.87535e+18  1.41451e+02  2.15621e+05  7.07402e-18  0.00000e+00  0.00000e+00  1.11656e-05
0045  1.89377e+18  1.40866e+02  2.14694e+05  3.41530e-18  0.00000e+00  0.00000e+00  1.09495e-05
0046  1.91218e+18  1.39601e+02  2.12658e+05  1.72886e-18  0.00000e+00  0.00000e+00  1.07396e-05
0047  1.93060e+18  1.41601e+02  2.15993e+05  1.70952e-18  0.00000e+00  0.00000e+00  1.05357e-05
0048  1.94901e+18  1.54582e+02  2.36931e+05  1.07832e-17  0.00000e+00  0.00000e+00  1.03376e-05
0049  1.96743e+18  1.62960e+02  2.50456e+05  1.79159e-17  0.00000e+00  0.00000e+00  1.01449e-05
0050  1.98584e+18  1.56352e+02  2.39929e+05  6.38671e-18  0.00000e+00  0.00000e+00  9.95766e-06
0051  2.00426e+18  1.43824e+02  2.19893e+05  2.81008e-18  0.00000e+00  0.00000e+00  9.77552e-06
0052  2.02267e+18  1.39975e+02  2.13408e+05 -5.25801e-18  0.00000e+00  0.00000e+00  9.59833e-06
0053  2.04109e+18  1.44284e+02  2.20964e+05 -4.32778e-18  0.00000e+00  0.00000e+00  9.42591e-06
0054  2.05951e+18  1.36403e+02  2.08339e+05 -1.65513e-17  0.00000e+00  0.00000e+00  9.25810e-06
0055  2.07792e+18  1.24878e+02  1.93273e+05 -5.43850e-18  0.00000e+00  0.00000e+00  9.09473e-06
0056  2.09634e+18  1.22439e+02  1.90482e+05  1.07961e-18  0.00000e+00  0.00000e+00  8.93564e-06
0057  2.11475e+18  1.22074e+02  1.90019e+05  4.25454e-18  0.00000e+00  0.00000e+00  8.78070e-06
0058  2.13317e+18  1.22875e+02  1.90900e+05  5.25186e-18  0.00000e+00  0.00000e+00  8.62975e-06
0059  2.15158e+18  1.23486e+02  1.91573e+05  4.96830e-18  0.00000e+00  0.00000e+00  8.48265e-06
0060  2.17000e+18  1.23883e+02  1.92003e+05  4.61745e-18  0.00000e+00  0.00000e+00  8.33929e-06
0061  2.18841e+18  1.24267e+02  1.92426e+05  4.15816e-18  0.00000e+00  0.00000e+00  8.19953e-06
0062  2.20683e+18  1.24637e+02  1.92838e+05  3.60688e-18  0.00000e+00  0.00000e+00  8.06326e-06
0063  2.22524e+18  1.24873e+02  1.93104e+05  3.11548e-18  0.00000e+00  0.00000e+00  7.93035e-06
0064  2.24366e+18  1.24931e+02  1.93175e+05  2.75215e-18  0.00000e+00  0.00000e+00  7.80071e-06
0065  2.26207e+18  1.24949e+02  1.93201e+05  2.37393e-18  0.00000e+00  0.00000e+00  7.67421e-06
0066  2.28049e+18  1.25185e+02  1.93472e+05  1.88990e-18  0.00000e+00  0.00000e+00  7.55077e-06
0067  2.29891e+18  1.25770e+02  1.94127e+05  1.57907e-18  0.00000e+00  0.00000e+00  7.43029e-06
0068  2.31732e+18  1.26609e+02  1.95071e+05  1.53113e-18  0.00000e+00  0.00000e+00  7.31266e-06
0069  2.33574e+18  1.27625e+02  1.96227e+05  1.65856e-18  0.00000e+00  0.00000e+00  7.19781e-06
0070  2.35415e+18  1.28707e+02  1.97507e+05  1.89348e-18  0.00000e+00  0.00000e+00  7.08564e-06
0071  2.37257e+18  1.29602e+02  1.98622e+05  2.20618e-18  0.00000e+00  0.00000e+00  6.97607e-06
0072  2.39098e+18  1.29951e+02  1.99062e+05  2.26465e-18  0.00000e+00  0.00000e+00  6.86902e-06
0073  2.40940e+18  1.29595e+02  1.98615e+05  2.02834e-18  0.00000e+00  0.00000e+00  6.76442e-06
0074  2.42781e+18  1.28746e+02  1.97553e+05  1.73044e-18  0.00000e+00  0.00000e+00  6.66219e-06
0075  2.44623e+18  1.27743e+02  1.96354e+05  1.63957e-18  0.00000e+00  0.00000e+00  6.56226e-06
0076  2.46464e+18  1.26815e+02  1.95282e+05  1.84154e-18  0.00000e+00  0.00000e+00  6.46456e-06
0077  2.48306e+18  1.26153e+02  1.94526e+05  2.01552e-18  0.00000e+00  0.00000e+00  6.36903e-06
0078  2.50147e+18  1.25563e+02  1.93840e+05  2.67327e-18  0.00000e+00  0.00000e+00  6.27560e-06
0079  2.51989e+18  1.25170e+02  1.93425e+05  2.10402e-18  0.00000e+00  0.00000e+00  6.18421e-06
0080  2.53831e+18  1.30868e+02  2.00526e+05 -4.02218e-18  0.00000e+00  0.00000e+00  6.09480e-06
0081  2.55672e+18  2.00479e+02  3.28239e+05  5.05618e-17  0.00000e+00  0.00000e+00  6.00732e-06
0082  2.57514e+18  3.82725e+02  5.76912e+05  8.54557e-17  0.00000e+00  0.00000e+00  5.92171e-06
0083  2.59355e+18  5.54272e+02  8.01784e+05  4.19065e-17  0.00000e+00  0.00000e+00  5.83791e-06
0084  2.61197e+18  6.67209e+02  9.56373e+05  2.76861e-17  0.00000e+00  0.00000e+00  5.75588e-06
0085  2.63038e+18  7.47072e+02  1.06874e+06  2.24949e-17  0.00000e+00  0.00000e+00  5.67557e-06
0086  2.64880e+18  8.10440e+02  1.15964e+06  1.93769e-17  0.00000e+00  0.00000e+00  5.59693e-06
0087  2.66721e+18  8.64223e+02  1.23905e+06  1.73246e-17  0.00000e+00  0.00000e+00  5.51991e-06
0088  2.68563e+18  9.10926e+02  1.30964e+06  1.56939e-17  0.00000e+00  0.00000e+00  5.44447e-06
0089  2.70404e+18  9.53740e+02  1.37574e+06  1.49066e-17  0.00000e+00  0.00000e+00  5.37056e-06
0090  2.72246e+18  9.94479e+02  1.43886e+06  1.42367e-17  0.00000e+00  0.00000e+00  5.29815e-06
0091  2.74088e+18  1.03316e+03  1.49974e+06  1.35882e-17  0.00000e+00  0.00000e+00  5.22720e-06
0092  2.75929e+18  1.06990e+03  1.55877e+06  1.30382e-17  0.00000e+00  0.00000e+00  5.15766e-06
0093  2.77771e+18  1.10503e+03  1.61658e+06  1.25826e-17  0.00000e+00  0.00000e+00  5.08950e-06
0094  2.79612e+18  1.13874e+03  1.67345e+06  1.21383e-17  0.00000e+00  0.00000e+00  5.02268e-06
0095  2.81454e+18  1.17108e+03  1.72948e+06  1.16892e-17  0.00000e+00  0.00000e+00  4.95717e-06
0096  2.83295e+18  1.20204e+03  1.78459e+06  1.12441e-17  0.00000e+00  0.00000e+00  4.89293e-06
0097  2.85137e+18  1.23173e+03  1.83884e+06  1.08086e-17  0.00000e+00  0.00000e+00  4.82993e-06
0098  2.86978e+18  1.26034e+03  1.89250e+06  1.04833e-17  0.00000e+00  0.00000e+00  4.76814e-06
0099  2.88820e+18  1.28807e+03  1.94566e+06  1.01658e-17  0.00000e+00  0.00000e+00  4.70753e-06
0100  2.90661e+18  1.31501e+03  1.99829e+06  9.84528e-18  0.00000e+00  0.00000e+00  4.64807e-06
0101  2.92503e+18  1.34115e+03  2.05032e+06  9.52593e-18  0.00000e+00  0.00000e+00  4.58973e-06
0102  2.94345e+18  1.36649e+03  2.10170e+06  9.21072e-18  0.00000e+00  0.00000e+00  4.53248e-06
0103  2.96186e+18  1.39100e+03  2.15242e+06  8.90168e-18  0.00000e+00  0.00000e+00  4.47629e-06
0104  2.98028e+18  1.41465e+03  2.20251e+06  8.59936e-18  0.00000e+00  0.00000e+00  4.42114e-06
0105  2.99869e+18  1.43739e+03  2.25202e+06  8.30528e-18  0.00000e+00  0.00000e+00  4.36701e-06
0106  3.01711e+18  1.45917e+03  2.30100e+06  8.02038e-18  0.00000e+00  0.00000e+00  4.31386e-06
0107  3.03552e+18  1.47995e+03  2.34944e+06  7.74516e-18  0.00000e+00  0.00000e+00  4.26168e-06
0108  3.05394e+18  1.49971e+03  2.39735e+06  7.48021e-18  0.00000e+00  0.00000e+00  4.21044e-06
0109  3.07235e+18  1.51848e+03  2.44471e+06  7.23427e-18  0.00000e+00  0.00000e+00  4.16011e-06
0110  3.09077e+18  1.53627e+03  2.49145e+06  6.99717e-18  0.00000e+00  0.00000e+00  4.11069e-06
0111  3.10918e+18  1.55311e+03  2.53757e+06  6.76900e-18  0.00000e+00  0.00000e+00  4.06214e-06
0112  3.12760e+18  1.56899e+03  2.58290e+06  6.55006e-18  0.00000e+00  0.00000e+00  4.01444e-06
0113  3.14602e+18  1.58391e+03  2.62740e+06  6.33345e-18  0.00000e+00  0.00000e+00  3.96758e-06
0114  3.16443e+18  1.59790e+03  2.67101e+06  6.12633e-18  0.00000e+00  0.00000e+00  3.92154e-06
0115  3.18285e+18  1.61099e+03  2.71374e+06  5.92832e-18  0.00000e+00  0.00000e+00  3.87629e-06
0116  3.20126e+18  1.62323e+03  2.75562e+06  5.73901e-18  0.00000e+00  0.00000e+00  3.83182e-06
0117  3.21968e+18  1.63468e+03  2.79670e+06  5.55791e-18  0.00000e+00  0.00000e+00  3.78811e-06
0118  3.23809e+18  1.64541e+03  2.83707e+06  5.38457e-18  0.00000e+00  0.00000e+00  3.74515e-06
0119  3.25651e+18  1.65549e+03  2.87681e+06  5.21850e-18  0.00000e+00  0.00000e+00  3.70291e-06
0120  3.27492e+18  1.66497e+03  2.91605e+06  5.05921e-18  0.00000e+00  0.00000e+00  3.66138e-06
0121  3.29334e+18  1.67394e+03  2.95493e+06  4.90625e-18  0.00000e+00  0.00000e+00  3.62055e-06
0122  3.31176e+18  1.68245e+03  2.99359e+06  4.75867e-18  0.00000e+00  0.00000e+00  3.58040e-06
0123  3.33017e+18  1.69058e+03  3.03219e+06  4.61595e-18  0.00000e+00  0.00000e+00  3.54091e-06
0124  3.34859e+18  1.69839e+03  3.07088e+06  4.47841e-18  0.00000e+00  0.00000e+00  3.50207e-06
0125  3.36700e+18  1.70598e+03  3.10980e+06  4.34569e-18  0.00000e+00  0.00000e+00  3.46386e-06
0126  3.38542e+18  1.71343e+03  3.14908e+06  4.21748e-18  0.00000e+00  0.00000e+00  3.42628e-06
0127  3.40383e+18  1.72083e+03  3.18884e+06  4.09351e-18  0.00000e+00  0.00000e+00  3.38931e-06
0128  3.42225e+18  1.72825e+03  3.22918e+06  3.97338e-18  0.00000e+00  0.00000e+00  3.35293e-06
0129  3.44066e+18  1.73574e+03  3.27021e+06  3.85585e-18  0.00000e+00  0.00000e+00  3.31713e-06
0130  3.45908e+18  1.74333e+03  3.31192e+06  3.74205e-18  0.00000e+00  0.00000e+00  3.28191e-06
0131  3.47749e+18  1.75103e+03  3.35436e+06  3.63181e-18  0.00000e+00  0.00000e+00  3.24724e-06
0132  3.49591e+18  1.75899e+03  3.39798e+06  3.52468e-18  0.00000e+00  0.00000e+00  3.21312e-06
0133  3.51433e+18  1.76704e+03  3.44238e+06  3.42090e-18  0.00000e+00  0.00000e+00  3.17953e-06
0134  3.53274e+18  1.77391e+03  3.48467e+06  3.32237e-18  0.00000e+00  0.00000e+00  3.14647e-06
0135  3.55116e+18  1.78149e+03  3.52904e+06  3.22593e-18  0.00000e+00  0.00000e+00  3.11392e-06
0136  3.56957e+18  1.80068e+03  3.59814e+06  3.11682e-18  0.00000e+00  0.00000e+00  3.08188e-06
0137  3.58799e+18  1.81114e+03  3.64994e+06  3.01646e-18  0.00000e+00  0.00000e+00  3.05032e-06
0138  3.60640e+18  1.78262e+03  3.62045e+06  2.98192e-18  0.00000e+00  0.00000e+00  3.01925e-06
0139  3.62482e+18  1.57656e+03  3.22955e+06  3.12408e-18  0.00000e+00  0.00000e+00  2.98865e-06
0140  3.64323e+18  7.03413e+02  1.45968e+06 -4.19163e-20  0.00000e+00  0.00000e+00  2.95851e-06
0141  3.66165e+18  1.49335e+02  2.62533e+05 -7.14182e-17  0.00000e+00  0.00000e+00  2.92883e-06
0142  3.68007e+18  7.84382e+01  1.54813e+05 -4.47897e-17  0.00000e+00  0.00000e+00  2.89959e-06
0143  3.69848e+18  7.75644e+01  1.52739e+05 -3.29371e-18  0.00000e+00  0.00000e+00  2.87079e-06
0144  3.71690e+18  7.98158e+01  1.54404e+05  2.52109e-18  0.00000e+00  0.00000e+00  2.84241e-06
0145  3.73531e+18  8.39378e+01  1.57870e+05  1.89450e-18  0.00000e+00  0.00000e+00  2.81445e-06
0146  3.75373e+18  8.83004e+01  1.61282e+05  1.17628e-18  0.00000e+00  0.00000e+00  2.78690e-06
0147  3.77214e+18  9.24785e+01  1.64528e+05  1.00615e-18  0.00000e+00  0.00000e+00  2.75976e-06
0148  3.79056e+18  9.64902e+01  1.67720e+05  1.47730e-18  0.00000e+00  0.00000e+00  2.73301e-06
0149  3.80897e+18  1.00371e+02  1.70378e+05  6.22797e-19  0.00000e+00  0.00000e+00  2.70665e-06
0150  3.82739e+18  1.04253e+02  1.73228e+05  1.43928e-18  0.00000e+00  0.00000e+00  2.68066e-06
0151  3.84581e+18  1.08106e+02  1.76326e+05  1.69942e-18  0.00000e+00  0.00000e+00  2.65505e-06
0152  3.86422e+18  1.12055e+02  1.79731e+05  1.93998e-18  0.00000e+00  0.00000e+00  2.62981e-06
0153  3.88264e+18  1.16208e+02  1.83579e+05  2.26297e-18  0.00000e+00  0.00000e+00  2.60492e-06
0154  3.90105e+18  1.20994e+02  1.88431e+05  2.52179e-18  0.00000e+00  0.00000e+00  2.58038e-06
0155  3.91947e+18  1.28668e+02  1.96805e+05  2.83784e-18  0.00000e+00  0.00000e+00  2.55619e-06
0156  3.93788e+18  1.47045e+02  2.22864e+05  6.25296e-18  0.00000e+00  0.00000e+00  2.53234e-06
0157  3.95630e+18  1.95604e+02  2.94445e+05  1.97426e-17  0.00000e+00  0.00000e+00  2.50882e-06
0158  3.97471e+18  2.90134e+02  4.09016e+05  2.69304e-17  0.00000e+00  0.00000e+00  2.48563e-06
0159  3.99313e+18  4.01161e+02  5.27871e+05  1.86955e-17  0.00000e+00  0.00000e+00  2.46275e-06
0160  4.01155e+18  4.97441e+02  6.26665e+05  1.30772e-17  0.00000e+00  0.00000e+00  2.44019e-06
0161  4.02996e+18  5.74914e+02  7.02062e+05  1.01214e-17  0.00000e+00  0.00000e+00  2.41794e-06
0162  4.04838e+18  6.38317e+02  7.60162e+05  8.36303e-18  0.00000e+00  0.00000e+00  2.39599e-06
0163  4.06679e+18  6.92669e+02  8.07529e+05  7.30224e-18  0.00000e+00  0.00000e+00  2.37434e-06
0164  4.08521e+18  7.41275e+02  8.47818e+05  6.54948e-18  0.00000e+00  0.00000e+00  2.35299e-06
0165  4.10362e+18  7.85822e+02  8.83221e+05  5.94678e-18  0.00000e+00  0.00000e+00  2.33191e-06
0166  4.12204e+18  8.27443e+02  9.15184e+05  5.47717e-18  0.00000e+00  0.00000e+00  2.31113e-06
0167  4.14045e+18  8.66780e+02  9.44497e+05  5.07114e-18  0.00000e+00  0.00000e+00  2.29061e-06
0168  4.15887e+18  9.04134e+02  9.71573e+05  4.71649e-18  0.00000e+00  0.00000e+00  2.27037e-06
0169  4.17728e+18  9.40082e+02  9.97203e+05  4.41399e-18  0.00000e+00  0.00000e+00  2.25040e-06
0170  4.19570e+18  9.75290e+02  1.02172e+06  4.23247e-18  0.00000e+00  0.00000e+00  2.23069e-06
0171  4.21412e+18  1.00976e+03  1.04519e+06  4.01979e-18  0.00000e+00  0.00000e+00  2.21123e-06
0172  4.23253e+18  1.04350e+03  1.06774e+06  3.82564e-18  0.00000e+00  0.00000e+00  2.19203e-06
0173  4.25095e+18  1.07658e+03  1.08947e+06  3.65462e-18  0.00000e+00  0.00000e+00  2.17308e-06
0174  4.26936e+18  1.10902e+03  1.11039e+06  3.49372e-18  0.00000e+00  0.00000e+00  2.15438e-06
0175  4.28778e+18  1.14078e+03  1.13049e+06  3.34253e-18  0.00000e+00  0.00000e+00  2.13591e-06
0176  4.30619e+18  1.17186e+03  1.14983e+06  3.20255e-18  0.00000e+00  0.00000e+00  2.11768e-06
0177  4.32461e+18  1.20225e+03  1.16843e+06  3.07351e-18  0.00000e+00  0.00000e+00  2.09968e-06
0178  4.34302e+18  1.23194e+03  1.18627e+06  2.95202e-18  0.00000e+00  0.00000e+00  2.08191e-06
0179  4.36144e+18  1.26100e+03  1.20347e+06  2.84728e-18  0.00000e+00  0.00000e+00  2.06437e-06
0180  4.37986e+18  1.28958e+03  1.22008e+06  2.75608e-18  0.00000e+00  0.00000e+00  2.04705e-06
0181  4.39827e+18  1.31772e+03  1.23611e+06  2.66796e-18  0.00000e+00  0.00000e+00  2.02994e-06
0182  4.41669e+18  1.34540e+03  1.25159e+06  2.58296e-18  0.00000e+00  0.00000e+00  2.01305e-06
0183  4.43510e+18  1.37263e+03  1.26653e+06  2.50110e-18  0.00000e+00  0.00000e+00  1.99637e-06
0184  4.45352e+18  1.39940e+03  1.28096e+06  2.42233e-18  0.00000e+00  0.00000e+00  1.97989e-06
0185  4.47193e+18  1.42571e+03  1.29489e+06  2.34660e-18  0.00000e+00  0.00000e+00  1.96362e-06
0186  4.49035e+18  1.45158e+03  1.30836e+06  2.27382e-18  0.00000e+00  0.00000e+00  1.94754e-06
0187  4.50876e+18  1.47701e+03  1.32139e+06  2.20391e-18  0.00000e+00  0.00000e+00  1.93167e-06
0188  4.52718e+18  1.50200e+03  1.33398e+06  2.13710e-18  0.00000e+00  0.00000e+00  1.91598e-06
0189  4.54560e+18  1.52660e+03  1.34619e+06  2.07570e-18  0.00000e+00  0.00000e+00  1.90049e-06
0190  4.56401e+18  1.55086e+03  1.35805e+06  2.01878e-18  0.00000e+00  0.00000e+00  1.88519e-06
0191  4.58243e+18  1.57481e+03  1.36957e+06  1.96354e-18  0.00000e+00  0.00000e+00  1.87006e-06
0192  4.60084e+18  1.59843e+03  1.38076e+06  1.90999e-18  0.00000e+00  0.00000e+00  1.85512e-06
0193  4.61926e+18  1.62171e+03  1.39164e+06  1.85811e-18  0.00000e+00  0.00000e+00  1.84036e-06
0194  4.63767e+18  1.64466e+03  1.40221e+06  1.80788e-18  0.00000e+00  0.00000e+00  1.82577e-06
0195  4.65609e+18  1.66726e+03  1.41248e+06  1.75930e-18  0.00000e+00  0.00000e+00  1.81136e-06
0196  4.67450e+18  1.68950e+03  1.42246e+06  1.71232e-18  0.00000e+00  0.00000e+00  1.79712e-06
0197  4.69292e+18  1.71138e+03  1.43215e+06  1.66691e-18  0.00000e+00  0.00000e+00  1.78304e-06
0198  4.71134e+18  1.73291e+03  1.44158e+06  1.62303e-18  0.00000e+00  0.00000e+00  1.76913e-06
0199  4.72975e+18  1.75406e+03  1.45075e+06  1.58064e-18  0.00000e+00  0.00000e+00  1.75538e-06
0200  4.74817e+18  1.77485e+03  1.45967e+06  1.53968e-18  0.00000e+00  0.00000e+00  1.74179e-06
0201  4.76658e+18  1.79527e+03  1.46836e+06  1.50013e-18  0.00000e+00  0.00000e+00  1.72836e-06
0202  4.78500e+18  1.81530e+03  1.47682e+06  1.46122e-18  0.00000e+00  0.00000e+00  1.71508e-06
0203  4.80341e+18  1.83502e+03  1.48510e+06  1.42818e-18  0.00000e+00  0.00000e+00  1.70195e-06
0204  4.82183e+18  1.85450e+03  1.49320e+06  1.39595e-18  0.00000e+00  0.00000e+00  1.68898e-06
0205  4.84024e+18  1.87374e+03  1.50113e+06  1.36454e-18  0.00000e+00  0.00000e+00  1.67615e-06
0206  4.85866e+18  1.89275e+03  1.50889e+06  1.33391e-18  0.00000e+00  0.00000e+00  1.66347e-06
0207  4.87708e+18  1.91152e+03  1.51651e+06  1.30407e-18  0.00000e+00  0.00000e+00  1.65093e-06
0208  4.89549e+18  1.93007e+03  1.52400e+06  1.27499e-18  0.00000e+00  0.00000e+00  1.63853e-06
0209  4.91391e+18  1.94839e+03  1.53136e+06  1.24667e-18  0.00000e+00  0.00000e+00  1.62627e-06
0210  4.93232e+18  1.96648e+03  1.53860e+06  1.21908e-18  0.00000e+00  0.00000e+00  1.61415e-06
0211  4.95074e+18  1.98435e+03  1.54574e+06  1.19221e-18  0.00000e+00  0.00000e+00  1.60217e-06
0212  4.96915e+18  2.00200e+03  1.55279e+06  1.16604e-18  0.00000e+00  0.00000e+00  1.59031e-06
0213  4.98757e+18  2.01944e+03  1.55976e+06  1.14056e-18  0.00000e+00  0.00000e+00  1.57859e-06
0214  5.00598e+18  2.03666e+03  1.56666e+06  1.11573e-18  0.00000e+00  0.00000e+00  1.56700e-06
0215  5.02440e+18  2.05369e+03  1.57349e+06  1.09161e-18  0.00000e+00  0.00000e+00  1.55553e-06
0216  5.04282e+18  2.07054e+03  1.58027e+06  1.06826e-18  0.00000e+00  0.00000e+00  1.54419e-06
0217  5.06123e+18  2.08721e+03  1.58701e+06  1.04549e-18  0.00000e+00  0.00000e+00  1.53298e-06
0218  5.07965e+18  2.10373e+03  1.59371e+06  1.02329e-18  0.00000e+00  0.00000e+00  1.52188e-06
0219  5.09806e+18  2.12009e+03  1.60039e+06  1.00164e-18  0.00000e+00  0.00000e+00  1.51091e-06
0220  5.11648e+18  2.13631e+03  1.60706e+06  9.80520e-19  0.00000e+00  0.00000e+00  1.50005e-06
0221  5.13489e+18  2.15239e+03  1.61374e+06  9.59919e-19  0.00000e+00  0.00000e+00  1.48931e-06
0222  5.15331e+18  2.16835e+03  1.62044e+06  9.39817e-19  0.00000e+00  0.00000e+00  1.47868e-06
0223  5.17172e+18  2.18421e+03  1.62717e+06  9.20683e-19  0.00000e+00  0.00000e+00  1.46817e-06
0224  5.19014e+18  2.19998e+03  1.63395e+06  9.02075e-19  0.00000e+00  0.00000e+00  1.45777e-06
0225  5.20856e+18  2.21569e+03  1.64079e+06  8.83871e-19  0.00000e+00  0.00000e+00  1.44748e-06
0226  5.22697e+18  2.23134e+03  1.64770e+06  8.66062e-19  0.00000e+00  0.00000e+00  1.43730e-06
0227  5.24539e+18  2.24694e+03  1.65470e+06  8.48638e-19  0.00000e+00  0.00000e+00  1.42723e-06
0228  5.26380e+18  2.26247e+03  1.66177e+06  8.31591e-19  0.00000e+00  0.00000e+00  1.41726e-06
0229  5.28222e+18  2.27795e+03  1.66894e+06  8.14915e-19  0.00000e+00  0.00000e+00  1.40739e-06
0230  5.30063e+18  2.29335e+03  1.67618e+06  7.98606e-19  0.00000e+00  0.00000e+00  1.39763e-06
0231  5.31905e+18  2.30867e+03  1.68350e+06  7.82662e-19  0.00000e+00  0.00000e+00  1.38797e-06
0232  5.33746e+18  2.32387e+03  1.69088e+06  7.67086e-19  0.00000e+00  0.00000e+00  1.37841e-06
0233  5.35588e+18  2.33893e+03  1.69829e+06  7.51880e-19  0.00000e+00  0.00000e+00  1.36894e-06
0234  5.37430e+18  2.35380e+03  1.70570e+06  7.37051e-19  0.00000e+00  0.00000e+00  1.35958e-06
0235  5.39271e+18  2.36843e+03  1.71308e+06  7.22606e-19  0.00000e+00  0.00000e+00  1.35031e-06
0236  5.41113e+18  2.38275e+03  1.72037e+06  7.08556e-19  0.00000e+00  0.00000e+00  1.34113e-06
0237  5.42954e+18  2.39669e+03  1.72753e+06  6.94911e-19  0.00000e+00  0.00000e+00  1.33205e-06
0238  5.44796e+18  2.41019e+03  1.73452e+06  6.81680e-19  0.00000e+00  0.00000e+00  1.32306e-06
0239  5.46637e+18  2.42317e+03  1.74126e+06  6.68873e-19  0.00000e+00  0.00000e+00  1.31416e-06
0240  5.48479e+18  2.43556e+03  1.74772e+06  6.56497e-19  0.00000e+00  0.00000e+00  1.30535e-06
0241  5.50320e+18  2.44729e+03  1.75386e+06  6.44555e-19  0.00000e+00  0.00000e+00  1.29663e-06
0242  5.52162e+18  2.45832e+03  1.75963e+06  6.33048e-19  0.00000e+00  0.00000e+00  1.28800e-06
0243  5.54004e+18  2.46860e+03  1.76501e+06  6.21969e-19  0.00000e+00  0.00000e+00  1.27945e-06
0244  5.55845e+18  2.47811e+03  1.76999e+06  6.11309e-19  0.00000e+00  0.00000e+00  1.27098e-06
0245  5.57687e+18  2.48686e+03  1.77457e+06  6.01052e-19  0.00000e+00  0.00000e+00  1.26260e-06
0246  5.59528e+18  2.49487e+03  1.77876e+06  5.91179e-19  0.00000e+00  0.00000e+00  1.25431e-06
0247  5.61370e+18  2.50216e+03  1.78260e+06  5.81666e-19  0.00000e+00  0.00000e+00  1.24609e-06
0248  5.63211e+18  2.50880e+03  1.78611e+06  5.72487e-19  0.00000e+00  0.00000e+00  1.23795e-06
0249  5.65053e+18  2.51486e+03  1.78935e+06  5.63613e-19  0.00000e+00  0.00000e+00  1.22990e-06
0250  5.66894e+18  2.52041e+03  1.79237e+06  5.55015e-19  0.00000e+00  0.00000e+00  1.22192e-06
0251  5.68736e+18  2.52554e+03  1.79522e+06  5.46666e-19  0.00000e+00  0.00000e+00  1.21402e-06
0252  5.70578e+18  2.53032e+03  1.79795e+06  5.38538e-19  0.00000e+00  0.00000e+00  1.20620e-06
0253  5.72419e+18  2.53484e+03  1.80062e+06  5.30606e-19  0.00000e+00  0.00000e+00  1.19845e-06
0254  5.74261e+18  2.53916e+03  1.80326e+06  5.22849e-19  0.00000e+00  0.00000e+00  1.19077e-06
0255  5.76102e+18  2.54335e+03  1.80594e+06  5.15248e-19  0.00000e+00  0.00000e+00  1.18317e-06
0256  5.77944e+18  2.54746e+03  1.80867e+06  5.07789e-19  0.00000e+00  0.00000e+00  1.17565e-06
0257  5.79785e+18  2.55152e+03  1.81148e+06  5.00459e-19  0.00000e+00  0.00000e+00  1.16819e-06
0258  5.81627e+18  2.55557e+03  1.81440e+06  4.93250e-19  0.00000e+00  0.00000e+00  1.16080e-06
0259  5.83468e+18  2.55961e+03  1.81744e+06  4.86157e-19  0.00000e+00  0.00000e+00  1.15349e-06
0260  5.85310e+18  2.56365e+03  1.82060e+06  4.79177e-19  0.00000e+00  0.00000e+00  1.14624e-06
0261  5.87152e+18  2.56768e+03  1.82388e+06  4.72310e-19  0.00000e+00  0.00000e+00  1.13906e-06
0262  5.88993e+18  2.57168e+03  1.82728e+06  4.65557e-19  0.00000e+00  0.00000e+00  1.13195e-06
0263  5.90835e+18  2.57563e+03  1.83079e+06  4.58919e-19  0.00000e+00  0.00000e+00  1.12490e-06
0264  5.92676e+18  2.57952e+03  1.83440e+06  4.52396e-19  0.00000e+00  0.00000e+00  1.11792e-06
0265  5.94518e+18  2.58336e+03  1.83811e+06  4.45984e-19  0.00000e+00  0.00000e+00  1.11101e-06
0266  5.96359e+18  2.58715e+03  1.84194e+06  4.39683e-19  0.00000e+00  0.00000e+00  1.10416e-06
0267  5.98201e+18  2.59084e+03  1.84584e+06  4.34363e-19  0.00000e+00  0.00000e+00  1.09737e-06
0268  6.00043e+18  2.59437e+03  1.84978e+06  4.28302e-19  0.00000e+00  0.00000e+00  1.09065e-06
0269  6.01884e+18  2.59771e+03  1.85371e+06  4.22371e-19  0.00000e+00  0.00000e+00  1.08398e-06
0270  6.03726e+18  2.60084e+03  1.85762e+06  4.16569e-19  0.00000e+00  0.00000e+00  1.07738e-06
0271  6.05567e+18  2.60375e+03  1.86150e+06  4.10896e-19  0.00000e+00  0.00000e+00  1.07084e-06
0272  6.07409e+18  2.60643e+03  1.86534e+06  4.05350e-19  0.00000e+00  0.00000e+00  1.06435e-06
0273  6.09250e+18  2.60888e+03  1.86914e+06  3.99926e-19  0.00000e+00  0.00000e+00  1.05793e-06
0274  6.11092e+18  2.61111e+03  1.87289e+06  3.94623e-19  0.00000e+00  0.00000e+00  1.05156e-06
0275  6.12933e+18  2.61311e+03  1.87661e+06  3.88662e-19  0.00000e+00  0.00000e+00  1.04525e-06
0276  6.14775e+18  2.61488e+03  1.88029e+06  3.83676e-19  0.00000e+00  0.00000e+00  1.03900e-06
0277  6.16617e+18  2.61641e+03  1.88393e+06  3.78790e-19  0.00000e+00  0.00000e+00  1.03280e-06
0278  6.18458e+18  2.61769e+03  1.88756e+06  3.74003e-19  0.00000e+00  0.00000e+00  1.02666e-06
0279  6.20300e+18  2.61875e+03  1.89117e+06  3.69310e-19  0.00000e+00  0.00000e+00  1.02057e-06
0280  6.22141e+18  2.61956e+03  1.89477e+06  3.64709e-19  0.00000e+00  0.00000e+00  1.01454e-06
0281  6.23983e+18  2.62016e+03  1.89836e+06  3.60197e-19  0.00000e+00  0.00000e+00  1.00856e-06
0282  6.25824e+18  2.62057e+03  1.90193e+06  3.55771e-19  0.00000e+00  0.00000e+00  1.00263e-06
0283  6.27666e+18  2.62080e+03  1.90548e+06  3.51427e-19  0.00000e+00  0.00000e+00  9.96760e-07
0284  6.29507e+18  2.62090e+03  1.90899e+06  3.47161e-19  0.00000e+00  0.00000e+00  9.90937e-07
0285  6.31349e+18  2.62088e+03  1.91246e+06  3.42969e-19  0.00000e+00  0.00000e+00  9.85164e-07
0286  6.33191e+18  2.62076e+03  1.91588e+06  3.38850e-19  0.00000e+00  0.00000e+00  9.79442e-07
0287  6.35032e+18  2.62056e+03  1.91925e+06  3.34801e-19  0.00000e+00  0.00000e+00  9.73770e-07
0288  6.36874e+18  2.62027e+03  1.92257e+06  3.30820e-19  0.00000e+00  0.00000e+00  9.68146e-07
0289  6.38715e+18  2.61988e+03  1.92585e+06  3.26907e-19  0.00000e+00  0.00000e+00  9.62572e-07
0290  6.40557e+18  2.61937e+03  1.92909e+06  3.23061e-19  0.00000e+00  0.00000e+00  9.57045e-07
0291  6.42398e+18  2.61874e+03  1.93231e+06  3.19281e-19  0.00000e+00  0.00000e+00  9.51566e-07
0292  6.44240e+18  2.61795e+03  1.93552e+06  3.15568e-19  0.00000e+00  0.00000e+00  9.46133e-07
0293  6.46081e+18  2.61699e+03  1.93872e+06  3.11920e-19  0.00000e+00  0.00000e+00  9.40747e-07
0294  6.47923e+18  2.61586e+03  1.94193e+06  3.08337e-19  0.00000e+00  0.00000e+00  9.35407e-07
0295  6.49765e+18  2.61452e+03  1.94516e+06  3.04818e-19  0.00000e+00  0.00000e+00  9.30113e-07
0296  6.51606e+18  2.61295e+03  1.94842e+06  3.01362e-19  0.00000e+00  0.00000e+00  9.24863e-07
0297  6.53448e+18  2.61115e+03  1.95171e+06  2.98636e-19  0.00000e+00  0.00000e+00  9.19657e-07
0298  6.55289e+18  2.60909e+03  1.95505e+06  2.95368e-19  0.00000e+00  0.00000e+00  9.14495e-07
0299  6.57131e+18  2.60677e+03  1.95843e+06  2.92168e-19  0.00000e+00  0.00000e+00  9.09377e-07
0300  6.58972e+18  2.60419e+03  1.96188e+06  2.89036e-19  0.00000e+00  0.00000e+00  9.04301e-07
0301  6.60814e+18  2.60130e+03  1.96540e+06  2.85972e-19  0.00000e+00  0.00000e+00  8.99268e-07
0302  6.62655e+18  2.59825e+03  1.96894e+06  2.82964e-19  0.00000e+00  0.00000e+00  8.94277e-07
0303  6.64497e+18  2.59506e+03  1.97248e+06  2.80010e-19  0.00000e+00  0.00000e+00  8.89327e-07
0304  6.66339e+18  2.59170e+03  1.97604e+06  2.77109e-19  0.00000e+00  0.00000e+00  8.84418e-07
0305  6.68180e+18  2.58823e+03  1.97959e+06  2.74257e-19  0.00000e+00  0.00000e+00  8.79550e-07
0306  6.70022e+18  2.58472e+03  1.98311e+06  2.71447e-19  0.00000e+00  0.00000e+00  8.74722e-07
0307  6.71863e+18  2.58123e+03  1.98655e+06  2.68674e-19  0.00000e+00  0.00000e+00  8.69933e-07
0308  6.73705e+18  2.57777e+03  1.98993e+06  2.65938e-19  0.00000e+00  0.00000e+00  8.65184e-07
0309  6.75546e+18  2.57439e+03  1.99320e+06  2.63233e-19  0.00000e+00  0.00000e+00  8.60473e-07
0310  6.77388e+18  2.57106e+03  1.99639e+06  2.60561e-19  0.00000e+00  0.00000e+00  8.55801e-07
0311  6.79229e+18  2.56780e+03  1.99950e+06  2.57921e-19  0.00000e+00  0.00000e+00  8.51167e-07
0312  6.81071e+18  2.56460e+03  2.00252e+06  2.55312e-19  0.00000e+00  0.00000e+00  8.46570e-07
0313  6.82913e+18  2.56150e+03  2.00543e+06  2.52732e-19  0.00000e+00  0.00000e+00  8.42010e-07
0314  6.84754e+18  2.55851e+03  2.00824e+06  2.50180e-19  0.00000e+00  0.00000e+00  8.37487e-07
0315  6.86596e+18  2.55565e+03  2.01094e+06  2.47653e-19  0.00000e+00  0.00000e+00  8.33001e-07
0316  6.88437e+18  2.55292e+03  2.01351e+06  2.45152e-19  0.00000e+00  0.00000e+00  8.28550e-07
0317  6.90279e+18  2.55033e+03  2.01596e+06  2.42676e-19  0.00000e+00  0.00000e+00  8.24135e-07
0318  6.92120e+18  2.54789e+03  2.01829e+06  2.40223e-19  0.00000e+00  0.00000e+00  8.19755e-07
0319  6.93962e+18  2.54559e+03  2.02049e+06  2.37795e-19  0.00000e+00  0.00000e+00  8.15410e-07
0320  6.95803e+18  2.54343e+03  2.02257e+06  2.35391e-19  0.00000e+00  0.00000e+00  8.11100e-07
0321  6.97645e+18  2.54139e+03  2.02455e+06  2.33011e-19  0.00000e+00  0.00000e+00  8.06824e-07
0322  6.99487e+18  2.53945e+03  2.02641e+06  2.30658e-19  0.00000e+00  0.00000e+00  8.02581e-07
0323  7.01328e+18  2.53759e+03  2.02819e+06  2.28330e-19  0.00000e+00  0.00000e+00  7.98371e-07
0324  7.03170e+18  2.53582e+03  2.02987e+06  2.26029e-19  0.00000e+00  0.00000e+00  7.94195e-07
0325  7.05011e+18  2.53412e+03  2.03147e+06  2.23754e-19  0.00000e+00  0.00000e+00  7.90052e-07
0326  7.06853e+18  2.53250e+03  2.03298e+06  2.21505e-19  0.00000e+00  0.00000e+00  7.85940e-07
0327  7.08694e+18  2.53095e+03  2.03441e+06  2.19282e-19  0.00000e+00  0.00000e+00  7.81861e-07
0328  7.10536e+18  2.52948e+03  2.03575e+06  2.17084e-19  0.00000e+00  0.00000e+00  7.77813e-07
0329  7.12378e+18  2.52807e+03  2.03701e+06  2.14912e-19  0.00000e+00  0.00000e+00  7.73797e-07
0330  7.14219e+18  2.52673e+03  2.03819e+06  2.12764e-19  0.00000e+00  0.00000e+00  7.69812e-07
0331  7.16061e+18  2.52546e+03  2.03928e+06  2.10641e-19  0.00000e+00  0.00000e+00  7.65858e-07
0332  7.17902e+18  2.52425e+03  2.04030e+06  2.08543e-19  0.00000e+00  0.00000e+00  7.61933e-07
0333  7.19744e+18  2.52309e+03  2.04124e+06  2.06469e-19  0.00000e+00  0.00000e+00  7.58039e-07
0334  7.21585e+18  2.52200e+03  2.04210e+06  2.04419e-19  0.00000e+00  0.00000e+00  7.54175e-07
0335  7.23427e+18  2.52096e+03  2.04290e+06  2.02393e-19  0.00000e+00  0.00000e+00  7.50340e-07
0336  7.25268e+18  2.51997e+03  2.04362e+06  2.00391e-19  0.00000e+00  0.00000e+00  7.46535e-07
0337  7.27110e+18  2.51903e+03  2.04427e+06  1.98413e-19  0.00000e+00  0.00000e+00  7.42758e-07
0338  7.28952e+18  2.51813e+03  2.04485e+06  1.96458e-19  0.00000e+00  0.00000e+00  7.39010e-07
0339  7.30793e+18  2.51727e+03  2.04537e+06  1.94526e-19  0.00000e+00  0.00000e+00  7.35290e-07
0340  7.32635e+18  2.51646e+03  2.04582e+06  1.92617e-19  0.00000e+00  0.00000e+00  7.31598e-07
0341  7.34476e+18  2.51569e+03  2.04621e+06  1.90731e-19  0.00000e+00  0.00000e+00  7.27934e-07
0342  7.36318e+18  2.51494e+03  2.04654e+06  1.88867e-19  0.00000e+00  0.00000e+00  7.24298e-07
0343  7.38159e+18  2.51424e+03  2.04681e+06  1.87026e-19  0.00000e+00  0.00000e+00  7.20688e-07
0344  7.40001e+18  2.51356e+03  2.04703e+06  1.85207e-19  0.00000e+00  0.00000e+00  7.17106e-07
0345  7.41842e+18  2.51291e+03  2.04718e+06  1.83410e-19  0.00000e+00  0.00000e+00  7.13550e-07
0346  7.43684e+18  2.51228e+03  2.04729e+06  1.81635e-19  0.00000e+00  0.00000e+00  7.10020e-07
0347  7.45526e+18  2.51167e+03  2.04734e+06  1.79881e-19  0.00000e+00  0.00000e+00  7.06517e-07
0348  7.47367e+18  2.51108e+03  2.04734e+06  1.78149e-19  0.00000e+00  0.00000e+00  7.03039e-07
0349  7.49209e+18  2.51051e+03  2.04729e+06  1.76438e-19  0.00000e+00  0.00000e+00  6.99587e-07
0350  7.51050e+18  2.50995e+03  2.04720e+06  1.74748e-19  0.00000e+00  0.00000e+00  6.96161e-07
0351  7.52892e+18  2.50940e+03  2.04706e+06  1.73079e-19  0.00000e+00  0.00000e+00  6.92759e-07
0352  7.54733e+18  2.50885e+03  2.04688e+06  1.71430e-19  0.00000e+00  0.00000e+00  6.89383e-07
0353  7.56575e+18  2.50832e+03  2.04666e+06  1.69802e-19  0.00000e+00  0.00000e+00  6.86031e-07
0354  7.58416e+18  2.50778e+03  2.04640e+06  1.68194e-19  0.00000e+00  0.00000e+00  6.82703e-07
0355  7.60258e+18  2.50725e+03  2.04611e+06  1.66606e-19  0.00000e+00  0.00000e+00  6.79400e-07
0356  7.62100e+18  2.50672e+03  2.04577e+06  1.65037e-19  0.00000e+00  0.00000e+00  6.76121e-07
0357  7.63941e+18  2.50620e+03  2.04540e+06  1.63488e-19  0.00000e+00  0.00000e+00  6.72865e-07
0358  7.65783e+18  2.50567e+03  2.04499e+06  1.61957e-19  0.00000e+00  0.00000e+00  6.69632e-07
0359  7.67624e+18  2.50514e+03  2.04455e+06  1.60446e-19  0.00000e+00  0.00000e+00  6.66423e-07
0360  7.69466e+18  2.50461e+03  2.04408e+06  1.58953e-19  0.00000e+00  0.00000e+00  6.63237e-07
0361  7.71307e+18  2.50408e+03  2.04357e+06  1.57478e-19  0.00000e+00  0.00000e+00  6.60074e-07
0362  7.73149e+18  2.50356e+03  2.04303e+06  1.56021e-19  0.00000e+00  0.00000e+00  6.56933e-07
0363  7.74990e+18  2.50303e+03  2.04246e+06  1.54582e-19  0.00000e+00  0.00000e+00  6.53815e-07
0364  7.76832e+18  2.50250e+03  2.04186e+06  1.53160e-19  0.00000e+00  0.00000e+00  6.50719e-07
0365  7.78674e+18  2.50197e+03  2.04124e+06  1.51755e-19  0.00000e+00  0.00000e+00  6.47644e-07
0366  7.80515e+18  2.50144e+03  2.04058e+06  1.50367e-19  0.00000e+00  0.00000e+00  6.44592e-07
0367  7.82357e+18  2.50091e+03  2.03989e+06  1.48995e-19  0.00000e+00  0.00000e+00  6.41561e-07
0368  7.84198e+18  2.50038e+03  2.03918e+06  1.47640e-19  0.00000e+00  0.00000e+00  6.38551e-07
0369  7.86040e+18  2.49986e+03  2.03844e+06  1.46301e-19  0.00000e+00  0.00000e+00  6.35563e-07
0370  7.87881e+18  2.49933e+03  2.03767e+06  1.44978e-19  0.00000e+00  0.00000e+00  6.32595e-07
0371  7.89723e+18  2.49881e+03  2.03688e+06  1.43670e-19  0.00000e+00  0.00000e+00  6.29648e-07
0372  7.91564e+18  2.49828e+03  2.03606e+06  1.42378e-19  0.00000e+00  0.00000e+00  6.26722e-07
0373  7.93406e+18  2.49776e+03  2.03521e+06  1.41100e-19  0.00000e+00  0.00000e+00  6.23816e-07
0374  7.95248e+18  2.49724e+03  2.03434e+06  1.39838e-19  0.00000e+00  0.00000e+00  6.20930e-07
0375  7.97089e+18  2.49671e+03  2.03345e+06  1.38591e-19  0.00000e+00  0.00000e+00  6.18064e-07
0376  7.98931e+18  2.49618e+03  2.03253e+06  1.37358e-19  0.00000e+00  0.00000e+00  6.15218e-07
0377  8.00772e+18  2.49565e+03  2.03159e+06  1.36139e-19  0.00000e+00  0.00000e+00  6.12392e-07
0378  8.02614e+18  2.49512e+03  2.03063e+06  1.34935e-19  0.00000e+00  0.00000e+00  6.09585e-07
0379  8.04455e+18  2.49459e+03  2.02964e+06  1.33745e-19  0.00000e+00  0.00000e+00  6.06797e-07
0380  8.06297e+18  2.49405e+03  2.02864e+06  1.32568e-19  0.00000e+00  0.00000e+00  6.04029e-07
0381  8.08139e+18  2.49351e+03  2.02761e+06  1.31405e-19  0.00000e+00  0.00000e+00  6.01279e-07
0382  8.09980e+18  2.49296e+03  2.02657e+06  1.30256e-19  0.00000e+00  0.00000e+00  5.98548e-07
0383  8.11822e+18  2.49241e+03  2.02551e+06  1.29120e-19  0.00000e+00  0.00000e+00  5.95835e-07
0384  8.13663e+18  2.49185e+03  2.02443e+06  1.27997e-19  0.00000e+00  0.00000e+00  5.93141e-07
0385  8.15505e+18  2.49128e+03  2.02334e+06  1.26887e-19  0.00000e+00  0.00000e+00  5.90466e-07
0386  8.17346e+18  2.49070e+03  2.02223e+06  1.25789e-19  0.00000e+00  0.00000e+00  5.87808e-07
0387  8.19188e+18  2.49012e+03  2.02111e+06  1.24705e-19  0.00000e+00  0.00000e+00  5.85168e-07
0388  8.21029e+18  2.48953e+03  2.01997e+06  1.23632e-19  0.00000e+00  0.00000e+00  5.82546e-07
0389  8.22871e+18  2.48893e+03  2.01882e+06  1.22573e-19  0.00000e+00  0.00000e+00  5.79941e-07
0390  8.24713e+18  2.48832e+03  2.01765e+06  1.21525e-19  0.00000e+00  0.00000e+00  5.77354e-07
0391  8.26554e+18  2.48770e+03  2.01648e+06  1.20489e-19  0.00000e+00  0.00000e+00  5.74784e-07
0392  8.28396e+18  2.48707e+03  2.01529e+06  1.19464e-19  0.00000e+00  0.00000e+00  5.72232e-07
0393  8.30237e+18  2.48645e+03  2.01409e+06  1.18452e-19  0.00000e+00  0.00000e+00  5.69696e-07
0394  8.32079e+18  2.48581e+03  2.01288e+06  1.17450e-19  0.00000e+00  0.00000e+00  5.67177e-07
0395  8.33920e+18  2.48518e+03  2.01165e+06  1.16460e-19  0.00000e+00  0.00000e+00  5.64675e-07
0396  8.35762e+18  2.48454e+03  2.01042e+06  1.15480e-19  0.00000e+00  0.00000e+00  5.62189e-07
0397  8.37603e+18  2.48390e+03  2.00918e+06  1.14511e-19  0.00000e+00  0.00000e+00  5.59720e-07
0398  8.39445e+18  2.48325e+03  2.00792e+06  1.13553e-19  0.00000e+00  0.00000e+00  5.57267e-07
0399  8.41287e+18  2.48261e+03  2.00665e+06  1.12605e-19  0.00000e+00  0.00000e+00  5.54830e-07
0400  8.43128e+18  2.48197e+03  2.00538e+06  1.11667e-19  0.00000e+00  0.00000e+00  5.52409e-07
0401  8.44970e+18  2.48132e+03  2.00409e+06  1.10739e-19  0.00000e+00  0.00000e+00  5.50003e-07
0402  8.46811e+18  2.48066e+03  2.00280e+06  1.09822e-19  0.00000e+00  0.00000e+00  5.47614e-07
0403  8.48653e+18  2.48000e+03  2.00150e+06  1.08915e-19  0.00000e+00  0.00000e+00  5.45240e-07
0404  8.50494e+18  2.47934e+03  2.00020e+06  1.08017e-19  0.00000e+00  0.00000e+00  5.42881e-07
0405  8.52336e+18  2.47866e+03  1.99889e+06  1.07130e-19  0.00000e+00  0.00000e+00  5.40538e-07
0406  8.54177e+18  2.47796e+03  1.99759e+06  1.06252e-19  0.00000e+00  0.00000e+00  5.38209e-07
0407  8.56019e+18  2.47725e+03  1.99628e+06  1.05384e-19  0.00000e+00  0.00000e+00  5.35896e-07
0408  8.57861e+18  2.47651e+03  1.99498e+06  1.04525e-19  0.00000e+00  0.00000e+00  5.33598e-07
0409  8.59702e+18  2.47575e+03  1.99369e+06  1.03677e-19  0.00000e+00  0.00000e+00  5.31314e-07
0410  8.61544e+18  2.47496e+03  1.99241e+06  1.02838e-19  0.00000e+00  0.00000e+00  5.29045e-07
0411  8.63385e+18  2.47414e+03  1.99114e+06  1.02008e-19  0.00000e+00  0.00000e+00  5.26791e-07
0412  8.65227e+18  2.47329e+03  1.98988e+06  1.01188e-19  0.00000e+00  0.00000e+00  5.24551e-07
0413  8.67068e+18  2.47240e+03  1.98864e+06  1.00377e-19  0.00000e+00  0.00000e+00  5.22325e-07
0414  8.68910e+18  2.47148e+03  1.98741e+06  9.95759e-20  0.00000e+00  0.00000e+00  5.20113e-07
0415  8.70751e+18  2.47052e+03  1.98621e+06  9.87835e-20  0.00000e+00  0.00000e+00  5.17916e-07
0416  8.72593e+18  2.46953e+03  1.98501e+06  9.80001e-20  0.00000e+00  0.00000e+00  5.15732e-07
0417  8.74435e+18  2.46850e+03  1.98383e+06  9.72254e-20  0.00000e+00  0.00000e+00  5.13562e-07
0418  8.76276e+18  2.46744e+03  1.98267e+06  9.64595e-20  0.00000e+00  0.00000e+00  5.11406e-07
0419  8.78118e+18  2.46636e+03  1.98152e+06  9.57019e-20  0.00000e+00  0.00000e+00  5.09263e-07
0420  8.79959e+18  2.46524e+03  1.98038e+06  9.49526e-20  0.00000e+00  0.00000e+00  5.07134e-07
0421  8.81801e+18  2.46411e+03  1.97926e+06  9.42115e-20  0.00000e+00  0.00000e+00  5.05018e-07
0422  8.83642e+18  2.46295e+03  1.97814e+06  9.34782e-20  0.00000e+00  0.00000e+00  5.02915e-07
0423  8.85484e+18  2.46178e+03  1.97703e+06  9.27527e-20  0.00000e+00  0.00000e+00  5.00825e-07
0424  8.87326e+18  2.46058e+03  1.97594e+06  9.20348e-20  0.00000e+00  0.00000e+00  4.98749e-07
0425  8.89167e+18  2.45938e+03  1.97485e+06  9.13243e-20  0.00000e+00  0.00000e+00  4.96685e-07
0426  8.91009e+18  2.45816e+03  1.97377e+06  9.06212e-20  0.00000e+00  0.00000e+00  4.94634e-07
0427  8.92850e+18  2.45693e+03  1.97269e+06  8.99253e-20  0.00000e+00  0.00000e+00  4.92595e-07
0428  8.94692e+18  2.45568e+03  1.97163e+06  8.92366e-20  0.00000e+00  0.00000e+00  4.90570e-07
0429  8.96533e+18  2.45443e+03  1.97057e+06  8.85549e-20  0.00000e+00  0.00000e+00  4.88556e-07
0430  8.98375e+18  2.45315e+03  1.96951e+06  8.78803e-20  0.00000e+00  0.00000e+00  4.86555e-07
0431  9.00216e+18  2.45186e+03  1.96846e+06  8.72127e-20  0.00000e+00  0.00000e+00  4.84567e-07
0432  9.02058e+18  2.45055e+03  1.96742e+06  8.65522e-20  0.00000e+00  0.00000e+00  4.82590e-07
0433  9.03900e+18  2.44922e+03  1.96637e+06  8.58988e-20  0.00000e+00  0.00000e+00  4.80626e-07
0434  9.05741e+18  2.44786e+03  1.96533e+06  8.52524e-20  0.00000e+00  0.00000e+00  4.78674e-07
0435  9.07583e+18  2.44647e+03  1.96428e+06  8.46131e-20  0.00000e+00  0.00000e+00  4.76733e-07
0436  9.09424e+18  2.44505e+03  1.96323e+06  8.39809e-20  0.00000e+00  0.00000e+00  4.74804e-07
0437  9.11266e+18  2.44360e+03  1.96216e+06  8.33557e-20  0.00000e+00  0.00000e+00  4.72887e-07
0438  9.13107e+18  2.44212e+03  1.96110e+06  8.27376e-20  0.00000e+00  0.00000e+00  4.70982e-07
0439  9.14949e+18  2.44060e+03  1.96001e+06  8.21264e-20  0.00000e+00  0.00000e+00  4.69088e-07
0440  9.16790e+18  2.43904e+03  1.95892e+06  8.15221e-20  0.00000e+00  0.00000e+00  4.67205e-07
0441  9.18632e+18  2.43745e+03  1.95782e+06  8.09246e-20  0.00000e+00  0.00000e+00  4.65334e-07
0442  9.20474e+18  2.43583e+03  1.95670e+06  8.03339e-20  0.00000e+00  0.00000e+00  4.63474e-07
0443  9.22315e+18  2.43417e+03  1.95556e+06  7.97497e-20  0.00000e+00  0.00000e+00  4.61625e-07
0444  9.24157e+18  2.43248e+03  1.95441e+06  7.91721e-20  0.00000e+00  0.00000e+00  4.59787e-07
0445  9.25998e+18  2.43076e+03  1.95325e+06  7.86009e-20  0.00000e+00  0.00000e+00  4.57960e-07
0446  9.27840e+18  2.42901e+03  1.95207e+06  7.80360e-20  0.00000e+00  0.00000e+00  4.56144e-07
0447  9.29681e+18  2.42722e+03  1.95087e+06  7.74774e-20  0.00000e+00  0.00000e+00  4.54338e-07
0448  9.31523e+18  2.42541e+03  1.94966e+06  7.69248e-20  0.00000e+00  0.00000e+00  4.52544e-07
0449  9.33364e+18  2.42357e+03  1.94843e+06  7.63782e-20  0.00000e+00  0.00000e+00  4.50760e-07
0450  9.35206e+18  2.42170e+03  1.94719e+06  7.58375e-20  0.00000e+00  0.00000e+00  4.48986e-07
0451  9.37048e+18  2.41981e+03  1.94593e+06  7.53025e-20  0.00000e+00  0.00000e+00  4.47223e-07
0452  9.38889e+18  2.41790e+03  1.94465e+06  7.47732e-20  0.00000e+00  0.00000e+00  4.45470e-07
0453  9.40731e+18  2.41597e+03  1.94337e+06  7.42492e-20  0.00000e+00  0.00000e+00  4.43728e-07
0454  9.42572e+18  2.41402e+03  1.94207e+06  7.37306e-20  0.00000e+00  0.00000e+00  4.41996e-07
0455  9.44414e+18  2.41205e+03  1.94077e+06  7.32172e-20  0.00000e+00  0.00000e+00  4.40274e-07
0456  9.46255e+18  2.41008e+03  1.93945e+06  7.27087e-20  0.00000e+00  0.00000e+00  4.38562e-07
0457  9.48097e+18  2.40811e+03  1.93813e+06  7.22050e-20  0.00000e+00  0.00000e+00  4.36860e-07
0458  9.49939e+18  2.40613e+03  1.93680e+06  7.17060e-20  0.00000e+00  0.00000e+00  4.35168e-07
0459  9.51780e+18  2.40415e+03  1.93548e+06  7.12114e-20  0.00000e+00  0.00000e+00  4.33485e-07
0460  9.53622e+18  2.40219e+03  1.93415e+06  7.07212e-20  0.00000e+00  0.00000e+00  4.31813e-07
0461  9.55463e+18  2.40023e+03  1.93282e+06  7.02351e-20  0.00000e+00  0.00000e+00  4.30150e-07
0462  9.57305e+18  2.39829e+03  1.93149e+06  6.97530e-20  0.00000e+00  0.00000e+00  4.28496e-07
0463  9.59146e+18  2.39636e+03  1.93017e+06  6.92748e-20  0.00000e+00  0.00000e+00  4.26853e-07
0464  9.60988e+18  2.39446e+03  1.92885e+06  6.88004e-20  0.00000e+00  0.00000e+00  4.25218e-07
0465  9.62829e+18  2.39258e+03  1.92754e+06  6.83297e-20  0.00000e+00  0.00000e+00  4.23593e-07
0466  9.64671e+18  2.39072e+03  1.92623e+06  6.78627e-20  0.00000e+00  0.00000e+00  4.21977e-07
0467  9.66513e+18  2.38889e+03  1.92493e+06  6.73992e-20  0.00000e+00  0.00000e+00  4.20371e-07
0468  9.68354e+18  2.38708e+03  1.92364e+06  6.69393e-20  0.00000e+00  0.00000e+00  4.18773e-07
0469  9.70196e+18  2.38529e+03  1.92236e+06  6.64829e-20  0.00000e+00  0.00000e+00  4.17185e-07
0470  9.72037e+18  2.38353e+03  1.92110e+06  6.60299e-20  0.00000e+00  0.00000e+00  4.15606e-07
0471  9.73879e+18  2.38178e+03  1.91985e+06  6.55804e-20  0.00000e+00  0.00000e+00  4.14036e-07
0472  9.75720e+18  2.38005e+03  1.91863e+06  6.51342e-20  0.00000e+00  0.00000e+00  4.12474e-07
0473  9.77562e+18  2.37835e+03  1.91743e+06  6.46914e-20  0.00000e+00  0.00000e+00  4.10922e-07
0474  9.79403e+18  2.37666e+03  1.91626e+06  6.42518e-20  0.00000e+00  0.00000e+00  4.09378e-07
0475  9.81245e+18  2.37499e+03  1.91511e+06  6.38155e-20  0.00000e+00  0.00000e+00  4.07843e-07
0476  9.83087e+18  2.37335e+03  1.91400e+06  6.33822e-20  0.00000e+00  0.00000e+00  4.06316e-07
0477  9.84928e+18  2.37172e+03  1.91292e+06  6.29521e-20  0.00000e+00  0.00000e+00  4.04798e-07
0478  9.86770e+18  2.37013e+03  1.91187e+06  6.25249e-20  0.00000e+00  0.00000e+00  4.03289e-07
0479  9.88611e+18  2.36856e+03  1.91085e+06  6.21006e-20  0.00000e+00  0.00000e+00  4.01788e-07
0480  9.90453e+18  2.36701e+03  1.90987e+06  6.16792e-20  0.00000e+00  0.00000e+00  4.00295e-07
0481  9.92294e+18  2.36550e+03  1.90892e+06  6.12607e-20  0.00000e+00  0.00000e+00  3.98810e-07
0482  9.94136e+18  2.36402e+03  1.90801e+06  6.08449e-20  0.00000e+00  0.00000e+00  3.97334e-07
0483  9.95977e+18  2.36256e+03  1.90713e+06  6.04320e-20  0.00000e+00  0.00000e+00  3.95866e-07
0484  9.97819e+18  2.36113e+03  1.90628e+06  6.00218e-20  0.00000e+00  0.00000e+00  3.94406e-07
0485  9.99661e+18  2.35972e+03  1.90547e+06  5.96145e-20  0.00000e+00  0.00000e+00  3.92955e-07
0486  1.00150e+19  2.35834e+03  1.90469e+06  5.92101e-20  0.00000e+00  0.00000e+00  3.91511e-07
0487  1.00334e+19  2.35696e+03  1.90395e+06  5.88087e-20  0.00000e+00  0.00000e+00  3.90075e-07
0488  1.00519e+19  2.35560e+03  1.90324e+06  5.84102e-20  0.00000e+00  0.00000e+00  3.88647e-07
0489  1.00703e+19  2.35424e+03  1.90256e+06  5.80149e-20  0.00000e+00  0.00000e+00  3.87227e-07
0490  1.00887e+19  2.35289e+03  1.90192e+06  5.76227e-20  0.00000e+00  0.00000e+00  3.85814e-07
0491  1.01071e+19  2.35154e+03  1.90130e+06  5.72336e-20  0.00000e+00  0.00000e+00  3.84410e-07
0492  1.01255e+19  2.35018e+03  1.90070e+06  5.68479e-20  0.00000e+00  0.00000e+00  3.83013e-07
0493  1.01439e+19  2.34881e+03  1.90012e+06  5.64654e-20  0.00000e+00  0.00000e+00  3.81623e-07
0494  1.01623e+19  2.34744e+03  1.89956e+06  5.60862e-20  0.00000e+00  0.00000e+00  3.80242e-07
0495  1.01808e+19  2.34606e+03  1.89901e+06  5.57103e-20  0.00000e+00  0.00000e+00  3.78867e-07
0496  1.01992e+19  2.34468e+03  1.89846e+06  5.53377e-20  0.00000e+00  0.00000e+00  3.77500e-07
0497  1.02176e+19  2.34328e+03  1.89792e+06  5.49685e-20  0.00000e+00  0.00000e+00  3.76141e-07
0498  1.02360e+19  2.34188e+03  1.89737e+06  5.46026e-20  0.00000e+00  0.00000e+00  3.74789e-07
0499  1.02544e+19  2.34046e+03  1.89682e+06  5.42400e-20  0.00000e+00  0.00000e+00  3.73444e-07
0500  1.02728e+19  2.33904e+03  1.89626e+06  5.38807e-20  0.00000e+00  0.00000e+00  3.72106e-07
0501  1.02913e+19  2.33761e+03  1.89569e+06  5.35247e-20  0.00000e+00  0.00000e+00  3.70775e-07
0502  1.03097e+19  2.33618e+03  1.89512e+06  5.31719e-20  0.00000e+00  0.00000e+00  3.69452e-07
0503  1.03281e+19  2.33474e+03  1.89453e+06  5.28222e-20  0.00000e+00  0.00000e+00  3.68136e-07
0504  1.03465e+19  2.33329e+03  1.89393e+06  5.24757e-20  0.00000e+00  0.00000e+00  3.66826e-07
0505  1.03649e+19  2.33185e+03  1.89333e+06  5.21321e-20  0.00000e+00  0.00000e+00  3.65524e-07
0506  1.03833e+19  2.33040e+03  1.89272e+06  5.17914e-20  0.00000e+00  0.00000e+00  3.64229e-07
0507  1.04017e+19  2.32897e+03  1.89211e+06  5.14534e-20  0.00000e+00  0.00000e+00  3.62940e-07
0508  1.04202e+19  2.32755e+03  1.89150e+06  5.11181e-20  0.00000e+00  0.00000e+00  3.61658e-07
0509  1.04386e+19  2.32615e+03  1.89088e+06  5.07853e-20  0.00000e+00  0.00000e+00  3.60383e-07
0510  1.04570e+19  2.32478e+03  1.89028e+06  5.04548e-20  0.00000e+00  0.00000e+00  3.59115e-07
0511  1.04754e+19  2.32343e+03  1.88968e+06  5.01265e-20  0.00000e+00  0.00000e+00  3.57854e-07
0512  1.04938e+19  2.32213e+03  1.88909e+06  4.98003e-20  0.00000e+00  0.00000e+00  3.56599e-07
0513  1.05122e+19  2.32088e+03  1.88852e+06  4.94758e-20  0.00000e+00  0.00000e+00  3.55350e-07
0514  1.05307e+19  2.31970e+03  1.88799e+06  4.91526e-20  0.00000e+00  0.00000e+00  3.54109e-07
0515  1.05491e+19  2.31863e+03  1.88753e+06  4.88300e-20  0.00000e+00  0.00000e+00  3.52873e-07
0516  1.05675e+19  2.31773e+03  1.88720e+06  4.85065e-20  0.00000e+00  0.00000e+00  3.51645e-07
0517  1.05859e+19  2.31713e+03  1.88708e+06  4.81798e-20  0.00000e+00  0.00000e+00  3.50422e-07
0518  1.06043e+19  2.31698e+03  1.88732e+06  4.78465e-20  0.00000e+00  0.00000e+00  3.49206e-07
0519  1.06227e+19  2.31750e+03  1.88809e+06  4.75023e-20  0.00000e+00  0.00000e+00  3.47996e-07
0520  1.06412e+19  2.31892e+03  1.88959e+06  4.71427e-20  0.00000e+00  0.00000e+00  3.46793e-07
0521  1.06596e+19  2.32128e+03  1.89186e+06  4.67671e-20  0.00000e+00  0.00000e+00  3.45596e-07
0522  1.06780e+19  2.32393e+03  1.89435e+06  4.63894e-20  0.00000e+00  0.00000e+00  3.44405e-07
0523  1.06964e+19  2.32449e+03  1.89513e+06  4.60573e-20  0.00000e+00  0.00000e+00  3.43220e-07
0524  1.07148e+19  2.32014e+03  1.89191e+06  4.58259e-20  0.00000e+00  0.00000e+00  3.42041e-07
0525  1.07332e+19  2.31252e+03  1.88597e+06  4.56617e-20  0.00000e+00  0.00000e+00  3.40868e-07
0526  1.07516e+19  2.30437e+03  1.87958e+06  4.55091e-20  0.00000e+00  0.00000e+00  3.39702e-07
0527  1.07701e+19  2.29538e+03  1.87247e+06  4.53741e-20  0.00000e+00  0.00000e+00  3.38541e-07
0528  1.07885e+19  2.28462e+03  1.86387e+06  4.52754e-20  0.00000e+00  0.00000e+00  3.37386e-07
0529  1.08069e+19  2.27085e+03  1.85277e+06  4.52366e-20  0.00000e+00  0.00000e+00  3.36237e-07
0530  1.08253e+19  2.25259e+03  1.83795e+06  4.51766e-20  0.00000e+00  0.00000e+00  3.35094e-07
0531  1.08437e+19  2.22810e+03  1.81798e+06  4.53597e-20  0.00000e+00  0.00000e+00  3.33957e-07
0532  1.08621e+19  2.19547e+03  1.79128e+06  4.57082e-20  0.00000e+00  0.00000e+00  3.32826e-07
0533  1.08806e+19  2.15278e+03  1.75626e+06  4.63010e-20  0.00000e+00  0.00000e+00  3.31700e-07
0534  1.08990e+19  2.09828e+03  1.71149e+06  4.72210e-20  0.00000e+00  0.00000e+00  3.30580e-07
0535  1.09174e+19  2.03083e+03  1.65600e+06  4.84631e-20  0.00000e+00  0.00000e+00  3.29466e-07
0536  1.09358e+19  1.95024e+03  1.58961e+06  5.00476e-20  0.00000e+00  0.00000e+00  3.28357e-07
0537  1.09542e+19  1.85763e+03  1.51323e+06  5.20610e-20  0.00000e+00  0.00000e+00  3.27254e-07
0538  1.09726e+19  1.75548e+03  1.42888e+06  5.49212e-20  0.00000e+00  0.00000e+00  3.26156e-07
0539  1.09910e+19  1.64738e+03  1.33948e+06  5.85935e-20  0.00000e+00  0.00000e+00  3.25064e-07
0540  1.10095e+19  1.53751e+03  1.24845e+06  6.32837e-20  0.00000e+00  0.00000e+00  3.23978e-07
0541  1.10279e+19  1.43006e+03  1.15921e+06  6.87496e-20  0.00000e+00  0.00000e+00  3.22897e-07
0542  1.10463e+19  1.32873e+03  1.07479e+06  7.51446e-20  0.00000e+00  0.00000e+00  3.21821e-07
0543  1.10647e+19  1.23667e+03  9.97761e+05  8.21123e-20  0.00000e+00  0.00000e+00  3.20751e-07
0544  1.10831e+19  1.15687e+03  9.30581e+05  9.13047e-20  0.00000e+00  0.00000e+00  3.19686e-07
0545  1.11015e+19  1.09348e+03  8.76544e+05  1.00082e-19  0.00000e+00  0.00000e+00  3.18626e-07
0546  1.11200e+19  1.05197e+03  8.40011e+05  1.06484e-19  0.00000e+00  0.00000e+00  3.17571e-07
0547  1.11384e+19  1.03341e+03  8.21774e+05  1.09492e-19  0.00000e+00  0.00000e+00  3.16522e-07
0548  1.11568e+19  1.02763e+03  8.13683e+05  1.10385e-19  0.00000e+00  0.00000e+00  3.15478e-07
0549  1.11752e+19  1.02423e+03  8.07505e+05  1.10834e-19  0.00000e+00  0.00000e+00  3.14439e-07
0550  1.11936e+19  1.02109e+03  8.01551e+05  1.11238e-19  0.00000e+00  0.00000e+00  3.13405e-07
0551  1.12120e+19  1.01845e+03  7.95991e+05  1.11552e-19  0.00000e+00  0.00000e+00  3.12377e-07
0552  1.12305e+19  1.01650e+03  7.91021e+05  1.11730e-19  0.00000e+00  0.00000e+00  3.11353e-07
0553  1.12489e+19  1.01548e+03  7.86586e+05  1.11759e-19  0.00000e+00  0.00000e+00  3.10335e-07
0554  1.12673e+19  1.01495e+03  7.83249e+05  1.11584e-19  0.00000e+00  0.00000e+00  3.09321e-07
0555  1.12857e+19  1.01850e+03  7.79009e+05  1.11239e-19  0.00000e+00  0.00000e+00  3.08312e-07
