# Athena++ data at time=1.030000e+13  cycle=690204684  variables=prim 
# i       x1v         rho          press          vel1         vel2         vel3     
0002  1.13875e+18  2.14917e-18  8.97288e-06 -4.09800e+05  1.46607e-09  0.00000e+00
0003  1.15716e+18  9.91565e-19  5.45956e-06  2.43594e+05  7.93074e-03  0.00000e+00
0004  1.17558e+18  6.41286e-19  4.33775e-06  3.11370e+05  1.74215e-02  0.00000e+00
0005  1.19399e+18  4.31072e-19  3.63779e-06  4.31074e+05  2.60041e-02  0.00000e+00
0006  1.21241e+18  2.83179e-19  3.17893e-06  6.30627e+05  3.34733e-02  0.00000e+00
0007  1.23082e+18  1.70276e-19  2.89032e-06  9.60056e+05  4.01730e-02  0.00000e+00
0008  1.24924e+18  1.39930e-19  2.63488e-06  1.18967e+06  4.61857e-02  0.00000e+00
0009  1.26765e+18  1.25873e-19  2.48276e-06  1.25753e+06  5.17674e-02  0.00000e+00
0010  1.28607e+18  1.14905e-19  2.34262e-06  1.33327e+06  5.69943e-02  0.00000e+00
0011  1.30448e+18  1.06792e-19  2.21649e-06  1.39560e+06  6.19065e-02  0.00000e+00
0012  1.32290e+18  9.98068e-20  2.10580e-06  1.44948e+06  6.65447e-02  0.00000e+00
0013  1.34131e+18  9.33614e-20  2.00320e-06  1.50695e+06  7.09317e-02  0.00000e+00
0014  1.35973e+18  8.75135e-20  1.90930e-06  1.56415e+06  7.50887e-02  0.00000e+00
0015  1.37814e+18  8.24346e-20  1.82298e-06  1.61716e+06  7.90338e-02  0.00000e+00
0016  1.39656e+18  7.78875e-20  1.74446e-06  1.66616e+06  8.27865e-02  0.00000e+00
0017  1.41497e+18  7.36956e-20  1.67178e-06  1.71497e+06  8.63614e-02  0.00000e+00
0018  1.43339e+18  6.98516e-20  1.60473e-06  1.76261e+06  8.97739e-02  0.00000e+00
0019  1.45180e+18  6.67281e-20  1.54164e-06  1.80138e+06  9.30317e-02  0.00000e+00
0020  1.47022e+18  6.35916e-20  1.48572e-06  1.83968e+06  9.61544e-02  0.00000e+00
0021  1.48863e+18  6.04282e-20  1.43088e-06  1.88849e+06  9.91465e-02  0.00000e+00
0022  1.50705e+18  5.78120e-20  1.37948e-06  1.92879e+06  1.02014e-01  0.00000e+00
0023  1.52546e+18  5.53940e-20  1.33367e-06  1.96277e+06  1.04771e-01  0.00000e+00
0024  1.54388e+18  5.30245e-20  1.28950e-06  2.00186e+06  1.07423e-01  0.00000e+00
0027  1.56229e+18  5.07857e-20  1.24795e-06  2.04132e+06  1.09978e-01  0.00000e+00
0028  1.58071e+18  4.86845e-20  1.20901e-06  2.08011e+06  1.12440e-01  0.00000e+00
0029  1.59912e+18  4.67009e-20  1.17240e-06  2.11878e+06  1.14816e-01  0.00000e+00
0030  1.61754e+18  4.48176e-20  1.13789e-06  2.15780e+06  1.17112e-01  0.00000e+00
0031  1.63595e+18  4.30203e-20  1.10530e-06  2.19756e+06  1.19332e-01  0.00000e+00
0032  1.65437e+18  4.12976e-20  1.07453e-06  2.23832e+06  1.21482e-01  0.00000e+00
0033  1.67278e+18  3.96614e-20  1.04551e-06  2.27920e+06  1.23565e-01  0.00000e+00
0034  1.69120e+18  3.82032e-20  1.01821e-06  2.31567e+06  1.25586e-01  0.00000e+00
0035  1.70961e+18  3.69267e-20  9.93097e-07  2.34445e+06  1.27551e-01  0.00000e+00
0036  1.72803e+18  3.57836e-20  9.69619e-07  2.36822e+06  1.29464e-01  0.00000e+00
0037  1.74644e+18  3.46919e-20  9.47551e-07  2.39105e+06  1.31331e-01  0.00000e+00
0038  1.76486e+18  3.36110e-20  9.26263e-07  2.41657e+06  1.33152e-01  0.00000e+00
0039  1.78328e+18  3.25460e-20  9.05790e-07  2.44436e+06  1.34930e-01  0.00000e+00
0040  1.80169e+18  3.15068e-20  8.86181e-07  2.47368e+06  1.36668e-01  0.00000e+00
0041  1.82011e+18  3.04972e-20  8.67446e-07  2.50418e+06  1.38366e-01  0.00000e+00
0042  1.83852e+18  2.95206e-20  8.49599e-07  2.53550e+06  1.40027e-01  0.00000e+00
0043  1.85694e+18  2.86812e-20  8.32726e-07  2.56330e+06  1.41652e-01  0.00000e+00
0044  1.87535e+18  2.79642e-20  8.16504e-07  2.57648e+06  1.43257e-01  0.00000e+00
0045  1.89377e+18  2.67391e-20  8.02719e-07  2.59365e+06  1.44887e-01  0.00000e+00
0046  1.91218e+18  2.50681e-20  7.89677e-07  2.65642e+06  1.46453e-01  0.00000e+00
0047  1.93060e+18  2.51442e-20  7.75653e-07  2.73931e+06  1.47818e-01  0.00000e+00
0048  1.94901e+18  2.54902e-20  7.57149e-07  2.74304e+06  1.49080e-01  0.00000e+00
0049  1.96743e+18  2.49896e-20  7.43220e-07  2.71348e+06  1.50525e-01  0.00000e+00
0050  1.98584e+18  2.31812e-20  7.33032e-07  2.71528e+06  1.52337e-01  0.00000e+00
0051  2.00426e+18  2.49193e-20  7.17421e-07  2.56820e+06  1.54177e-01  0.00000e+00
0052  2.02267e+18  2.80655e-20  7.23244e-07  2.28927e+06  1.55459e-01  0.00000e+00
0053  2.04109e+18  2.84027e-20  7.17174e-07  2.22160e+06  1.56337e-01  0.00000e+00
0054  2.05951e+18  2.81330e-20  7.06578e-07  2.23780e+06  1.57265e-01  0.00000e+00
0055  2.07792e+18  2.76193e-20  6.93891e-07  2.27200e+06  1.58491e-01  0.00000e+00
0056  2.09634e+18  2.70855e-20  6.81255e-07  2.30894e+06  1.59976e-01  0.00000e+00
0057  2.11475e+18  2.65722e-20  6.69005e-07  2.34630e+06  1.61450e-01  0.00000e+00
0058  2.13317e+18  2.60451e-20  6.56810e-07  2.38547e+06  1.62732e-01  0.00000e+00
0059  2.15158e+18  2.54791e-20  6.44447e-07  2.42383e+06  1.63872e-01  0.00000e+00
0060  2.17000e+18  2.48605e-20  6.31817e-07  2.45620e+06  1.65007e-01  0.00000e+00
0061  2.18841e+18  2.41932e-20  6.19002e-07  2.47819e+06  1.66214e-01  0.00000e+00
0062  2.20683e+18  2.35115e-20  6.06353e-07  2.48896e+06  1.67455e-01  0.00000e+00
0063  2.22524e+18  2.28750e-20  5.94365e-07  2.49158e+06  1.68635e-01  0.00000e+00
0064  2.24366e+18  2.23435e-20  5.83441e-07  2.49092e+06  1.69702e-01  0.00000e+00
0065  2.26207e+18  2.19397e-20  5.73666e-07  2.49083e+06  1.70687e-01  0.00000e+00
0066  2.28049e+18  2.16348e-20  5.64775e-07  2.49381e+06  1.71653e-01  0.00000e+00
0067  2.29891e+18  2.13771e-20  5.56402e-07  2.50238e+06  1.72648e-01  0.00000e+00
0068  2.31732e+18  2.11210e-20  5.48202e-07  2.51854e+06  1.73672e-01  0.00000e+00
0069  2.33574e+18  2.08348e-20  5.39906e-07  2.54406e+06  1.74672e-01  0.00000e+00
0070  2.35415e+18  2.04918e-20  5.31315e-07  2.57803e+06  1.75587e-01  0.00000e+00
0071  2.37257e+18  2.03295e-20  5.24469e-07  2.61296e+06  1.76512e-01  0.00000e+00
0072  2.39098e+18  1.99257e-20  5.15597e-07  2.60761e+06  1.77892e-01  0.00000e+00
0073  2.40940e+18  1.52703e-20  4.97449e-07  2.69220e+06  1.80462e-01  0.00000e+00
0074  2.42781e+18  7.52464e-21  5.17129e-07  3.38286e+06  1.84548e-01  0.00000e+00
0075  2.44623e+18  4.39206e-21  4.75782e-07  4.82638e+06  1.89775e-01  0.00000e+00
0076  2.46464e+18  3.41560e-21  4.67493e-07  5.44460e+06  1.95671e-01  0.00000e+00
0077  2.48306e+18  2.94436e-21  4.62041e-07  5.83710e+06  2.01938e-01  0.00000e+00
0078  2.50147e+18  2.64931e-21  4.57236e-07  6.14786e+06  2.08399e-01  0.00000e+00
0079  2.51989e+18  2.43765e-21  4.52997e-07  6.41195e+06  2.14970e-01  0.00000e+00
0080  2.53831e+18  2.26903e-21  4.49216e-07  6.64548e+06  2.21623e-01  0.00000e+00
0081  2.55672e+18  2.12640e-21  4.45854e-07  6.86226e+06  2.28355e-01  0.00000e+00
0082  2.57514e+18  2.00275e-21  4.42640e-07  7.06806e+06  2.35174e-01  0.00000e+00
0083  2.59355e+18  1.89288e-21  4.39662e-07  7.26489e+06  2.42104e-01  0.00000e+00
0084  2.61197e+18  1.79427e-21  4.36865e-07  7.45634e+06  2.49170e-01  0.00000e+00
0085  2.63038e+18  1.70497e-21  4.34285e-07  7.64291e+06  2.56404e-01  0.00000e+00
0086  2.64880e+18  1.62346e-21  4.31887e-07  7.82456e+06  2.63835e-01  0.00000e+00
0087  2.66721e+18  1.54877e-21  4.29647e-07  7.99854e+06  2.71493e-01  0.00000e+00
0088  2.68563e+18  1.47962e-21  4.27563e-07  8.16299e+06  2.79403e-01  0.00000e+00
0089  2.70404e+18  1.41528e-21  4.25573e-07  8.31767e+06  2.87585e-01  0.00000e+00
0090  2.72246e+18  1.35539e-21  4.23667e-07  8.46147e+06  2.96050e-01  0.00000e+00
0091  2.74088e+18  1.29970e-21  4.21839e-07  8.59442e+06  3.04803e-01  0.00000e+00
0092  2.75929e+18  1.24807e-21  4.20116e-07  8.71639e+06  3.13839e-01  0.00000e+00
0093  2.77771e+18  1.20029e-21  4.18492e-07  8.82873e+06  3.23145e-01  0.00000e+00
0094  2.79612e+18  1.15607e-21  4.16900e-07  8.93449e+06  3.32701e-01  0.00000e+00
0095  2.81454e+18  1.11522e-21  4.15331e-07  9.03460e+06  3.42480e-01  0.00000e+00
0096  2.83295e+18  1.07766e-21  4.13875e-07  9.12646e+06  3.52461e-01  0.00000e+00
0097  2.85137e+18  1.04317e-21  4.12550e-07  9.21009e+06  3.62625e-01  0.00000e+00
0098  2.86978e+18  1.01122e-21  4.11197e-07  9.29240e+06  3.72963e-01  0.00000e+00
0099  2.88820e+18  9.81478e-22  4.09760e-07  9.37680e+06  3.83475e-01  0.00000e+00
0100  2.90661e+18  9.54094e-22  4.08540e-07  9.45210e+06  3.94176e-01  0.00000e+00
0101  2.92503e+18  9.29032e-22  4.07711e-07  9.51192e+06  4.05099e-01  0.00000e+00
0102  2.94345e+18  9.05377e-22  4.06882e-07  9.57035e+06  4.16279e-01  0.00000e+00
0103  2.96186e+18  8.82074e-22  4.05572e-07  9.64704e+06  4.27812e-01  0.00000e+00
0104  2.98028e+18  8.60686e-22  4.04395e-07  9.71776e+06  4.39830e-01  0.00000e+00
0105  2.99869e+18  8.42245e-22  4.04016e-07  9.74533e+06  4.51967e-01  0.00000e+00
0106  3.01711e+18  8.17690e-22  4.04052e-07  9.75531e+06  4.64193e-01  0.00000e+00
0107  3.03552e+18  7.89218e-22  4.03251e-07  9.79842e+06  4.81665e-01  0.00000e+00
0108  3.05394e+18  7.89285e-22  4.00125e-07  9.92380e+06  5.03725e-01  0.00000e+00
0109  3.07235e+18  9.37706e-22  3.99773e-07  9.99317e+06  5.02840e-01  0.00000e+00
0110  3.09077e+18  3.15241e-21  4.06462e-07  9.75717e+06  4.50976e-01  0.00000e+00
0111  3.10918e+18  1.37950e-20  3.43296e-07  7.93029e+06  3.09856e-01  0.00000e+00
0112  3.12760e+18  1.76816e-20  3.74736e-07  6.68447e+06  2.04241e-01  0.00000e+00
0113  3.14602e+18  1.72073e-20  3.66902e-07  6.70909e+06  1.60398e-01  0.00000e+00
0114  3.16443e+18  1.62299e-20  3.53138e-07  6.80624e+06  1.53136e-01  0.00000e+00
0115  3.18285e+18  1.52974e-20  3.39539e-07  6.89996e+06  1.52900e-01  0.00000e+00
0116  3.20126e+18  1.45445e-20  3.28292e-07  6.96733e+06  1.53028e-01  0.00000e+00
0117  3.21968e+18  1.38966e-20  3.18533e-07  7.02916e+06  1.53551e-01  0.00000e+00
0118  3.23809e+18  1.33330e-20  3.08776e-07  7.08619e+06  1.54678e-01  0.00000e+00
0119  3.25651e+18  1.27990e-20  3.00833e-07  7.12858e+06  1.56415e-01  0.00000e+00
0120  3.27492e+18  1.22650e-20  2.92234e-07  7.17651e+06  1.58549e-01  0.00000e+00
0121  3.29334e+18  1.17405e-20  2.84233e-07  7.21512e+06  1.60759e-01  0.00000e+00
0122  3.31176e+18  1.12076e-20  2.76482e-07  7.25266e+06  1.62776e-01  0.00000e+00
0123  3.33017e+18  1.06791e-20  2.69208e-07  7.29599e+06  1.64500e-01  0.00000e+00
0124  3.34859e+18  1.01236e-20  2.62328e-07  7.34769e+06  1.66008e-01  0.00000e+00
0125  3.36700e+18  9.24951e-21  2.53948e-07  7.38718e+06  1.67467e-01  0.00000e+00
0126  3.38542e+18  7.35925e-21  2.51763e-07  7.54031e+06  1.68976e-01  0.00000e+00
0127  3.40383e+18  4.67297e-21  2.41841e-07  8.48009e+06  1.70498e-01  0.00000e+00
0128  3.42225e+18  3.01463e-21  2.19980e-07  9.88055e+06  1.72066e-01  0.00000e+00
0129  3.44066e+18  2.27762e-21  2.07215e-07  1.08627e+07  1.73676e-01  0.00000e+00
0130  3.45908e+18  1.90672e-21  1.98827e-07  1.15728e+07  1.75300e-01  0.00000e+00
0131  3.47749e+18  1.68240e-21  1.92342e-07  1.21380e+07  1.76915e-01  0.00000e+00
0132  3.49591e+18  1.52536e-21  1.86805e-07  1.26237e+07  1.78514e-01  0.00000e+00
0133  3.51433e+18  1.40561e-21  1.81873e-07  1.30557e+07  1.80093e-01  0.00000e+00
0134  3.53274e+18  1.30921e-21  1.77424e-07  1.34483e+07  1.81653e-01  0.00000e+00
0135  3.55116e+18  1.22875e-21  1.73350e-07  1.38120e+07  1.83193e-01  0.00000e+00
0136  3.56957e+18  1.15987e-21  1.69566e-07  1.41516e+07  1.84716e-01  0.00000e+00
0137  3.58799e+18  1.09932e-21  1.66031e-07  1.44745e+07  1.86223e-01  0.00000e+00
0138  3.60640e+18  1.04550e-21  1.62672e-07  1.47842e+07  1.87713e-01  0.00000e+00
0139  3.62482e+18  9.97301e-22  1.59496e-07  1.50803e+07  1.89188e-01  0.00000e+00
0140  3.64323e+18  9.53693e-22  1.56472e-07  1.53654e+07  1.90648e-01  0.00000e+00
0141  3.66165e+18  9.14013e-22  1.53589e-07  1.56405e+07  1.92093e-01  0.00000e+00
0142  3.68007e+18  8.77757e-22  1.50838e-07  1.59058e+07  1.93524e-01  0.00000e+00
0143  3.69848e+18  8.44501e-22  1.48213e-07  1.61617e+07  1.94942e-01  0.00000e+00
0144  3.71690e+18  8.13907e-22  1.45705e-07  1.64084e+07  1.96347e-01  0.00000e+00
0145  3.73531e+18  7.85660e-22  1.43308e-07  1.66461e+07  1.97740e-01  0.00000e+00
0146  3.75373e+18  7.59352e-22  1.41008e-07  1.68770e+07  1.99121e-01  0.00000e+00
0147  3.77214e+18  7.34689e-22  1.38784e-07  1.71028e+07  2.00491e-01  0.00000e+00
0148  3.79056e+18  7.11525e-22  1.36636e-07  1.73235e+07  2.01850e-01  0.00000e+00
0149  3.80897e+18  6.89749e-22  1.34562e-07  1.75391e+07  2.03197e-01  0.00000e+00
0150  3.82739e+18  6.69261e-22  1.32560e-07  1.77493e+07  2.04534e-01  0.00000e+00
0151  3.84581e+18  6.49971e-22  1.30629e-07  1.79540e+07  2.05860e-01  0.00000e+00
0152  3.86422e+18  6.31792e-22  1.28767e-07  1.81533e+07  2.07176e-01  0.00000e+00
0153  3.88264e+18  6.14644e-22  1.26972e-07  1.83471e+07  2.08482e-01  0.00000e+00
0154  3.90105e+18  5.98443e-22  1.25240e-07  1.85355e+07  2.09781e-01  0.00000e+00
0155  3.91947e+18  5.83101e-22  1.23568e-07  1.87189e+07  2.11075e-01  0.00000e+00
0156  3.93788e+18  5.68544e-22  1.21952e-07  1.88973e+07  2.12366e-01  0.00000e+00
0157  3.95630e+18  5.54703e-22  1.20391e-07  1.90710e+07  2.13658e-01  0.00000e+00
0158  3.97471e+18  5.41507e-22  1.18883e-07  1.92399e+07  2.14957e-01  0.00000e+00
0159  3.99313e+18  5.28902e-22  1.17427e-07  1.94038e+07  2.16268e-01  0.00000e+00
0160  4.01155e+18  5.16844e-22  1.16029e-07  1.95624e+07  2.17598e-01  0.00000e+00
0161  4.02996e+18  5.05268e-22  1.14680e-07  1.97160e+07  2.18952e-01  0.00000e+00
0162  4.04838e+18  4.94127e-22  1.13381e-07  1.98647e+07  2.20339e-01  0.00000e+00
0163  4.06679e+18  4.83381e-22  1.12129e-07  2.00085e+07  2.21762e-01  0.00000e+00
0164  4.08521e+18  4.72999e-22  1.10923e-07  2.01475e+07  2.23227e-01  0.00000e+00
0165  4.10362e+18  4.62957e-22  1.09761e-07  2.02816e+07  2.24735e-01  0.00000e+00
0166  4.12204e+18  4.53244e-22  1.08641e-07  2.04111e+07  2.26285e-01  0.00000e+00
0167  4.14045e+18  4.43865e-22  1.07560e-07  2.05359e+07  2.27872e-01  0.00000e+00
0168  4.15887e+18  4.34820e-22  1.06519e-07  2.06562e+07  2.29487e-01  0.00000e+00
0169  4.17728e+18  4.26107e-22  1.05511e-07  2.07728e+07  2.31117e-01  0.00000e+00
0170  4.19570e+18  4.17755e-22  1.04535e-07  2.08858e+07  2.32746e-01  0.00000e+00
0171  4.21412e+18  4.09780e-22  1.03590e-07  2.09952e+07  2.34352e-01  0.00000e+00
0172  4.23253e+18  4.02206e-22  1.02675e-07  2.11015e+07  2.35915e-01  0.00000e+00
0173  4.25095e+18  3.95067e-22  1.01789e-07  2.12043e+07  2.37413e-01  0.00000e+00
0174  4.26936e+18  3.88386e-22  1.00933e-07  2.13035e+07  2.38826e-01  0.00000e+00
0175  4.28778e+18  3.82163e-22  1.00107e-07  2.13992e+07  2.40141e-01  0.00000e+00
0176  4.30619e+18  3.76384e-22  9.93081e-08  2.14913e+07  2.41347e-01  0.00000e+00
0177  4.32461e+18  3.71019e-22  9.85361e-08  2.15801e+07  2.42445e-01  0.00000e+00
0178  4.34302e+18  3.66028e-22  9.77890e-08  2.16657e+07  2.43440e-01  0.00000e+00
0179  4.36144e+18  3.61360e-22  9.70648e-08  2.17484e+07  2.44342e-01  0.00000e+00
0180  4.37986e+18  3.56964e-22  9.63616e-08  2.18283e+07  2.45170e-01  0.00000e+00
0181  4.39827e+18  3.52787e-22  9.56777e-08  2.19056e+07  2.45940e-01  0.00000e+00
0182  4.41669e+18  3.48781e-22  9.50120e-08  2.19805e+07  2.46672e-01  0.00000e+00
0183  4.43510e+18  3.44907e-22  9.43637e-08  2.20531e+07  2.47385e-01  0.00000e+00
0184  4.45352e+18  3.41133e-22  9.37328e-08  2.21233e+07  2.48093e-01  0.00000e+00
0185  4.47193e+18  3.37435e-22  9.31195e-08  2.21911e+07  2.48811e-01  0.00000e+00
0186  4.49035e+18  3.33798e-22  9.25242e-08  2.22564e+07  2.49550e-01  0.00000e+00
0187  4.50876e+18  3.30215e-22  9.19474e-08  2.23190e+07  2.50316e-01  0.00000e+00
0188  4.52718e+18  3.26682e-22  9.13890e-08  2.23790e+07  2.51113e-01  0.00000e+00
0189  4.54560e+18  3.23201e-22  9.08487e-08  2.24364e+07  2.51944e-01  0.00000e+00
0190  4.56401e+18  3.19776e-22  9.03256e-08  2.24912e+07  2.52808e-01  0.00000e+00
0191  4.58243e+18  3.16412e-22  8.98183e-08  2.25437e+07  2.53700e-01  0.00000e+00
0192  4.60084e+18  3.13116e-22  8.93255e-08  2.25939e+07  2.54616e-01  0.00000e+00
0193  4.61926e+18  3.09894e-22  8.88457e-08  2.26422e+07  2.55550e-01  0.00000e+00
0194  4.63767e+18  3.06751e-22  8.83778e-08  2.26886e+07  2.56496e-01  0.00000e+00
0195  4.65609e+18  3.03692e-22  8.79214e-08  2.27332e+07  2.57450e-01  0.00000e+00
0196  4.67450e+18  3.00721e-22  8.74762e-08  2.27760e+07  2.58405e-01  0.00000e+00
0197  4.69292e+18  2.97841e-22  8.70425e-08  2.28170e+07  2.59359e-01  0.00000e+00
0198  4.71134e+18  2.95053e-22  8.66207e-08  2.28561e+07  2.60309e-01  0.00000e+00
0199  4.72975e+18  2.92355e-22  8.62110e-08  2.28932e+07  2.61253e-01  0.00000e+00
0200  4.74817e+18  2.89744e-22  8.58135e-08  2.29284e+07  2.62192e-01  0.00000e+00
0201  4.76658e+18  2.87217e-22  8.54281e-08  2.29616e+07  2.63126e-01  0.00000e+00
0202  4.78500e+18  2.84768e-22  8.50539e-08  2.29929e+07  2.64056e-01  0.00000e+00
0203  4.80341e+18  2.82390e-22  8.46900e-08  2.30225e+07  2.64984e-01  0.00000e+00
0204  4.82183e+18  2.80077e-22  8.43352e-08  2.30507e+07  2.65911e-01  0.00000e+00
0205  4.84024e+18  2.77824e-22  8.39883e-08  2.30774e+07  2.66839e-01  0.00000e+00
0206  4.85866e+18  2.75625e-22  8.36485e-08  2.31030e+07  2.67769e-01  0.00000e+00
0207  4.87708e+18  2.73476e-22  8.33151e-08  2.31275e+07  2.68702e-01  0.00000e+00
0208  4.89549e+18  2.71376e-22  8.29881e-08  2.31508e+07  2.69640e-01  0.00000e+00
0209  4.91391e+18  2.69323e-22  8.26677e-08  2.31730e+07  2.70582e-01  0.00000e+00
0210  4.93232e+18  2.67316e-22  8.23542e-08  2.31940e+07  2.71530e-01  0.00000e+00
0211  4.95074e+18  2.65356e-22  8.20479e-08  2.32137e+07  2.72483e-01  0.00000e+00
0212  4.96915e+18  2.63440e-22  8.17491e-08  2.32321e+07  2.73442e-01  0.00000e+00
0213  4.98757e+18  2.61569e-22  8.14577e-08  2.32492e+07  2.74406e-01  0.00000e+00
0214  5.00598e+18  2.59740e-22  8.11735e-08  2.32651e+07  2.75376e-01  0.00000e+00
0215  5.02440e+18  2.57952e-22  8.08959e-08  2.32797e+07  2.76353e-01  0.00000e+00
0216  5.04282e+18  2.56202e-22  8.06238e-08  2.32933e+07  2.77335e-01  0.00000e+00
0217  5.06123e+18  2.54488e-22  8.03567e-08  2.33060e+07  2.78324e-01  0.00000e+00
0218  5.07965e+18  2.52808e-22  8.00938e-08  2.33179e+07  2.79318e-01  0.00000e+00
0219  5.09806e+18  2.51159e-22  7.98346e-08  2.33291e+07  2.80320e-01  0.00000e+00
0220  5.11648e+18  2.49542e-22  7.95789e-08  2.33397e+07  2.81328e-01  0.00000e+00
0221  5.13489e+18  2.47954e-22  7.93268e-08  2.33495e+07  2.82344e-01  0.00000e+00
0222  5.15331e+18  2.46397e-22  7.90786e-08  2.33587e+07  2.83366e-01  0.00000e+00
0223  5.17172e+18  2.44869e-22  7.88345e-08  2.33670e+07  2.84396e-01  0.00000e+00
0224  5.19014e+18  2.43371e-22  7.85949e-08  2.33745e+07  2.85433e-01  0.00000e+00
0225  5.20856e+18  2.41903e-22  7.83598e-08  2.33812e+07  2.86478e-01  0.00000e+00
0226  5.22697e+18  2.40463e-22  7.81293e-08  2.33870e+07  2.87531e-01  0.00000e+00
0227  5.24539e+18  2.39051e-22  7.79031e-08  2.33919e+07  2.88591e-01  0.00000e+00
0228  5.26380e+18  2.37665e-22  7.76806e-08  2.33962e+07  2.89661e-01  0.00000e+00
0229  5.28222e+18  2.36303e-22  7.74610e-08  2.33998e+07  2.90738e-01  0.00000e+00
0230  5.30063e+18  2.34963e-22  7.72436e-08  2.34030e+07  2.91824e-01  0.00000e+00
0231  5.31905e+18  2.33642e-22  7.70275e-08  2.34059e+07  2.92919e-01  0.00000e+00
0232  5.33746e+18  2.32341e-22  7.68125e-08  2.34086e+07  2.94023e-01  0.00000e+00
0233  5.35588e+18  2.31057e-22  7.65984e-08  2.34110e+07  2.95136e-01  0.00000e+00
0234  5.37430e+18  2.29792e-22  7.63854e-08  2.34132e+07  2.96258e-01  0.00000e+00
0235  5.39271e+18  2.28545e-22  7.61740e-08  2.34151e+07  2.97389e-01  0.00000e+00
0236  5.41113e+18  2.27317e-22  7.59644e-08  2.34166e+07  2.98530e-01  0.00000e+00
0237  5.42954e+18  2.26109e-22  7.57577e-08  2.34176e+07  2.99680e-01  0.00000e+00
0238  5.44796e+18  2.24920e-22  7.55533e-08  2.34180e+07  3.00839e-01  0.00000e+00
0239  5.46637e+18  2.23751e-22  7.53520e-08  2.34176e+07  3.02007e-01  0.00000e+00
0240  5.48479e+18  2.22602e-22  7.51543e-08  2.34167e+07  3.03185e-01  0.00000e+00
0241  5.50320e+18  2.21473e-22  7.49599e-08  2.34151e+07  3.04372e-01  0.00000e+00
0242  5.52162e+18  2.20363e-22  7.47685e-08  2.34129e+07  3.05569e-01  0.00000e+00
0243  5.54004e+18  2.19271e-22  7.45795e-08  2.34102e+07  3.06775e-01  0.00000e+00
0244  5.55845e+18  2.18195e-22  7.43925e-08  2.34070e+07  3.07991e-01  0.00000e+00
0245  5.57687e+18  2.17134e-22  7.42071e-08  2.34034e+07  3.09216e-01  0.00000e+00
0246  5.59528e+18  2.16089e-22  7.40230e-08  2.33995e+07  3.10451e-01  0.00000e+00
0247  5.61370e+18  2.15058e-22  7.38402e-08  2.33953e+07  3.11695e-01  0.00000e+00
0248  5.63211e+18  2.14041e-22  7.36584e-08  2.33907e+07  3.12949e-01  0.00000e+00
0249  5.65053e+18  2.13039e-22  7.34779e-08  2.33859e+07  3.14212e-01  0.00000e+00
0250  5.66894e+18  2.12051e-22  7.32988e-08  2.33806e+07  3.15483e-01  0.00000e+00
0251  5.68736e+18  2.11077e-22  7.31212e-08  2.33751e+07  3.16764e-01  0.00000e+00
0252  5.70578e+18  2.10118e-22  7.29450e-08  2.33691e+07  3.18053e-01  0.00000e+00
0253  5.72419e+18  2.09172e-22  7.27702e-08  2.33627e+07  3.19350e-01  0.00000e+00
0254  5.74261e+18  2.08238e-22  7.25967e-08  2.33560e+07  3.20656e-01  0.00000e+00
0255  5.76102e+18  2.07318e-22  7.24244e-08  2.33489e+07  3.21969e-01  0.00000e+00
0256  5.77944e+18  2.06411e-22  7.22531e-08  2.33415e+07  3.23289e-01  0.00000e+00
0257  5.79785e+18  2.05518e-22  7.20825e-08  2.33338e+07  3.24616e-01  0.00000e+00
0258  5.81627e+18  2.04638e-22  7.19120e-08  2.33259e+07  3.25949e-01  0.00000e+00
0259  5.83468e+18  2.03770e-22  7.17410e-08  2.33180e+07  3.27288e-01  0.00000e+00
0260  5.85310e+18  2.02912e-22  7.15689e-08  2.33102e+07  3.28633e-01  0.00000e+00
0261  5.87152e+18  2.02064e-22  7.13956e-08  2.33024e+07  3.29983e-01  0.00000e+00
0262  5.88993e+18  2.01226e-22  7.12211e-08  2.32947e+07  3.31340e-01  0.00000e+00
0263  5.90835e+18  2.00397e-22  7.10458e-08  2.32870e+07  3.32702e-01  0.00000e+00
0264  5.92676e+18  1.99579e-22  7.08702e-08  2.32792e+07  3.34070e-01  0.00000e+00
0265  5.94518e+18  1.98772e-22  7.06946e-08  2.32711e+07  3.35444e-01  0.00000e+00
0266  5.96359e+18  1.97976e-22  7.05192e-08  2.32629e+07  3.36825e-01  0.00000e+00
0267  5.98201e+18  1.97190e-22  7.03442e-08  2.32543e+07  3.38214e-01  0.00000e+00
0268  6.00043e+18  1.96415e-22  7.01696e-08  2.32455e+07  3.39611e-01  0.00000e+00
0269  6.01884e+18  1.95649e-22  6.99953e-08  2.32364e+07  3.41016e-01  0.00000e+00
0270  6.03726e+18  1.94892e-22  6.98213e-08  2.32271e+07  3.42431e-01  0.00000e+00
0271  6.05567e+18  1.94143e-22  6.96475e-08  2.32175e+07  3.43856e-01  0.00000e+00
0272  6.07409e+18  1.93402e-22  6.94736e-08  2.32078e+07  3.45292e-01  0.00000e+00
0273  6.09250e+18  1.92669e-22  6.92998e-08  2.31979e+07  3.46739e-01  0.00000e+00
0274  6.11092e+18  1.91942e-22  6.91256e-08  2.31879e+07  3.48198e-01  0.00000e+00
0275  6.12933e+18  1.91221e-22  6.89511e-08  2.31778e+07  3.49669e-01  0.00000e+00
0276  6.14775e+18  1.90506e-22  6.87761e-08  2.31677e+07  3.51153e-01  0.00000e+00
0277  6.16617e+18  1.89796e-22  6.86004e-08  2.31576e+07  3.52651e-01  0.00000e+00
0278  6.18458e+18  1.89092e-22  6.84243e-08  2.31475e+07  3.54162e-01  0.00000e+00
0279  6.20300e+18  1.88393e-22  6.82479e-08  2.31374e+07  3.55687e-01  0.00000e+00
0280  6.22141e+18  1.87699e-22  6.80714e-08  2.31272e+07  3.57226e-01  0.00000e+00
0281  6.23983e+18  1.87011e-22  6.78949e-08  2.31171e+07  3.58781e-01  0.00000e+00
0282  6.25824e+18  1.86329e-22  6.77184e-08  2.31069e+07  3.60351e-01  0.00000e+00
0283  6.27666e+18  1.85651e-22  6.75420e-08  2.30968e+07  3.61937e-01  0.00000e+00
0284  6.29507e+18  1.84979e-22  6.73657e-08  2.30868e+07  3.63541e-01  0.00000e+00
0285  6.31349e+18  1.84311e-22  6.71897e-08  2.30769e+07  3.65162e-01  0.00000e+00
0286  6.33191e+18  1.83648e-22  6.70141e-08  2.30671e+07  3.66803e-01  0.00000e+00
0287  6.35032e+18  1.82989e-22  6.68392e-08  2.30576e+07  3.68463e-01  0.00000e+00
0288  6.36874e+18  1.82335e-22  6.66652e-08  2.30483e+07  3.70145e-01  0.00000e+00
0289  6.38715e+18  1.81685e-22  6.64922e-08  2.30393e+07  3.71849e-01  0.00000e+00
0290  6.40557e+18  1.81039e-22  6.63205e-08  2.30306e+07  3.73577e-01  0.00000e+00
0291  6.42398e+18  1.80397e-22  6.61503e-08  2.30222e+07  3.75331e-01  0.00000e+00
0292  6.44240e+18  1.79759e-22  6.59817e-08  2.30141e+07  3.77111e-01  0.00000e+00
0293  6.46081e+18  1.79124e-22  6.58147e-08  2.30063e+07  3.78919e-01  0.00000e+00
0294  6.47923e+18  1.78492e-22  6.56496e-08  2.29989e+07  3.80756e-01  0.00000e+00
0295  6.49765e+18  1.77863e-22  6.54862e-08  2.29918e+07  3.82623e-01  0.00000e+00
0296  6.51606e+18  1.77236e-22  6.53244e-08  2.29850e+07  3.84522e-01  0.00000e+00
0297  6.53448e+18  1.76612e-22  6.51641e-08  2.29787e+07  3.86452e-01  0.00000e+00
0298  6.55289e+18  1.75990e-22  6.50053e-08  2.29727e+07  3.88414e-01  0.00000e+00
0299  6.57131e+18  1.75369e-22  6.48476e-08  2.29671e+07  3.90409e-01  0.00000e+00
0300  6.58972e+18  1.74746e-22  6.46911e-08  2.29618e+07  3.92437e-01  0.00000e+00
0301  6.60814e+18  1.74122e-22  6.45355e-08  2.29571e+07  3.94498e-01  0.00000e+00
0302  6.62655e+18  1.73496e-22  6.43809e-08  2.29527e+07  3.96590e-01  0.00000e+00
0303  6.64497e+18  1.72870e-22  6.42272e-08  2.29487e+07  3.98714e-01  0.00000e+00
0304  6.66339e+18  1.72246e-22  6.40746e-08  2.29450e+07  4.00869e-01  0.00000e+00
0305  6.68180e+18  1.71624e-22  6.39231e-08  2.29417e+07  4.03053e-01  0.00000e+00
0306  6.70022e+18  1.71006e-22  6.37728e-08  2.29386e+07  4.05266e-01  0.00000e+00
0307  6.71863e+18  1.70392e-22  6.36239e-08  2.29358e+07  4.07506e-01  0.00000e+00
0308  6.73705e+18  1.69783e-22  6.34763e-08  2.29333e+07  4.09771e-01  0.00000e+00
0309  6.75546e+18  1.69179e-22  6.33301e-08  2.29311e+07  4.12061e-01  0.00000e+00
0310  6.77388e+18  1.68580e-22  6.31850e-08  2.29290e+07  4.14373e-01  0.00000e+00
0311  6.79229e+18  1.67987e-22  6.30409e-08  2.29271e+07  4.16707e-01  0.00000e+00
0312  6.81071e+18  1.67399e-22  6.28975e-08  2.29254e+07  4.19063e-01  0.00000e+00
0313  6.82913e+18  1.66817e-22  6.27545e-08  2.29237e+07  4.21438e-01  0.00000e+00
0314  6.84754e+18  1.66239e-22  6.26116e-08  2.29223e+07  4.23834e-01  0.00000e+00
0315  6.86596e+18  1.65666e-22  6.24686e-08  2.29209e+07  4.26249e-01  0.00000e+00
0316  6.88437e+18  1.65098e-22  6.23254e-08  2.29196e+07  4.28685e-01  0.00000e+00
0317  6.90279e+18  1.64533e-22  6.21821e-08  2.29185e+07  4.31143e-01  0.00000e+00
0318  6.92120e+18  1.63972e-22  6.20388e-08  2.29175e+07  4.33623e-01  0.00000e+00
0319  6.93962e+18  1.63415e-22  6.18956e-08  2.29166e+07  4.36127e-01  0.00000e+00
0320  6.95803e+18  1.62861e-22  6.17529e-08  2.29159e+07  4.38658e-01  0.00000e+00
0321  6.97645e+18  1.62311e-22  6.16109e-08  2.29153e+07  4.41216e-01  0.00000e+00
0322  6.99487e+18  1.61763e-22  6.14700e-08  2.29149e+07  4.43804e-01  0.00000e+00
0323  7.01328e+18  1.61220e-22  6.13306e-08  2.29148e+07  4.46425e-01  0.00000e+00
0324  7.03170e+18  1.60682e-22  6.11926e-08  2.29148e+07  4.49081e-01  0.00000e+00
0325  7.05011e+18  1.60151e-22  6.10556e-08  2.29149e+07  4.51774e-01  0.00000e+00
0326  7.06853e+18  1.59628e-22  6.09199e-08  2.29151e+07  4.54506e-01  0.00000e+00
0327  7.08694e+18  1.59094e-22  6.07851e-08  2.29153e+07  4.57274e-01  0.00000e+00
0328  7.10536e+18  1.58504e-22  6.06507e-08  2.29154e+07  4.60070e-01  0.00000e+00
0329  7.12378e+18  1.57790e-22  6.05167e-08  2.29153e+07  4.62902e-01  0.00000e+00
0330  7.14219e+18  1.57000e-22  6.03830e-08  2.29151e+07  4.65846e-01  0.00000e+00
0331  7.16061e+18  1.56554e-22  6.02494e-08  2.29147e+07  4.69109e-01  0.00000e+00
0332  7.17902e+18  1.56538e-22  6.01151e-08  2.29141e+07  4.73001e-01  0.00000e+00
0333  7.19744e+18  1.56697e-22  5.99798e-08  2.29133e+07  4.77398e-01  0.00000e+00
0334  7.21585e+18  1.57422e-22  5.98431e-08  2.29124e+07  4.80416e-01  0.00000e+00
0335  7.23427e+18  1.59609e-22  5.97038e-08  2.29113e+07  4.80822e-01  0.00000e+00
0336  7.25268e+18  1.65212e-22  5.95613e-08  2.29108e+07  4.80441e-01  0.00000e+00
0337  7.27110e+18  1.78288e-22  5.94116e-08  2.29113e+07  4.78620e-01  0.00000e+00
0338  7.28952e+18  2.06792e-22  5.92446e-08  2.29127e+07  4.73774e-01  0.00000e+00
0339  7.30793e+18  2.65115e-22  5.90332e-08  2.29122e+07  4.63840e-01  0.00000e+00
0340  7.32635e+18  3.77008e-22  5.87777e-08  2.29144e+07  4.46220e-01  0.00000e+00
0341  7.34476e+18  5.78765e-22  5.85080e-08  2.29531e+07  4.17909e-01  0.00000e+00
0342  7.36318e+18  9.14157e-22  5.80331e-08  2.30628e+07  3.77191e-01  0.00000e+00
0343  7.38159e+18  1.34471e-21  5.63355e-08  2.30969e+07  3.28102e-01  0.00000e+00
0344  7.40001e+18  1.60781e-21  5.41582e-08  2.30532e+07  2.79508e-01  0.00000e+00
0345  7.41842e+18  1.62718e-21  5.25016e-08  2.30227e+07  2.35589e-01  0.00000e+00
0346  7.43684e+18  1.58636e-21  5.08591e-08  2.30626e+07  1.97847e-01  0.00000e+00
0347  7.45526e+18  1.45196e-21  4.87222e-08  2.32352e+07  1.67629e-01  0.00000e+00
0348  7.47367e+18  1.23348e-21  4.61173e-08  2.35912e+07  1.44990e-01  0.00000e+00
0349  7.49209e+18  9.95556e-22  4.32929e-08  2.40864e+07  1.28779e-01  0.00000e+00
0350  7.51050e+18  7.96033e-22  4.07836e-08  2.46051e+07  1.17531e-01  0.00000e+00
0351  7.52892e+18  6.52436e-22  3.88416e-08  2.50565e+07  1.10213e-01  0.00000e+00
0352  7.54733e+18  5.55247e-22  3.73809e-08  2.54204e+07  1.06345e-01  0.00000e+00
0353  7.56575e+18  4.89213e-22  3.62192e-08  2.57174e+07  1.05155e-01  0.00000e+00
0354  7.58416e+18  4.42620e-22  3.52279e-08  2.59714e+07  1.05051e-01  0.00000e+00
0355  7.60258e+18  4.08156e-22  3.43450e-08  2.61970e+07  1.05065e-01  0.00000e+00
0356  7.62100e+18  3.81484e-22  3.35410e-08  2.64018e+07  1.05118e-01  0.00000e+00
0357  7.63941e+18  3.59974e-22  3.28000e-08  2.65905e+07  1.05230e-01  0.00000e+00
0358  7.65783e+18  3.41987e-22  3.21119e-08  2.67671e+07  1.05401e-01  0.00000e+00
0359  7.67624e+18  3.26511e-22  3.14648e-08  2.69350e+07  1.05626e-01  0.00000e+00
0360  7.69466e+18  3.12928e-22  3.08525e-08  2.70956e+07  1.05896e-01  0.00000e+00
0361  7.71307e+18  3.00831e-22  3.02714e-08  2.72499e+07  1.06203e-01  0.00000e+00
0362  7.73149e+18  2.89931e-22  2.97187e-08  2.73984e+07  1.06538e-01  0.00000e+00
0363  7.74990e+18  2.80013e-22  2.91914e-08  2.75419e+07  1.06895e-01  0.00000e+00
0364  7.76832e+18  2.70919e-22  2.86867e-08  2.76811e+07  1.07270e-01  0.00000e+00
0365  7.78674e+18  2.62531e-22  2.82027e-08  2.78163e+07  1.07659e-01  0.00000e+00
0366  7.80515e+18  2.54760e-22  2.77378e-08  2.79477e+07  1.08059e-01  0.00000e+00
0367  7.82357e+18  2.47532e-22  2.72906e-08  2.80755e+07  1.08468e-01  0.00000e+00
0368  7.84198e+18  2.40778e-22  2.68597e-08  2.81999e+07  1.08885e-01  0.00000e+00
0369  7.86040e+18  2.34425e-22  2.64445e-08  2.83216e+07  1.09307e-01  0.00000e+00
0370  7.87881e+18  2.28423e-22  2.60421e-08  2.84413e+07  1.09735e-01  0.00000e+00
0371  7.89723e+18  2.22743e-22  2.56520e-08  2.85589e+07  1.10167e-01  0.00000e+00
0372  7.91564e+18  2.17360e-22  2.52743e-08  2.86742e+07  1.10602e-01  0.00000e+00
0373  7.93406e+18  2.12249e-22  2.49083e-08  2.87874e+07  1.11041e-01  0.00000e+00
0374  7.95248e+18  2.07385e-22  2.45535e-08  2.88984e+07  1.11483e-01  0.00000e+00
0375  7.97089e+18  2.02746e-22  2.42091e-08  2.90074e+07  1.11927e-01  0.00000e+00
0376  7.98931e+18  1.98313e-22  2.38745e-08  2.91147e+07  1.12374e-01  0.00000e+00
0377  8.00772e+18  1.94073e-22  2.35493e-08  2.92202e+07  1.12823e-01  0.00000e+00
0378  8.02614e+18  1.90012e-22  2.32331e-08  2.93239e+07  1.13275e-01  0.00000e+00
0379  8.04455e+18  1.86120e-22  2.29255e-08  2.94258e+07  1.13728e-01  0.00000e+00
0380  8.06297e+18  1.82386e-22  2.26262e-08  2.95261e+07  1.14182e-01  0.00000e+00
0381  8.08139e+18  1.78803e-22  2.23348e-08  2.96246e+07  1.14637e-01  0.00000e+00
0382  8.09980e+18  1.75361e-22  2.20510e-08  2.97215e+07  1.15093e-01  0.00000e+00
0383  8.11822e+18  1.72052e-22  2.17746e-08  2.98168e+07  1.15550e-01  0.00000e+00
0384  8.13663e+18  1.68871e-22  2.15052e-08  2.99105e+07  1.16006e-01  0.00000e+00
0385  8.15505e+18  1.65807e-22  2.12425e-08  3.00026e+07  1.16462e-01  0.00000e+00
0386  8.17346e+18  1.62852e-22  2.09863e-08  3.00934e+07  1.16919e-01  0.00000e+00
0387  8.19188e+18  1.59996e-22  2.07360e-08  3.01830e+07  1.17374e-01  0.00000e+00
0388  8.21029e+18  1.57232e-22  2.04912e-08  3.02715e+07  1.17830e-01  0.00000e+00
0389  8.22871e+18  1.54557e-22  2.02519e-08  3.03589e+07  1.18284e-01  0.00000e+00
0390  8.24713e+18  1.51967e-22  2.00180e-08  3.04452e+07  1.18739e-01  0.00000e+00
0391  8.26554e+18  1.49457e-22  1.97892e-08  3.05304e+07  1.19192e-01  0.00000e+00
0392  8.28396e+18  1.47025e-22  1.95654e-08  3.06145e+07  1.19644e-01  0.00000e+00
0393  8.30237e+18  1.44667e-22  1.93465e-08  3.06975e+07  1.20096e-01  0.00000e+00
0394  8.32079e+18  1.42379e-22  1.91324e-08  3.07794e+07  1.20546e-01  0.00000e+00
0395  8.33920e+18  1.40157e-22  1.89229e-08  3.08602e+07  1.20995e-01  0.00000e+00
0396  8.35762e+18  1.37999e-22  1.87178e-08  3.09401e+07  1.21443e-01  0.00000e+00
0397  8.37603e+18  1.35902e-22  1.85171e-08  3.10189e+07  1.21888e-01  0.00000e+00
0398  8.39445e+18  1.33864e-22  1.83207e-08  3.10967e+07  1.22332e-01  0.00000e+00
0399  8.41287e+18  1.31883e-22  1.81284e-08  3.11735e+07  1.22774e-01  0.00000e+00
0400  8.43128e+18  1.29957e-22  1.79401e-08  3.12492e+07  1.23213e-01  0.00000e+00
0401  8.44970e+18  1.28085e-22  1.77557e-08  3.13240e+07  1.23650e-01  0.00000e+00
0402  8.46811e+18  1.26264e-22  1.75752e-08  3.13977e+07  1.24084e-01  0.00000e+00
0403  8.48653e+18  1.24492e-22  1.73983e-08  3.14705e+07  1.24516e-01  0.00000e+00
0404  8.50494e+18  1.22767e-22  1.72249e-08  3.15424e+07  1.24945e-01  0.00000e+00
0405  8.52336e+18  1.21087e-22  1.70550e-08  3.16134e+07  1.25370e-01  0.00000e+00
0406  8.54177e+18  1.19452e-22  1.68885e-08  3.16834e+07  1.25793e-01  0.00000e+00
0407  8.56019e+18  1.17860e-22  1.67253e-08  3.17525e+07  1.26212e-01  0.00000e+00
0408  8.57861e+18  1.16309e-22  1.65653e-08  3.18206e+07  1.26628e-01  0.00000e+00
0409  8.59702e+18  1.14798e-22  1.64085e-08  3.18878e+07  1.27040e-01  0.00000e+00
0410  8.61544e+18  1.13326e-22  1.62548e-08  3.19540e+07  1.27450e-01  0.00000e+00
0411  8.63385e+18  1.11891e-22  1.61040e-08  3.20193e+07  1.27855e-01  0.00000e+00
0412  8.65227e+18  1.10493e-22  1.59563e-08  3.20837e+07  1.28257e-01  0.00000e+00
0413  8.67068e+18  1.09130e-22  1.58114e-08  3.21472e+07  1.28656e-01  0.00000e+00
0414  8.68910e+18  1.07801e-22  1.56693e-08  3.22097e+07  1.29051e-01  0.00000e+00
0415  8.70751e+18  1.06505e-22  1.55300e-08  3.22713e+07  1.29443e-01  0.00000e+00
0416  8.72593e+18  1.05241e-22  1.53934e-08  3.23319e+07  1.29831e-01  0.00000e+00
0417  8.74435e+18  1.04008e-22  1.52594e-08  3.23917e+07  1.30217e-01  0.00000e+00
0418  8.76276e+18  1.02805e-22  1.51280e-08  3.24505e+07  1.30599e-01  0.00000e+00
0419  8.78118e+18  1.01630e-22  1.49991e-08  3.25084e+07  1.30978e-01  0.00000e+00
0420  8.79959e+18  1.00483e-22  1.48726e-08  3.25654e+07  1.31354e-01  0.00000e+00
0421  8.81801e+18  9.93629e-23  1.47485e-08  3.26215e+07  1.31727e-01  0.00000e+00
0422  8.83642e+18  9.82688e-23  1.46268e-08  3.26767e+07  1.32097e-01  0.00000e+00
0423  8.85484e+18  9.72002e-23  1.45073e-08  3.27310e+07  1.32465e-01  0.00000e+00
0424  8.87326e+18  9.61561e-23  1.43901e-08  3.27844e+07  1.32830e-01  0.00000e+00
0425  8.89167e+18  9.51350e-23  1.42751e-08  3.28369e+07  1.33193e-01  0.00000e+00
0426  8.91009e+18  9.41354e-23  1.41622e-08  3.28887e+07  1.33554e-01  0.00000e+00
0427  8.92850e+18  9.31565e-23  1.40512e-08  3.29398e+07  1.33913e-01  0.00000e+00
0428  8.94692e+18  9.21979e-23  1.39422e-08  3.29902e+07  1.34270e-01  0.00000e+00
0429  8.96533e+18  9.12590e-23  1.38352e-08  3.30398e+07  1.34625e-01  0.00000e+00
0430  8.98375e+18  9.03395e-23  1.37301e-08  3.30886e+07  1.34978e-01  0.00000e+00
0431  9.00216e+18  8.94389e-23  1.36269e-08  3.31368e+07  1.35329e-01  0.00000e+00
0432  9.02058e+18  8.85567e-23  1.35256e-08  3.31841e+07  1.35680e-01  0.00000e+00
0433  9.03900e+18  8.76924e-23  1.34262e-08  3.32307e+07  1.36028e-01  0.00000e+00
0434  9.05741e+18  8.68458e-23  1.33286e-08  3.32766e+07  1.36376e-01  0.00000e+00
0435  9.07583e+18  8.60163e-23  1.32329e-08  3.33216e+07  1.36722e-01  0.00000e+00
0436  9.09424e+18  8.52035e-23  1.31389e-08  3.33659e+07  1.37067e-01  0.00000e+00
0437  9.11266e+18  8.44069e-23  1.30466e-08  3.34094e+07  1.37411e-01  0.00000e+00
0438  9.13107e+18  8.36261e-23  1.29560e-08  3.34522e+07  1.37755e-01  0.00000e+00
0439  9.14949e+18  8.28608e-23  1.28671e-08  3.34942e+07  1.38097e-01  0.00000e+00
0440  9.16790e+18  8.21103e-23  1.27798e-08  3.35354e+07  1.38439e-01  0.00000e+00
0441  9.18632e+18  8.13744e-23  1.26941e-08  3.35758e+07  1.38779e-01  0.00000e+00
0442  9.20474e+18  8.06526e-23  1.26100e-08  3.36155e+07  1.39120e-01  0.00000e+00
0443  9.22315e+18  7.99445e-23  1.25275e-08  3.36544e+07  1.39459e-01  0.00000e+00
0444  9.24157e+18  7.92497e-23  1.24464e-08  3.36924e+07  1.39799e-01  0.00000e+00
0445  9.25998e+18  7.85681e-23  1.23670e-08  3.37297e+07  1.40137e-01  0.00000e+00
0446  9.27840e+18  7.78995e-23  1.22890e-08  3.37662e+07  1.40476e-01  0.00000e+00
0447  9.29681e+18  7.72437e-23  1.22126e-08  3.38018e+07  1.40814e-01  0.00000e+00
0448  9.31523e+18  7.66007e-23  1.21377e-08  3.38366e+07  1.41152e-01  0.00000e+00
0449  9.33364e+18  7.59703e-23  1.20643e-08  3.38705e+07  1.41490e-01  0.00000e+00
0450  9.35206e+18  7.53522e-23  1.19924e-08  3.39035e+07  1.41828e-01  0.00000e+00
0451  9.37048e+18  7.47463e-23  1.19221e-08  3.39356e+07  1.42166e-01  0.00000e+00
0452  9.38889e+18  7.41523e-23  1.18532e-08  3.39668e+07  1.42503e-01  0.00000e+00
0453  9.40731e+18  7.35700e-23  1.17857e-08  3.39972e+07  1.42841e-01  0.00000e+00
0454  9.42572e+18  7.29990e-23  1.17197e-08  3.40266e+07  1.43180e-01  0.00000e+00
0455  9.44414e+18  7.24391e-23  1.16551e-08  3.40551e+07  1.43518e-01  0.00000e+00
0456  9.46255e+18  7.18899e-23  1.15918e-08  3.40827e+07  1.43857e-01  0.00000e+00
0457  9.48097e+18  7.13511e-23  1.15299e-08  3.41094e+07  1.44196e-01  0.00000e+00
0458  9.49939e+18  7.08223e-23  1.14692e-08  3.41353e+07  1.44535e-01  0.00000e+00
0459  9.51780e+18  7.03032e-23  1.14096e-08  3.41605e+07  1.44876e-01  0.00000e+00
0460  9.53622e+18  6.97933e-23  1.13512e-08  3.41848e+07  1.45217e-01  0.00000e+00
0461  9.55463e+18  6.92922e-23  1.12939e-08  3.42085e+07  1.45558e-01  0.00000e+00
0462  9.57305e+18  6.87994e-23  1.12375e-08  3.42316e+07  1.45901e-01  0.00000e+00
0463  9.59146e+18  6.83146e-23  1.11820e-08  3.42540e+07  1.46244e-01  0.00000e+00
0464  9.60988e+18  6.78372e-23  1.11273e-08  3.42760e+07  1.46588e-01  0.00000e+00
0465  9.62829e+18  6.73672e-23  1.10734e-08  3.42975e+07  1.46934e-01  0.00000e+00
0466  9.64671e+18  6.69043e-23  1.10203e-08  3.43185e+07  1.47280e-01  0.00000e+00
0467  9.66513e+18  6.64487e-23  1.09681e-08  3.43389e+07  1.47627e-01  0.00000e+00
0468  9.68354e+18  6.60003e-23  1.09168e-08  3.43588e+07  1.47976e-01  0.00000e+00
0469  9.70196e+18  6.55597e-23  1.08665e-08  3.43780e+07  1.48326e-01  0.00000e+00
0470  9.72037e+18  6.51271e-23  1.08174e-08  3.43963e+07  1.48677e-01  0.00000e+00
0471  9.73879e+18  6.47033e-23  1.07696e-08  3.44136e+07  1.49029e-01  0.00000e+00
0472  9.75720e+18  6.42886e-23  1.07234e-08  3.44296e+07  1.49383e-01  0.00000e+00
0473  9.77562e+18  6.38838e-23  1.06789e-08  3.44442e+07  1.49738e-01  0.00000e+00
0474  9.79403e+18  6.34893e-23  1.06363e-08  3.44572e+07  1.50095e-01  0.00000e+00
0475  9.81245e+18  6.31052e-23  1.05957e-08  3.44685e+07  1.50453e-01  0.00000e+00
0476  9.83087e+18  6.27313e-23  1.05571e-08  3.44781e+07  1.50813e-01  0.00000e+00
0477  9.84928e+18  6.23669e-23  1.05202e-08  3.44862e+07  1.51175e-01  0.00000e+00
0478  9.86770e+18  6.20109e-23  1.04847e-08  3.44929e+07  1.51539e-01  0.00000e+00
0479  9.88611e+18  6.16619e-23  1.04504e-08  3.44986e+07  1.51904e-01  0.00000e+00
0480  9.90453e+18  6.13184e-23  1.04168e-08  3.45038e+07  1.52272e-01  0.00000e+00
0481  9.92294e+18  6.09791e-23  1.03836e-08  3.45087e+07  1.52641e-01  0.00000e+00
0482  9.94136e+18  6.06427e-23  1.03504e-08  3.45136e+07  1.53013e-01  0.00000e+00
0483  9.95977e+18  6.03083e-23  1.03169e-08  3.45189e+07  1.53385e-01  0.00000e+00
0484  9.97819e+18  5.99752e-23  1.02829e-08  3.45248e+07  1.53760e-01  0.00000e+00
0485  9.99661e+18  5.96427e-23  1.02484e-08  3.45313e+07  1.54136e-01  0.00000e+00
0486  1.00150e+19  5.93107e-23  1.02132e-08  3.45386e+07  1.54514e-01  0.00000e+00
0487  1.00334e+19  5.89790e-23  1.01773e-08  3.45467e+07  1.54893e-01  0.00000e+00
0488  1.00519e+19  5.86477e-23  1.01407e-08  3.45556e+07  1.55273e-01  0.00000e+00
0489  1.00703e+19  5.83169e-23  1.01035e-08  3.45652e+07  1.55654e-01  0.00000e+00
0490  1.00887e+19  5.79869e-23  1.00658e-08  3.45756e+07  1.56036e-01  0.00000e+00
0491  1.01071e+19  5.76578e-23  1.00275e-08  3.45867e+07  1.56418e-01  0.00000e+00
0492  1.01255e+19  5.73297e-23  9.98878e-09  3.45983e+07  1.56802e-01  0.00000e+00
0493  1.01439e+19  5.70029e-23  9.94964e-09  3.46106e+07  1.57186e-01  0.00000e+00
0494  1.01623e+19  5.66773e-23  9.91010e-09  3.46234e+07  1.57570e-01  0.00000e+00
0495  1.01808e+19  5.63531e-23  9.87020e-09  3.46368e+07  1.57954e-01  0.00000e+00
0496  1.01992e+19  5.60304e-23  9.82999e-09  3.46507e+07  1.58338e-01  0.00000e+00
0497  1.02176e+19  5.57094e-23  9.78952e-09  3.46651e+07  1.58722e-01  0.00000e+00
0498  1.02360e+19  5.53903e-23  9.74885e-09  3.46798e+07  1.59106e-01  0.00000e+00
0499  1.02544e+19  5.50734e-23  9.70806e-09  3.46949e+07  1.59488e-01  0.00000e+00
0500  1.02728e+19  5.47589e-23  9.66723e-09  3.47102e+07  1.59870e-01  0.00000e+00
0501  1.02913e+19  5.44469e-23  9.62641e-09  3.47257e+07  1.60251e-01  0.00000e+00
0502  1.03097e+19  5.41378e-23  9.58564e-09  3.47414e+07  1.60631e-01  0.00000e+00
0503  1.03281e+19  5.38314e-23  9.54496e-09  3.47572e+07  1.61009e-01  0.00000e+00
0504  1.03465e+19  5.35280e-23  9.50437e-09  3.47731e+07  1.61386e-01  0.00000e+00
0505  1.03649e+19  5.32274e-23  9.46388e-09  3.47891e+07  1.61760e-01  0.00000e+00
0506  1.03833e+19  5.29297e-23  9.42348e-09  3.48052e+07  1.62132e-01  0.00000e+00
0507  1.04017e+19  5.26348e-23  9.38317e-09  3.48214e+07  1.62502e-01  0.00000e+00
0508  1.04202e+19  5.23427e-23  9.34294e-09  3.48378e+07  1.62869e-01  0.00000e+00
0509  1.04386e+19  5.20532e-23  9.30280e-09  3.48543e+07  1.63233e-01  0.00000e+00
0510  1.04570e+19  5.17664e-23  9.26273e-09  3.48709e+07  1.63594e-01  0.00000e+00
0511  1.04754e+19  5.14822e-23  9.22276e-09  3.48877e+07  1.63952e-01  0.00000e+00
0512  1.04938e+19  5.12006e-23  9.18289e-09  3.49045e+07  1.64307e-01  0.00000e+00
0513  1.05122e+19  5.09215e-23  9.14313e-09  3.49215e+07  1.64658e-01  0.00000e+00
0514  1.05307e+19  5.06449e-23  9.10348e-09  3.49386e+07  1.65005e-01  0.00000e+00
0515  1.05491e+19  5.03709e-23  9.06396e-09  3.49557e+07  1.65348e-01  0.00000e+00
0516  1.05675e+19  5.00994e-23  9.02457e-09  3.49730e+07  1.65687e-01  0.00000e+00
0517  1.05859e+19  4.98306e-23  8.98532e-09  3.49903e+07  1.66021e-01  0.00000e+00
0518  1.06043e+19  4.95645e-23  8.94622e-09  3.50077e+07  1.66351e-01  0.00000e+00
0519  1.06227e+19  4.93012e-23  8.90728e-09  3.50251e+07  1.66676e-01  0.00000e+00
0520  1.06412e+19  4.90408e-23  8.86849e-09  3.50426e+07  1.66997e-01  0.00000e+00
0521  1.06596e+19  4.87833e-23  8.82987e-09  3.50602e+07  1.67312e-01  0.00000e+00
0522  1.06780e+19  4.85288e-23  8.79142e-09  3.50777e+07  1.67623e-01  0.00000e+00
0523  1.06964e+19  4.82771e-23  8.75314e-09  3.50953e+07  1.67928e-01  0.00000e+00
0524  1.07148e+19  4.80284e-23  8.71505e-09  3.51130e+07  1.68229e-01  0.00000e+00
0525  1.07332e+19  4.77825e-23  8.67714e-09  3.51307e+07  1.68525e-01  0.00000e+00
0526  1.07516e+19  4.75394e-23  8.63942e-09  3.51483e+07  1.68816e-01  0.00000e+00
0527  1.07701e+19  4.72991e-23  8.60191e-09  3.51660e+07  1.69103e-01  0.00000e+00
0528  1.07885e+19  4.70613e-23  8.56460e-09  3.51837e+07  1.69385e-01  0.00000e+00
0529  1.08069e+19  4.68262e-23  8.52750e-09  3.52014e+07  1.69664e-01  0.00000e+00
0530  1.08253e+19  4.65937e-23  8.49062e-09  3.52190e+07  1.69938e-01  0.00000e+00
0531  1.08437e+19  4.63637e-23  8.45395e-09  3.52367e+07  1.70208e-01  0.00000e+00
0532  1.08621e+19  4.61362e-23  8.41751e-09  3.52543e+07  1.70475e-01  0.00000e+00
0533  1.08806e+19  4.59111e-23  8.38129e-09  3.52719e+07  1.70739e-01  0.00000e+00
0534  1.08990e+19  4.56883e-23  8.34530e-09  3.52894e+07  1.71000e-01  0.00000e+00
0535  1.09174e+19  4.54679e-23  8.30954e-09  3.53069e+07  1.71258e-01  0.00000e+00
0536  1.09358e+19  4.52497e-23  8.27401e-09  3.53243e+07  1.71514e-01  0.00000e+00
0537  1.09542e+19  4.50337e-23  8.23872e-09  3.53417e+07  1.71767e-01  0.00000e+00
0538  1.09726e+19  4.48198e-23  8.20366e-09  3.53590e+07  1.72018e-01  0.00000e+00
0539  1.09910e+19  4.46081e-23  8.16885e-09  3.53762e+07  1.72268e-01  0.00000e+00
0540  1.10095e+19  4.43984e-23  8.13428e-09  3.53935e+07  1.72517e-01  0.00000e+00
0541  1.10279e+19  4.41907e-23  8.09996e-09  3.54106e+07  1.72764e-01  0.00000e+00
0542  1.10463e+19  4.39849e-23  8.06589e-09  3.54277e+07  1.73011e-01  0.00000e+00
0543  1.10647e+19  4.37810e-23  8.03206e-09  3.54448e+07  1.73256e-01  0.00000e+00
0544  1.10831e+19  4.35789e-23  7.99848e-09  3.54618e+07  1.73502e-01  0.00000e+00
0545  1.11015e+19  4.33787e-23  7.96513e-09  3.54787e+07  1.73748e-01  0.00000e+00
0546  1.11200e+19  4.31801e-23  7.93202e-09  3.54956e+07  1.73993e-01  0.00000e+00
0547  1.11384e+19  4.29832e-23  7.89915e-09  3.55124e+07  1.74239e-01  0.00000e+00
0548  1.11568e+19  4.27879e-23  7.86651e-09  3.55292e+07  1.74485e-01  0.00000e+00
0549  1.11752e+19  4.25943e-23  7.83410e-09  3.55459e+07  1.74732e-01  0.00000e+00
0550  1.11936e+19  4.24022e-23  7.80193e-09  3.55625e+07  1.74980e-01  0.00000e+00
0551  1.12120e+19  4.22115e-23  7.76994e-09  3.55791e+07  1.75229e-01  0.00000e+00
0552  1.12305e+19  4.20235e-23  7.73840e-09  3.55955e+07  1.75478e-01  0.00000e+00
0553  1.12489e+19  4.18315e-23  7.70616e-09  3.56123e+07  1.75734e-01  0.00000e+00
0554  1.12673e+19  4.16629e-23  7.67784e-09  3.56272e+07  1.75963e-01  0.00000e+00
0555  1.12857e+19  4.13728e-23  7.62904e-09  3.56529e+07  1.76361e-01  0.00000e+00
