# Athena++ data at time=1.752000e+13  cycle=1174018065  variables=prim 
# i       x1v         rho          press          vel1         vel2         vel3     
0002  1.13875e+18  2.14917e-18  8.97288e-06 -4.09800e+05  1.46607e-09  0.00000e+00
0003  1.15716e+18  9.91565e-19  5.45956e-06  2.43594e+05  7.93075e-03  0.00000e+00
0004  1.17558e+18  6.41286e-19  4.33775e-06  3.11370e+05  1.74215e-02  0.00000e+00
0005  1.19399e+18  4.31072e-19  3.63779e-06  4.31074e+05  2.60041e-02  0.00000e+00
0006  1.21241e+18  2.83179e-19  3.17893e-06  6.30627e+05  3.34734e-02  0.00000e+00
0007  1.23082e+18  1.70276e-19  2.89032e-06  9.60056e+05  4.01730e-02  0.00000e+00
0008  1.24924e+18  1.39930e-19  2.63488e-06  1.18967e+06  4.61857e-02  0.00000e+00
0009  1.26765e+18  1.25873e-19  2.48276e-06  1.25753e+06  5.17674e-02  0.00000e+00
0010  1.28607e+18  1.14905e-19  2.34262e-06  1.33326e+06  5.69943e-02  0.00000e+00
0011  1.30448e+18  1.06792e-19  2.21649e-06  1.39560e+06  6.19065e-02  0.00000e+00
0012  1.32290e+18  9.98068e-20  2.10580e-06  1.44948e+06  6.65447e-02  0.00000e+00
0013  1.34131e+18  9.33614e-20  2.00320e-06  1.50695e+06  7.09317e-02  0.00000e+00
0014  1.35973e+18  8.75135e-20  1.90930e-06  1.56415e+06  7.50887e-02  0.00000e+00
0015  1.37814e+18  8.24346e-20  1.82298e-06  1.61716e+06  7.90338e-02  0.00000e+00
0016  1.39656e+18  7.78874e-20  1.74446e-06  1.66616e+06  8.27865e-02  0.00000e+00
0017  1.41497e+18  7.36956e-20  1.67178e-06  1.71497e+06  8.63614e-02  0.00000e+00
0018  1.43339e+18  6.98516e-20  1.60473e-06  1.76261e+06  8.97739e-02  0.00000e+00
0019  1.45180e+18  6.67281e-20  1.54165e-06  1.80138e+06  9.30317e-02  0.00000e+00
0020  1.47022e+18  6.35916e-20  1.48572e-06  1.83968e+06  9.61544e-02  0.00000e+00
0021  1.48863e+18  6.04282e-20  1.43085e-06  1.88849e+06  9.91465e-02  0.00000e+00
0022  1.50705e+18  5.78120e-20  1.37948e-06  1.92879e+06  1.02014e-01  0.00000e+00
0023  1.52546e+18  5.53940e-20  1.33367e-06  1.96277e+06  1.04771e-01  0.00000e+00
0024  1.54388e+18  5.30245e-20  1.28950e-06  2.00186e+06  1.07423e-01  0.00000e+00
0027  1.56229e+18  5.07857e-20  1.24795e-06  2.04132e+06  1.09978e-01  0.00000e+00
0028  1.58071e+18  4.86844e-20  1.20901e-06  2.08011e+06  1.12440e-01  0.00000e+00
0029  1.59912e+18  4.67009e-20  1.17240e-06  2.11878e+06  1.14816e-01  0.00000e+00
0030  1.61754e+18  4.48176e-20  1.13789e-06  2.15780e+06  1.17112e-01  0.00000e+00
0031  1.63595e+18  4.30203e-20  1.10530e-06  2.19756e+06  1.19333e-01  0.00000e+00
0032  1.65437e+18  4.12976e-20  1.07453e-06  2.23831e+06  1.21482e-01  0.00000e+00
0033  1.67278e+18  3.96614e-20  1.04551e-06  2.27920e+06  1.23565e-01  0.00000e+00
0034  1.69120e+18  3.82032e-20  1.01821e-06  2.31567e+06  1.25586e-01  0.00000e+00
0035  1.70961e+18  3.69267e-20  9.93097e-07  2.34445e+06  1.27551e-01  0.00000e+00
0036  1.72803e+18  3.57836e-20  9.69619e-07  2.36822e+06  1.29464e-01  0.00000e+00
0037  1.74644e+18  3.46919e-20  9.47551e-07  2.39105e+06  1.31331e-01  0.00000e+00
0038  1.76486e+18  3.36110e-20  9.26263e-07  2.41656e+06  1.33152e-01  0.00000e+00
0039  1.78328e+18  3.25462e-20  9.05791e-07  2.44434e+06  1.34930e-01  0.00000e+00
0040  1.80169e+18  3.15063e-20  8.86179e-07  2.47367e+06  1.36668e-01  0.00000e+00
0041  1.82011e+18  3.04948e-20  8.67443e-07  2.50425e+06  1.38366e-01  0.00000e+00
0042  1.83852e+18  2.95057e-20  8.49577e-07  2.53584e+06  1.40028e-01  0.00000e+00
0043  1.85694e+18  2.86031e-20  8.32623e-07  2.56722e+06  1.41651e-01  0.00000e+00
0044  1.87535e+18  2.79710e-20  8.16521e-07  2.59075e+06  1.43235e-01  0.00000e+00
0045  1.89377e+18  2.73282e-20  8.00851e-07  2.58672e+06  1.44829e-01  0.00000e+00
0046  1.91218e+18  2.56234e-20  7.90754e-07  2.60927e+06  1.46493e-01  0.00000e+00
0047  1.93060e+18  2.39335e-20  7.74804e-07  2.70349e+06  1.48050e-01  0.00000e+00
0048  1.94901e+18  2.41291e-20  7.60671e-07  2.79064e+06  1.49315e-01  0.00000e+00
0049  1.96743e+18  2.49855e-20  7.44009e-07  2.74199e+06  1.50454e-01  0.00000e+00
0050  1.98584e+18  2.80403e-20  7.43626e-07  2.45770e+06  1.51895e-01  0.00000e+00
0051  2.00426e+18  3.20420e-20  7.72674e-07  2.01291e+06  1.53992e-01  0.00000e+00
0052  2.02267e+18  3.16163e-20  7.60020e-07  1.88675e+06  1.55978e-01  0.00000e+00
0053  2.04109e+18  3.07222e-20  7.42361e-07  1.88919e+06  1.57307e-01  0.00000e+00
0054  2.05951e+18  3.02390e-20  7.29995e-07  1.89524e+06  1.58613e-01  0.00000e+00
0055  2.07792e+18  2.96170e-20  7.16070e-07  1.78532e+06  1.61385e-01  0.00000e+00
0056  2.09634e+18  1.76176e-20  6.94975e-07  1.89976e+06  1.67806e-01  0.00000e+00
0057  2.11475e+18  7.09240e-21  7.00595e-07  2.61863e+06  1.80085e-01  0.00000e+00
0058  2.13317e+18  3.98040e-21  6.87524e-07  3.27609e+06  1.98662e-01  0.00000e+00
0059  2.15158e+18  3.55090e-21  6.92163e-07  3.51508e+06  2.14568e-01  0.00000e+00
0060  2.17000e+18  3.58779e-21  6.92745e-07  3.72176e+06  2.16689e-01  0.00000e+00
0061  2.18841e+18  3.79554e-21  6.83189e-07  4.01093e+06  2.13821e-01  0.00000e+00
0062  2.20683e+18  4.90176e-21  6.72711e-07  4.44604e+06  2.00595e-01  0.00000e+00
0063  2.22524e+18  1.24364e-20  6.62711e-07  4.66763e+06  1.73806e-01  0.00000e+00
0064  2.24366e+18  2.61473e-20  6.26898e-07  4.13127e+06  1.62392e-01  0.00000e+00
0065  2.26207e+18  2.72924e-20  6.32622e-07  3.87790e+06  1.61591e-01  0.00000e+00
0066  2.28049e+18  2.68105e-20  6.21959e-07  3.88397e+06  1.61907e-01  0.00000e+00
0067  2.29891e+18  2.60429e-20  6.08051e-07  3.87958e+06  1.63082e-01  0.00000e+00
0068  2.31732e+18  2.53035e-20  5.94728e-07  3.87227e+06  1.65016e-01  0.00000e+00
0069  2.33574e+18  2.45915e-20  5.81973e-07  3.86140e+06  1.67040e-01  0.00000e+00
0070  2.35415e+18  2.37330e-20  5.65986e-07  3.82108e+06  1.68783e-01  0.00000e+00
0071  2.37257e+18  2.23599e-20  5.45394e-07  3.70340e+06  1.70313e-01  0.00000e+00
0072  2.39098e+18  2.02948e-20  5.19797e-07  3.48250e+06  1.71706e-01  0.00000e+00
0073  2.40940e+18  1.82814e-20  4.99063e-07  3.26729e+06  1.72889e-01  0.00000e+00
0074  2.42781e+18  1.72119e-20  4.87848e-07  3.18717e+06  1.73815e-01  0.00000e+00
0075  2.44623e+18  1.67126e-20  4.79990e-07  3.18564e+06  1.74566e-01  0.00000e+00
0076  2.46464e+18  1.63849e-20  4.72659e-07  3.19729e+06  1.75230e-01  0.00000e+00
0077  2.48306e+18  1.61769e-20  4.65709e-07  3.21379e+06  1.75861e-01  0.00000e+00
0078  2.50147e+18  1.60344e-20  4.59009e-07  3.22895e+06  1.76491e-01  0.00000e+00
0079  2.51989e+18  1.59069e-20  4.52499e-07  3.24341e+06  1.77136e-01  0.00000e+00
0080  2.53831e+18  1.57655e-20  4.46124e-07  3.25939e+06  1.77790e-01  0.00000e+00
0081  2.55672e+18  1.56020e-20  4.39855e-07  3.27776e+06  1.78446e-01  0.00000e+00
0082  2.57514e+18  1.54275e-20  4.33715e-07  3.29696e+06  1.79098e-01  0.00000e+00
0083  2.59355e+18  1.52698e-20  4.27779e-07  3.31357e+06  1.79748e-01  0.00000e+00
0084  2.61197e+18  1.51570e-20  4.22132e-07  3.32490e+06  1.80401e-01  0.00000e+00
0085  2.63038e+18  1.50671e-20  4.16717e-07  3.33060e+06  1.81069e-01  0.00000e+00
0086  2.64880e+18  1.49685e-20  4.11403e-07  3.33252e+06  1.81741e-01  0.00000e+00
0087  2.66721e+18  1.48600e-20  4.06165e-07  3.33485e+06  1.82368e-01  0.00000e+00
0088  2.68563e+18  1.46776e-20  4.00662e-07  3.34285e+06  1.82999e-01  0.00000e+00
0089  2.70404e+18  1.35834e-20  3.93186e-07  3.32569e+06  1.83953e-01  0.00000e+00
0090  2.72246e+18  8.90374e-21  4.11257e-07  3.67119e+06  1.85576e-01  0.00000e+00
0091  2.74088e+18  4.83372e-21  3.66016e-07  5.35808e+06  1.87682e-01  0.00000e+00
0092  2.75929e+18  3.35744e-21  3.42684e-07  6.54289e+06  1.90093e-01  0.00000e+00
0093  2.77771e+18  2.75113e-21  3.31478e-07  7.28386e+06  1.92637e-01  0.00000e+00
0094  2.79612e+18  2.41450e-21  3.23512e-07  7.84224e+06  1.95229e-01  0.00000e+00
0095  2.81454e+18  2.18619e-21  3.16717e-07  8.30941e+06  1.97836e-01  0.00000e+00
0096  2.83295e+18  2.01413e-21  3.10615e-07  8.71416e+06  2.00440e-01  0.00000e+00
0097  2.85137e+18  1.87703e-21  3.04994e-07  9.07236e+06  2.03037e-01  0.00000e+00
0098  2.86978e+18  1.76268e-21  2.99829e-07  9.39988e+06  2.05625e-01  0.00000e+00
0099  2.88820e+18  1.66460e-21  2.94982e-07  9.71018e+06  2.08205e-01  0.00000e+00
0100  2.90661e+18  1.57961e-21  2.90534e-07  1.00032e+07  2.10779e-01  0.00000e+00
0101  2.92503e+18  1.50439e-21  2.86458e-07  1.02830e+07  2.13349e-01  0.00000e+00
0102  2.94345e+18  1.43682e-21  2.82609e-07  1.05539e+07  2.15916e-01  0.00000e+00
0103  2.96186e+18  1.37583e-21  2.78975e-07  1.08146e+07  2.18481e-01  0.00000e+00
0104  2.98028e+18  1.32052e-21  2.75532e-07  1.10643e+07  2.21045e-01  0.00000e+00
0105  2.99869e+18  1.27014e-21  2.72260e-07  1.13022e+07  2.23610e-01  0.00000e+00
0106  3.01711e+18  1.22398e-21  2.69138e-07  1.15280e+07  2.26177e-01  0.00000e+00
0107  3.03552e+18  1.18135e-21  2.66125e-07  1.17431e+07  2.28746e-01  0.00000e+00
0108  3.05394e+18  1.14173e-21  2.63204e-07  1.19488e+07  2.31320e-01  0.00000e+00
0109  3.07235e+18  1.10480e-21  2.60372e-07  1.21459e+07  2.33899e-01  0.00000e+00
0110  3.09077e+18  1.07035e-21  2.57641e-07  1.23351e+07  2.36485e-01  0.00000e+00
0111  3.10918e+18  1.03820e-21  2.55024e-07  1.25174e+07  2.39081e-01  0.00000e+00
0112  3.12760e+18  1.00822e-21  2.52531e-07  1.26933e+07  2.41688e-01  0.00000e+00
0113  3.14602e+18  9.80126e-22  2.50178e-07  1.28635e+07  2.44309e-01  0.00000e+00
0114  3.16443e+18  9.53747e-22  2.47938e-07  1.30289e+07  2.46946e-01  0.00000e+00
0115  3.18285e+18  9.28985e-22  2.45821e-07  1.31885e+07  2.49601e-01  0.00000e+00
0116  3.20126e+18  9.05700e-22  2.43818e-07  1.33418e+07  2.52277e-01  0.00000e+00
0117  3.21968e+18  8.83764e-22  2.41918e-07  1.34885e+07  2.54976e-01  0.00000e+00
0118  3.23809e+18  8.63041e-22  2.40110e-07  1.36282e+07  2.57699e-01  0.00000e+00
0119  3.25651e+18  8.43409e-22  2.38378e-07  1.37609e+07  2.60448e-01  0.00000e+00
0120  3.27492e+18  8.24773e-22  2.36712e-07  1.38864e+07  2.63226e-01  0.00000e+00
0121  3.29334e+18  8.07052e-22  2.35102e-07  1.40049e+07  2.66031e-01  0.00000e+00
0122  3.31176e+18  7.90175e-22  2.33542e-07  1.41167e+07  2.68866e-01  0.00000e+00
0123  3.33017e+18  7.74088e-22  2.32028e-07  1.42221e+07  2.71729e-01  0.00000e+00
0124  3.34859e+18  7.58748e-22  2.30562e-07  1.43218e+07  2.74622e-01  0.00000e+00
0125  3.36700e+18  7.44122e-22  2.29148e-07  1.44162e+07  2.77544e-01  0.00000e+00
0126  3.38542e+18  7.30186e-22  2.27793e-07  1.45060e+07  2.80493e-01  0.00000e+00
0127  3.40383e+18  7.16916e-22  2.26503e-07  1.45915e+07  2.83470e-01  0.00000e+00
0128  3.42225e+18  7.04286e-22  2.25283e-07  1.46730e+07  2.86474e-01  0.00000e+00
0129  3.44066e+18  6.92268e-22  2.24134e-07  1.47505e+07  2.89504e-01  0.00000e+00
0130  3.45908e+18  6.80827e-22  2.23054e-07  1.48242e+07  2.92560e-01  0.00000e+00
0131  3.47749e+18  6.69925e-22  2.22038e-07  1.48940e+07  2.95641e-01  0.00000e+00
0132  3.49591e+18  6.59519e-22  2.21076e-07  1.49601e+07  2.98746e-01  0.00000e+00
0133  3.51433e+18  6.49568e-22  2.20158e-07  1.50225e+07  3.01876e-01  0.00000e+00
0134  3.53274e+18  6.40032e-22  2.19275e-07  1.50812e+07  3.05030e-01  0.00000e+00
0135  3.55116e+18  6.30873e-22  2.18417e-07  1.51364e+07  3.08209e-01  0.00000e+00
0136  3.56957e+18  6.22055e-22  2.17577e-07  1.51881e+07  3.11413e-01  0.00000e+00
0137  3.58799e+18  6.13555e-22  2.16750e-07  1.52362e+07  3.14642e-01  0.00000e+00
0138  3.60640e+18  6.05360e-22  2.15936e-07  1.52808e+07  3.17898e-01  0.00000e+00
0139  3.62482e+18  5.97455e-22  2.15137e-07  1.53217e+07  3.21181e-01  0.00000e+00
0140  3.64323e+18  5.89829e-22  2.14355e-07  1.53591e+07  3.24494e-01  0.00000e+00
0141  3.66165e+18  5.82475e-22  2.13596e-07  1.53932e+07  3.27837e-01  0.00000e+00
0142  3.68007e+18  5.75384e-22  2.12865e-07  1.54242e+07  3.31214e-01  0.00000e+00
0143  3.69848e+18  5.68548e-22  2.12165e-07  1.54524e+07  3.34626e-01  0.00000e+00
0144  3.71690e+18  5.61954e-22  2.11498e-07  1.54785e+07  3.38076e-01  0.00000e+00
0145  3.73531e+18  5.55589e-22  2.10865e-07  1.55028e+07  3.41567e-01  0.00000e+00
0146  3.75373e+18  5.49435e-22  2.10261e-07  1.55258e+07  3.45102e-01  0.00000e+00
0147  3.77214e+18  5.43473e-22  2.09682e-07  1.55478e+07  3.48683e-01  0.00000e+00
0148  3.79056e+18  5.37685e-22  2.09124e-07  1.55690e+07  3.52313e-01  0.00000e+00
0149  3.80897e+18  5.32055e-22  2.08581e-07  1.55894e+07  3.55995e-01  0.00000e+00
0150  3.82739e+18  5.26566e-22  2.08050e-07  1.56089e+07  3.59732e-01  0.00000e+00
0151  3.84581e+18  5.21209e-22  2.07529e-07  1.56271e+07  3.63526e-01  0.00000e+00
0152  3.86422e+18  5.15971e-22  2.07016e-07  1.56439e+07  3.67381e-01  0.00000e+00
0153  3.88264e+18  5.10845e-22  2.06510e-07  1.56587e+07  3.71300e-01  0.00000e+00
0154  3.90105e+18  5.05821e-22  2.06011e-07  1.56714e+07  3.75286e-01  0.00000e+00
0155  3.91947e+18  5.00894e-22  2.05519e-07  1.56817e+07  3.79344e-01  0.00000e+00
0156  3.93788e+18  4.96058e-22  2.05035e-07  1.56896e+07  3.83477e-01  0.00000e+00
0157  3.95630e+18  4.91307e-22  2.04557e-07  1.56952e+07  3.87689e-01  0.00000e+00
0158  3.97471e+18  4.86634e-22  2.04085e-07  1.56987e+07  3.91982e-01  0.00000e+00
0159  3.99313e+18  4.82036e-22  2.03619e-07  1.57007e+07  3.96359e-01  0.00000e+00
0160  4.01155e+18  4.77509e-22  2.03157e-07  1.57016e+07  4.00820e-01  0.00000e+00
0161  4.02996e+18  4.73056e-22  2.02701e-07  1.57020e+07  4.05365e-01  0.00000e+00
0162  4.04838e+18  4.68680e-22  2.02253e-07  1.57022e+07  4.09992e-01  0.00000e+00
0163  4.06679e+18  4.64384e-22  2.01813e-07  1.57026e+07  4.14699e-01  0.00000e+00
0164  4.08521e+18  4.60174e-22  2.01383e-07  1.57031e+07  4.19481e-01  0.00000e+00
0165  4.10362e+18  4.56056e-22  2.00963e-07  1.57039e+07  4.24332e-01  0.00000e+00
0166  4.12204e+18  4.52036e-22  2.00555e-07  1.57046e+07  4.29247e-01  0.00000e+00
0167  4.14045e+18  4.48124e-22  2.00164e-07  1.57052e+07  4.34220e-01  0.00000e+00
0168  4.15887e+18  4.44314e-22  1.99780e-07  1.57050e+07  4.39246e-01  0.00000e+00
0169  4.17728e+18  4.40615e-22  1.99412e-07  1.57039e+07  4.44320e-01  0.00000e+00
0170  4.19570e+18  4.37019e-22  1.99053e-07  1.57016e+07  4.49441e-01  0.00000e+00
0171  4.21412e+18  4.33521e-22  1.98701e-07  1.56980e+07  4.54607e-01  0.00000e+00
0172  4.23253e+18  4.30117e-22  1.98354e-07  1.56932e+07  4.59821e-01  0.00000e+00
0173  4.25095e+18  4.26789e-22  1.98009e-07  1.56873e+07  4.65085e-01  0.00000e+00
0174  4.26936e+18  4.23511e-22  1.97660e-07  1.56803e+07  4.70403e-01  0.00000e+00
0175  4.28778e+18  4.20299e-22  1.97307e-07  1.56724e+07  4.75799e-01  0.00000e+00
0176  4.30619e+18  4.17247e-22  1.96946e-07  1.56638e+07  4.81295e-01  0.00000e+00
0177  4.32461e+18  4.14204e-22  1.96579e-07  1.56547e+07  4.86818e-01  0.00000e+00
0178  4.34302e+18  4.10293e-22  1.96207e-07  1.56453e+07  4.92247e-01  0.00000e+00
0179  4.36144e+18  4.05584e-22  1.95835e-07  1.56354e+07  4.98155e-01  0.00000e+00
0180  4.37986e+18  4.04637e-22  1.95465e-07  1.56259e+07  5.06383e-01  0.00000e+00
0181  4.39827e+18  4.07824e-22  1.95082e-07  1.56167e+07  5.14315e-01  0.00000e+00
0182  4.41669e+18  4.37445e-22  1.94725e-07  1.56092e+07  5.14560e-01  0.00000e+00
0183  4.43510e+18  6.39782e-22  1.94227e-07  1.56058e+07  5.07649e-01  0.00000e+00
0184  4.45352e+18  1.83397e-21  1.91534e-07  1.54758e+07  4.71387e-01  0.00000e+00
0185  4.47193e+18  5.74000e-21  1.67436e-07  1.42292e+07  3.87927e-01  0.00000e+00
0186  4.49035e+18  8.13910e-21  1.77626e-07  1.27856e+07  2.97244e-01  0.00000e+00
0187  4.50876e+18  8.08159e-21  1.75241e-07  1.24935e+07  2.17052e-01  0.00000e+00
0188  4.52718e+18  7.74053e-21  1.70042e-07  1.25215e+07  1.60812e-01  0.00000e+00
0189  4.54560e+18  7.19337e-21  1.62389e-07  1.26043e+07  1.34486e-01  0.00000e+00
0190  4.56401e+18  6.65696e-21  1.54693e-07  1.26873e+07  1.28346e-01  0.00000e+00
0191  4.58243e+18  6.19647e-21  1.48259e-07  1.27449e+07  1.27914e-01  0.00000e+00
0192  4.60084e+18  5.75838e-21  1.42527e-07  1.27983e+07  1.27938e-01  0.00000e+00
0193  4.61926e+18  5.24556e-21  1.36863e-07  1.28604e+07  1.28080e-01  0.00000e+00
0194  4.63767e+18  4.52263e-21  1.32566e-07  1.29672e+07  1.28443e-01  0.00000e+00
0195  4.65609e+18  3.52733e-21  1.29381e-07  1.32810e+07  1.29074e-01  0.00000e+00
0196  4.67450e+18  2.51349e-21  1.22341e-07  1.40337e+07  1.29933e-01  0.00000e+00
0197  4.69292e+18  1.81546e-21  1.13228e-07  1.49963e+07  1.30958e-01  0.00000e+00
0198  4.71134e+18  1.42584e-21  1.06680e-07  1.57863e+07  1.32094e-01  0.00000e+00
0199  4.72975e+18  1.20424e-21  1.02283e-07  1.63831e+07  1.33295e-01  0.00000e+00
0200  4.74817e+18  1.06371e-21  9.88318e-08  1.68685e+07  1.34527e-01  0.00000e+00
0201  4.76658e+18  9.65186e-22  9.58743e-08  1.72856e+07  1.35770e-01  0.00000e+00
0202  4.78500e+18  8.90489e-22  9.32665e-08  1.76551e+07  1.37016e-01  0.00000e+00
0203  4.80341e+18  8.30438e-22  9.09024e-08  1.79930e+07  1.38258e-01  0.00000e+00
0204  4.82183e+18  7.80362e-22  8.87216e-08  1.83067e+07  1.39493e-01  0.00000e+00
0205  4.84024e+18  7.37559e-22  8.67000e-08  1.86002e+07  1.40722e-01  0.00000e+00
0206  4.85866e+18  7.00256e-22  8.48120e-08  1.88769e+07  1.41942e-01  0.00000e+00
0207  4.87708e+18  6.67308e-22  8.30386e-08  1.91393e+07  1.43153e-01  0.00000e+00
0208  4.89549e+18  6.37951e-22  8.13674e-08  1.93887e+07  1.44357e-01  0.00000e+00
0209  4.91391e+18  6.11536e-22  7.97875e-08  1.96260e+07  1.45551e-01  0.00000e+00
0210  4.93232e+18  5.87454e-22  7.82887e-08  1.98542e+07  1.46737e-01  0.00000e+00
0211  4.95074e+18  5.65326e-22  7.68518e-08  2.00753e+07  1.47913e-01  0.00000e+00
0212  4.96915e+18  5.44908e-22  7.54752e-08  2.02894e+07  1.49080e-01  0.00000e+00
0213  4.98757e+18  5.25982e-22  7.41555e-08  2.04971e+07  1.50236e-01  0.00000e+00
0214  5.00598e+18  5.08363e-22  7.28870e-08  2.06989e+07  1.51382e-01  0.00000e+00
0215  5.02440e+18  4.91914e-22  7.16659e-08  2.08954e+07  1.52516e-01  0.00000e+00
0216  5.04282e+18  4.76525e-22  7.04899e-08  2.10867e+07  1.53639e-01  0.00000e+00
0217  5.06123e+18  4.62101e-22  6.93568e-08  2.12729e+07  1.54750e-01  0.00000e+00
0218  5.07965e+18  4.48557e-22  6.82646e-08  2.14540e+07  1.55847e-01  0.00000e+00
0219  5.09806e+18  4.35823e-22  6.72112e-08  2.16303e+07  1.56931e-01  0.00000e+00
0220  5.11648e+18  4.23833e-22  6.61944e-08  2.18019e+07  1.58001e-01  0.00000e+00
0221  5.13489e+18  4.12499e-22  6.52127e-08  2.19692e+07  1.59056e-01  0.00000e+00
0222  5.15331e+18  4.01739e-22  6.42606e-08  2.21332e+07  1.60095e-01  0.00000e+00
0223  5.17172e+18  3.91507e-22  6.33357e-08  2.22943e+07  1.61117e-01  0.00000e+00
0224  5.19014e+18  3.81774e-22  6.24376e-08  2.24524e+07  1.62122e-01  0.00000e+00
0225  5.20856e+18  3.72512e-22  6.15656e-08  2.26074e+07  1.63108e-01  0.00000e+00
0226  5.22697e+18  3.63695e-22  6.07189e-08  2.27594e+07  1.64073e-01  0.00000e+00
0227  5.24539e+18  3.55300e-22  5.98967e-08  2.29084e+07  1.65018e-01  0.00000e+00
0228  5.26380e+18  3.47303e-22  5.90980e-08  2.30544e+07  1.65941e-01  0.00000e+00
0229  5.28222e+18  3.39683e-22  5.83221e-08  2.31975e+07  1.66840e-01  0.00000e+00
0230  5.30063e+18  3.32418e-22  5.75681e-08  2.33376e+07  1.67717e-01  0.00000e+00
0231  5.31905e+18  3.25488e-22  5.68352e-08  2.34748e+07  1.68570e-01  0.00000e+00
0232  5.33746e+18  3.18871e-22  5.61227e-08  2.36092e+07  1.69399e-01  0.00000e+00
0233  5.35588e+18  3.12545e-22  5.54294e-08  2.37410e+07  1.70204e-01  0.00000e+00
0234  5.37430e+18  3.06492e-22  5.47543e-08  2.38702e+07  1.70985e-01  0.00000e+00
0235  5.39271e+18  3.00697e-22  5.40972e-08  2.39969e+07  1.71743e-01  0.00000e+00
0236  5.41113e+18  2.95143e-22  5.34574e-08  2.41210e+07  1.72478e-01  0.00000e+00
0237  5.42954e+18  2.89817e-22  5.28346e-08  2.42427e+07  1.73192e-01  0.00000e+00
0238  5.44796e+18  2.84707e-22  5.22284e-08  2.43618e+07  1.73885e-01  0.00000e+00
0239  5.46637e+18  2.79799e-22  5.16381e-08  2.44784e+07  1.74558e-01  0.00000e+00
0240  5.48479e+18  2.75079e-22  5.10635e-08  2.45926e+07  1.75213e-01  0.00000e+00
0241  5.50320e+18  2.70534e-22  5.05038e-08  2.47044e+07  1.75850e-01  0.00000e+00
0242  5.52162e+18  2.66153e-22  4.99586e-08  2.48139e+07  1.76472e-01  0.00000e+00
0243  5.54004e+18  2.61927e-22  4.94273e-08  2.49212e+07  1.77080e-01  0.00000e+00
0244  5.55845e+18  2.57848e-22  4.89095e-08  2.50262e+07  1.77674e-01  0.00000e+00
0245  5.57687e+18  2.53906e-22  4.84049e-08  2.51289e+07  1.78256e-01  0.00000e+00
0246  5.59528e+18  2.50094e-22  4.79129e-08  2.52295e+07  1.78828e-01  0.00000e+00
0247  5.61370e+18  2.46406e-22  4.74333e-08  2.53280e+07  1.79391e-01  0.00000e+00
0248  5.63211e+18  2.42835e-22  4.69658e-08  2.54242e+07  1.79946e-01  0.00000e+00
0249  5.65053e+18  2.39376e-22  4.65101e-08  2.55184e+07  1.80494e-01  0.00000e+00
0250  5.66894e+18  2.36025e-22  4.60661e-08  2.56102e+07  1.81037e-01  0.00000e+00
0251  5.68736e+18  2.32775e-22  4.56339e-08  2.56999e+07  1.81575e-01  0.00000e+00
0252  5.70578e+18  2.29616e-22  4.52121e-08  2.57877e+07  1.82110e-01  0.00000e+00
0253  5.72419e+18  2.26543e-22  4.48001e-08  2.58737e+07  1.82641e-01  0.00000e+00
0254  5.74261e+18  2.23553e-22  4.43979e-08  2.59579e+07  1.83171e-01  0.00000e+00
0255  5.76102e+18  2.20643e-22  4.40053e-08  2.60403e+07  1.83700e-01  0.00000e+00
0256  5.77944e+18  2.17809e-22  4.36222e-08  2.61209e+07  1.84227e-01  0.00000e+00
0257  5.79785e+18  2.15050e-22  4.32481e-08  2.61997e+07  1.84754e-01  0.00000e+00
0258  5.81627e+18  2.12363e-22  4.28829e-08  2.62767e+07  1.85281e-01  0.00000e+00
0259  5.83468e+18  2.09744e-22  4.25261e-08  2.63520e+07  1.85809e-01  0.00000e+00
0260  5.85310e+18  2.07191e-22  4.21776e-08  2.64257e+07  1.86336e-01  0.00000e+00
0261  5.87152e+18  2.04704e-22  4.18372e-08  2.64976e+07  1.86864e-01  0.00000e+00
0262  5.88993e+18  2.02278e-22  4.15045e-08  2.65679e+07  1.87393e-01  0.00000e+00
0263  5.90835e+18  1.99914e-22  4.11795e-08  2.66366e+07  1.87922e-01  0.00000e+00
0264  5.92676e+18  1.97610e-22  4.08620e-08  2.67037e+07  1.88451e-01  0.00000e+00
0265  5.94518e+18  1.95363e-22  4.05520e-08  2.67690e+07  1.88981e-01  0.00000e+00
0266  5.96359e+18  1.93173e-22  4.02493e-08  2.68327e+07  1.89511e-01  0.00000e+00
0267  5.98201e+18  1.91039e-22  3.99538e-08  2.68948e+07  1.90041e-01  0.00000e+00
0268  6.00043e+18  1.88959e-22  3.96654e-08  2.69552e+07  1.90571e-01  0.00000e+00
0269  6.01884e+18  1.86931e-22  3.93840e-08  2.70139e+07  1.91101e-01  0.00000e+00
0270  6.03726e+18  1.84955e-22  3.91095e-08  2.70710e+07  1.91630e-01  0.00000e+00
0271  6.05567e+18  1.83029e-22  3.88416e-08  2.71265e+07  1.92160e-01  0.00000e+00
0272  6.07409e+18  1.81151e-22  3.85802e-08  2.71803e+07  1.92689e-01  0.00000e+00
0273  6.09250e+18  1.79320e-22  3.83252e-08  2.72326e+07  1.93217e-01  0.00000e+00
0274  6.11092e+18  1.77536e-22  3.80764e-08  2.72832e+07  1.93745e-01  0.00000e+00
0275  6.12933e+18  1.75796e-22  3.78340e-08  2.73323e+07  1.94272e-01  0.00000e+00
0276  6.14775e+18  1.74100e-22  3.75976e-08  2.73797e+07  1.94799e-01  0.00000e+00
0277  6.16617e+18  1.72448e-22  3.73674e-08  2.74255e+07  1.95324e-01  0.00000e+00
0278  6.18458e+18  1.70836e-22  3.71431e-08  2.74697e+07  1.95850e-01  0.00000e+00
0279  6.20300e+18  1.69265e-22  3.69248e-08  2.75124e+07  1.96374e-01  0.00000e+00
0280  6.22141e+18  1.67733e-22  3.67120e-08  2.75535e+07  1.96898e-01  0.00000e+00
0281  6.23983e+18  1.66238e-22  3.65047e-08  2.75931e+07  1.97421e-01  0.00000e+00
0282  6.25824e+18  1.64779e-22  3.63025e-08  2.76313e+07  1.97944e-01  0.00000e+00
0283  6.27666e+18  1.63355e-22  3.61052e-08  2.76681e+07  1.98467e-01  0.00000e+00
0284  6.29507e+18  1.61963e-22  3.59126e-08  2.77036e+07  1.98989e-01  0.00000e+00
0285  6.31349e+18  1.60604e-22  3.57244e-08  2.77378e+07  1.99512e-01  0.00000e+00
0286  6.33191e+18  1.59275e-22  3.55406e-08  2.77708e+07  2.00034e-01  0.00000e+00
0287  6.35032e+18  1.57977e-22  3.53609e-08  2.78027e+07  2.00557e-01  0.00000e+00
0288  6.36874e+18  1.56706e-22  3.51852e-08  2.78334e+07  2.01080e-01  0.00000e+00
0289  6.38715e+18  1.55463e-22  3.50132e-08  2.78630e+07  2.01604e-01  0.00000e+00
0290  6.40557e+18  1.54246e-22  3.48447e-08  2.78916e+07  2.02128e-01  0.00000e+00
0291  6.42398e+18  1.53054e-22  3.46796e-08  2.79192e+07  2.02654e-01  0.00000e+00
0292  6.44240e+18  1.51886e-22  3.45177e-08  2.79459e+07  2.03181e-01  0.00000e+00
0293  6.46081e+18  1.50741e-22  3.43590e-08  2.79717e+07  2.03709e-01  0.00000e+00
0294  6.47923e+18  1.49619e-22  3.42034e-08  2.79966e+07  2.04238e-01  0.00000e+00
0295  6.49765e+18  1.48519e-22  3.40508e-08  2.80206e+07  2.04770e-01  0.00000e+00
0296  6.51606e+18  1.47441e-22  3.39013e-08  2.80437e+07  2.05303e-01  0.00000e+00
0297  6.53448e+18  1.46383e-22  3.37549e-08  2.80659e+07  2.05838e-01  0.00000e+00
0298  6.55289e+18  1.45347e-22  3.36114e-08  2.80872e+07  2.06376e-01  0.00000e+00
0299  6.57131e+18  1.44330e-22  3.34709e-08  2.81076e+07  2.06915e-01  0.00000e+00
0300  6.58972e+18  1.43333e-22  3.33333e-08  2.81272e+07  2.07458e-01  0.00000e+00
0301  6.60814e+18  1.42355e-22  3.31984e-08  2.81460e+07  2.08002e-01  0.00000e+00
0302  6.62655e+18  1.41394e-22  3.30663e-08  2.81639e+07  2.08550e-01  0.00000e+00
0303  6.64497e+18  1.40452e-22  3.29367e-08  2.81811e+07  2.09101e-01  0.00000e+00
0304  6.66339e+18  1.39526e-22  3.28095e-08  2.81976e+07  2.09654e-01  0.00000e+00
0305  6.68180e+18  1.38617e-22  3.26845e-08  2.82135e+07  2.10211e-01  0.00000e+00
0306  6.70022e+18  1.37722e-22  3.25615e-08  2.82287e+07  2.10771e-01  0.00000e+00
0307  6.71863e+18  1.36842e-22  3.24404e-08  2.82435e+07  2.11335e-01  0.00000e+00
0308  6.73705e+18  1.35977e-22  3.23211e-08  2.82578e+07  2.11903e-01  0.00000e+00
0309  6.75546e+18  1.35125e-22  3.22038e-08  2.82715e+07  2.12474e-01  0.00000e+00
0310  6.77388e+18  1.34287e-22  3.20883e-08  2.82847e+07  2.13050e-01  0.00000e+00
0311  6.79229e+18  1.33462e-22  3.19749e-08  2.82973e+07  2.13629e-01  0.00000e+00
0312  6.81071e+18  1.32652e-22  3.18635e-08  2.83094e+07  2.14213e-01  0.00000e+00
0313  6.82913e+18  1.31854e-22  3.17541e-08  2.83208e+07  2.14802e-01  0.00000e+00
0314  6.84754e+18  1.31069e-22  3.16465e-08  2.83318e+07  2.15395e-01  0.00000e+00
0315  6.86596e+18  1.30296e-22  3.15408e-08  2.83422e+07  2.15993e-01  0.00000e+00
0316  6.88437e+18  1.29534e-22  3.14366e-08  2.83523e+07  2.16596e-01  0.00000e+00
0317  6.90279e+18  1.28784e-22  3.13340e-08  2.83619e+07  2.17203e-01  0.00000e+00
0318  6.92120e+18  1.28044e-22  3.12327e-08  2.83712e+07  2.17816e-01  0.00000e+00
0319  6.93962e+18  1.27315e-22  3.11329e-08  2.83801e+07  2.18434e-01  0.00000e+00
0320  6.95803e+18  1.26596e-22  3.10344e-08  2.83887e+07  2.19056e-01  0.00000e+00
0321  6.97645e+18  1.25887e-22  3.09372e-08  2.83970e+07  2.19684e-01  0.00000e+00
0322  6.99487e+18  1.25188e-22  3.08415e-08  2.84049e+07  2.20317e-01  0.00000e+00
0323  7.01328e+18  1.24499e-22  3.07473e-08  2.84124e+07  2.20954e-01  0.00000e+00
0324  7.03170e+18  1.23821e-22  3.06544e-08  2.84195e+07  2.21597e-01  0.00000e+00
0325  7.05011e+18  1.23152e-22  3.05631e-08  2.84263e+07  2.22244e-01  0.00000e+00
0326  7.06853e+18  1.22493e-22  3.04731e-08  2.84327e+07  2.22896e-01  0.00000e+00
0327  7.08694e+18  1.21843e-22  3.03844e-08  2.84388e+07  2.23553e-01  0.00000e+00
0328  7.10536e+18  1.21202e-22  3.02970e-08  2.84446e+07  2.24214e-01  0.00000e+00
0329  7.12378e+18  1.20571e-22  3.02107e-08  2.84501e+07  2.24880e-01  0.00000e+00
0330  7.14219e+18  1.19947e-22  3.01255e-08  2.84554e+07  2.25551e-01  0.00000e+00
0331  7.16061e+18  1.19330e-22  3.00413e-08  2.84605e+07  2.26227e-01  0.00000e+00
0332  7.17902e+18  1.18719e-22  2.99581e-08  2.84654e+07  2.26908e-01  0.00000e+00
0333  7.19744e+18  1.18113e-22  2.98759e-08  2.84700e+07  2.27594e-01  0.00000e+00
0334  7.21585e+18  1.17512e-22  2.97948e-08  2.84745e+07  2.28285e-01  0.00000e+00
0335  7.23427e+18  1.16917e-22  2.97146e-08  2.84788e+07  2.28982e-01  0.00000e+00
0336  7.25268e+18  1.16331e-22  2.96354e-08  2.84830e+07  2.29683e-01  0.00000e+00
0337  7.27110e+18  1.15753e-22  2.95572e-08  2.84869e+07  2.30390e-01  0.00000e+00
0338  7.28952e+18  1.15185e-22  2.94800e-08  2.84907e+07  2.31101e-01  0.00000e+00
0339  7.30793e+18  1.14624e-22  2.94038e-08  2.84942e+07  2.31818e-01  0.00000e+00
0340  7.32635e+18  1.14071e-22  2.93285e-08  2.84974e+07  2.32540e-01  0.00000e+00
0341  7.34476e+18  1.13526e-22  2.92543e-08  2.85005e+07  2.33267e-01  0.00000e+00
0342  7.36318e+18  1.12987e-22  2.91810e-08  2.85033e+07  2.34000e-01  0.00000e+00
0343  7.38159e+18  1.12456e-22  2.91087e-08  2.85058e+07  2.34738e-01  0.00000e+00
0344  7.40001e+18  1.11931e-22  2.90374e-08  2.85081e+07  2.35480e-01  0.00000e+00
0345  7.41842e+18  1.11413e-22  2.89669e-08  2.85102e+07  2.36229e-01  0.00000e+00
0346  7.43684e+18  1.10901e-22  2.88974e-08  2.85121e+07  2.36982e-01  0.00000e+00
0347  7.45526e+18  1.10396e-22  2.88287e-08  2.85138e+07  2.37741e-01  0.00000e+00
0348  7.47367e+18  1.09896e-22  2.87608e-08  2.85153e+07  2.38504e-01  0.00000e+00
0349  7.49209e+18  1.09404e-22  2.86938e-08  2.85166e+07  2.39274e-01  0.00000e+00
0350  7.51050e+18  1.08917e-22  2.86277e-08  2.85176e+07  2.40048e-01  0.00000e+00
0351  7.52892e+18  1.08436e-22  2.85624e-08  2.85184e+07  2.40829e-01  0.00000e+00
0352  7.54733e+18  1.07962e-22  2.84983e-08  2.85189e+07  2.41616e-01  0.00000e+00
0353  7.56575e+18  1.07494e-22  2.84351e-08  2.85191e+07  2.42411e-01  0.00000e+00
0354  7.58416e+18  1.07030e-22  2.83727e-08  2.85190e+07  2.43213e-01  0.00000e+00
0355  7.60258e+18  1.06571e-22  2.83112e-08  2.85186e+07  2.44026e-01  0.00000e+00
0356  7.62100e+18  1.06117e-22  2.82508e-08  2.85180e+07  2.44849e-01  0.00000e+00
0357  7.63941e+18  1.05667e-22  2.81915e-08  2.85169e+07  2.45687e-01  0.00000e+00
0358  7.65783e+18  1.05219e-22  2.81332e-08  2.85156e+07  2.46539e-01  0.00000e+00
0359  7.67624e+18  1.04774e-22  2.80755e-08  2.85141e+07  2.47410e-01  0.00000e+00
0360  7.69466e+18  1.04328e-22  2.80184e-08  2.85124e+07  2.48302e-01  0.00000e+00
0361  7.71307e+18  1.03880e-22  2.79614e-08  2.85107e+07  2.49218e-01  0.00000e+00
0362  7.73149e+18  1.03429e-22  2.79042e-08  2.85093e+07  2.50161e-01  0.00000e+00
0363  7.74990e+18  1.02973e-22  2.78463e-08  2.85083e+07  2.51134e-01  0.00000e+00
0364  7.76832e+18  1.02510e-22  2.77875e-08  2.85076e+07  2.52139e-01  0.00000e+00
0365  7.78674e+18  1.02040e-22  2.77281e-08  2.85076e+07  2.53179e-01  0.00000e+00
0366  7.80515e+18  1.01564e-22  2.76683e-08  2.85077e+07  2.54255e-01  0.00000e+00
0367  7.82357e+18  1.01082e-22  2.76082e-08  2.85080e+07  2.55366e-01  0.00000e+00
0368  7.84198e+18  1.00595e-22  2.75485e-08  2.85084e+07  2.56513e-01  0.00000e+00
0369  7.86040e+18  1.00105e-22  2.74891e-08  2.85084e+07  2.57692e-01  0.00000e+00
0370  7.87881e+18  9.96141e-23  2.74305e-08  2.85082e+07  2.58900e-01  0.00000e+00
0371  7.89723e+18  9.91247e-23  2.73733e-08  2.85075e+07  2.60131e-01  0.00000e+00
0372  7.91564e+18  9.86405e-23  2.73179e-08  2.85061e+07  2.61376e-01  0.00000e+00
0373  7.93406e+18  9.81652e-23  2.72645e-08  2.85037e+07  2.62626e-01  0.00000e+00
0374  7.95248e+18  9.77027e-23  2.72136e-08  2.85002e+07  2.63870e-01  0.00000e+00
0375  7.97089e+18  9.72567e-23  2.71651e-08  2.84956e+07  2.65094e-01  0.00000e+00
0376  7.98931e+18  9.68305e-23  2.71189e-08  2.84900e+07  2.66286e-01  0.00000e+00
0377  8.00772e+18  9.64266e-23  2.70745e-08  2.84835e+07  2.67432e-01  0.00000e+00
0378  8.02614e+18  9.60472e-23  2.70315e-08  2.84764e+07  2.68519e-01  0.00000e+00
0379  8.04455e+18  9.56936e-23  2.69894e-08  2.84688e+07  2.69537e-01  0.00000e+00
0380  8.06297e+18  9.53665e-23  2.69479e-08  2.84610e+07  2.70479e-01  0.00000e+00
0381  8.08139e+18  9.50656e-23  2.69066e-08  2.84532e+07  2.71340e-01  0.00000e+00
0382  8.09980e+18  9.47894e-23  2.68652e-08  2.84454e+07  2.72123e-01  0.00000e+00
0383  8.11822e+18  9.45355e-23  2.68235e-08  2.84379e+07  2.72830e-01  0.00000e+00
0384  8.13663e+18  9.43005e-23  2.67812e-08  2.84306e+07  2.73472e-01  0.00000e+00
0385  8.15505e+18  9.40803e-23  2.67381e-08  2.84238e+07  2.74060e-01  0.00000e+00
0386  8.17346e+18  9.38705e-23  2.66940e-08  2.84175e+07  2.74608e-01  0.00000e+00
0387  8.19188e+18  9.36668e-23  2.66489e-08  2.84118e+07  2.75130e-01  0.00000e+00
0388  8.21029e+18  9.34650e-23  2.66025e-08  2.84067e+07  2.75639e-01  0.00000e+00
0389  8.22871e+18  9.32612e-23  2.65550e-08  2.84022e+07  2.76149e-01  0.00000e+00
0390  8.24713e+18  9.30520e-23  2.65062e-08  2.83985e+07  2.76671e-01  0.00000e+00
0391  8.26554e+18  9.28347e-23  2.64560e-08  2.83954e+07  2.77214e-01  0.00000e+00
0392  8.28396e+18  9.26077e-23  2.64047e-08  2.83931e+07  2.77786e-01  0.00000e+00
0393  8.30237e+18  9.23679e-23  2.63512e-08  2.83915e+07  2.78392e-01  0.00000e+00
0394  8.32079e+18  9.21161e-23  2.62961e-08  2.83913e+07  2.79035e-01  0.00000e+00
0395  8.33920e+18  9.18539e-23  2.62400e-08  2.83916e+07  2.79715e-01  0.00000e+00
0396  8.35762e+18  9.15816e-23  2.61827e-08  2.83925e+07  2.80431e-01  0.00000e+00
0397  8.37603e+18  9.12996e-23  2.61235e-08  2.83943e+07  2.81179e-01  0.00000e+00
0398  8.39445e+18  9.10088e-23  2.60620e-08  2.83974e+07  2.81954e-01  0.00000e+00
0399  8.41287e+18  9.07109e-23  2.59981e-08  2.84017e+07  2.82748e-01  0.00000e+00
0400  8.43128e+18  9.04084e-23  2.59319e-08  2.84073e+07  2.83555e-01  0.00000e+00
0401  8.44970e+18  9.01034e-23  2.58638e-08  2.84140e+07  2.84369e-01  0.00000e+00
0402  8.46811e+18  8.97979e-23  2.57938e-08  2.84218e+07  2.85184e-01  0.00000e+00
0403  8.48653e+18  8.94933e-23  2.57221e-08  2.84305e+07  2.85994e-01  0.00000e+00
0404  8.50494e+18  8.91903e-23  2.56488e-08  2.84401e+07  2.86797e-01  0.00000e+00
0405  8.52336e+18  8.88895e-23  2.55740e-08  2.84507e+07  2.87590e-01  0.00000e+00
0406  8.54177e+18  8.85911e-23  2.54978e-08  2.84620e+07  2.88372e-01  0.00000e+00
0407  8.56019e+18  8.82951e-23  2.54203e-08  2.84742e+07  2.89144e-01  0.00000e+00
0408  8.57861e+18  8.80011e-23  2.53418e-08  2.84871e+07  2.89907e-01  0.00000e+00
0409  8.59702e+18  8.77090e-23  2.52621e-08  2.85007e+07  2.90663e-01  0.00000e+00
0410  8.61544e+18  8.74181e-23  2.51815e-08  2.85149e+07  2.91414e-01  0.00000e+00
0411  8.63385e+18  8.71280e-23  2.51000e-08  2.85297e+07  2.92162e-01  0.00000e+00
0412  8.65227e+18  8.68384e-23  2.50177e-08  2.85452e+07  2.92908e-01  0.00000e+00
0413  8.67068e+18  8.65489e-23  2.49346e-08  2.85612e+07  2.93655e-01  0.00000e+00
0414  8.68910e+18  8.62592e-23  2.48507e-08  2.85777e+07  2.94404e-01  0.00000e+00
0415  8.70751e+18  8.59693e-23  2.47661e-08  2.85948e+07  2.95155e-01  0.00000e+00
0416  8.72593e+18  8.56790e-23  2.46809e-08  2.86125e+07  2.95910e-01  0.00000e+00
0417  8.74435e+18  8.53883e-23  2.45949e-08  2.86307e+07  2.96668e-01  0.00000e+00
0418  8.76276e+18  8.50973e-23  2.45083e-08  2.86494e+07  2.97430e-01  0.00000e+00
0419  8.78118e+18  8.48060e-23  2.44210e-08  2.86686e+07  2.98195e-01  0.00000e+00
0420  8.79959e+18  8.45146e-23  2.43332e-08  2.86884e+07  2.98962e-01  0.00000e+00
0421  8.81801e+18  8.42231e-23  2.42447e-08  2.87087e+07  2.99733e-01  0.00000e+00
0422  8.83642e+18  8.39316e-23  2.41557e-08  2.87294e+07  3.00507e-01  0.00000e+00
0423  8.85484e+18  8.36402e-23  2.40661e-08  2.87507e+07  3.01282e-01  0.00000e+00
0424  8.87326e+18  8.33488e-23  2.39760e-08  2.87725e+07  3.02061e-01  0.00000e+00
0425  8.89167e+18  8.30577e-23  2.38854e-08  2.87947e+07  3.02841e-01  0.00000e+00
0426  8.91009e+18  8.27667e-23  2.37943e-08  2.88175e+07  3.03624e-01  0.00000e+00
0427  8.92850e+18  8.24759e-23  2.37028e-08  2.88407e+07  3.04410e-01  0.00000e+00
0428  8.94692e+18  8.21854e-23  2.36109e-08  2.88643e+07  3.05197e-01  0.00000e+00
0429  8.96533e+18  8.18951e-23  2.35185e-08  2.88884e+07  3.05988e-01  0.00000e+00
0430  8.98375e+18  8.16051e-23  2.34258e-08  2.89129e+07  3.06781e-01  0.00000e+00
0431  9.00216e+18  8.13154e-23  2.33327e-08  2.89379e+07  3.07576e-01  0.00000e+00
0432  9.02058e+18  8.10262e-23  2.32394e-08  2.89632e+07  3.08374e-01  0.00000e+00
0433  9.03900e+18  8.07375e-23  2.31458e-08  2.89889e+07  3.09175e-01  0.00000e+00
0434  9.05741e+18  8.04493e-23  2.30520e-08  2.90150e+07  3.09978e-01  0.00000e+00
0435  9.07583e+18  8.01619e-23  2.29581e-08  2.90414e+07  3.10783e-01  0.00000e+00
0436  9.09424e+18  7.98753e-23  2.28640e-08  2.90682e+07  3.11591e-01  0.00000e+00
0437  9.11266e+18  7.95895e-23  2.27699e-08  2.90952e+07  3.12402e-01  0.00000e+00
0438  9.13107e+18  7.93046e-23  2.26758e-08  2.91224e+07  3.13214e-01  0.00000e+00
0439  9.14949e+18  7.90208e-23  2.25817e-08  2.91499e+07  3.14029e-01  0.00000e+00
0440  9.16790e+18  7.87381e-23  2.24876e-08  2.91777e+07  3.14847e-01  0.00000e+00
0441  9.18632e+18  7.84566e-23  2.23937e-08  2.92056e+07  3.15667e-01  0.00000e+00
0442  9.20474e+18  7.81763e-23  2.22999e-08  2.92337e+07  3.16489e-01  0.00000e+00
0443  9.22315e+18  7.78972e-23  2.22062e-08  2.92620e+07  3.17313e-01  0.00000e+00
0444  9.24157e+18  7.76195e-23  2.21128e-08  2.92904e+07  3.18139e-01  0.00000e+00
0445  9.25998e+18  7.73431e-23  2.20195e-08  2.93189e+07  3.18967e-01  0.00000e+00
0446  9.27840e+18  7.70682e-23  2.19265e-08  2.93476e+07  3.19797e-01  0.00000e+00
0447  9.29681e+18  7.67948e-23  2.18337e-08  2.93764e+07  3.20628e-01  0.00000e+00
0448  9.31523e+18  7.65229e-23  2.17412e-08  2.94053e+07  3.21461e-01  0.00000e+00
0449  9.33364e+18  7.62527e-23  2.16489e-08  2.94344e+07  3.22294e-01  0.00000e+00
0450  9.35206e+18  7.59841e-23  2.15569e-08  2.94635e+07  3.23128e-01  0.00000e+00
0451  9.37048e+18  7.57174e-23  2.14653e-08  2.94927e+07  3.23962e-01  0.00000e+00
0452  9.38889e+18  7.54525e-23  2.13739e-08  2.95220e+07  3.24796e-01  0.00000e+00
0453  9.40731e+18  7.51895e-23  2.12828e-08  2.95513e+07  3.25629e-01  0.00000e+00
0454  9.42572e+18  7.49284e-23  2.11921e-08  2.95808e+07  3.26462e-01  0.00000e+00
0455  9.44414e+18  7.46694e-23  2.11016e-08  2.96103e+07  3.27293e-01  0.00000e+00
0456  9.46255e+18  7.44124e-23  2.10115e-08  2.96399e+07  3.28122e-01  0.00000e+00
0457  9.48097e+18  7.41576e-23  2.09217e-08  2.96696e+07  3.28949e-01  0.00000e+00
0458  9.49939e+18  7.39048e-23  2.08321e-08  2.96994e+07  3.29775e-01  0.00000e+00
0459  9.51780e+18  7.36542e-23  2.07429e-08  2.97292e+07  3.30598e-01  0.00000e+00
0460  9.53622e+18  7.34057e-23  2.06540e-08  2.97591e+07  3.31420e-01  0.00000e+00
0461  9.55463e+18  7.31593e-23  2.05654e-08  2.97891e+07  3.32240e-01  0.00000e+00
0462  9.57305e+18  7.29150e-23  2.04771e-08  2.98191e+07  3.33058e-01  0.00000e+00
0463  9.59146e+18  7.26727e-23  2.03891e-08  2.98492e+07  3.33875e-01  0.00000e+00
0464  9.60988e+18  7.24323e-23  2.03015e-08  2.98794e+07  3.34691e-01  0.00000e+00
0465  9.62829e+18  7.21938e-23  2.02141e-08  2.99097e+07  3.35507e-01  0.00000e+00
0466  9.64671e+18  7.19569e-23  2.01271e-08  2.99400e+07  3.36324e-01  0.00000e+00
0467  9.66513e+18  7.17216e-23  2.00404e-08  2.99703e+07  3.37141e-01  0.00000e+00
0468  9.68354e+18  7.14878e-23  1.99540e-08  3.00007e+07  3.37961e-01  0.00000e+00
0469  9.70196e+18  7.12554e-23  1.98680e-08  3.00312e+07  3.38782e-01  0.00000e+00
0470  9.72037e+18  7.10242e-23  1.97823e-08  3.00616e+07  3.39607e-01  0.00000e+00
0471  9.73879e+18  7.07942e-23  1.96970e-08  3.00921e+07  3.40435e-01  0.00000e+00
0472  9.75720e+18  7.05653e-23  1.96120e-08  3.01227e+07  3.41267e-01  0.00000e+00
0473  9.77562e+18  7.03375e-23  1.95274e-08  3.01532e+07  3.42104e-01  0.00000e+00
0474  9.79403e+18  7.01107e-23  1.94432e-08  3.01837e+07  3.42946e-01  0.00000e+00
0475  9.81245e+18  6.98851e-23  1.93594e-08  3.02143e+07  3.43792e-01  0.00000e+00
0476  9.83087e+18  6.96605e-23  1.92760e-08  3.02448e+07  3.44644e-01  0.00000e+00
0477  9.84928e+18  6.94370e-23  1.91931e-08  3.02752e+07  3.45502e-01  0.00000e+00
0478  9.86770e+18  6.92146e-23  1.91106e-08  3.03056e+07  3.46365e-01  0.00000e+00
0479  9.88611e+18  6.89932e-23  1.90285e-08  3.03360e+07  3.47235e-01  0.00000e+00
0480  9.90453e+18  6.87729e-23  1.89469e-08  3.03663e+07  3.48111e-01  0.00000e+00
0481  9.92294e+18  6.85535e-23  1.88658e-08  3.03966e+07  3.48995e-01  0.00000e+00
0482  9.94136e+18  6.83351e-23  1.87850e-08  3.04268e+07  3.49885e-01  0.00000e+00
0483  9.95977e+18  6.81176e-23  1.87047e-08  3.04570e+07  3.50783e-01  0.00000e+00
0484  9.97819e+18  6.79008e-23  1.86248e-08  3.04872e+07  3.51688e-01  0.00000e+00
0485  9.99661e+18  6.76847e-23  1.85453e-08  3.05173e+07  3.52603e-01  0.00000e+00
0486  1.00150e+19  6.74690e-23  1.84662e-08  3.05474e+07  3.53527e-01  0.00000e+00
0487  1.00334e+19  6.72538e-23  1.83875e-08  3.05775e+07  3.54461e-01  0.00000e+00
0488  1.00519e+19  6.70386e-23  1.83091e-08  3.06076e+07  3.55406e-01  0.00000e+00
0489  1.00703e+19  6.68234e-23  1.82310e-08  3.06377e+07  3.56363e-01  0.00000e+00
0490  1.00887e+19  6.66080e-23  1.81533e-08  3.06678e+07  3.57333e-01  0.00000e+00
0491  1.01071e+19  6.63921e-23  1.80759e-08  3.06979e+07  3.58316e-01  0.00000e+00
0492  1.01255e+19  6.61755e-23  1.79988e-08  3.07280e+07  3.59314e-01  0.00000e+00
0493  1.01439e+19  6.59580e-23  1.79221e-08  3.07582e+07  3.60328e-01  0.00000e+00
0494  1.01623e+19  6.57395e-23  1.78456e-08  3.07884e+07  3.61358e-01  0.00000e+00
0495  1.01808e+19  6.55199e-23  1.77695e-08  3.08186e+07  3.62405e-01  0.00000e+00
0496  1.01992e+19  6.52993e-23  1.76937e-08  3.08488e+07  3.63470e-01  0.00000e+00
0497  1.02176e+19  6.50776e-23  1.76182e-08  3.08790e+07  3.64553e-01  0.00000e+00
0498  1.02360e+19  6.48549e-23  1.75431e-08  3.09093e+07  3.65655e-01  0.00000e+00
0499  1.02544e+19  6.46315e-23  1.74683e-08  3.09395e+07  3.66775e-01  0.00000e+00
0500  1.02728e+19  6.44074e-23  1.73939e-08  3.09697e+07  3.67915e-01  0.00000e+00
0501  1.02913e+19  6.41828e-23  1.73199e-08  3.09999e+07  3.69072e-01  0.00000e+00
0502  1.03097e+19  6.39578e-23  1.72462e-08  3.10301e+07  3.70248e-01  0.00000e+00
0503  1.03281e+19  6.37327e-23  1.71729e-08  3.10602e+07  3.71443e-01  0.00000e+00
0504  1.03465e+19  6.35074e-23  1.70999e-08  3.10903e+07  3.72654e-01  0.00000e+00
0505  1.03649e+19  6.32821e-23  1.70274e-08  3.11204e+07  3.73883e-01  0.00000e+00
0506  1.03833e+19  6.30568e-23  1.69552e-08  3.11505e+07  3.75128e-01  0.00000e+00
0507  1.04017e+19  6.28318e-23  1.68834e-08  3.11805e+07  3.76388e-01  0.00000e+00
0508  1.04202e+19  6.26070e-23  1.68119e-08  3.12106e+07  3.77663e-01  0.00000e+00
0509  1.04386e+19  6.23826e-23  1.67408e-08  3.12405e+07  3.78952e-01  0.00000e+00
0510  1.04570e+19  6.21587e-23  1.66701e-08  3.12705e+07  3.80252e-01  0.00000e+00
0511  1.04754e+19  6.19356e-23  1.65997e-08  3.13005e+07  3.81564e-01  0.00000e+00
0512  1.04938e+19  6.17134e-23  1.65296e-08  3.13304e+07  3.82885e-01  0.00000e+00
0513  1.05122e+19  6.14923e-23  1.64599e-08  3.13604e+07  3.84214e-01  0.00000e+00
0514  1.05307e+19  6.12724e-23  1.63906e-08  3.13903e+07  3.85550e-01  0.00000e+00
0515  1.05491e+19  6.10539e-23  1.63215e-08  3.14202e+07  3.86892e-01  0.00000e+00
0516  1.05675e+19  6.08371e-23  1.62528e-08  3.14502e+07  3.88239e-01  0.00000e+00
0517  1.05859e+19  6.06220e-23  1.61843e-08  3.14801e+07  3.89590e-01  0.00000e+00
0518  1.06043e+19  6.04088e-23  1.61162e-08  3.15100e+07  3.90943e-01  0.00000e+00
0519  1.06227e+19  6.01975e-23  1.60484e-08  3.15399e+07  3.92299e-01  0.00000e+00
0520  1.06412e+19  5.99881e-23  1.59810e-08  3.15699e+07  3.93658e-01  0.00000e+00
0521  1.06596e+19  5.97796e-23  1.59138e-08  3.15998e+07  3.95019e-01  0.00000e+00
0522  1.06780e+19  5.95704e-23  1.58470e-08  3.16297e+07  3.96384e-01  0.00000e+00
0523  1.06964e+19  5.93574e-23  1.57805e-08  3.16596e+07  3.97756e-01  0.00000e+00
0524  1.07148e+19  5.91357e-23  1.57143e-08  3.16894e+07  3.99140e-01  0.00000e+00
0525  1.07332e+19  5.88988e-23  1.56485e-08  3.17192e+07  4.00548e-01  0.00000e+00
0526  1.07516e+19  5.86413e-23  1.55831e-08  3.17489e+07  4.01996e-01  0.00000e+00
0527  1.07701e+19  5.83689e-23  1.55181e-08  3.17786e+07  4.03513e-01  0.00000e+00
0528  1.07885e+19  5.81229e-23  1.54535e-08  3.18082e+07  4.05139e-01  0.00000e+00
0529  1.08069e+19  5.79853e-23  1.53893e-08  3.18378e+07  4.06918e-01  0.00000e+00
0530  1.08253e+19  5.79616e-23  1.53252e-08  3.18673e+07  4.08850e-01  0.00000e+00
0531  1.08437e+19  5.79653e-23  1.52613e-08  3.18969e+07  4.10743e-01  0.00000e+00
0532  1.08621e+19  5.79889e-23  1.51975e-08  3.19265e+07  4.12048e-01  0.00000e+00
0533  1.08806e+19  5.80596e-23  1.51339e-08  3.19561e+07  4.12417e-01  0.00000e+00
0534  1.08990e+19  5.82151e-23  1.50702e-08  3.19857e+07  4.12415e-01  0.00000e+00
0535  1.09174e+19  5.85068e-23  1.50066e-08  3.20153e+07  4.12318e-01  0.00000e+00
0536  1.09358e+19  5.90030e-23  1.49426e-08  3.20451e+07  4.11989e-01  0.00000e+00
0537  1.09542e+19  5.97922e-23  1.48782e-08  3.20750e+07  4.11251e-01  0.00000e+00
0538  1.09726e+19  6.09855e-23  1.48129e-08  3.21051e+07  4.09903e-01  0.00000e+00
0539  1.09910e+19  6.27171e-23  1.47461e-08  3.21357e+07  4.07723e-01  0.00000e+00
0540  1.10095e+19  6.51414e-23  1.46774e-08  3.21671e+07  4.04479e-01  0.00000e+00
0541  1.10279e+19  6.84238e-23  1.46057e-08  3.21996e+07  3.99950e-01  0.00000e+00
0542  1.10463e+19  7.27228e-23  1.45300e-08  3.22336e+07  3.93941e-01  0.00000e+00
0543  1.10647e+19  7.81633e-23  1.44491e-08  3.22695e+07  3.86313e-01  0.00000e+00
0544  1.10831e+19  8.48049e-23  1.43618e-08  3.23081e+07  3.77002e-01  0.00000e+00
0545  1.11015e+19  9.26125e-23  1.42668e-08  3.23501e+07  3.66042e-01  0.00000e+00
0546  1.11200e+19  1.01437e-22  1.41629e-08  3.23972e+07  3.53572e-01  0.00000e+00
0547  1.11384e+19  1.10997e-22  1.40492e-08  3.24507e+07  3.39848e-01  0.00000e+00
0548  1.11568e+19  1.20814e-22  1.39250e-08  3.25123e+07  3.25247e-01  0.00000e+00
0549  1.11752e+19  1.30004e-22  1.37906e-08  3.25834e+07  3.10276e-01  0.00000e+00
0550  1.11936e+19  1.37029e-22  1.36471e-08  3.26638e+07  2.95525e-01  0.00000e+00
0551  1.12120e+19  1.40459e-22  1.34965e-08  3.27513e+07  2.81458e-01  0.00000e+00
0552  1.12305e+19  1.41144e-22  1.33442e-08  3.28421e+07  2.68401e-01  0.00000e+00
0553  1.12489e+19  1.41153e-22  1.31875e-08  3.29376e+07  2.55973e-01  0.00000e+00
0554  1.12673e+19  1.41106e-22  1.30496e-08  3.30231e+07  2.45728e-01  0.00000e+00
0555  1.12857e+19  1.40695e-22  1.28109e-08  3.31752e+07  2.29895e-01  0.00000e+00
