# Athena++ data at time=4.090000e+12  cycle=274071569  variables=uov 
# i       x1v         user_out_var0          user_out_var1          user_out_var2          user_out_var3          user_out_var4          user_out_var5      
0002  1.13875e+18  4.91745e+00  3.03478e+04  5.59999e-16  0.00000e+00  0.00000e+00  3.02826e-05
0003  1.15716e+18  1.03218e+01  4.00223e+04  8.70656e-17  0.00000e+00  0.00000e+00  2.93264e-05
0004  1.17558e+18  1.54636e+01  4.91675e+04  4.30145e-17  0.00000e+00  0.00000e+00  2.84148e-05
0005  1.19399e+18  2.23004e+01  6.13413e+04  6.27726e-17  0.00000e+00  0.00000e+00  2.75451e-05
0006  1.21241e+18  3.29234e+01  8.15987e+04  1.03473e-16  0.00000e+00  0.00000e+00  2.67147e-05
0007  1.23082e+18  5.31275e+01  1.23383e+05  1.29044e-16  0.00000e+00  0.00000e+00  2.59213e-05
0008  1.24924e+18  6.27569e+01  1.36872e+05  2.81802e-17  0.00000e+00  0.00000e+00  2.51628e-05
0009  1.26765e+18  6.77532e+01  1.43373e+05  2.26095e-17  0.00000e+00  0.00000e+00  2.44370e-05
0010  1.28607e+18  7.21106e+01  1.48194e+05  2.04176e-17  0.00000e+00  0.00000e+00  2.37422e-05
0011  1.30448e+18  7.54134e+01  1.50866e+05  1.48583e-17  0.00000e+00  0.00000e+00  2.30766e-05
0012  1.32290e+18  7.84606e+01  1.53363e+05  1.49506e-17  0.00000e+00  0.00000e+00  2.24386e-05
0013  1.34131e+18  8.15900e+01  1.55963e+05  1.49566e-17  0.00000e+00  0.00000e+00  2.18267e-05
0014  1.35973e+18  8.47003e+01  1.58586e+05  1.40250e-17  0.00000e+00  0.00000e+00  2.12395e-05
0015  1.37814e+18  8.75319e+01  1.60745e+05  1.22511e-17  0.00000e+00  0.00000e+00  2.06757e-05
0016  1.39656e+18  9.02150e+01  1.62802e+05  1.17370e-17  0.00000e+00  0.00000e+00  2.01340e-05
0017  1.41497e+18  9.28809e+01  1.64893e+05  1.14583e-17  0.00000e+00  0.00000e+00  1.96134e-05
0018  1.43339e+18  9.54906e+01  1.66991e+05  1.02843e-17  0.00000e+00  0.00000e+00  1.91126e-05
0019  1.45180e+18  9.74409e+01  1.67935e+05 -8.01556e-19  0.00000e+00  0.00000e+00  1.86309e-05
0020  1.47022e+18  9.97015e+01  1.69825e+05  1.02696e-17  0.00000e+00  0.00000e+00  1.81671e-05
0021  1.48863e+18  1.02341e+02  1.72121e+05 -1.15761e-16  0.00000e+00  0.00000e+00  1.77204e-05
0022  1.50705e+18  1.04374e+02  1.73445e+05  7.54554e-18  0.00000e+00  0.00000e+00  1.72900e-05
0023  1.52546e+18  1.06316e+02  1.75006e+05  8.08411e-18  0.00000e+00  0.00000e+00  1.68750e-05
0024  1.54388e+18  1.08433e+02  1.76771e+05  8.32894e-18  0.00000e+00  0.00000e+00  1.64749e-05
0027  1.56229e+18  1.10560e+02  1.78615e+05  8.09550e-18  0.00000e+00  0.00000e+00  1.60888e-05
0028  1.58071e+18  1.12660e+02  1.80511e+05  7.90163e-18  0.00000e+00  0.00000e+00  1.57161e-05
0029  1.59912e+18  1.14756e+02  1.82480e+05  7.80374e-18  0.00000e+00  0.00000e+00  1.53562e-05
0030  1.61754e+18  1.16871e+02  1.84551e+05  7.77241e-18  0.00000e+00  0.00000e+00  1.50085e-05
0031  1.63595e+18  1.19028e+02  1.86755e+05  7.80353e-18  0.00000e+00  0.00000e+00  1.46726e-05
0032  1.65437e+18  1.21248e+02  1.89129e+05  7.85250e-18  0.00000e+00  0.00000e+00  1.43477e-05
0033  1.67278e+18  1.23485e+02  1.91613e+05  7.56217e-18  0.00000e+00  0.00000e+00  1.40336e-05
0034  1.69120e+18  1.25422e+02  1.93732e+05  6.49692e-18  0.00000e+00  0.00000e+00  1.37296e-05
0035  1.70961e+18  1.26977e+02  1.95486e+05  5.64831e-18  0.00000e+00  0.00000e+00  1.34354e-05
0036  1.72803e+18  1.28256e+02  1.96962e+05  5.18922e-18  0.00000e+00  0.00000e+00  1.31506e-05
0037  1.74644e+18  1.29517e+02  1.98536e+05  5.35149e-18  0.00000e+00  0.00000e+00  1.28747e-05
0038  1.76486e+18  1.30906e+02  2.00316e+05  5.59786e-18  0.00000e+00  0.00000e+00  1.26074e-05
0039  1.78328e+18  1.32409e+02  2.02295e+05  5.73442e-18  0.00000e+00  0.00000e+00  1.23484e-05
0040  1.80169e+18  1.33988e+02  2.04434e+05  5.79258e-18  0.00000e+00  0.00000e+00  1.20973e-05
0041  1.82011e+18  1.35632e+02  2.06730e+05  5.86247e-18  0.00000e+00  0.00000e+00  1.18537e-05
0042  1.83852e+18  1.37369e+02  2.09234e+05  6.00646e-18  0.00000e+00  0.00000e+00  1.16174e-05
0043  1.85694e+18  1.39455e+02  2.12356e+05  6.18509e-18  0.00000e+00  0.00000e+00  1.13882e-05
0044  1.87535e+18  1.41013e+02  2.14883e+05  6.39428e-18  0.00000e+00  0.00000e+00  1.11656e-05
0045  1.89377e+18  1.40258e+02  2.13675e+05  2.82342e-18  0.00000e+00  0.00000e+00  1.09495e-05
0046  1.91218e+18  1.39457e+02  2.12442e+05  1.42876e-18  0.00000e+00  0.00000e+00  1.07396e-05
0047  1.93060e+18  1.43818e+02  2.19886e+05  3.10418e-18  0.00000e+00  0.00000e+00  1.05357e-05
0048  1.94901e+18  1.58224e+02  2.42723e+05  1.38822e-17  0.00000e+00  0.00000e+00  1.03376e-05
0049  1.96743e+18  1.59549e+02  2.44879e+05  1.43225e-17  0.00000e+00  0.00000e+00  1.01449e-05
0050  1.98584e+18  1.51764e+02  2.32694e+05  4.26987e-18  0.00000e+00  0.00000e+00  9.95766e-06
0051  2.00426e+18  1.42896e+02  2.18301e+05  3.58356e-19  0.00000e+00  0.00000e+00  9.77552e-06
0052  2.02267e+18  1.44676e+02  2.21591e+05 -1.58654e-18  0.00000e+00  0.00000e+00  9.59833e-06
0053  2.04109e+18  1.42126e+02  2.17197e+05 -7.81899e-18  0.00000e+00  0.00000e+00  9.42591e-06
0054  2.05951e+18  1.29743e+02  1.99266e+05 -1.89495e-17  0.00000e+00  0.00000e+00  9.25810e-06
0055  2.07792e+18  1.22702e+02  1.90817e+05 -1.33829e-18  0.00000e+00  0.00000e+00  9.09473e-06
0056  2.09634e+18  1.21669e+02  1.89602e+05  2.40043e-18  0.00000e+00  0.00000e+00  8.93564e-06
0057  2.11475e+18  1.22045e+02  1.89978e+05  4.79436e-18  0.00000e+00  0.00000e+00  8.78070e-06
0058  2.13317e+18  1.22825e+02  1.90846e+05  5.04582e-18  0.00000e+00  0.00000e+00  8.62975e-06
0059  2.15158e+18  1.23442e+02  1.91534e+05  4.56923e-18  0.00000e+00  0.00000e+00  8.48265e-06
0060  2.17000e+18  1.23927e+02  1.92058e+05  4.25810e-18  0.00000e+00  0.00000e+00  8.33929e-06
0061  2.18841e+18  1.24332e+02  1.92501e+05  3.95518e-18  0.00000e+00  0.00000e+00  8.19953e-06
0062  2.20683e+18  1.24611e+02  1.92812e+05  3.50485e-18  0.00000e+00  0.00000e+00  8.06326e-06
0063  2.22524e+18  1.24712e+02  1.92931e+05  2.99152e-18  0.00000e+00  0.00000e+00  7.93035e-06
0064  2.24366e+18  1.24680e+02  1.92905e+05  2.52623e-18  0.00000e+00  0.00000e+00  7.80071e-06
0065  2.26207e+18  1.24701e+02  1.92936e+05  2.05300e-18  0.00000e+00  0.00000e+00  7.67421e-06
0066  2.28049e+18  1.24984e+02  1.93257e+05  1.63065e-18  0.00000e+00  0.00000e+00  7.55077e-06
0067  2.29891e+18  1.25502e+02  1.93832e+05  1.48413e-18  0.00000e+00  0.00000e+00  7.43029e-06
0068  2.31732e+18  1.26188e+02  1.94595e+05  1.56815e-18  0.00000e+00  0.00000e+00  7.31266e-06
0069  2.33574e+18  1.27031e+02  1.95541e+05  1.81225e-18  0.00000e+00  0.00000e+00  7.19781e-06
0070  2.35415e+18  1.27880e+02  1.96509e+05  2.04570e-18  0.00000e+00  0.00000e+00  7.08564e-06
0071  2.37257e+18  1.28487e+02  1.97220e+05  2.17416e-18  0.00000e+00  0.00000e+00  6.97607e-06
0072  2.39098e+18  1.28642e+02  1.97413e+05  2.12711e-18  0.00000e+00  0.00000e+00  6.86902e-06
0073  2.40940e+18  1.28304e+02  1.97001e+05  1.87336e-18  0.00000e+00  0.00000e+00  6.76442e-06
0074  2.42781e+18  1.27621e+02  1.96211e+05  1.75897e-18  0.00000e+00  0.00000e+00  6.66219e-06
0075  2.44623e+18  1.26799e+02  1.95267e+05  1.80239e-18  0.00000e+00  0.00000e+00  6.56226e-06
0076  2.46464e+18  1.26056e+02  1.94419e+05  2.02314e-18  0.00000e+00  0.00000e+00  6.46456e-06
0077  2.48306e+18  1.25623e+02  1.93931e+05  2.08433e-18  0.00000e+00  0.00000e+00  6.36903e-06
0078  2.50147e+18  1.24937e+02  1.93160e+05  2.39474e-18  0.00000e+00  0.00000e+00  6.27560e-06
0079  2.51989e+18  1.24986e+02  1.93197e+05  2.78225e-18  0.00000e+00  0.00000e+00  6.18421e-06
0080  2.53831e+18  1.38609e+02  2.11493e+05 -5.03227e-18  0.00000e+00  0.00000e+00  6.09480e-06
0081  2.55672e+18  2.35908e+02  3.89499e+05  9.45124e-17  0.00000e+00  0.00000e+00  6.00732e-06
0082  2.57514e+18  4.34014e+02  6.39488e+05  7.02856e-17  0.00000e+00  0.00000e+00  5.92171e-06
0083  2.59355e+18  5.90352e+02  8.45844e+05  3.75035e-17  0.00000e+00  0.00000e+00  5.83791e-06
0084  2.61197e+18  6.94026e+02  9.86513e+05  2.64743e-17  0.00000e+00  0.00000e+00  5.75588e-06
0085  2.63038e+18  7.70960e+02  1.09266e+06  2.19444e-17  0.00000e+00  0.00000e+00  5.67557e-06
0086  2.64880e+18  8.34310e+02  1.18078e+06  1.92046e-17  0.00000e+00  0.00000e+00  5.59693e-06
0087  2.66721e+18  8.89013e+02  1.25733e+06  1.72717e-17  0.00000e+00  0.00000e+00  5.51991e-06
0088  2.68563e+18  9.37672e+02  1.32609e+06  1.57125e-17  0.00000e+00  0.00000e+00  5.44447e-06
0089  2.70404e+18  9.82904e+02  1.39202e+06  1.51907e-17  0.00000e+00  0.00000e+00  5.37056e-06
0090  2.72246e+18  1.02554e+03  1.45509e+06  1.44726e-17  0.00000e+00  0.00000e+00  5.29815e-06
0091  2.74088e+18  1.06597e+03  1.51620e+06  1.38479e-17  0.00000e+00  0.00000e+00  5.22720e-06
0092  2.75929e+18  1.10459e+03  1.57563e+06  1.32610e-17  0.00000e+00  0.00000e+00  5.15766e-06
0093  2.77771e+18  1.14166e+03  1.63382e+06  1.27788e-17  0.00000e+00  0.00000e+00  5.08950e-06
0094  2.79612e+18  1.17725e+03  1.69082e+06  1.22908e-17  0.00000e+00  0.00000e+00  5.02268e-06
0095  2.81454e+18  1.21136e+03  1.74672e+06  1.18064e-17  0.00000e+00  0.00000e+00  4.95717e-06
0096  2.83295e+18  1.24390e+03  1.80137e+06  1.13330e-17  0.00000e+00  0.00000e+00  4.89293e-06
0097  2.85137e+18  1.27532e+03  1.85547e+06  1.09957e-17  0.00000e+00  0.00000e+00  4.82993e-06
0098  2.86978e+18  1.30589e+03  1.90893e+06  1.06484e-17  0.00000e+00  0.00000e+00  4.76814e-06
0099  2.88820e+18  1.33552e+03  1.96179e+06  1.02976e-17  0.00000e+00  0.00000e+00  4.70753e-06
0100  2.90661e+18  1.36418e+03  2.01401e+06  9.94819e-18  0.00000e+00  0.00000e+00  4.64807e-06
0101  2.92503e+18  1.39184e+03  2.06563e+06  9.60350e-18  0.00000e+00  0.00000e+00  4.58973e-06
0102  2.94345e+18  1.41849e+03  2.11670e+06  9.26600e-18  0.00000e+00  0.00000e+00  4.53248e-06
0103  2.96186e+18  1.44408e+03  2.16725e+06  8.93738e-18  0.00000e+00  0.00000e+00  4.47629e-06
0104  2.98028e+18  1.46862e+03  2.21728e+06  8.61798e-18  0.00000e+00  0.00000e+00  4.42114e-06
0105  2.99869e+18  1.49207e+03  2.26676e+06  8.30977e-18  0.00000e+00  0.00000e+00  4.36701e-06
0106  3.01711e+18  1.51445e+03  2.31570e+06  8.02123e-18  0.00000e+00  0.00000e+00  4.31386e-06
0107  3.03552e+18  1.53577e+03  2.36406e+06  7.74668e-18  0.00000e+00  0.00000e+00  4.26168e-06
0108  3.05394e+18  1.55600e+03  2.41179e+06  7.48243e-18  0.00000e+00  0.00000e+00  4.21044e-06
0109  3.07235e+18  1.57511e+03  2.45884e+06  7.22869e-18  0.00000e+00  0.00000e+00  4.16011e-06
0110  3.09077e+18  1.59309e+03  2.50516e+06  6.98548e-18  0.00000e+00  0.00000e+00  4.11069e-06
0111  3.10918e+18  1.60997e+03  2.55073e+06  6.75767e-18  0.00000e+00  0.00000e+00  4.06214e-06
0112  3.12760e+18  1.62578e+03  2.59545e+06  6.52841e-18  0.00000e+00  0.00000e+00  4.01444e-06
0113  3.14602e+18  1.64054e+03  2.63929e+06  6.30981e-18  0.00000e+00  0.00000e+00  3.96758e-06
0114  3.16443e+18  1.65434e+03  2.68224e+06  6.10136e-18  0.00000e+00  0.00000e+00  3.92154e-06
0115  3.18285e+18  1.66725e+03  2.72434e+06  5.90251e-18  0.00000e+00  0.00000e+00  3.87629e-06
0116  3.20126e+18  1.67934e+03  2.76567e+06  5.71267e-18  0.00000e+00  0.00000e+00  3.83182e-06
0117  3.21968e+18  1.69070e+03  2.80632e+06  5.53124e-18  0.00000e+00  0.00000e+00  3.78811e-06
0118  3.23809e+18  1.70136e+03  2.84641e+06  5.35765e-18  0.00000e+00  0.00000e+00  3.74515e-06
0119  3.25651e+18  1.71140e+03  2.88609e+06  5.19134e-18  0.00000e+00  0.00000e+00  3.70291e-06
0120  3.27492e+18  1.72086e+03  2.92551e+06  5.03181e-18  0.00000e+00  0.00000e+00  3.66138e-06
0121  3.29334e+18  1.72981e+03  2.96479e+06  4.87857e-18  0.00000e+00  0.00000e+00  3.62055e-06
0122  3.31176e+18  1.73831e+03  3.00406e+06  4.73043e-18  0.00000e+00  0.00000e+00  3.58040e-06
0123  3.33017e+18  1.74645e+03  3.04344e+06  4.58748e-18  0.00000e+00  0.00000e+00  3.54091e-06
0124  3.34859e+18  1.75429e+03  3.08302e+06  4.44974e-18  0.00000e+00  0.00000e+00  3.50207e-06
0125  3.36700e+18  1.76190e+03  3.12289e+06  4.31689e-18  0.00000e+00  0.00000e+00  3.46386e-06
0126  3.38542e+18  1.76937e+03  3.16315e+06  4.18863e-18  0.00000e+00  0.00000e+00  3.42628e-06
0127  3.40383e+18  1.77673e+03  3.20385e+06  4.06472e-18  0.00000e+00  0.00000e+00  3.38931e-06
0128  3.42225e+18  1.78405e+03  3.24505e+06  3.94430e-18  0.00000e+00  0.00000e+00  3.35293e-06
0129  3.44066e+18  1.79137e+03  3.28678e+06  3.82721e-18  0.00000e+00  0.00000e+00  3.31713e-06
0130  3.45908e+18  1.79866e+03  3.32893e+06  3.71408e-18  0.00000e+00  0.00000e+00  3.28191e-06
0131  3.47749e+18  1.80590e+03  3.37142e+06  3.59331e-18  0.00000e+00  0.00000e+00  3.24724e-06
0132  3.49591e+18  1.81333e+03  3.41467e+06  3.49306e-18  0.00000e+00  0.00000e+00  3.21312e-06
0133  3.51433e+18  1.82088e+03  3.45846e+06  3.39599e-18  0.00000e+00  0.00000e+00  3.17953e-06
0134  3.53274e+18  1.82734e+03  3.50062e+06  3.30286e-18  0.00000e+00  0.00000e+00  3.14647e-06
0135  3.55116e+18  1.83360e+03  3.54295e+06  3.21271e-18  0.00000e+00  0.00000e+00  3.11392e-06
0136  3.56957e+18  1.84892e+03  3.60303e+06  3.11862e-18  0.00000e+00  0.00000e+00  3.08188e-06
0137  3.58799e+18  1.86737e+03  3.66979e+06  3.02513e-18  0.00000e+00  0.00000e+00  3.05032e-06
0138  3.60640e+18  1.84831e+03  3.66391e+06  2.96192e-18  0.00000e+00  0.00000e+00  3.01925e-06
0139  3.62482e+18  1.75449e+03  3.50914e+06  2.98577e-18  0.00000e+00  0.00000e+00  2.98865e-06
0140  3.64323e+18  1.20311e+03  2.42341e+06  3.13247e-18  0.00000e+00  0.00000e+00  2.95851e-06
0141  3.66165e+18  3.31925e+02  6.62011e+05  6.35520e-18  0.00000e+00  0.00000e+00  2.92883e-06
0142  3.68007e+18  9.81720e+01  1.78042e+05 -1.43150e-16  0.00000e+00  0.00000e+00  2.89959e-06
0143  3.69848e+18  7.86012e+01  1.53635e+05 -4.43934e-18  0.00000e+00  0.00000e+00  2.87079e-06
0144  3.71690e+18  7.92870e+01  1.54040e+05  4.25570e-19  0.00000e+00  0.00000e+00  2.84241e-06
0145  3.73531e+18  8.20481e+01  1.56275e+05  2.08991e-18  0.00000e+00  0.00000e+00  2.81445e-06
0146  3.75373e+18  8.59034e+01  1.59443e+05  1.88759e-18  0.00000e+00  0.00000e+00  2.78690e-06
0147  3.77214e+18  8.99898e+01  1.62578e+05  1.13890e-18  0.00000e+00  0.00000e+00  2.75976e-06
0148  3.79056e+18  9.41823e+01  1.65885e+05  9.66518e-19  0.00000e+00  0.00000e+00  2.73301e-06
0149  3.80897e+18  9.86098e+01  1.68879e+05  3.90410e-19  0.00000e+00  0.00000e+00  2.70665e-06
0150  3.82739e+18  1.03555e+02  1.72691e+05  1.36429e-18  0.00000e+00  0.00000e+00  2.68066e-06
0151  3.84581e+18  1.09607e+02  1.77614e+05  1.62447e-18  0.00000e+00  0.00000e+00  2.65505e-06
0152  3.86422e+18  1.18808e+02  1.86175e+05  2.36334e-18  0.00000e+00  0.00000e+00  2.62981e-06
0153  3.88264e+18  1.38943e+02  2.11491e+05  5.73449e-19  0.00000e+00  0.00000e+00  2.60492e-06
0154  3.90105e+18  1.91487e+02  2.89144e+05  1.92248e-17  0.00000e+00  0.00000e+00  2.58038e-06
0155  3.91947e+18  2.96422e+02  4.16140e+05  2.81517e-17  0.00000e+00  0.00000e+00  2.55619e-06
0156  3.93788e+18  4.18623e+02  5.47463e+05  1.84419e-17  0.00000e+00  0.00000e+00  2.53234e-06
0157  3.95630e+18  5.20601e+02  6.53388e+05  1.26666e-17  0.00000e+00  0.00000e+00  2.50882e-06
0158  3.97471e+18  5.99555e+02  7.31051e+05  9.81833e-18  0.00000e+00  0.00000e+00  2.48563e-06
0159  3.99313e+18  6.62628e+02  7.89486e+05  8.16569e-18  0.00000e+00  0.00000e+00  2.46275e-06
0160  4.01155e+18  7.16116e+02  8.36467e+05  7.22014e-18  0.00000e+00  0.00000e+00  2.44019e-06
0161  4.02996e+18  7.63486e+02  8.76091e+05  6.50094e-18  0.00000e+00  0.00000e+00  2.41794e-06
0162  4.04838e+18  8.06625e+02  9.10828e+05  5.94076e-18  0.00000e+00  0.00000e+00  2.39599e-06
0163  4.06679e+18  8.46697e+02  9.42068e+05  5.48590e-18  0.00000e+00  0.00000e+00  2.37434e-06
0164  4.08521e+18  8.84270e+02  9.70562e+05  5.09344e-18  0.00000e+00  0.00000e+00  2.35299e-06
0165  4.10362e+18  9.19842e+02  9.96955e+05  4.76395e-18  0.00000e+00  0.00000e+00  2.33191e-06
0166  4.12204e+18  9.54198e+02  1.02206e+06  4.54559e-18  0.00000e+00  0.00000e+00  2.31113e-06
0167  4.14045e+18  9.87713e+02  1.04598e+06  4.31983e-18  0.00000e+00  0.00000e+00  2.29061e-06
0168  4.15887e+18  1.02033e+03  1.06887e+06  4.11017e-18  0.00000e+00  0.00000e+00  2.27037e-06
0169  4.17728e+18  1.05213e+03  1.09088e+06  3.92277e-18  0.00000e+00  0.00000e+00  2.25040e-06
0170  4.19570e+18  1.08321e+03  1.11209e+06  3.75331e-18  0.00000e+00  0.00000e+00  2.23069e-06
0171  4.21412e+18  1.11360e+03  1.13255e+06  3.59364e-18  0.00000e+00  0.00000e+00  2.21123e-06
0172  4.23253e+18  1.14331e+03  1.15231e+06  3.44612e-18  0.00000e+00  0.00000e+00  2.19203e-06
0173  4.25095e+18  1.17236e+03  1.17143e+06  3.30924e-18  0.00000e+00  0.00000e+00  2.17308e-06
0174  4.26936e+18  1.20075e+03  1.18992e+06  3.17987e-18  0.00000e+00  0.00000e+00  2.15438e-06
0175  4.28778e+18  1.22846e+03  1.20779e+06  3.05768e-18  0.00000e+00  0.00000e+00  2.13591e-06
0176  4.30619e+18  1.25555e+03  1.22512e+06  2.94871e-18  0.00000e+00  0.00000e+00  2.11768e-06
0177  4.32461e+18  1.28215e+03  1.24197e+06  2.85645e-18  0.00000e+00  0.00000e+00  2.09968e-06
0178  4.34302e+18  1.30832e+03  1.25835e+06  2.76719e-18  0.00000e+00  0.00000e+00  2.08191e-06
0179  4.36144e+18  1.33403e+03  1.27427e+06  2.68099e-18  0.00000e+00  0.00000e+00  2.06437e-06
0180  4.37986e+18  1.35927e+03  1.28975e+06  2.59787e-18  0.00000e+00  0.00000e+00  2.04705e-06
0181  4.39827e+18  1.38402e+03  1.30479e+06  2.51784e-18  0.00000e+00  0.00000e+00  2.02994e-06
0182  4.41669e+18  1.40828e+03  1.31941e+06  2.44085e-18  0.00000e+00  0.00000e+00  2.01305e-06
0183  4.43510e+18  1.43202e+03  1.33361e+06  2.36687e-18  0.00000e+00  0.00000e+00  1.99637e-06
0184  4.45352e+18  1.45527e+03  1.34742e+06  2.29678e-18  0.00000e+00  0.00000e+00  1.97989e-06
0185  4.47193e+18  1.47805e+03  1.36089e+06  2.23215e-18  0.00000e+00  0.00000e+00  1.96362e-06
0186  4.49035e+18  1.50039e+03  1.37402e+06  2.16980e-18  0.00000e+00  0.00000e+00  1.94754e-06
0187  4.50876e+18  1.52230e+03  1.38686e+06  2.11197e-18  0.00000e+00  0.00000e+00  1.93167e-06
0188  4.52718e+18  1.54379e+03  1.39941e+06  2.05588e-18  0.00000e+00  0.00000e+00  1.91598e-06
0189  4.54560e+18  1.56487e+03  1.41170e+06  2.00150e-18  0.00000e+00  0.00000e+00  1.90049e-06
0190  4.56401e+18  1.58554e+03  1.42373e+06  1.94884e-18  0.00000e+00  0.00000e+00  1.88519e-06
0191  4.58243e+18  1.60578e+03  1.43551e+06  1.89786e-18  0.00000e+00  0.00000e+00  1.87006e-06
0192  4.60084e+18  1.62560e+03  1.44706e+06  1.84854e-18  0.00000e+00  0.00000e+00  1.85512e-06
0193  4.61926e+18  1.64501e+03  1.45839e+06  1.80084e-18  0.00000e+00  0.00000e+00  1.84036e-06
0194  4.63767e+18  1.66400e+03  1.46950e+06  1.75472e-18  0.00000e+00  0.00000e+00  1.82577e-06
0195  4.65609e+18  1.68258e+03  1.48040e+06  1.71014e-18  0.00000e+00  0.00000e+00  1.81136e-06
0196  4.67450e+18  1.70075e+03  1.49111e+06  1.66705e-18  0.00000e+00  0.00000e+00  1.79712e-06
0197  4.69292e+18  1.71850e+03  1.50162e+06  1.62541e-18  0.00000e+00  0.00000e+00  1.78304e-06
0198  4.71134e+18  1.73584e+03  1.51197e+06  1.58518e-18  0.00000e+00  0.00000e+00  1.76913e-06
0199  4.72975e+18  1.75275e+03  1.52214e+06  1.54630e-18  0.00000e+00  0.00000e+00  1.75538e-06
0200  4.74817e+18  1.76925e+03  1.53217e+06  1.50874e-18  0.00000e+00  0.00000e+00  1.74179e-06
0201  4.76658e+18  1.78532e+03  1.54205e+06  1.47245e-18  0.00000e+00  0.00000e+00  1.72836e-06
0202  4.78500e+18  1.80095e+03  1.55180e+06  1.43739e-18  0.00000e+00  0.00000e+00  1.71508e-06
0203  4.80341e+18  1.81613e+03  1.56143e+06  1.40291e-18  0.00000e+00  0.00000e+00  1.70195e-06
0204  4.82183e+18  1.83093e+03  1.57096e+06  1.37303e-18  0.00000e+00  0.00000e+00  1.68898e-06
0205  4.84024e+18  1.84541e+03  1.58040e+06  1.34435e-18  0.00000e+00  0.00000e+00  1.67615e-06
0206  4.85866e+18  1.85956e+03  1.58974e+06  1.31644e-18  0.00000e+00  0.00000e+00  1.66347e-06
0207  4.87708e+18  1.87340e+03  1.59901e+06  1.28924e-18  0.00000e+00  0.00000e+00  1.65093e-06
0208  4.89549e+18  1.88692e+03  1.60819e+06  1.26275e-18  0.00000e+00  0.00000e+00  1.63853e-06
0209  4.91391e+18  1.90014e+03  1.61728e+06  1.23694e-18  0.00000e+00  0.00000e+00  1.62627e-06
0210  4.93232e+18  1.91306e+03  1.62630e+06  1.21181e-18  0.00000e+00  0.00000e+00  1.61415e-06
0211  4.95074e+18  1.92566e+03  1.63525e+06  1.18734e-18  0.00000e+00  0.00000e+00  1.60217e-06
0212  4.96915e+18  1.93796e+03  1.64413e+06  1.16351e-18  0.00000e+00  0.00000e+00  1.59031e-06
0213  4.98757e+18  1.94993e+03  1.65296e+06  1.14032e-18  0.00000e+00  0.00000e+00  1.57859e-06
0214  5.00598e+18  1.96157e+03  1.66173e+06  1.11775e-18  0.00000e+00  0.00000e+00  1.56700e-06
0215  5.02440e+18  1.97288e+03  1.67045e+06  1.09578e-18  0.00000e+00  0.00000e+00  1.55553e-06
0216  5.04282e+18  1.98386e+03  1.67913e+06  1.07440e-18  0.00000e+00  0.00000e+00  1.54419e-06
0217  5.06123e+18  1.99450e+03  1.68776e+06  1.05360e-18  0.00000e+00  0.00000e+00  1.53298e-06
0218  5.07965e+18  2.00482e+03  1.69635e+06  1.03336e-18  0.00000e+00  0.00000e+00  1.52188e-06
0219  5.09806e+18  2.01482e+03  1.70489e+06  1.01365e-18  0.00000e+00  0.00000e+00  1.51091e-06
0220  5.11648e+18  2.02452e+03  1.71337e+06  9.94475e-19  0.00000e+00  0.00000e+00  1.50005e-06
0221  5.13489e+18  2.03392e+03  1.72180e+06  9.75806e-19  0.00000e+00  0.00000e+00  1.48931e-06
0222  5.15331e+18  2.04303e+03  1.73017e+06  9.57631e-19  0.00000e+00  0.00000e+00  1.47868e-06
0223  5.17172e+18  2.05185e+03  1.73849e+06  9.39935e-19  0.00000e+00  0.00000e+00  1.46817e-06
0224  5.19014e+18  2.06037e+03  1.74676e+06  9.22705e-19  0.00000e+00  0.00000e+00  1.45777e-06
0225  5.20856e+18  2.06860e+03  1.75500e+06  9.05929e-19  0.00000e+00  0.00000e+00  1.44748e-06
0226  5.22697e+18  2.07652e+03  1.76319e+06  8.89594e-19  0.00000e+00  0.00000e+00  1.43730e-06
0227  5.24539e+18  2.08413e+03  1.77136e+06  8.73687e-19  0.00000e+00  0.00000e+00  1.42723e-06
0228  5.26380e+18  2.09145e+03  1.77950e+06  8.58196e-19  0.00000e+00  0.00000e+00  1.41726e-06
0229  5.28222e+18  2.09847e+03  1.78761e+06  8.43107e-19  0.00000e+00  0.00000e+00  1.40739e-06
0230  5.30063e+18  2.10520e+03  1.79570e+06  8.28405e-19  0.00000e+00  0.00000e+00  1.39763e-06
0231  5.31905e+18  2.11167e+03  1.80375e+06  8.14078e-19  0.00000e+00  0.00000e+00  1.38797e-06
0232  5.33746e+18  2.11787e+03  1.81176e+06  8.00112e-19  0.00000e+00  0.00000e+00  1.37841e-06
0233  5.35588e+18  2.12383e+03  1.81973e+06  7.86496e-19  0.00000e+00  0.00000e+00  1.36894e-06
0234  5.37430e+18  2.12954e+03  1.82765e+06  7.73219e-19  0.00000e+00  0.00000e+00  1.35958e-06
0235  5.39271e+18  2.13502e+03  1.83553e+06  7.60270e-19  0.00000e+00  0.00000e+00  1.35031e-06
0236  5.41113e+18  2.14030e+03  1.84341e+06  7.47624e-19  0.00000e+00  0.00000e+00  1.34113e-06
0237  5.42954e+18  2.14538e+03  1.85128e+06  7.37372e-19  0.00000e+00  0.00000e+00  1.33205e-06
0238  5.44796e+18  2.15022e+03  1.85913e+06  7.25369e-19  0.00000e+00  0.00000e+00  1.32306e-06
0239  5.46637e+18  2.15482e+03  1.86696e+06  7.13656e-19  0.00000e+00  0.00000e+00  1.31416e-06
0240  5.48479e+18  2.15917e+03  1.87476e+06  7.02225e-19  0.00000e+00  0.00000e+00  1.30535e-06
0241  5.50320e+18  2.16330e+03  1.88253e+06  6.91066e-19  0.00000e+00  0.00000e+00  1.29663e-06
0242  5.52162e+18  2.16722e+03  1.89026e+06  6.80169e-19  0.00000e+00  0.00000e+00  1.28800e-06
0243  5.54004e+18  2.17095e+03  1.89795e+06  6.69523e-19  0.00000e+00  0.00000e+00  1.27945e-06
0244  5.55845e+18  2.17450e+03  1.90560e+06  6.59213e-19  0.00000e+00  0.00000e+00  1.27098e-06
0245  5.57687e+18  2.17789e+03  1.91322e+06  6.49130e-19  0.00000e+00  0.00000e+00  1.26260e-06
0246  5.59528e+18  2.18115e+03  1.92082e+06  6.39259e-19  0.00000e+00  0.00000e+00  1.25431e-06
0247  5.61370e+18  2.18427e+03  1.92842e+06  6.29592e-19  0.00000e+00  0.00000e+00  1.24609e-06
0248  5.63211e+18  2.18726e+03  1.93603e+06  6.20120e-19  0.00000e+00  0.00000e+00  1.23795e-06
0249  5.65053e+18  2.19016e+03  1.94369e+06  6.10834e-19  0.00000e+00  0.00000e+00  1.22990e-06
0250  5.66894e+18  2.19295e+03  1.95142e+06  6.01724e-19  0.00000e+00  0.00000e+00  1.22192e-06
0251  5.68736e+18  2.19568e+03  1.95926e+06  5.92779e-19  0.00000e+00  0.00000e+00  1.21402e-06
0252  5.70578e+18  2.19836e+03  1.96723e+06  5.83990e-19  0.00000e+00  0.00000e+00  1.20620e-06
0253  5.72419e+18  2.20103e+03  1.97536e+06  5.75346e-19  0.00000e+00  0.00000e+00  1.19845e-06
0254  5.74261e+18  2.20373e+03  1.98367e+06  5.66836e-19  0.00000e+00  0.00000e+00  1.19077e-06
0255  5.76102e+18  2.20650e+03  1.99217e+06  5.58450e-19  0.00000e+00  0.00000e+00  1.18317e-06
0256  5.77944e+18  2.20936e+03  2.00089e+06  5.50180e-19  0.00000e+00  0.00000e+00  1.17565e-06
0257  5.79785e+18  2.21234e+03  2.00984e+06  5.42022e-19  0.00000e+00  0.00000e+00  1.16819e-06
0258  5.81627e+18  2.21545e+03  2.01900e+06  5.33972e-19  0.00000e+00  0.00000e+00  1.16080e-06
0259  5.83468e+18  2.21869e+03  2.02839e+06  5.26030e-19  0.00000e+00  0.00000e+00  1.15349e-06
0260  5.85310e+18  2.22202e+03  2.03797e+06  5.18200e-19  0.00000e+00  0.00000e+00  1.14624e-06
0261  5.87152e+18  2.22542e+03  2.04772e+06  5.10489e-19  0.00000e+00  0.00000e+00  1.13906e-06
0262  5.88993e+18  2.22882e+03  2.05758e+06  5.02908e-19  0.00000e+00  0.00000e+00  1.13195e-06
0263  5.90835e+18  2.23213e+03  2.06749e+06  4.95470e-19  0.00000e+00  0.00000e+00  1.12490e-06
0264  5.92676e+18  2.23527e+03  2.07735e+06  4.88191e-19  0.00000e+00  0.00000e+00  1.11792e-06
0265  5.94518e+18  2.23814e+03  2.08708e+06  4.81088e-19  0.00000e+00  0.00000e+00  1.11101e-06
0266  5.96359e+18  2.24063e+03  2.09655e+06  4.74177e-19  0.00000e+00  0.00000e+00  1.10416e-06
0267  5.98201e+18  2.24265e+03  2.10565e+06  4.67475e-19  0.00000e+00  0.00000e+00  1.09737e-06
0268  6.00043e+18  2.24410e+03  2.11425e+06  4.60993e-19  0.00000e+00  0.00000e+00  1.09065e-06
0269  6.01884e+18  2.24490e+03  2.12227e+06  4.54742e-19  0.00000e+00  0.00000e+00  1.08398e-06
0270  6.03726e+18  2.24500e+03  2.12963e+06  4.48726e-19  0.00000e+00  0.00000e+00  1.07738e-06
0271  6.05567e+18  2.24435e+03  2.13630e+06  4.42943e-19  0.00000e+00  0.00000e+00  1.07084e-06
0272  6.07409e+18  2.24295e+03  2.14227e+06  4.37386e-19  0.00000e+00  0.00000e+00  1.06435e-06
0273  6.09250e+18  2.24084e+03  2.14757e+06  4.32042e-19  0.00000e+00  0.00000e+00  1.05793e-06
0274  6.11092e+18  2.23807e+03  2.15228e+06  4.26891e-19  0.00000e+00  0.00000e+00  1.05156e-06
0275  6.12933e+18  2.23475e+03  2.15649e+06  4.21912e-19  0.00000e+00  0.00000e+00  1.04525e-06
0276  6.14775e+18  2.23099e+03  2.16029e+06  4.17078e-19  0.00000e+00  0.00000e+00  1.03900e-06
0277  6.16617e+18  2.22690e+03  2.16380e+06  4.12365e-19  0.00000e+00  0.00000e+00  1.03280e-06
0278  6.18458e+18  2.22262e+03  2.16714e+06  4.07746e-19  0.00000e+00  0.00000e+00  1.02666e-06
0279  6.20300e+18  2.21826e+03  2.17041e+06  4.03204e-19  0.00000e+00  0.00000e+00  1.02057e-06
0280  6.22141e+18  2.21392e+03  2.17371e+06  3.98719e-19  0.00000e+00  0.00000e+00  1.01454e-06
0281  6.23983e+18  2.20969e+03  2.17712e+06  3.94278e-19  0.00000e+00  0.00000e+00  1.00856e-06
0282  6.25824e+18  2.20563e+03  2.18069e+06  3.89869e-19  0.00000e+00  0.00000e+00  1.00263e-06
0283  6.27666e+18  2.20180e+03  2.18446e+06  3.85487e-19  0.00000e+00  0.00000e+00  9.96760e-07
0284  6.29507e+18  2.19821e+03  2.18846e+06  3.81127e-19  0.00000e+00  0.00000e+00  9.90937e-07
0285  6.31349e+18  2.19487e+03  2.19267e+06  3.76792e-19  0.00000e+00  0.00000e+00  9.85164e-07
0286  6.33191e+18  2.19176e+03  2.19708e+06  3.72483e-19  0.00000e+00  0.00000e+00  9.79442e-07
0287  6.35032e+18  2.18882e+03  2.20167e+06  3.68208e-19  0.00000e+00  0.00000e+00  9.73770e-07
0288  6.36874e+18  2.18603e+03  2.20639e+06  3.63973e-19  0.00000e+00  0.00000e+00  9.68146e-07
0289  6.38715e+18  2.18331e+03  2.21119e+06  3.59785e-19  0.00000e+00  0.00000e+00  9.62572e-07
0290  6.40557e+18  2.18064e+03  2.21603e+06  3.55652e-19  0.00000e+00  0.00000e+00  9.57045e-07
0291  6.42398e+18  2.17794e+03  2.22085e+06  3.51577e-19  0.00000e+00  0.00000e+00  9.51566e-07
0292  6.44240e+18  2.17520e+03  2.22561e+06  3.47568e-19  0.00000e+00  0.00000e+00  9.46133e-07
0293  6.46081e+18  2.17238e+03  2.23028e+06  3.43625e-19  0.00000e+00  0.00000e+00  9.40747e-07
0294  6.47923e+18  2.16947e+03  2.23483e+06  3.39777e-19  0.00000e+00  0.00000e+00  9.35407e-07
0295  6.49765e+18  2.16644e+03  2.23925e+06  3.36017e-19  0.00000e+00  0.00000e+00  9.30113e-07
0296  6.51606e+18  2.16331e+03  2.24353e+06  3.32327e-19  0.00000e+00  0.00000e+00  9.24863e-07
0297  6.53448e+18  2.16006e+03  2.24769e+06  3.28703e-19  0.00000e+00  0.00000e+00  9.19657e-07
0298  6.55289e+18  2.15671e+03  2.25171e+06  3.25144e-19  0.00000e+00  0.00000e+00  9.14495e-07
0299  6.57131e+18  2.15326e+03  2.25563e+06  3.21646e-19  0.00000e+00  0.00000e+00  9.09377e-07
0300  6.58972e+18  2.14974e+03  2.25944e+06  3.18207e-19  0.00000e+00  0.00000e+00  9.04301e-07
0301  6.60814e+18  2.14614e+03  2.26318e+06  3.14822e-19  0.00000e+00  0.00000e+00  8.99268e-07
0302  6.62655e+18  2.14250e+03  2.26684e+06  3.11489e-19  0.00000e+00  0.00000e+00  8.94277e-07
0303  6.64497e+18  2.13882e+03  2.27044e+06  3.08206e-19  0.00000e+00  0.00000e+00  8.89327e-07
0304  6.66339e+18  2.13511e+03  2.27399e+06  3.04969e-19  0.00000e+00  0.00000e+00  8.84418e-07
0305  6.68180e+18  2.13138e+03  2.27750e+06  3.01777e-19  0.00000e+00  0.00000e+00  8.79550e-07
0306  6.70022e+18  2.12764e+03  2.28096e+06  2.98629e-19  0.00000e+00  0.00000e+00  8.74722e-07
0307  6.71863e+18  2.12389e+03  2.28438e+06  2.95524e-19  0.00000e+00  0.00000e+00  8.69933e-07
0308  6.73705e+18  2.12014e+03  2.28776e+06  2.92460e-19  0.00000e+00  0.00000e+00  8.65184e-07
0309  6.75546e+18  2.11638e+03  2.29109e+06  2.89437e-19  0.00000e+00  0.00000e+00  8.60473e-07
0310  6.77388e+18  2.11262e+03  2.29438e+06  2.86455e-19  0.00000e+00  0.00000e+00  8.55801e-07
0311  6.79229e+18  2.10884e+03  2.29763e+06  2.83513e-19  0.00000e+00  0.00000e+00  8.51167e-07
0312  6.81071e+18  2.10505e+03  2.30083e+06  2.80610e-19  0.00000e+00  0.00000e+00  8.46570e-07
0313  6.82913e+18  2.10124e+03  2.30399e+06  2.77746e-19  0.00000e+00  0.00000e+00  8.42010e-07
0314  6.84754e+18  2.09742e+03  2.30712e+06  2.74921e-19  0.00000e+00  0.00000e+00  8.37487e-07
0315  6.86596e+18  2.09358e+03  2.31020e+06  2.72133e-19  0.00000e+00  0.00000e+00  8.33001e-07
0316  6.88437e+18  2.08972e+03  2.31325e+06  2.69382e-19  0.00000e+00  0.00000e+00  8.28550e-07
0317  6.90279e+18  2.08586e+03  2.31626e+06  2.66667e-19  0.00000e+00  0.00000e+00  8.24135e-07
0318  6.92120e+18  2.08198e+03  2.31922e+06  2.63987e-19  0.00000e+00  0.00000e+00  8.19755e-07
0319  6.93962e+18  2.07809e+03  2.32214e+06  2.61343e-19  0.00000e+00  0.00000e+00  8.15410e-07
0320  6.95803e+18  2.07420e+03  2.32502e+06  2.58732e-19  0.00000e+00  0.00000e+00  8.11100e-07
0321  6.97645e+18  2.07031e+03  2.32786e+06  2.56154e-19  0.00000e+00  0.00000e+00  8.06824e-07
0322  6.99487e+18  2.06641e+03  2.33064e+06  2.53610e-19  0.00000e+00  0.00000e+00  8.02581e-07
0323  7.01328e+18  2.06250e+03  2.33339e+06  2.51097e-19  0.00000e+00  0.00000e+00  7.98371e-07
0324  7.03170e+18  2.05859e+03  2.33609e+06  2.48617e-19  0.00000e+00  0.00000e+00  7.94195e-07
0325  7.05011e+18  2.05467e+03  2.33875e+06  2.46168e-19  0.00000e+00  0.00000e+00  7.90052e-07
0326  7.06853e+18  2.05073e+03  2.34137e+06  2.43751e-19  0.00000e+00  0.00000e+00  7.85940e-07
0327  7.08694e+18  2.04679e+03  2.34395e+06  2.41363e-19  0.00000e+00  0.00000e+00  7.81861e-07
0328  7.10536e+18  2.04283e+03  2.34650e+06  2.39006e-19  0.00000e+00  0.00000e+00  7.77813e-07
0329  7.12378e+18  2.03885e+03  2.34901e+06  2.36678e-19  0.00000e+00  0.00000e+00  7.73797e-07
0330  7.14219e+18  2.03486e+03  2.35149e+06  2.34379e-19  0.00000e+00  0.00000e+00  7.69812e-07
0331  7.16061e+18  2.03085e+03  2.35395e+06  2.32109e-19  0.00000e+00  0.00000e+00  7.65858e-07
0332  7.17902e+18  2.02683e+03  2.35637e+06  2.29867e-19  0.00000e+00  0.00000e+00  7.61933e-07
0333  7.19744e+18  2.02279e+03  2.35876e+06  2.27652e-19  0.00000e+00  0.00000e+00  7.58039e-07
0334  7.21585e+18  2.01874e+03  2.36112e+06  2.25464e-19  0.00000e+00  0.00000e+00  7.54175e-07
0335  7.23427e+18  2.01467e+03  2.36345e+06  2.23302e-19  0.00000e+00  0.00000e+00  7.50340e-07
0336  7.25268e+18  2.01060e+03  2.36574e+06  2.21167e-19  0.00000e+00  0.00000e+00  7.46535e-07
0337  7.27110e+18  2.00651e+03  2.36800e+06  2.19058e-19  0.00000e+00  0.00000e+00  7.42758e-07
0338  7.28952e+18  2.00240e+03  2.37021e+06  2.16975e-19  0.00000e+00  0.00000e+00  7.39010e-07
0339  7.30793e+18  1.99828e+03  2.37239e+06  2.14916e-19  0.00000e+00  0.00000e+00  7.35290e-07
0340  7.32635e+18  1.99414e+03  2.37452e+06  2.12883e-19  0.00000e+00  0.00000e+00  7.31598e-07
0341  7.34476e+18  1.98998e+03  2.37660e+06  2.10875e-19  0.00000e+00  0.00000e+00  7.27934e-07
0342  7.36318e+18  1.98579e+03  2.37864e+06  2.08891e-19  0.00000e+00  0.00000e+00  7.24298e-07
0343  7.38159e+18  1.98159e+03  2.38063e+06  2.06931e-19  0.00000e+00  0.00000e+00  7.20688e-07
0344  7.40001e+18  1.97735e+03  2.38258e+06  2.04995e-19  0.00000e+00  0.00000e+00  7.17106e-07
0345  7.41842e+18  1.97310e+03  2.38448e+06  2.03083e-19  0.00000e+00  0.00000e+00  7.13550e-07
0346  7.43684e+18  1.96883e+03  2.38631e+06  2.01193e-19  0.00000e+00  0.00000e+00  7.10020e-07
0347  7.45526e+18  1.96457e+03  2.38806e+06  1.99326e-19  0.00000e+00  0.00000e+00  7.06517e-07
0348  7.47367e+18  1.96033e+03  2.38972e+06  1.97481e-19  0.00000e+00  0.00000e+00  7.03039e-07
0349  7.49209e+18  1.95611e+03  2.39129e+06  1.95658e-19  0.00000e+00  0.00000e+00  6.99587e-07
0350  7.51050e+18  1.95191e+03  2.39276e+06  1.93856e-19  0.00000e+00  0.00000e+00  6.96161e-07
0351  7.52892e+18  1.94772e+03  2.39414e+06  1.92075e-19  0.00000e+00  0.00000e+00  6.92759e-07
0352  7.54733e+18  1.94353e+03  2.39543e+06  1.90316e-19  0.00000e+00  0.00000e+00  6.89383e-07
0353  7.56575e+18  1.93934e+03  2.39664e+06  1.88578e-19  0.00000e+00  0.00000e+00  6.86031e-07
0354  7.58416e+18  1.93514e+03  2.39778e+06  1.86860e-19  0.00000e+00  0.00000e+00  6.82703e-07
0355  7.60258e+18  1.93092e+03  2.39886e+06  1.85163e-19  0.00000e+00  0.00000e+00  6.79400e-07
0356  7.62100e+18  1.92668e+03  2.39989e+06  1.83485e-19  0.00000e+00  0.00000e+00  6.76121e-07
0357  7.63941e+18  1.92241e+03  2.40089e+06  1.81826e-19  0.00000e+00  0.00000e+00  6.72865e-07
0358  7.65783e+18  1.91807e+03  2.40189e+06  1.80186e-19  0.00000e+00  0.00000e+00  6.69632e-07
0359  7.67624e+18  1.91366e+03  2.40290e+06  1.78564e-19  0.00000e+00  0.00000e+00  6.66423e-07
0360  7.69466e+18  1.90919e+03  2.40393e+06  1.76960e-19  0.00000e+00  0.00000e+00  6.63237e-07
0361  7.71307e+18  1.90466e+03  2.40498e+06  1.75372e-19  0.00000e+00  0.00000e+00  6.60074e-07
0362  7.73149e+18  1.90007e+03  2.40604e+06  1.73801e-19  0.00000e+00  0.00000e+00  6.56933e-07
0363  7.74990e+18  1.89546e+03  2.40711e+06  1.72246e-19  0.00000e+00  0.00000e+00  6.53815e-07
0364  7.76832e+18  1.89082e+03  2.40817e+06  1.70706e-19  0.00000e+00  0.00000e+00  6.50719e-07
0365  7.78674e+18  1.88617e+03  2.40922e+06  1.69182e-19  0.00000e+00  0.00000e+00  6.47644e-07
0366  7.80515e+18  1.88151e+03  2.41025e+06  1.67672e-19  0.00000e+00  0.00000e+00  6.44592e-07
0367  7.82357e+18  1.87685e+03  2.41126e+06  1.66178e-19  0.00000e+00  0.00000e+00  6.41561e-07
0368  7.84198e+18  1.87220e+03  2.41224e+06  1.64698e-19  0.00000e+00  0.00000e+00  6.38551e-07
0369  7.86040e+18  1.86758e+03  2.41318e+06  1.63232e-19  0.00000e+00  0.00000e+00  6.35563e-07
0370  7.87881e+18  1.86298e+03  2.41409e+06  1.61781e-19  0.00000e+00  0.00000e+00  6.32595e-07
0371  7.89723e+18  1.85841e+03  2.41495e+06  1.60343e-19  0.00000e+00  0.00000e+00  6.29648e-07
0372  7.91564e+18  1.85389e+03  2.41576e+06  1.58919e-19  0.00000e+00  0.00000e+00  6.26722e-07
0373  7.93406e+18  1.84941e+03  2.41652e+06  1.57509e-19  0.00000e+00  0.00000e+00  6.23816e-07
0374  7.95248e+18  1.84499e+03  2.41724e+06  1.56113e-19  0.00000e+00  0.00000e+00  6.20930e-07
0375  7.97089e+18  1.84062e+03  2.41790e+06  1.54729e-19  0.00000e+00  0.00000e+00  6.18064e-07
0376  7.98931e+18  1.83632e+03  2.41852e+06  1.53359e-19  0.00000e+00  0.00000e+00  6.15218e-07
0377  8.00772e+18  1.83209e+03  2.41910e+06  1.52001e-19  0.00000e+00  0.00000e+00  6.12392e-07
0378  8.02614e+18  1.82794e+03  2.41964e+06  1.50656e-19  0.00000e+00  0.00000e+00  6.09585e-07
0379  8.04455e+18  1.82386e+03  2.42013e+06  1.49323e-19  0.00000e+00  0.00000e+00  6.06797e-07
0380  8.06297e+18  1.81988e+03  2.42059e+06  1.48003e-19  0.00000e+00  0.00000e+00  6.04029e-07
0381  8.08139e+18  1.81598e+03  2.42104e+06  1.46694e-19  0.00000e+00  0.00000e+00  6.01279e-07
0382  8.09980e+18  1.81218e+03  2.42146e+06  1.45398e-19  0.00000e+00  0.00000e+00  5.98548e-07
0383  8.11822e+18  1.80852e+03  2.42187e+06  1.44112e-19  0.00000e+00  0.00000e+00  5.95835e-07
0384  8.13663e+18  1.80502e+03  2.42230e+06  1.42836e-19  0.00000e+00  0.00000e+00  5.93141e-07
0385  8.15505e+18  1.80169e+03  2.42273e+06  1.42051e-19  0.00000e+00  0.00000e+00  5.90466e-07
0386  8.17346e+18  1.79853e+03  2.42316e+06  1.40871e-19  0.00000e+00  0.00000e+00  5.87808e-07
0387  8.19188e+18  1.79553e+03  2.42358e+06  1.39698e-19  0.00000e+00  0.00000e+00  5.85168e-07
0388  8.21029e+18  1.79269e+03  2.42398e+06  1.38532e-19  0.00000e+00  0.00000e+00  5.82546e-07
0389  8.22871e+18  1.79000e+03  2.42436e+06  1.37374e-19  0.00000e+00  0.00000e+00  5.79941e-07
0390  8.24713e+18  1.78747e+03  2.42472e+06  1.36223e-19  0.00000e+00  0.00000e+00  5.77354e-07
0391  8.26554e+18  1.78507e+03  2.42505e+06  1.35079e-19  0.00000e+00  0.00000e+00  5.74784e-07
0392  8.28396e+18  1.78282e+03  2.42536e+06  1.33944e-19  0.00000e+00  0.00000e+00  5.72232e-07
0393  8.30237e+18  1.78069e+03  2.42564e+06  1.32818e-19  0.00000e+00  0.00000e+00  5.69696e-07
0394  8.32079e+18  1.77868e+03  2.42589e+06  1.31700e-19  0.00000e+00  0.00000e+00  5.67177e-07
0395  8.33920e+18  1.77678e+03  2.42612e+06  1.30591e-19  0.00000e+00  0.00000e+00  5.64675e-07
0396  8.35762e+18  1.77499e+03  2.42631e+06  1.29491e-19  0.00000e+00  0.00000e+00  5.62189e-07
0397  8.37603e+18  1.77329e+03  2.42646e+06  1.28401e-19  0.00000e+00  0.00000e+00  5.59720e-07
0398  8.39445e+18  1.77168e+03  2.42657e+06  1.27321e-19  0.00000e+00  0.00000e+00  5.57267e-07
0399  8.41287e+18  1.77013e+03  2.42662e+06  1.26252e-19  0.00000e+00  0.00000e+00  5.54830e-07
0400  8.43128e+18  1.76865e+03  2.42661e+06  1.25194e-19  0.00000e+00  0.00000e+00  5.52409e-07
0401  8.44970e+18  1.76722e+03  2.42651e+06  1.24147e-19  0.00000e+00  0.00000e+00  5.50003e-07
0402  8.46811e+18  1.76584e+03  2.42633e+06  1.23112e-19  0.00000e+00  0.00000e+00  5.47614e-07
0403  8.48653e+18  1.76450e+03  2.42605e+06  1.22089e-19  0.00000e+00  0.00000e+00  5.45240e-07
0404  8.50494e+18  1.76320e+03  2.42567e+06  1.21078e-19  0.00000e+00  0.00000e+00  5.42881e-07
0405  8.52336e+18  1.76193e+03  2.42520e+06  1.20078e-19  0.00000e+00  0.00000e+00  5.40538e-07
0406  8.54177e+18  1.76070e+03  2.42461e+06  1.19090e-19  0.00000e+00  0.00000e+00  5.38209e-07
0407  8.56019e+18  1.75950e+03  2.42394e+06  1.18114e-19  0.00000e+00  0.00000e+00  5.35896e-07
0408  8.57861e+18  1.75835e+03  2.42316e+06  1.17149e-19  0.00000e+00  0.00000e+00  5.33598e-07
0409  8.59702e+18  1.75724e+03  2.42230e+06  1.16195e-19  0.00000e+00  0.00000e+00  5.31314e-07
0410  8.61544e+18  1.75617e+03  2.42135e+06  1.15251e-19  0.00000e+00  0.00000e+00  5.29045e-07
0411  8.63385e+18  1.75514e+03  2.42031e+06  1.14318e-19  0.00000e+00  0.00000e+00  5.26791e-07
0412  8.65227e+18  1.75418e+03  2.41920e+06  1.13394e-19  0.00000e+00  0.00000e+00  5.24551e-07
0413  8.67068e+18  1.75333e+03  2.41811e+06  1.12477e-19  0.00000e+00  0.00000e+00  5.22325e-07
0414  8.68910e+18  1.75273e+03  2.41723e+06  1.11559e-19  0.00000e+00  0.00000e+00  5.20113e-07
0415  8.70751e+18  1.75264e+03  2.41691e+06  1.10627e-19  0.00000e+00  0.00000e+00  5.17916e-07
0416  8.72593e+18  1.75340e+03  2.41762e+06  1.09664e-19  0.00000e+00  0.00000e+00  5.15732e-07
0417  8.74435e+18  1.75514e+03  2.41957e+06  1.08664e-19  0.00000e+00  0.00000e+00  5.13562e-07
0418  8.76276e+18  1.75666e+03  2.42110e+06  1.07687e-19  0.00000e+00  0.00000e+00  5.11406e-07
0419  8.78118e+18  1.75446e+03  2.41738e+06  1.06911e-19  0.00000e+00  0.00000e+00  5.09263e-07
0420  8.79959e+18  1.74782e+03  2.40741e+06  1.06367e-19  0.00000e+00  0.00000e+00  5.07134e-07
0421  8.81801e+18  1.74006e+03  2.39574e+06  1.05885e-19  0.00000e+00  0.00000e+00  5.05018e-07
0422  8.83642e+18  1.73024e+03  2.38111e+06  1.05509e-19  0.00000e+00  0.00000e+00  5.02915e-07
0423  8.85484e+18  1.71544e+03  2.35946e+06  1.05379e-19  0.00000e+00  0.00000e+00  5.00825e-07
0424  8.87326e+18  1.69113e+03  2.32455e+06  1.05704e-19  0.00000e+00  0.00000e+00  4.98749e-07
0425  8.89167e+18  1.65090e+03  2.26753e+06  1.06764e-19  0.00000e+00  0.00000e+00  4.96685e-07
0426  8.91009e+18  1.58698e+03  2.17766e+06  1.08835e-19  0.00000e+00  0.00000e+00  4.94634e-07
0427  8.92850e+18  1.49218e+03  2.04502e+06  1.11935e-19  0.00000e+00  0.00000e+00  4.92595e-07
0428  8.94692e+18  1.36375e+03  1.86579e+06  1.16159e-19  0.00000e+00  0.00000e+00  4.90570e-07
0429  8.96533e+18  1.20731e+03  1.64776e+06  1.20278e-19  0.00000e+00  0.00000e+00  4.88556e-07
0430  8.98375e+18  1.03743e+03  1.41100e+06  1.28612e-19  0.00000e+00  0.00000e+00  4.86555e-07
0431  9.00216e+18  8.72388e+02  1.18076e+06  1.50279e-19  0.00000e+00  0.00000e+00  4.84567e-07
0432  9.02058e+18  7.26909e+02  9.77302e+05  1.99757e-19  0.00000e+00  0.00000e+00  4.82590e-07
0433  9.03900e+18  6.08577e+02  8.11015e+05  2.90050e-19  0.00000e+00  0.00000e+00  4.80626e-07
0434  9.05741e+18  5.19900e+02  6.85036e+05  4.15430e-19  0.00000e+00  0.00000e+00  4.78674e-07
0435  9.07583e+18  4.62764e+02  6.01281e+05  5.39979e-19  0.00000e+00  0.00000e+00  4.76733e-07
0436  9.09424e+18  4.37387e+02  5.59117e+05  6.22170e-19  0.00000e+00  0.00000e+00  4.74804e-07
0437  9.11266e+18  4.31910e+02  5.42441e+05  6.55209e-19  0.00000e+00  0.00000e+00  4.72887e-07
0438  9.13107e+18  4.30341e+02  5.30765e+05  6.77341e-19  0.00000e+00  0.00000e+00  4.70982e-07
0439  9.14949e+18  4.29749e+02  5.20414e+05  6.96542e-19  0.00000e+00  0.00000e+00  4.69088e-07
0440  9.16790e+18  4.30888e+02  5.12198e+05  7.10250e-19  0.00000e+00  0.00000e+00  4.67205e-07
0441  9.18632e+18  4.34188e+02  5.06521e+05  7.16840e-19  0.00000e+00  0.00000e+00  4.65334e-07
0442  9.20474e+18  4.39743e+02  5.03432e+05  7.15807e-19  0.00000e+00  0.00000e+00  4.63474e-07
0443  9.22315e+18  4.47464e+02  5.02777e+05  7.07496e-19  0.00000e+00  0.00000e+00  4.61625e-07
0444  9.24157e+18  4.57199e+02  5.04359e+05  6.92084e-19  0.00000e+00  0.00000e+00  4.59787e-07
0445  9.25998e+18  4.68820e+02  5.07994e+05  6.73745e-19  0.00000e+00  0.00000e+00  4.57960e-07
0446  9.27840e+18  4.82234e+02  5.13501e+05  6.50850e-19  0.00000e+00  0.00000e+00  4.56144e-07
0447  9.29681e+18  4.97372e+02  5.20738e+05  6.24314e-19  0.00000e+00  0.00000e+00  4.54338e-07
0448  9.31523e+18  5.14176e+02  5.29604e+05  5.94998e-19  0.00000e+00  0.00000e+00  4.52544e-07
0449  9.33364e+18  5.32603e+02  5.40028e+05  5.63694e-19  0.00000e+00  0.00000e+00  4.50760e-07
0450  9.35206e+18  5.52618e+02  5.51955e+05  5.31814e-19  0.00000e+00  0.00000e+00  4.48986e-07
0451  9.37048e+18  5.74170e+02  5.65302e+05  4.99775e-19  0.00000e+00  0.00000e+00  4.47223e-07
0452  9.38889e+18  5.97161e+02  5.79944e+05  4.67698e-19  0.00000e+00  0.00000e+00  4.45470e-07
0453  9.40731e+18  6.21443e+02  5.95711e+05  4.36255e-19  0.00000e+00  0.00000e+00  4.43728e-07
0454  9.42572e+18  6.46829e+02  6.12408e+05  4.05966e-19  0.00000e+00  0.00000e+00  4.41996e-07
0455  9.44414e+18  6.73091e+02  6.29820e+05  3.79541e-19  0.00000e+00  0.00000e+00  4.40274e-07
0456  9.46255e+18  6.99918e+02  6.47610e+05  3.55877e-19  0.00000e+00  0.00000e+00  4.38562e-07
0457  9.48097e+18  7.26916e+02  6.65392e+05  3.33291e-19  0.00000e+00  0.00000e+00  4.36860e-07
0458  9.49939e+18  7.53657e+02  6.82785e+05  3.13168e-19  0.00000e+00  0.00000e+00  4.35168e-07
0459  9.51780e+18  7.79750e+02  6.99452e+05  2.95044e-19  0.00000e+00  0.00000e+00  4.33485e-07
0460  9.53622e+18  8.04892e+02  7.15135e+05  2.79526e-19  0.00000e+00  0.00000e+00  4.31813e-07
0461  9.55463e+18  8.28886e+02  7.29666e+05  2.65848e-19  0.00000e+00  0.00000e+00  4.30150e-07
0462  9.57305e+18  8.51642e+02  7.42981e+05  2.53702e-19  0.00000e+00  0.00000e+00  4.28496e-07
0463  9.59146e+18  8.73169e+02  7.55108e+05  2.42900e-19  0.00000e+00  0.00000e+00  4.26853e-07
0464  9.60988e+18  8.93556e+02  7.66140e+05  2.33244e-19  0.00000e+00  0.00000e+00  4.25218e-07
0465  9.62829e+18  9.12950e+02  7.76214e+05  2.24590e-19  0.00000e+00  0.00000e+00  4.23593e-07
0466  9.64671e+18  9.31546e+02  7.85508e+05  2.16698e-19  0.00000e+00  0.00000e+00  4.21977e-07
0467  9.66513e+18  9.49542e+02  7.94205e+05  2.11317e-19  0.00000e+00  0.00000e+00  4.20371e-07
0468  9.68354e+18  9.67077e+02  8.02390e+05  2.05107e-19  0.00000e+00  0.00000e+00  4.18773e-07
0469  9.70196e+18  9.84232e+02  8.10147e+05  1.99257e-19  0.00000e+00  0.00000e+00  4.17185e-07
0470  9.72037e+18  1.00107e+03  8.17541e+05  1.93720e-19  0.00000e+00  0.00000e+00  4.15606e-07
0471  9.73879e+18  1.01763e+03  8.24620e+05  1.88459e-19  0.00000e+00  0.00000e+00  4.14036e-07
0472  9.75720e+18  1.03397e+03  8.31426e+05  1.83459e-19  0.00000e+00  0.00000e+00  4.12474e-07
0473  9.77562e+18  1.05013e+03  8.37992e+05  1.78934e-19  0.00000e+00  0.00000e+00  4.10922e-07
0474  9.79403e+18  1.06611e+03  8.44338e+05  1.74607e-19  0.00000e+00  0.00000e+00  4.09378e-07
0475  9.81245e+18  1.08194e+03  8.50475e+05  1.70446e-19  0.00000e+00  0.00000e+00  4.07843e-07
0476  9.83087e+18  1.09762e+03  8.56411e+05  1.66442e-19  0.00000e+00  0.00000e+00  4.06316e-07
0477  9.84928e+18  1.11315e+03  8.62151e+05  1.62588e-19  0.00000e+00  0.00000e+00  4.04798e-07
0478  9.86770e+18  1.12853e+03  8.67696e+05  1.58877e-19  0.00000e+00  0.00000e+00  4.03289e-07
0479  9.88611e+18  1.14376e+03  8.73048e+05  1.55304e-19  0.00000e+00  0.00000e+00  4.01788e-07
0480  9.90453e+18  1.15884e+03  8.78208e+05  1.51861e-19  0.00000e+00  0.00000e+00  4.00295e-07
0481  9.92294e+18  1.17378e+03  8.83180e+05  1.48544e-19  0.00000e+00  0.00000e+00  3.98810e-07
0482  9.94136e+18  1.18859e+03  8.87967e+05  1.45345e-19  0.00000e+00  0.00000e+00  3.97334e-07
0483  9.95977e+18  1.20325e+03  8.92574e+05  1.42260e-19  0.00000e+00  0.00000e+00  3.95866e-07
0484  9.97819e+18  1.21778e+03  8.97007e+05  1.39281e-19  0.00000e+00  0.00000e+00  3.94406e-07
0485  9.99661e+18  1.23219e+03  9.01278e+05  1.36404e-19  0.00000e+00  0.00000e+00  3.92955e-07
0486  1.00150e+19  1.24649e+03  9.05406e+05  1.33617e-19  0.00000e+00  0.00000e+00  3.91511e-07
0487  1.00334e+19  1.26070e+03  9.09417e+05  1.31254e-19  0.00000e+00  0.00000e+00  3.90075e-07
0488  1.00519e+19  1.27484e+03  9.13324e+05  1.28945e-19  0.00000e+00  0.00000e+00  3.88647e-07
0489  1.00703e+19  1.28891e+03  9.17137e+05  1.26688e-19  0.00000e+00  0.00000e+00  3.87227e-07
0490  1.00887e+19  1.30290e+03  9.20862e+05  1.24481e-19  0.00000e+00  0.00000e+00  3.85814e-07
0491  1.01071e+19  1.31682e+03  9.24504e+05  1.22324e-19  0.00000e+00  0.00000e+00  3.84410e-07
0492  1.01255e+19  1.33064e+03  9.28070e+05  1.20214e-19  0.00000e+00  0.00000e+00  3.83013e-07
0493  1.01439e+19  1.34438e+03  9.31562e+05  1.18153e-19  0.00000e+00  0.00000e+00  3.81623e-07
0494  1.01623e+19  1.35801e+03  9.34986e+05  1.16137e-19  0.00000e+00  0.00000e+00  3.80242e-07
0495  1.01808e+19  1.37154e+03  9.38349e+05  1.14168e-19  0.00000e+00  0.00000e+00  3.78867e-07
0496  1.01992e+19  1.38495e+03  9.41655e+05  1.12243e-19  0.00000e+00  0.00000e+00  3.77500e-07
0497  1.02176e+19  1.39822e+03  9.44912e+05  1.10362e-19  0.00000e+00  0.00000e+00  3.76141e-07
0498  1.02360e+19  1.41135e+03  9.48128e+05  1.08525e-19  0.00000e+00  0.00000e+00  3.74789e-07
0499  1.02544e+19  1.42433e+03  9.51310e+05  1.06730e-19  0.00000e+00  0.00000e+00  3.73444e-07
0500  1.02728e+19  1.43712e+03  9.54463e+05  1.04978e-19  0.00000e+00  0.00000e+00  3.72106e-07
0501  1.02913e+19  1.44973e+03  9.57595e+05  1.03267e-19  0.00000e+00  0.00000e+00  3.70775e-07
0502  1.03097e+19  1.46215e+03  9.60709e+05  1.01597e-19  0.00000e+00  0.00000e+00  3.69452e-07
0503  1.03281e+19  1.47436e+03  9.63808e+05  9.99675e-20  0.00000e+00  0.00000e+00  3.68136e-07
0504  1.03465e+19  1.48636e+03  9.66894e+05  9.83773e-20  0.00000e+00  0.00000e+00  3.66826e-07
0505  1.03649e+19  1.49817e+03  9.69970e+05  9.68248e-20  0.00000e+00  0.00000e+00  3.65524e-07
0506  1.03833e+19  1.50980e+03  9.73042e+05  9.53534e-20  0.00000e+00  0.00000e+00  3.64229e-07
0507  1.04017e+19  1.52128e+03  9.76113e+05  9.39617e-20  0.00000e+00  0.00000e+00  3.62940e-07
0508  1.04202e+19  1.53262e+03  9.79181e+05  9.26021e-20  0.00000e+00  0.00000e+00  3.61658e-07
0509  1.04386e+19  1.54384e+03  9.82244e+05  9.12688e-20  0.00000e+00  0.00000e+00  3.60383e-07
0510  1.04570e+19  1.55495e+03  9.85297e+05  8.99611e-20  0.00000e+00  0.00000e+00  3.59115e-07
0511  1.04754e+19  1.56596e+03  9.88339e+05  8.86783e-20  0.00000e+00  0.00000e+00  3.57854e-07
0512  1.04938e+19  1.57687e+03  9.91367e+05  8.74199e-20  0.00000e+00  0.00000e+00  3.56599e-07
0513  1.05122e+19  1.58769e+03  9.94378e+05  8.61856e-20  0.00000e+00  0.00000e+00  3.55350e-07
0514  1.05307e+19  1.59841e+03  9.97372e+05  8.49748e-20  0.00000e+00  0.00000e+00  3.54109e-07
0515  1.05491e+19  1.60903e+03  1.00035e+06  8.37874e-20  0.00000e+00  0.00000e+00  3.52873e-07
0516  1.05675e+19  1.61956e+03  1.00331e+06  8.26230e-20  0.00000e+00  0.00000e+00  3.51645e-07
0517  1.05859e+19  1.62996e+03  1.00626e+06  8.14816e-20  0.00000e+00  0.00000e+00  3.50422e-07
0518  1.06043e+19  1.64025e+03  1.00920e+06  8.03629e-20  0.00000e+00  0.00000e+00  3.49206e-07
0519  1.06227e+19  1.65041e+03  1.01213e+06  7.92666e-20  0.00000e+00  0.00000e+00  3.47996e-07
0520  1.06412e+19  1.66043e+03  1.01505e+06  7.81927e-20  0.00000e+00  0.00000e+00  3.46793e-07
0521  1.06596e+19  1.67030e+03  1.01796e+06  7.71408e-20  0.00000e+00  0.00000e+00  3.45596e-07
0522  1.06780e+19  1.68003e+03  1.02087e+06  7.61106e-20  0.00000e+00  0.00000e+00  3.44405e-07
0523  1.06964e+19  1.68960e+03  1.02377e+06  7.51019e-20  0.00000e+00  0.00000e+00  3.43220e-07
0524  1.07148e+19  1.69901e+03  1.02667e+06  7.41144e-20  0.00000e+00  0.00000e+00  3.42041e-07
0525  1.07332e+19  1.70826e+03  1.02956e+06  7.31475e-20  0.00000e+00  0.00000e+00  3.40868e-07
0526  1.07516e+19  1.71734e+03  1.03245e+06  7.22010e-20  0.00000e+00  0.00000e+00  3.39702e-07
0527  1.07701e+19  1.72627e+03  1.03534e+06  7.12744e-20  0.00000e+00  0.00000e+00  3.38541e-07
0528  1.07885e+19  1.73503e+03  1.03822e+06  7.03673e-20  0.00000e+00  0.00000e+00  3.37386e-07
0529  1.08069e+19  1.74362e+03  1.04110e+06  6.94792e-20  0.00000e+00  0.00000e+00  3.36237e-07
0530  1.08253e+19  1.75206e+03  1.04396e+06  6.86097e-20  0.00000e+00  0.00000e+00  3.35094e-07
0531  1.08437e+19  1.76034e+03  1.04683e+06  6.77583e-20  0.00000e+00  0.00000e+00  3.33957e-07
0532  1.08621e+19  1.76846e+03  1.04968e+06  6.69245e-20  0.00000e+00  0.00000e+00  3.32826e-07
0533  1.08806e+19  1.77643e+03  1.05253e+06  6.61080e-20  0.00000e+00  0.00000e+00  3.31700e-07
0534  1.08990e+19  1.78425e+03  1.05536e+06  6.53083e-20  0.00000e+00  0.00000e+00  3.30580e-07
0535  1.09174e+19  1.79191e+03  1.05818e+06  6.45252e-20  0.00000e+00  0.00000e+00  3.29466e-07
0536  1.09358e+19  1.79942e+03  1.06099e+06  6.37583e-20  0.00000e+00  0.00000e+00  3.28357e-07
0537  1.09542e+19  1.80678e+03  1.06378e+06  6.29282e-20  0.00000e+00  0.00000e+00  3.27254e-07
0538  1.09726e+19  1.81402e+03  1.06656e+06  6.22458e-20  0.00000e+00  0.00000e+00  3.26156e-07
0539  1.09910e+19  1.82115e+03  1.06933e+06  6.15746e-20  0.00000e+00  0.00000e+00  3.25064e-07
0540  1.10095e+19  1.82819e+03  1.07209e+06  6.09140e-20  0.00000e+00  0.00000e+00  3.23978e-07
0541  1.10279e+19  1.83513e+03  1.07484e+06  6.02639e-20  0.00000e+00  0.00000e+00  3.22897e-07
0542  1.10463e+19  1.84198e+03  1.07758e+06  5.96239e-20  0.00000e+00  0.00000e+00  3.21821e-07
0543  1.10647e+19  1.84876e+03  1.08030e+06  5.89939e-20  0.00000e+00  0.00000e+00  3.20751e-07
0544  1.10831e+19  1.85544e+03  1.08300e+06  5.83738e-20  0.00000e+00  0.00000e+00  3.19686e-07
0545  1.11015e+19  1.86202e+03  1.08570e+06  5.77637e-20  0.00000e+00  0.00000e+00  3.18626e-07
0546  1.11200e+19  1.86849e+03  1.08839e+06  5.71634e-20  0.00000e+00  0.00000e+00  3.17571e-07
0547  1.11384e+19  1.87481e+03  1.09109e+06  5.65731e-20  0.00000e+00  0.00000e+00  3.16522e-07
0548  1.11568e+19  1.88098e+03  1.09381e+06  5.59930e-20  0.00000e+00  0.00000e+00  3.15478e-07
0549  1.11752e+19  1.88697e+03  1.09654e+06  5.54229e-20  0.00000e+00  0.00000e+00  3.14439e-07
0550  1.11936e+19  1.89276e+03  1.09930e+06  5.48631e-20  0.00000e+00  0.00000e+00  3.13405e-07
0551  1.12120e+19  1.89829e+03  1.10213e+06  5.43137e-20  0.00000e+00  0.00000e+00  3.12377e-07
0552  1.12305e+19  1.90353e+03  1.10497e+06  5.37765e-20  0.00000e+00  0.00000e+00  3.11353e-07
0553  1.12489e+19  1.90895e+03  1.10792e+06  5.32393e-20  0.00000e+00  0.00000e+00  3.10335e-07
0554  1.12673e+19  1.91292e+03  1.11052e+06  5.27466e-20  0.00000e+00  0.00000e+00  3.09321e-07
0555  1.12857e+19  1.92419e+03  1.11504e+06  5.20635e-20  0.00000e+00  0.00000e+00  3.08312e-07
