# Athena++ data at time=5.100000e+11  cycle=34175180  variables=uov 
# i       x1v         user_out_var0          user_out_var1          user_out_var2          user_out_var3          user_out_var4          user_out_var5      
0002  1.13875e+18  4.91745e+00  3.03478e+04  5.85690e-16  0.00000e+00  0.00000e+00  3.02826e-05
0003  1.15716e+18  1.03279e+01  4.00345e+04 -3.71446e-17  0.00000e+00  0.00000e+00  2.93264e-05
0004  1.17558e+18  1.42453e+01  4.69809e+04 -7.73440e-17  0.00000e+00  0.00000e+00  2.84148e-05
0005  1.19399e+18  2.60598e+01  6.81519e+04 -3.65316e-16  0.00000e+00  0.00000e+00  2.75451e-05
0006  1.21241e+18  6.45749e+01  1.39392e+05 -4.97563e-16  0.00000e+00  0.00000e+00  2.67147e-05
0007  1.23082e+18  1.18019e+02  1.86240e+05 -2.93097e-16  0.00000e+00  0.00000e+00  2.59213e-05
0008  1.24924e+18  1.38692e+02  2.11330e+05 -6.12819e-18  0.00000e+00  0.00000e+00  2.51628e-05
0009  1.26765e+18  1.37676e+02  2.09740e+05  1.23420e-17  0.00000e+00  0.00000e+00  2.44370e-05
0010  1.28607e+18  1.35575e+02  2.06703e+05  9.18616e-18  0.00000e+00  0.00000e+00  2.37422e-05
0011  1.30448e+18  1.34294e+02  2.04910e+05  7.06381e-18  0.00000e+00  0.00000e+00  2.30766e-05
0012  1.32290e+18  1.32978e+02  2.03105e+05  7.04116e-18  0.00000e+00  0.00000e+00  2.24386e-05
0013  1.34131e+18  1.31659e+02  2.01341e+05  6.96885e-18  0.00000e+00  0.00000e+00  2.18267e-05
0014  1.35973e+18  1.30341e+02  1.99620e+05  6.73856e-18  0.00000e+00  0.00000e+00  2.12395e-05
0015  1.37814e+18  1.29047e+02  1.97972e+05  6.55538e-18  0.00000e+00  0.00000e+00  2.06757e-05
0016  1.39656e+18  1.27764e+02  1.96414e+05  6.14847e-18  0.00000e+00  0.00000e+00  2.01340e-05
0017  1.41497e+18  1.26481e+02  1.94945e+05  6.05481e-18  0.00000e+00  0.00000e+00  1.96134e-05
0018  1.43339e+18  1.25215e+02  1.93529e+05  5.90239e-18  0.00000e+00  0.00000e+00  1.91126e-05
0019  1.45180e+18  1.23967e+02  1.92162e+05  5.73533e-18  0.00000e+00  0.00000e+00  1.86309e-05
0020  1.47022e+18  1.22744e+02  1.90821e+05  5.81198e-18  0.00000e+00  0.00000e+00  1.81671e-05
0021  1.48863e+18  1.21554e+02  1.89491e+05  5.59130e-18  0.00000e+00  0.00000e+00  1.77204e-05
0022  1.50705e+18  1.20382e+02  1.88213e+05  5.47258e-18  0.00000e+00  0.00000e+00  1.72900e-05
0023  1.52546e+18  1.19222e+02  1.86979e+05  5.35072e-18  0.00000e+00  0.00000e+00  1.68750e-05
0024  1.54388e+18  1.18076e+02  1.85789e+05  5.22857e-18  0.00000e+00  0.00000e+00  1.64749e-05
0027  1.56229e+18  1.16944e+02  1.84640e+05  5.11407e-18  0.00000e+00  0.00000e+00  1.60888e-05
0028  1.58071e+18  1.15826e+02  1.83531e+05  5.00671e-18  0.00000e+00  0.00000e+00  1.57161e-05
0029  1.59912e+18  1.14721e+02  1.82459e+05  4.90562e-18  0.00000e+00  0.00000e+00  1.53562e-05
0030  1.61754e+18  1.13630e+02  1.81424e+05  4.81039e-18  0.00000e+00  0.00000e+00  1.50085e-05
0031  1.63595e+18  1.12553e+02  1.80422e+05  4.72070e-18  0.00000e+00  0.00000e+00  1.46726e-05
0032  1.65437e+18  1.11488e+02  1.79452e+05  4.63590e-18  0.00000e+00  0.00000e+00  1.43477e-05
0033  1.67278e+18  1.10436e+02  1.78513e+05  4.55576e-18  0.00000e+00  0.00000e+00  1.40336e-05
0034  1.69120e+18  1.09396e+02  1.77603e+05  4.48130e-18  0.00000e+00  0.00000e+00  1.37296e-05
0035  1.70961e+18  1.08369e+02  1.76721e+05  4.40935e-18  0.00000e+00  0.00000e+00  1.34354e-05
0036  1.72803e+18  1.07353e+02  1.75866e+05  4.33693e-18  0.00000e+00  0.00000e+00  1.31506e-05
0037  1.74644e+18  1.06349e+02  1.75035e+05  4.28535e-18  0.00000e+00  0.00000e+00  1.28747e-05
0038  1.76486e+18  1.05359e+02  1.74231e+05  4.23648e-18  0.00000e+00  0.00000e+00  1.26074e-05
0039  1.78328e+18  1.04377e+02  1.73447e+05  4.04364e-18  0.00000e+00  0.00000e+00  1.23484e-05
0040  1.80169e+18  1.03400e+02  1.72678e+05  4.35865e-18  0.00000e+00  0.00000e+00  1.20973e-05
0041  1.82011e+18  1.02431e+02  1.71932e+05  4.06093e-18  0.00000e+00  0.00000e+00  1.18537e-05
0042  1.83852e+18  1.01425e+02  1.71351e+05  4.50070e-18  0.00000e+00  0.00000e+00  1.16174e-05
0043  1.85694e+18  1.00526e+02  1.70548e+05  3.98924e-18  0.00000e+00  0.00000e+00  1.13882e-05
0044  1.87535e+18  9.96501e+01  1.69780e+05  4.07749e-18  0.00000e+00  0.00000e+00  1.11656e-05
0045  1.89377e+18  9.87781e+01  1.69032e+05  4.03624e-18  0.00000e+00  0.00000e+00  1.09495e-05
0046  1.91218e+18  9.78782e+01  1.68277e+05  3.88142e-18  0.00000e+00  0.00000e+00  1.07396e-05
0047  1.93060e+18  9.69548e+01  1.67935e+05 -8.53927e-17  0.00000e+00  0.00000e+00  1.05357e-05
0048  1.94901e+18  9.59498e+01  1.67359e+05  4.28136e-18  0.00000e+00  0.00000e+00  1.03376e-05
0049  1.96743e+18  9.50972e+01  1.66667e+05  3.72159e-18  0.00000e+00  0.00000e+00  1.01449e-05
0050  1.98584e+18  9.42787e+01  1.66006e+05  3.77879e-18  0.00000e+00  0.00000e+00  9.95766e-06
0051  2.00426e+18  9.34525e+01  1.65344e+05  3.80376e-18  0.00000e+00  0.00000e+00  9.77552e-06
0052  2.02267e+18  9.26310e+01  1.64690e+05  3.76733e-18  0.00000e+00  0.00000e+00  9.59833e-06
0053  2.04109e+18  9.18194e+01  1.64049e+05  3.72659e-18  0.00000e+00  0.00000e+00  9.42591e-06
0054  2.05951e+18  9.10172e+01  1.63420e+05  3.69162e-18  0.00000e+00  0.00000e+00  9.25810e-06
0055  2.07792e+18  9.02235e+01  1.62802e+05  3.65899e-18  0.00000e+00  0.00000e+00  9.09473e-06
0056  2.09634e+18  8.94380e+01  1.62194e+05  3.62726e-18  0.00000e+00  0.00000e+00  8.93564e-06
0057  2.11475e+18  8.86607e+01  1.61597e+05  3.59666e-18  0.00000e+00  0.00000e+00  8.78070e-06
0058  2.13317e+18  8.78911e+01  1.61010e+05  3.56687e-18  0.00000e+00  0.00000e+00  8.62975e-06
0059  2.15158e+18  8.71291e+01  1.60432e+05  3.53746e-18  0.00000e+00  0.00000e+00  8.48265e-06
0060  2.17000e+18  8.63745e+01  1.59864e+05  3.51317e-18  0.00000e+00  0.00000e+00  8.33929e-06
0061  2.18841e+18  8.56281e+01  1.59305e+05  3.47233e-18  0.00000e+00  0.00000e+00  8.19953e-06
0062  2.20683e+18  8.48915e+01  1.58740e+05  3.60887e-18  0.00000e+00  0.00000e+00  8.06326e-06
0063  2.22524e+18  8.41781e+01  1.58134e+05  3.48963e-18  0.00000e+00  0.00000e+00  7.93035e-06
0064  2.24366e+18  8.34799e+01  1.57543e+05  3.46230e-18  0.00000e+00  0.00000e+00  7.80071e-06
0065  2.26207e+18  8.27864e+01  1.56959e+05  3.44655e-18  0.00000e+00  0.00000e+00  7.67421e-06
0066  2.28049e+18  8.20985e+01  1.56380e+05  3.42057e-18  0.00000e+00  0.00000e+00  7.55077e-06
0067  2.29891e+18  8.14173e+01  1.55810e+05  3.39228e-18  0.00000e+00  0.00000e+00  7.43029e-06
0068  2.31732e+18  8.07429e+01  1.55246e+05  3.36535e-18  0.00000e+00  0.00000e+00  7.31266e-06
0069  2.33574e+18  8.00749e+01  1.54690e+05  3.33961e-18  0.00000e+00  0.00000e+00  7.19781e-06
0070  2.35415e+18  7.94132e+01  1.54141e+05  3.31464e-18  0.00000e+00  0.00000e+00  7.08564e-06
0071  2.37257e+18  7.87574e+01  1.53598e+05  3.29037e-18  0.00000e+00  0.00000e+00  6.97607e-06
0072  2.39098e+18  7.81076e+01  1.53062e+05  3.26683e-18  0.00000e+00  0.00000e+00  6.86902e-06
0073  2.40940e+18  7.74635e+01  1.52532e+05  3.24403e-18  0.00000e+00  0.00000e+00  6.76442e-06
0074  2.42781e+18  7.68249e+01  1.52008e+05  3.22197e-18  0.00000e+00  0.00000e+00  6.66219e-06
0075  2.44623e+18  7.61916e+01  1.51490e+05  3.20064e-18  0.00000e+00  0.00000e+00  6.56226e-06
0076  2.46464e+18  7.55636e+01  1.50977e+05  3.18006e-18  0.00000e+00  0.00000e+00  6.46456e-06
0077  2.48306e+18  7.49405e+01  1.50470e+05  3.16023e-18  0.00000e+00  0.00000e+00  6.36903e-06
0078  2.50147e+18  7.43223e+01  1.49968e+05  3.14104e-18  0.00000e+00  0.00000e+00  6.27560e-06
0079  2.51989e+18  7.37086e+01  1.49471e+05  3.12301e-18  0.00000e+00  0.00000e+00  6.18421e-06
0080  2.53831e+18  7.30995e+01  1.48979e+05  3.10575e-18  0.00000e+00  0.00000e+00  6.09480e-06
0081  2.55672e+18  7.24945e+01  1.48491e+05  3.08217e-18  0.00000e+00  0.00000e+00  6.00732e-06
0082  2.57514e+18  7.18929e+01  1.48008e+05  3.10124e-18  0.00000e+00  0.00000e+00  5.92171e-06
0083  2.59355e+18  7.13040e+01  1.47536e+05  2.95600e-18  0.00000e+00  0.00000e+00  5.83791e-06
0084  2.61197e+18  7.07216e+01  1.47070e+05  2.96437e-18  0.00000e+00  0.00000e+00  5.75588e-06
0085  2.63038e+18  7.02265e+01  1.46241e+05  2.75310e-18  0.00000e+00  0.00000e+00  5.67557e-06
0086  2.64880e+18  6.97252e+01  1.45657e+05  3.13893e-18  0.00000e+00  0.00000e+00  5.59693e-06
0087  2.66721e+18  6.92011e+01  1.45048e+05  3.12197e-18  0.00000e+00  0.00000e+00  5.51991e-06
0088  2.68563e+18  6.86822e+01  1.44444e+05  3.07571e-18  0.00000e+00  0.00000e+00  5.44447e-06
0089  2.70404e+18  6.81715e+01  1.43848e+05  3.03537e-18  0.00000e+00  0.00000e+00  5.37056e-06
0090  2.72246e+18  6.76675e+01  1.43260e+05  3.00286e-18  0.00000e+00  0.00000e+00  5.29815e-06
0091  2.74088e+18  6.71738e+01  1.42633e+05  3.03855e-18  0.00000e+00  0.00000e+00  5.22720e-06
0092  2.75929e+18  6.66949e+01  1.42011e+05  2.98986e-18  0.00000e+00  0.00000e+00  5.15766e-06
0093  2.77771e+18  6.62208e+01  1.41395e+05  2.97588e-18  0.00000e+00  0.00000e+00  5.08950e-06
0094  2.79612e+18  6.57494e+01  1.40781e+05  2.95454e-18  0.00000e+00  0.00000e+00  5.02268e-06
0095  2.81454e+18  6.52820e+01  1.40172e+05  2.92873e-18  0.00000e+00  0.00000e+00  4.95717e-06
0096  2.83295e+18  6.48191e+01  1.39567e+05  2.90306e-18  0.00000e+00  0.00000e+00  4.89293e-06
0097  2.85137e+18  6.43606e+01  1.38966e+05  2.87833e-18  0.00000e+00  0.00000e+00  4.82993e-06
0098  2.86978e+18  6.39062e+01  1.38370e+05  2.85415e-18  0.00000e+00  0.00000e+00  4.76814e-06
0099  2.88820e+18  6.34559e+01  1.37778e+05  2.83036e-18  0.00000e+00  0.00000e+00  4.70753e-06
0100  2.90661e+18  6.30095e+01  1.37191e+05  2.80695e-18  0.00000e+00  0.00000e+00  4.64807e-06
0101  2.92503e+18  6.25671e+01  1.36607e+05  2.78393e-18  0.00000e+00  0.00000e+00  4.58973e-06
0102  2.94345e+18  6.21286e+01  1.36028e+05  2.76132e-18  0.00000e+00  0.00000e+00  4.53248e-06
0103  2.96186e+18  6.16937e+01  1.35452e+05  2.73909e-18  0.00000e+00  0.00000e+00  4.47629e-06
0104  2.98028e+18  6.12626e+01  1.34880e+05  2.71724e-18  0.00000e+00  0.00000e+00  4.42114e-06
0105  2.99869e+18  6.08351e+01  1.34312e+05  2.69578e-18  0.00000e+00  0.00000e+00  4.36701e-06
0106  3.01711e+18  6.04111e+01  1.33748e+05  2.67468e-18  0.00000e+00  0.00000e+00  4.31386e-06
0107  3.03552e+18  5.99906e+01  1.33187e+05  2.65388e-18  0.00000e+00  0.00000e+00  4.26168e-06
0108  3.05394e+18  5.95734e+01  1.32629e+05  2.63416e-18  0.00000e+00  0.00000e+00  4.21044e-06
0109  3.07235e+18  5.91598e+01  1.32076e+05  2.60963e-18  0.00000e+00  0.00000e+00  4.16011e-06
0110  3.09077e+18  5.87501e+01  1.31526e+05  2.58558e-18  0.00000e+00  0.00000e+00  4.11069e-06
0111  3.10918e+18  5.83475e+01  1.30951e+05  2.59093e-18  0.00000e+00  0.00000e+00  4.06214e-06
0112  3.12760e+18  5.79528e+01  1.30384e+05  2.56708e-18  0.00000e+00  0.00000e+00  4.01444e-06
0113  3.14602e+18  5.75612e+01  1.29820e+05  2.55277e-18  0.00000e+00  0.00000e+00  3.96758e-06
0114  3.16443e+18  5.71715e+01  1.29259e+05  2.53470e-18  0.00000e+00  0.00000e+00  3.92154e-06
0115  3.18285e+18  5.67847e+01  1.28701e+05  2.51477e-18  0.00000e+00  0.00000e+00  3.87629e-06
0116  3.20126e+18  5.64009e+01  1.28146e+05  2.49507e-18  0.00000e+00  0.00000e+00  3.83182e-06
0117  3.21968e+18  5.60200e+01  1.27595e+05  2.47595e-18  0.00000e+00  0.00000e+00  3.78811e-06
0118  3.23809e+18  5.56419e+01  1.27047e+05  2.45724e-18  0.00000e+00  0.00000e+00  3.74515e-06
0119  3.25651e+18  5.52666e+01  1.26503e+05  2.43883e-18  0.00000e+00  0.00000e+00  3.70291e-06
0120  3.27492e+18  5.48939e+01  1.25961e+05  2.42072e-18  0.00000e+00  0.00000e+00  3.66138e-06
0121  3.29334e+18  5.45239e+01  1.25423e+05  2.40291e-18  0.00000e+00  0.00000e+00  3.62055e-06
0122  3.31176e+18  5.41565e+01  1.24887e+05  2.38542e-18  0.00000e+00  0.00000e+00  3.58040e-06
0123  3.33017e+18  5.37916e+01  1.24355e+05  2.36827e-18  0.00000e+00  0.00000e+00  3.54091e-06
0124  3.34859e+18  5.34293e+01  1.23825e+05  2.35085e-18  0.00000e+00  0.00000e+00  3.50207e-06
0125  3.36700e+18  5.30692e+01  1.23298e+05  2.33839e-18  0.00000e+00  0.00000e+00  3.46386e-06
0126  3.38542e+18  5.27134e+01  1.22777e+05  2.29327e-18  0.00000e+00  0.00000e+00  3.42628e-06
0127  3.40383e+18  5.23641e+01  1.22264e+05  2.20008e-18  0.00000e+00  0.00000e+00  3.38931e-06
0128  3.42225e+18  5.20443e+01  1.21532e+05  2.18203e-18  0.00000e+00  0.00000e+00  3.35293e-06
0129  3.44066e+18  5.17438e+01  1.20928e+05  2.33534e-18  0.00000e+00  0.00000e+00  3.31713e-06
0130  3.45908e+18  5.14336e+01  1.20308e+05  2.34214e-18  0.00000e+00  0.00000e+00  3.28191e-06
0131  3.47749e+18  5.11218e+01  1.19686e+05  2.31291e-18  0.00000e+00  0.00000e+00  3.24724e-06
0132  3.49591e+18  5.08136e+01  1.19071e+05  2.28772e-18  0.00000e+00  0.00000e+00  3.21312e-06
0133  3.51433e+18  5.05082e+01  1.18462e+05  2.26640e-18  0.00000e+00  0.00000e+00  3.17953e-06
0134  3.53274e+18  5.02049e+01  1.17857e+05  2.24599e-18  0.00000e+00  0.00000e+00  3.14647e-06
0135  3.55116e+18  4.99036e+01  1.17258e+05  2.22564e-18  0.00000e+00  0.00000e+00  3.11392e-06
0136  3.56957e+18  4.96045e+01  1.16663e+05  2.20574e-18  0.00000e+00  0.00000e+00  3.08188e-06
0137  3.58799e+18  4.93075e+01  1.16073e+05  2.18148e-18  0.00000e+00  0.00000e+00  3.05032e-06
0138  3.60640e+18  4.90136e+01  1.15489e+05  2.14582e-18  0.00000e+00  0.00000e+00  3.01925e-06
0139  3.62482e+18  4.87262e+01  1.14845e+05  2.14161e-18  0.00000e+00  0.00000e+00  2.98865e-06
0140  3.64323e+18  4.84504e+01  1.14241e+05  2.13125e-18  0.00000e+00  0.00000e+00  2.95851e-06
0141  3.66165e+18  4.81745e+01  1.13639e+05  2.13795e-18  0.00000e+00  0.00000e+00  2.92883e-06
0142  3.68007e+18  4.78966e+01  1.13036e+05  2.11638e-18  0.00000e+00  0.00000e+00  2.89959e-06
0143  3.69848e+18  4.76207e+01  1.12440e+05  2.09305e-18  0.00000e+00  0.00000e+00  2.87079e-06
0144  3.71690e+18  4.73469e+01  1.11850e+05  2.07235e-18  0.00000e+00  0.00000e+00  2.84241e-06
0145  3.73531e+18  4.70747e+01  1.11266e+05  2.05248e-18  0.00000e+00  0.00000e+00  2.81445e-06
0146  3.75373e+18  4.68041e+01  1.10688e+05  2.03282e-18  0.00000e+00  0.00000e+00  2.78690e-06
0147  3.77214e+18  4.65350e+01  1.10116e+05  2.01341e-18  0.00000e+00  0.00000e+00  2.75976e-06
0148  3.79056e+18  4.62675e+01  1.09549e+05  1.99430e-18  0.00000e+00  0.00000e+00  2.73301e-06
0149  3.80897e+18  4.60015e+01  1.08987e+05  1.97549e-18  0.00000e+00  0.00000e+00  2.70665e-06
0150  3.82739e+18  4.57370e+01  1.08431e+05  1.95699e-18  0.00000e+00  0.00000e+00  2.68066e-06
0151  3.84581e+18  4.54741e+01  1.07880e+05  1.93878e-18  0.00000e+00  0.00000e+00  2.65505e-06
0152  3.86422e+18  4.52127e+01  1.07335e+05  1.92085e-18  0.00000e+00  0.00000e+00  2.62981e-06
0153  3.88264e+18  4.49528e+01  1.06794e+05  1.90321e-18  0.00000e+00  0.00000e+00  2.60492e-06
0154  3.90105e+18  4.46943e+01  1.06259e+05  1.88584e-18  0.00000e+00  0.00000e+00  2.58038e-06
0155  3.91947e+18  4.44373e+01  1.05728e+05  1.86874e-18  0.00000e+00  0.00000e+00  2.55619e-06
0156  3.93788e+18  4.41818e+01  1.05203e+05  1.85197e-18  0.00000e+00  0.00000e+00  2.53234e-06
0157  3.95630e+18  4.39278e+01  1.04682e+05  1.83428e-18  0.00000e+00  0.00000e+00  2.50882e-06
0158  3.97471e+18  4.36755e+01  1.04168e+05  1.80876e-18  0.00000e+00  0.00000e+00  2.48563e-06
0159  3.99313e+18  4.34266e+01  1.03635e+05  1.83317e-18  0.00000e+00  0.00000e+00  2.46275e-06
0160  4.01155e+18  4.31828e+01  1.03104e+05  1.79823e-18  0.00000e+00  0.00000e+00  2.44019e-06
0161  4.02996e+18  4.29414e+01  1.02580e+05  1.78888e-18  0.00000e+00  0.00000e+00  2.41794e-06
0162  4.04838e+18  4.27004e+01  1.02060e+05  1.77464e-18  0.00000e+00  0.00000e+00  2.39599e-06
0163  4.06679e+18  4.24603e+01  1.01543e+05  1.75814e-18  0.00000e+00  0.00000e+00  2.37434e-06
0164  4.08521e+18  4.22216e+01  1.01032e+05  1.74186e-18  0.00000e+00  0.00000e+00  2.35299e-06
0165  4.10362e+18  4.19842e+01  1.00527e+05  1.72603e-18  0.00000e+00  0.00000e+00  2.33191e-06
0166  4.12204e+18  4.17481e+01  1.00026e+05  1.71049e-18  0.00000e+00  0.00000e+00  2.31113e-06
0167  4.14045e+18  4.15133e+01  9.95296e+04  1.69518e-18  0.00000e+00  0.00000e+00  2.29061e-06
0168  4.15887e+18  4.12797e+01  9.90383e+04  1.68009e-18  0.00000e+00  0.00000e+00  2.27037e-06
0169  4.17728e+18  4.10474e+01  9.85516e+04  1.66525e-18  0.00000e+00  0.00000e+00  2.25040e-06
0170  4.19570e+18  4.08163e+01  9.80697e+04  1.65030e-18  0.00000e+00  0.00000e+00  2.23069e-06
0171  4.21412e+18  4.05867e+01  9.75927e+04  1.63259e-18  0.00000e+00  0.00000e+00  2.21123e-06
0172  4.23253e+18  4.03588e+01  9.71124e+04  1.62728e-18  0.00000e+00  0.00000e+00  2.19203e-06
0173  4.25095e+18  4.01330e+01  9.66377e+04  1.61141e-18  0.00000e+00  0.00000e+00  2.17308e-06
0174  4.26936e+18  3.99085e+01  9.61679e+04  1.59888e-18  0.00000e+00  0.00000e+00  2.15438e-06
0175  4.28778e+18  3.96849e+01  9.57024e+04  1.58524e-18  0.00000e+00  0.00000e+00  2.13591e-06
0176  4.30619e+18  3.94623e+01  9.52414e+04  1.57136e-18  0.00000e+00  0.00000e+00  2.11768e-06
0177  4.32461e+18  3.92409e+01  9.47850e+04  1.55770e-18  0.00000e+00  0.00000e+00  2.09968e-06
0178  4.34302e+18  3.90207e+01  9.43332e+04  1.54431e-18  0.00000e+00  0.00000e+00  2.08191e-06
0179  4.36144e+18  3.88016e+01  9.38858e+04  1.53113e-18  0.00000e+00  0.00000e+00  2.06437e-06
0180  4.37986e+18  3.85836e+01  9.34429e+04  1.51815e-18  0.00000e+00  0.00000e+00  2.04705e-06
0181  4.39827e+18  3.83667e+01  9.30042e+04  1.50537e-18  0.00000e+00  0.00000e+00  2.02994e-06
0182  4.41669e+18  3.81509e+01  9.25698e+04  1.49279e-18  0.00000e+00  0.00000e+00  2.01305e-06
0183  4.43510e+18  3.79361e+01  9.21397e+04  1.48039e-18  0.00000e+00  0.00000e+00  1.99637e-06
0184  4.45352e+18  3.77225e+01  9.17137e+04  1.46819e-18  0.00000e+00  0.00000e+00  1.97989e-06
0185  4.47193e+18  3.75100e+01  9.12918e+04  1.45617e-18  0.00000e+00  0.00000e+00  1.96362e-06
0186  4.49035e+18  3.72986e+01  9.08739e+04  1.44434e-18  0.00000e+00  0.00000e+00  1.94754e-06
0187  4.50876e+18  3.70882e+01  9.04601e+04  1.43269e-18  0.00000e+00  0.00000e+00  1.93167e-06
0188  4.52718e+18  3.68789e+01  9.00501e+04  1.42120e-18  0.00000e+00  0.00000e+00  1.91598e-06
0189  4.54560e+18  3.66707e+01  8.96441e+04  1.40975e-18  0.00000e+00  0.00000e+00  1.90049e-06
0190  4.56401e+18  3.64638e+01  8.92424e+04  1.39571e-18  0.00000e+00  0.00000e+00  1.88519e-06
0191  4.58243e+18  3.62599e+01  8.88490e+04  1.33710e-18  0.00000e+00  0.00000e+00  1.87006e-06
0192  4.60084e+18  3.60634e+01  8.83493e+04  1.31578e-18  0.00000e+00  0.00000e+00  1.85512e-06
0193  4.61926e+18  3.58742e+01  8.79229e+04  1.39930e-18  0.00000e+00  0.00000e+00  1.84036e-06
0194  4.63767e+18  3.56817e+01  8.74929e+04  1.39753e-18  0.00000e+00  0.00000e+00  1.82577e-06
0195  4.65609e+18  3.54876e+01  8.70622e+04  1.38018e-18  0.00000e+00  0.00000e+00  1.81136e-06
0196  4.67450e+18  3.52952e+01  8.66377e+04  1.36629e-18  0.00000e+00  0.00000e+00  1.79712e-06
0197  4.69292e+18  3.51043e+01  8.62188e+04  1.35443e-18  0.00000e+00  0.00000e+00  1.78304e-06
0198  4.71134e+18  3.49143e+01  8.58043e+04  1.34293e-18  0.00000e+00  0.00000e+00  1.76913e-06
0199  4.72975e+18  3.47252e+01  8.53940e+04  1.33147e-18  0.00000e+00  0.00000e+00  1.75538e-06
0200  4.74817e+18  3.45370e+01  8.49880e+04  1.32013e-18  0.00000e+00  0.00000e+00  1.74179e-06
0201  4.76658e+18  3.43497e+01  8.45863e+04  1.30897e-18  0.00000e+00  0.00000e+00  1.72836e-06
0202  4.78500e+18  3.41634e+01  8.41889e+04  1.29805e-18  0.00000e+00  0.00000e+00  1.71508e-06
0203  4.80341e+18  3.39779e+01  8.37952e+04  1.28896e-18  0.00000e+00  0.00000e+00  1.70195e-06
0204  4.82183e+18  3.37923e+01  8.34030e+04  1.31008e-18  0.00000e+00  0.00000e+00  1.68898e-06
0205  4.84024e+18  3.36048e+01  8.30850e+04  1.42390e-18  0.00000e+00  0.00000e+00  1.67615e-06
0206  4.85866e+18  3.34180e+01  8.26717e+04  1.25588e-18  0.00000e+00  0.00000e+00  1.66347e-06
0207  4.87708e+18  3.32396e+01  8.22777e+04  1.24661e-18  0.00000e+00  0.00000e+00  1.65093e-06
0208  4.89549e+18  3.30641e+01  8.18929e+04  1.24742e-18  0.00000e+00  0.00000e+00  1.63853e-06
0209  4.91391e+18  3.28873e+01  8.15084e+04  1.23937e-18  0.00000e+00  0.00000e+00  1.62627e-06
0210  4.93232e+18  3.27107e+01  8.11270e+04  1.22813e-18  0.00000e+00  0.00000e+00  1.61415e-06
0211  4.95074e+18  3.25350e+01  8.07505e+04  1.21714e-18  0.00000e+00  0.00000e+00  1.60217e-06
0212  4.96915e+18  3.23603e+01  8.03787e+04  1.20668e-18  0.00000e+00  0.00000e+00  1.59031e-06
0213  4.98757e+18  3.21864e+01  8.00114e+04  1.19648e-18  0.00000e+00  0.00000e+00  1.57859e-06
0214  5.00598e+18  3.20133e+01  7.96483e+04  1.18644e-18  0.00000e+00  0.00000e+00  1.56700e-06
0215  5.02440e+18  3.18410e+01  7.92894e+04  1.17654e-18  0.00000e+00  0.00000e+00  1.55553e-06
0216  5.04282e+18  3.16695e+01  7.89348e+04  1.16680e-18  0.00000e+00  0.00000e+00  1.54419e-06
0217  5.06123e+18  3.14988e+01  7.85842e+04  1.15722e-18  0.00000e+00  0.00000e+00  1.53298e-06
0218  5.07965e+18  3.13288e+01  7.82377e+04  1.14779e-18  0.00000e+00  0.00000e+00  1.52188e-06
0219  5.09806e+18  3.11597e+01  7.78951e+04  1.13851e-18  0.00000e+00  0.00000e+00  1.51091e-06
0220  5.11648e+18  3.09914e+01  7.75565e+04  1.12939e-18  0.00000e+00  0.00000e+00  1.50005e-06
0221  5.13489e+18  3.08238e+01  7.72217e+04  1.12041e-18  0.00000e+00  0.00000e+00  1.48931e-06
0222  5.15331e+18  3.06571e+01  7.68907e+04  1.11157e-18  0.00000e+00  0.00000e+00  1.47868e-06
0223  5.17172e+18  3.04911e+01  7.65634e+04  1.10287e-18  0.00000e+00  0.00000e+00  1.46817e-06
0224  5.19014e+18  3.03259e+01  7.62398e+04  1.09431e-18  0.00000e+00  0.00000e+00  1.45777e-06
0225  5.20856e+18  3.01615e+01  7.59198e+04  1.08565e-18  0.00000e+00  0.00000e+00  1.44748e-06
0226  5.22697e+18  2.99981e+01  7.56039e+04  1.07184e-18  0.00000e+00  0.00000e+00  1.43730e-06
0227  5.24539e+18  2.98361e+01  7.52786e+04  1.07825e-18  0.00000e+00  0.00000e+00  1.42723e-06
0228  5.26380e+18  2.96760e+01  7.49570e+04  1.06893e-18  0.00000e+00  0.00000e+00  1.41726e-06
0229  5.28222e+18  2.95170e+01  7.46397e+04  1.06253e-18  0.00000e+00  0.00000e+00  1.40739e-06
0230  5.30063e+18  2.93585e+01  7.43252e+04  1.05502e-18  0.00000e+00  0.00000e+00  1.39763e-06
0231  5.31905e+18  2.92005e+01  7.40139e+04  1.04701e-18  0.00000e+00  0.00000e+00  1.38797e-06
0232  5.33746e+18  2.90434e+01  7.37060e+04  1.03904e-18  0.00000e+00  0.00000e+00  1.37841e-06
0233  5.35588e+18  2.88870e+01  7.34015e+04  1.03124e-18  0.00000e+00  0.00000e+00  1.36894e-06
0234  5.37430e+18  2.87314e+01  7.31004e+04  1.02360e-18  0.00000e+00  0.00000e+00  1.35958e-06
0235  5.39271e+18  2.85766e+01  7.28025e+04  1.01608e-18  0.00000e+00  0.00000e+00  1.35031e-06
0236  5.41113e+18  2.84225e+01  7.25077e+04  1.00867e-18  0.00000e+00  0.00000e+00  1.34113e-06
0237  5.42954e+18  2.82692e+01  7.22162e+04  1.00135e-18  0.00000e+00  0.00000e+00  1.33205e-06
0238  5.44796e+18  2.81166e+01  7.19278e+04  9.93274e-19  0.00000e+00  0.00000e+00  1.32306e-06
0239  5.46637e+18  2.79650e+01  7.16407e+04  9.96969e-19  0.00000e+00  0.00000e+00  1.31416e-06
0240  5.48479e+18  2.78144e+01  7.13527e+04  9.82612e-19  0.00000e+00  0.00000e+00  1.30535e-06
0241  5.50320e+18  2.76649e+01  7.10686e+04  9.76446e-19  0.00000e+00  0.00000e+00  1.29663e-06
0242  5.52162e+18  2.75161e+01  7.07877e+04  9.69905e-19  0.00000e+00  0.00000e+00  1.28800e-06
0243  5.54004e+18  2.73679e+01  7.05098e+04  9.63064e-19  0.00000e+00  0.00000e+00  1.27945e-06
0244  5.55845e+18  2.72204e+01  7.02348e+04  9.56177e-19  0.00000e+00  0.00000e+00  1.27098e-06
0245  5.57687e+18  2.70736e+01  6.99630e+04  9.49394e-19  0.00000e+00  0.00000e+00  1.26260e-06
0246  5.59528e+18  2.69274e+01  6.96942e+04  9.42741e-19  0.00000e+00  0.00000e+00  1.25431e-06
0247  5.61370e+18  2.67820e+01  6.94284e+04  9.36202e-19  0.00000e+00  0.00000e+00  1.24609e-06
0248  5.63211e+18  2.66373e+01  6.91655e+04  9.29766e-19  0.00000e+00  0.00000e+00  1.23795e-06
0249  5.65053e+18  2.64933e+01  6.89055e+04  9.23430e-19  0.00000e+00  0.00000e+00  1.22990e-06
0250  5.66894e+18  2.63499e+01  6.86483e+04  9.17194e-19  0.00000e+00  0.00000e+00  1.22192e-06
0251  5.68736e+18  2.62072e+01  6.83939e+04  9.11055e-19  0.00000e+00  0.00000e+00  1.21402e-06
0252  5.70578e+18  2.60652e+01  6.81422e+04  9.05013e-19  0.00000e+00  0.00000e+00  1.20620e-06
0253  5.72419e+18  2.59239e+01  6.78933e+04  8.99066e-19  0.00000e+00  0.00000e+00  1.19845e-06
0254  5.74261e+18  2.57833e+01  6.76469e+04  8.93212e-19  0.00000e+00  0.00000e+00  1.19077e-06
0255  5.76102e+18  2.56433e+01  6.74033e+04  8.87450e-19  0.00000e+00  0.00000e+00  1.18317e-06
0256  5.77944e+18  2.55040e+01  6.71622e+04  8.81779e-19  0.00000e+00  0.00000e+00  1.17565e-06
0257  5.79785e+18  2.53654e+01  6.69236e+04  8.76196e-19  0.00000e+00  0.00000e+00  1.16819e-06
0258  5.81627e+18  2.52274e+01  6.66875e+04  8.70700e-19  0.00000e+00  0.00000e+00  1.16080e-06
0259  5.83468e+18  2.50901e+01  6.64539e+04  8.65290e-19  0.00000e+00  0.00000e+00  1.15349e-06
0260  5.85310e+18  2.49535e+01  6.62227e+04  8.59965e-19  0.00000e+00  0.00000e+00  1.14624e-06
0261  5.87152e+18  2.48175e+01  6.59939e+04  8.54723e-19  0.00000e+00  0.00000e+00  1.13906e-06
0262  5.88993e+18  2.46821e+01  6.57674e+04  8.49562e-19  0.00000e+00  0.00000e+00  1.13195e-06
0263  5.90835e+18  2.45474e+01  6.55432e+04  8.44483e-19  0.00000e+00  0.00000e+00  1.12490e-06
0264  5.92676e+18  2.44133e+01  6.53213e+04  8.39480e-19  0.00000e+00  0.00000e+00  1.11792e-06
0265  5.94518e+18  2.42799e+01  6.51017e+04  8.34528e-19  0.00000e+00  0.00000e+00  1.11101e-06
0266  5.96359e+18  2.41471e+01  6.48844e+04  8.29316e-19  0.00000e+00  0.00000e+00  1.10416e-06
0267  5.98201e+18  2.40155e+01  6.46703e+04  7.95866e-19  0.00000e+00  0.00000e+00  1.09737e-06
0268  6.00043e+18  2.38867e+01  6.43756e+04  7.55436e-19  0.00000e+00  0.00000e+00  1.09065e-06
0269  6.01884e+18  2.37630e+01  6.41395e+04  8.31344e-19  0.00000e+00  0.00000e+00  1.08398e-06
0270  6.03726e+18  2.36404e+01  6.39079e+04  8.33093e-19  0.00000e+00  0.00000e+00  1.07738e-06
0271  6.05567e+18  2.35148e+01  6.36715e+04  8.30840e-19  0.00000e+00  0.00000e+00  1.07084e-06
0272  6.07409e+18  2.33885e+01  6.34347e+04  8.55688e-19  0.00000e+00  0.00000e+00  1.06435e-06
0273  6.09250e+18  2.32622e+01  6.32745e+04  9.88087e-19  0.00000e+00  0.00000e+00  1.05793e-06
0274  6.11092e+18  2.31355e+01  6.30150e+04  8.11696e-19  0.00000e+00  0.00000e+00  1.05156e-06
0275  6.12933e+18  2.30124e+01  6.27621e+04  8.15468e-19  0.00000e+00  0.00000e+00  1.04525e-06
0276  6.14775e+18  2.28940e+01  6.25207e+04  8.13185e-19  0.00000e+00  0.00000e+00  1.03900e-06
0277  6.16617e+18  2.27761e+01  6.22817e+04  8.11564e-19  0.00000e+00  0.00000e+00  1.03280e-06
0278  6.18458e+18  2.26574e+01  6.20428e+04  8.07108e-19  0.00000e+00  0.00000e+00  1.02666e-06
0279  6.20300e+18  2.25390e+01  6.18058e+04  8.01374e-19  0.00000e+00  0.00000e+00  1.02057e-06
0280  6.22141e+18  2.24213e+01  6.15718e+04  7.95701e-19  0.00000e+00  0.00000e+00  1.01454e-06
0281  6.23983e+18  2.23043e+01  6.13407e+04  7.90324e-19  0.00000e+00  0.00000e+00  1.00856e-06
0282  6.25824e+18  2.21879e+01  6.11122e+04  7.85122e-19  0.00000e+00  0.00000e+00  1.00263e-06
0283  6.27666e+18  2.20722e+01  6.08861e+04  7.79998e-19  0.00000e+00  0.00000e+00  9.96760e-07
0284  6.29507e+18  2.19569e+01  6.06626e+04  7.74930e-19  0.00000e+00  0.00000e+00  9.90937e-07
0285  6.31349e+18  2.18423e+01  6.04415e+04  7.69927e-19  0.00000e+00  0.00000e+00  9.85164e-07
0286  6.33191e+18  2.17282e+01  6.02228e+04  7.64996e-19  0.00000e+00  0.00000e+00  9.79442e-07
0287  6.35032e+18  2.16148e+01  6.00066e+04  7.60138e-19  0.00000e+00  0.00000e+00  9.73770e-07
0288  6.36874e+18  2.15019e+01  5.97926e+04  7.55351e-19  0.00000e+00  0.00000e+00  9.68146e-07
0289  6.38715e+18  2.13896e+01  5.95810e+04  7.50632e-19  0.00000e+00  0.00000e+00  9.62572e-07
0290  6.40557e+18  2.12778e+01  5.93717e+04  7.45981e-19  0.00000e+00  0.00000e+00  9.57045e-07
0291  6.42398e+18  2.11667e+01  5.91646e+04  7.41395e-19  0.00000e+00  0.00000e+00  9.51566e-07
0292  6.44240e+18  2.10561e+01  5.89598e+04  7.36875e-19  0.00000e+00  0.00000e+00  9.46133e-07
0293  6.46081e+18  2.09461e+01  5.87571e+04  7.32419e-19  0.00000e+00  0.00000e+00  9.40747e-07
0294  6.47923e+18  2.08366e+01  5.85566e+04  7.28026e-19  0.00000e+00  0.00000e+00  9.35407e-07
0295  6.49765e+18  2.07277e+01  5.83582e+04  7.23694e-19  0.00000e+00  0.00000e+00  9.30113e-07
0296  6.51606e+18  2.06194e+01  5.81618e+04  7.19423e-19  0.00000e+00  0.00000e+00  9.24863e-07
0297  6.53448e+18  2.05117e+01  5.79676e+04  7.15213e-19  0.00000e+00  0.00000e+00  9.19657e-07
0298  6.55289e+18  2.04045e+01  5.77754e+04  7.11061e-19  0.00000e+00  0.00000e+00  9.14495e-07
0299  6.57131e+18  2.02978e+01  5.75851e+04  7.06966e-19  0.00000e+00  0.00000e+00  9.09377e-07
0300  6.58972e+18  2.01918e+01  5.73969e+04  7.02929e-19  0.00000e+00  0.00000e+00  9.04301e-07
0301  6.60814e+18  2.00862e+01  5.72106e+04  6.98947e-19  0.00000e+00  0.00000e+00  8.99268e-07
0302  6.62655e+18  1.99813e+01  5.70262e+04  6.95021e-19  0.00000e+00  0.00000e+00  8.94277e-07
0303  6.64497e+18  1.98768e+01  5.68437e+04  6.91148e-19  0.00000e+00  0.00000e+00  8.89327e-07
0304  6.66339e+18  1.97730e+01  5.66631e+04  6.87329e-19  0.00000e+00  0.00000e+00  8.84418e-07
0305  6.68180e+18  1.96696e+01  5.64843e+04  6.83562e-19  0.00000e+00  0.00000e+00  8.79550e-07
0306  6.70022e+18  1.95669e+01  5.63073e+04  6.79841e-19  0.00000e+00  0.00000e+00  8.74722e-07
0307  6.71863e+18  1.94646e+01  5.61321e+04  6.76119e-19  0.00000e+00  0.00000e+00  8.69933e-07
0308  6.73705e+18  1.93630e+01  5.59588e+04  6.69842e-19  0.00000e+00  0.00000e+00  8.65184e-07
0309  6.75546e+18  1.92621e+01  5.57818e+04  6.73868e-19  0.00000e+00  0.00000e+00  8.60473e-07
0310  6.77388e+18  1.91621e+01  5.56056e+04  6.68938e-19  0.00000e+00  0.00000e+00  8.55801e-07
0311  6.79229e+18  1.90628e+01  5.54315e+04  6.66040e-19  0.00000e+00  0.00000e+00  8.51167e-07
0312  6.81071e+18  1.89640e+01  5.52592e+04  6.62713e-19  0.00000e+00  0.00000e+00  8.46570e-07
0313  6.82913e+18  1.88657e+01  5.50885e+04  6.59121e-19  0.00000e+00  0.00000e+00  8.42010e-07
0314  6.84754e+18  1.87679e+01  5.49197e+04  6.51597e-19  0.00000e+00  0.00000e+00  8.37487e-07
0315  6.86596e+18  1.86709e+01  5.47443e+04  6.56952e-19  0.00000e+00  0.00000e+00  8.33001e-07
0316  6.88437e+18  1.85750e+01  5.45704e+04  6.53749e-19  0.00000e+00  0.00000e+00  8.28550e-07
0317  6.90279e+18  1.84799e+01  5.43987e+04  6.50946e-19  0.00000e+00  0.00000e+00  8.24135e-07
0318  6.92120e+18  1.83851e+01  5.42286e+04  6.47768e-19  0.00000e+00  0.00000e+00  8.19755e-07
0319  6.93962e+18  1.82908e+01  5.40599e+04  6.44356e-19  0.00000e+00  0.00000e+00  8.15410e-07
0320  6.95803e+18  1.81969e+01  5.38930e+04  6.40866e-19  0.00000e+00  0.00000e+00  8.11100e-07
0321  6.97645e+18  1.81036e+01  5.37277e+04  6.37419e-19  0.00000e+00  0.00000e+00  8.06824e-07
0322  6.99487e+18  1.80108e+01  5.35642e+04  6.34040e-19  0.00000e+00  0.00000e+00  8.02581e-07
0323  7.01328e+18  1.79185e+01  5.34023e+04  6.30718e-19  0.00000e+00  0.00000e+00  7.98371e-07
0324  7.03170e+18  1.78267e+01  5.32420e+04  6.27439e-19  0.00000e+00  0.00000e+00  7.94195e-07
0325  7.05011e+18  1.77354e+01  5.30833e+04  6.24200e-19  0.00000e+00  0.00000e+00  7.90052e-07
0326  7.06853e+18  1.76446e+01  5.29262e+04  6.21001e-19  0.00000e+00  0.00000e+00  7.85940e-07
0327  7.08694e+18  1.75544e+01  5.27707e+04  6.17835e-19  0.00000e+00  0.00000e+00  7.81861e-07
0328  7.10536e+18  1.74646e+01  5.26166e+04  6.14711e-19  0.00000e+00  0.00000e+00  7.77813e-07
0329  7.12378e+18  1.73753e+01  5.24641e+04  6.11659e-19  0.00000e+00  0.00000e+00  7.73797e-07
0330  7.14219e+18  1.72865e+01  5.23132e+04  6.08636e-19  0.00000e+00  0.00000e+00  7.69812e-07
0331  7.16061e+18  1.71983e+01  5.21638e+04  6.05497e-19  0.00000e+00  0.00000e+00  7.65858e-07
0332  7.17902e+18  1.71104e+01  5.20156e+04  6.02492e-19  0.00000e+00  0.00000e+00  7.61933e-07
0333  7.19744e+18  1.70230e+01  5.18687e+04  5.99836e-19  0.00000e+00  0.00000e+00  7.58039e-07
0334  7.21585e+18  1.69361e+01  5.17234e+04  5.96840e-19  0.00000e+00  0.00000e+00  7.54175e-07
0335  7.23427e+18  1.68498e+01  5.15796e+04  5.93952e-19  0.00000e+00  0.00000e+00  7.50340e-07
0336  7.25268e+18  1.67640e+01  5.14372e+04  5.91093e-19  0.00000e+00  0.00000e+00  7.46535e-07
0337  7.27110e+18  1.66786e+01  5.12962e+04  5.88289e-19  0.00000e+00  0.00000e+00  7.42758e-07
0338  7.28952e+18  1.65937e+01  5.11564e+04  5.85543e-19  0.00000e+00  0.00000e+00  7.39010e-07
0339  7.30793e+18  1.65092e+01  5.10180e+04  5.82838e-19  0.00000e+00  0.00000e+00  7.35290e-07
0340  7.32635e+18  1.64253e+01  5.08808e+04  5.80141e-19  0.00000e+00  0.00000e+00  7.31598e-07
0341  7.34476e+18  1.63418e+01  5.07450e+04  5.75731e-19  0.00000e+00  0.00000e+00  7.27934e-07
0342  7.36318e+18  1.62588e+01  5.06071e+04  5.81971e-19  0.00000e+00  0.00000e+00  7.24298e-07
0343  7.38159e+18  1.61766e+01  5.04679e+04  5.75413e-19  0.00000e+00  0.00000e+00  7.20688e-07
0344  7.40001e+18  1.60949e+01  5.03299e+04  5.82900e-19  0.00000e+00  0.00000e+00  7.17106e-07
0345  7.41842e+18  1.60134e+01  5.02101e+04  6.51257e-19  0.00000e+00  0.00000e+00  7.13550e-07
0346  7.43684e+18  1.59331e+01  5.00553e+04  5.65660e-19  0.00000e+00  0.00000e+00  7.10020e-07
0347  7.45526e+18  1.58547e+01  4.99041e+04  5.74750e-19  0.00000e+00  0.00000e+00  7.06517e-07
0348  7.47367e+18  1.57772e+01  4.97557e+04  5.74329e-19  0.00000e+00  0.00000e+00  7.03039e-07
0349  7.49209e+18  1.56999e+01  4.96082e+04  5.72633e-19  0.00000e+00  0.00000e+00  6.99587e-07
0350  7.51050e+18  1.56228e+01  4.94622e+04  5.69463e-19  0.00000e+00  0.00000e+00  6.96161e-07
0351  7.52892e+18  1.55460e+01  4.93175e+04  5.66211e-19  0.00000e+00  0.00000e+00  6.92759e-07
0352  7.54733e+18  1.54697e+01  4.91744e+04  5.63157e-19  0.00000e+00  0.00000e+00  6.89383e-07
0353  7.56575e+18  1.53939e+01  4.90330e+04  5.60179e-19  0.00000e+00  0.00000e+00  6.86031e-07
0354  7.58416e+18  1.53185e+01  4.88931e+04  5.57252e-19  0.00000e+00  0.00000e+00  6.82703e-07
0355  7.60258e+18  1.52436e+01  4.87547e+04  5.54366e-19  0.00000e+00  0.00000e+00  6.79400e-07
0356  7.62100e+18  1.51691e+01  4.86178e+04  5.51518e-19  0.00000e+00  0.00000e+00  6.76121e-07
0357  7.63941e+18  1.50950e+01  4.84824e+04  5.48705e-19  0.00000e+00  0.00000e+00  6.72865e-07
0358  7.65783e+18  1.50213e+01  4.83485e+04  5.45929e-19  0.00000e+00  0.00000e+00  6.69632e-07
0359  7.67624e+18  1.49481e+01  4.82160e+04  5.43189e-19  0.00000e+00  0.00000e+00  6.66423e-07
0360  7.69466e+18  1.48753e+01  4.80850e+04  5.40482e-19  0.00000e+00  0.00000e+00  6.63237e-07
0361  7.71307e+18  1.48030e+01  4.79553e+04  5.37806e-19  0.00000e+00  0.00000e+00  6.60074e-07
0362  7.73149e+18  1.47310e+01  4.78271e+04  5.35159e-19  0.00000e+00  0.00000e+00  6.56933e-07
0363  7.74990e+18  1.46595e+01  4.77002e+04  5.32539e-19  0.00000e+00  0.00000e+00  6.53815e-07
0364  7.76832e+18  1.45885e+01  4.75746e+04  5.29948e-19  0.00000e+00  0.00000e+00  6.50719e-07
0365  7.78674e+18  1.45178e+01  4.74504e+04  5.27389e-19  0.00000e+00  0.00000e+00  6.47644e-07
0366  7.80515e+18  1.44476e+01  4.73275e+04  5.24860e-19  0.00000e+00  0.00000e+00  6.44592e-07
0367  7.82357e+18  1.43778e+01  4.72059e+04  5.22362e-19  0.00000e+00  0.00000e+00  6.41561e-07
0368  7.84198e+18  1.43084e+01  4.70855e+04  5.19892e-19  0.00000e+00  0.00000e+00  6.38551e-07
0369  7.86040e+18  1.42394e+01  4.69664e+04  5.17451e-19  0.00000e+00  0.00000e+00  6.35563e-07
0370  7.87881e+18  1.41708e+01  4.68485e+04  5.15037e-19  0.00000e+00  0.00000e+00  6.32595e-07
0371  7.89723e+18  1.41027e+01  4.67319e+04  5.12652e-19  0.00000e+00  0.00000e+00  6.29648e-07
0372  7.91564e+18  1.40350e+01  4.66165e+04  5.10294e-19  0.00000e+00  0.00000e+00  6.26722e-07
0373  7.93406e+18  1.39676e+01  4.65022e+04  5.07963e-19  0.00000e+00  0.00000e+00  6.23816e-07
0374  7.95248e+18  1.39007e+01  4.63892e+04  5.05659e-19  0.00000e+00  0.00000e+00  6.20930e-07
0375  7.97089e+18  1.38342e+01  4.62772e+04  5.03381e-19  0.00000e+00  0.00000e+00  6.18064e-07
0376  7.98931e+18  1.37681e+01  4.61664e+04  5.01134e-19  0.00000e+00  0.00000e+00  6.15218e-07
0377  8.00772e+18  1.37023e+01  4.60568e+04  4.98918e-19  0.00000e+00  0.00000e+00  6.12392e-07
0378  8.02614e+18  1.36370e+01  4.59482e+04  4.96735e-19  0.00000e+00  0.00000e+00  6.09585e-07
0379  8.04455e+18  1.35720e+01  4.58406e+04  4.94583e-19  0.00000e+00  0.00000e+00  6.06797e-07
0380  8.06297e+18  1.35074e+01  4.57341e+04  4.92452e-19  0.00000e+00  0.00000e+00  6.04029e-07
0381  8.08139e+18  1.34432e+01  4.56287e+04  4.90300e-19  0.00000e+00  0.00000e+00  6.01279e-07
0382  8.09980e+18  1.33794e+01  4.55244e+04  4.84705e-19  0.00000e+00  0.00000e+00  5.98548e-07
0383  8.11822e+18  1.33162e+01  4.54147e+04  4.96708e-19  0.00000e+00  0.00000e+00  5.95835e-07
0384  8.13663e+18  1.32537e+01  4.53025e+04  4.88766e-19  0.00000e+00  0.00000e+00  5.93141e-07
0385  8.15505e+18  1.31920e+01  4.51920e+04  4.88282e-19  0.00000e+00  0.00000e+00  5.90466e-07
0386  8.17346e+18  1.31307e+01  4.50824e+04  4.86563e-19  0.00000e+00  0.00000e+00  5.87808e-07
0387  8.19188e+18  1.30698e+01  4.49737e+04  4.84590e-19  0.00000e+00  0.00000e+00  5.85168e-07
0388  8.21029e+18  1.30091e+01  4.48658e+04  4.82472e-19  0.00000e+00  0.00000e+00  5.82546e-07
0389  8.22871e+18  1.29489e+01  4.47589e+04  4.80320e-19  0.00000e+00  0.00000e+00  5.79941e-07
0390  8.24713e+18  1.28891e+01  4.46530e+04  4.78197e-19  0.00000e+00  0.00000e+00  5.77354e-07
0391  8.26554e+18  1.28297e+01  4.45481e+04  4.76114e-19  0.00000e+00  0.00000e+00  5.74784e-07
0392  8.28396e+18  1.27706e+01  4.44441e+04  4.74060e-19  0.00000e+00  0.00000e+00  5.72232e-07
0393  8.30237e+18  1.27120e+01  4.43410e+04  4.72024e-19  0.00000e+00  0.00000e+00  5.69696e-07
0394  8.32079e+18  1.26538e+01  4.42389e+04  4.70000e-19  0.00000e+00  0.00000e+00  5.67177e-07
0395  8.33920e+18  1.25960e+01  4.41377e+04  4.67989e-19  0.00000e+00  0.00000e+00  5.64675e-07
0396  8.35762e+18  1.25386e+01  4.40374e+04  4.65997e-19  0.00000e+00  0.00000e+00  5.62189e-07
0397  8.37603e+18  1.24815e+01  4.39380e+04  4.64028e-19  0.00000e+00  0.00000e+00  5.59720e-07
0398  8.39445e+18  1.24248e+01  4.38394e+04  4.62084e-19  0.00000e+00  0.00000e+00  5.57267e-07
0399  8.41287e+18  1.23685e+01  4.37417e+04  4.60167e-19  0.00000e+00  0.00000e+00  5.54830e-07
0400  8.43128e+18  1.23125e+01  4.36447e+04  4.58274e-19  0.00000e+00  0.00000e+00  5.52409e-07
0401  8.44970e+18  1.22569e+01  4.35486e+04  4.56402e-19  0.00000e+00  0.00000e+00  5.50003e-07
0402  8.46811e+18  1.22016e+01  4.34533e+04  4.54574e-19  0.00000e+00  0.00000e+00  5.47614e-07
0403  8.48653e+18  1.21467e+01  4.33587e+04  4.52982e-19  0.00000e+00  0.00000e+00  5.45240e-07
0404  8.50494e+18  1.20919e+01  4.32644e+04  4.74409e-19  0.00000e+00  0.00000e+00  5.42881e-07
0405  8.52336e+18  1.20363e+01  4.32001e+04 -4.40663e-18  0.00000e+00  0.00000e+00  5.40538e-07
0406  8.54177e+18  1.19785e+01  4.32000e+04  8.80937e-18  0.00000e+00  0.00000e+00  5.38209e-07
0407  8.56019e+18  1.19194e+01  4.31484e+04  5.59888e-19  0.00000e+00  0.00000e+00  5.35896e-07
0408  8.57861e+18  1.18637e+01  4.30412e+04  4.08991e-19  0.00000e+00  0.00000e+00  5.33598e-07
0409  8.59702e+18  1.18126e+01  4.29418e+04  4.40876e-19  0.00000e+00  0.00000e+00  5.31314e-07
0410  8.61544e+18  1.17622e+01  4.28443e+04  4.47290e-19  0.00000e+00  0.00000e+00  5.29045e-07
0411  8.63385e+18  1.17116e+01  4.27469e+04  4.47926e-19  0.00000e+00  0.00000e+00  5.26791e-07
0412  8.65227e+18  1.16605e+01  4.26487e+04  4.45971e-19  0.00000e+00  0.00000e+00  5.24551e-07
0413  8.67068e+18  1.16093e+01  4.25509e+04  4.43971e-19  0.00000e+00  0.00000e+00  5.22325e-07
0414  8.68910e+18  1.15588e+01  4.24545e+04  4.41647e-19  0.00000e+00  0.00000e+00  5.20113e-07
0415  8.70751e+18  1.15088e+01  4.23595e+04  4.39478e-19  0.00000e+00  0.00000e+00  5.17916e-07
0416  8.72593e+18  1.14591e+01  4.22655e+04  4.37487e-19  0.00000e+00  0.00000e+00  5.15732e-07
0417  8.74435e+18  1.14098e+01  4.21724e+04  4.35553e-19  0.00000e+00  0.00000e+00  5.13562e-07
0418  8.76276e+18  1.13608e+01  4.20802e+04  4.33628e-19  0.00000e+00  0.00000e+00  5.11406e-07
0419  8.78118e+18  1.13121e+01  4.19890e+04  4.31704e-19  0.00000e+00  0.00000e+00  5.09263e-07
0420  8.79959e+18  1.12637e+01  4.18986e+04  4.29790e-19  0.00000e+00  0.00000e+00  5.07134e-07
0421  8.81801e+18  1.12157e+01  4.18091e+04  4.27898e-19  0.00000e+00  0.00000e+00  5.05018e-07
0422  8.83642e+18  1.11680e+01  4.17205e+04  4.26091e-19  0.00000e+00  0.00000e+00  5.02915e-07
0423  8.85484e+18  1.11205e+01  4.16326e+04  4.28975e-19  0.00000e+00  0.00000e+00  5.00825e-07
0424  8.87326e+18  1.10734e+01  4.15539e+04  4.73242e-19  0.00000e+00  0.00000e+00  4.98749e-07
0425  8.89167e+18  1.10268e+01  4.14556e+04  4.18662e-19  0.00000e+00  0.00000e+00  4.96685e-07
0426  8.91009e+18  1.09812e+01  4.13594e+04  4.24413e-19  0.00000e+00  0.00000e+00  4.94634e-07
0427  8.92850e+18  1.09361e+01  4.12648e+04  4.23757e-19  0.00000e+00  0.00000e+00  4.92595e-07
0428  8.94692e+18  1.08914e+01  4.11713e+04  4.22069e-19  0.00000e+00  0.00000e+00  4.90570e-07
0429  8.96533e+18  1.08467e+01  4.10786e+04  4.20249e-19  0.00000e+00  0.00000e+00  4.88556e-07
0430  8.98375e+18  1.08023e+01  4.09868e+04  4.18093e-19  0.00000e+00  0.00000e+00  4.86555e-07
0431  9.00216e+18  1.07583e+01  4.08960e+04  4.15947e-19  0.00000e+00  0.00000e+00  4.84567e-07
0432  9.02058e+18  1.07145e+01  4.08064e+04  4.13875e-19  0.00000e+00  0.00000e+00  4.82590e-07
0433  9.03900e+18  1.06711e+01  4.07178e+04  4.11829e-19  0.00000e+00  0.00000e+00  4.80626e-07
0434  9.05741e+18  1.06279e+01  4.06303e+04  4.09813e-19  0.00000e+00  0.00000e+00  4.78674e-07
0435  9.07583e+18  1.05851e+01  4.05437e+04  4.07821e-19  0.00000e+00  0.00000e+00  4.76733e-07
0436  9.09424e+18  1.05426e+01  4.04581e+04  4.05846e-19  0.00000e+00  0.00000e+00  4.74804e-07
0437  9.11266e+18  1.05004e+01  4.03735e+04  4.03887e-19  0.00000e+00  0.00000e+00  4.72887e-07
0438  9.13107e+18  1.04584e+01  4.02899e+04  4.01946e-19  0.00000e+00  0.00000e+00  4.70982e-07
0439  9.14949e+18  1.04168e+01  4.02072e+04  4.00022e-19  0.00000e+00  0.00000e+00  4.69088e-07
0440  9.16790e+18  1.03754e+01  4.01255e+04  3.98118e-19  0.00000e+00  0.00000e+00  4.67205e-07
0441  9.18632e+18  1.03344e+01  4.00447e+04  3.96230e-19  0.00000e+00  0.00000e+00  4.65334e-07
0442  9.20474e+18  1.02936e+01  3.99648e+04  3.94360e-19  0.00000e+00  0.00000e+00  4.63474e-07
0443  9.22315e+18  1.02532e+01  3.98858e+04  3.92506e-19  0.00000e+00  0.00000e+00  4.61625e-07
0444  9.24157e+18  1.02130e+01  3.98076e+04  3.90669e-19  0.00000e+00  0.00000e+00  4.59787e-07
0445  9.25998e+18  1.01731e+01  3.97304e+04  3.88848e-19  0.00000e+00  0.00000e+00  4.57960e-07
0446  9.27840e+18  1.01335e+01  3.96540e+04  3.87043e-19  0.00000e+00  0.00000e+00  4.56144e-07
0447  9.29681e+18  1.00942e+01  3.95785e+04  3.85254e-19  0.00000e+00  0.00000e+00  4.54338e-07
0448  9.31523e+18  1.00552e+01  3.95038e+04  3.83480e-19  0.00000e+00  0.00000e+00  4.52544e-07
0449  9.33364e+18  1.00164e+01  3.94299e+04  3.81721e-19  0.00000e+00  0.00000e+00  4.50760e-07
0450  9.35206e+18  9.97794e+00  3.93569e+04  3.79976e-19  0.00000e+00  0.00000e+00  4.48986e-07
0451  9.37048e+18  9.93975e+00  3.92846e+04  3.78247e-19  0.00000e+00  0.00000e+00  4.47223e-07
0452  9.38889e+18  9.90184e+00  3.92132e+04  3.76531e-19  0.00000e+00  0.00000e+00  4.45470e-07
0453  9.40731e+18  9.86420e+00  3.91425e+04  3.74830e-19  0.00000e+00  0.00000e+00  4.43728e-07
0454  9.42572e+18  9.82684e+00  3.90727e+04  3.73142e-19  0.00000e+00  0.00000e+00  4.41996e-07
0455  9.44414e+18  9.78975e+00  3.90035e+04  3.71468e-19  0.00000e+00  0.00000e+00  4.40274e-07
0456  9.46255e+18  9.75294e+00  3.89352e+04  3.69808e-19  0.00000e+00  0.00000e+00  4.38562e-07
0457  9.48097e+18  9.71640e+00  3.88676e+04  3.68160e-19  0.00000e+00  0.00000e+00  4.36860e-07
0458  9.49939e+18  9.68012e+00  3.88007e+04  3.66525e-19  0.00000e+00  0.00000e+00  4.35168e-07
0459  9.51780e+18  9.64411e+00  3.87345e+04  3.64903e-19  0.00000e+00  0.00000e+00  4.33485e-07
0460  9.53622e+18  9.60837e+00  3.86691e+04  3.63294e-19  0.00000e+00  0.00000e+00  4.31813e-07
0461  9.55463e+18  9.57290e+00  3.86044e+04  3.61696e-19  0.00000e+00  0.00000e+00  4.30150e-07
0462  9.57305e+18  9.53768e+00  3.85403e+04  3.60111e-19  0.00000e+00  0.00000e+00  4.28496e-07
0463  9.59146e+18  9.50273e+00  3.84770e+04  3.58538e-19  0.00000e+00  0.00000e+00  4.26853e-07
0464  9.60988e+18  9.46804e+00  3.84143e+04  3.56976e-19  0.00000e+00  0.00000e+00  4.25218e-07
0465  9.62829e+18  9.43361e+00  3.83523e+04  3.55426e-19  0.00000e+00  0.00000e+00  4.23593e-07
0466  9.64671e+18  9.39943e+00  3.82910e+04  3.53887e-19  0.00000e+00  0.00000e+00  4.21977e-07
0467  9.66513e+18  9.36551e+00  3.82303e+04  3.52359e-19  0.00000e+00  0.00000e+00  4.20371e-07
0468  9.68354e+18  9.33185e+00  3.81703e+04  3.50842e-19  0.00000e+00  0.00000e+00  4.18773e-07
0469  9.70196e+18  9.29844e+00  3.81109e+04  3.49334e-19  0.00000e+00  0.00000e+00  4.17185e-07
0470  9.72037e+18  9.26528e+00  3.80521e+04  3.47829e-19  0.00000e+00  0.00000e+00  4.15606e-07
0471  9.73879e+18  9.23238e+00  3.79940e+04  3.45378e-19  0.00000e+00  0.00000e+00  4.14036e-07
0472  9.75720e+18  9.19976e+00  3.79350e+04  3.46836e-19  0.00000e+00  0.00000e+00  4.12474e-07
0473  9.77562e+18  9.16744e+00  3.78759e+04  3.44472e-19  0.00000e+00  0.00000e+00  4.10922e-07
0474  9.79403e+18  9.13542e+00  3.78177e+04  3.43314e-19  0.00000e+00  0.00000e+00  4.09378e-07
0475  9.81245e+18  9.10364e+00  3.77600e+04  3.41880e-19  0.00000e+00  0.00000e+00  4.07843e-07
0476  9.83087e+18  9.07209e+00  3.77030e+04  3.40424e-19  0.00000e+00  0.00000e+00  4.06316e-07
0477  9.84928e+18  9.04076e+00  3.76466e+04  3.38950e-19  0.00000e+00  0.00000e+00  4.04798e-07
0478  9.86770e+18  9.00967e+00  3.75907e+04  3.37474e-19  0.00000e+00  0.00000e+00  4.03289e-07
0479  9.88611e+18  8.97882e+00  3.75355e+04  3.36009e-19  0.00000e+00  0.00000e+00  4.01788e-07
0480  9.90453e+18  8.94821e+00  3.74809e+04  3.34557e-19  0.00000e+00  0.00000e+00  4.00295e-07
0481  9.92294e+18  8.91783e+00  3.74269e+04  3.33118e-19  0.00000e+00  0.00000e+00  3.98810e-07
0482  9.94136e+18  8.88768e+00  3.73735e+04  3.31689e-19  0.00000e+00  0.00000e+00  3.97334e-07
0483  9.95977e+18  8.85777e+00  3.73206e+04  3.30270e-19  0.00000e+00  0.00000e+00  3.95866e-07
0484  9.97819e+18  8.82809e+00  3.72683e+04  3.28859e-19  0.00000e+00  0.00000e+00  3.94406e-07
0485  9.99661e+18  8.79863e+00  3.72166e+04  3.27458e-19  0.00000e+00  0.00000e+00  3.92955e-07
0486  1.00150e+19  8.76940e+00  3.71654e+04  3.26067e-19  0.00000e+00  0.00000e+00  3.91511e-07
0487  1.00334e+19  8.74040e+00  3.71148e+04  3.24684e-19  0.00000e+00  0.00000e+00  3.90075e-07
0488  1.00519e+19  8.71162e+00  3.70647e+04  3.23311e-19  0.00000e+00  0.00000e+00  3.88647e-07
0489  1.00703e+19  8.68306e+00  3.70151e+04  3.21946e-19  0.00000e+00  0.00000e+00  3.87227e-07
0490  1.00887e+19  8.65473e+00  3.69661e+04  3.20590e-19  0.00000e+00  0.00000e+00  3.85814e-07
0491  1.01071e+19  8.62662e+00  3.69176e+04  3.19237e-19  0.00000e+00  0.00000e+00  3.84410e-07
0492  1.01255e+19  8.59873e+00  3.68696e+04  3.17739e-19  0.00000e+00  0.00000e+00  3.83013e-07
0493  1.01439e+19  8.57108e+00  3.68220e+04  3.29297e-19  0.00000e+00  0.00000e+00  3.81623e-07
0494  1.01623e+19  8.54373e+00  3.67702e+04  3.16188e-19  0.00000e+00  0.00000e+00  3.80242e-07
0495  1.01808e+19  8.51672e+00  3.67191e+04  3.17063e-19  0.00000e+00  0.00000e+00  3.78867e-07
0496  1.01992e+19  8.49000e+00  3.66687e+04  3.15818e-19  0.00000e+00  0.00000e+00  3.77500e-07
0497  1.02176e+19  8.46347e+00  3.66188e+04  3.14549e-19  0.00000e+00  0.00000e+00  3.76141e-07
0498  1.02360e+19  8.43711e+00  3.65693e+04  3.13227e-19  0.00000e+00  0.00000e+00  3.74789e-07
0499  1.02544e+19  8.41094e+00  3.65203e+04  3.11863e-19  0.00000e+00  0.00000e+00  3.73444e-07
0500  1.02728e+19  8.38498e+00  3.64719e+04  3.10492e-19  0.00000e+00  0.00000e+00  3.72106e-07
0501  1.02913e+19  8.35924e+00  3.64240e+04  3.09133e-19  0.00000e+00  0.00000e+00  3.70775e-07
0502  1.03097e+19  8.33370e+00  3.63765e+04  3.07790e-19  0.00000e+00  0.00000e+00  3.69452e-07
0503  1.03281e+19  8.30837e+00  3.63296e+04  3.06459e-19  0.00000e+00  0.00000e+00  3.68136e-07
0504  1.03465e+19  8.28324e+00  3.62832e+04  3.05136e-19  0.00000e+00  0.00000e+00  3.66826e-07
0505  1.03649e+19  8.25830e+00  3.62372e+04  3.03821e-19  0.00000e+00  0.00000e+00  3.65524e-07
0506  1.03833e+19  8.23357e+00  3.61917e+04  3.02512e-19  0.00000e+00  0.00000e+00  3.64229e-07
0507  1.04017e+19  8.20904e+00  3.61467e+04  3.01211e-19  0.00000e+00  0.00000e+00  3.62940e-07
0508  1.04202e+19  8.18470e+00  3.61022e+04  2.99918e-19  0.00000e+00  0.00000e+00  3.61658e-07
0509  1.04386e+19  8.16056e+00  3.60581e+04  2.98633e-19  0.00000e+00  0.00000e+00  3.60383e-07
0510  1.04570e+19  8.13661e+00  3.60145e+04  2.97355e-19  0.00000e+00  0.00000e+00  3.59115e-07
0511  1.04754e+19  8.11286e+00  3.59714e+04  2.96085e-19  0.00000e+00  0.00000e+00  3.57854e-07
0512  1.04938e+19  8.08930e+00  3.59286e+04  2.94822e-19  0.00000e+00  0.00000e+00  3.56599e-07
0513  1.05122e+19  8.06592e+00  3.58864e+04  2.93566e-19  0.00000e+00  0.00000e+00  3.55350e-07
0514  1.05307e+19  8.04274e+00  3.58445e+04  2.92317e-19  0.00000e+00  0.00000e+00  3.54109e-07
0515  1.05491e+19  8.01974e+00  3.58031e+04  2.91076e-19  0.00000e+00  0.00000e+00  3.52873e-07
0516  1.05675e+19  7.99693e+00  3.57621e+04  2.89841e-19  0.00000e+00  0.00000e+00  3.51645e-07
0517  1.05859e+19  7.97430e+00  3.57216e+04  2.88614e-19  0.00000e+00  0.00000e+00  3.50422e-07
0518  1.06043e+19  7.95186e+00  3.56814e+04  2.87393e-19  0.00000e+00  0.00000e+00  3.49206e-07
0519  1.06227e+19  7.92960e+00  3.56417e+04  2.86179e-19  0.00000e+00  0.00000e+00  3.47996e-07
0520  1.06412e+19  7.90752e+00  3.56023e+04  2.84972e-19  0.00000e+00  0.00000e+00  3.46793e-07
0521  1.06596e+19  7.88562e+00  3.55634e+04  2.83772e-19  0.00000e+00  0.00000e+00  3.45596e-07
0522  1.06780e+19  7.86389e+00  3.55249e+04  2.82578e-19  0.00000e+00  0.00000e+00  3.44405e-07
0523  1.06964e+19  7.84235e+00  3.54867e+04  2.81390e-19  0.00000e+00  0.00000e+00  3.43220e-07
0524  1.07148e+19  7.82098e+00  3.54490e+04  2.80209e-19  0.00000e+00  0.00000e+00  3.42041e-07
0525  1.07332e+19  7.79978e+00  3.54116e+04  2.79035e-19  0.00000e+00  0.00000e+00  3.40868e-07
0526  1.07516e+19  7.77876e+00  3.53746e+04  2.77866e-19  0.00000e+00  0.00000e+00  3.39702e-07
0527  1.07701e+19  7.75790e+00  3.53380e+04  2.76704e-19  0.00000e+00  0.00000e+00  3.38541e-07
0528  1.07885e+19  7.73722e+00  3.53017e+04  2.75548e-19  0.00000e+00  0.00000e+00  3.37386e-07
0529  1.08069e+19  7.71671e+00  3.52658e+04  2.74397e-19  0.00000e+00  0.00000e+00  3.36237e-07
0530  1.08253e+19  7.69637e+00  3.52303e+04  2.73247e-19  0.00000e+00  0.00000e+00  3.35094e-07
0531  1.08437e+19  7.67620e+00  3.51951e+04  2.71040e-19  0.00000e+00  0.00000e+00  3.33957e-07
0532  1.08621e+19  7.65622e+00  3.51586e+04  2.75741e-19  0.00000e+00  0.00000e+00  3.32826e-07
0533  1.08806e+19  7.63647e+00  3.51209e+04  2.71249e-19  0.00000e+00  0.00000e+00  3.31700e-07
0534  1.08990e+19  7.61695e+00  3.50838e+04  2.70926e-19  0.00000e+00  0.00000e+00  3.30580e-07
0535  1.09174e+19  7.59760e+00  3.50470e+04  2.69832e-19  0.00000e+00  0.00000e+00  3.29466e-07
0536  1.09358e+19  7.57839e+00  3.50107e+04  2.68696e-19  0.00000e+00  0.00000e+00  3.28357e-07
0537  1.09542e+19  7.55931e+00  3.49747e+04  2.67528e-19  0.00000e+00  0.00000e+00  3.27254e-07
0538  1.09726e+19  7.54039e+00  3.49390e+04  2.66347e-19  0.00000e+00  0.00000e+00  3.26156e-07
0539  1.09910e+19  7.52163e+00  3.49038e+04  2.65171e-19  0.00000e+00  0.00000e+00  3.25064e-07
0540  1.10095e+19  7.50302e+00  3.48690e+04  2.64007e-19  0.00000e+00  0.00000e+00  3.23978e-07
0541  1.10279e+19  7.48457e+00  3.48346e+04  2.62854e-19  0.00000e+00  0.00000e+00  3.22897e-07
0542  1.10463e+19  7.46627e+00  3.48005e+04  2.61709e-19  0.00000e+00  0.00000e+00  3.21821e-07
0543  1.10647e+19  7.44812e+00  3.47668e+04  2.60571e-19  0.00000e+00  0.00000e+00  3.20751e-07
0544  1.10831e+19  7.43012e+00  3.47335e+04  2.59439e-19  0.00000e+00  0.00000e+00  3.19686e-07
0545  1.11015e+19  7.41227e+00  3.47005e+04  2.58313e-19  0.00000e+00  0.00000e+00  3.18626e-07
0546  1.11200e+19  7.39457e+00  3.46679e+04  2.57194e-19  0.00000e+00  0.00000e+00  3.17571e-07
0547  1.11384e+19  7.37701e+00  3.46357e+04  2.56082e-19  0.00000e+00  0.00000e+00  3.16522e-07
0548  1.11568e+19  7.35960e+00  3.46038e+04  2.54977e-19  0.00000e+00  0.00000e+00  3.15478e-07
0549  1.11752e+19  7.34233e+00  3.45722e+04  2.53878e-19  0.00000e+00  0.00000e+00  3.14439e-07
0550  1.11936e+19  7.32520e+00  3.45410e+04  2.52786e-19  0.00000e+00  0.00000e+00  3.13405e-07
0551  1.12120e+19  7.30822e+00  3.45101e+04  2.51699e-19  0.00000e+00  0.00000e+00  3.12377e-07
0552  1.12305e+19  7.29134e+00  3.44795e+04  2.50620e-19  0.00000e+00  0.00000e+00  3.11353e-07
0553  1.12489e+19  7.27481e+00  3.44496e+04  2.49481e-19  0.00000e+00  0.00000e+00  3.10335e-07
0554  1.12673e+19  7.25756e+00  3.44185e+04  2.47160e-19  0.00000e+00  0.00000e+00  3.09321e-07
0555  1.12857e+19  7.24525e+00  3.43961e+04  2.95451e-19  0.00000e+00  0.00000e+00  3.08312e-07
