# Athena++ data at time=9.900000e+12  cycle=663400619  variables=prim 
# i       x1v         rho          press          vel1         vel2         vel3     
0002  1.13875e+18  2.14917e-18  8.97288e-06 -4.09800e+05  1.46607e-09  0.00000e+00
0003  1.15716e+18  9.91565e-19  5.45956e-06  2.43594e+05  7.93075e-03  0.00000e+00
0004  1.17558e+18  6.41286e-19  4.33775e-06  3.11370e+05  1.74215e-02  0.00000e+00
0005  1.19399e+18  4.31072e-19  3.63779e-06  4.31074e+05  2.60041e-02  0.00000e+00
0006  1.21241e+18  2.83179e-19  3.17893e-06  6.30627e+05  3.34734e-02  0.00000e+00
0007  1.23082e+18  1.70276e-19  2.89032e-06  9.60056e+05  4.01730e-02  0.00000e+00
0008  1.24924e+18  1.39930e-19  2.63488e-06  1.18967e+06  4.61857e-02  0.00000e+00
0009  1.26765e+18  1.25873e-19  2.48276e-06  1.25753e+06  5.17674e-02  0.00000e+00
0010  1.28607e+18  1.14905e-19  2.34262e-06  1.33326e+06  5.69943e-02  0.00000e+00
0011  1.30448e+18  1.06792e-19  2.21649e-06  1.39560e+06  6.19065e-02  0.00000e+00
0012  1.32290e+18  9.98068e-20  2.10580e-06  1.44948e+06  6.65447e-02  0.00000e+00
0013  1.34131e+18  9.33614e-20  2.00320e-06  1.50695e+06  7.09317e-02  0.00000e+00
0014  1.35973e+18  8.75135e-20  1.90930e-06  1.56415e+06  7.50887e-02  0.00000e+00
0015  1.37814e+18  8.24346e-20  1.82298e-06  1.61716e+06  7.90338e-02  0.00000e+00
0016  1.39656e+18  7.78874e-20  1.74446e-06  1.66616e+06  8.27865e-02  0.00000e+00
0017  1.41497e+18  7.36956e-20  1.67178e-06  1.71497e+06  8.63614e-02  0.00000e+00
0018  1.43339e+18  6.98516e-20  1.60473e-06  1.76261e+06  8.97739e-02  0.00000e+00
0019  1.45180e+18  6.67281e-20  1.54165e-06  1.80138e+06  9.30317e-02  0.00000e+00
0020  1.47022e+18  6.35916e-20  1.48572e-06  1.83968e+06  9.61544e-02  0.00000e+00
0021  1.48863e+18  6.04282e-20  1.43087e-06  1.88849e+06  9.91465e-02  0.00000e+00
0022  1.50705e+18  5.78120e-20  1.37948e-06  1.92879e+06  1.02014e-01  0.00000e+00
0023  1.52546e+18  5.53940e-20  1.33367e-06  1.96277e+06  1.04771e-01  0.00000e+00
0024  1.54388e+18  5.30245e-20  1.28950e-06  2.00186e+06  1.07423e-01  0.00000e+00
0027  1.56229e+18  5.07857e-20  1.24795e-06  2.04132e+06  1.09978e-01  0.00000e+00
0028  1.58071e+18  4.86844e-20  1.20901e-06  2.08011e+06  1.12440e-01  0.00000e+00
0029  1.59912e+18  4.67009e-20  1.17240e-06  2.11878e+06  1.14816e-01  0.00000e+00
0030  1.61754e+18  4.48176e-20  1.13789e-06  2.15780e+06  1.17112e-01  0.00000e+00
0031  1.63595e+18  4.30203e-20  1.10530e-06  2.19756e+06  1.19333e-01  0.00000e+00
0032  1.65437e+18  4.12975e-20  1.07453e-06  2.23832e+06  1.21482e-01  0.00000e+00
0033  1.67278e+18  3.96614e-20  1.04551e-06  2.27920e+06  1.23565e-01  0.00000e+00
0034  1.69120e+18  3.82031e-20  1.01821e-06  2.31567e+06  1.25586e-01  0.00000e+00
0035  1.70961e+18  3.69267e-20  9.93096e-07  2.34445e+06  1.27551e-01  0.00000e+00
0036  1.72803e+18  3.57835e-20  9.69619e-07  2.36822e+06  1.29464e-01  0.00000e+00
0037  1.74644e+18  3.46918e-20  9.47551e-07  2.39105e+06  1.31331e-01  0.00000e+00
0038  1.76486e+18  3.36110e-20  9.26263e-07  2.41656e+06  1.33152e-01  0.00000e+00
0039  1.78328e+18  3.25461e-20  9.05790e-07  2.44435e+06  1.34930e-01  0.00000e+00
0040  1.80169e+18  3.15064e-20  8.86179e-07  2.47368e+06  1.36668e-01  0.00000e+00
0041  1.82011e+18  3.04944e-20  8.67439e-07  2.50437e+06  1.38366e-01  0.00000e+00
0042  1.83852e+18  2.95081e-20  8.49586e-07  2.53597e+06  1.40028e-01  0.00000e+00
0043  1.85694e+18  2.86549e-20  8.32693e-07  2.56450e+06  1.41651e-01  0.00000e+00
0044  1.87535e+18  2.80008e-20  8.16490e-07  2.58180e+06  1.43243e-01  0.00000e+00
0045  1.89377e+18  2.70745e-20  8.01435e-07  2.59124e+06  1.44863e-01  0.00000e+00
0046  1.91218e+18  2.50971e-20  7.89879e-07  2.63178e+06  1.46492e-01  0.00000e+00
0047  1.93060e+18  2.45961e-20  7.74960e-07  2.71575e+06  1.47940e-01  0.00000e+00
0048  1.94901e+18  2.48377e-20  7.60327e-07  2.75160e+06  1.49191e-01  0.00000e+00
0049  1.96743e+18  2.69573e-20  7.47474e-07  2.57235e+06  1.50483e-01  0.00000e+00
0050  1.98584e+18  3.09435e-20  7.68094e-07  2.20095e+06  1.52202e-01  0.00000e+00
0051  2.00426e+18  3.10785e-20  7.60933e-07  2.01249e+06  1.54138e-01  0.00000e+00
0052  2.02267e+18  3.05275e-20  7.47117e-07  2.01413e+06  1.55798e-01  0.00000e+00
0053  2.04109e+18  2.97352e-20  7.30916e-07  2.03124e+06  1.57125e-01  0.00000e+00
0054  2.05951e+18  2.90256e-20  7.15920e-07  2.05185e+06  1.58388e-01  0.00000e+00
0055  2.07792e+18  2.84202e-20  7.02277e-07  2.07140e+06  1.59793e-01  0.00000e+00
0056  2.09634e+18  2.79047e-20  6.89794e-07  2.08988e+06  1.61325e-01  0.00000e+00
0057  2.11475e+18  2.74594e-20  6.78246e-07  2.10876e+06  1.62816e-01  0.00000e+00
0058  2.13317e+18  2.70588e-20  6.67360e-07  2.12848e+06  1.64167e-01  0.00000e+00
0059  2.15158e+18  2.66768e-20  6.56842e-07  2.14970e+06  1.65428e-01  0.00000e+00
0060  2.17000e+18  2.62524e-20  6.46009e-07  2.17604e+06  1.66663e-01  0.00000e+00
0061  2.18841e+18  2.57413e-20  6.34428e-07  2.20318e+06  1.67906e-01  0.00000e+00
0062  2.20683e+18  2.53689e-20  6.24551e-07  2.21745e+06  1.69376e-01  0.00000e+00
0063  2.22524e+18  2.46929e-20  6.11282e-07  2.21522e+06  1.71824e-01  0.00000e+00
0064  2.24366e+18  1.80000e-20  5.75458e-07  2.26123e+06  1.76264e-01  0.00000e+00
0065  2.26207e+18  7.99206e-21  6.11473e-07  2.78756e+06  1.83374e-01  0.00000e+00
0066  2.28049e+18  4.60452e-21  5.69416e-07  3.97836e+06  1.92667e-01  0.00000e+00
0067  2.29891e+18  3.58615e-21  5.66289e-07  4.47437e+06  2.03366e-01  0.00000e+00
0068  2.31732e+18  3.08572e-21  5.62898e-07  4.80683e+06  2.15027e-01  0.00000e+00
0069  2.33574e+18  2.75377e-21  5.58855e-07  5.08215e+06  2.27463e-01  0.00000e+00
0070  2.35415e+18  2.49003e-21  5.55269e-07  5.32405e+06  2.40703e-01  0.00000e+00
0071  2.37257e+18  2.26358e-21  5.52753e-07  5.53141e+06  2.54940e-01  0.00000e+00
0072  2.39098e+18  2.05864e-21  5.50107e-07  5.72889e+06  2.70466e-01  0.00000e+00
0073  2.40940e+18  1.86610e-21  5.45622e-07  5.96061e+06  2.87631e-01  0.00000e+00
0074  2.42781e+18  1.68635e-21  5.41261e-07  6.18518e+06  3.06837e-01  0.00000e+00
0075  2.44623e+18  1.52359e-21  5.39390e-07  6.31749e+06  3.28543e-01  0.00000e+00
0076  2.46464e+18  1.37659e-21  5.39844e-07  6.40635e+06  3.53135e-01  0.00000e+00
0077  2.48306e+18  1.23860e-21  5.39372e-07  6.49555e+06  3.80736e-01  0.00000e+00
0078  2.50147e+18  1.11121e-21  5.34676e-07  6.72009e+06  4.11351e-01  0.00000e+00
0079  2.51989e+18  1.04030e-21  5.29336e-07  6.95333e+06  4.43279e-01  0.00000e+00
0080  2.53831e+18  1.02974e-21  5.29200e-07  7.07795e+06  4.62784e-01  0.00000e+00
0081  2.55672e+18  1.05188e-21  5.32315e-07  7.02389e+06  4.63472e-01  0.00000e+00
0082  2.57514e+18  1.24779e-21  5.36977e-07  6.94044e+06  4.52505e-01  0.00000e+00
0083  2.59355e+18  3.18940e-21  5.38277e-07  7.16682e+06  3.77817e-01  0.00000e+00
0084  2.61197e+18  1.48520e-20  4.40053e-07  6.60395e+06  2.27527e-01  0.00000e+00
0085  2.63038e+18  2.32203e-20  5.09090e-07  5.22356e+06  1.68534e-01  0.00000e+00
0086  2.64880e+18  2.28251e-20  5.00159e-07  5.16451e+06  1.60559e-01  0.00000e+00
0087  2.66721e+18  2.22090e-20  4.89273e-07  5.15765e+06  1.60449e-01  0.00000e+00
0088  2.68563e+18  2.15404e-20  4.77860e-07  5.14702e+06  1.60769e-01  0.00000e+00
0089  2.70404e+18  2.08878e-20  4.66756e-07  5.12689e+06  1.61803e-01  0.00000e+00
0090  2.72246e+18  2.02695e-20  4.56188e-07  5.09769e+06  1.63635e-01  0.00000e+00
0091  2.74088e+18  1.96956e-20  4.46282e-07  5.05772e+06  1.65957e-01  0.00000e+00
0092  2.75929e+18  1.91666e-20  4.37023e-07  5.00862e+06  1.68323e-01  0.00000e+00
0093  2.77771e+18  1.86765e-20  4.28315e-07  4.95772e+06  1.70476e-01  0.00000e+00
0094  2.79612e+18  1.82068e-20  4.19944e-07  4.90871e+06  1.72404e-01  0.00000e+00
0095  2.81454e+18  1.77195e-20  4.09856e-07  4.85113e+06  1.74197e-01  0.00000e+00
0096  2.83295e+18  1.72136e-20  4.01271e-07  4.77781e+06  1.75917e-01  0.00000e+00
0097  2.85137e+18  1.68041e-20  3.93964e-07  4.70322e+06  1.77574e-01  0.00000e+00
0098  2.86978e+18  1.63978e-20  3.86723e-07  4.63660e+06  1.79127e-01  0.00000e+00
0099  2.88820e+18  1.59266e-20  3.77911e-07  4.62842e+06  1.80492e-01  0.00000e+00
0100  2.90661e+18  1.51696e-20  3.66052e-07  4.67875e+06  1.81671e-01  0.00000e+00
0101  2.92503e+18  1.36895e-20  3.47472e-07  4.72689e+06  1.82890e-01  0.00000e+00
0102  2.94345e+18  9.73524e-21  3.35360e-07  4.91676e+06  1.84439e-01  0.00000e+00
0103  2.96186e+18  5.10084e-21  3.17045e-07  6.08528e+06  1.86383e-01  0.00000e+00
0104  2.98028e+18  3.11813e-21  2.89077e-07  7.45962e+06  1.88663e-01  0.00000e+00
0105  2.99869e+18  2.42437e-21  2.76762e-07  8.23044e+06  1.90983e-01  0.00000e+00
0106  3.01711e+18  2.10331e-21  2.68000e-07  8.78765e+06  1.93117e-01  0.00000e+00
0107  3.03552e+18  1.90952e-21  2.60468e-07  9.25942e+06  1.95028e-01  0.00000e+00
0108  3.05394e+18  1.76874e-21  2.53923e-07  9.68253e+06  1.96788e-01  0.00000e+00
0109  3.07235e+18  1.65446e-21  2.48024e-07  1.00782e+07  1.98482e-01  0.00000e+00
0110  3.09077e+18  1.55705e-21  2.42662e-07  1.04485e+07  2.00170e-01  0.00000e+00
0111  3.10918e+18  1.47089e-21  2.37805e-07  1.07961e+07  2.01878e-01  0.00000e+00
0112  3.12760e+18  1.39342e-21  2.33138e-07  1.11305e+07  2.03608e-01  0.00000e+00
0113  3.14602e+18  1.32424e-21  2.28744e-07  1.14481e+07  2.05350e-01  0.00000e+00
0114  3.16443e+18  1.26235e-21  2.24599e-07  1.17522e+07  2.07089e-01  0.00000e+00
0115  3.18285e+18  1.20688e-21  2.20686e-07  1.20447e+07  2.08815e-01  0.00000e+00
0116  3.20126e+18  1.15685e-21  2.17006e-07  1.23267e+07  2.10524e-01  0.00000e+00
0117  3.21968e+18  1.11131e-21  2.13511e-07  1.26004e+07  2.12213e-01  0.00000e+00
0118  3.23809e+18  1.06970e-21  2.10194e-07  1.28659e+07  2.13883e-01  0.00000e+00
0119  3.25651e+18  1.03146e-21  2.07036e-07  1.31233e+07  2.15537e-01  0.00000e+00
0120  3.27492e+18  9.96024e-22  2.04011e-07  1.33739e+07  2.17176e-01  0.00000e+00
0121  3.29334e+18  9.62984e-22  2.01089e-07  1.36184e+07  2.18803e-01  0.00000e+00
0122  3.31176e+18  9.32106e-22  1.98261e-07  1.38561e+07  2.20418e-01  0.00000e+00
0123  3.33017e+18  9.03182e-22  1.95516e-07  1.40865e+07  2.22023e-01  0.00000e+00
0124  3.34859e+18  8.76013e-22  1.92848e-07  1.43096e+07  2.23617e-01  0.00000e+00
0125  3.36700e+18  8.50448e-22  1.90253e-07  1.45256e+07  2.25202e-01  0.00000e+00
0126  3.38542e+18  8.26377e-22  1.87734e-07  1.47346e+07  2.26778e-01  0.00000e+00
0127  3.40383e+18  8.03707e-22  1.85299e-07  1.49372e+07  2.28346e-01  0.00000e+00
0128  3.42225e+18  7.82358e-22  1.82955e-07  1.51339e+07  2.29905e-01  0.00000e+00
0129  3.44066e+18  7.62238e-22  1.80707e-07  1.53251e+07  2.31458e-01  0.00000e+00
0130  3.45908e+18  7.43252e-22  1.78554e-07  1.55117e+07  2.33004e-01  0.00000e+00
0131  3.47749e+18  7.25322e-22  1.76495e-07  1.56936e+07  2.34545e-01  0.00000e+00
0132  3.49591e+18  7.08364e-22  1.74523e-07  1.58705e+07  2.36081e-01  0.00000e+00
0133  3.51433e+18  6.92303e-22  1.72631e-07  1.60420e+07  2.37614e-01  0.00000e+00
0134  3.53274e+18  6.77052e-22  1.70806e-07  1.62078e+07  2.39142e-01  0.00000e+00
0135  3.55116e+18  6.62496e-22  1.69037e-07  1.63681e+07  2.40668e-01  0.00000e+00
0136  3.56957e+18  6.48589e-22  1.67313e-07  1.65228e+07  2.42192e-01  0.00000e+00
0137  3.58799e+18  6.35305e-22  1.65633e-07  1.66715e+07  2.43714e-01  0.00000e+00
0138  3.60640e+18  6.22605e-22  1.63997e-07  1.68142e+07  2.45235e-01  0.00000e+00
0139  3.62482e+18  6.10463e-22  1.62407e-07  1.69512e+07  2.46756e-01  0.00000e+00
0140  3.64323e+18  5.98860e-22  1.60869e-07  1.70827e+07  2.48276e-01  0.00000e+00
0141  3.66165e+18  5.87783e-22  1.59389e-07  1.72092e+07  2.49797e-01  0.00000e+00
0142  3.68007e+18  5.77216e-22  1.57973e-07  1.73310e+07  2.51319e-01  0.00000e+00
0143  3.69848e+18  5.67139e-22  1.56623e-07  1.74485e+07  2.52843e-01  0.00000e+00
0144  3.71690e+18  5.57526e-22  1.55339e-07  1.75619e+07  2.54370e-01  0.00000e+00
0145  3.73531e+18  5.48350e-22  1.54119e-07  1.76713e+07  2.55900e-01  0.00000e+00
0146  3.75373e+18  5.39580e-22  1.52957e-07  1.77764e+07  2.57433e-01  0.00000e+00
0147  3.77214e+18  5.31184e-22  1.51843e-07  1.78775e+07  2.58970e-01  0.00000e+00
0148  3.79056e+18  5.23120e-22  1.50768e-07  1.79747e+07  2.60510e-01  0.00000e+00
0149  3.80897e+18  5.15348e-22  1.49721e-07  1.80682e+07  2.62054e-01  0.00000e+00
0150  3.82739e+18  5.07843e-22  1.48698e-07  1.81579e+07  2.63601e-01  0.00000e+00
0151  3.84581e+18  5.00591e-22  1.47695e-07  1.82439e+07  2.65150e-01  0.00000e+00
0152  3.86422e+18  4.93581e-22  1.46713e-07  1.83261e+07  2.66701e-01  0.00000e+00
0153  3.88264e+18  4.86810e-22  1.45751e-07  1.84046e+07  2.68254e-01  0.00000e+00
0154  3.90105e+18  4.80277e-22  1.44815e-07  1.84796e+07  2.69807e-01  0.00000e+00
0155  3.91947e+18  4.73981e-22  1.43907e-07  1.85513e+07  2.71361e-01  0.00000e+00
0156  3.93788e+18  4.67920e-22  1.43031e-07  1.86201e+07  2.72915e-01  0.00000e+00
0157  3.95630e+18  4.62089e-22  1.42189e-07  1.86861e+07  2.74469e-01  0.00000e+00
0158  3.97471e+18  4.56481e-22  1.41382e-07  1.87498e+07  2.76023e-01  0.00000e+00
0159  3.99313e+18  4.51086e-22  1.40608e-07  1.88113e+07  2.77578e-01  0.00000e+00
0160  4.01155e+18  4.45889e-22  1.39864e-07  1.88708e+07  2.79134e-01  0.00000e+00
0161  4.02996e+18  4.40876e-22  1.39146e-07  1.89284e+07  2.80692e-01  0.00000e+00
0162  4.04838e+18  4.36028e-22  1.38450e-07  1.89841e+07  2.82252e-01  0.00000e+00
0163  4.06679e+18  4.31332e-22  1.37771e-07  1.90377e+07  2.83815e-01  0.00000e+00
0164  4.08521e+18  4.26772e-22  1.37104e-07  1.90893e+07  2.85383e-01  0.00000e+00
0165  4.10362e+18  4.22338e-22  1.36449e-07  1.91384e+07  2.86955e-01  0.00000e+00
0166  4.12204e+18  4.18022e-22  1.35802e-07  1.91851e+07  2.88534e-01  0.00000e+00
0167  4.14045e+18  4.13819e-22  1.35166e-07  1.92292e+07  2.90120e-01  0.00000e+00
0168  4.15887e+18  4.09726e-22  1.34541e-07  1.92707e+07  2.91713e-01  0.00000e+00
0169  4.17728e+18  4.05744e-22  1.33928e-07  1.93096e+07  2.93317e-01  0.00000e+00
0170  4.19570e+18  4.01871e-22  1.33331e-07  1.93461e+07  2.94930e-01  0.00000e+00
0171  4.21412e+18  3.98108e-22  1.32751e-07  1.93806e+07  2.96554e-01  0.00000e+00
0172  4.23253e+18  3.94452e-22  1.32190e-07  1.94133e+07  2.98191e-01  0.00000e+00
0173  4.25095e+18  3.90900e-22  1.31647e-07  1.94447e+07  2.99840e-01  0.00000e+00
0174  4.26936e+18  3.87447e-22  1.31122e-07  1.94751e+07  3.01503e-01  0.00000e+00
0175  4.28778e+18  3.84088e-22  1.30614e-07  1.95046e+07  3.03180e-01  0.00000e+00
0176  4.30619e+18  3.80816e-22  1.30120e-07  1.95335e+07  3.04871e-01  0.00000e+00
0177  4.32461e+18  3.77624e-22  1.29638e-07  1.95618e+07  3.06577e-01  0.00000e+00
0178  4.34302e+18  3.74505e-22  1.29166e-07  1.95892e+07  3.08299e-01  0.00000e+00
0179  4.36144e+18  3.71454e-22  1.28701e-07  1.96156e+07  3.10036e-01  0.00000e+00
0180  4.37986e+18  3.68466e-22  1.28241e-07  1.96408e+07  3.11789e-01  0.00000e+00
0181  4.39827e+18  3.65536e-22  1.27787e-07  1.96644e+07  3.13559e-01  0.00000e+00
0182  4.41669e+18  3.62663e-22  1.27338e-07  1.96863e+07  3.15345e-01  0.00000e+00
0183  4.43510e+18  3.59847e-22  1.26893e-07  1.97063e+07  3.17149e-01  0.00000e+00
0184  4.45352e+18  3.57087e-22  1.26454e-07  1.97244e+07  3.18971e-01  0.00000e+00
0185  4.47193e+18  3.54383e-22  1.26021e-07  1.97408e+07  3.20813e-01  0.00000e+00
0186  4.49035e+18  3.51735e-22  1.25596e-07  1.97556e+07  3.22674e-01  0.00000e+00
0187  4.50876e+18  3.49140e-22  1.25179e-07  1.97692e+07  3.24557e-01  0.00000e+00
0188  4.52718e+18  3.46598e-22  1.24771e-07  1.97820e+07  3.26462e-01  0.00000e+00
0189  4.54560e+18  3.44107e-22  1.24372e-07  1.97942e+07  3.28391e-01  0.00000e+00
0190  4.56401e+18  3.41666e-22  1.23982e-07  1.98063e+07  3.30345e-01  0.00000e+00
0191  4.58243e+18  3.39269e-22  1.23600e-07  1.98184e+07  3.32325e-01  0.00000e+00
0192  4.60084e+18  3.36913e-22  1.23225e-07  1.98307e+07  3.34333e-01  0.00000e+00
0193  4.61926e+18  3.34595e-22  1.22854e-07  1.98432e+07  3.36369e-01  0.00000e+00
0194  4.63767e+18  3.32310e-22  1.22488e-07  1.98557e+07  3.38436e-01  0.00000e+00
0195  4.65609e+18  3.30055e-22  1.22126e-07  1.98679e+07  3.40532e-01  0.00000e+00
0196  4.67450e+18  3.27830e-22  1.21766e-07  1.98795e+07  3.42661e-01  0.00000e+00
0197  4.69292e+18  3.25633e-22  1.21409e-07  1.98902e+07  3.44822e-01  0.00000e+00
0198  4.71134e+18  3.23464e-22  1.21055e-07  1.98996e+07  3.47016e-01  0.00000e+00
0199  4.72975e+18  3.21322e-22  1.20705e-07  1.99075e+07  3.49242e-01  0.00000e+00
0200  4.74817e+18  3.19208e-22  1.20357e-07  1.99139e+07  3.51503e-01  0.00000e+00
0201  4.76658e+18  3.17121e-22  1.20013e-07  1.99190e+07  3.53796e-01  0.00000e+00
0202  4.78500e+18  3.15063e-22  1.19673e-07  1.99227e+07  3.56123e-01  0.00000e+00
0203  4.80341e+18  3.13035e-22  1.19338e-07  1.99256e+07  3.58481e-01  0.00000e+00
0204  4.82183e+18  3.11037e-22  1.19007e-07  1.99278e+07  3.60871e-01  0.00000e+00
0205  4.84024e+18  3.09072e-22  1.18682e-07  1.99297e+07  3.63291e-01  0.00000e+00
0206  4.85866e+18  3.07141e-22  1.18363e-07  1.99316e+07  3.65740e-01  0.00000e+00
0207  4.87708e+18  3.05245e-22  1.18049e-07  1.99335e+07  3.68215e-01  0.00000e+00
0208  4.89549e+18  3.03385e-22  1.17742e-07  1.99356e+07  3.70717e-01  0.00000e+00
0209  4.91391e+18  3.01561e-22  1.17441e-07  1.99378e+07  3.73243e-01  0.00000e+00
0210  4.93232e+18  2.99774e-22  1.17146e-07  1.99401e+07  3.75793e-01  0.00000e+00
0211  4.95074e+18  2.98020e-22  1.16855e-07  1.99422e+07  3.78366e-01  0.00000e+00
0212  4.96915e+18  2.96301e-22  1.16569e-07  1.99440e+07  3.80960e-01  0.00000e+00
0213  4.98757e+18  2.94616e-22  1.16287e-07  1.99454e+07  3.83577e-01  0.00000e+00
0214  5.00598e+18  2.92954e-22  1.16004e-07  1.99459e+07  3.86215e-01  0.00000e+00
0215  5.02440e+18  2.91320e-22  1.15721e-07  1.99456e+07  3.88877e-01  0.00000e+00
0216  5.04282e+18  2.89711e-22  1.15440e-07  1.99445e+07  3.91562e-01  0.00000e+00
0217  5.06123e+18  2.88125e-22  1.15159e-07  1.99426e+07  3.94273e-01  0.00000e+00
0218  5.07965e+18  2.86560e-22  1.14877e-07  1.99399e+07  3.97012e-01  0.00000e+00
0219  5.09806e+18  2.85015e-22  1.14596e-07  1.99367e+07  3.99781e-01  0.00000e+00
0220  5.11648e+18  2.83488e-22  1.14315e-07  1.99331e+07  4.02584e-01  0.00000e+00
0221  5.13489e+18  2.81975e-22  1.14034e-07  1.99294e+07  4.05424e-01  0.00000e+00
0222  5.15331e+18  2.80476e-22  1.13753e-07  1.99261e+07  4.08304e-01  0.00000e+00
0223  5.17172e+18  2.78987e-22  1.13473e-07  1.99233e+07  4.11230e-01  0.00000e+00
0224  5.19014e+18  2.77509e-22  1.13194e-07  1.99210e+07  4.14206e-01  0.00000e+00
0225  5.20856e+18  2.76041e-22  1.12918e-07  1.99193e+07  4.17236e-01  0.00000e+00
0226  5.22697e+18  2.74581e-22  1.12645e-07  1.99181e+07  4.20326e-01  0.00000e+00
0227  5.24539e+18  2.73127e-22  1.12377e-07  1.99170e+07  4.23482e-01  0.00000e+00
0228  5.26380e+18  2.71677e-22  1.12112e-07  1.99161e+07  4.26709e-01  0.00000e+00
0229  5.28222e+18  2.70227e-22  1.11850e-07  1.99150e+07  4.30013e-01  0.00000e+00
0230  5.30063e+18  2.68774e-22  1.11591e-07  1.99136e+07  4.33400e-01  0.00000e+00
0231  5.31905e+18  2.67314e-22  1.11333e-07  1.99119e+07  4.36877e-01  0.00000e+00
0232  5.33746e+18  2.65844e-22  1.11076e-07  1.99096e+07  4.40449e-01  0.00000e+00
0233  5.35588e+18  2.64361e-22  1.10818e-07  1.99068e+07  4.44121e-01  0.00000e+00
0234  5.37430e+18  2.62861e-22  1.10560e-07  1.99035e+07  4.47901e-01  0.00000e+00
0235  5.39271e+18  2.61339e-22  1.10301e-07  1.98997e+07  4.51791e-01  0.00000e+00
0236  5.41113e+18  2.59799e-22  1.10040e-07  1.98957e+07  4.55797e-01  0.00000e+00
0237  5.42954e+18  2.58240e-22  1.09779e-07  1.98913e+07  4.59920e-01  0.00000e+00
0238  5.44796e+18  2.56664e-22  1.09518e-07  1.98869e+07  4.64164e-01  0.00000e+00
0239  5.46637e+18  2.55082e-22  1.09257e-07  1.98826e+07  4.68530e-01  0.00000e+00
0240  5.48479e+18  2.53514e-22  1.08999e-07  1.98784e+07  4.73019e-01  0.00000e+00
0241  5.50320e+18  2.51966e-22  1.08743e-07  1.98745e+07  4.77618e-01  0.00000e+00
0242  5.52162e+18  2.50348e-22  1.08490e-07  1.98710e+07  4.82285e-01  0.00000e+00
0243  5.54004e+18  2.48417e-22  1.08241e-07  1.98678e+07  4.86986e-01  0.00000e+00
0244  5.55845e+18  2.46091e-22  1.07996e-07  1.98649e+07  4.91858e-01  0.00000e+00
0245  5.57687e+18  2.44609e-22  1.07755e-07  1.98622e+07  4.97440e-01  0.00000e+00
0246  5.59528e+18  2.44585e-22  1.07515e-07  1.98598e+07  5.04385e-01  0.00000e+00
0247  5.61370e+18  2.45487e-22  1.07275e-07  1.98578e+07  5.10877e-01  0.00000e+00
0248  5.63211e+18  2.50037e-22  1.07031e-07  1.98560e+07  5.12477e-01  0.00000e+00
0249  5.65053e+18  2.66469e-22  1.06781e-07  1.98563e+07  5.11730e-01  0.00000e+00
0250  5.66894e+18  3.18741e-22  1.06490e-07  1.98578e+07  5.07422e-01  0.00000e+00
0251  5.68736e+18  4.72891e-22  1.06077e-07  1.98561e+07  4.94158e-01  0.00000e+00
0252  5.70578e+18  8.96880e-22  1.05504e-07  1.98618e+07  4.62421e-01  0.00000e+00
0253  5.72419e+18  1.90599e-21  1.01598e-07  1.98066e+07  4.02578e-01  0.00000e+00
0254  5.74261e+18  3.27553e-21  9.50430e-08  1.93519e+07  3.26225e-01  0.00000e+00
0255  5.76102e+18  3.65583e-21  9.24365e-08  1.87648e+07  2.54307e-01  0.00000e+00
0256  5.77944e+18  3.58446e-21  8.98735e-08  1.86133e+07  1.93231e-01  0.00000e+00
0257  5.79785e+18  3.30695e-21  8.64168e-08  1.86567e+07  1.49461e-01  0.00000e+00
0258  5.81627e+18  2.76989e-21  8.24445e-08  1.88425e+07  1.25589e-01  0.00000e+00
0259  5.83468e+18  2.10318e-21  7.82142e-08  1.92723e+07  1.17272e-01  0.00000e+00
0260  5.85310e+18  1.52262e-21  7.30737e-08  1.99492e+07  1.16004e-01  0.00000e+00
0261  5.87152e+18  1.13708e-21  6.82879e-08  2.06619e+07  1.16004e-01  0.00000e+00
0262  5.88993e+18  9.12635e-22  6.49479e-08  2.12289e+07  1.16108e-01  0.00000e+00
0263  5.90835e+18  7.80493e-22  6.26505e-08  2.16560e+07  1.16359e-01  0.00000e+00
0264  5.92676e+18  6.95811e-22  6.08242e-08  2.20032e+07  1.16750e-01  0.00000e+00
0265  5.94518e+18  6.36427e-22  5.92271e-08  2.23044e+07  1.17251e-01  0.00000e+00
0266  5.96359e+18  5.91597e-22  5.77882e-08  2.25736e+07  1.17830e-01  0.00000e+00
0267  5.98201e+18  5.55723e-22  5.64764e-08  2.28199e+07  1.18462e-01  0.00000e+00
0268  6.00043e+18  5.25789e-22  5.52584e-08  2.30497e+07  1.19131e-01  0.00000e+00
0269  6.01884e+18  5.00111e-22  5.41185e-08  2.32661e+07  1.19825e-01  0.00000e+00
0270  6.03726e+18  4.77639e-22  5.30479e-08  2.34708e+07  1.20537e-01  0.00000e+00
0271  6.05567e+18  4.57658e-22  5.20383e-08  2.36655e+07  1.21262e-01  0.00000e+00
0272  6.07409e+18  4.39672e-22  5.10818e-08  2.38515e+07  1.21997e-01  0.00000e+00
0273  6.09250e+18  4.23345e-22  5.01732e-08  2.40298e+07  1.22740e-01  0.00000e+00
0274  6.11092e+18  4.08435e-22  4.93083e-08  2.42008e+07  1.23491e-01  0.00000e+00
0275  6.12933e+18  3.94726e-22  4.84832e-08  2.43649e+07  1.24249e-01  0.00000e+00
0276  6.14775e+18  3.82014e-22  4.76960e-08  2.45234e+07  1.25011e-01  0.00000e+00
0277  6.16617e+18  3.70162e-22  4.69382e-08  2.46775e+07  1.25777e-01  0.00000e+00
0278  6.18458e+18  3.59098e-22  4.62095e-08  2.48271e+07  1.26547e-01  0.00000e+00
0279  6.20300e+18  3.48756e-22  4.55094e-08  2.49720e+07  1.27318e-01  0.00000e+00
0280  6.22141e+18  3.39063e-22  4.48363e-08  2.51124e+07  1.28092e-01  0.00000e+00
0281  6.23983e+18  3.29947e-22  4.41878e-08  2.52487e+07  1.28866e-01  0.00000e+00
0282  6.25824e+18  3.21345e-22  4.35624e-08  2.53813e+07  1.29641e-01  0.00000e+00
0283  6.27666e+18  3.13204e-22  4.29583e-08  2.55104e+07  1.30415e-01  0.00000e+00
0284  6.29507e+18  3.05485e-22  4.23744e-08  2.56364e+07  1.31190e-01  0.00000e+00
0285  6.31349e+18  2.98158e-22  4.18098e-08  2.57591e+07  1.31963e-01  0.00000e+00
0286  6.33191e+18  2.91196e-22  4.12638e-08  2.58788e+07  1.32735e-01  0.00000e+00
0287  6.35032e+18  2.84574e-22  4.07355e-08  2.59955e+07  1.33504e-01  0.00000e+00
0288  6.36874e+18  2.78272e-22  4.02244e-08  2.61092e+07  1.34271e-01  0.00000e+00
0289  6.38715e+18  2.72270e-22  3.97294e-08  2.62200e+07  1.35034e-01  0.00000e+00
0290  6.40557e+18  2.66542e-22  3.92501e-08  2.63280e+07  1.35793e-01  0.00000e+00
0291  6.42398e+18  2.61061e-22  3.87852e-08  2.64337e+07  1.36548e-01  0.00000e+00
0292  6.44240e+18  2.55808e-22  3.83334e-08  2.65373e+07  1.37297e-01  0.00000e+00
0293  6.46081e+18  2.50771e-22  3.78944e-08  2.66387e+07  1.38041e-01  0.00000e+00
0294  6.47923e+18  2.45940e-22  3.74677e-08  2.67381e+07  1.38779e-01  0.00000e+00
0295  6.49765e+18  2.41303e-22  3.70530e-08  2.68352e+07  1.39510e-01  0.00000e+00
0296  6.51606e+18  2.36850e-22  3.66499e-08  2.69303e+07  1.40236e-01  0.00000e+00
0297  6.53448e+18  2.32572e-22  3.62578e-08  2.70233e+07  1.40955e-01  0.00000e+00
0298  6.55289e+18  2.28458e-22  3.58764e-08  2.71142e+07  1.41667e-01  0.00000e+00
0299  6.57131e+18  2.24500e-22  3.55054e-08  2.72031e+07  1.42373e-01  0.00000e+00
0300  6.58972e+18  2.20688e-22  3.51445e-08  2.72901e+07  1.43073e-01  0.00000e+00
0301  6.60814e+18  2.17016e-22  3.47934e-08  2.73750e+07  1.43767e-01  0.00000e+00
0302  6.62655e+18  2.13476e-22  3.44519e-08  2.74580e+07  1.44456e-01  0.00000e+00
0303  6.64497e+18  2.10063e-22  3.41198e-08  2.75390e+07  1.45139e-01  0.00000e+00
0304  6.66339e+18  2.06771e-22  3.37969e-08  2.76179e+07  1.45817e-01  0.00000e+00
0305  6.68180e+18  2.03592e-22  3.34832e-08  2.76948e+07  1.46490e-01  0.00000e+00
0306  6.70022e+18  2.00522e-22  3.31781e-08  2.77697e+07  1.47160e-01  0.00000e+00
0307  6.71863e+18  1.97554e-22  3.28815e-08  2.78426e+07  1.47825e-01  0.00000e+00
0308  6.73705e+18  1.94684e-22  3.25932e-08  2.79136e+07  1.48488e-01  0.00000e+00
0309  6.75546e+18  1.91907e-22  3.23129e-08  2.79827e+07  1.49147e-01  0.00000e+00
0310  6.77388e+18  1.89219e-22  3.20403e-08  2.80498e+07  1.49804e-01  0.00000e+00
0311  6.79229e+18  1.86616e-22  3.17750e-08  2.81150e+07  1.50459e-01  0.00000e+00
0312  6.81071e+18  1.84095e-22  3.15170e-08  2.81783e+07  1.51112e-01  0.00000e+00
0313  6.82913e+18  1.81651e-22  3.12659e-08  2.82398e+07  1.51763e-01  0.00000e+00
0314  6.84754e+18  1.79281e-22  3.10214e-08  2.82995e+07  1.52414e-01  0.00000e+00
0315  6.86596e+18  1.76983e-22  3.07834e-08  2.83574e+07  1.53063e-01  0.00000e+00
0316  6.88437e+18  1.74752e-22  3.05517e-08  2.84135e+07  1.53712e-01  0.00000e+00
0317  6.90279e+18  1.72587e-22  3.03259e-08  2.84680e+07  1.54361e-01  0.00000e+00
0318  6.92120e+18  1.70485e-22  3.01059e-08  2.85209e+07  1.55010e-01  0.00000e+00
0319  6.93962e+18  1.68442e-22  2.98914e-08  2.85722e+07  1.55659e-01  0.00000e+00
0320  6.95803e+18  1.66456e-22  2.96821e-08  2.86221e+07  1.56308e-01  0.00000e+00
0321  6.97645e+18  1.64524e-22  2.94778e-08  2.86705e+07  1.56957e-01  0.00000e+00
0322  6.99487e+18  1.62644e-22  2.92782e-08  2.87176e+07  1.57607e-01  0.00000e+00
0323  7.01328e+18  1.60815e-22  2.90832e-08  2.87633e+07  1.58258e-01  0.00000e+00
0324  7.03170e+18  1.59033e-22  2.88926e-08  2.88078e+07  1.58910e-01  0.00000e+00
0325  7.05011e+18  1.57299e-22  2.87064e-08  2.88510e+07  1.59563e-01  0.00000e+00
0326  7.06853e+18  1.55609e-22  2.85245e-08  2.88929e+07  1.60216e-01  0.00000e+00
0327  7.08694e+18  1.53963e-22  2.83467e-08  2.89335e+07  1.60871e-01  0.00000e+00
0328  7.10536e+18  1.52358e-22  2.81729e-08  2.89728e+07  1.61528e-01  0.00000e+00
0329  7.12378e+18  1.50793e-22  2.80031e-08  2.90109e+07  1.62185e-01  0.00000e+00
0330  7.14219e+18  1.49265e-22  2.78370e-08  2.90479e+07  1.62844e-01  0.00000e+00
0331  7.16061e+18  1.47773e-22  2.76744e-08  2.90837e+07  1.63505e-01  0.00000e+00
0332  7.17902e+18  1.46315e-22  2.75154e-08  2.91183e+07  1.64167e-01  0.00000e+00
0333  7.19744e+18  1.44888e-22  2.73595e-08  2.91520e+07  1.64831e-01  0.00000e+00
0334  7.21585e+18  1.43491e-22  2.72066e-08  2.91848e+07  1.65497e-01  0.00000e+00
0335  7.23427e+18  1.42122e-22  2.70567e-08  2.92167e+07  1.66165e-01  0.00000e+00
0336  7.25268e+18  1.40782e-22  2.69098e-08  2.92477e+07  1.66835e-01  0.00000e+00
0337  7.27110e+18  1.39469e-22  2.67657e-08  2.92778e+07  1.67507e-01  0.00000e+00
0338  7.28952e+18  1.38182e-22  2.66242e-08  2.93071e+07  1.68181e-01  0.00000e+00
0339  7.30793e+18  1.36921e-22  2.64854e-08  2.93356e+07  1.68857e-01  0.00000e+00
0340  7.32635e+18  1.35684e-22  2.63492e-08  2.93632e+07  1.69536e-01  0.00000e+00
0341  7.34476e+18  1.34471e-22  2.62153e-08  2.93901e+07  1.70217e-01  0.00000e+00
0342  7.36318e+18  1.33281e-22  2.60838e-08  2.94163e+07  1.70900e-01  0.00000e+00
0343  7.38159e+18  1.32114e-22  2.59547e-08  2.94417e+07  1.71586e-01  0.00000e+00
0344  7.40001e+18  1.30970e-22  2.58278e-08  2.94663e+07  1.72274e-01  0.00000e+00
0345  7.41842e+18  1.29846e-22  2.57032e-08  2.94902e+07  1.72965e-01  0.00000e+00
0346  7.43684e+18  1.28744e-22  2.55809e-08  2.95134e+07  1.73658e-01  0.00000e+00
0347  7.45526e+18  1.27663e-22  2.54609e-08  2.95357e+07  1.74353e-01  0.00000e+00
0348  7.47367e+18  1.26603e-22  2.53431e-08  2.95573e+07  1.75051e-01  0.00000e+00
0349  7.49209e+18  1.25562e-22  2.52275e-08  2.95782e+07  1.75751e-01  0.00000e+00
0350  7.51050e+18  1.24540e-22  2.51139e-08  2.95983e+07  1.76453e-01  0.00000e+00
0351  7.52892e+18  1.23538e-22  2.50024e-08  2.96177e+07  1.77157e-01  0.00000e+00
0352  7.54733e+18  1.22553e-22  2.48929e-08  2.96365e+07  1.77864e-01  0.00000e+00
0353  7.56575e+18  1.21587e-22  2.47852e-08  2.96545e+07  1.78572e-01  0.00000e+00
0354  7.58416e+18  1.20637e-22  2.46794e-08  2.96719e+07  1.79282e-01  0.00000e+00
0355  7.60258e+18  1.19705e-22  2.45754e-08  2.96887e+07  1.79994e-01  0.00000e+00
0356  7.62100e+18  1.18789e-22  2.44731e-08  2.97049e+07  1.80708e-01  0.00000e+00
0357  7.63941e+18  1.17890e-22  2.43725e-08  2.97205e+07  1.81423e-01  0.00000e+00
0358  7.65783e+18  1.17007e-22  2.42736e-08  2.97354e+07  1.82139e-01  0.00000e+00
0359  7.67624e+18  1.16139e-22  2.41763e-08  2.97498e+07  1.82855e-01  0.00000e+00
0360  7.69466e+18  1.15287e-22  2.40807e-08  2.97636e+07  1.83573e-01  0.00000e+00
0361  7.71307e+18  1.14450e-22  2.39866e-08  2.97768e+07  1.84290e-01  0.00000e+00
0362  7.73149e+18  1.13628e-22  2.38940e-08  2.97895e+07  1.85008e-01  0.00000e+00
0363  7.74990e+18  1.12821e-22  2.38029e-08  2.98017e+07  1.85725e-01  0.00000e+00
0364  7.76832e+18  1.12029e-22  2.37133e-08  2.98133e+07  1.86441e-01  0.00000e+00
0365  7.78674e+18  1.11251e-22  2.36250e-08  2.98245e+07  1.87156e-01  0.00000e+00
0366  7.80515e+18  1.10487e-22  2.35381e-08  2.98351e+07  1.87869e-01  0.00000e+00
0367  7.82357e+18  1.09737e-22  2.34525e-08  2.98453e+07  1.88579e-01  0.00000e+00
0368  7.84198e+18  1.09001e-22  2.33681e-08  2.98551e+07  1.89286e-01  0.00000e+00
0369  7.86040e+18  1.08279e-22  2.32849e-08  2.98644e+07  1.89990e-01  0.00000e+00
0370  7.87881e+18  1.07570e-22  2.32029e-08  2.98733e+07  1.90690e-01  0.00000e+00
0371  7.89723e+18  1.06875e-22  2.31221e-08  2.98818e+07  1.91385e-01  0.00000e+00
0372  7.91564e+18  1.06193e-22  2.30425e-08  2.98899e+07  1.92074e-01  0.00000e+00
0373  7.93406e+18  1.05524e-22  2.29642e-08  2.98975e+07  1.92759e-01  0.00000e+00
0374  7.95248e+18  1.04868e-22  2.28871e-08  2.99047e+07  1.93437e-01  0.00000e+00
0375  7.97089e+18  1.04226e-22  2.28112e-08  2.99114e+07  1.94109e-01  0.00000e+00
0376  7.98931e+18  1.03597e-22  2.27366e-08  2.99176e+07  1.94774e-01  0.00000e+00
0377  8.00772e+18  1.02981e-22  2.26632e-08  2.99234e+07  1.95432e-01  0.00000e+00
0378  8.02614e+18  1.02378e-22  2.25910e-08  2.99288e+07  1.96083e-01  0.00000e+00
0379  8.04455e+18  1.01787e-22  2.25200e-08  2.99337e+07  1.96727e-01  0.00000e+00
0380  8.06297e+18  1.01209e-22  2.24502e-08  2.99382e+07  1.97364e-01  0.00000e+00
0381  8.08139e+18  1.00643e-22  2.23815e-08  2.99423e+07  1.97994e-01  0.00000e+00
0382  8.09980e+18  1.00088e-22  2.23139e-08  2.99460e+07  1.98617e-01  0.00000e+00
0383  8.11822e+18  9.95452e-23  2.22475e-08  2.99492e+07  1.99234e-01  0.00000e+00
0384  8.13663e+18  9.90131e-23  2.21821e-08  2.99521e+07  1.99844e-01  0.00000e+00
0385  8.15505e+18  9.84917e-23  2.21179e-08  2.99545e+07  2.00450e-01  0.00000e+00
0386  8.17346e+18  9.79808e-23  2.20549e-08  2.99565e+07  2.01050e-01  0.00000e+00
0387  8.19188e+18  9.74798e-23  2.19929e-08  2.99580e+07  2.01646e-01  0.00000e+00
0388  8.21029e+18  9.69882e-23  2.19320e-08  2.99592e+07  2.02237e-01  0.00000e+00
0389  8.22871e+18  9.65052e-23  2.18719e-08  2.99601e+07  2.02826e-01  0.00000e+00
0390  8.24713e+18  9.60297e-23  2.18124e-08  2.99609e+07  2.03412e-01  0.00000e+00
0391  8.26554e+18  9.55607e-23  2.17532e-08  2.99616e+07  2.03996e-01  0.00000e+00
0392  8.28396e+18  9.50973e-23  2.16941e-08  2.99625e+07  2.04578e-01  0.00000e+00
0393  8.30237e+18  9.46387e-23  2.16350e-08  2.99636e+07  2.05160e-01  0.00000e+00
0394  8.32079e+18  9.41844e-23  2.15756e-08  2.99649e+07  2.05742e-01  0.00000e+00
0395  8.33920e+18  9.37339e-23  2.15160e-08  2.99666e+07  2.06325e-01  0.00000e+00
0396  8.35762e+18  9.32873e-23  2.14563e-08  2.99685e+07  2.06909e-01  0.00000e+00
0397  8.37603e+18  9.28450e-23  2.13968e-08  2.99705e+07  2.07496e-01  0.00000e+00
0398  8.39445e+18  9.24075e-23  2.13377e-08  2.99723e+07  2.08084e-01  0.00000e+00
0399  8.41287e+18  9.19770e-23  2.12799e-08  2.99739e+07  2.08676e-01  0.00000e+00
0400  8.43128e+18  9.15545e-23  2.12240e-08  2.99744e+07  2.09271e-01  0.00000e+00
0401  8.44970e+18  9.11382e-23  2.11693e-08  2.99742e+07  2.09870e-01  0.00000e+00
0402  8.46811e+18  9.07284e-23  2.11159e-08  2.99736e+07  2.10474e-01  0.00000e+00
0403  8.48653e+18  9.03259e-23  2.10642e-08  2.99722e+07  2.11082e-01  0.00000e+00
0404  8.50494e+18  8.99315e-23  2.10146e-08  2.99699e+07  2.11695e-01  0.00000e+00
0405  8.52336e+18  8.95453e-23  2.09672e-08  2.99665e+07  2.12313e-01  0.00000e+00
0406  8.54177e+18  8.91663e-23  2.09215e-08  2.99623e+07  2.12936e-01  0.00000e+00
0407  8.56019e+18  8.87936e-23  2.08771e-08  2.99574e+07  2.13564e-01  0.00000e+00
0408  8.57861e+18  8.84258e-23  2.08336e-08  2.99521e+07  2.14197e-01  0.00000e+00
0409  8.59702e+18  8.80619e-23  2.07905e-08  2.99468e+07  2.14834e-01  0.00000e+00
0410  8.61544e+18  8.77011e-23  2.07475e-08  2.99416e+07  2.15475e-01  0.00000e+00
0411  8.63385e+18  8.73431e-23  2.07044e-08  2.99365e+07  2.16119e-01  0.00000e+00
0412  8.65227e+18  8.69874e-23  2.06610e-08  2.99318e+07  2.16767e-01  0.00000e+00
0413  8.67068e+18  8.66337e-23  2.06170e-08  2.99275e+07  2.17418e-01  0.00000e+00
0414  8.68910e+18  8.62818e-23  2.05725e-08  2.99236e+07  2.18071e-01  0.00000e+00
0415  8.70751e+18  8.59319e-23  2.05274e-08  2.99203e+07  2.18726e-01  0.00000e+00
0416  8.72593e+18  8.55837e-23  2.04815e-08  2.99175e+07  2.19382e-01  0.00000e+00
0417  8.74435e+18  8.52367e-23  2.04348e-08  2.99154e+07  2.20038e-01  0.00000e+00
0418  8.76276e+18  8.48894e-23  2.03864e-08  2.99142e+07  2.20696e-01  0.00000e+00
0419  8.78118e+18  8.45436e-23  2.03372e-08  2.99140e+07  2.21354e-01  0.00000e+00
0420  8.79959e+18  8.42004e-23  2.02876e-08  2.99142e+07  2.22011e-01  0.00000e+00
0421  8.81801e+18  8.38591e-23  2.02374e-08  2.99148e+07  2.22669e-01  0.00000e+00
0422  8.83642e+18  8.35189e-23  2.01863e-08  2.99160e+07  2.23326e-01  0.00000e+00
0423  8.85484e+18  8.31791e-23  2.01341e-08  2.99180e+07  2.23984e-01  0.00000e+00
0424  8.87326e+18  8.28391e-23  2.00807e-08  2.99210e+07  2.24641e-01  0.00000e+00
0425  8.89167e+18  8.24983e-23  2.00260e-08  2.99248e+07  2.25300e-01  0.00000e+00
0426  8.91009e+18  8.21564e-23  1.99700e-08  2.99297e+07  2.25959e-01  0.00000e+00
0427  8.92850e+18  8.18132e-23  1.99127e-08  2.99355e+07  2.26619e-01  0.00000e+00
0428  8.94692e+18  8.14688e-23  1.98541e-08  2.99423e+07  2.27281e-01  0.00000e+00
0429  8.96533e+18  8.11233e-23  1.97943e-08  2.99501e+07  2.27945e-01  0.00000e+00
0430  8.98375e+18  8.07771e-23  1.97333e-08  2.99587e+07  2.28611e-01  0.00000e+00
0431  9.00216e+18  8.04308e-23  1.96714e-08  2.99681e+07  2.29280e-01  0.00000e+00
0432  9.02058e+18  8.00847e-23  1.96086e-08  2.99782e+07  2.29951e-01  0.00000e+00
0433  9.03900e+18  7.97392e-23  1.95449e-08  2.99891e+07  2.30625e-01  0.00000e+00
0434  9.05741e+18  7.93945e-23  1.94806e-08  3.00006e+07  2.31302e-01  0.00000e+00
0435  9.07583e+18  7.90507e-23  1.94156e-08  3.00127e+07  2.31984e-01  0.00000e+00
0436  9.09424e+18  7.87078e-23  1.93502e-08  3.00254e+07  2.32670e-01  0.00000e+00
0437  9.11266e+18  7.83656e-23  1.92842e-08  3.00385e+07  2.33361e-01  0.00000e+00
0438  9.13107e+18  7.80240e-23  1.92178e-08  3.00521e+07  2.34059e-01  0.00000e+00
0439  9.14949e+18  7.76828e-23  1.91511e-08  3.00662e+07  2.34762e-01  0.00000e+00
0440  9.16790e+18  7.73419e-23  1.90840e-08  3.00807e+07  2.35472e-01  0.00000e+00
0441  9.18632e+18  7.70013e-23  1.90166e-08  3.00957e+07  2.36188e-01  0.00000e+00
0442  9.20474e+18  7.66610e-23  1.89489e-08  3.01110e+07  2.36912e-01  0.00000e+00
0443  9.22315e+18  7.63212e-23  1.88810e-08  3.01267e+07  2.37642e-01  0.00000e+00
0444  9.24157e+18  7.59818e-23  1.88128e-08  3.01429e+07  2.38379e-01  0.00000e+00
0445  9.25998e+18  7.56431e-23  1.87444e-08  3.01594e+07  2.39122e-01  0.00000e+00
0446  9.27840e+18  7.53051e-23  1.86757e-08  3.01763e+07  2.39872e-01  0.00000e+00
0447  9.29681e+18  7.49679e-23  1.86068e-08  3.01935e+07  2.40628e-01  0.00000e+00
0448  9.31523e+18  7.46314e-23  1.85377e-08  3.02112e+07  2.41389e-01  0.00000e+00
0449  9.33364e+18  7.42959e-23  1.84684e-08  3.02292e+07  2.42156e-01  0.00000e+00
0450  9.35206e+18  7.39614e-23  1.83989e-08  3.02475e+07  2.42927e-01  0.00000e+00
0451  9.37048e+18  7.36279e-23  1.83292e-08  3.02662e+07  2.43704e-01  0.00000e+00
0452  9.38889e+18  7.32956e-23  1.82593e-08  3.02853e+07  2.44484e-01  0.00000e+00
0453  9.40731e+18  7.29646e-23  1.81893e-08  3.03047e+07  2.45268e-01  0.00000e+00
0454  9.42572e+18  7.26350e-23  1.81191e-08  3.03245e+07  2.46055e-01  0.00000e+00
0455  9.44414e+18  7.23068e-23  1.80488e-08  3.03446e+07  2.46845e-01  0.00000e+00
0456  9.46255e+18  7.19802e-23  1.79784e-08  3.03650e+07  2.47637e-01  0.00000e+00
0457  9.48097e+18  7.16552e-23  1.79079e-08  3.03857e+07  2.48431e-01  0.00000e+00
0458  9.49939e+18  7.13320e-23  1.78372e-08  3.04068e+07  2.49227e-01  0.00000e+00
0459  9.51780e+18  7.10107e-23  1.77666e-08  3.04281e+07  2.50024e-01  0.00000e+00
0460  9.53622e+18  7.06913e-23  1.76959e-08  3.04498e+07  2.50823e-01  0.00000e+00
0461  9.55463e+18  7.03739e-23  1.76253e-08  3.04718e+07  2.51621e-01  0.00000e+00
0462  9.57305e+18  7.00587e-23  1.75547e-08  3.04940e+07  2.52421e-01  0.00000e+00
0463  9.59146e+18  6.97457e-23  1.74842e-08  3.05166e+07  2.53220e-01  0.00000e+00
0464  9.60988e+18  6.94349e-23  1.74138e-08  3.05393e+07  2.54020e-01  0.00000e+00
0465  9.62829e+18  6.91263e-23  1.73434e-08  3.05623e+07  2.54819e-01  0.00000e+00
0466  9.64671e+18  6.88199e-23  1.72731e-08  3.05854e+07  2.55618e-01  0.00000e+00
0467  9.66513e+18  6.85158e-23  1.72030e-08  3.06086e+07  2.56416e-01  0.00000e+00
0468  9.68354e+18  6.82141e-23  1.71329e-08  3.06320e+07  2.57213e-01  0.00000e+00
0469  9.70196e+18  6.79147e-23  1.70630e-08  3.06555e+07  2.58010e-01  0.00000e+00
0470  9.72037e+18  6.76177e-23  1.69932e-08  3.06790e+07  2.58805e-01  0.00000e+00
0471  9.73879e+18  6.73232e-23  1.69237e-08  3.07027e+07  2.59599e-01  0.00000e+00
0472  9.75720e+18  6.70313e-23  1.68544e-08  3.07265e+07  2.60392e-01  0.00000e+00
0473  9.77562e+18  6.67418e-23  1.67853e-08  3.07504e+07  2.61185e-01  0.00000e+00
0474  9.79403e+18  6.64548e-23  1.67165e-08  3.07743e+07  2.61976e-01  0.00000e+00
0475  9.81245e+18  6.61702e-23  1.66479e-08  3.07983e+07  2.62767e-01  0.00000e+00
0476  9.83087e+18  6.58880e-23  1.65796e-08  3.08224e+07  2.63558e-01  0.00000e+00
0477  9.84928e+18  6.56080e-23  1.65115e-08  3.08464e+07  2.64350e-01  0.00000e+00
0478  9.86770e+18  6.53301e-23  1.64438e-08  3.08706e+07  2.65143e-01  0.00000e+00
0479  9.88611e+18  6.50540e-23  1.63763e-08  3.08947e+07  2.65939e-01  0.00000e+00
0480  9.90453e+18  6.47796e-23  1.63090e-08  3.09189e+07  2.66740e-01  0.00000e+00
0481  9.92294e+18  6.45064e-23  1.62421e-08  3.09431e+07  2.67546e-01  0.00000e+00
0482  9.94136e+18  6.42343e-23  1.61755e-08  3.09674e+07  2.68361e-01  0.00000e+00
0483  9.95977e+18  6.39627e-23  1.61091e-08  3.09917e+07  2.69186e-01  0.00000e+00
0484  9.97819e+18  6.36912e-23  1.60430e-08  3.10160e+07  2.70024e-01  0.00000e+00
0485  9.99661e+18  6.34194e-23  1.59772e-08  3.10403e+07  2.70878e-01  0.00000e+00
0486  1.00150e+19  6.31468e-23  1.59117e-08  3.10646e+07  2.71752e-01  0.00000e+00
0487  1.00334e+19  6.28729e-23  1.58465e-08  3.10890e+07  2.72647e-01  0.00000e+00
0488  1.00519e+19  6.25973e-23  1.57816e-08  3.11133e+07  2.73568e-01  0.00000e+00
0489  1.00703e+19  6.23194e-23  1.57170e-08  3.11377e+07  2.74517e-01  0.00000e+00
0490  1.00887e+19  6.20390e-23  1.56528e-08  3.11621e+07  2.75496e-01  0.00000e+00
0491  1.01071e+19  6.17559e-23  1.55888e-08  3.11865e+07  2.76508e-01  0.00000e+00
0492  1.01255e+19  6.14697e-23  1.55252e-08  3.12108e+07  2.77555e-01  0.00000e+00
0493  1.01439e+19  6.11807e-23  1.54619e-08  3.12352e+07  2.78635e-01  0.00000e+00
0494  1.01623e+19  6.08888e-23  1.53990e-08  3.12595e+07  2.79750e-01  0.00000e+00
0495  1.01808e+19  6.05946e-23  1.53364e-08  3.12838e+07  2.80896e-01  0.00000e+00
0496  1.01992e+19  6.02985e-23  1.52741e-08  3.13082e+07  2.82072e-01  0.00000e+00
0497  1.02176e+19  6.00014e-23  1.52122e-08  3.13324e+07  2.83271e-01  0.00000e+00
0498  1.02360e+19  5.97044e-23  1.51506e-08  3.13567e+07  2.84489e-01  0.00000e+00
0499  1.02544e+19  5.94087e-23  1.50893e-08  3.13809e+07  2.85717e-01  0.00000e+00
0500  1.02728e+19  5.91157e-23  1.50284e-08  3.14051e+07  2.86945e-01  0.00000e+00
0501  1.02913e+19  5.88271e-23  1.49678e-08  3.14293e+07  2.88165e-01  0.00000e+00
0502  1.03097e+19  5.85443e-23  1.49076e-08  3.14534e+07  2.89364e-01  0.00000e+00
0503  1.03281e+19  5.82691e-23  1.48478e-08  3.14775e+07  2.90532e-01  0.00000e+00
0504  1.03465e+19  5.80029e-23  1.47883e-08  3.15015e+07  2.91657e-01  0.00000e+00
0505  1.03649e+19  5.77470e-23  1.47291e-08  3.15254e+07  2.92729e-01  0.00000e+00
0506  1.03833e+19  5.75026e-23  1.46703e-08  3.15493e+07  2.93740e-01  0.00000e+00
0507  1.04017e+19  5.72702e-23  1.46119e-08  3.15732e+07  2.94683e-01  0.00000e+00
0508  1.04202e+19  5.70501e-23  1.45538e-08  3.15970e+07  2.95554e-01  0.00000e+00
0509  1.04386e+19  5.68419e-23  1.44960e-08  3.16207e+07  2.96353e-01  0.00000e+00
0510  1.04570e+19  5.66451e-23  1.44385e-08  3.16444e+07  2.97084e-01  0.00000e+00
0511  1.04754e+19  5.64585e-23  1.43813e-08  3.16680e+07  2.97751e-01  0.00000e+00
0512  1.04938e+19  5.62808e-23  1.43244e-08  3.16915e+07  2.98364e-01  0.00000e+00
0513  1.05122e+19  5.61103e-23  1.42679e-08  3.17150e+07  2.98933e-01  0.00000e+00
0514  1.05307e+19  5.59453e-23  1.42116e-08  3.17385e+07  2.99469e-01  0.00000e+00
0515  1.05491e+19  5.57841e-23  1.41555e-08  3.17619e+07  2.99983e-01  0.00000e+00
0516  1.05675e+19  5.56250e-23  1.40997e-08  3.17853e+07  3.00485e-01  0.00000e+00
0517  1.05859e+19  5.54665e-23  1.40441e-08  3.18087e+07  3.00987e-01  0.00000e+00
0518  1.06043e+19  5.53074e-23  1.39888e-08  3.18321e+07  3.01497e-01  0.00000e+00
0519  1.06227e+19  5.51466e-23  1.39337e-08  3.18554e+07  3.02022e-01  0.00000e+00
0520  1.06412e+19  5.49833e-23  1.38788e-08  3.18787e+07  3.02568e-01  0.00000e+00
0521  1.06596e+19  5.48171e-23  1.38242e-08  3.19021e+07  3.03140e-01  0.00000e+00
0522  1.06780e+19  5.46478e-23  1.37698e-08  3.19254e+07  3.03739e-01  0.00000e+00
0523  1.06964e+19  5.44755e-23  1.37156e-08  3.19487e+07  3.04366e-01  0.00000e+00
0524  1.07148e+19  5.43005e-23  1.36617e-08  3.19720e+07  3.05019e-01  0.00000e+00
0525  1.07332e+19  5.41234e-23  1.36080e-08  3.19952e+07  3.05697e-01  0.00000e+00
0526  1.07516e+19  5.39448e-23  1.35545e-08  3.20185e+07  3.06395e-01  0.00000e+00
0527  1.07701e+19  5.37656e-23  1.35012e-08  3.20418e+07  3.07107e-01  0.00000e+00
0528  1.07885e+19  5.35865e-23  1.34481e-08  3.20651e+07  3.07829e-01  0.00000e+00
0529  1.08069e+19  5.34083e-23  1.33953e-08  3.20884e+07  3.08555e-01  0.00000e+00
0530  1.08253e+19  5.32318e-23  1.33427e-08  3.21116e+07  3.09280e-01  0.00000e+00
0531  1.08437e+19  5.30576e-23  1.32903e-08  3.21349e+07  3.09999e-01  0.00000e+00
0532  1.08621e+19  5.28859e-23  1.32382e-08  3.21581e+07  3.10709e-01  0.00000e+00
0533  1.08806e+19  5.27172e-23  1.31863e-08  3.21813e+07  3.11408e-01  0.00000e+00
0534  1.08990e+19  5.25515e-23  1.31347e-08  3.22045e+07  3.12094e-01  0.00000e+00
0535  1.09174e+19  5.23887e-23  1.30833e-08  3.22276e+07  3.12768e-01  0.00000e+00
0536  1.09358e+19  5.22286e-23  1.30321e-08  3.22507e+07  3.13430e-01  0.00000e+00
0537  1.09542e+19  5.20711e-23  1.29811e-08  3.22738e+07  3.14082e-01  0.00000e+00
0538  1.09726e+19  5.19157e-23  1.29304e-08  3.22969e+07  3.14726e-01  0.00000e+00
0539  1.09910e+19  5.17622e-23  1.28799e-08  3.23199e+07  3.15363e-01  0.00000e+00
0540  1.10095e+19  5.16102e-23  1.28296e-08  3.23429e+07  3.15997e-01  0.00000e+00
0541  1.10279e+19  5.14594e-23  1.27796e-08  3.23659e+07  3.16629e-01  0.00000e+00
0542  1.10463e+19  5.13096e-23  1.27297e-08  3.23888e+07  3.17261e-01  0.00000e+00
0543  1.10647e+19  5.11606e-23  1.26801e-08  3.24117e+07  3.17895e-01  0.00000e+00
0544  1.10831e+19  5.10122e-23  1.26307e-08  3.24346e+07  3.18532e-01  0.00000e+00
0545  1.11015e+19  5.08644e-23  1.25814e-08  3.24575e+07  3.19172e-01  0.00000e+00
0546  1.11200e+19  5.07171e-23  1.25324e-08  3.24804e+07  3.19816e-01  0.00000e+00
0547  1.11384e+19  5.05704e-23  1.24836e-08  3.25033e+07  3.20464e-01  0.00000e+00
0548  1.11568e+19  5.04243e-23  1.24350e-08  3.25262e+07  3.21117e-01  0.00000e+00
0549  1.11752e+19  5.02788e-23  1.23866e-08  3.25490e+07  3.21773e-01  0.00000e+00
0550  1.11936e+19  5.01339e-23  1.23383e-08  3.25719e+07  3.22433e-01  0.00000e+00
0551  1.12120e+19  4.99896e-23  1.22902e-08  3.25947e+07  3.23097e-01  0.00000e+00
0552  1.12305e+19  4.98469e-23  1.22427e-08  3.26174e+07  3.23760e-01  0.00000e+00
0553  1.12489e+19  4.97007e-23  1.21939e-08  3.26408e+07  3.24445e-01  0.00000e+00
0554  1.12673e+19  4.95722e-23  1.21509e-08  3.26615e+07  3.25054e-01  0.00000e+00
0555  1.12857e+19  4.93498e-23  1.20765e-08  3.26974e+07  3.26119e-01  0.00000e+00
