# Athena++ data at time=6.070000e+12  cycle=406751692  variables=prim 
# i       x1v         rho          press          vel1         vel2         vel3     
0002  1.13875e+18  2.14917e-18  8.97288e-06 -4.09800e+05  1.46607e-09  0.00000e+00
0003  1.15716e+18  9.91565e-19  5.45956e-06  2.43594e+05  7.93075e-03  0.00000e+00
0004  1.17558e+18  6.41286e-19  4.33775e-06  3.11370e+05  1.74215e-02  0.00000e+00
0005  1.19399e+18  4.31072e-19  3.63779e-06  4.31074e+05  2.60041e-02  0.00000e+00
0006  1.21241e+18  2.83179e-19  3.17893e-06  6.30627e+05  3.34734e-02  0.00000e+00
0007  1.23082e+18  1.70276e-19  2.89032e-06  9.60056e+05  4.01730e-02  0.00000e+00
0008  1.24924e+18  1.39930e-19  2.63488e-06  1.18967e+06  4.61857e-02  0.00000e+00
0009  1.26765e+18  1.25873e-19  2.48276e-06  1.25753e+06  5.17674e-02  0.00000e+00
0010  1.28607e+18  1.14905e-19  2.34262e-06  1.33326e+06  5.69943e-02  0.00000e+00
0011  1.30448e+18  1.06792e-19  2.21649e-06  1.39560e+06  6.19065e-02  0.00000e+00
0012  1.32290e+18  9.98068e-20  2.10580e-06  1.44948e+06  6.65447e-02  0.00000e+00
0013  1.34131e+18  9.33614e-20  2.00320e-06  1.50695e+06  7.09317e-02  0.00000e+00
0014  1.35973e+18  8.75135e-20  1.90930e-06  1.56415e+06  7.50887e-02  0.00000e+00
0015  1.37814e+18  8.24346e-20  1.82298e-06  1.61716e+06  7.90338e-02  0.00000e+00
0016  1.39656e+18  7.78874e-20  1.74446e-06  1.66616e+06  8.27865e-02  0.00000e+00
0017  1.41497e+18  7.36956e-20  1.67178e-06  1.71497e+06  8.63614e-02  0.00000e+00
0018  1.43339e+18  6.98516e-20  1.60473e-06  1.76261e+06  8.97739e-02  0.00000e+00
0019  1.45180e+18  6.67281e-20  1.54165e-06  1.80138e+06  9.30318e-02  0.00000e+00
0020  1.47022e+18  6.35916e-20  1.48572e-06  1.83968e+06  9.61544e-02  0.00000e+00
0021  1.48863e+18  6.04282e-20  1.43085e-06  1.88849e+06  9.91465e-02  0.00000e+00
0022  1.50705e+18  5.78120e-20  1.37948e-06  1.92879e+06  1.02014e-01  0.00000e+00
0023  1.52546e+18  5.53940e-20  1.33367e-06  1.96277e+06  1.04771e-01  0.00000e+00
0024  1.54388e+18  5.30245e-20  1.28950e-06  2.00186e+06  1.07423e-01  0.00000e+00
0027  1.56229e+18  5.07857e-20  1.24795e-06  2.04132e+06  1.09978e-01  0.00000e+00
0028  1.58071e+18  4.86844e-20  1.20901e-06  2.08011e+06  1.12440e-01  0.00000e+00
0029  1.59912e+18  4.67009e-20  1.17240e-06  2.11878e+06  1.14816e-01  0.00000e+00
0030  1.61754e+18  4.48176e-20  1.13789e-06  2.15780e+06  1.17112e-01  0.00000e+00
0031  1.63595e+18  4.30203e-20  1.10530e-06  2.19756e+06  1.19333e-01  0.00000e+00
0032  1.65437e+18  4.12976e-20  1.07453e-06  2.23831e+06  1.21482e-01  0.00000e+00
0033  1.67278e+18  3.96614e-20  1.04551e-06  2.27920e+06  1.23565e-01  0.00000e+00
0034  1.69120e+18  3.82031e-20  1.01821e-06  2.31567e+06  1.25586e-01  0.00000e+00
0035  1.70961e+18  3.69267e-20  9.93096e-07  2.34445e+06  1.27551e-01  0.00000e+00
0036  1.72803e+18  3.57835e-20  9.69619e-07  2.36822e+06  1.29464e-01  0.00000e+00
0037  1.74644e+18  3.46918e-20  9.47551e-07  2.39105e+06  1.31331e-01  0.00000e+00
0038  1.76486e+18  3.36110e-20  9.26263e-07  2.41657e+06  1.33152e-01  0.00000e+00
0039  1.78328e+18  3.25467e-20  9.05792e-07  2.44433e+06  1.34930e-01  0.00000e+00
0040  1.80169e+18  3.15095e-20  8.86190e-07  2.47351e+06  1.36668e-01  0.00000e+00
0041  1.82011e+18  3.05030e-20  8.67464e-07  2.50359e+06  1.38367e-01  0.00000e+00
0042  1.83852e+18  2.95364e-20  8.49629e-07  2.53392e+06  1.40029e-01  0.00000e+00
0043  1.85694e+18  2.85863e-20  8.32637e-07  2.56237e+06  1.41662e-01  0.00000e+00
0044  1.87535e+18  2.74753e-20  8.17474e-07  2.59687e+06  1.43266e-01  0.00000e+00
0045  1.89377e+18  2.67869e-20  8.02342e-07  2.63976e+06  1.44801e-01  0.00000e+00
0046  1.91218e+18  2.66226e-20  7.85891e-07  2.66070e+06  1.46252e-01  0.00000e+00
0047  1.93060e+18  2.62927e-20  7.70639e-07  2.64676e+06  1.47743e-01  0.00000e+00
0048  1.94901e+18  2.45193e-20  7.62334e-07  2.66299e+06  1.49451e-01  0.00000e+00
0049  1.96743e+18  2.22827e-20  7.48471e-07  2.73530e+06  1.51295e-01  0.00000e+00
0050  1.98584e+18  2.40666e-20  7.34469e-07  2.59673e+06  1.52700e-01  0.00000e+00
0051  2.00426e+18  2.97557e-20  7.48116e-07  2.22137e+06  1.53687e-01  0.00000e+00
0052  2.02267e+18  3.10706e-20  7.53443e-07  2.01608e+06  1.54826e-01  0.00000e+00
0053  2.04109e+18  3.06180e-20  7.41031e-07  2.05503e+06  1.56418e-01  0.00000e+00
0054  2.05951e+18  3.00745e-20  7.27846e-07  2.09051e+06  1.58291e-01  0.00000e+00
0055  2.07792e+18  2.94460e-20  7.13870e-07  2.12162e+06  1.59982e-01  0.00000e+00
0056  2.09634e+18  2.86935e-20  6.98667e-07  2.13622e+06  1.61347e-01  0.00000e+00
0057  2.11475e+18  2.78787e-20  6.82944e-07  2.13553e+06  1.62590e-01  0.00000e+00
0058  2.13317e+18  2.71224e-20  6.68132e-07  2.13162e+06  1.63871e-01  0.00000e+00
0059  2.15158e+18  2.64464e-20  6.54447e-07  2.12184e+06  1.65179e-01  0.00000e+00
0060  2.17000e+18  2.60442e-20  6.43796e-07  2.11561e+06  1.66621e-01  0.00000e+00
0061  2.18841e+18  2.54325e-20  6.30926e-07  2.16179e+06  1.68864e-01  0.00000e+00
0062  2.20683e+18  2.08365e-20  5.92493e-07  2.11077e+06  1.73148e-01  0.00000e+00
0063  2.22524e+18  9.38665e-21  6.60407e-07  2.41474e+06  1.80581e-01  0.00000e+00
0064  2.24366e+18  4.95589e-21  5.94532e-07  3.69163e+06  1.90867e-01  0.00000e+00
0065  2.26207e+18  3.71822e-21  5.87113e-07  4.15346e+06  2.03255e-01  0.00000e+00
0066  2.28049e+18  3.14764e-21  5.84747e-07  4.45437e+06  2.17271e-01  0.00000e+00
0067  2.29891e+18  2.75739e-21  5.82975e-07  4.72110e+06  2.32862e-01  0.00000e+00
0068  2.31732e+18  2.42179e-21  5.79511e-07  5.02563e+06  2.50259e-01  0.00000e+00
0069  2.33574e+18  2.11484e-21  5.75933e-07  5.32161e+06  2.69891e-01  0.00000e+00
0070  2.35415e+18  1.83543e-21  5.75031e-07  5.53363e+06  2.92191e-01  0.00000e+00
0071  2.37257e+18  1.58897e-21  5.75281e-07  5.69327e+06  3.17155e-01  0.00000e+00
0072  2.39098e+18  1.40903e-21  5.73345e-07  5.87205e+06  3.43991e-01  0.00000e+00
0073  2.40940e+18  1.32167e-21  5.67374e-07  6.15219e+06  3.69511e-01  0.00000e+00
0074  2.42781e+18  1.29983e-21  5.62318e-07  6.37261e+06  3.84364e-01  0.00000e+00
0075  2.44623e+18  1.31011e-21  5.62665e-07  6.47713e+06  3.86003e-01  0.00000e+00
0076  2.46464e+18  1.34905e-21  5.65047e-07  6.44662e+06  3.84273e-01  0.00000e+00
0077  2.48306e+18  1.57482e-21  5.67238e-07  6.45426e+06  3.72889e-01  0.00000e+00
0078  2.50147e+18  3.34892e-21  5.63058e-07  6.72035e+06  3.17819e-01  0.00000e+00
0079  2.51989e+18  1.41952e-20  4.71575e-07  6.40205e+06  2.08637e-01  0.00000e+00
0080  2.53831e+18  2.42998e-20  5.38863e-07  5.09541e+06  1.66422e-01  0.00000e+00
0081  2.55672e+18  2.39540e-20  5.29762e-07  4.98633e+06  1.61461e-01  0.00000e+00
0082  2.57514e+18  2.32802e-20  5.17841e-07  4.96051e+06  1.61478e-01  0.00000e+00
0083  2.59355e+18  2.25727e-20  5.05697e-07  4.92877e+06  1.61963e-01  0.00000e+00
0084  2.61197e+18  2.18676e-20  4.93687e-07  4.88550e+06  1.63234e-01  0.00000e+00
0085  2.63038e+18  2.11591e-20  4.81736e-07  4.83902e+06  1.65189e-01  0.00000e+00
0086  2.64880e+18  2.04865e-20  4.70353e-07  4.79871e+06  1.67391e-01  0.00000e+00
0087  2.66721e+18  1.98689e-20  4.59038e-07  4.76166e+06  1.69493e-01  0.00000e+00
0088  2.68563e+18  1.92399e-20  4.47460e-07  4.71169e+06  1.71402e-01  0.00000e+00
0089  2.70404e+18  1.86136e-20  4.37174e-07  4.66454e+06  1.73150e-01  0.00000e+00
0090  2.72246e+18  1.80985e-20  4.28375e-07  4.62467e+06  1.74776e-01  0.00000e+00
0091  2.74088e+18  1.76687e-20  4.19523e-07  4.58570e+06  1.76309e-01  0.00000e+00
0092  2.75929e+18  1.72429e-20  4.11533e-07  4.54513e+06  1.77767e-01  0.00000e+00
0093  2.77771e+18  1.67005e-20  4.02331e-07  4.48263e+06  1.79143e-01  0.00000e+00
0094  2.79612e+18  1.57886e-20  3.89370e-07  4.34812e+06  1.80386e-01  0.00000e+00
0095  2.81454e+18  1.43334e-20  3.72912e-07  4.10644e+06  1.81401e-01  0.00000e+00
0096  2.83295e+18  1.31108e-20  3.60704e-07  3.88386e+06  1.82115e-01  0.00000e+00
0097  2.85137e+18  1.26240e-20  3.54181e-07  3.79921e+06  1.82643e-01  0.00000e+00
0098  2.86978e+18  1.19436e-20  3.48832e-07  3.76076e+06  1.83317e-01  0.00000e+00
0099  2.88820e+18  8.89908e-21  3.56404e-07  3.99094e+06  1.84472e-01  0.00000e+00
0100  2.90661e+18  5.07413e-21  3.30065e-07  5.39855e+06  1.86037e-01  0.00000e+00
0101  2.92503e+18  3.36289e-21  3.02068e-07  6.81022e+06  1.87859e-01  0.00000e+00
0102  2.94345e+18  2.66737e-21  2.89012e-07  7.69280e+06  1.89801e-01  0.00000e+00
0103  2.96186e+18  2.30074e-21  2.79963e-07  8.34896e+06  1.91782e-01  0.00000e+00
0104  2.98028e+18  2.06337e-21  2.72665e-07  8.88900e+06  1.93768e-01  0.00000e+00
0105  2.99869e+18  1.88897e-21  2.66293e-07  9.35607e+06  1.95746e-01  0.00000e+00
0106  3.01711e+18  1.75091e-21  2.60437e-07  9.77397e+06  1.97711e-01  0.00000e+00
0107  3.03552e+18  1.63798e-21  2.55021e-07  1.01509e+07  1.99659e-01  0.00000e+00
0108  3.05394e+18  1.54222e-21  2.50079e-07  1.04980e+07  2.01591e-01  0.00000e+00
0109  3.07235e+18  1.45871e-21  2.45374e-07  1.08313e+07  2.03508e-01  0.00000e+00
0110  3.09077e+18  1.38549e-21  2.41028e-07  1.11488e+07  2.05411e-01  0.00000e+00
0111  3.10918e+18  1.32060e-21  2.36999e-07  1.14532e+07  2.07301e-01  0.00000e+00
0112  3.12760e+18  1.26251e-21  2.33210e-07  1.17458e+07  2.09177e-01  0.00000e+00
0113  3.14602e+18  1.20991e-21  2.29628e-07  1.20273e+07  2.11042e-01  0.00000e+00
0114  3.16443e+18  1.16186e-21  2.26195e-07  1.22983e+07  2.12895e-01  0.00000e+00
0115  3.18285e+18  1.11778e-21  2.22892e-07  1.25580e+07  2.14737e-01  0.00000e+00
0116  3.20126e+18  1.07721e-21  2.19701e-07  1.28061e+07  2.16569e-01  0.00000e+00
0117  3.21968e+18  1.03964e-21  2.16628e-07  1.30433e+07  2.18390e-01  0.00000e+00
0118  3.23809e+18  1.00466e-21  2.13645e-07  1.32724e+07  2.20202e-01  0.00000e+00
0119  3.25651e+18  9.72090e-22  2.10773e-07  1.34944e+07  2.22004e-01  0.00000e+00
0120  3.27492e+18  9.41700e-22  2.08020e-07  1.37103e+07  2.23798e-01  0.00000e+00
0121  3.29334e+18  9.13311e-22  2.05390e-07  1.39212e+07  2.25585e-01  0.00000e+00
0122  3.31176e+18  8.86760e-22  2.02882e-07  1.41272e+07  2.27364e-01  0.00000e+00
0123  3.33017e+18  8.61885e-22  2.00486e-07  1.43280e+07  2.29137e-01  0.00000e+00
0124  3.34859e+18  8.38532e-22  1.98190e-07  1.45231e+07  2.30904e-01  0.00000e+00
0125  3.36700e+18  8.16559e-22  1.95983e-07  1.47118e+07  2.32666e-01  0.00000e+00
0126  3.38542e+18  7.95837e-22  1.93851e-07  1.48936e+07  2.34424e-01  0.00000e+00
0127  3.40383e+18  7.76243e-22  1.91787e-07  1.50681e+07  2.36176e-01  0.00000e+00
0128  3.42225e+18  7.57700e-22  1.89783e-07  1.52352e+07  2.37925e-01  0.00000e+00
0129  3.44066e+18  7.40104e-22  1.87846e-07  1.53952e+07  2.39669e-01  0.00000e+00
0130  3.45908e+18  7.23370e-22  1.85958e-07  1.55495e+07  2.41408e-01  0.00000e+00
0131  3.47749e+18  7.07493e-22  1.84137e-07  1.56977e+07  2.43143e-01  0.00000e+00
0132  3.49591e+18  6.92429e-22  1.82385e-07  1.58407e+07  2.44873e-01  0.00000e+00
0133  3.51433e+18  6.78141e-22  1.80704e-07  1.59793e+07  2.46599e-01  0.00000e+00
0134  3.53274e+18  6.64582e-22  1.79094e-07  1.61139e+07  2.48320e-01  0.00000e+00
0135  3.55116e+18  6.51705e-22  1.77553e-07  1.62448e+07  2.50037e-01  0.00000e+00
0136  3.56957e+18  6.39461e-22  1.76075e-07  1.63721e+07  2.51750e-01  0.00000e+00
0137  3.58799e+18  6.27801e-22  1.74656e-07  1.64953e+07  2.53460e-01  0.00000e+00
0138  3.60640e+18  6.16680e-22  1.73288e-07  1.66140e+07  2.55166e-01  0.00000e+00
0139  3.62482e+18  6.06057e-22  1.71966e-07  1.67279e+07  2.56869e-01  0.00000e+00
0140  3.64323e+18  5.95892e-22  1.70685e-07  1.68367e+07  2.58571e-01  0.00000e+00
0141  3.66165e+18  5.86155e-22  1.69441e-07  1.69401e+07  2.60271e-01  0.00000e+00
0142  3.68007e+18  5.76816e-22  1.68232e-07  1.70382e+07  2.61970e-01  0.00000e+00
0143  3.69848e+18  5.67853e-22  1.67057e-07  1.71313e+07  2.63670e-01  0.00000e+00
0144  3.71690e+18  5.59244e-22  1.65916e-07  1.72199e+07  2.65372e-01  0.00000e+00
0145  3.73531e+18  5.50972e-22  1.64808e-07  1.73046e+07  2.67076e-01  0.00000e+00
0146  3.75373e+18  5.43025e-22  1.63737e-07  1.73860e+07  2.68783e-01  0.00000e+00
0147  3.77214e+18  5.35392e-22  1.62706e-07  1.74645e+07  2.70495e-01  0.00000e+00
0148  3.79056e+18  5.28074e-22  1.61718e-07  1.75401e+07  2.72213e-01  0.00000e+00
0149  3.80897e+18  5.21063e-22  1.60783e-07  1.76123e+07  2.73937e-01  0.00000e+00
0150  3.82739e+18  5.14318e-22  1.59890e-07  1.76818e+07  2.75670e-01  0.00000e+00
0151  3.84581e+18  5.07817e-22  1.59030e-07  1.77491e+07  2.77412e-01  0.00000e+00
0152  3.86422e+18  5.01553e-22  1.58205e-07  1.78134e+07  2.79163e-01  0.00000e+00
0153  3.88264e+18  4.95507e-22  1.57410e-07  1.78744e+07  2.80925e-01  0.00000e+00
0154  3.90105e+18  4.89660e-22  1.56640e-07  1.79319e+07  2.82699e-01  0.00000e+00
0155  3.91947e+18  4.83995e-22  1.55891e-07  1.79860e+07  2.84485e-01  0.00000e+00
0156  3.93788e+18  4.78497e-22  1.55157e-07  1.80367e+07  2.86283e-01  0.00000e+00
0157  3.95630e+18  4.73153e-22  1.54435e-07  1.80843e+07  2.88094e-01  0.00000e+00
0158  3.97471e+18  4.67955e-22  1.53725e-07  1.81292e+07  2.89919e-01  0.00000e+00
0159  3.99313e+18  4.62899e-22  1.53026e-07  1.81718e+07  2.91757e-01  0.00000e+00
0160  4.01155e+18  4.57984e-22  1.52341e-07  1.82125e+07  2.93610e-01  0.00000e+00
0161  4.02996e+18  4.53212e-22  1.51673e-07  1.82513e+07  2.95478e-01  0.00000e+00
0162  4.04838e+18  4.48584e-22  1.51027e-07  1.82887e+07  2.97361e-01  0.00000e+00
0163  4.06679e+18  4.44099e-22  1.50405e-07  1.83244e+07  2.99262e-01  0.00000e+00
0164  4.08521e+18  4.39755e-22  1.49810e-07  1.83586e+07  3.01180e-01  0.00000e+00
0165  4.10362e+18  4.35548e-22  1.49242e-07  1.83910e+07  3.03117e-01  0.00000e+00
0166  4.12204e+18  4.31468e-22  1.48700e-07  1.84217e+07  3.05074e-01  0.00000e+00
0167  4.14045e+18  4.27507e-22  1.48179e-07  1.84504e+07  3.07054e-01  0.00000e+00
0168  4.15887e+18  4.23650e-22  1.47676e-07  1.84772e+07  3.09057e-01  0.00000e+00
0169  4.17728e+18  4.19882e-22  1.47186e-07  1.85022e+07  3.11085e-01  0.00000e+00
0170  4.19570e+18  4.16195e-22  1.46703e-07  1.85252e+07  3.13139e-01  0.00000e+00
0171  4.21412e+18  4.12578e-22  1.46225e-07  1.85464e+07  3.15220e-01  0.00000e+00
0172  4.23253e+18  4.09027e-22  1.45750e-07  1.85659e+07  3.17330e-01  0.00000e+00
0173  4.25095e+18  4.05538e-22  1.45276e-07  1.85836e+07  3.19471e-01  0.00000e+00
0174  4.26936e+18  4.02111e-22  1.44807e-07  1.85998e+07  3.21642e-01  0.00000e+00
0175  4.28778e+18  3.98748e-22  1.44344e-07  1.86144e+07  3.23845e-01  0.00000e+00
0176  4.30619e+18  3.95453e-22  1.43890e-07  1.86275e+07  3.26081e-01  0.00000e+00
0177  4.32461e+18  3.92230e-22  1.43451e-07  1.86393e+07  3.28351e-01  0.00000e+00
0178  4.34302e+18  3.89080e-22  1.43028e-07  1.86498e+07  3.30655e-01  0.00000e+00
0179  4.36144e+18  3.86005e-22  1.42622e-07  1.86592e+07  3.32993e-01  0.00000e+00
0180  4.37986e+18  3.83003e-22  1.42234e-07  1.86676e+07  3.35367e-01  0.00000e+00
0181  4.39827e+18  3.80072e-22  1.41862e-07  1.86752e+07  3.37775e-01  0.00000e+00
0182  4.41669e+18  3.77206e-22  1.41503e-07  1.86820e+07  3.40218e-01  0.00000e+00
0183  4.43510e+18  3.74399e-22  1.41155e-07  1.86882e+07  3.42695e-01  0.00000e+00
0184  4.45352e+18  3.71644e-22  1.40813e-07  1.86936e+07  3.45205e-01  0.00000e+00
0185  4.47193e+18  3.68938e-22  1.40475e-07  1.86984e+07  3.47748e-01  0.00000e+00
0186  4.49035e+18  3.66276e-22  1.40138e-07  1.87022e+07  3.50322e-01  0.00000e+00
0187  4.50876e+18  3.63659e-22  1.39800e-07  1.87052e+07  3.52926e-01  0.00000e+00
0188  4.52718e+18  3.61087e-22  1.39464e-07  1.87071e+07  3.55559e-01  0.00000e+00
0189  4.54560e+18  3.58554e-22  1.39123e-07  1.87074e+07  3.58218e-01  0.00000e+00
0190  4.56401e+18  3.56073e-22  1.38787e-07  1.87066e+07  3.60903e-01  0.00000e+00
0191  4.58243e+18  3.53647e-22  1.38456e-07  1.87047e+07  3.63612e-01  0.00000e+00
0192  4.60084e+18  3.51275e-22  1.38131e-07  1.87015e+07  3.66344e-01  0.00000e+00
0193  4.61926e+18  3.48961e-22  1.37815e-07  1.86973e+07  3.69097e-01  0.00000e+00
0194  4.63767e+18  3.46706e-22  1.37507e-07  1.86924e+07  3.71872e-01  0.00000e+00
0195  4.65609e+18  3.44509e-22  1.37209e-07  1.86870e+07  3.74668e-01  0.00000e+00
0196  4.67450e+18  3.42369e-22  1.36920e-07  1.86813e+07  3.77484e-01  0.00000e+00
0197  4.69292e+18  3.40283e-22  1.36638e-07  1.86755e+07  3.80322e-01  0.00000e+00
0198  4.71134e+18  3.38247e-22  1.36364e-07  1.86699e+07  3.83181e-01  0.00000e+00
0199  4.72975e+18  3.36256e-22  1.36093e-07  1.86644e+07  3.86063e-01  0.00000e+00
0200  4.74817e+18  3.34304e-22  1.35826e-07  1.86590e+07  3.88970e-01  0.00000e+00
0201  4.76658e+18  3.32388e-22  1.35560e-07  1.86535e+07  3.91904e-01  0.00000e+00
0202  4.78500e+18  3.30505e-22  1.35295e-07  1.86478e+07  3.94868e-01  0.00000e+00
0203  4.80341e+18  3.28646e-22  1.35029e-07  1.86415e+07  3.97865e-01  0.00000e+00
0204  4.82183e+18  3.26804e-22  1.34763e-07  1.86347e+07  4.00897e-01  0.00000e+00
0205  4.84024e+18  3.24975e-22  1.34496e-07  1.86271e+07  4.03970e-01  0.00000e+00
0206  4.85866e+18  3.23158e-22  1.34230e-07  1.86186e+07  4.07086e-01  0.00000e+00
0207  4.87708e+18  3.21355e-22  1.33964e-07  1.86092e+07  4.10249e-01  0.00000e+00
0208  4.89549e+18  3.19566e-22  1.33701e-07  1.85989e+07  4.13462e-01  0.00000e+00
0209  4.91391e+18  3.17792e-22  1.33440e-07  1.85880e+07  4.16728e-01  0.00000e+00
0210  4.93232e+18  3.16035e-22  1.33182e-07  1.85766e+07  4.20049e-01  0.00000e+00
0211  4.95074e+18  3.14298e-22  1.32928e-07  1.85651e+07  4.23427e-01  0.00000e+00
0212  4.96915e+18  3.12580e-22  1.32676e-07  1.85536e+07  4.26866e-01  0.00000e+00
0213  4.98757e+18  3.10880e-22  1.32429e-07  1.85425e+07  4.30368e-01  0.00000e+00
0214  5.00598e+18  3.09194e-22  1.32185e-07  1.85318e+07  4.33938e-01  0.00000e+00
0215  5.02440e+18  3.07518e-22  1.31944e-07  1.85216e+07  4.37579e-01  0.00000e+00
0216  5.04282e+18  3.05849e-22  1.31705e-07  1.85118e+07  4.41296e-01  0.00000e+00
0217  5.06123e+18  3.04183e-22  1.31470e-07  1.85024e+07  4.45092e-01  0.00000e+00
0218  5.07965e+18  3.02517e-22  1.31235e-07  1.84932e+07  4.48972e-01  0.00000e+00
0219  5.09806e+18  3.00851e-22  1.31003e-07  1.84839e+07  4.52938e-01  0.00000e+00
0220  5.11648e+18  2.99184e-22  1.30771e-07  1.84743e+07  4.56993e-01  0.00000e+00
0221  5.13489e+18  2.97514e-22  1.30540e-07  1.84643e+07  4.61138e-01  0.00000e+00
0222  5.15331e+18  2.95839e-22  1.30309e-07  1.84537e+07  4.65372e-01  0.00000e+00
0223  5.17172e+18  2.94162e-22  1.30078e-07  1.84424e+07  4.69695e-01  0.00000e+00
0224  5.19014e+18  2.92510e-22  1.29846e-07  1.84304e+07  4.74110e-01  0.00000e+00
0225  5.20856e+18  2.90909e-22  1.29614e-07  1.84180e+07  4.78611e-01  0.00000e+00
0226  5.22697e+18  2.89252e-22  1.29381e-07  1.84051e+07  4.83141e-01  0.00000e+00
0227  5.24539e+18  2.87196e-22  1.29147e-07  1.83920e+07  4.87633e-01  0.00000e+00
0228  5.26380e+18  2.84776e-22  1.28914e-07  1.83789e+07  4.92286e-01  0.00000e+00
0229  5.28222e+18  2.83845e-22  1.28681e-07  1.83659e+07  4.97937e-01  0.00000e+00
0230  5.30063e+18  2.84250e-22  1.28449e-07  1.83536e+07  5.04997e-01  0.00000e+00
0231  5.31905e+18  2.87914e-22  1.28213e-07  1.83420e+07  5.08902e-01  0.00000e+00
0232  5.33746e+18  3.06807e-22  1.27974e-07  1.83323e+07  5.08545e-01  0.00000e+00
0233  5.35588e+18  3.89956e-22  1.27696e-07  1.83259e+07  5.04136e-01  0.00000e+00
0234  5.37430e+18  7.28288e-22  1.27289e-07  1.83070e+07  4.86364e-01  0.00000e+00
0235  5.39271e+18  1.91415e-21  1.22787e-07  1.81191e+07  4.37856e-01  0.00000e+00
0236  5.41113e+18  4.14466e-21  1.13269e-07  1.71673e+07  3.61869e-01  0.00000e+00
0237  5.42954e+18  4.99571e-21  1.14365e-07  1.62521e+07  2.85441e-01  0.00000e+00
0238  5.44796e+18  4.94503e-21  1.12590e-07  1.60735e+07  2.16569e-01  0.00000e+00
0239  5.46637e+18  4.73211e-21  1.09076e-07  1.61105e+07  1.62718e-01  0.00000e+00
0240  5.48479e+18  4.36027e-21  1.03619e-07  1.62219e+07  1.29993e-01  0.00000e+00
0241  5.50320e+18  3.90428e-21  9.79684e-08  1.63533e+07  1.17618e-01  0.00000e+00
0242  5.52162e+18  3.36602e-21  9.35221e-08  1.64913e+07  1.15641e-01  0.00000e+00
0243  5.54004e+18  2.72733e-21  9.04270e-08  1.67346e+07  1.15613e-01  0.00000e+00
0244  5.55845e+18  2.06764e-21  8.65608e-08  1.72307e+07  1.15709e-01  0.00000e+00
0245  5.57687e+18  1.53854e-21  8.10693e-08  1.79629e+07  1.15985e-01  0.00000e+00
0246  5.59528e+18  1.19671e-21  7.60861e-08  1.86860e+07  1.16448e-01  0.00000e+00
0247  5.61370e+18  9.91656e-22  7.25487e-08  1.92625e+07  1.17065e-01  0.00000e+00
0248  5.63211e+18  8.62728e-22  6.99398e-08  1.97189e+07  1.17792e-01  0.00000e+00
0249  5.65053e+18  7.74420e-22  6.77743e-08  2.01043e+07  1.18587e-01  0.00000e+00
0250  5.66894e+18  7.09334e-22  6.58657e-08  2.04437e+07  1.19423e-01  0.00000e+00
0251  5.68736e+18  6.58612e-22  6.41477e-08  2.07486e+07  1.20281e-01  0.00000e+00
0252  5.70578e+18  6.17256e-22  6.25851e-08  2.10278e+07  1.21151e-01  0.00000e+00
0253  5.72419e+18  5.82389e-22  6.11365e-08  2.12885e+07  1.22024e-01  0.00000e+00
0254  5.74261e+18  5.52359e-22  5.97815e-08  2.15343e+07  1.22896e-01  0.00000e+00
0255  5.76102e+18  5.26095e-22  5.85095e-08  2.17668e+07  1.23762e-01  0.00000e+00
0256  5.77944e+18  5.02821e-22  5.73109e-08  2.19882e+07  1.24621e-01  0.00000e+00
0257  5.79785e+18  4.81978e-22  5.61754e-08  2.21999e+07  1.25471e-01  0.00000e+00
0258  5.81627e+18  4.63167e-22  5.50966e-08  2.24031e+07  1.26310e-01  0.00000e+00
0259  5.83468e+18  4.46093e-22  5.40692e-08  2.25983e+07  1.27138e-01  0.00000e+00
0260  5.85310e+18  4.30476e-22  5.30885e-08  2.27861e+07  1.27955e-01  0.00000e+00
0261  5.87152e+18  4.16049e-22  5.21508e-08  2.29684e+07  1.28760e-01  0.00000e+00
0262  5.88993e+18  4.02651e-22  5.12463e-08  2.31463e+07  1.29555e-01  0.00000e+00
0263  5.90835e+18  3.90186e-22  5.03755e-08  2.33194e+07  1.30338e-01  0.00000e+00
0264  5.92676e+18  3.78560e-22  4.95378e-08  2.34877e+07  1.31112e-01  0.00000e+00
0265  5.94518e+18  3.67678e-22  4.87310e-08  2.36517e+07  1.31876e-01  0.00000e+00
0266  5.96359e+18  3.57457e-22  4.79521e-08  2.38116e+07  1.32631e-01  0.00000e+00
0267  5.98201e+18  3.47821e-22  4.71996e-08  2.39680e+07  1.33378e-01  0.00000e+00
0268  6.00043e+18  3.38711e-22  4.64714e-08  2.41210e+07  1.34117e-01  0.00000e+00
0269  6.01884e+18  3.30082e-22  4.57662e-08  2.42709e+07  1.34849e-01  0.00000e+00
0270  6.03726e+18  3.21897e-22  4.50832e-08  2.44177e+07  1.35574e-01  0.00000e+00
0271  6.05567e+18  3.14122e-22  4.44215e-08  2.45615e+07  1.36293e-01  0.00000e+00
0272  6.07409e+18  3.06728e-22  4.37802e-08  2.47022e+07  1.37006e-01  0.00000e+00
0273  6.09250e+18  2.99689e-22  4.31583e-08  2.48401e+07  1.37714e-01  0.00000e+00
0274  6.11092e+18  2.92972e-22  4.25551e-08  2.49752e+07  1.38417e-01  0.00000e+00
0275  6.12933e+18  2.86541e-22  4.19686e-08  2.51080e+07  1.39114e-01  0.00000e+00
0276  6.14775e+18  2.80373e-22  4.13974e-08  2.52390e+07  1.39807e-01  0.00000e+00
0277  6.16617e+18  2.74451e-22  4.08408e-08  2.53680e+07  1.40496e-01  0.00000e+00
0278  6.18458e+18  2.68763e-22  4.02988e-08  2.54952e+07  1.41181e-01  0.00000e+00
0279  6.20300e+18  2.63298e-22  3.97708e-08  2.56203e+07  1.41861e-01  0.00000e+00
0280  6.22141e+18  2.58042e-22  3.92565e-08  2.57435e+07  1.42538e-01  0.00000e+00
0281  6.23983e+18  2.52986e-22  3.87555e-08  2.58647e+07  1.43212e-01  0.00000e+00
0282  6.25824e+18  2.48118e-22  3.82674e-08  2.59840e+07  1.43882e-01  0.00000e+00
0283  6.27666e+18  2.43431e-22  3.77919e-08  2.61013e+07  1.44548e-01  0.00000e+00
0284  6.29507e+18  2.38913e-22  3.73286e-08  2.62167e+07  1.45212e-01  0.00000e+00
0285  6.31349e+18  2.34558e-22  3.68773e-08  2.63300e+07  1.45873e-01  0.00000e+00
0286  6.33191e+18  2.30355e-22  3.64376e-08  2.64415e+07  1.46532e-01  0.00000e+00
0287  6.35032e+18  2.26297e-22  3.60091e-08  2.65510e+07  1.47188e-01  0.00000e+00
0288  6.36874e+18  2.22374e-22  3.55914e-08  2.66588e+07  1.47842e-01  0.00000e+00
0289  6.38715e+18  2.18579e-22  3.51839e-08  2.67648e+07  1.48495e-01  0.00000e+00
0290  6.40557e+18  2.14906e-22  3.47866e-08  2.68690e+07  1.49145e-01  0.00000e+00
0291  6.42398e+18  2.11351e-22  3.43989e-08  2.69715e+07  1.49794e-01  0.00000e+00
0292  6.44240e+18  2.07907e-22  3.40209e-08  2.70723e+07  1.50441e-01  0.00000e+00
0293  6.46081e+18  2.04570e-22  3.36520e-08  2.71714e+07  1.51087e-01  0.00000e+00
0294  6.47923e+18  2.01336e-22  3.32922e-08  2.72687e+07  1.51731e-01  0.00000e+00
0295  6.49765e+18  1.98201e-22  3.29412e-08  2.73643e+07  1.52374e-01  0.00000e+00
0296  6.51606e+18  1.95160e-22  3.25986e-08  2.74582e+07  1.53017e-01  0.00000e+00
0297  6.53448e+18  1.92209e-22  3.22644e-08  2.75505e+07  1.53658e-01  0.00000e+00
0298  6.55289e+18  1.89346e-22  3.19382e-08  2.76410e+07  1.54298e-01  0.00000e+00
0299  6.57131e+18  1.86567e-22  3.16201e-08  2.77298e+07  1.54937e-01  0.00000e+00
0300  6.58972e+18  1.83869e-22  3.13097e-08  2.78169e+07  1.55574e-01  0.00000e+00
0301  6.60814e+18  1.81249e-22  3.10069e-08  2.79023e+07  1.56211e-01  0.00000e+00
0302  6.62655e+18  1.78704e-22  3.07115e-08  2.79860e+07  1.56847e-01  0.00000e+00
0303  6.64497e+18  1.76232e-22  3.04234e-08  2.80680e+07  1.57481e-01  0.00000e+00
0304  6.66339e+18  1.73830e-22  3.01424e-08  2.81483e+07  1.58114e-01  0.00000e+00
0305  6.68180e+18  1.71496e-22  2.98682e-08  2.82270e+07  1.58745e-01  0.00000e+00
0306  6.70022e+18  1.69227e-22  2.96007e-08  2.83039e+07  1.59375e-01  0.00000e+00
0307  6.71863e+18  1.67021e-22  2.93398e-08  2.83792e+07  1.60003e-01  0.00000e+00
0308  6.73705e+18  1.64873e-22  2.90849e-08  2.84531e+07  1.60629e-01  0.00000e+00
0309  6.75546e+18  1.62778e-22  2.88355e-08  2.85257e+07  1.61253e-01  0.00000e+00
0310  6.77388e+18  1.60737e-22  2.85916e-08  2.85970e+07  1.61874e-01  0.00000e+00
0311  6.79229e+18  1.58746e-22  2.83532e-08  2.86670e+07  1.62494e-01  0.00000e+00
0312  6.81071e+18  1.56806e-22  2.81200e-08  2.87356e+07  1.63110e-01  0.00000e+00
0313  6.82913e+18  1.54915e-22  2.78923e-08  2.88028e+07  1.63723e-01  0.00000e+00
0314  6.84754e+18  1.53072e-22  2.76698e-08  2.88687e+07  1.64333e-01  0.00000e+00
0315  6.86596e+18  1.51277e-22  2.74526e-08  2.89331e+07  1.64940e-01  0.00000e+00
0316  6.88437e+18  1.49527e-22  2.72406e-08  2.89960e+07  1.65542e-01  0.00000e+00
0317  6.90279e+18  1.47824e-22  2.70339e-08  2.90575e+07  1.66140e-01  0.00000e+00
0318  6.92120e+18  1.46165e-22  2.68323e-08  2.91174e+07  1.66734e-01  0.00000e+00
0319  6.93962e+18  1.44551e-22  2.66357e-08  2.91758e+07  1.67322e-01  0.00000e+00
0320  6.95803e+18  1.42978e-22  2.64440e-08  2.92328e+07  1.67904e-01  0.00000e+00
0321  6.97645e+18  1.41446e-22  2.62570e-08  2.92883e+07  1.68481e-01  0.00000e+00
0322  6.99487e+18  1.39953e-22  2.60746e-08  2.93424e+07  1.69051e-01  0.00000e+00
0323  7.01328e+18  1.38498e-22  2.58965e-08  2.93951e+07  1.69614e-01  0.00000e+00
0324  7.03170e+18  1.37080e-22  2.57226e-08  2.94465e+07  1.70170e-01  0.00000e+00
0325  7.05011e+18  1.35698e-22  2.55529e-08  2.94966e+07  1.70718e-01  0.00000e+00
0326  7.06853e+18  1.34351e-22  2.53872e-08  2.95455e+07  1.71258e-01  0.00000e+00
0327  7.08694e+18  1.33039e-22  2.52254e-08  2.95930e+07  1.71790e-01  0.00000e+00
0328  7.10536e+18  1.31761e-22  2.50675e-08  2.96392e+07  1.72314e-01  0.00000e+00
0329  7.12378e+18  1.30516e-22  2.49134e-08  2.96841e+07  1.72829e-01  0.00000e+00
0330  7.14219e+18  1.29303e-22  2.47630e-08  2.97277e+07  1.73334e-01  0.00000e+00
0331  7.16061e+18  1.28122e-22  2.46161e-08  2.97702e+07  1.73831e-01  0.00000e+00
0332  7.17902e+18  1.26971e-22  2.44727e-08  2.98114e+07  1.74319e-01  0.00000e+00
0333  7.19744e+18  1.25848e-22  2.43324e-08  2.98515e+07  1.74798e-01  0.00000e+00
0334  7.21585e+18  1.24754e-22  2.41951e-08  2.98905e+07  1.75268e-01  0.00000e+00
0335  7.23427e+18  1.23687e-22  2.40607e-08  2.99285e+07  1.75729e-01  0.00000e+00
0336  7.25268e+18  1.22645e-22  2.39291e-08  2.99655e+07  1.76182e-01  0.00000e+00
0337  7.27110e+18  1.21627e-22  2.38001e-08  3.00015e+07  1.76626e-01  0.00000e+00
0338  7.28952e+18  1.20634e-22  2.36738e-08  3.00366e+07  1.77063e-01  0.00000e+00
0339  7.30793e+18  1.19665e-22  2.35502e-08  3.00706e+07  1.77493e-01  0.00000e+00
0340  7.32635e+18  1.18718e-22  2.34293e-08  3.01036e+07  1.77915e-01  0.00000e+00
0341  7.34476e+18  1.17794e-22  2.33112e-08  3.01356e+07  1.78331e-01  0.00000e+00
0342  7.36318e+18  1.16891e-22  2.31958e-08  3.01665e+07  1.78742e-01  0.00000e+00
0343  7.38159e+18  1.16010e-22  2.30831e-08  3.01963e+07  1.79146e-01  0.00000e+00
0344  7.40001e+18  1.15148e-22  2.29730e-08  3.02250e+07  1.79546e-01  0.00000e+00
0345  7.41842e+18  1.14306e-22  2.28653e-08  3.02528e+07  1.79941e-01  0.00000e+00
0346  7.43684e+18  1.13481e-22  2.27599e-08  3.02797e+07  1.80333e-01  0.00000e+00
0347  7.45526e+18  1.12673e-22  2.26566e-08  3.03057e+07  1.80721e-01  0.00000e+00
0348  7.47367e+18  1.11881e-22  2.25552e-08  3.03309e+07  1.81107e-01  0.00000e+00
0349  7.49209e+18  1.11104e-22  2.24558e-08  3.03554e+07  1.81491e-01  0.00000e+00
0350  7.51050e+18  1.10341e-22  2.23582e-08  3.03791e+07  1.81873e-01  0.00000e+00
0351  7.52892e+18  1.09593e-22  2.22624e-08  3.04021e+07  1.82254e-01  0.00000e+00
0352  7.54733e+18  1.08858e-22  2.21684e-08  3.04244e+07  1.82634e-01  0.00000e+00
0353  7.56575e+18  1.08136e-22  2.20761e-08  3.04460e+07  1.83015e-01  0.00000e+00
0354  7.58416e+18  1.07427e-22  2.19856e-08  3.04668e+07  1.83395e-01  0.00000e+00
0355  7.60258e+18  1.06730e-22  2.18967e-08  3.04869e+07  1.83777e-01  0.00000e+00
0356  7.62100e+18  1.06045e-22  2.18095e-08  3.05062e+07  1.84160e-01  0.00000e+00
0357  7.63941e+18  1.05372e-22  2.17239e-08  3.05249e+07  1.84545e-01  0.00000e+00
0358  7.65783e+18  1.04709e-22  2.16398e-08  3.05430e+07  1.84931e-01  0.00000e+00
0359  7.67624e+18  1.04056e-22  2.15572e-08  3.05604e+07  1.85320e-01  0.00000e+00
0360  7.69466e+18  1.03414e-22  2.14760e-08  3.05771e+07  1.85712e-01  0.00000e+00
0361  7.71307e+18  1.02782e-22  2.13963e-08  3.05932e+07  1.86105e-01  0.00000e+00
0362  7.73149e+18  1.02160e-22  2.13180e-08  3.06087e+07  1.86502e-01  0.00000e+00
0363  7.74990e+18  1.01548e-22  2.12411e-08  3.06235e+07  1.86902e-01  0.00000e+00
0364  7.76832e+18  1.00945e-22  2.11656e-08  3.06377e+07  1.87304e-01  0.00000e+00
0365  7.78674e+18  1.00351e-22  2.10913e-08  3.06513e+07  1.87710e-01  0.00000e+00
0366  7.80515e+18  9.97659e-23  2.10184e-08  3.06644e+07  1.88119e-01  0.00000e+00
0367  7.82357e+18  9.91895e-23  2.09465e-08  3.06769e+07  1.88530e-01  0.00000e+00
0368  7.84198e+18  9.86215e-23  2.08758e-08  3.06889e+07  1.88945e-01  0.00000e+00
0369  7.86040e+18  9.80617e-23  2.08062e-08  3.07004e+07  1.89362e-01  0.00000e+00
0370  7.87881e+18  9.75100e-23  2.07375e-08  3.07115e+07  1.89782e-01  0.00000e+00
0371  7.89723e+18  9.69662e-23  2.06699e-08  3.07221e+07  1.90204e-01  0.00000e+00
0372  7.91564e+18  9.64303e-23  2.06032e-08  3.07322e+07  1.90629e-01  0.00000e+00
0373  7.93406e+18  9.59024e-23  2.05376e-08  3.07418e+07  1.91057e-01  0.00000e+00
0374  7.95248e+18  9.53823e-23  2.04730e-08  3.07510e+07  1.91486e-01  0.00000e+00
0375  7.97089e+18  9.48700e-23  2.04094e-08  3.07596e+07  1.91918e-01  0.00000e+00
0376  7.98931e+18  9.43653e-23  2.03468e-08  3.07678e+07  1.92352e-01  0.00000e+00
0377  8.00772e+18  9.38679e-23  2.02852e-08  3.07755e+07  1.92787e-01  0.00000e+00
0378  8.02614e+18  9.33775e-23  2.02245e-08  3.07827e+07  1.93225e-01  0.00000e+00
0379  8.04455e+18  9.28939e-23  2.01646e-08  3.07896e+07  1.93664e-01  0.00000e+00
0380  8.06297e+18  9.24171e-23  2.01055e-08  3.07961e+07  1.94104e-01  0.00000e+00
0381  8.08139e+18  9.19467e-23  2.00471e-08  3.08022e+07  1.94547e-01  0.00000e+00
0382  8.09980e+18  9.14829e-23  1.99894e-08  3.08080e+07  1.94990e-01  0.00000e+00
0383  8.11822e+18  9.10257e-23  1.99325e-08  3.08134e+07  1.95435e-01  0.00000e+00
0384  8.13663e+18  9.05750e-23  1.98764e-08  3.08184e+07  1.95881e-01  0.00000e+00
0385  8.15505e+18  9.01311e-23  1.98212e-08  3.08230e+07  1.96328e-01  0.00000e+00
0386  8.17346e+18  8.96938e-23  1.97667e-08  3.08272e+07  1.96776e-01  0.00000e+00
0387  8.19188e+18  8.92632e-23  1.97132e-08  3.08309e+07  1.97225e-01  0.00000e+00
0388  8.21029e+18  8.88391e-23  1.96605e-08  3.08341e+07  1.97676e-01  0.00000e+00
0389  8.22871e+18  8.84216e-23  1.96087e-08  3.08369e+07  1.98127e-01  0.00000e+00
0390  8.24713e+18  8.80105e-23  1.95578e-08  3.08393e+07  1.98580e-01  0.00000e+00
0391  8.26554e+18  8.76057e-23  1.95078e-08  3.08411e+07  1.99034e-01  0.00000e+00
0392  8.28396e+18  8.72071e-23  1.94585e-08  3.08426e+07  1.99488e-01  0.00000e+00
0393  8.30237e+18  8.68143e-23  1.94101e-08  3.08436e+07  1.99945e-01  0.00000e+00
0394  8.32079e+18  8.64278e-23  1.93626e-08  3.08442e+07  2.00402e-01  0.00000e+00
0395  8.33920e+18  8.60463e-23  1.93156e-08  3.08442e+07  2.00861e-01  0.00000e+00
0396  8.35762e+18  8.56699e-23  1.92692e-08  3.08441e+07  2.01322e-01  0.00000e+00
0397  8.37603e+18  8.52992e-23  1.92237e-08  3.08435e+07  2.01784e-01  0.00000e+00
0398  8.39445e+18  8.49340e-23  1.91789e-08  3.08425e+07  2.02248e-01  0.00000e+00
0399  8.41287e+18  8.45738e-23  1.91348e-08  3.08412e+07  2.02714e-01  0.00000e+00
0400  8.43128e+18  8.42180e-23  1.90912e-08  3.08396e+07  2.03182e-01  0.00000e+00
0401  8.44970e+18  8.38663e-23  1.90480e-08  3.08377e+07  2.03652e-01  0.00000e+00
0402  8.46811e+18  8.35180e-23  1.90048e-08  3.08359e+07  2.04125e-01  0.00000e+00
0403  8.48653e+18  8.31724e-23  1.89616e-08  3.08341e+07  2.04599e-01  0.00000e+00
0404  8.50494e+18  8.28290e-23  1.89181e-08  3.08325e+07  2.05076e-01  0.00000e+00
0405  8.52336e+18  8.24875e-23  1.88743e-08  3.08312e+07  2.05555e-01  0.00000e+00
0406  8.54177e+18  8.21478e-23  1.88300e-08  3.08302e+07  2.06036e-01  0.00000e+00
0407  8.56019e+18  8.18103e-23  1.87855e-08  3.08294e+07  2.06520e-01  0.00000e+00
0408  8.57861e+18  8.14754e-23  1.87410e-08  3.08286e+07  2.07007e-01  0.00000e+00
0409  8.59702e+18  8.11438e-23  1.86968e-08  3.08277e+07  2.07496e-01  0.00000e+00
0410  8.61544e+18  8.08163e-23  1.86531e-08  3.08265e+07  2.07987e-01  0.00000e+00
0411  8.63385e+18  8.04936e-23  1.86103e-08  3.08248e+07  2.08481e-01  0.00000e+00
0412  8.65227e+18  8.01766e-23  1.85687e-08  3.08223e+07  2.08978e-01  0.00000e+00
0413  8.67068e+18  7.98657e-23  1.85286e-08  3.08190e+07  2.09478e-01  0.00000e+00
0414  8.68910e+18  7.95615e-23  1.84901e-08  3.08147e+07  2.09981e-01  0.00000e+00
0415  8.70751e+18  7.92638e-23  1.84533e-08  3.08093e+07  2.10487e-01  0.00000e+00
0416  8.72593e+18  7.89725e-23  1.84181e-08  3.08029e+07  2.10997e-01  0.00000e+00
0417  8.74435e+18  7.86869e-23  1.83842e-08  3.07957e+07  2.11510e-01  0.00000e+00
0418  8.76276e+18  7.84061e-23  1.83514e-08  3.07877e+07  2.12027e-01  0.00000e+00
0419  8.78118e+18  7.81291e-23  1.83193e-08  3.07794e+07  2.12548e-01  0.00000e+00
0420  8.79959e+18  7.78550e-23  1.82876e-08  3.07708e+07  2.13073e-01  0.00000e+00
0421  8.81801e+18  7.75830e-23  1.82560e-08  3.07622e+07  2.13602e-01  0.00000e+00
0422  8.83642e+18  7.73124e-23  1.82242e-08  3.07537e+07  2.14135e-01  0.00000e+00
0423  8.85484e+18  7.70427e-23  1.81920e-08  3.07455e+07  2.14673e-01  0.00000e+00
0424  8.87326e+18  7.67736e-23  1.81593e-08  3.07376e+07  2.15215e-01  0.00000e+00
0425  8.89167e+18  7.65046e-23  1.81260e-08  3.07301e+07  2.15761e-01  0.00000e+00
0426  8.91009e+18  7.62356e-23  1.80919e-08  3.07232e+07  2.16312e-01  0.00000e+00
0427  8.92850e+18  7.59664e-23  1.80572e-08  3.07167e+07  2.16867e-01  0.00000e+00
0428  8.94692e+18  7.56969e-23  1.80216e-08  3.07108e+07  2.17427e-01  0.00000e+00
0429  8.96533e+18  7.54269e-23  1.79852e-08  3.07055e+07  2.17990e-01  0.00000e+00
0430  8.98375e+18  7.51563e-23  1.79479e-08  3.07008e+07  2.18559e-01  0.00000e+00
0431  9.00216e+18  7.48850e-23  1.79096e-08  3.06969e+07  2.19131e-01  0.00000e+00
0432  9.02058e+18  7.46128e-23  1.78703e-08  3.06936e+07  2.19707e-01  0.00000e+00
0433  9.03900e+18  7.43401e-23  1.78302e-08  3.06911e+07  2.20288e-01  0.00000e+00
0434  9.05741e+18  7.40653e-23  1.77884e-08  3.06892e+07  2.20872e-01  0.00000e+00
0435  9.07583e+18  7.37887e-23  1.77454e-08  3.06889e+07  2.21461e-01  0.00000e+00
0436  9.09424e+18  7.35119e-23  1.77015e-08  3.06891e+07  2.22053e-01  0.00000e+00
0437  9.11266e+18  7.32346e-23  1.76569e-08  3.06898e+07  2.22649e-01  0.00000e+00
0438  9.13107e+18  7.29563e-23  1.76113e-08  3.06913e+07  2.23248e-01  0.00000e+00
0439  9.14949e+18  7.26761e-23  1.75643e-08  3.06937e+07  2.23852e-01  0.00000e+00
0440  9.16790e+18  7.23935e-23  1.75159e-08  3.06972e+07  2.24459e-01  0.00000e+00
0441  9.18632e+18  7.21085e-23  1.74660e-08  3.07018e+07  2.25070e-01  0.00000e+00
0442  9.20474e+18  7.18214e-23  1.74150e-08  3.07073e+07  2.25685e-01  0.00000e+00
0443  9.22315e+18  7.15327e-23  1.73630e-08  3.07136e+07  2.26304e-01  0.00000e+00
0444  9.24157e+18  7.12430e-23  1.73103e-08  3.07205e+07  2.26927e-01  0.00000e+00
0445  9.25998e+18  7.09524e-23  1.72570e-08  3.07280e+07  2.27554e-01  0.00000e+00
0446  9.27840e+18  7.06613e-23  1.72031e-08  3.07360e+07  2.28185e-01  0.00000e+00
0447  9.29681e+18  7.03699e-23  1.71486e-08  3.07445e+07  2.28819e-01  0.00000e+00
0448  9.31523e+18  7.00786e-23  1.70936e-08  3.07536e+07  2.29457e-01  0.00000e+00
0449  9.33364e+18  6.97878e-23  1.70382e-08  3.07631e+07  2.30098e-01  0.00000e+00
0450  9.35206e+18  6.94977e-23  1.69823e-08  3.07731e+07  2.30742e-01  0.00000e+00
0451  9.37048e+18  6.92088e-23  1.69261e-08  3.07834e+07  2.31389e-01  0.00000e+00
0452  9.38889e+18  6.89210e-23  1.68695e-08  3.07942e+07  2.32038e-01  0.00000e+00
0453  9.40731e+18  6.86344e-23  1.68125e-08  3.08054e+07  2.32690e-01  0.00000e+00
0454  9.42572e+18  6.83489e-23  1.67553e-08  3.08170e+07  2.33345e-01  0.00000e+00
0455  9.44414e+18  6.80643e-23  1.66977e-08  3.08290e+07  2.34003e-01  0.00000e+00
0456  9.46255e+18  6.77806e-23  1.66398e-08  3.08414e+07  2.34664e-01  0.00000e+00
0457  9.48097e+18  6.74976e-23  1.65817e-08  3.08542e+07  2.35328e-01  0.00000e+00
0458  9.49939e+18  6.72152e-23  1.65232e-08  3.08673e+07  2.35995e-01  0.00000e+00
0459  9.51780e+18  6.69334e-23  1.64645e-08  3.08808e+07  2.36667e-01  0.00000e+00
0460  9.53622e+18  6.66521e-23  1.64056e-08  3.08947e+07  2.37343e-01  0.00000e+00
0461  9.55463e+18  6.63713e-23  1.63464e-08  3.09090e+07  2.38025e-01  0.00000e+00
0462  9.57305e+18  6.60908e-23  1.62871e-08  3.09236e+07  2.38712e-01  0.00000e+00
0463  9.59146e+18  6.58105e-23  1.62275e-08  3.09386e+07  2.39407e-01  0.00000e+00
0464  9.60988e+18  6.55302e-23  1.61677e-08  3.09539e+07  2.40110e-01  0.00000e+00
0465  9.62829e+18  6.52496e-23  1.61078e-08  3.09695e+07  2.40823e-01  0.00000e+00
0466  9.64671e+18  6.49684e-23  1.60477e-08  3.09855e+07  2.41548e-01  0.00000e+00
0467  9.66513e+18  6.46862e-23  1.59875e-08  3.10018e+07  2.42287e-01  0.00000e+00
0468  9.68354e+18  6.44027e-23  1.59272e-08  3.10184e+07  2.43042e-01  0.00000e+00
0469  9.70196e+18  6.41175e-23  1.58667e-08  3.10353e+07  2.43815e-01  0.00000e+00
0470  9.72037e+18  6.38303e-23  1.58062e-08  3.10524e+07  2.44608e-01  0.00000e+00
0471  9.73879e+18  6.35408e-23  1.57457e-08  3.10699e+07  2.45425e-01  0.00000e+00
0472  9.75720e+18  6.32486e-23  1.56852e-08  3.10876e+07  2.46265e-01  0.00000e+00
0473  9.77562e+18  6.29537e-23  1.56246e-08  3.11055e+07  2.47132e-01  0.00000e+00
0474  9.79403e+18  6.26560e-23  1.55641e-08  3.11237e+07  2.48025e-01  0.00000e+00
0475  9.81245e+18  6.23554e-23  1.55037e-08  3.11420e+07  2.48946e-01  0.00000e+00
0476  9.83087e+18  6.20524e-23  1.54434e-08  3.11606e+07  2.49892e-01  0.00000e+00
0477  9.84928e+18  6.17472e-23  1.53831e-08  3.11793e+07  2.50864e-01  0.00000e+00
0478  9.86770e+18  6.14406e-23  1.53231e-08  3.11981e+07  2.51856e-01  0.00000e+00
0479  9.88611e+18  6.11335e-23  1.52632e-08  3.12171e+07  2.52866e-01  0.00000e+00
0480  9.90453e+18  6.08269e-23  1.52036e-08  3.12362e+07  2.53888e-01  0.00000e+00
0481  9.92294e+18  6.05221e-23  1.51442e-08  3.12555e+07  2.54914e-01  0.00000e+00
0482  9.94136e+18  6.02207e-23  1.50850e-08  3.12749e+07  2.55937e-01  0.00000e+00
0483  9.95977e+18  5.99241e-23  1.50262e-08  3.12944e+07  2.56946e-01  0.00000e+00
0484  9.97819e+18  5.96341e-23  1.49676e-08  3.13140e+07  2.57933e-01  0.00000e+00
0485  9.99661e+18  5.93522e-23  1.49093e-08  3.13337e+07  2.58886e-01  0.00000e+00
0486  1.00150e+19  5.90799e-23  1.48513e-08  3.13535e+07  2.59796e-01  0.00000e+00
0487  1.00334e+19  5.88184e-23  1.47936e-08  3.13734e+07  2.60654e-01  0.00000e+00
0488  1.00519e+19  5.85687e-23  1.47361e-08  3.13933e+07  2.61452e-01  0.00000e+00
0489  1.00703e+19  5.83313e-23  1.46788e-08  3.14133e+07  2.62186e-01  0.00000e+00
0490  1.00887e+19  5.81062e-23  1.46217e-08  3.14334e+07  2.62852e-01  0.00000e+00
0491  1.01071e+19  5.78931e-23  1.45649e-08  3.14535e+07  2.63451e-01  0.00000e+00
0492  1.01255e+19  5.76913e-23  1.45083e-08  3.14737e+07  2.63987e-01  0.00000e+00
0493  1.01439e+19  5.74994e-23  1.44519e-08  3.14939e+07  2.64466e-01  0.00000e+00
0494  1.01623e+19  5.73160e-23  1.43957e-08  3.15143e+07  2.64898e-01  0.00000e+00
0495  1.01808e+19  5.71393e-23  1.43398e-08  3.15347e+07  2.65293e-01  0.00000e+00
0496  1.01992e+19  5.69677e-23  1.42841e-08  3.15552e+07  2.65662e-01  0.00000e+00
0497  1.02176e+19  5.67991e-23  1.42286e-08  3.15758e+07  2.66014e-01  0.00000e+00
0498  1.02360e+19  5.66321e-23  1.41734e-08  3.15964e+07  2.66361e-01  0.00000e+00
0499  1.02544e+19  5.64650e-23  1.41184e-08  3.16172e+07  2.66710e-01  0.00000e+00
0500  1.02728e+19  5.62966e-23  1.40636e-08  3.16380e+07  2.67070e-01  0.00000e+00
0501  1.02913e+19  5.61259e-23  1.40091e-08  3.16590e+07  2.67447e-01  0.00000e+00
0502  1.03097e+19  5.59521e-23  1.39548e-08  3.16800e+07  2.67847e-01  0.00000e+00
0503  1.03281e+19  5.57749e-23  1.39008e-08  3.17011e+07  2.68271e-01  0.00000e+00
0504  1.03465e+19  5.55940e-23  1.38470e-08  3.17222e+07  2.68724e-01  0.00000e+00
0505  1.03649e+19  5.54097e-23  1.37934e-08  3.17435e+07  2.69204e-01  0.00000e+00
0506  1.03833e+19  5.52222e-23  1.37401e-08  3.17648e+07  2.69711e-01  0.00000e+00
0507  1.04017e+19  5.50323e-23  1.36871e-08  3.17863e+07  2.70243e-01  0.00000e+00
0508  1.04202e+19  5.48407e-23  1.36343e-08  3.18077e+07  2.70794e-01  0.00000e+00
0509  1.04386e+19  5.46481e-23  1.35818e-08  3.18293e+07  2.71361e-01  0.00000e+00
0510  1.04570e+19  5.44555e-23  1.35296e-08  3.18509e+07  2.71940e-01  0.00000e+00
0511  1.04754e+19  5.42636e-23  1.34777e-08  3.18726e+07  2.72524e-01  0.00000e+00
0512  1.04938e+19  5.40732e-23  1.34260e-08  3.18943e+07  2.73109e-01  0.00000e+00
0513  1.05122e+19  5.38848e-23  1.33747e-08  3.19161e+07  2.73690e-01  0.00000e+00
0514  1.05307e+19  5.36990e-23  1.33236e-08  3.19379e+07  2.74266e-01  0.00000e+00
0515  1.05491e+19  5.35159e-23  1.32728e-08  3.19598e+07  2.74833e-01  0.00000e+00
0516  1.05675e+19  5.33357e-23  1.32222e-08  3.19818e+07  2.75390e-01  0.00000e+00
0517  1.05859e+19  5.31584e-23  1.31720e-08  3.20038e+07  2.75937e-01  0.00000e+00
0518  1.06043e+19  5.29839e-23  1.31220e-08  3.20258e+07  2.76473e-01  0.00000e+00
0519  1.06227e+19  5.28120e-23  1.30724e-08  3.20478e+07  2.77001e-01  0.00000e+00
0520  1.06412e+19  5.26424e-23  1.30230e-08  3.20699e+07  2.77520e-01  0.00000e+00
0521  1.06596e+19  5.24748e-23  1.29739e-08  3.20920e+07  2.78034e-01  0.00000e+00
0522  1.06780e+19  5.23091e-23  1.29251e-08  3.21141e+07  2.78543e-01  0.00000e+00
0523  1.06964e+19  5.21450e-23  1.28767e-08  3.21362e+07  2.79050e-01  0.00000e+00
0524  1.07148e+19  5.19823e-23  1.28285e-08  3.21583e+07  2.79555e-01  0.00000e+00
0525  1.07332e+19  5.18208e-23  1.27806e-08  3.21804e+07  2.80059e-01  0.00000e+00
0526  1.07516e+19  5.16604e-23  1.27330e-08  3.22025e+07  2.80565e-01  0.00000e+00
0527  1.07701e+19  5.15011e-23  1.26857e-08  3.22246e+07  2.81071e-01  0.00000e+00
0528  1.07885e+19  5.13427e-23  1.26387e-08  3.22466e+07  2.81580e-01  0.00000e+00
0529  1.08069e+19  5.11853e-23  1.25920e-08  3.22687e+07  2.82090e-01  0.00000e+00
0530  1.08253e+19  5.10288e-23  1.25455e-08  3.22908e+07  2.82602e-01  0.00000e+00
0531  1.08437e+19  5.08732e-23  1.24994e-08  3.23129e+07  2.83116e-01  0.00000e+00
0532  1.08621e+19  5.07186e-23  1.24535e-08  3.23349e+07  2.83631e-01  0.00000e+00
0533  1.08806e+19  5.05650e-23  1.24078e-08  3.23570e+07  2.84148e-01  0.00000e+00
0534  1.08990e+19  5.04124e-23  1.23624e-08  3.23791e+07  2.84666e-01  0.00000e+00
0535  1.09174e+19  5.02607e-23  1.23172e-08  3.24013e+07  2.85185e-01  0.00000e+00
0536  1.09358e+19  5.01100e-23  1.22722e-08  3.24234e+07  2.85705e-01  0.00000e+00
0537  1.09542e+19  4.99603e-23  1.22275e-08  3.24456e+07  2.86226e-01  0.00000e+00
0538  1.09726e+19  4.98115e-23  1.21830e-08  3.24678e+07  2.86747e-01  0.00000e+00
0539  1.09910e+19  4.96636e-23  1.21387e-08  3.24901e+07  2.87270e-01  0.00000e+00
0540  1.10095e+19  4.95167e-23  1.20946e-08  3.25123e+07  2.87793e-01  0.00000e+00
0541  1.10279e+19  4.93706e-23  1.20507e-08  3.25346e+07  2.88317e-01  0.00000e+00
0542  1.10463e+19  4.92254e-23  1.20070e-08  3.25570e+07  2.88842e-01  0.00000e+00
0543  1.10647e+19  4.90811e-23  1.19635e-08  3.25793e+07  2.89368e-01  0.00000e+00
0544  1.10831e+19  4.89376e-23  1.19202e-08  3.26017e+07  2.89895e-01  0.00000e+00
0545  1.11015e+19  4.87950e-23  1.18771e-08  3.26241e+07  2.90424e-01  0.00000e+00
0546  1.11200e+19  4.86531e-23  1.18342e-08  3.26465e+07  2.90954e-01  0.00000e+00
0547  1.11384e+19  4.85121e-23  1.17915e-08  3.26689e+07  2.91485e-01  0.00000e+00
0548  1.11568e+19  4.83719e-23  1.17490e-08  3.26913e+07  2.92018e-01  0.00000e+00
0549  1.11752e+19  4.82325e-23  1.17067e-08  3.27137e+07  2.92552e-01  0.00000e+00
0550  1.11936e+19  4.80940e-23  1.16646e-08  3.27361e+07  2.93087e-01  0.00000e+00
0551  1.12120e+19  4.79560e-23  1.16227e-08  3.27586e+07  2.93625e-01  0.00000e+00
0552  1.12305e+19  4.78198e-23  1.15812e-08  3.27809e+07  2.94161e-01  0.00000e+00
0553  1.12489e+19  4.76804e-23  1.15387e-08  3.28038e+07  2.94713e-01  0.00000e+00
0554  1.12673e+19  4.75578e-23  1.15013e-08  3.28240e+07  2.95204e-01  0.00000e+00
0555  1.12857e+19  4.73460e-23  1.14366e-08  3.28592e+07  2.96059e-01  0.00000e+00
