# Athena++ data at time=5.230000e+12  cycle=350463155  variables=uov 
# i       x1v         user_out_var0          user_out_var1          user_out_var2          user_out_var3          user_out_var4          user_out_var5      
0002  1.13875e+18  4.91745e+00  3.03478e+04  5.59999e-16  0.00000e+00  0.00000e+00  3.02826e-05
0003  1.15716e+18  1.03218e+01  4.00224e+04  8.70682e-17  0.00000e+00  0.00000e+00  2.93264e-05
0004  1.17558e+18  1.54636e+01  4.91676e+04  4.30157e-17  0.00000e+00  0.00000e+00  2.84148e-05
0005  1.19399e+18  2.23004e+01  6.13414e+04  6.27746e-17  0.00000e+00  0.00000e+00  2.75451e-05
0006  1.21241e+18  3.29235e+01  8.15990e+04  1.03476e-16  0.00000e+00  0.00000e+00  2.67147e-05
0007  1.23082e+18  5.31276e+01  1.23384e+05  1.29047e-16  0.00000e+00  0.00000e+00  2.59213e-05
0008  1.24924e+18  6.27572e+01  1.36872e+05  2.81811e-17  0.00000e+00  0.00000e+00  2.51628e-05
0009  1.26765e+18  6.77536e+01  1.43373e+05  2.26097e-17  0.00000e+00  0.00000e+00  2.44370e-05
0010  1.28607e+18  7.21109e+01  1.48194e+05  2.04176e-17  0.00000e+00  0.00000e+00  2.37422e-05
0011  1.30448e+18  7.54136e+01  1.50867e+05  1.48588e-17  0.00000e+00  0.00000e+00  2.30766e-05
0012  1.32290e+18  7.84609e+01  1.53364e+05  1.49510e-17  0.00000e+00  0.00000e+00  2.24386e-05
0013  1.34131e+18  8.15902e+01  1.55963e+05  1.49570e-17  0.00000e+00  0.00000e+00  2.18267e-05
0014  1.35973e+18  8.47006e+01  1.58586e+05  1.40253e-17  0.00000e+00  0.00000e+00  2.12395e-05
0015  1.37814e+18  8.75322e+01  1.60745e+05  1.22512e-17  0.00000e+00  0.00000e+00  2.06757e-05
0016  1.39656e+18  9.02153e+01  1.62802e+05  1.17373e-17  0.00000e+00  0.00000e+00  2.01340e-05
0017  1.41497e+18  9.28812e+01  1.64893e+05  1.14586e-17  0.00000e+00  0.00000e+00  1.96134e-05
0018  1.43339e+18  9.54909e+01  1.66991e+05  1.02843e-17  0.00000e+00  0.00000e+00  1.91126e-05
0019  1.45180e+18  9.74410e+01  1.67935e+05 -7.97450e-19  0.00000e+00  0.00000e+00  1.86309e-05
0020  1.47022e+18  9.97017e+01  1.69825e+05  1.02702e-17  0.00000e+00  0.00000e+00  1.81671e-05
0021  1.48863e+18  1.02341e+02  1.72117e+05 -1.13840e-16  0.00000e+00  0.00000e+00  1.77204e-05
0022  1.50705e+18  1.04374e+02  1.73445e+05  7.54702e-18  0.00000e+00  0.00000e+00  1.72900e-05
0023  1.52546e+18  1.06316e+02  1.75006e+05  8.08460e-18  0.00000e+00  0.00000e+00  1.68750e-05
0024  1.54388e+18  1.08433e+02  1.76771e+05  8.32895e-18  0.00000e+00  0.00000e+00  1.64749e-05
0027  1.56229e+18  1.10560e+02  1.78616e+05  8.09565e-18  0.00000e+00  0.00000e+00  1.60888e-05
0028  1.58071e+18  1.12660e+02  1.80511e+05  7.90187e-18  0.00000e+00  0.00000e+00  1.57161e-05
0029  1.59912e+18  1.14756e+02  1.82480e+05  7.80400e-18  0.00000e+00  0.00000e+00  1.53562e-05
0030  1.61754e+18  1.16871e+02  1.84551e+05  7.77270e-18  0.00000e+00  0.00000e+00  1.50085e-05
0031  1.63595e+18  1.19028e+02  1.86756e+05  7.80385e-18  0.00000e+00  0.00000e+00  1.46726e-05
0032  1.65437e+18  1.21248e+02  1.89129e+05  7.85276e-18  0.00000e+00  0.00000e+00  1.43477e-05
0033  1.67278e+18  1.23486e+02  1.91614e+05  7.56218e-18  0.00000e+00  0.00000e+00  1.40336e-05
0034  1.69120e+18  1.25423e+02  1.93733e+05  6.49702e-18  0.00000e+00  0.00000e+00  1.37296e-05
0035  1.70961e+18  1.26978e+02  1.95486e+05  5.64851e-18  0.00000e+00  0.00000e+00  1.34354e-05
0036  1.72803e+18  1.28256e+02  1.96962e+05  5.18931e-18  0.00000e+00  0.00000e+00  1.31506e-05
0037  1.74644e+18  1.29517e+02  1.98537e+05  5.35131e-18  0.00000e+00  0.00000e+00  1.28747e-05
0038  1.76486e+18  1.30907e+02  2.00318e+05  5.59950e-18  0.00000e+00  0.00000e+00  1.26074e-05
0039  1.78328e+18  1.32413e+02  2.02300e+05  5.74698e-18  0.00000e+00  0.00000e+00  1.23484e-05
0040  1.80169e+18  1.33997e+02  2.04446e+05  5.82288e-18  0.00000e+00  0.00000e+00  1.20973e-05
0041  1.82011e+18  1.35636e+02  2.06736e+05  5.86873e-18  0.00000e+00  0.00000e+00  1.18537e-05
0042  1.83852e+18  1.37275e+02  2.09100e+05  5.78668e-18  0.00000e+00  0.00000e+00  1.16174e-05
0043  1.85694e+18  1.38555e+02  2.11016e+05  4.69021e-18  0.00000e+00  0.00000e+00  1.13882e-05
0044  1.87535e+18  1.39890e+02  2.13066e+05  3.79831e-18  0.00000e+00  0.00000e+00  1.11656e-05
0045  1.89377e+18  1.44826e+02  2.21608e+05  8.23034e-18  0.00000e+00  0.00000e+00  1.09495e-05
0046  1.91218e+18  1.46896e+02  2.25371e+05  1.28381e-17  0.00000e+00  0.00000e+00  1.07396e-05
0047  1.93060e+18  1.43109e+02  2.18617e+05  2.89338e-18  0.00000e+00  0.00000e+00  1.05357e-05
0048  1.94901e+18  1.40583e+02  2.14325e+05 -1.49644e-18  0.00000e+00  0.00000e+00  1.03376e-05
0049  1.96743e+18  1.46480e+02  2.24940e+05 -2.82505e-19  0.00000e+00  0.00000e+00  1.01449e-05
0050  1.98584e+18  1.47402e+02  2.26788e+05 -2.25157e-18  0.00000e+00  0.00000e+00  9.95766e-06
0051  2.00426e+18  1.28618e+02  1.98053e+05 -3.36717e-17  0.00000e+00  0.00000e+00  9.77552e-06
0052  2.02267e+18  1.15586e+02  1.83352e+05 -3.10964e-18  0.00000e+00  0.00000e+00  9.59833e-06
0053  2.04109e+18  1.14236e+02  1.81997e+05  1.74993e-18  0.00000e+00  0.00000e+00  9.42591e-06
0054  2.05951e+18  1.13961e+02  1.81716e+05  3.45045e-18  0.00000e+00  0.00000e+00  9.25810e-06
0055  2.07792e+18  1.14148e+02  1.81887e+05  3.82247e-18  0.00000e+00  0.00000e+00  9.09473e-06
0056  2.09634e+18  1.14324e+02  1.82051e+05  3.98161e-18  0.00000e+00  0.00000e+00  8.93564e-06
0057  2.11475e+18  1.14514e+02  1.82228e+05  4.14102e-18  0.00000e+00  0.00000e+00  8.78070e-06
0058  2.13317e+18  1.14907e+02  1.82604e+05  4.00861e-18  0.00000e+00  0.00000e+00  8.62975e-06
0059  2.15158e+18  1.15681e+02  1.83361e+05  3.44768e-18  0.00000e+00  0.00000e+00  8.48265e-06
0060  2.17000e+18  1.16899e+02  1.84575e+05  2.66308e-18  0.00000e+00  0.00000e+00  8.33929e-06
0061  2.18841e+18  1.18433e+02  1.86144e+05  1.99836e-18  0.00000e+00  0.00000e+00  8.19953e-06
0062  2.20683e+18  1.19973e+02  1.87766e+05  1.64233e-18  0.00000e+00  0.00000e+00  8.06326e-06
0063  2.22524e+18  1.21143e+02  1.89031e+05  1.54306e-18  0.00000e+00  0.00000e+00  7.93035e-06
0064  2.24366e+18  1.21669e+02  1.89607e+05  1.60909e-18  0.00000e+00  0.00000e+00  7.80071e-06
0065  2.26207e+18  1.21541e+02  1.89461e+05  1.76535e-18  0.00000e+00  0.00000e+00  7.67421e-06
0066  2.28049e+18  1.20993e+02  1.88855e+05  1.96992e-18  0.00000e+00  0.00000e+00  7.55077e-06
0067  2.29891e+18  1.20341e+02  1.88140e+05  2.30416e-18  0.00000e+00  0.00000e+00  7.43029e-06
0068  2.31732e+18  1.19823e+02  1.87577e+05  2.67160e-18  0.00000e+00  0.00000e+00  7.31266e-06
0069  2.33574e+18  1.19584e+02  1.87319e+05  2.79196e-18  0.00000e+00  0.00000e+00  7.19781e-06
0070  2.35415e+18  1.19306e+02  1.86996e+05  3.99850e-18  0.00000e+00  0.00000e+00  7.08564e-06
0071  2.37257e+18  1.19229e+02  1.86938e+05  2.94559e-18  0.00000e+00  0.00000e+00  6.97607e-06
0072  2.39098e+18  1.26609e+02  1.95346e+05 -7.39837e-18  0.00000e+00  0.00000e+00  6.86902e-06
0073  2.40940e+18  2.16392e+02  3.66950e+05  7.71915e-17  0.00000e+00  0.00000e+00  6.76442e-06
0074  2.42781e+18  4.27266e+02  6.59536e+05  7.98617e-17  0.00000e+00  0.00000e+00  6.66219e-06
0075  2.44623e+18  6.03493e+02  9.12195e+05  3.77647e-17  0.00000e+00  0.00000e+00  6.56226e-06
0076  2.46464e+18  7.16598e+02  1.08317e+06  2.62847e-17  0.00000e+00  0.00000e+00  6.46456e-06
0077  2.48306e+18  7.97486e+02  1.20933e+06  2.17400e-17  0.00000e+00  0.00000e+00  6.36903e-06
0078  2.50147e+18  8.61472e+02  1.31329e+06  1.91199e-17  0.00000e+00  0.00000e+00  6.27560e-06
0079  2.51989e+18  9.15952e+02  1.40587e+06  1.75369e-17  0.00000e+00  0.00000e+00  6.18421e-06
0080  2.53831e+18  9.66182e+02  1.49451e+06  1.69235e-17  0.00000e+00  0.00000e+00  6.09480e-06
0081  2.55672e+18  1.01391e+03  1.58060e+06  1.61662e-17  0.00000e+00  0.00000e+00  6.00732e-06
0082  2.57514e+18  1.06018e+03  1.66613e+06  1.56901e-17  0.00000e+00  0.00000e+00  5.92171e-06
0083  2.59355e+18  1.10557e+03  1.75148e+06  1.51898e-17  0.00000e+00  0.00000e+00  5.83791e-06
0084  2.61197e+18  1.15032e+03  1.83725e+06  1.46331e-17  0.00000e+00  0.00000e+00  5.75588e-06
0085  2.63038e+18  1.19462e+03  1.92402e+06  1.41784e-17  0.00000e+00  0.00000e+00  5.67557e-06
0086  2.64880e+18  1.23839e+03  2.01159e+06  1.36389e-17  0.00000e+00  0.00000e+00  5.59693e-06
0087  2.66721e+18  1.28196e+03  2.10058e+06  1.31746e-17  0.00000e+00  0.00000e+00  5.51991e-06
0088  2.68563e+18  1.32547e+03  2.19102e+06  1.27248e-17  0.00000e+00  0.00000e+00  5.44447e-06
0089  2.70404e+18  1.36867e+03  2.28264e+06  1.22474e-17  0.00000e+00  0.00000e+00  5.37056e-06
0090  2.72246e+18  1.41111e+03  2.37518e+06  1.17569e-17  0.00000e+00  0.00000e+00  5.29815e-06
0091  2.74088e+18  1.45233e+03  2.46830e+06  1.12643e-17  0.00000e+00  0.00000e+00  5.22720e-06
0092  2.75929e+18  1.49214e+03  2.56134e+06  1.07855e-17  0.00000e+00  0.00000e+00  5.15766e-06
0093  2.77771e+18  1.53036e+03  2.65359e+06  1.03132e-17  0.00000e+00  0.00000e+00  5.08950e-06
0094  2.79612e+18  1.56657e+03  2.74479e+06  9.86303e-18  0.00000e+00  0.00000e+00  5.02268e-06
0095  2.81454e+18  1.60041e+03  2.83480e+06  9.43208e-18  0.00000e+00  0.00000e+00  4.95717e-06
0096  2.83295e+18  1.63225e+03  2.92286e+06  9.02350e-18  0.00000e+00  0.00000e+00  4.89293e-06
0097  2.85137e+18  1.66279e+03  3.00807e+06  8.63705e-18  0.00000e+00  0.00000e+00  4.82993e-06
0098  2.86978e+18  1.69172e+03  3.09098e+06  8.26988e-18  0.00000e+00  0.00000e+00  4.76814e-06
0099  2.88820e+18  1.71804e+03  3.17315e+06  7.92222e-18  0.00000e+00  0.00000e+00  4.70753e-06
0100  2.90661e+18  1.74279e+03  3.25550e+06  7.59007e-18  0.00000e+00  0.00000e+00  4.64807e-06
0101  2.92503e+18  1.76826e+03  3.33634e+06  7.27319e-18  0.00000e+00  0.00000e+00  4.58973e-06
0102  2.94345e+18  1.79344e+03  3.41123e+06  6.97976e-18  0.00000e+00  0.00000e+00  4.53248e-06
0103  2.96186e+18  1.81546e+03  3.48724e+06  6.69224e-18  0.00000e+00  0.00000e+00  4.47629e-06
0104  2.98028e+18  1.85742e+03  3.61262e+06  6.41194e-18  0.00000e+00  0.00000e+00  4.42114e-06
0105  2.99869e+18  1.89672e+03  3.73784e+06  6.14223e-18  0.00000e+00  0.00000e+00  4.36701e-06
0106  3.01711e+18  1.85521e+03  3.67959e+06  6.03439e-18  0.00000e+00  0.00000e+00  4.31386e-06
0107  3.03552e+18  1.36201e+03  2.70955e+06  6.75102e-18  0.00000e+00  0.00000e+00  4.26168e-06
0108  3.05394e+18  2.98260e+02  5.91163e+05  1.63004e-17  0.00000e+00  0.00000e+00  4.21044e-06
0109  3.07235e+18  8.73456e+01  1.64521e+05 -1.78366e-16  0.00000e+00  0.00000e+00  4.16011e-06
0110  3.09077e+18  7.82107e+01  1.53151e+05  8.77423e-19  0.00000e+00  0.00000e+00  4.11069e-06
0111  3.10918e+18  7.96988e+01  1.54327e+05  4.00893e-18  0.00000e+00  0.00000e+00  4.06214e-06
0112  3.12760e+18  8.34581e+01  1.57431e+05  5.57838e-18  0.00000e+00  0.00000e+00  4.01444e-06
0113  3.14602e+18  8.72799e+01  1.60456e+05  4.56462e-18  0.00000e+00  0.00000e+00  3.96758e-06
0114  3.16443e+18  9.06323e+01  1.63039e+05  3.61651e-18  0.00000e+00  0.00000e+00  3.92154e-06
0115  3.18285e+18  9.38814e+01  1.65605e+05  3.20398e-18  0.00000e+00  0.00000e+00  3.87629e-06
0116  3.20126e+18  9.70478e+01  1.67935e+05  9.73985e-18  0.00000e+00  0.00000e+00  3.83182e-06
0117  3.21968e+18  1.00239e+02  1.70234e+05  1.91837e-18  0.00000e+00  0.00000e+00  3.78811e-06
0118  3.23809e+18  1.03763e+02  1.72869e+05  2.31675e-18  0.00000e+00  0.00000e+00  3.74515e-06
0119  3.25651e+18  1.07521e+02  1.75904e+05  2.14539e-18  0.00000e+00  0.00000e+00  3.70291e-06
0120  3.27492e+18  1.11692e+02  1.79507e+05  2.23333e-18  0.00000e+00  0.00000e+00  3.66138e-06
0121  3.29334e+18  1.16181e+02  1.83695e+05  2.58180e-18  0.00000e+00  0.00000e+00  3.62055e-06
0122  3.31176e+18  1.21698e+02  1.89405e+05  2.70203e-18  0.00000e+00  0.00000e+00  3.58040e-06
0123  3.33017e+18  1.33852e+02  2.03730e+05  3.76912e-18  0.00000e+00  0.00000e+00  3.54091e-06
0124  3.34859e+18  1.74045e+02  2.68553e+05  1.43320e-17  0.00000e+00  0.00000e+00  3.50207e-06
0125  3.36700e+18  2.79310e+02  4.08483e+05  4.93867e-17  0.00000e+00  0.00000e+00  3.46386e-06
0126  3.38542e+18  4.17026e+02  5.62558e+05  3.18444e-17  0.00000e+00  0.00000e+00  3.42628e-06
0127  3.40383e+18  5.32877e+02  6.87918e+05  2.06971e-17  0.00000e+00  0.00000e+00  3.38931e-06
0128  3.42225e+18  6.21678e+02  7.79878e+05  1.55414e-17  0.00000e+00  0.00000e+00  3.35293e-06
0129  3.44066e+18  6.92884e+02  8.50606e+05  1.28202e-17  0.00000e+00  0.00000e+00  3.31713e-06
0130  3.45908e+18  7.53808e+02  9.08501e+05  1.11437e-17  0.00000e+00  0.00000e+00  3.28191e-06
0131  3.47749e+18  8.07902e+02  9.58204e+05  9.90920e-18  0.00000e+00  0.00000e+00  3.24724e-06
0132  3.49591e+18  8.57282e+02  1.00246e+06  8.99701e-18  0.00000e+00  0.00000e+00  3.21312e-06
0133  3.51433e+18  9.03123e+02  1.04255e+06  8.27597e-18  0.00000e+00  0.00000e+00  3.17953e-06
0134  3.53274e+18  9.46424e+02  1.07990e+06  7.76211e-18  0.00000e+00  0.00000e+00  3.14647e-06
0135  3.55116e+18  9.88019e+02  1.11488e+06  7.29557e-18  0.00000e+00  0.00000e+00  3.11392e-06
0136  3.56957e+18  1.02796e+03  1.14793e+06  6.87537e-18  0.00000e+00  0.00000e+00  3.08188e-06
0137  3.58799e+18  1.06652e+03  1.17945e+06  6.53167e-18  0.00000e+00  0.00000e+00  3.05032e-06
0138  3.60640e+18  1.10390e+03  1.20958e+06  6.21667e-18  0.00000e+00  0.00000e+00  3.01925e-06
0139  3.62482e+18  1.14017e+03  1.23845e+06  5.92221e-18  0.00000e+00  0.00000e+00  2.98865e-06
0140  3.64323e+18  1.17535e+03  1.26617e+06  5.64699e-18  0.00000e+00  0.00000e+00  2.95851e-06
0141  3.66165e+18  1.20946e+03  1.29279e+06  5.38980e-18  0.00000e+00  0.00000e+00  2.92883e-06
0142  3.68007e+18  1.24248e+03  1.31837e+06  5.14954e-18  0.00000e+00  0.00000e+00  2.89959e-06
0143  3.69848e+18  1.27464e+03  1.34315e+06  4.96070e-18  0.00000e+00  0.00000e+00  2.87079e-06
0144  3.71690e+18  1.30621e+03  1.36723e+06  4.80105e-18  0.00000e+00  0.00000e+00  2.84241e-06
0145  3.73531e+18  1.33721e+03  1.39065e+06  4.64428e-18  0.00000e+00  0.00000e+00  2.81445e-06
0146  3.75373e+18  1.36760e+03  1.41340e+06  4.49123e-18  0.00000e+00  0.00000e+00  2.78690e-06
0147  3.77214e+18  1.39734e+03  1.43550e+06  4.34254e-18  0.00000e+00  0.00000e+00  2.75976e-06
0148  3.79056e+18  1.42639e+03  1.45694e+06  4.19865e-18  0.00000e+00  0.00000e+00  2.73301e-06
0149  3.80897e+18  1.45475e+03  1.47776e+06  4.05978e-18  0.00000e+00  0.00000e+00  2.70665e-06
0150  3.82739e+18  1.48240e+03  1.49798e+06  3.92603e-18  0.00000e+00  0.00000e+00  2.68066e-06
0151  3.84581e+18  1.50940e+03  1.51769e+06  3.79956e-18  0.00000e+00  0.00000e+00  2.65505e-06
0152  3.86422e+18  1.53582e+03  1.53697e+06  3.68102e-18  0.00000e+00  0.00000e+00  2.62981e-06
0153  3.88264e+18  1.56174e+03  1.55590e+06  3.56635e-18  0.00000e+00  0.00000e+00  2.60492e-06
0154  3.90105e+18  1.58722e+03  1.57460e+06  3.45592e-18  0.00000e+00  0.00000e+00  2.58038e-06
0155  3.91947e+18  1.61236e+03  1.59317e+06  3.35144e-18  0.00000e+00  0.00000e+00  2.55619e-06
0156  3.93788e+18  1.63724e+03  1.61173e+06  3.24990e-18  0.00000e+00  0.00000e+00  2.53234e-06
0157  3.95630e+18  1.66190e+03  1.63039e+06  3.15122e-18  0.00000e+00  0.00000e+00  2.50882e-06
0158  3.97471e+18  1.68643e+03  1.64919e+06  3.05530e-18  0.00000e+00  0.00000e+00  2.48563e-06
0159  3.99313e+18  1.71087e+03  1.66819e+06  2.96208e-18  0.00000e+00  0.00000e+00  2.46275e-06
0160  4.01155e+18  1.73523e+03  1.68738e+06  2.87156e-18  0.00000e+00  0.00000e+00  2.44019e-06
0161  4.02996e+18  1.75947e+03  1.70673e+06  2.78376e-18  0.00000e+00  0.00000e+00  2.41794e-06
0162  4.04838e+18  1.78353e+03  1.72618e+06  2.69879e-18  0.00000e+00  0.00000e+00  2.39599e-06
0163  4.06679e+18  1.80723e+03  1.74556e+06  2.61186e-18  0.00000e+00  0.00000e+00  2.37434e-06
0164  4.08521e+18  1.83048e+03  1.76481e+06  2.54198e-18  0.00000e+00  0.00000e+00  2.35299e-06
0165  4.10362e+18  1.85315e+03  1.78373e+06  2.47424e-18  0.00000e+00  0.00000e+00  2.33191e-06
0166  4.12204e+18  1.87500e+03  1.80213e+06  2.40888e-18  0.00000e+00  0.00000e+00  2.31113e-06
0167  4.14045e+18  1.89579e+03  1.81977e+06  2.34610e-18  0.00000e+00  0.00000e+00  2.29061e-06
0168  4.15887e+18  1.91533e+03  1.83650e+06  2.28604e-18  0.00000e+00  0.00000e+00  2.27037e-06
0169  4.17728e+18  1.93353e+03  1.85222e+06  2.23628e-18  0.00000e+00  0.00000e+00  2.25040e-06
0170  4.19570e+18  1.95024e+03  1.86678e+06  2.18212e-18  0.00000e+00  0.00000e+00  2.23069e-06
0171  4.21412e+18  1.96540e+03  1.88015e+06  2.13063e-18  0.00000e+00  0.00000e+00  2.21123e-06
0172  4.23253e+18  1.97906e+03  1.89236e+06  2.08168e-18  0.00000e+00  0.00000e+00  2.19203e-06
0173  4.25095e+18  1.99135e+03  1.90351e+06  2.03508e-18  0.00000e+00  0.00000e+00  2.17308e-06
0174  4.26936e+18  2.00243e+03  1.91376e+06  1.99060e-18  0.00000e+00  0.00000e+00  2.15438e-06
0175  4.28778e+18  2.01252e+03  1.92328e+06  1.94798e-18  0.00000e+00  0.00000e+00  2.13591e-06
0176  4.30619e+18  2.02182e+03  1.93227e+06  1.90697e-18  0.00000e+00  0.00000e+00  2.11768e-06
0177  4.32461e+18  2.03055e+03  1.94091e+06  1.86736e-18  0.00000e+00  0.00000e+00  2.09968e-06
0178  4.34302e+18  2.03887e+03  1.94938e+06  1.82895e-18  0.00000e+00  0.00000e+00  2.08191e-06
0179  4.36144e+18  2.04695e+03  1.95781e+06  1.79159e-18  0.00000e+00  0.00000e+00  2.06437e-06
0180  4.37986e+18  2.05487e+03  1.96632e+06  1.75516e-18  0.00000e+00  0.00000e+00  2.04705e-06
0181  4.39827e+18  2.06272e+03  1.97500e+06  1.71957e-18  0.00000e+00  0.00000e+00  2.02994e-06
0182  4.41669e+18  2.07053e+03  1.98389e+06  1.68477e-18  0.00000e+00  0.00000e+00  2.01305e-06
0183  4.43510e+18  2.07831e+03  1.99301e+06  1.65075e-18  0.00000e+00  0.00000e+00  1.99637e-06
0184  4.45352e+18  2.08603e+03  2.00234e+06  1.61749e-18  0.00000e+00  0.00000e+00  1.97989e-06
0185  4.47193e+18  2.09369e+03  2.01184e+06  1.58499e-18  0.00000e+00  0.00000e+00  1.96362e-06
0186  4.49035e+18  2.10122e+03  2.02147e+06  1.55328e-18  0.00000e+00  0.00000e+00  1.94754e-06
0187  4.50876e+18  2.10858e+03  2.03115e+06  1.52237e-18  0.00000e+00  0.00000e+00  1.93167e-06
0188  4.52718e+18  2.11573e+03  2.04083e+06  1.49227e-18  0.00000e+00  0.00000e+00  1.91598e-06
0189  4.54560e+18  2.12261e+03  2.05044e+06  1.46300e-18  0.00000e+00  0.00000e+00  1.90049e-06
0190  4.56401e+18  2.12918e+03  2.05995e+06  1.43456e-18  0.00000e+00  0.00000e+00  1.88519e-06
0191  4.58243e+18  2.13541e+03  2.06930e+06  1.40694e-18  0.00000e+00  0.00000e+00  1.87006e-06
0192  4.60084e+18  2.14125e+03  2.07849e+06  1.38015e-18  0.00000e+00  0.00000e+00  1.85512e-06
0193  4.61926e+18  2.14671e+03  2.08750e+06  1.35415e-18  0.00000e+00  0.00000e+00  1.84036e-06
0194  4.63767e+18  2.15176e+03  2.09634e+06  1.32893e-18  0.00000e+00  0.00000e+00  1.82577e-06
0195  4.65609e+18  2.15640e+03  2.10500e+06  1.30446e-18  0.00000e+00  0.00000e+00  1.81136e-06
0196  4.67450e+18  2.16065e+03  2.11352e+06  1.28071e-18  0.00000e+00  0.00000e+00  1.79712e-06
0197  4.69292e+18  2.16452e+03  2.12190e+06  1.25765e-18  0.00000e+00  0.00000e+00  1.78304e-06
0198  4.71134e+18  2.16802e+03  2.13016e+06  1.23524e-18  0.00000e+00  0.00000e+00  1.76913e-06
0199  4.72975e+18  2.17118e+03  2.13832e+06  1.21346e-18  0.00000e+00  0.00000e+00  1.75538e-06
0200  4.74817e+18  2.17402e+03  2.14639e+06  1.19242e-18  0.00000e+00  0.00000e+00  1.74179e-06
0201  4.76658e+18  2.17657e+03  2.15439e+06  1.17192e-18  0.00000e+00  0.00000e+00  1.72836e-06
0202  4.78500e+18  2.17885e+03  2.16230e+06  1.15195e-18  0.00000e+00  0.00000e+00  1.71508e-06
0203  4.80341e+18  2.18089e+03  2.17014e+06  1.13245e-18  0.00000e+00  0.00000e+00  1.70195e-06
0204  4.82183e+18  2.18271e+03  2.17790e+06  1.11342e-18  0.00000e+00  0.00000e+00  1.68898e-06
0205  4.84024e+18  2.18431e+03  2.18558e+06  1.09485e-18  0.00000e+00  0.00000e+00  1.67615e-06
0206  4.85866e+18  2.18572e+03  2.19317e+06  1.07673e-18  0.00000e+00  0.00000e+00  1.66347e-06
0207  4.87708e+18  2.18694e+03  2.20069e+06  1.05904e-18  0.00000e+00  0.00000e+00  1.65093e-06
0208  4.89549e+18  2.18795e+03  2.20814e+06  1.04177e-18  0.00000e+00  0.00000e+00  1.63853e-06
0209  4.91391e+18  2.18877e+03  2.21552e+06  1.02490e-18  0.00000e+00  0.00000e+00  1.62627e-06
0210  4.93232e+18  2.18939e+03  2.22284e+06  1.00842e-18  0.00000e+00  0.00000e+00  1.61415e-06
0211  4.95074e+18  2.18981e+03  2.23010e+06  9.92330e-19  0.00000e+00  0.00000e+00  1.60217e-06
0212  4.96915e+18  2.19004e+03  2.23729e+06  9.76606e-19  0.00000e+00  0.00000e+00  1.59031e-06
0213  4.98757e+18  2.19010e+03  2.24441e+06  9.61239e-19  0.00000e+00  0.00000e+00  1.57859e-06
0214  5.00598e+18  2.19001e+03  2.25146e+06  9.46216e-19  0.00000e+00  0.00000e+00  1.56700e-06
0215  5.02440e+18  2.18976e+03  2.25843e+06  9.31525e-19  0.00000e+00  0.00000e+00  1.55553e-06
0216  5.04282e+18  2.18938e+03  2.26532e+06  9.17157e-19  0.00000e+00  0.00000e+00  1.54419e-06
0217  5.06123e+18  2.18885e+03  2.27214e+06  9.03101e-19  0.00000e+00  0.00000e+00  1.53298e-06
0218  5.07965e+18  2.18819e+03  2.27888e+06  8.89349e-19  0.00000e+00  0.00000e+00  1.52188e-06
0219  5.09806e+18  2.18740e+03  2.28555e+06  8.75891e-19  0.00000e+00  0.00000e+00  1.51091e-06
0220  5.11648e+18  2.18649e+03  2.29215e+06  8.62718e-19  0.00000e+00  0.00000e+00  1.50005e-06
0221  5.13489e+18  2.18545e+03  2.29868e+06  8.49822e-19  0.00000e+00  0.00000e+00  1.48931e-06
0222  5.15331e+18  2.18428e+03  2.30515e+06  8.37196e-19  0.00000e+00  0.00000e+00  1.47868e-06
0223  5.17172e+18  2.18299e+03  2.31155e+06  8.24833e-19  0.00000e+00  0.00000e+00  1.46817e-06
0224  5.19014e+18  2.18158e+03  2.31790e+06  8.12725e-19  0.00000e+00  0.00000e+00  1.45777e-06
0225  5.20856e+18  2.18005e+03  2.32418e+06  8.00865e-19  0.00000e+00  0.00000e+00  1.44748e-06
0226  5.22697e+18  2.17839e+03  2.33042e+06  7.89247e-19  0.00000e+00  0.00000e+00  1.43730e-06
0227  5.24539e+18  2.17662e+03  2.33659e+06  7.77862e-19  0.00000e+00  0.00000e+00  1.42723e-06
0228  5.26380e+18  2.17475e+03  2.34271e+06  7.66704e-19  0.00000e+00  0.00000e+00  1.41726e-06
0229  5.28222e+18  2.17277e+03  2.34878e+06  7.55767e-19  0.00000e+00  0.00000e+00  1.40739e-06
0230  5.30063e+18  2.17070e+03  2.35479e+06  7.45057e-19  0.00000e+00  0.00000e+00  1.39763e-06
0231  5.31905e+18  2.16855e+03  2.36074e+06  7.34613e-19  0.00000e+00  0.00000e+00  1.38797e-06
0232  5.33746e+18  2.16633e+03  2.36662e+06  7.24370e-19  0.00000e+00  0.00000e+00  1.37841e-06
0233  5.35588e+18  2.16404e+03  2.37244e+06  7.14323e-19  0.00000e+00  0.00000e+00  1.36894e-06
0234  5.37430e+18  2.16170e+03  2.37818e+06  7.04465e-19  0.00000e+00  0.00000e+00  1.35958e-06
0235  5.39271e+18  2.15930e+03  2.38385e+06  6.94792e-19  0.00000e+00  0.00000e+00  1.35031e-06
0236  5.41113e+18  2.15685e+03  2.38945e+06  6.85299e-19  0.00000e+00  0.00000e+00  1.34113e-06
0237  5.42954e+18  2.15435e+03  2.39498e+06  6.75983e-19  0.00000e+00  0.00000e+00  1.33205e-06
0238  5.44796e+18  2.15178e+03  2.40044e+06  6.66840e-19  0.00000e+00  0.00000e+00  1.32306e-06
0239  5.46637e+18  2.14914e+03  2.40585e+06  6.57866e-19  0.00000e+00  0.00000e+00  1.31416e-06
0240  5.48479e+18  2.14644e+03  2.41119e+06  6.49058e-19  0.00000e+00  0.00000e+00  1.30535e-06
0241  5.50320e+18  2.14368e+03  2.41648e+06  6.40410e-19  0.00000e+00  0.00000e+00  1.29663e-06
0242  5.52162e+18  2.14087e+03  2.42171e+06  6.31918e-19  0.00000e+00  0.00000e+00  1.28800e-06
0243  5.54004e+18  2.13801e+03  2.42687e+06  6.23578e-19  0.00000e+00  0.00000e+00  1.27945e-06
0244  5.55845e+18  2.13510e+03  2.43197e+06  6.15385e-19  0.00000e+00  0.00000e+00  1.27098e-06
0245  5.57687e+18  2.13216e+03  2.43700e+06  6.07336e-19  0.00000e+00  0.00000e+00  1.26260e-06
0246  5.59528e+18  2.12920e+03  2.44195e+06  5.99427e-19  0.00000e+00  0.00000e+00  1.25431e-06
0247  5.61370e+18  2.12620e+03  2.44683e+06  5.91654e-19  0.00000e+00  0.00000e+00  1.24609e-06
0248  5.63211e+18  2.12318e+03  2.45164e+06  5.84015e-19  0.00000e+00  0.00000e+00  1.23795e-06
0249  5.65053e+18  2.12013e+03  2.45636e+06  5.76507e-19  0.00000e+00  0.00000e+00  1.22990e-06
0250  5.66894e+18  2.11706e+03  2.46101e+06  5.69128e-19  0.00000e+00  0.00000e+00  1.22192e-06
0251  5.68736e+18  2.11395e+03  2.46559e+06  5.61875e-19  0.00000e+00  0.00000e+00  1.21402e-06
0252  5.70578e+18  2.11079e+03  2.47009e+06  5.54748e-19  0.00000e+00  0.00000e+00  1.20620e-06
0253  5.72419e+18  2.10759e+03  2.47452e+06  5.47742e-19  0.00000e+00  0.00000e+00  1.19845e-06
0254  5.74261e+18  2.10436e+03  2.47887e+06  5.40856e-19  0.00000e+00  0.00000e+00  1.19077e-06
0255  5.76102e+18  2.10107e+03  2.48315e+06  5.34089e-19  0.00000e+00  0.00000e+00  1.18317e-06
0256  5.77944e+18  2.09773e+03  2.48734e+06  5.27437e-19  0.00000e+00  0.00000e+00  1.17565e-06
0257  5.79785e+18  2.09435e+03  2.49145e+06  5.20898e-19  0.00000e+00  0.00000e+00  1.16819e-06
0258  5.81627e+18  2.09093e+03  2.49547e+06  5.14470e-19  0.00000e+00  0.00000e+00  1.16080e-06
0259  5.83468e+18  2.08747e+03  2.49940e+06  5.08150e-19  0.00000e+00  0.00000e+00  1.15349e-06
0260  5.85310e+18  2.08397e+03  2.50323e+06  5.01936e-19  0.00000e+00  0.00000e+00  1.14624e-06
0261  5.87152e+18  2.08044e+03  2.50697e+06  4.95826e-19  0.00000e+00  0.00000e+00  1.13906e-06
0262  5.88993e+18  2.07687e+03  2.51061e+06  4.89816e-19  0.00000e+00  0.00000e+00  1.13195e-06
0263  5.90835e+18  2.07328e+03  2.51416e+06  4.83904e-19  0.00000e+00  0.00000e+00  1.12490e-06
0264  5.92676e+18  2.06967e+03  2.51762e+06  4.78088e-19  0.00000e+00  0.00000e+00  1.11792e-06
0265  5.94518e+18  2.06604e+03  2.52100e+06  4.72364e-19  0.00000e+00  0.00000e+00  1.11101e-06
0266  5.96359e+18  2.06239e+03  2.52430e+06  4.66730e-19  0.00000e+00  0.00000e+00  1.10416e-06
0267  5.98201e+18  2.05872e+03  2.52753e+06  4.61184e-19  0.00000e+00  0.00000e+00  1.09737e-06
0268  6.00043e+18  2.05503e+03  2.53068e+06  4.55726e-19  0.00000e+00  0.00000e+00  1.09065e-06
0269  6.01884e+18  2.05130e+03  2.53376e+06  4.50354e-19  0.00000e+00  0.00000e+00  1.08398e-06
0270  6.03726e+18  2.04752e+03  2.53677e+06  4.45068e-19  0.00000e+00  0.00000e+00  1.07738e-06
0271  6.05567e+18  2.04370e+03  2.53971e+06  4.40199e-19  0.00000e+00  0.00000e+00  1.07084e-06
0272  6.07409e+18  2.03983e+03  2.54259e+06  4.35057e-19  0.00000e+00  0.00000e+00  1.06435e-06
0273  6.09250e+18  2.03592e+03  2.54542e+06  4.29994e-19  0.00000e+00  0.00000e+00  1.05793e-06
0274  6.11092e+18  2.03198e+03  2.54821e+06  4.25007e-19  0.00000e+00  0.00000e+00  1.05156e-06
0275  6.12933e+18  2.02801e+03  2.55096e+06  4.20094e-19  0.00000e+00  0.00000e+00  1.04525e-06
0276  6.14775e+18  2.02402e+03  2.55368e+06  4.15253e-19  0.00000e+00  0.00000e+00  1.03900e-06
0277  6.16617e+18  2.02000e+03  2.55638e+06  4.10483e-19  0.00000e+00  0.00000e+00  1.03280e-06
0278  6.18458e+18  2.01595e+03  2.55904e+06  4.05782e-19  0.00000e+00  0.00000e+00  1.02666e-06
0279  6.20300e+18  2.01188e+03  2.56167e+06  4.01149e-19  0.00000e+00  0.00000e+00  1.02057e-06
0280  6.22141e+18  2.00778e+03  2.56428e+06  3.96582e-19  0.00000e+00  0.00000e+00  1.01454e-06
0281  6.23983e+18  2.00365e+03  2.56687e+06  3.92081e-19  0.00000e+00  0.00000e+00  1.00856e-06
0282  6.25824e+18  1.99949e+03  2.56943e+06  3.87643e-19  0.00000e+00  0.00000e+00  1.00263e-06
0283  6.27666e+18  1.99530e+03  2.57199e+06  3.83268e-19  0.00000e+00  0.00000e+00  9.96760e-07
0284  6.29507e+18  1.99106e+03  2.57454e+06  3.78955e-19  0.00000e+00  0.00000e+00  9.90937e-07
0285  6.31349e+18  1.98679e+03  2.57709e+06  3.74701e-19  0.00000e+00  0.00000e+00  9.85164e-07
0286  6.33191e+18  1.98247e+03  2.57964e+06  3.70505e-19  0.00000e+00  0.00000e+00  9.79442e-07
0287  6.35032e+18  1.97812e+03  2.58220e+06  3.66365e-19  0.00000e+00  0.00000e+00  9.73770e-07
0288  6.36874e+18  1.97374e+03  2.58476e+06  3.62281e-19  0.00000e+00  0.00000e+00  9.68146e-07
0289  6.38715e+18  1.96934e+03  2.58735e+06  3.58249e-19  0.00000e+00  0.00000e+00  9.62572e-07
0290  6.40557e+18  1.96491e+03  2.58995e+06  3.54270e-19  0.00000e+00  0.00000e+00  9.57045e-07
0291  6.42398e+18  1.96048e+03  2.59256e+06  3.50340e-19  0.00000e+00  0.00000e+00  9.51566e-07
0292  6.44240e+18  1.95605e+03  2.59519e+06  3.46459e-19  0.00000e+00  0.00000e+00  9.46133e-07
0293  6.46081e+18  1.95167e+03  2.59782e+06  3.42626e-19  0.00000e+00  0.00000e+00  9.40747e-07
0294  6.47923e+18  1.94734e+03  2.60043e+06  3.38838e-19  0.00000e+00  0.00000e+00  9.35407e-07
0295  6.49765e+18  1.94308e+03  2.60302e+06  3.35095e-19  0.00000e+00  0.00000e+00  9.30113e-07
0296  6.51606e+18  1.93889e+03  2.60561e+06  3.31395e-19  0.00000e+00  0.00000e+00  9.24863e-07
0297  6.53448e+18  1.93477e+03  2.60820e+06  3.27739e-19  0.00000e+00  0.00000e+00  9.19657e-07
0298  6.55289e+18  1.93071e+03  2.61080e+06  3.24125e-19  0.00000e+00  0.00000e+00  9.14495e-07
0299  6.57131e+18  1.92671e+03  2.61342e+06  3.20552e-19  0.00000e+00  0.00000e+00  9.09377e-07
0300  6.58972e+18  1.92277e+03  2.61606e+06  3.17021e-19  0.00000e+00  0.00000e+00  9.04301e-07
0301  6.60814e+18  1.91887e+03  2.61874e+06  3.13530e-19  0.00000e+00  0.00000e+00  8.99268e-07
0302  6.62655e+18  1.91501e+03  2.62147e+06  3.10079e-19  0.00000e+00  0.00000e+00  8.94277e-07
0303  6.64497e+18  1.91118e+03  2.62422e+06  3.06668e-19  0.00000e+00  0.00000e+00  8.89327e-07
0304  6.66339e+18  1.90738e+03  2.62701e+06  3.03296e-19  0.00000e+00  0.00000e+00  8.84418e-07
0305  6.68180e+18  1.90359e+03  2.62984e+06  2.99965e-19  0.00000e+00  0.00000e+00  8.79550e-07
0306  6.70022e+18  1.89981e+03  2.63270e+06  2.96672e-19  0.00000e+00  0.00000e+00  8.74722e-07
0307  6.71863e+18  1.89601e+03  2.63559e+06  2.93420e-19  0.00000e+00  0.00000e+00  8.69933e-07
0308  6.73705e+18  1.89216e+03  2.63855e+06  2.90206e-19  0.00000e+00  0.00000e+00  8.65184e-07
0309  6.75546e+18  1.88821e+03  2.64158e+06  2.87031e-19  0.00000e+00  0.00000e+00  8.60473e-07
0310  6.77388e+18  1.88417e+03  2.64468e+06  2.83894e-19  0.00000e+00  0.00000e+00  8.55801e-07
0311  6.79229e+18  1.88002e+03  2.64783e+06  2.80795e-19  0.00000e+00  0.00000e+00  8.51167e-07
0312  6.81071e+18  1.87579e+03  2.65101e+06  2.77734e-19  0.00000e+00  0.00000e+00  8.46570e-07
0313  6.82913e+18  1.87149e+03  2.65419e+06  2.74711e-19  0.00000e+00  0.00000e+00  8.42010e-07
0314  6.84754e+18  1.86714e+03  2.65734e+06  2.71726e-19  0.00000e+00  0.00000e+00  8.37487e-07
0315  6.86596e+18  1.86277e+03  2.66043e+06  2.68779e-19  0.00000e+00  0.00000e+00  8.33001e-07
0316  6.88437e+18  1.85840e+03  2.66345e+06  2.65869e-19  0.00000e+00  0.00000e+00  8.28550e-07
0317  6.90279e+18  1.85406e+03  2.66638e+06  2.62996e-19  0.00000e+00  0.00000e+00  8.24135e-07
0318  6.92120e+18  1.84975e+03  2.66921e+06  2.60160e-19  0.00000e+00  0.00000e+00  8.19755e-07
0319  6.93962e+18  1.84550e+03  2.67194e+06  2.57360e-19  0.00000e+00  0.00000e+00  8.15410e-07
0320  6.95803e+18  1.84133e+03  2.67456e+06  2.54596e-19  0.00000e+00  0.00000e+00  8.11100e-07
0321  6.97645e+18  1.83725e+03  2.67711e+06  2.51865e-19  0.00000e+00  0.00000e+00  8.06824e-07
0322  6.99487e+18  1.83326e+03  2.67959e+06  2.49168e-19  0.00000e+00  0.00000e+00  8.02581e-07
0323  7.01328e+18  1.82937e+03  2.68202e+06  2.46502e-19  0.00000e+00  0.00000e+00  7.98371e-07
0324  7.03170e+18  1.82561e+03  2.68442e+06  2.43866e-19  0.00000e+00  0.00000e+00  7.94195e-07
0325  7.05011e+18  1.82197e+03  2.68682e+06  2.41260e-19  0.00000e+00  0.00000e+00  7.90052e-07
0326  7.06853e+18  1.81848e+03  2.68924e+06  2.38681e-19  0.00000e+00  0.00000e+00  7.85940e-07
0327  7.08694e+18  1.81514e+03  2.69171e+06  2.36130e-19  0.00000e+00  0.00000e+00  7.81861e-07
0328  7.10536e+18  1.81196e+03  2.69427e+06  2.33603e-19  0.00000e+00  0.00000e+00  7.77813e-07
0329  7.12378e+18  1.80899e+03  2.69692e+06  2.31101e-19  0.00000e+00  0.00000e+00  7.73797e-07
0330  7.14219e+18  1.80626e+03  2.69972e+06  2.28621e-19  0.00000e+00  0.00000e+00  7.69812e-07
0331  7.16061e+18  1.80379e+03  2.70268e+06  2.26891e-19  0.00000e+00  0.00000e+00  7.65858e-07
0332  7.17902e+18  1.80155e+03  2.70575e+06  2.24543e-19  0.00000e+00  0.00000e+00  7.61933e-07
0333  7.19744e+18  1.79959e+03  2.70898e+06  2.22207e-19  0.00000e+00  0.00000e+00  7.58039e-07
0334  7.21585e+18  1.79802e+03  2.71254e+06  2.19867e-19  0.00000e+00  0.00000e+00  7.54175e-07
0335  7.23427e+18  1.79719e+03  2.71695e+06  2.17490e-19  0.00000e+00  0.00000e+00  7.50340e-07
0336  7.25268e+18  1.79765e+03  2.72304e+06  2.15022e-19  0.00000e+00  0.00000e+00  7.46535e-07
0337  7.27110e+18  1.79985e+03  2.73151e+06  2.12419e-19  0.00000e+00  0.00000e+00  7.42758e-07
0338  7.28952e+18  1.80252e+03  2.74046e+06  2.09816e-19  0.00000e+00  0.00000e+00  7.39010e-07
0339  7.30793e+18  1.80046e+03  2.74194e+06  2.07735e-19  0.00000e+00  0.00000e+00  7.35290e-07
0340  7.32635e+18  1.79218e+03  2.73364e+06  2.06308e-19  0.00000e+00  0.00000e+00  7.31598e-07
0341  7.34476e+18  1.78209e+03  2.72223e+06  2.05082e-19  0.00000e+00  0.00000e+00  7.27934e-07
0342  7.36318e+18  1.76747e+03  2.70356e+06  2.04312e-19  0.00000e+00  0.00000e+00  7.24298e-07
0343  7.38159e+18  1.74191e+03  2.66771e+06  2.04600e-19  0.00000e+00  0.00000e+00  7.20688e-07
0344  7.40001e+18  1.69505e+03  2.59873e+06  2.06871e-19  0.00000e+00  0.00000e+00  7.17106e-07
0345  7.41842e+18  1.61289e+03  2.47482e+06  2.11686e-19  0.00000e+00  0.00000e+00  7.13550e-07
0346  7.43684e+18  1.48186e+03  2.27484e+06  2.19131e-19  0.00000e+00  0.00000e+00  7.10020e-07
0347  7.45526e+18  1.29874e+03  1.99345e+06  2.26252e-19  0.00000e+00  0.00000e+00  7.06517e-07
0348  7.47367e+18  1.08053e+03  1.65658e+06  2.28330e-19  0.00000e+00  0.00000e+00  7.03039e-07
0349  7.49209e+18  8.60679e+02  1.31591e+06  2.35857e-19  0.00000e+00  0.00000e+00  6.99587e-07
0350  7.51050e+18  6.70094e+02  1.01957e+06  3.29158e-19  0.00000e+00  0.00000e+00  6.96161e-07
0351  7.52892e+18  5.23096e+02  7.89915e+05  5.86300e-19  0.00000e+00  0.00000e+00  6.92759e-07
0352  7.54733e+18  4.20733e+02  6.28279e+05  9.81024e-19  0.00000e+00  0.00000e+00  6.89383e-07
0353  7.56575e+18  3.61369e+02  5.31249e+05  1.36363e-18  0.00000e+00  0.00000e+00  6.86031e-07
0354  7.58416e+18  3.40212e+02  4.90295e+05  1.57018e-18  0.00000e+00  0.00000e+00  6.82703e-07
0355  7.60258e+18  3.37198e+02  4.75185e+05  1.66229e-18  0.00000e+00  0.00000e+00  6.79400e-07
0356  7.62100e+18  3.36465e+02  4.63147e+05  1.73489e-18  0.00000e+00  0.00000e+00  6.76121e-07
0357  7.63941e+18  3.38204e+02  4.54357e+05  1.79261e-18  0.00000e+00  0.00000e+00  6.72865e-07
0358  7.65783e+18  3.43613e+02  4.50154e+05  1.82047e-18  0.00000e+00  0.00000e+00  6.69632e-07
0359  7.67624e+18  3.53353e+02  4.51154e+05  1.81046e-18  0.00000e+00  0.00000e+00  6.66423e-07
0360  7.69466e+18  3.67723e+02  4.57535e+05  1.75956e-18  0.00000e+00  0.00000e+00  6.63237e-07
0361  7.71307e+18  3.86764e+02  4.69188e+05  1.67100e-18  0.00000e+00  0.00000e+00  6.60074e-07
0362  7.73149e+18  4.10324e+02  4.85775e+05  1.55194e-18  0.00000e+00  0.00000e+00  6.56933e-07
0363  7.74990e+18  4.38106e+02  5.06830e+05  1.41029e-18  0.00000e+00  0.00000e+00  6.53815e-07
0364  7.76832e+18  4.69730e+02  5.31870e+05  1.26412e-18  0.00000e+00  0.00000e+00  6.50719e-07
0365  7.78674e+18  5.04691e+02  5.60215e+05  1.12687e-18  0.00000e+00  0.00000e+00  6.47644e-07
0366  7.80515e+18  5.42268e+02  5.90963e+05  9.96554e-19  0.00000e+00  0.00000e+00  6.44592e-07
0367  7.82357e+18  5.81497e+02  6.23027e+05  8.83454e-19  0.00000e+00  0.00000e+00  6.41561e-07
0368  7.84198e+18  6.21276e+02  6.55202e+05  7.83144e-19  0.00000e+00  0.00000e+00  6.38551e-07
0369  7.86040e+18  6.60558e+02  6.86448e+05  6.99951e-19  0.00000e+00  0.00000e+00  6.35563e-07
0370  7.87881e+18  6.98466e+02  7.15894e+05  6.39261e-19  0.00000e+00  0.00000e+00  6.32595e-07
0371  7.89723e+18  7.34331e+02  7.42864e+05  5.88147e-19  0.00000e+00  0.00000e+00  6.29648e-07
0372  7.91564e+18  7.67781e+02  7.67052e+05  5.45431e-19  0.00000e+00  0.00000e+00  6.26722e-07
0373  7.93406e+18  7.98773e+02  7.88503e+05  5.10838e-19  0.00000e+00  0.00000e+00  6.23816e-07
0374  7.95248e+18  8.27496e+02  8.07462e+05  4.82426e-19  0.00000e+00  0.00000e+00  6.20930e-07
0375  7.97089e+18  8.54244e+02  8.24262e+05  4.57938e-19  0.00000e+00  0.00000e+00  6.18064e-07
0376  7.98931e+18  8.79335e+02  8.39257e+05  4.36700e-19  0.00000e+00  0.00000e+00  6.15218e-07
0377  8.00772e+18  9.03084e+02  8.52780e+05  4.17930e-19  0.00000e+00  0.00000e+00  6.12392e-07
0378  8.02614e+18  9.25806e+02  8.65161e+05  4.00996e-19  0.00000e+00  0.00000e+00  6.09585e-07
0379  8.04455e+18  9.47781e+02  8.76706e+05  3.89381e-19  0.00000e+00  0.00000e+00  6.06797e-07
0380  8.06297e+18  9.69176e+02  8.87548e+05  3.76513e-19  0.00000e+00  0.00000e+00  6.04029e-07
0381  8.08139e+18  9.90063e+02  8.97787e+05  3.64438e-19  0.00000e+00  0.00000e+00  6.01279e-07
0382  8.09980e+18  1.01049e+03  9.07502e+05  3.53063e-19  0.00000e+00  0.00000e+00  5.98548e-07
0383  8.11822e+18  1.03050e+03  9.16756e+05  3.42311e-19  0.00000e+00  0.00000e+00  5.95835e-07
0384  8.13663e+18  1.05013e+03  9.25606e+05  3.32583e-19  0.00000e+00  0.00000e+00  5.93141e-07
0385  8.15505e+18  1.06940e+03  9.34085e+05  3.23452e-19  0.00000e+00  0.00000e+00  5.90466e-07
0386  8.17346e+18  1.08832e+03  9.42219e+05  3.14732e-19  0.00000e+00  0.00000e+00  5.87808e-07
0387  8.19188e+18  1.10687e+03  9.50031e+05  3.06400e-19  0.00000e+00  0.00000e+00  5.85168e-07
0388  8.21029e+18  1.12506e+03  9.57541e+05  2.98435e-19  0.00000e+00  0.00000e+00  5.82546e-07
0389  8.22871e+18  1.14287e+03  9.64773e+05  2.90816e-19  0.00000e+00  0.00000e+00  5.79941e-07
0390  8.24713e+18  1.16029e+03  9.71754e+05  2.83523e-19  0.00000e+00  0.00000e+00  5.77354e-07
0391  8.26554e+18  1.17732e+03  9.78523e+05  2.76543e-19  0.00000e+00  0.00000e+00  5.74784e-07
0392  8.28396e+18  1.19397e+03  9.85115e+05  2.70174e-19  0.00000e+00  0.00000e+00  5.72232e-07
0393  8.30237e+18  1.21025e+03  9.91553e+05  2.64042e-19  0.00000e+00  0.00000e+00  5.69696e-07
0394  8.32079e+18  1.22616e+03  9.97855e+05  2.58133e-19  0.00000e+00  0.00000e+00  5.67177e-07
0395  8.33920e+18  1.24172e+03  1.00405e+06  2.52433e-19  0.00000e+00  0.00000e+00  5.64675e-07
0396  8.35762e+18  1.25698e+03  1.01016e+06  2.47450e-19  0.00000e+00  0.00000e+00  5.62189e-07
0397  8.37603e+18  1.27197e+03  1.01622e+06  2.42833e-19  0.00000e+00  0.00000e+00  5.59720e-07
0398  8.39445e+18  1.28672e+03  1.02222e+06  2.38319e-19  0.00000e+00  0.00000e+00  5.57267e-07
0399  8.41287e+18  1.30126e+03  1.02815e+06  2.33906e-19  0.00000e+00  0.00000e+00  5.54830e-07
0400  8.43128e+18  1.31560e+03  1.03403e+06  2.29594e-19  0.00000e+00  0.00000e+00  5.52409e-07
0401  8.44970e+18  1.32976e+03  1.03984e+06  2.25381e-19  0.00000e+00  0.00000e+00  5.50003e-07
0402  8.46811e+18  1.34376e+03  1.04558e+06  2.21265e-19  0.00000e+00  0.00000e+00  5.47614e-07
0403  8.48653e+18  1.35760e+03  1.05126e+06  2.17246e-19  0.00000e+00  0.00000e+00  5.45240e-07
0404  8.50494e+18  1.37127e+03  1.05687e+06  2.13322e-19  0.00000e+00  0.00000e+00  5.42881e-07
0405  8.52336e+18  1.38480e+03  1.06242e+06  2.09490e-19  0.00000e+00  0.00000e+00  5.40538e-07
0406  8.54177e+18  1.39815e+03  1.06791e+06  2.05749e-19  0.00000e+00  0.00000e+00  5.38209e-07
0407  8.56019e+18  1.41134e+03  1.07334e+06  2.02097e-19  0.00000e+00  0.00000e+00  5.35896e-07
0408  8.57861e+18  1.42435e+03  1.07873e+06  1.98534e-19  0.00000e+00  0.00000e+00  5.33598e-07
0409  8.59702e+18  1.43717e+03  1.08407e+06  1.95057e-19  0.00000e+00  0.00000e+00  5.31314e-07
0410  8.61544e+18  1.44980e+03  1.08936e+06  1.91666e-19  0.00000e+00  0.00000e+00  5.29045e-07
0411  8.63385e+18  1.46223e+03  1.09462e+06  1.88359e-19  0.00000e+00  0.00000e+00  5.26791e-07
0412  8.65227e+18  1.47445e+03  1.09983e+06  1.85133e-19  0.00000e+00  0.00000e+00  5.24551e-07
0413  8.67068e+18  1.48646e+03  1.10501e+06  1.81989e-19  0.00000e+00  0.00000e+00  5.22325e-07
0414  8.68910e+18  1.49827e+03  1.11015e+06  1.78922e-19  0.00000e+00  0.00000e+00  5.20113e-07
0415  8.70751e+18  1.50988e+03  1.11526e+06  1.76025e-19  0.00000e+00  0.00000e+00  5.17916e-07
0416  8.72593e+18  1.52130e+03  1.12034e+06  1.73202e-19  0.00000e+00  0.00000e+00  5.15732e-07
0417  8.74435e+18  1.53253e+03  1.12540e+06  1.70443e-19  0.00000e+00  0.00000e+00  5.13562e-07
0418  8.76276e+18  1.54359e+03  1.13042e+06  1.67747e-19  0.00000e+00  0.00000e+00  5.11406e-07
0419  8.78118e+18  1.55446e+03  1.13541e+06  1.65112e-19  0.00000e+00  0.00000e+00  5.09263e-07
0420  8.79959e+18  1.56517e+03  1.14038e+06  1.62536e-19  0.00000e+00  0.00000e+00  5.07134e-07
0421  8.81801e+18  1.57571e+03  1.14531e+06  1.60049e-19  0.00000e+00  0.00000e+00  5.05018e-07
0422  8.83642e+18  1.58608e+03  1.15022e+06  1.57629e-19  0.00000e+00  0.00000e+00  5.02915e-07
0423  8.85484e+18  1.59630e+03  1.15511e+06  1.55262e-19  0.00000e+00  0.00000e+00  5.00825e-07
0424  8.87326e+18  1.60635e+03  1.15996e+06  1.52947e-19  0.00000e+00  0.00000e+00  4.98749e-07
0425  8.89167e+18  1.61624e+03  1.16479e+06  1.50682e-19  0.00000e+00  0.00000e+00  4.96685e-07
0426  8.91009e+18  1.62596e+03  1.16958e+06  1.48467e-19  0.00000e+00  0.00000e+00  4.94634e-07
0427  8.92850e+18  1.63552e+03  1.17435e+06  1.46302e-19  0.00000e+00  0.00000e+00  4.92595e-07
0428  8.94692e+18  1.64490e+03  1.17907e+06  1.44185e-19  0.00000e+00  0.00000e+00  4.90570e-07
0429  8.96533e+18  1.65411e+03  1.18376e+06  1.42115e-19  0.00000e+00  0.00000e+00  4.88556e-07
0430  8.98375e+18  1.66315e+03  1.18841e+06  1.40092e-19  0.00000e+00  0.00000e+00  4.86555e-07
0431  9.00216e+18  1.67202e+03  1.19303e+06  1.38114e-19  0.00000e+00  0.00000e+00  4.84567e-07
0432  9.02058e+18  1.68070e+03  1.19761e+06  1.36180e-19  0.00000e+00  0.00000e+00  4.82590e-07
0433  9.03900e+18  1.68922e+03  1.20215e+06  1.34290e-19  0.00000e+00  0.00000e+00  4.80626e-07
0434  9.05741e+18  1.69755e+03  1.20665e+06  1.32442e-19  0.00000e+00  0.00000e+00  4.78674e-07
0435  9.07583e+18  1.70571e+03  1.21112e+06  1.30636e-19  0.00000e+00  0.00000e+00  4.76733e-07
0436  9.09424e+18  1.71369e+03  1.21555e+06  1.28869e-19  0.00000e+00  0.00000e+00  4.74804e-07
0437  9.11266e+18  1.72150e+03  1.21995e+06  1.27142e-19  0.00000e+00  0.00000e+00  4.72887e-07
0438  9.13107e+18  1.72913e+03  1.22431e+06  1.25453e-19  0.00000e+00  0.00000e+00  4.70982e-07
0439  9.14949e+18  1.73660e+03  1.22864e+06  1.23801e-19  0.00000e+00  0.00000e+00  4.69088e-07
0440  9.16790e+18  1.74389e+03  1.23294e+06  1.22184e-19  0.00000e+00  0.00000e+00  4.67205e-07
0441  9.18632e+18  1.75101e+03  1.23721e+06  1.20603e-19  0.00000e+00  0.00000e+00  4.65334e-07
0442  9.20474e+18  1.75796e+03  1.24146e+06  1.19055e-19  0.00000e+00  0.00000e+00  4.63474e-07
0443  9.22315e+18  1.76475e+03  1.24567e+06  1.17541e-19  0.00000e+00  0.00000e+00  4.61625e-07
0444  9.24157e+18  1.77137e+03  1.24987e+06  1.16058e-19  0.00000e+00  0.00000e+00  4.59787e-07
0445  9.25998e+18  1.77784e+03  1.25403e+06  1.14606e-19  0.00000e+00  0.00000e+00  4.57960e-07
0446  9.27840e+18  1.78416e+03  1.25817e+06  1.13184e-19  0.00000e+00  0.00000e+00  4.56144e-07
0447  9.29681e+18  1.79034e+03  1.26228e+06  1.11791e-19  0.00000e+00  0.00000e+00  4.54338e-07
0448  9.31523e+18  1.79639e+03  1.26635e+06  1.10426e-19  0.00000e+00  0.00000e+00  4.52544e-07
0449  9.33364e+18  1.80232e+03  1.27037e+06  1.09089e-19  0.00000e+00  0.00000e+00  4.50760e-07
0450  9.35206e+18  1.80814e+03  1.27435e+06  1.07639e-19  0.00000e+00  0.00000e+00  4.48986e-07
0451  9.37048e+18  1.81389e+03  1.27829e+06  1.06433e-19  0.00000e+00  0.00000e+00  4.47223e-07
0452  9.38889e+18  1.81959e+03  1.28220e+06  1.05246e-19  0.00000e+00  0.00000e+00  4.45470e-07
0453  9.40731e+18  1.82521e+03  1.28609e+06  1.04077e-19  0.00000e+00  0.00000e+00  4.43728e-07
0454  9.42572e+18  1.83077e+03  1.28995e+06  1.02927e-19  0.00000e+00  0.00000e+00  4.41996e-07
0455  9.44414e+18  1.83623e+03  1.29380e+06  1.01794e-19  0.00000e+00  0.00000e+00  4.40274e-07
0456  9.46255e+18  1.84158e+03  1.29764e+06  1.00680e-19  0.00000e+00  0.00000e+00  4.38562e-07
0457  9.48097e+18  1.84680e+03  1.30149e+06  9.95838e-20  0.00000e+00  0.00000e+00  4.36860e-07
0458  9.49939e+18  1.85186e+03  1.30536e+06  9.85055e-20  0.00000e+00  0.00000e+00  4.35168e-07
0459  9.51780e+18  1.85670e+03  1.30927e+06  9.74459e-20  0.00000e+00  0.00000e+00  4.33485e-07
0460  9.53622e+18  1.86134e+03  1.31321e+06  9.64044e-20  0.00000e+00  0.00000e+00  4.31813e-07
0461  9.55463e+18  1.86585e+03  1.31715e+06  9.53798e-20  0.00000e+00  0.00000e+00  4.30150e-07
0462  9.57305e+18  1.87023e+03  1.32110e+06  9.43717e-20  0.00000e+00  0.00000e+00  4.28496e-07
0463  9.59146e+18  1.87449e+03  1.32504e+06  9.33800e-20  0.00000e+00  0.00000e+00  4.26853e-07
0464  9.60988e+18  1.87861e+03  1.32900e+06  9.24043e-20  0.00000e+00  0.00000e+00  4.25218e-07
0465  9.62829e+18  1.88261e+03  1.33296e+06  9.14439e-20  0.00000e+00  0.00000e+00  4.23593e-07
0466  9.64671e+18  1.88652e+03  1.33693e+06  9.04978e-20  0.00000e+00  0.00000e+00  4.21977e-07
0467  9.66513e+18  1.89039e+03  1.34088e+06  8.95112e-20  0.00000e+00  0.00000e+00  4.20371e-07
0468  9.68354e+18  1.89425e+03  1.34482e+06  8.86179e-20  0.00000e+00  0.00000e+00  4.18773e-07
0469  9.70196e+18  1.89816e+03  1.34874e+06  8.77348e-20  0.00000e+00  0.00000e+00  4.17185e-07
0470  9.72037e+18  1.90215e+03  1.35259e+06  8.68610e-20  0.00000e+00  0.00000e+00  4.15606e-07
0471  9.73879e+18  1.90620e+03  1.35640e+06  8.59970e-20  0.00000e+00  0.00000e+00  4.14036e-07
0472  9.75720e+18  1.91026e+03  1.36017e+06  8.51437e-20  0.00000e+00  0.00000e+00  4.12474e-07
0473  9.77562e+18  1.91433e+03  1.36390e+06  8.43009e-20  0.00000e+00  0.00000e+00  4.10922e-07
0474  9.79403e+18  1.91842e+03  1.36757e+06  8.34686e-20  0.00000e+00  0.00000e+00  4.09378e-07
0475  9.81245e+18  1.92253e+03  1.37120e+06  8.26465e-20  0.00000e+00  0.00000e+00  4.07843e-07
0476  9.83087e+18  1.92667e+03  1.37477e+06  8.18346e-20  0.00000e+00  0.00000e+00  4.06316e-07
0477  9.84928e+18  1.93082e+03  1.37829e+06  8.10326e-20  0.00000e+00  0.00000e+00  4.04798e-07
0478  9.86770e+18  1.93501e+03  1.38175e+06  8.02402e-20  0.00000e+00  0.00000e+00  4.03289e-07
0479  9.88611e+18  1.93923e+03  1.38515e+06  7.94572e-20  0.00000e+00  0.00000e+00  4.01788e-07
0480  9.90453e+18  1.94349e+03  1.38849e+06  7.86833e-20  0.00000e+00  0.00000e+00  4.00295e-07
0481  9.92294e+18  1.94781e+03  1.39176e+06  7.79182e-20  0.00000e+00  0.00000e+00  3.98810e-07
0482  9.94136e+18  1.95218e+03  1.39497e+06  7.71616e-20  0.00000e+00  0.00000e+00  3.97334e-07
0483  9.95977e+18  1.95660e+03  1.39812e+06  7.64136e-20  0.00000e+00  0.00000e+00  3.95866e-07
0484  9.97819e+18  1.96107e+03  1.40121e+06  7.56740e-20  0.00000e+00  0.00000e+00  3.94406e-07
0485  9.99661e+18  1.96558e+03  1.40424e+06  7.49428e-20  0.00000e+00  0.00000e+00  3.92955e-07
0486  1.00150e+19  1.97011e+03  1.40723e+06  7.42201e-20  0.00000e+00  0.00000e+00  3.91511e-07
0487  1.00334e+19  1.97466e+03  1.41016e+06  7.35057e-20  0.00000e+00  0.00000e+00  3.90075e-07
0488  1.00519e+19  1.97923e+03  1.41306e+06  7.27997e-20  0.00000e+00  0.00000e+00  3.88647e-07
0489  1.00703e+19  1.98381e+03  1.41591e+06  7.21019e-20  0.00000e+00  0.00000e+00  3.87227e-07
0490  1.00887e+19  1.98840e+03  1.41872e+06  7.14124e-20  0.00000e+00  0.00000e+00  3.85814e-07
0491  1.01071e+19  1.99299e+03  1.42150e+06  7.07309e-20  0.00000e+00  0.00000e+00  3.84410e-07
0492  1.01255e+19  1.99759e+03  1.42423e+06  7.00575e-20  0.00000e+00  0.00000e+00  3.83013e-07
0493  1.01439e+19  2.00218e+03  1.42694e+06  6.93921e-20  0.00000e+00  0.00000e+00  3.81623e-07
0494  1.01623e+19  2.00678e+03  1.42960e+06  6.87345e-20  0.00000e+00  0.00000e+00  3.80242e-07
0495  1.01808e+19  2.01137e+03  1.43224e+06  6.80847e-20  0.00000e+00  0.00000e+00  3.78867e-07
0496  1.01992e+19  2.01595e+03  1.43483e+06  6.74426e-20  0.00000e+00  0.00000e+00  3.77500e-07
0497  1.02176e+19  2.02054e+03  1.43740e+06  6.68081e-20  0.00000e+00  0.00000e+00  3.76141e-07
0498  1.02360e+19  2.02511e+03  1.43993e+06  6.61812e-20  0.00000e+00  0.00000e+00  3.74789e-07
0499  1.02544e+19  2.02968e+03  1.44242e+06  6.55617e-20  0.00000e+00  0.00000e+00  3.73444e-07
0500  1.02728e+19  2.03424e+03  1.44488e+06  6.49496e-20  0.00000e+00  0.00000e+00  3.72106e-07
0501  1.02913e+19  2.03879e+03  1.44730e+06  6.43448e-20  0.00000e+00  0.00000e+00  3.70775e-07
0502  1.03097e+19  2.04334e+03  1.44968e+06  6.37472e-20  0.00000e+00  0.00000e+00  3.69452e-07
0503  1.03281e+19  2.04786e+03  1.45203e+06  6.31569e-20  0.00000e+00  0.00000e+00  3.68136e-07
0504  1.03465e+19  2.05237e+03  1.45433e+06  6.25737e-20  0.00000e+00  0.00000e+00  3.66826e-07
0505  1.03649e+19  2.05687e+03  1.45660e+06  6.19977e-20  0.00000e+00  0.00000e+00  3.65524e-07
0506  1.03833e+19  2.06134e+03  1.45883e+06  6.14288e-20  0.00000e+00  0.00000e+00  3.64229e-07
0507  1.04017e+19  2.06580e+03  1.46101e+06  6.08669e-20  0.00000e+00  0.00000e+00  3.62940e-07
0508  1.04202e+19  2.07022e+03  1.46315e+06  6.03121e-20  0.00000e+00  0.00000e+00  3.61658e-07
0509  1.04386e+19  2.07462e+03  1.46524e+06  5.97643e-20  0.00000e+00  0.00000e+00  3.60383e-07
0510  1.04570e+19  2.07899e+03  1.46729e+06  5.92235e-20  0.00000e+00  0.00000e+00  3.59115e-07
0511  1.04754e+19  2.08333e+03  1.46929e+06  5.86897e-20  0.00000e+00  0.00000e+00  3.57854e-07
0512  1.04938e+19  2.08762e+03  1.47124e+06  5.81629e-20  0.00000e+00  0.00000e+00  3.56599e-07
0513  1.05122e+19  2.09188e+03  1.47314e+06  5.76429e-20  0.00000e+00  0.00000e+00  3.55350e-07
0514  1.05307e+19  2.09610e+03  1.47498e+06  5.71298e-20  0.00000e+00  0.00000e+00  3.54109e-07
0515  1.05491e+19  2.10027e+03  1.47678e+06  5.66236e-20  0.00000e+00  0.00000e+00  3.52873e-07
0516  1.05675e+19  2.10440e+03  1.47852e+06  5.61242e-20  0.00000e+00  0.00000e+00  3.51645e-07
0517  1.05859e+19  2.10847e+03  1.48021e+06  5.56315e-20  0.00000e+00  0.00000e+00  3.50422e-07
0518  1.06043e+19  2.11248e+03  1.48184e+06  5.51456e-20  0.00000e+00  0.00000e+00  3.49206e-07
0519  1.06227e+19  2.11644e+03  1.48342e+06  5.46665e-20  0.00000e+00  0.00000e+00  3.47996e-07
0520  1.06412e+19  2.12034e+03  1.48494e+06  5.41941e-20  0.00000e+00  0.00000e+00  3.46793e-07
0521  1.06596e+19  2.12417e+03  1.48640e+06  5.37285e-20  0.00000e+00  0.00000e+00  3.45596e-07
0522  1.06780e+19  2.12793e+03  1.48780e+06  5.32694e-20  0.00000e+00  0.00000e+00  3.44405e-07
0523  1.06964e+19  2.13162e+03  1.48914e+06  5.28170e-20  0.00000e+00  0.00000e+00  3.43220e-07
0524  1.07148e+19  2.13523e+03  1.49042e+06  5.23712e-20  0.00000e+00  0.00000e+00  3.42041e-07
0525  1.07332e+19  2.13877e+03  1.49164e+06  5.19317e-20  0.00000e+00  0.00000e+00  3.40868e-07
0526  1.07516e+19  2.14224e+03  1.49281e+06  5.14986e-20  0.00000e+00  0.00000e+00  3.39702e-07
0527  1.07701e+19  2.14564e+03  1.49391e+06  5.10716e-20  0.00000e+00  0.00000e+00  3.38541e-07
0528  1.07885e+19  2.14897e+03  1.49497e+06  5.06507e-20  0.00000e+00  0.00000e+00  3.37386e-07
0529  1.08069e+19  2.15223e+03  1.49597e+06  5.02355e-20  0.00000e+00  0.00000e+00  3.36237e-07
0530  1.08253e+19  2.15543e+03  1.49693e+06  4.98260e-20  0.00000e+00  0.00000e+00  3.35094e-07
0531  1.08437e+19  2.15857e+03  1.49784e+06  4.94220e-20  0.00000e+00  0.00000e+00  3.33957e-07
0532  1.08621e+19  2.16166e+03  1.49871e+06  4.90232e-20  0.00000e+00  0.00000e+00  3.32826e-07
0533  1.08806e+19  2.16469e+03  1.49955e+06  4.86295e-20  0.00000e+00  0.00000e+00  3.31700e-07
0534  1.08990e+19  2.16767e+03  1.50034e+06  4.82408e-20  0.00000e+00  0.00000e+00  3.30580e-07
0535  1.09174e+19  2.17061e+03  1.50110e+06  4.78568e-20  0.00000e+00  0.00000e+00  3.29466e-07
0536  1.09358e+19  2.17352e+03  1.50184e+06  4.74818e-20  0.00000e+00  0.00000e+00  3.28357e-07
0537  1.09542e+19  2.17638e+03  1.50254e+06  4.71121e-20  0.00000e+00  0.00000e+00  3.27254e-07
0538  1.09726e+19  2.17922e+03  1.50322e+06  4.67465e-20  0.00000e+00  0.00000e+00  3.26156e-07
0539  1.09910e+19  2.18204e+03  1.50388e+06  4.63848e-20  0.00000e+00  0.00000e+00  3.25064e-07
0540  1.10095e+19  2.18483e+03  1.50452e+06  4.60269e-20  0.00000e+00  0.00000e+00  3.23978e-07
0541  1.10279e+19  2.18760e+03  1.50514e+06  4.56727e-20  0.00000e+00  0.00000e+00  3.22897e-07
0542  1.10463e+19  2.19035e+03  1.50574e+06  4.53221e-20  0.00000e+00  0.00000e+00  3.21821e-07
0543  1.10647e+19  2.19309e+03  1.50633e+06  4.49750e-20  0.00000e+00  0.00000e+00  3.20751e-07
0544  1.10831e+19  2.19581e+03  1.50692e+06  4.46313e-20  0.00000e+00  0.00000e+00  3.19686e-07
0545  1.11015e+19  2.19853e+03  1.50749e+06  4.42909e-20  0.00000e+00  0.00000e+00  3.18626e-07
0546  1.11200e+19  2.20123e+03  1.50805e+06  4.39538e-20  0.00000e+00  0.00000e+00  3.17571e-07
0547  1.11384e+19  2.20393e+03  1.50861e+06  4.36199e-20  0.00000e+00  0.00000e+00  3.16522e-07
0548  1.11568e+19  2.20662e+03  1.50916e+06  4.32892e-20  0.00000e+00  0.00000e+00  3.15478e-07
0549  1.11752e+19  2.20929e+03  1.50970e+06  4.29616e-20  0.00000e+00  0.00000e+00  3.14439e-07
0550  1.11936e+19  2.21196e+03  1.51023e+06  4.26371e-20  0.00000e+00  0.00000e+00  3.13405e-07
0551  1.12120e+19  2.21462e+03  1.51076e+06  4.23156e-20  0.00000e+00  0.00000e+00  3.12377e-07
0552  1.12305e+19  2.21721e+03  1.51128e+06  4.19981e-20  0.00000e+00  0.00000e+00  3.11353e-07
0553  1.12489e+19  2.22007e+03  1.51180e+06  4.16796e-20  0.00000e+00  0.00000e+00  3.10335e-07
0554  1.12673e+19  2.22175e+03  1.51225e+06  4.13807e-20  0.00000e+00  0.00000e+00  3.09321e-07
0555  1.12857e+19  2.22998e+03  1.51300e+06  4.09928e-20  0.00000e+00  0.00000e+00  3.08312e-07
