# Athena++ data at time=5.150000e+12  cycle=345102342  variables=uov 
# i       x1v         user_out_var0          user_out_var1          user_out_var2          user_out_var3          user_out_var4          user_out_var5      
0002  1.13875e+18  4.91745e+00  3.03478e+04  5.59999e-16  0.00000e+00  0.00000e+00  3.02826e-05
0003  1.15716e+18  1.03218e+01  4.00224e+04  8.70682e-17  0.00000e+00  0.00000e+00  2.93264e-05
0004  1.17558e+18  1.54636e+01  4.91676e+04  4.30157e-17  0.00000e+00  0.00000e+00  2.84148e-05
0005  1.19399e+18  2.23004e+01  6.13414e+04  6.27746e-17  0.00000e+00  0.00000e+00  2.75451e-05
0006  1.21241e+18  3.29236e+01  8.15990e+04  1.03476e-16  0.00000e+00  0.00000e+00  2.67147e-05
0007  1.23082e+18  5.31276e+01  1.23384e+05  1.29047e-16  0.00000e+00  0.00000e+00  2.59213e-05
0008  1.24924e+18  6.27572e+01  1.36872e+05  2.81811e-17  0.00000e+00  0.00000e+00  2.51628e-05
0009  1.26765e+18  6.77536e+01  1.43373e+05  2.26097e-17  0.00000e+00  0.00000e+00  2.44370e-05
0010  1.28607e+18  7.21109e+01  1.48194e+05  2.04176e-17  0.00000e+00  0.00000e+00  2.37422e-05
0011  1.30448e+18  7.54137e+01  1.50867e+05  1.48588e-17  0.00000e+00  0.00000e+00  2.30766e-05
0012  1.32290e+18  7.84609e+01  1.53364e+05  1.49510e-17  0.00000e+00  0.00000e+00  2.24386e-05
0013  1.34131e+18  8.15903e+01  1.55963e+05  1.49570e-17  0.00000e+00  0.00000e+00  2.18267e-05
0014  1.35973e+18  8.47007e+01  1.58586e+05  1.40253e-17  0.00000e+00  0.00000e+00  2.12395e-05
0015  1.37814e+18  8.75322e+01  1.60745e+05  1.22512e-17  0.00000e+00  0.00000e+00  2.06757e-05
0016  1.39656e+18  9.02154e+01  1.62802e+05  1.17373e-17  0.00000e+00  0.00000e+00  2.01340e-05
0017  1.41497e+18  9.28812e+01  1.64893e+05  1.14586e-17  0.00000e+00  0.00000e+00  1.96134e-05
0018  1.43339e+18  9.54909e+01  1.66991e+05  1.02843e-17  0.00000e+00  0.00000e+00  1.91126e-05
0019  1.45180e+18  9.74410e+01  1.67935e+05 -6.93795e-19  0.00000e+00  0.00000e+00  1.86309e-05
0020  1.47022e+18  9.97017e+01  1.69825e+05  1.02703e-17  0.00000e+00  0.00000e+00  1.81671e-05
0021  1.48863e+18  1.02341e+02  1.72120e+05  4.45165e-17  0.00000e+00  0.00000e+00  1.77204e-05
0022  1.50705e+18  1.04374e+02  1.73445e+05  7.54722e-18  0.00000e+00  0.00000e+00  1.72900e-05
0023  1.52546e+18  1.06316e+02  1.75006e+05  8.08457e-18  0.00000e+00  0.00000e+00  1.68750e-05
0024  1.54388e+18  1.08433e+02  1.76771e+05  8.32893e-18  0.00000e+00  0.00000e+00  1.64749e-05
0027  1.56229e+18  1.10560e+02  1.78616e+05  8.09564e-18  0.00000e+00  0.00000e+00  1.60888e-05
0028  1.58071e+18  1.12660e+02  1.80511e+05  7.90186e-18  0.00000e+00  0.00000e+00  1.57161e-05
0029  1.59912e+18  1.14756e+02  1.82480e+05  7.80399e-18  0.00000e+00  0.00000e+00  1.53562e-05
0030  1.61754e+18  1.16871e+02  1.84551e+05  7.77268e-18  0.00000e+00  0.00000e+00  1.50085e-05
0031  1.63595e+18  1.19028e+02  1.86755e+05  7.80383e-18  0.00000e+00  0.00000e+00  1.46726e-05
0032  1.65437e+18  1.21248e+02  1.89129e+05  7.85276e-18  0.00000e+00  0.00000e+00  1.43477e-05
0033  1.67278e+18  1.23486e+02  1.91614e+05  7.56223e-18  0.00000e+00  0.00000e+00  1.40336e-05
0034  1.69120e+18  1.25423e+02  1.93733e+05  6.49705e-18  0.00000e+00  0.00000e+00  1.37296e-05
0035  1.70961e+18  1.26978e+02  1.95486e+05  5.64846e-18  0.00000e+00  0.00000e+00  1.34354e-05
0036  1.72803e+18  1.28256e+02  1.96962e+05  5.18928e-18  0.00000e+00  0.00000e+00  1.31506e-05
0037  1.74644e+18  1.29517e+02  1.98537e+05  5.35118e-18  0.00000e+00  0.00000e+00  1.28747e-05
0038  1.76486e+18  1.30907e+02  2.00317e+05  5.59774e-18  0.00000e+00  0.00000e+00  1.26074e-05
0039  1.78328e+18  1.32412e+02  2.02299e+05  5.74376e-18  0.00000e+00  0.00000e+00  1.23484e-05
0040  1.80169e+18  1.34001e+02  2.04452e+05  5.83683e-18  0.00000e+00  0.00000e+00  1.20973e-05
0041  1.82011e+18  1.35660e+02  2.06770e+05  5.93737e-18  0.00000e+00  0.00000e+00  1.18537e-05
0042  1.83852e+18  1.37405e+02  2.09290e+05  5.90556e-18  0.00000e+00  0.00000e+00  1.16174e-05
0043  1.85694e+18  1.38788e+02  2.11357e+05  5.33293e-18  0.00000e+00  0.00000e+00  1.13882e-05
0044  1.87535e+18  1.39220e+02  2.12040e+05  3.67200e-18  0.00000e+00  0.00000e+00  1.11656e-05
0045  1.89377e+18  1.40487e+02  2.14074e+05  2.30684e-18  0.00000e+00  0.00000e+00  1.09495e-05
0046  1.91218e+18  1.47883e+02  2.27336e+05  1.11463e-17  0.00000e+00  0.00000e+00  1.07396e-05
0047  1.93060e+18  1.52132e+02  2.33043e+05  1.16397e-17  0.00000e+00  0.00000e+00  1.05357e-05
0048  1.94901e+18  1.48057e+02  2.27706e+05  9.41314e-18  0.00000e+00  0.00000e+00  1.03376e-05
0049  1.96743e+18  1.36189e+02  2.08086e+05 -2.26546e-17  0.00000e+00  0.00000e+00  1.01449e-05
0050  1.98584e+18  1.17614e+02  1.85700e+05 -3.25746e-17  0.00000e+00  0.00000e+00  9.95766e-06
0051  2.00426e+18  1.10152e+02  1.78336e+05 -5.95884e-18  0.00000e+00  0.00000e+00  9.77552e-06
0052  2.02267e+18  1.09853e+02  1.78024e+05 -3.53907e-19  0.00000e+00  0.00000e+00  9.59833e-06
0053  2.04109e+18  1.10245e+02  1.78348e+05  1.69413e-18  0.00000e+00  0.00000e+00  9.42591e-06
0054  2.05951e+18  1.11254e+02  1.79231e+05  2.96160e-18  0.00000e+00  0.00000e+00  9.25810e-06
0055  2.07792e+18  1.11841e+02  1.79760e+05  2.93809e-18  0.00000e+00  0.00000e+00  9.09473e-06
0056  2.09634e+18  1.11900e+02  1.79814e+05  2.76388e-18  0.00000e+00  0.00000e+00  8.93564e-06
0057  2.11475e+18  1.11663e+02  1.79599e+05  2.65883e-18  0.00000e+00  0.00000e+00  8.78070e-06
0058  2.13317e+18  1.11253e+02  1.79228e+05  2.69228e-18  0.00000e+00  0.00000e+00  8.62975e-06
0059  2.15158e+18  1.10746e+02  1.78771e+05  3.10060e-18  0.00000e+00  0.00000e+00  8.48265e-06
0060  2.17000e+18  1.10404e+02  1.78463e+05  3.41407e-18  0.00000e+00  0.00000e+00  8.33929e-06
0061  2.18841e+18  1.10329e+02  1.78406e+05  2.57369e-18  0.00000e+00  0.00000e+00  8.19953e-06
0062  2.20683e+18  1.10184e+02  1.78269e+05  3.15587e-18  0.00000e+00  0.00000e+00  8.06326e-06
0063  2.22524e+18  1.11497e+02  1.79395e+05  5.98168e-18  0.00000e+00  0.00000e+00  7.93035e-06
0064  2.24366e+18  1.36485e+02  2.08772e+05 -2.05880e-17  0.00000e+00  0.00000e+00  7.80071e-06
0065  2.26207e+18  2.95739e+02  5.07901e+05  1.38276e-16  0.00000e+00  0.00000e+00  7.67421e-06
0066  2.28049e+18  5.45353e+02  8.57786e+05  5.43195e-17  0.00000e+00  0.00000e+00  7.55077e-06
0067  2.29891e+18  7.09127e+02  1.11940e+06  3.00776e-17  0.00000e+00  0.00000e+00  7.43029e-06
0068  2.31732e+18  8.16888e+02  1.30347e+06  2.36860e-17  0.00000e+00  0.00000e+00  7.31266e-06
0069  2.33574e+18  9.02250e+02  1.45579e+06  2.13575e-17  0.00000e+00  0.00000e+00  7.19781e-06
0070  2.35415e+18  9.83205e+02  1.60235e+06  2.08658e-17  0.00000e+00  0.00000e+00  7.08564e-06
0071  2.37257e+18  1.06663e+03  1.75741e+06  2.05511e-17  0.00000e+00  0.00000e+00  6.97607e-06
0072  2.39098e+18  1.15625e+03  1.93045e+06  2.00866e-17  0.00000e+00  0.00000e+00  6.86902e-06
0073  2.40940e+18  1.25836e+03  2.12604e+06  1.92812e-17  0.00000e+00  0.00000e+00  6.76442e-06
0074  2.42781e+18  1.38010e+03  2.34834e+06  1.85578e-17  0.00000e+00  0.00000e+00  6.66219e-06
0075  2.44623e+18  1.52065e+03  2.60479e+06  1.73354e-17  0.00000e+00  0.00000e+00  6.56226e-06
0076  2.46464e+18  1.67335e+03  2.90147e+06  1.58142e-17  0.00000e+00  0.00000e+00  6.46456e-06
0077  2.48306e+18  1.83818e+03  3.23968e+06  1.41920e-17  0.00000e+00  0.00000e+00  6.36903e-06
0078  2.50147e+18  1.98623e+03  3.55309e+06  1.30375e-17  0.00000e+00  0.00000e+00  6.27560e-06
0079  2.51989e+18  2.02330e+03  3.64082e+06  1.24590e-17  0.00000e+00  0.00000e+00  6.18421e-06
0080  2.53831e+18  2.00889e+03  3.61946e+06  1.21544e-17  0.00000e+00  0.00000e+00  6.09480e-06
0081  2.55672e+18  1.91618e+03  3.48298e+06  1.21168e-17  0.00000e+00  0.00000e+00  6.00732e-06
0082  2.57514e+18  1.42721e+03  2.65846e+06  1.36457e-17  0.00000e+00  0.00000e+00  5.92171e-06
0083  2.59355e+18  4.17058e+02  8.15393e+05  1.56383e-17  0.00000e+00  0.00000e+00  5.83791e-06
0084  2.61197e+18  1.07389e+02  1.80715e+05 -2.02584e-16  0.00000e+00  0.00000e+00  5.75588e-06
0085  2.63038e+18  8.59881e+01  1.59621e+05 -2.55867e-18  0.00000e+00  0.00000e+00  5.67557e-06
0086  2.64880e+18  8.62880e+01  1.59805e+05  1.04429e-18  0.00000e+00  0.00000e+00  5.59693e-06
0087  2.66721e+18  8.75486e+01  1.60749e+05  1.54719e-18  0.00000e+00  0.00000e+00  5.51991e-06
0088  2.68563e+18  8.91002e+01  1.61937e+05  1.13262e-18  0.00000e+00  0.00000e+00  5.44447e-06
0089  2.70404e+18  9.07406e+01  1.63210e+05  8.79338e-19  0.00000e+00  0.00000e+00  5.37056e-06
0090  2.72246e+18  9.24408e+01  1.64550e+05  4.84548e-19  0.00000e+00  0.00000e+00  5.29815e-06
0091  2.74088e+18  9.40507e+01  1.65841e+05 -1.26526e-20  0.00000e+00  0.00000e+00  5.22720e-06
0092  2.75929e+18  9.53764e+01  1.66918e+05 -3.53412e-19  0.00000e+00  0.00000e+00  5.15766e-06
0093  2.77771e+18  9.64362e+01  1.67792e+05 -7.56907e-19  0.00000e+00  0.00000e+00  5.08950e-06
0094  2.79612e+18  9.75964e+01  1.68102e+05 -1.90809e-18  0.00000e+00  0.00000e+00  5.02268e-06
0095  2.81454e+18  9.90990e+01  1.69351e+05 -1.16329e-18  0.00000e+00  0.00000e+00  4.95717e-06
0096  2.83295e+18  1.00523e+02  1.70589e+05 -1.05490e-18  0.00000e+00  0.00000e+00  4.89293e-06
0097  2.85137e+18  1.01467e+02  1.71442e+05 -1.20577e-18  0.00000e+00  0.00000e+00  4.82993e-06
0098  2.86978e+18  1.02138e+02  1.72053e+05 -1.04901e-18  0.00000e+00  0.00000e+00  4.76814e-06
0099  2.88820e+18  1.03461e+02  1.72738e+05  2.63101e-19  0.00000e+00  0.00000e+00  4.70753e-06
0100  2.90661e+18  1.07095e+02  1.75591e+05  2.21334e-18  0.00000e+00  0.00000e+00  4.64807e-06
0101  2.92503e+18  1.19443e+02  1.87036e+05  3.54846e-18  0.00000e+00  0.00000e+00  4.58973e-06
0102  2.94345e+18  1.77399e+02  2.79307e+05  1.63729e-17  0.00000e+00  0.00000e+00  4.53248e-06
0103  2.96186e+18  3.41105e+02  4.94417e+05  6.62873e-17  0.00000e+00  0.00000e+00  4.47629e-06
0104  2.98028e+18  5.18622e+02  7.00889e+05  3.35303e-17  0.00000e+00  0.00000e+00  4.42114e-06
0105  2.99869e+18  6.34817e+02  8.32840e+05  2.26617e-17  0.00000e+00  0.00000e+00  4.36701e-06
0106  3.01711e+18  7.12732e+02  9.16675e+05  1.85355e-17  0.00000e+00  0.00000e+00  4.31386e-06
0107  3.03552e+18  7.73255e+02  9.78393e+05  1.60848e-17  0.00000e+00  0.00000e+00  4.26168e-06
0108  3.05394e+18  8.25861e+02  1.03141e+06  1.45309e-17  0.00000e+00  0.00000e+00  4.21044e-06
0109  3.07235e+18  8.74657e+02  1.08019e+06  1.32521e-17  0.00000e+00  0.00000e+00  4.16011e-06
0110  3.09077e+18  9.20546e+02  1.12588e+06  1.21520e-17  0.00000e+00  0.00000e+00  4.11069e-06
0111  3.10918e+18  9.64515e+02  1.17003e+06  1.14641e-17  0.00000e+00  0.00000e+00  4.06214e-06
0112  3.12760e+18  1.00700e+03  1.21201e+06  1.07777e-17  0.00000e+00  0.00000e+00  4.01444e-06
0113  3.14602e+18  1.04752e+03  1.25181e+06  1.01708e-17  0.00000e+00  0.00000e+00  3.96758e-06
0114  3.16443e+18  1.08617e+03  1.28950e+06  9.65112e-18  0.00000e+00  0.00000e+00  3.92154e-06
0115  3.18285e+18  1.12302e+03  1.32518e+06  9.16990e-18  0.00000e+00  0.00000e+00  3.87629e-06
0116  3.20126e+18  1.15828e+03  1.35923e+06  8.75692e-18  0.00000e+00  0.00000e+00  3.83182e-06
0117  3.21968e+18  1.19224e+03  1.39191e+06  8.39404e-18  0.00000e+00  0.00000e+00  3.78811e-06
0118  3.23809e+18  1.22490e+03  1.42338e+06  8.04853e-18  0.00000e+00  0.00000e+00  3.74515e-06
0119  3.25651e+18  1.25635e+03  1.45381e+06  7.73912e-18  0.00000e+00  0.00000e+00  3.70291e-06
0120  3.27492e+18  1.28683e+03  1.48342e+06  7.48143e-18  0.00000e+00  0.00000e+00  3.66138e-06
0121  3.29334e+18  1.31644e+03  1.51225e+06  7.22835e-18  0.00000e+00  0.00000e+00  3.62055e-06
0122  3.31176e+18  1.34522e+03  1.54030e+06  6.98155e-18  0.00000e+00  0.00000e+00  3.58040e-06
0123  3.33017e+18  1.37319e+03  1.56753e+06  6.74225e-18  0.00000e+00  0.00000e+00  3.54091e-06
0124  3.34859e+18  1.40044e+03  1.59398e+06  6.52124e-18  0.00000e+00  0.00000e+00  3.50207e-06
0125  3.36700e+18  1.42701e+03  1.61964e+06  6.30837e-18  0.00000e+00  0.00000e+00  3.46386e-06
0126  3.38542e+18  1.45289e+03  1.64454e+06  6.10214e-18  0.00000e+00  0.00000e+00  3.42628e-06
0127  3.40383e+18  1.47804e+03  1.66872e+06  5.90284e-18  0.00000e+00  0.00000e+00  3.38931e-06
0128  3.42225e+18  1.50242e+03  1.69224e+06  5.71175e-18  0.00000e+00  0.00000e+00  3.35293e-06
0129  3.44066e+18  1.52600e+03  1.71520e+06  5.53433e-18  0.00000e+00  0.00000e+00  3.31713e-06
0130  3.45908e+18  1.54877e+03  1.73765e+06  5.36285e-18  0.00000e+00  0.00000e+00  3.28191e-06
0131  3.47749e+18  1.57069e+03  1.75965e+06  5.19738e-18  0.00000e+00  0.00000e+00  3.24724e-06
0132  3.49591e+18  1.59176e+03  1.78121e+06  5.03795e-18  0.00000e+00  0.00000e+00  3.21312e-06
0133  3.51433e+18  1.61202e+03  1.80238e+06  4.88451e-18  0.00000e+00  0.00000e+00  3.17953e-06
0134  3.53274e+18  1.63147e+03  1.82311e+06  4.73702e-18  0.00000e+00  0.00000e+00  3.14647e-06
0135  3.55116e+18  1.65022e+03  1.84352e+06  4.59514e-18  0.00000e+00  0.00000e+00  3.11392e-06
0136  3.56957e+18  1.66838e+03  1.86351e+06  4.47813e-18  0.00000e+00  0.00000e+00  3.08188e-06
0137  3.58799e+18  1.68589e+03  1.88311e+06  4.34872e-18  0.00000e+00  0.00000e+00  3.05032e-06
0138  3.60640e+18  1.70278e+03  1.90232e+06  4.22424e-18  0.00000e+00  0.00000e+00  3.01925e-06
0139  3.62482e+18  1.71904e+03  1.92114e+06  4.10453e-18  0.00000e+00  0.00000e+00  2.98865e-06
0140  3.64323e+18  1.73469e+03  1.93959e+06  3.98943e-18  0.00000e+00  0.00000e+00  2.95851e-06
0141  3.66165e+18  1.74970e+03  1.95768e+06  3.87878e-18  0.00000e+00  0.00000e+00  2.92883e-06
0142  3.68007e+18  1.76408e+03  1.97547e+06  3.77240e-18  0.00000e+00  0.00000e+00  2.89959e-06
0143  3.69848e+18  1.77779e+03  1.99298e+06  3.67014e-18  0.00000e+00  0.00000e+00  2.87079e-06
0144  3.71690e+18  1.79083e+03  2.01026e+06  3.57184e-18  0.00000e+00  0.00000e+00  2.84241e-06
0145  3.73531e+18  1.80315e+03  2.02737e+06  3.47734e-18  0.00000e+00  0.00000e+00  2.81445e-06
0146  3.75373e+18  1.81474e+03  2.04428e+06  3.38334e-18  0.00000e+00  0.00000e+00  2.78690e-06
0147  3.77214e+18  1.82572e+03  2.06099e+06  3.30174e-18  0.00000e+00  0.00000e+00  2.75976e-06
0148  3.79056e+18  1.83615e+03  2.07754e+06  3.22272e-18  0.00000e+00  0.00000e+00  2.73301e-06
0149  3.80897e+18  1.84607e+03  2.09390e+06  3.14619e-18  0.00000e+00  0.00000e+00  2.70665e-06
0150  3.82739e+18  1.85551e+03  2.11007e+06  3.07208e-18  0.00000e+00  0.00000e+00  2.68066e-06
0151  3.84581e+18  1.86452e+03  2.12601e+06  3.00031e-18  0.00000e+00  0.00000e+00  2.65505e-06
0152  3.86422e+18  1.87311e+03  2.14172e+06  2.93080e-18  0.00000e+00  0.00000e+00  2.62981e-06
0153  3.88264e+18  1.88131e+03  2.15718e+06  2.86349e-18  0.00000e+00  0.00000e+00  2.60492e-06
0154  3.90105e+18  1.88913e+03  2.17239e+06  2.79821e-18  0.00000e+00  0.00000e+00  2.58038e-06
0155  3.91947e+18  1.89657e+03  2.18737e+06  2.73494e-18  0.00000e+00  0.00000e+00  2.55619e-06
0156  3.93788e+18  1.90362e+03  2.20212e+06  2.67365e-18  0.00000e+00  0.00000e+00  2.53234e-06
0157  3.95630e+18  1.91025e+03  2.21668e+06  2.61426e-18  0.00000e+00  0.00000e+00  2.50882e-06
0158  3.97471e+18  1.91644e+03  2.23107e+06  2.55672e-18  0.00000e+00  0.00000e+00  2.48563e-06
0159  3.99313e+18  1.92217e+03  2.24531e+06  2.50097e-18  0.00000e+00  0.00000e+00  2.46275e-06
0160  4.01155e+18  1.92742e+03  2.25942e+06  2.44694e-18  0.00000e+00  0.00000e+00  2.44019e-06
0161  4.02996e+18  1.93220e+03  2.27340e+06  2.39457e-18  0.00000e+00  0.00000e+00  2.41794e-06
0162  4.04838e+18  1.93652e+03  2.28726e+06  2.34381e-18  0.00000e+00  0.00000e+00  2.39599e-06
0163  4.06679e+18  1.94042e+03  2.30098e+06  2.29459e-18  0.00000e+00  0.00000e+00  2.37434e-06
0164  4.08521e+18  1.94392e+03  2.31454e+06  2.24684e-18  0.00000e+00  0.00000e+00  2.35299e-06
0165  4.10362e+18  1.94708e+03  2.32791e+06  2.20051e-18  0.00000e+00  0.00000e+00  2.33191e-06
0166  4.12204e+18  1.94993e+03  2.34107e+06  2.15554e-18  0.00000e+00  0.00000e+00  2.31113e-06
0167  4.14045e+18  1.95251e+03  2.35401e+06  2.11186e-18  0.00000e+00  0.00000e+00  2.29061e-06
0168  4.15887e+18  1.95485e+03  2.36670e+06  2.06944e-18  0.00000e+00  0.00000e+00  2.27037e-06
0169  4.17728e+18  1.95696e+03  2.37917e+06  2.02822e-18  0.00000e+00  0.00000e+00  2.25040e-06
0170  4.19570e+18  1.95884e+03  2.39141e+06  1.98816e-18  0.00000e+00  0.00000e+00  2.23069e-06
0171  4.21412e+18  1.96049e+03  2.40346e+06  1.94920e-18  0.00000e+00  0.00000e+00  2.21123e-06
0172  4.23253e+18  1.96188e+03  2.41535e+06  1.91132e-18  0.00000e+00  0.00000e+00  2.19203e-06
0173  4.25095e+18  1.96299e+03  2.42711e+06  1.87447e-18  0.00000e+00  0.00000e+00  2.17308e-06
0174  4.26936e+18  1.96381e+03  2.43877e+06  1.83861e-18  0.00000e+00  0.00000e+00  2.15438e-06
0175  4.28778e+18  1.96433e+03  2.45036e+06  1.80371e-18  0.00000e+00  0.00000e+00  2.13591e-06
0176  4.30619e+18  1.96456e+03  2.46188e+06  1.76974e-18  0.00000e+00  0.00000e+00  2.11768e-06
0177  4.32461e+18  1.96450e+03  2.47336e+06  1.73664e-18  0.00000e+00  0.00000e+00  2.09968e-06
0178  4.34302e+18  1.96419e+03  2.48476e+06  1.70440e-18  0.00000e+00  0.00000e+00  2.08191e-06
0179  4.36144e+18  1.96367e+03  2.49609e+06  1.67297e-18  0.00000e+00  0.00000e+00  2.06437e-06
0180  4.37986e+18  1.96296e+03  2.50732e+06  1.64232e-18  0.00000e+00  0.00000e+00  2.04705e-06
0181  4.39827e+18  1.96211e+03  2.51843e+06  1.61243e-18  0.00000e+00  0.00000e+00  2.02994e-06
0182  4.41669e+18  1.96114e+03  2.52939e+06  1.58327e-18  0.00000e+00  0.00000e+00  2.01305e-06
0183  4.43510e+18  1.96009e+03  2.54020e+06  1.55600e-18  0.00000e+00  0.00000e+00  1.99637e-06
0184  4.45352e+18  1.95897e+03  2.55085e+06  1.52793e-18  0.00000e+00  0.00000e+00  1.97989e-06
0185  4.47193e+18  1.95775e+03  2.56134e+06  1.50054e-18  0.00000e+00  0.00000e+00  1.96362e-06
0186  4.49035e+18  1.95644e+03  2.57168e+06  1.47380e-18  0.00000e+00  0.00000e+00  1.94754e-06
0187  4.50876e+18  1.95501e+03  2.58189e+06  1.44769e-18  0.00000e+00  0.00000e+00  1.93167e-06
0188  4.52718e+18  1.95345e+03  2.59200e+06  1.42220e-18  0.00000e+00  0.00000e+00  1.91598e-06
0189  4.54560e+18  1.95175e+03  2.60203e+06  1.39729e-18  0.00000e+00  0.00000e+00  1.90049e-06
0190  4.56401e+18  1.94989e+03  2.61200e+06  1.37296e-18  0.00000e+00  0.00000e+00  1.88519e-06
0191  4.58243e+18  1.94787e+03  2.62194e+06  1.34918e-18  0.00000e+00  0.00000e+00  1.87006e-06
0192  4.60084e+18  1.94570e+03  2.63183e+06  1.32593e-18  0.00000e+00  0.00000e+00  1.85512e-06
0193  4.61926e+18  1.94341e+03  2.64168e+06  1.30319e-18  0.00000e+00  0.00000e+00  1.84036e-06
0194  4.63767e+18  1.94102e+03  2.65149e+06  1.28094e-18  0.00000e+00  0.00000e+00  1.82577e-06
0195  4.65609e+18  1.93854e+03  2.66125e+06  1.25917e-18  0.00000e+00  0.00000e+00  1.81136e-06
0196  4.67450e+18  1.93601e+03  2.67095e+06  1.23787e-18  0.00000e+00  0.00000e+00  1.79712e-06
0197  4.69292e+18  1.93344e+03  2.68060e+06  1.21700e-18  0.00000e+00  0.00000e+00  1.78304e-06
0198  4.71134e+18  1.93086e+03  2.69019e+06  1.19657e-18  0.00000e+00  0.00000e+00  1.76913e-06
0199  4.72975e+18  1.92827e+03  2.69972e+06  1.17655e-18  0.00000e+00  0.00000e+00  1.75538e-06
0200  4.74817e+18  1.92569e+03  2.70919e+06  1.15694e-18  0.00000e+00  0.00000e+00  1.74179e-06
0201  4.76658e+18  1.92311e+03  2.71862e+06  1.13773e-18  0.00000e+00  0.00000e+00  1.72836e-06
0202  4.78500e+18  1.92053e+03  2.72801e+06  1.11889e-18  0.00000e+00  0.00000e+00  1.71508e-06
0203  4.80341e+18  1.91794e+03  2.73737e+06  1.10043e-18  0.00000e+00  0.00000e+00  1.70195e-06
0204  4.82183e+18  1.91533e+03  2.74673e+06  1.08234e-18  0.00000e+00  0.00000e+00  1.68898e-06
0205  4.84024e+18  1.91268e+03  2.75609e+06  1.06459e-18  0.00000e+00  0.00000e+00  1.67615e-06
0206  4.85866e+18  1.90999e+03  2.76546e+06  1.04719e-18  0.00000e+00  0.00000e+00  1.66347e-06
0207  4.87708e+18  1.90723e+03  2.77486e+06  1.03013e-18  0.00000e+00  0.00000e+00  1.65093e-06
0208  4.89549e+18  1.90441e+03  2.78427e+06  1.01340e-18  0.00000e+00  0.00000e+00  1.63853e-06
0209  4.91391e+18  1.90152e+03  2.79369e+06  9.96988e-19  0.00000e+00  0.00000e+00  1.62627e-06
0210  4.93232e+18  1.89855e+03  2.80311e+06  9.80895e-19  0.00000e+00  0.00000e+00  1.61415e-06
0211  4.95074e+18  1.89552e+03  2.81250e+06  9.65114e-19  0.00000e+00  0.00000e+00  1.60217e-06
0212  4.96915e+18  1.89242e+03  2.82183e+06  9.49640e-19  0.00000e+00  0.00000e+00  1.59031e-06
0213  4.98757e+18  1.88927e+03  2.83110e+06  9.34469e-19  0.00000e+00  0.00000e+00  1.57859e-06
0214  5.00598e+18  1.88606e+03  2.84026e+06  9.19596e-19  0.00000e+00  0.00000e+00  1.56700e-06
0215  5.02440e+18  1.88282e+03  2.84930e+06  9.05016e-19  0.00000e+00  0.00000e+00  1.55553e-06
0216  5.04282e+18  1.87955e+03  2.85819e+06  8.90727e-19  0.00000e+00  0.00000e+00  1.54419e-06
0217  5.06123e+18  1.87626e+03  2.86693e+06  8.76720e-19  0.00000e+00  0.00000e+00  1.53298e-06
0218  5.07965e+18  1.87290e+03  2.87552e+06  8.62989e-19  0.00000e+00  0.00000e+00  1.52188e-06
0219  5.09806e+18  1.86951e+03  2.88397e+06  8.49526e-19  0.00000e+00  0.00000e+00  1.51091e-06
0220  5.11648e+18  1.86607e+03  2.89228e+06  8.36325e-19  0.00000e+00  0.00000e+00  1.50005e-06
0221  5.13489e+18  1.86260e+03  2.90045e+06  8.23376e-19  0.00000e+00  0.00000e+00  1.48931e-06
0222  5.15331e+18  1.85910e+03  2.90849e+06  8.10673e-19  0.00000e+00  0.00000e+00  1.47868e-06
0223  5.17172e+18  1.85558e+03  2.91643e+06  7.98207e-19  0.00000e+00  0.00000e+00  1.46817e-06
0224  5.19014e+18  1.85204e+03  2.92430e+06  7.85966e-19  0.00000e+00  0.00000e+00  1.45777e-06
0225  5.20856e+18  1.84848e+03  2.93212e+06  7.73943e-19  0.00000e+00  0.00000e+00  1.44748e-06
0226  5.22697e+18  1.84491e+03  2.93994e+06  7.62127e-19  0.00000e+00  0.00000e+00  1.43730e-06
0227  5.24539e+18  1.84133e+03  2.94777e+06  7.50510e-19  0.00000e+00  0.00000e+00  1.42723e-06
0228  5.26380e+18  1.83777e+03  2.95566e+06  7.39084e-19  0.00000e+00  0.00000e+00  1.41726e-06
0229  5.28222e+18  1.83425e+03  2.96361e+06  7.27842e-19  0.00000e+00  0.00000e+00  1.40739e-06
0230  5.30063e+18  1.83078e+03  2.97164e+06  7.16779e-19  0.00000e+00  0.00000e+00  1.39763e-06
0231  5.31905e+18  1.82739e+03  2.97979e+06  7.05880e-19  0.00000e+00  0.00000e+00  1.38797e-06
0232  5.33746e+18  1.82410e+03  2.98806e+06  6.95128e-19  0.00000e+00  0.00000e+00  1.37841e-06
0233  5.35588e+18  1.82094e+03  2.99648e+06  6.84539e-19  0.00000e+00  0.00000e+00  1.36894e-06
0234  5.37430e+18  1.81792e+03  3.00507e+06  6.74111e-19  0.00000e+00  0.00000e+00  1.35958e-06
0235  5.39271e+18  1.81508e+03  3.01385e+06  6.63840e-19  0.00000e+00  0.00000e+00  1.35031e-06
0236  5.41113e+18  1.81241e+03  3.02284e+06  6.53722e-19  0.00000e+00  0.00000e+00  1.34113e-06
0237  5.42954e+18  1.80994e+03  3.03207e+06  6.43754e-19  0.00000e+00  0.00000e+00  1.33205e-06
0238  5.44796e+18  1.80766e+03  3.04155e+06  6.33934e-19  0.00000e+00  0.00000e+00  1.32306e-06
0239  5.46637e+18  1.80560e+03  3.05132e+06  6.24256e-19  0.00000e+00  0.00000e+00  1.31416e-06
0240  5.48479e+18  1.80377e+03  3.06144e+06  6.16837e-19  0.00000e+00  0.00000e+00  1.30535e-06
0241  5.50320e+18  1.80215e+03  3.07191e+06  6.07597e-19  0.00000e+00  0.00000e+00  1.29663e-06
0242  5.52162e+18  1.80074e+03  3.08272e+06  5.98463e-19  0.00000e+00  0.00000e+00  1.28800e-06
0243  5.54004e+18  1.79948e+03  3.09382e+06  5.89447e-19  0.00000e+00  0.00000e+00  1.27945e-06
0244  5.55845e+18  1.79827e+03  3.10504e+06  5.80575e-19  0.00000e+00  0.00000e+00  1.27098e-06
0245  5.57687e+18  1.79698e+03  3.11614e+06  5.71878e-19  0.00000e+00  0.00000e+00  1.26260e-06
0246  5.59528e+18  1.79587e+03  3.12759e+06  5.63285e-19  0.00000e+00  0.00000e+00  1.25431e-06
0247  5.61370e+18  1.79613e+03  3.14145e+06  5.54499e-19  0.00000e+00  0.00000e+00  1.24609e-06
0248  5.63211e+18  1.79949e+03  3.16082e+06  5.45107e-19  0.00000e+00  0.00000e+00  1.23795e-06
0249  5.65053e+18  1.80272e+03  3.18004e+06  5.35931e-19  0.00000e+00  0.00000e+00  1.22990e-06
0250  5.66894e+18  1.79511e+03  3.18012e+06  5.29510e-19  0.00000e+00  0.00000e+00  1.22192e-06
0251  5.68736e+18  1.78146e+03  3.16932e+06  5.24577e-19  0.00000e+00  0.00000e+00  1.21402e-06
0252  5.70578e+18  1.75580e+03  3.13673e+06  5.22404e-19  0.00000e+00  0.00000e+00  1.20620e-06
0253  5.72419e+18  1.69045e+03  3.03236e+06  5.28759e-19  0.00000e+00  0.00000e+00  1.19845e-06
0254  5.74261e+18  1.52447e+03  2.74542e+06  5.51235e-19  0.00000e+00  0.00000e+00  1.19077e-06
0255  5.76102e+18  1.18733e+03  2.14510e+06  5.55679e-19  0.00000e+00  0.00000e+00  1.18317e-06
0256  5.77944e+18  7.36198e+02  1.33302e+06  3.49150e-19  0.00000e+00  0.00000e+00  1.17565e-06
0257  5.79785e+18  3.71201e+02  6.70755e+05  1.73158e-18  0.00000e+00  0.00000e+00  1.16819e-06
0258  5.81627e+18  1.81394e+02  3.12243e+05 -2.08283e-18  0.00000e+00  0.00000e+00  1.16080e-06
0259  5.83468e+18  1.20491e+02  1.98186e+05 -1.04255e-17  0.00000e+00  0.00000e+00  1.15349e-06
0260  5.85310e+18  1.15281e+02  1.85165e+05 -2.75573e-18  0.00000e+00  0.00000e+00  1.14624e-06
0261  5.87152e+18  1.18145e+02  1.85414e+05  5.41403e-19  0.00000e+00  0.00000e+00  1.13906e-06
0262  5.88993e+18  1.30739e+02  1.98065e+05  1.50264e-18  0.00000e+00  0.00000e+00  1.13195e-06
0263  5.90835e+18  1.60444e+02  2.33045e+05  4.07468e-18  0.00000e+00  0.00000e+00  1.12490e-06
0264  5.92676e+18  2.14734e+02  2.95948e+05  6.89078e-18  0.00000e+00  0.00000e+00  1.11792e-06
0265  5.94518e+18  2.93177e+02  3.78743e+05  6.39658e-18  0.00000e+00  0.00000e+00  1.11101e-06
0266  5.96359e+18  3.80322e+02  4.64842e+05  4.75180e-18  0.00000e+00  0.00000e+00  1.10416e-06
0267  5.98201e+18  4.59181e+02  5.40618e+05  3.51208e-18  0.00000e+00  0.00000e+00  1.09737e-06
0268  6.00043e+18  5.24585e+02  6.01440e+05  2.80201e-18  0.00000e+00  0.00000e+00  1.09065e-06
0269  6.01884e+18  5.78652e+02  6.49083e+05  2.36007e-18  0.00000e+00  0.00000e+00  1.08398e-06
0270  6.03726e+18  6.24531e+02  6.87063e+05  2.05501e-18  0.00000e+00  0.00000e+00  1.07738e-06
0271  6.05567e+18  6.64763e+02  7.18566e+05  1.84011e-18  0.00000e+00  0.00000e+00  1.07084e-06
0272  6.07409e+18  7.01160e+02  7.45736e+05  1.69210e-18  0.00000e+00  0.00000e+00  1.06435e-06
0273  6.09250e+18  7.34826e+02  7.69790e+05  1.56861e-18  0.00000e+00  0.00000e+00  1.05793e-06
0274  6.11092e+18  7.66400e+02  7.91498e+05  1.46354e-18  0.00000e+00  0.00000e+00  1.05156e-06
0275  6.12933e+18  7.96323e+02  8.11412e+05  1.37417e-18  0.00000e+00  0.00000e+00  1.04525e-06
0276  6.14775e+18  8.24925e+02  8.29907e+05  1.29777e-18  0.00000e+00  0.00000e+00  1.03900e-06
0277  6.16617e+18  8.52433e+02  8.47239e+05  1.22976e-18  0.00000e+00  0.00000e+00  1.03280e-06
0278  6.18458e+18  8.78985e+02  8.63582e+05  1.16800e-18  0.00000e+00  0.00000e+00  1.02666e-06
0279  6.20300e+18  9.04670e+02  8.79053e+05  1.11162e-18  0.00000e+00  0.00000e+00  1.02057e-06
0280  6.22141e+18  9.29633e+02  8.93816e+05  1.05978e-18  0.00000e+00  0.00000e+00  1.01454e-06
0281  6.23983e+18  9.54060e+02  9.08079e+05  1.02383e-18  0.00000e+00  0.00000e+00  1.00856e-06
0282  6.25824e+18  9.78014e+02  9.21816e+05  9.83535e-19  0.00000e+00  0.00000e+00  1.00263e-06
0283  6.27666e+18  1.00146e+03  9.35056e+05  9.45664e-19  0.00000e+00  0.00000e+00  9.96760e-07
0284  6.29507e+18  1.02440e+03  9.47827e+05  9.10046e-19  0.00000e+00  0.00000e+00  9.90937e-07
0285  6.31349e+18  1.04686e+03  9.60167e+05  8.77507e-19  0.00000e+00  0.00000e+00  9.85164e-07
0286  6.33191e+18  1.06886e+03  9.72108e+05  8.47609e-19  0.00000e+00  0.00000e+00  9.79442e-07
0287  6.35032e+18  1.09047e+03  9.83707e+05  8.19866e-19  0.00000e+00  0.00000e+00  9.73770e-07
0288  6.36874e+18  1.11172e+03  9.95001e+05  7.94584e-19  0.00000e+00  0.00000e+00  9.68146e-07
0289  6.38715e+18  1.13263e+03  1.00601e+06  7.70417e-19  0.00000e+00  0.00000e+00  9.62572e-07
0290  6.40557e+18  1.15321e+03  1.01676e+06  7.47306e-19  0.00000e+00  0.00000e+00  9.57045e-07
0291  6.42398e+18  1.17345e+03  1.02726e+06  7.25198e-19  0.00000e+00  0.00000e+00  9.51566e-07
0292  6.44240e+18  1.19336e+03  1.03751e+06  7.04047e-19  0.00000e+00  0.00000e+00  9.46133e-07
0293  6.46081e+18  1.21291e+03  1.04752e+06  6.83811e-19  0.00000e+00  0.00000e+00  9.40747e-07
0294  6.47923e+18  1.23212e+03  1.05730e+06  6.64452e-19  0.00000e+00  0.00000e+00  9.35407e-07
0295  6.49765e+18  1.25100e+03  1.06686e+06  6.46536e-19  0.00000e+00  0.00000e+00  9.30113e-07
0296  6.51606e+18  1.26960e+03  1.07625e+06  6.31221e-19  0.00000e+00  0.00000e+00  9.24863e-07
0297  6.53448e+18  1.28794e+03  1.08546e+06  6.16349e-19  0.00000e+00  0.00000e+00  9.19657e-07
0298  6.55289e+18  1.30600e+03  1.09451e+06  6.01918e-19  0.00000e+00  0.00000e+00  9.14495e-07
0299  6.57131e+18  1.32380e+03  1.10338e+06  5.87922e-19  0.00000e+00  0.00000e+00  9.09377e-07
0300  6.58972e+18  1.34131e+03  1.11210e+06  5.74355e-19  0.00000e+00  0.00000e+00  9.04301e-07
0301  6.60814e+18  1.35853e+03  1.12064e+06  5.61210e-19  0.00000e+00  0.00000e+00  8.99268e-07
0302  6.62655e+18  1.37545e+03  1.12903e+06  5.48480e-19  0.00000e+00  0.00000e+00  8.94277e-07
0303  6.64497e+18  1.39207e+03  1.13726e+06  5.36151e-19  0.00000e+00  0.00000e+00  8.89327e-07
0304  6.66339e+18  1.40839e+03  1.14535e+06  5.24330e-19  0.00000e+00  0.00000e+00  8.84418e-07
0305  6.68180e+18  1.42442e+03  1.15331e+06  5.13019e-19  0.00000e+00  0.00000e+00  8.79550e-07
0306  6.70022e+18  1.44015e+03  1.16113e+06  5.02049e-19  0.00000e+00  0.00000e+00  8.74722e-07
0307  6.71863e+18  1.45559e+03  1.16884e+06  4.91412e-19  0.00000e+00  0.00000e+00  8.69933e-07
0308  6.73705e+18  1.47072e+03  1.17643e+06  4.81097e-19  0.00000e+00  0.00000e+00  8.65184e-07
0309  6.75546e+18  1.48557e+03  1.18390e+06  4.71095e-19  0.00000e+00  0.00000e+00  8.60473e-07
0310  6.77388e+18  1.50012e+03  1.19127e+06  4.61414e-19  0.00000e+00  0.00000e+00  8.55801e-07
0311  6.79229e+18  1.51439e+03  1.19855e+06  4.52338e-19  0.00000e+00  0.00000e+00  8.51167e-07
0312  6.81071e+18  1.52840e+03  1.20573e+06  4.43511e-19  0.00000e+00  0.00000e+00  8.46570e-07
0313  6.82913e+18  1.54214e+03  1.21283e+06  4.34925e-19  0.00000e+00  0.00000e+00  8.42010e-07
0314  6.84754e+18  1.55562e+03  1.21984e+06  4.26574e-19  0.00000e+00  0.00000e+00  8.37487e-07
0315  6.86596e+18  1.56884e+03  1.22677e+06  4.18451e-19  0.00000e+00  0.00000e+00  8.33001e-07
0316  6.88437e+18  1.58181e+03  1.23362e+06  4.10549e-19  0.00000e+00  0.00000e+00  8.28550e-07
0317  6.90279e+18  1.59454e+03  1.24040e+06  4.02862e-19  0.00000e+00  0.00000e+00  8.24135e-07
0318  6.92120e+18  1.60701e+03  1.24711e+06  3.95382e-19  0.00000e+00  0.00000e+00  8.19755e-07
0319  6.93962e+18  1.61925e+03  1.25374e+06  3.88104e-19  0.00000e+00  0.00000e+00  8.15410e-07
0320  6.95803e+18  1.63126e+03  1.26029e+06  3.81020e-19  0.00000e+00  0.00000e+00  8.11100e-07
0321  6.97645e+18  1.64305e+03  1.26678e+06  3.74126e-19  0.00000e+00  0.00000e+00  8.06824e-07
0322  6.99487e+18  1.65462e+03  1.27319e+06  3.67413e-19  0.00000e+00  0.00000e+00  8.02581e-07
0323  7.01328e+18  1.66597e+03  1.27953e+06  3.60877e-19  0.00000e+00  0.00000e+00  7.98371e-07
0324  7.03170e+18  1.67712e+03  1.28580e+06  3.54512e-19  0.00000e+00  0.00000e+00  7.94195e-07
0325  7.05011e+18  1.68806e+03  1.29200e+06  3.48313e-19  0.00000e+00  0.00000e+00  7.90052e-07
0326  7.06853e+18  1.69879e+03  1.29814e+06  3.42274e-19  0.00000e+00  0.00000e+00  7.85940e-07
0327  7.08694e+18  1.70931e+03  1.30421e+06  3.36391e-19  0.00000e+00  0.00000e+00  7.81861e-07
0328  7.10536e+18  1.71962e+03  1.31023e+06  3.30659e-19  0.00000e+00  0.00000e+00  7.77813e-07
0329  7.12378e+18  1.72972e+03  1.31620e+06  3.25073e-19  0.00000e+00  0.00000e+00  7.73797e-07
0330  7.14219e+18  1.73960e+03  1.32211e+06  3.19629e-19  0.00000e+00  0.00000e+00  7.69812e-07
0331  7.16061e+18  1.74928e+03  1.32797e+06  3.14323e-19  0.00000e+00  0.00000e+00  7.65858e-07
0332  7.17902e+18  1.75875e+03  1.33378e+06  3.09151e-19  0.00000e+00  0.00000e+00  7.61933e-07
0333  7.19744e+18  1.76801e+03  1.33953e+06  3.04109e-19  0.00000e+00  0.00000e+00  7.58039e-07
0334  7.21585e+18  1.77708e+03  1.34525e+06  2.99127e-19  0.00000e+00  0.00000e+00  7.54175e-07
0335  7.23427e+18  1.78597e+03  1.35093e+06  2.94472e-19  0.00000e+00  0.00000e+00  7.50340e-07
0336  7.25268e+18  1.79468e+03  1.35657e+06  2.89922e-19  0.00000e+00  0.00000e+00  7.46535e-07
0337  7.27110e+18  1.80321e+03  1.36218e+06  2.85477e-19  0.00000e+00  0.00000e+00  7.42758e-07
0338  7.28952e+18  1.81157e+03  1.36775e+06  2.80876e-19  0.00000e+00  0.00000e+00  7.39010e-07
0339  7.30793e+18  1.81979e+03  1.37331e+06  2.76937e-19  0.00000e+00  0.00000e+00  7.35290e-07
0340  7.32635e+18  1.82786e+03  1.37884e+06  2.73071e-19  0.00000e+00  0.00000e+00  7.31598e-07
0341  7.34476e+18  1.83581e+03  1.38436e+06  2.69275e-19  0.00000e+00  0.00000e+00  7.27934e-07
0342  7.36318e+18  1.84363e+03  1.38985e+06  2.65549e-19  0.00000e+00  0.00000e+00  7.24298e-07
0343  7.38159e+18  1.85132e+03  1.39533e+06  2.61890e-19  0.00000e+00  0.00000e+00  7.20688e-07
0344  7.40001e+18  1.85889e+03  1.40079e+06  2.58298e-19  0.00000e+00  0.00000e+00  7.17106e-07
0345  7.41842e+18  1.86633e+03  1.40623e+06  2.54772e-19  0.00000e+00  0.00000e+00  7.13550e-07
0346  7.43684e+18  1.87363e+03  1.41165e+06  2.51310e-19  0.00000e+00  0.00000e+00  7.10020e-07
0347  7.45526e+18  1.88081e+03  1.41706e+06  2.47911e-19  0.00000e+00  0.00000e+00  7.06517e-07
0348  7.47367e+18  1.88787e+03  1.42246e+06  2.44574e-19  0.00000e+00  0.00000e+00  7.03039e-07
0349  7.49209e+18  1.89479e+03  1.42784e+06  2.41298e-19  0.00000e+00  0.00000e+00  6.99587e-07
0350  7.51050e+18  1.90159e+03  1.43321e+06  2.38082e-19  0.00000e+00  0.00000e+00  6.96161e-07
0351  7.52892e+18  1.90826e+03  1.43856e+06  2.34924e-19  0.00000e+00  0.00000e+00  6.92759e-07
0352  7.54733e+18  1.91481e+03  1.44391e+06  2.31823e-19  0.00000e+00  0.00000e+00  6.89383e-07
0353  7.56575e+18  1.92124e+03  1.44923e+06  2.28778e-19  0.00000e+00  0.00000e+00  6.86031e-07
0354  7.58416e+18  1.92756e+03  1.45454e+06  2.25787e-19  0.00000e+00  0.00000e+00  6.82703e-07
0355  7.60258e+18  1.93376e+03  1.45984e+06  2.22851e-19  0.00000e+00  0.00000e+00  6.79400e-07
0356  7.62100e+18  1.93985e+03  1.46512e+06  2.19967e-19  0.00000e+00  0.00000e+00  6.76121e-07
0357  7.63941e+18  1.94582e+03  1.47038e+06  2.17134e-19  0.00000e+00  0.00000e+00  6.72865e-07
0358  7.65783e+18  1.95168e+03  1.47563e+06  2.14352e-19  0.00000e+00  0.00000e+00  6.69632e-07
0359  7.67624e+18  1.95742e+03  1.48086e+06  2.11620e-19  0.00000e+00  0.00000e+00  6.66423e-07
0360  7.69466e+18  1.96306e+03  1.48608e+06  2.08936e-19  0.00000e+00  0.00000e+00  6.63237e-07
0361  7.71307e+18  1.96858e+03  1.49128e+06  2.06299e-19  0.00000e+00  0.00000e+00  6.60074e-07
0362  7.73149e+18  1.97400e+03  1.49646e+06  2.03710e-19  0.00000e+00  0.00000e+00  6.56933e-07
0363  7.74990e+18  1.97930e+03  1.50162e+06  2.01166e-19  0.00000e+00  0.00000e+00  6.53815e-07
0364  7.76832e+18  1.98449e+03  1.50676e+06  1.98667e-19  0.00000e+00  0.00000e+00  6.50719e-07
0365  7.78674e+18  1.98957e+03  1.51188e+06  1.96212e-19  0.00000e+00  0.00000e+00  6.47644e-07
0366  7.80515e+18  1.99455e+03  1.51698e+06  1.93801e-19  0.00000e+00  0.00000e+00  6.44592e-07
0367  7.82357e+18  1.99941e+03  1.52205e+06  1.91432e-19  0.00000e+00  0.00000e+00  6.41561e-07
0368  7.84198e+18  2.00416e+03  1.52709e+06  1.89106e-19  0.00000e+00  0.00000e+00  6.38551e-07
0369  7.86040e+18  2.00880e+03  1.53211e+06  1.86820e-19  0.00000e+00  0.00000e+00  6.35563e-07
0370  7.87881e+18  2.01333e+03  1.53709e+06  1.84575e-19  0.00000e+00  0.00000e+00  6.32595e-07
0371  7.89723e+18  2.01774e+03  1.54204e+06  1.82370e-19  0.00000e+00  0.00000e+00  6.29648e-07
0372  7.91564e+18  2.02204e+03  1.54696e+06  1.80205e-19  0.00000e+00  0.00000e+00  6.26722e-07
0373  7.93406e+18  2.02621e+03  1.55183e+06  1.78079e-19  0.00000e+00  0.00000e+00  6.23816e-07
0374  7.95248e+18  2.03025e+03  1.55667e+06  1.75991e-19  0.00000e+00  0.00000e+00  6.20930e-07
0375  7.97089e+18  2.03416e+03  1.56146e+06  1.73942e-19  0.00000e+00  0.00000e+00  6.18064e-07
0376  7.98931e+18  2.03793e+03  1.56622e+06  1.71930e-19  0.00000e+00  0.00000e+00  6.15218e-07
0377  8.00772e+18  2.04156e+03  1.57093e+06  1.69955e-19  0.00000e+00  0.00000e+00  6.12392e-07
0378  8.02614e+18  2.04506e+03  1.57561e+06  1.68035e-19  0.00000e+00  0.00000e+00  6.09585e-07
0379  8.04455e+18  2.04842e+03  1.58023e+06  1.66154e-19  0.00000e+00  0.00000e+00  6.06797e-07
0380  8.06297e+18  2.05163e+03  1.58481e+06  1.64307e-19  0.00000e+00  0.00000e+00  6.04029e-07
0381  8.08139e+18  2.05469e+03  1.58933e+06  1.62494e-19  0.00000e+00  0.00000e+00  6.01279e-07
0382  8.09980e+18  2.05759e+03  1.59380e+06  1.60715e-19  0.00000e+00  0.00000e+00  5.98548e-07
0383  8.11822e+18  2.06035e+03  1.59821e+06  1.58969e-19  0.00000e+00  0.00000e+00  5.95835e-07
0384  8.13663e+18  2.06294e+03  1.60255e+06  1.57256e-19  0.00000e+00  0.00000e+00  5.93141e-07
0385  8.15505e+18  2.06537e+03  1.60684e+06  1.55576e-19  0.00000e+00  0.00000e+00  5.90466e-07
0386  8.17346e+18  2.06764e+03  1.61106e+06  1.53927e-19  0.00000e+00  0.00000e+00  5.87808e-07
0387  8.19188e+18  2.06975e+03  1.61523e+06  1.52308e-19  0.00000e+00  0.00000e+00  5.85168e-07
0388  8.21029e+18  2.07170e+03  1.61933e+06  1.50720e-19  0.00000e+00  0.00000e+00  5.82546e-07
0389  8.22871e+18  2.07350e+03  1.62337e+06  1.49161e-19  0.00000e+00  0.00000e+00  5.79941e-07
0390  8.24713e+18  2.07518e+03  1.62735e+06  1.47630e-19  0.00000e+00  0.00000e+00  5.77354e-07
0391  8.26554e+18  2.07673e+03  1.63125e+06  1.46126e-19  0.00000e+00  0.00000e+00  5.74784e-07
0392  8.28396e+18  2.07819e+03  1.63508e+06  1.44646e-19  0.00000e+00  0.00000e+00  5.72232e-07
0393  8.30237e+18  2.07957e+03  1.63883e+06  1.43191e-19  0.00000e+00  0.00000e+00  5.69696e-07
0394  8.32079e+18  2.08089e+03  1.64250e+06  1.41759e-19  0.00000e+00  0.00000e+00  5.67177e-07
0395  8.33920e+18  2.08215e+03  1.64609e+06  1.40349e-19  0.00000e+00  0.00000e+00  5.64675e-07
0396  8.35762e+18  2.08336e+03  1.64960e+06  1.38961e-19  0.00000e+00  0.00000e+00  5.62189e-07
0397  8.37603e+18  2.08451e+03  1.65305e+06  1.37593e-19  0.00000e+00  0.00000e+00  5.59720e-07
0398  8.39445e+18  2.08560e+03  1.65645e+06  1.36247e-19  0.00000e+00  0.00000e+00  5.57267e-07
0399  8.41287e+18  2.08660e+03  1.65981e+06  1.34921e-19  0.00000e+00  0.00000e+00  5.54830e-07
0400  8.43128e+18  2.08745e+03  1.66318e+06  1.33617e-19  0.00000e+00  0.00000e+00  5.52409e-07
0401  8.44970e+18  2.08817e+03  1.66655e+06  1.32333e-19  0.00000e+00  0.00000e+00  5.50003e-07
0402  8.46811e+18  2.08879e+03  1.66992e+06  1.31069e-19  0.00000e+00  0.00000e+00  5.47614e-07
0403  8.48653e+18  2.08930e+03  1.67330e+06  1.29825e-19  0.00000e+00  0.00000e+00  5.45240e-07
0404  8.50494e+18  2.08967e+03  1.67670e+06  1.28599e-19  0.00000e+00  0.00000e+00  5.42881e-07
0405  8.52336e+18  2.08991e+03  1.68013e+06  1.27393e-19  0.00000e+00  0.00000e+00  5.40538e-07
0406  8.54177e+18  2.09001e+03  1.68360e+06  1.26205e-19  0.00000e+00  0.00000e+00  5.38209e-07
0407  8.56019e+18  2.09000e+03  1.68710e+06  1.25034e-19  0.00000e+00  0.00000e+00  5.35896e-07
0408  8.57861e+18  2.08991e+03  1.69062e+06  1.23879e-19  0.00000e+00  0.00000e+00  5.33598e-07
0409  8.59702e+18  2.08977e+03  1.69413e+06  1.22740e-19  0.00000e+00  0.00000e+00  5.31314e-07
0410  8.61544e+18  2.08962e+03  1.69763e+06  1.21614e-19  0.00000e+00  0.00000e+00  5.29045e-07
0411  8.63385e+18  2.08945e+03  1.70111e+06  1.20501e-19  0.00000e+00  0.00000e+00  5.26791e-07
0412  8.65227e+18  2.08930e+03  1.70457e+06  1.19401e-19  0.00000e+00  0.00000e+00  5.24551e-07
0413  8.67068e+18  2.08917e+03  1.70798e+06  1.18314e-19  0.00000e+00  0.00000e+00  5.22325e-07
0414  8.68910e+18  2.08906e+03  1.71136e+06  1.17239e-19  0.00000e+00  0.00000e+00  5.20113e-07
0415  8.70751e+18  2.08897e+03  1.71469e+06  1.16176e-19  0.00000e+00  0.00000e+00  5.17916e-07
0416  8.72593e+18  2.08891e+03  1.71797e+06  1.15124e-19  0.00000e+00  0.00000e+00  5.15732e-07
0417  8.74435e+18  2.08889e+03  1.72119e+06  1.14085e-19  0.00000e+00  0.00000e+00  5.13562e-07
0418  8.76276e+18  2.08894e+03  1.72434e+06  1.13056e-19  0.00000e+00  0.00000e+00  5.11406e-07
0419  8.78118e+18  2.08903e+03  1.72740e+06  1.12039e-19  0.00000e+00  0.00000e+00  5.09263e-07
0420  8.79959e+18  2.08913e+03  1.73041e+06  1.11034e-19  0.00000e+00  0.00000e+00  5.07134e-07
0421  8.81801e+18  2.08922e+03  1.73336e+06  1.10042e-19  0.00000e+00  0.00000e+00  5.05018e-07
0422  8.83642e+18  2.08933e+03  1.73623e+06  1.09061e-19  0.00000e+00  0.00000e+00  5.02915e-07
0423  8.85484e+18  2.08948e+03  1.73902e+06  1.08092e-19  0.00000e+00  0.00000e+00  5.00825e-07
0424  8.87326e+18  2.08966e+03  1.74172e+06  1.07134e-19  0.00000e+00  0.00000e+00  4.98749e-07
0425  8.89167e+18  2.08988e+03  1.74432e+06  1.06187e-19  0.00000e+00  0.00000e+00  4.96685e-07
0426  8.91009e+18  2.09015e+03  1.74683e+06  1.05250e-19  0.00000e+00  0.00000e+00  4.94634e-07
0427  8.92850e+18  2.09048e+03  1.74923e+06  1.04324e-19  0.00000e+00  0.00000e+00  4.92595e-07
0428  8.94692e+18  2.09086e+03  1.75155e+06  1.03408e-19  0.00000e+00  0.00000e+00  4.90570e-07
0429  8.96533e+18  2.09131e+03  1.75378e+06  1.02501e-19  0.00000e+00  0.00000e+00  4.88556e-07
0430  8.98375e+18  2.09181e+03  1.75594e+06  1.01604e-19  0.00000e+00  0.00000e+00  4.86555e-07
0431  9.00216e+18  2.09238e+03  1.75802e+06  1.00716e-19  0.00000e+00  0.00000e+00  4.84567e-07
0432  9.02058e+18  2.09301e+03  1.76005e+06  9.98366e-20  0.00000e+00  0.00000e+00  4.82590e-07
0433  9.03900e+18  2.09370e+03  1.76201e+06  9.89658e-20  0.00000e+00  0.00000e+00  4.80626e-07
0434  9.05741e+18  2.09444e+03  1.76393e+06  9.81037e-20  0.00000e+00  0.00000e+00  4.78674e-07
0435  9.07583e+18  2.09522e+03  1.76579e+06  9.72505e-20  0.00000e+00  0.00000e+00  4.76733e-07
0436  9.09424e+18  2.09604e+03  1.76760e+06  9.64063e-20  0.00000e+00  0.00000e+00  4.74804e-07
0437  9.11266e+18  2.09688e+03  1.76935e+06  9.55713e-20  0.00000e+00  0.00000e+00  4.72887e-07
0438  9.13107e+18  2.09774e+03  1.77104e+06  9.47457e-20  0.00000e+00  0.00000e+00  4.70982e-07
0439  9.14949e+18  2.09861e+03  1.77268e+06  9.39294e-20  0.00000e+00  0.00000e+00  4.69088e-07
0440  9.16790e+18  2.09950e+03  1.77427e+06  9.31223e-20  0.00000e+00  0.00000e+00  4.67205e-07
0441  9.18632e+18  2.10040e+03  1.77580e+06  9.23240e-20  0.00000e+00  0.00000e+00  4.65334e-07
0442  9.20474e+18  2.10133e+03  1.77730e+06  9.15341e-20  0.00000e+00  0.00000e+00  4.63474e-07
0443  9.22315e+18  2.10228e+03  1.77876e+06  9.07521e-20  0.00000e+00  0.00000e+00  4.61625e-07
0444  9.24157e+18  2.10328e+03  1.78019e+06  8.99777e-20  0.00000e+00  0.00000e+00  4.59787e-07
0445  9.25998e+18  2.10432e+03  1.78160e+06  8.92106e-20  0.00000e+00  0.00000e+00  4.57960e-07
0446  9.27840e+18  2.10540e+03  1.78299e+06  8.84504e-20  0.00000e+00  0.00000e+00  4.56144e-07
0447  9.29681e+18  2.10654e+03  1.78436e+06  8.76970e-20  0.00000e+00  0.00000e+00  4.54338e-07
0448  9.31523e+18  2.10772e+03  1.78572e+06  8.69505e-20  0.00000e+00  0.00000e+00  4.52544e-07
0449  9.33364e+18  2.10894e+03  1.78706e+06  8.62107e-20  0.00000e+00  0.00000e+00  4.50760e-07
0450  9.35206e+18  2.11021e+03  1.78837e+06  8.54778e-20  0.00000e+00  0.00000e+00  4.48986e-07
0451  9.37048e+18  2.11152e+03  1.78967e+06  8.47517e-20  0.00000e+00  0.00000e+00  4.47223e-07
0452  9.38889e+18  2.11287e+03  1.79094e+06  8.40324e-20  0.00000e+00  0.00000e+00  4.45470e-07
0453  9.40731e+18  2.11425e+03  1.79219e+06  8.33199e-20  0.00000e+00  0.00000e+00  4.43728e-07
0454  9.42572e+18  2.11567e+03  1.79341e+06  8.26142e-20  0.00000e+00  0.00000e+00  4.41996e-07
0455  9.44414e+18  2.11711e+03  1.79461e+06  8.19155e-20  0.00000e+00  0.00000e+00  4.40274e-07
0456  9.46255e+18  2.11859e+03  1.79578e+06  8.12235e-20  0.00000e+00  0.00000e+00  4.38562e-07
0457  9.48097e+18  2.12009e+03  1.79691e+06  8.05385e-20  0.00000e+00  0.00000e+00  4.36860e-07
0458  9.49939e+18  2.12161e+03  1.79802e+06  7.98604e-20  0.00000e+00  0.00000e+00  4.35168e-07
0459  9.51780e+18  2.12315e+03  1.79909e+06  7.91893e-20  0.00000e+00  0.00000e+00  4.33485e-07
0460  9.53622e+18  2.12470e+03  1.80013e+06  7.85252e-20  0.00000e+00  0.00000e+00  4.31813e-07
0461  9.55463e+18  2.12626e+03  1.80112e+06  7.78682e-20  0.00000e+00  0.00000e+00  4.30150e-07
0462  9.57305e+18  2.12783e+03  1.80209e+06  7.72182e-20  0.00000e+00  0.00000e+00  4.28496e-07
0463  9.59146e+18  2.12939e+03  1.80301e+06  7.65752e-20  0.00000e+00  0.00000e+00  4.26853e-07
0464  9.60988e+18  2.13096e+03  1.80390e+06  7.59392e-20  0.00000e+00  0.00000e+00  4.25218e-07
0465  9.62829e+18  2.13252e+03  1.80474e+06  7.53103e-20  0.00000e+00  0.00000e+00  4.23593e-07
0466  9.64671e+18  2.13407e+03  1.80555e+06  7.46884e-20  0.00000e+00  0.00000e+00  4.21977e-07
0467  9.66513e+18  2.13562e+03  1.80633e+06  7.40735e-20  0.00000e+00  0.00000e+00  4.20371e-07
0468  9.68354e+18  2.13715e+03  1.80706e+06  7.34655e-20  0.00000e+00  0.00000e+00  4.18773e-07
0469  9.70196e+18  2.13866e+03  1.80776e+06  7.28644e-20  0.00000e+00  0.00000e+00  4.17185e-07
0470  9.72037e+18  2.14015e+03  1.80843e+06  7.22702e-20  0.00000e+00  0.00000e+00  4.15606e-07
0471  9.73879e+18  2.14162e+03  1.80906e+06  7.16828e-20  0.00000e+00  0.00000e+00  4.14036e-07
0472  9.75720e+18  2.14307e+03  1.80966e+06  7.11021e-20  0.00000e+00  0.00000e+00  4.12474e-07
0473  9.77562e+18  2.14450e+03  1.81022e+06  7.05280e-20  0.00000e+00  0.00000e+00  4.10922e-07
0474  9.79403e+18  2.14590e+03  1.81075e+06  6.99605e-20  0.00000e+00  0.00000e+00  4.09378e-07
0475  9.81245e+18  2.14729e+03  1.81125e+06  6.93995e-20  0.00000e+00  0.00000e+00  4.07843e-07
0476  9.83087e+18  2.14865e+03  1.81171e+06  6.88449e-20  0.00000e+00  0.00000e+00  4.06316e-07
0477  9.84928e+18  2.14998e+03  1.81213e+06  6.82966e-20  0.00000e+00  0.00000e+00  4.04798e-07
0478  9.86770e+18  2.15130e+03  1.81253e+06  6.77545e-20  0.00000e+00  0.00000e+00  4.03289e-07
0479  9.88611e+18  2.15259e+03  1.81288e+06  6.72186e-20  0.00000e+00  0.00000e+00  4.01788e-07
0480  9.90453e+18  2.15385e+03  1.81320e+06  6.66889e-20  0.00000e+00  0.00000e+00  4.00295e-07
0481  9.92294e+18  2.15509e+03  1.81349e+06  6.61651e-20  0.00000e+00  0.00000e+00  3.98810e-07
0482  9.94136e+18  2.15631e+03  1.81375e+06  6.56472e-20  0.00000e+00  0.00000e+00  3.97334e-07
0483  9.95977e+18  2.15750e+03  1.81398e+06  6.51351e-20  0.00000e+00  0.00000e+00  3.95866e-07
0484  9.97819e+18  2.15868e+03  1.81418e+06  6.46285e-20  0.00000e+00  0.00000e+00  3.94406e-07
0485  9.99661e+18  2.15984e+03  1.81436e+06  6.41274e-20  0.00000e+00  0.00000e+00  3.92955e-07
0486  1.00150e+19  2.16099e+03  1.81453e+06  6.36313e-20  0.00000e+00  0.00000e+00  3.91511e-07
0487  1.00334e+19  2.16214e+03  1.81468e+06  6.31400e-20  0.00000e+00  0.00000e+00  3.90075e-07
0488  1.00519e+19  2.16330e+03  1.81483e+06  6.26532e-20  0.00000e+00  0.00000e+00  3.88647e-07
0489  1.00703e+19  2.16449e+03  1.81499e+06  6.21705e-20  0.00000e+00  0.00000e+00  3.87227e-07
0490  1.00887e+19  2.16570e+03  1.81516e+06  6.16914e-20  0.00000e+00  0.00000e+00  3.85814e-07
0491  1.01071e+19  2.16697e+03  1.81537e+06  6.12154e-20  0.00000e+00  0.00000e+00  3.84410e-07
0492  1.01255e+19  2.16830e+03  1.81563e+06  6.07421e-20  0.00000e+00  0.00000e+00  3.83013e-07
0493  1.01439e+19  2.16971e+03  1.81595e+06  6.02708e-20  0.00000e+00  0.00000e+00  3.81623e-07
0494  1.01623e+19  2.17123e+03  1.81635e+06  5.98014e-20  0.00000e+00  0.00000e+00  3.80242e-07
0495  1.01808e+19  2.17287e+03  1.81684e+06  5.93370e-20  0.00000e+00  0.00000e+00  3.78867e-07
0496  1.01992e+19  2.17464e+03  1.81744e+06  5.88735e-20  0.00000e+00  0.00000e+00  3.77500e-07
0497  1.02176e+19  2.17656e+03  1.81816e+06  5.84106e-20  0.00000e+00  0.00000e+00  3.76141e-07
0498  1.02360e+19  2.17864e+03  1.81902e+06  5.79479e-20  0.00000e+00  0.00000e+00  3.74789e-07
0499  1.02544e+19  2.18090e+03  1.82001e+06  5.74853e-20  0.00000e+00  0.00000e+00  3.73444e-07
0500  1.02728e+19  2.18332e+03  1.82114e+06  5.70228e-20  0.00000e+00  0.00000e+00  3.72106e-07
0501  1.02913e+19  2.18591e+03  1.82241e+06  5.65607e-20  0.00000e+00  0.00000e+00  3.70775e-07
0502  1.03097e+19  2.18866e+03  1.82382e+06  5.60991e-20  0.00000e+00  0.00000e+00  3.69452e-07
0503  1.03281e+19  2.19154e+03  1.82533e+06  5.56387e-20  0.00000e+00  0.00000e+00  3.68136e-07
0504  1.03465e+19  2.19453e+03  1.82693e+06  5.51801e-20  0.00000e+00  0.00000e+00  3.66826e-07
0505  1.03649e+19  2.19758e+03  1.82859e+06  5.47244e-20  0.00000e+00  0.00000e+00  3.65524e-07
0506  1.03833e+19  2.20064e+03  1.83027e+06  5.42726e-20  0.00000e+00  0.00000e+00  3.64229e-07
0507  1.04017e+19  2.20367e+03  1.83192e+06  5.38260e-20  0.00000e+00  0.00000e+00  3.62940e-07
0508  1.04202e+19  2.20660e+03  1.83350e+06  5.33860e-20  0.00000e+00  0.00000e+00  3.61658e-07
0509  1.04386e+19  2.20936e+03  1.83494e+06  5.29540e-20  0.00000e+00  0.00000e+00  3.60383e-07
0510  1.04570e+19  2.21188e+03  1.83620e+06  5.25314e-20  0.00000e+00  0.00000e+00  3.59115e-07
0511  1.04754e+19  2.21412e+03  1.83722e+06  5.21195e-20  0.00000e+00  0.00000e+00  3.57854e-07
0512  1.04938e+19  2.21600e+03  1.83796e+06  5.17194e-20  0.00000e+00  0.00000e+00  3.56599e-07
0513  1.05122e+19  2.21748e+03  1.83836e+06  5.13319e-20  0.00000e+00  0.00000e+00  3.55350e-07
0514  1.05307e+19  2.21854e+03  1.83842e+06  5.09575e-20  0.00000e+00  0.00000e+00  3.54109e-07
0515  1.05491e+19  2.21916e+03  1.83811e+06  5.05963e-20  0.00000e+00  0.00000e+00  3.52873e-07
0516  1.05675e+19  2.21934e+03  1.83744e+06  5.02478e-20  0.00000e+00  0.00000e+00  3.51645e-07
0517  1.05859e+19  2.21911e+03  1.83643e+06  4.99114e-20  0.00000e+00  0.00000e+00  3.50422e-07
0518  1.06043e+19  2.21851e+03  1.83510e+06  4.95860e-20  0.00000e+00  0.00000e+00  3.49206e-07
0519  1.06227e+19  2.21759e+03  1.83351e+06  4.92702e-20  0.00000e+00  0.00000e+00  3.47996e-07
0520  1.06412e+19  2.21643e+03  1.83170e+06  4.89626e-20  0.00000e+00  0.00000e+00  3.46793e-07
0521  1.06596e+19  2.21507e+03  1.82973e+06  4.86615e-20  0.00000e+00  0.00000e+00  3.45596e-07
0522  1.06780e+19  2.21361e+03  1.82766e+06  4.83654e-20  0.00000e+00  0.00000e+00  3.44405e-07
0523  1.06964e+19  2.21209e+03  1.82553e+06  4.80728e-20  0.00000e+00  0.00000e+00  3.43220e-07
0524  1.07148e+19  2.21058e+03  1.82341e+06  4.77824e-20  0.00000e+00  0.00000e+00  3.42041e-07
0525  1.07332e+19  2.20914e+03  1.82133e+06  4.74931e-20  0.00000e+00  0.00000e+00  3.40868e-07
0526  1.07516e+19  2.20781e+03  1.81933e+06  4.72039e-20  0.00000e+00  0.00000e+00  3.39702e-07
0527  1.07701e+19  2.20661e+03  1.81743e+06  4.69144e-20  0.00000e+00  0.00000e+00  3.38541e-07
0528  1.07885e+19  2.20557e+03  1.81565e+06  4.66240e-20  0.00000e+00  0.00000e+00  3.37386e-07
0529  1.08069e+19  2.20470e+03  1.81400e+06  4.63326e-20  0.00000e+00  0.00000e+00  3.36237e-07
0530  1.08253e+19  2.20399e+03  1.81248e+06  4.60404e-20  0.00000e+00  0.00000e+00  3.35094e-07
0531  1.08437e+19  2.20343e+03  1.81107e+06  4.57475e-20  0.00000e+00  0.00000e+00  3.33957e-07
0532  1.08621e+19  2.20301e+03  1.80976e+06  4.54544e-20  0.00000e+00  0.00000e+00  3.32826e-07
0533  1.08806e+19  2.20268e+03  1.80854e+06  4.51618e-20  0.00000e+00  0.00000e+00  3.31700e-07
0534  1.08990e+19  2.20243e+03  1.80736e+06  4.48702e-20  0.00000e+00  0.00000e+00  3.30580e-07
0535  1.09174e+19  2.20221e+03  1.80622e+06  4.45803e-20  0.00000e+00  0.00000e+00  3.29466e-07
0536  1.09358e+19  2.20200e+03  1.80507e+06  4.42927e-20  0.00000e+00  0.00000e+00  3.28357e-07
0537  1.09542e+19  2.20176e+03  1.80390e+06  4.40080e-20  0.00000e+00  0.00000e+00  3.27254e-07
0538  1.09726e+19  2.20148e+03  1.80269e+06  4.37267e-20  0.00000e+00  0.00000e+00  3.26156e-07
0539  1.09910e+19  2.20112e+03  1.80141e+06  4.34489e-20  0.00000e+00  0.00000e+00  3.25064e-07
0540  1.10095e+19  2.20068e+03  1.80007e+06  4.31751e-20  0.00000e+00  0.00000e+00  3.23978e-07
0541  1.10279e+19  2.20016e+03  1.79865e+06  4.29050e-20  0.00000e+00  0.00000e+00  3.22897e-07
0542  1.10463e+19  2.19955e+03  1.79715e+06  4.26389e-20  0.00000e+00  0.00000e+00  3.21821e-07
0543  1.10647e+19  2.19886e+03  1.79559e+06  4.23763e-20  0.00000e+00  0.00000e+00  3.20751e-07
0544  1.10831e+19  2.19811e+03  1.79397e+06  4.21172e-20  0.00000e+00  0.00000e+00  3.19686e-07
0545  1.11015e+19  2.19729e+03  1.79229e+06  4.18612e-20  0.00000e+00  0.00000e+00  3.18626e-07
0546  1.11200e+19  2.19644e+03  1.79057e+06  4.16081e-20  0.00000e+00  0.00000e+00  3.17571e-07
0547  1.11384e+19  2.19555e+03  1.78882e+06  4.13576e-20  0.00000e+00  0.00000e+00  3.16522e-07
0548  1.11568e+19  2.19465e+03  1.78705e+06  4.11095e-20  0.00000e+00  0.00000e+00  3.15478e-07
0549  1.11752e+19  2.19373e+03  1.78526e+06  4.08635e-20  0.00000e+00  0.00000e+00  3.14439e-07
0550  1.11936e+19  2.19282e+03  1.78346e+06  4.06195e-20  0.00000e+00  0.00000e+00  3.13405e-07
0551  1.12120e+19  2.19192e+03  1.78166e+06  4.03774e-20  0.00000e+00  0.00000e+00  3.12377e-07
0552  1.12305e+19  2.19098e+03  1.77987e+06  4.01375e-20  0.00000e+00  0.00000e+00  3.11353e-07
0553  1.12489e+19  2.19023e+03  1.77802e+06  3.98975e-20  0.00000e+00  0.00000e+00  3.10335e-07
0554  1.12673e+19  2.18875e+03  1.77639e+06  3.96665e-20  0.00000e+00  0.00000e+00  3.09321e-07
0555  1.12857e+19  2.19149e+03  1.77354e+06  3.93974e-20  0.00000e+00  0.00000e+00  3.08312e-07
