# Athena++ data at time=1.640000e+13  cycle=1098966682  variables=uov 
# i       x1v         user_out_var0          user_out_var1          user_out_var2          user_out_var3          user_out_var4          user_out_var5      
0002  1.13875e+18  4.91745e+00  3.03478e+04  5.59999e-16  0.00000e+00  0.00000e+00  3.02826e-05
0003  1.15716e+18  1.03218e+01  4.00224e+04  8.70683e-17  0.00000e+00  0.00000e+00  2.93264e-05
0004  1.17558e+18  1.54636e+01  4.91676e+04  4.30157e-17  0.00000e+00  0.00000e+00  2.84148e-05
0005  1.19399e+18  2.23004e+01  6.13414e+04  6.27747e-17  0.00000e+00  0.00000e+00  2.75451e-05
0006  1.21241e+18  3.29236e+01  8.15990e+04  1.03476e-16  0.00000e+00  0.00000e+00  2.67147e-05
0007  1.23082e+18  5.31276e+01  1.23384e+05  1.29047e-16  0.00000e+00  0.00000e+00  2.59213e-05
0008  1.24924e+18  6.27572e+01  1.36872e+05  2.81811e-17  0.00000e+00  0.00000e+00  2.51628e-05
0009  1.26765e+18  6.77536e+01  1.43373e+05  2.26097e-17  0.00000e+00  0.00000e+00  2.44370e-05
0010  1.28607e+18  7.21109e+01  1.48194e+05  2.04176e-17  0.00000e+00  0.00000e+00  2.37422e-05
0011  1.30448e+18  7.54136e+01  1.50867e+05  1.48588e-17  0.00000e+00  0.00000e+00  2.30766e-05
0012  1.32290e+18  7.84609e+01  1.53364e+05  1.49510e-17  0.00000e+00  0.00000e+00  2.24386e-05
0013  1.34131e+18  8.15902e+01  1.55963e+05  1.49570e-17  0.00000e+00  0.00000e+00  2.18267e-05
0014  1.35973e+18  8.47006e+01  1.58586e+05  1.40253e-17  0.00000e+00  0.00000e+00  2.12395e-05
0015  1.37814e+18  8.75322e+01  1.60745e+05  1.22513e-17  0.00000e+00  0.00000e+00  2.06757e-05
0016  1.39656e+18  9.02153e+01  1.62802e+05  1.17374e-17  0.00000e+00  0.00000e+00  2.01340e-05
0017  1.41497e+18  9.28812e+01  1.64893e+05  1.14586e-17  0.00000e+00  0.00000e+00  1.96134e-05
0018  1.43339e+18  9.54909e+01  1.66991e+05  1.02843e-17  0.00000e+00  0.00000e+00  1.91126e-05
0019  1.45180e+18  9.74410e+01  1.67936e+05 -8.73210e-19  0.00000e+00  0.00000e+00  1.86309e-05
0020  1.47022e+18  9.97017e+01  1.69825e+05  1.02703e-17  0.00000e+00  0.00000e+00  1.81671e-05
0021  1.48863e+18  1.02341e+02  1.72115e+05  4.68934e-17  0.00000e+00  0.00000e+00  1.77204e-05
0022  1.50705e+18  1.04374e+02  1.73445e+05  7.54721e-18  0.00000e+00  0.00000e+00  1.72900e-05
0023  1.52546e+18  1.06316e+02  1.75006e+05  8.08461e-18  0.00000e+00  0.00000e+00  1.68750e-05
0024  1.54388e+18  1.08433e+02  1.76771e+05  8.32895e-18  0.00000e+00  0.00000e+00  1.64749e-05
0027  1.56229e+18  1.10560e+02  1.78616e+05  8.09566e-18  0.00000e+00  0.00000e+00  1.60888e-05
0028  1.58071e+18  1.12660e+02  1.80511e+05  7.90188e-18  0.00000e+00  0.00000e+00  1.57161e-05
0029  1.59912e+18  1.14756e+02  1.82480e+05  7.80401e-18  0.00000e+00  0.00000e+00  1.53562e-05
0030  1.61754e+18  1.16871e+02  1.84551e+05  7.77270e-18  0.00000e+00  0.00000e+00  1.50085e-05
0031  1.63595e+18  1.19028e+02  1.86756e+05  7.80385e-18  0.00000e+00  0.00000e+00  1.46726e-05
0032  1.65437e+18  1.21248e+02  1.89129e+05  7.85278e-18  0.00000e+00  0.00000e+00  1.43477e-05
0033  1.67278e+18  1.23486e+02  1.91614e+05  7.56222e-18  0.00000e+00  0.00000e+00  1.40336e-05
0034  1.69120e+18  1.25423e+02  1.93733e+05  6.49704e-18  0.00000e+00  0.00000e+00  1.37296e-05
0035  1.70961e+18  1.26978e+02  1.95486e+05  5.64849e-18  0.00000e+00  0.00000e+00  1.34354e-05
0036  1.72803e+18  1.28256e+02  1.96962e+05  5.18928e-18  0.00000e+00  0.00000e+00  1.31506e-05
0037  1.74644e+18  1.29517e+02  1.98537e+05  5.35096e-18  0.00000e+00  0.00000e+00  1.28747e-05
0038  1.76486e+18  1.30907e+02  2.00317e+05  5.59744e-18  0.00000e+00  0.00000e+00  1.26074e-05
0039  1.78328e+18  1.32412e+02  2.02298e+05  5.74417e-18  0.00000e+00  0.00000e+00  1.23484e-05
0040  1.80169e+18  1.34001e+02  2.04452e+05  5.83059e-18  0.00000e+00  0.00000e+00  1.20973e-05
0041  1.82011e+18  1.35660e+02  2.06769e+05  5.91473e-18  0.00000e+00  0.00000e+00  1.18537e-05
0042  1.83852e+18  1.37419e+02  2.09308e+05  6.00934e-18  0.00000e+00  0.00000e+00  1.16174e-05
0043  1.85694e+18  1.38988e+02  2.11650e+05  5.88895e-18  0.00000e+00  0.00000e+00  1.13882e-05
0044  1.87535e+18  1.39317e+02  2.12197e+05  3.21198e-18  0.00000e+00  0.00000e+00  1.11656e-05
0045  1.89377e+18  1.39707e+02  2.12823e+05  1.65590e-18  0.00000e+00  0.00000e+00  1.09495e-05
0046  1.91218e+18  1.45915e+02  2.23652e+05  7.41655e-18  0.00000e+00  0.00000e+00  1.07396e-05
0047  1.93060e+18  1.53863e+02  2.35686e+05  1.40798e-17  0.00000e+00  0.00000e+00  1.05357e-05
0048  1.94901e+18  1.49740e+02  2.29519e+05  5.72822e-18  0.00000e+00  0.00000e+00  1.03376e-05
0049  1.96743e+18  1.43456e+02  2.19334e+05 -6.96190e-19  0.00000e+00  0.00000e+00  1.01449e-05
0050  1.98584e+18  1.28284e+02  1.97641e+05 -3.55751e-17  0.00000e+00  0.00000e+00  9.95766e-06
0051  2.00426e+18  1.11767e+02  1.79891e+05 -1.77082e-17  0.00000e+00  0.00000e+00  9.77552e-06
0052  2.02267e+18  1.10465e+02  1.78579e+05 -2.12900e-18  0.00000e+00  0.00000e+00  9.59833e-06
0053  2.04109e+18  1.10374e+02  1.78460e+05  1.87655e-18  0.00000e+00  0.00000e+00  9.42591e-06
0054  2.05951e+18  1.11371e+02  1.79332e+05  3.38375e-18  0.00000e+00  0.00000e+00  9.25810e-06
0055  2.07792e+18  1.12045e+02  1.79944e+05  2.95021e-18  0.00000e+00  0.00000e+00  9.09473e-06
0056  2.09634e+18  1.12324e+02  1.80201e+05  2.67226e-18  0.00000e+00  0.00000e+00  8.93564e-06
0057  2.11475e+18  1.12332e+02  1.80209e+05  2.59239e-18  0.00000e+00  0.00000e+00  8.78070e-06
0058  2.13317e+18  1.12117e+02  1.80010e+05  2.69122e-18  0.00000e+00  0.00000e+00  8.62975e-06
0059  2.15158e+18  1.11747e+02  1.79669e+05  2.97234e-18  0.00000e+00  0.00000e+00  8.48265e-06
0060  2.17000e+18  1.11332e+02  1.79293e+05  3.02377e-18  0.00000e+00  0.00000e+00  8.33929e-06
0061  2.18841e+18  1.10991e+02  1.78986e+05  3.09044e-18  0.00000e+00  0.00000e+00  8.19953e-06
0062  2.20683e+18  1.11202e+02  1.79153e+05  4.55406e-18  0.00000e+00  0.00000e+00  8.06326e-06
0063  2.22524e+18  1.11950e+02  1.79855e+05  2.44976e-18  0.00000e+00  0.00000e+00  7.93035e-06
0064  2.24366e+18  1.19029e+02  1.87043e+05 -1.28796e-17  0.00000e+00  0.00000e+00  7.80071e-06
0065  2.26207e+18  2.21953e+02  3.87549e+05  8.44674e-17  0.00000e+00  0.00000e+00  7.67421e-06
0066  2.28049e+18  4.60008e+02  7.34685e+05  7.60416e-17  0.00000e+00  0.00000e+00  7.55077e-06
0067  2.29891e+18  6.52066e+02  1.03000e+06  3.37225e-17  0.00000e+00  0.00000e+00  7.43029e-06
0068  2.31732e+18  7.74769e+02  1.23025e+06  2.53920e-17  0.00000e+00  0.00000e+00  7.31266e-06
0069  2.33574e+18  8.65721e+02  1.38329e+06  2.21274e-17  0.00000e+00  0.00000e+00  7.19781e-06
0070  2.35415e+18  9.45647e+02  1.52260e+06  2.10972e-17  0.00000e+00  0.00000e+00  7.08564e-06
0071  2.37257e+18  1.02291e+03  1.66358e+06  2.06052e-17  0.00000e+00  0.00000e+00  6.97607e-06
0072  2.39098e+18  1.10169e+03  1.81354e+06  2.01086e-17  0.00000e+00  0.00000e+00  6.86902e-06
0073  2.40940e+18  1.18623e+03  1.97418e+06  1.95795e-17  0.00000e+00  0.00000e+00  6.76442e-06
0074  2.42781e+18  1.28054e+03  2.14918e+06  1.88431e-17  0.00000e+00  0.00000e+00  6.66219e-06
0075  2.44623e+18  1.38472e+03  2.34836e+06  1.80335e-17  0.00000e+00  0.00000e+00  6.56226e-06
0076  2.46464e+18  1.50016e+03  2.58039e+06  1.68750e-17  0.00000e+00  0.00000e+00  6.46456e-06
0077  2.48306e+18  1.63132e+03  2.84644e+06  1.55429e-17  0.00000e+00  0.00000e+00  6.36903e-06
0078  2.50147e+18  1.78353e+03  3.14138e+06  1.40867e-17  0.00000e+00  0.00000e+00  6.27560e-06
0079  2.51989e+18  1.94977e+03  3.45271e+06  1.28886e-17  0.00000e+00  0.00000e+00  6.18421e-06
0080  2.53831e+18  2.04004e+03  3.64943e+06  1.20669e-17  0.00000e+00  0.00000e+00  6.09480e-06
0081  2.55672e+18  2.02273e+03  3.68145e+06  1.16878e-17  0.00000e+00  0.00000e+00  6.00732e-06
0082  2.57514e+18  1.96620e+03  3.64825e+06  1.14546e-17  0.00000e+00  0.00000e+00  5.92171e-06
0083  2.59355e+18  1.73471e+03  3.26284e+06  1.19610e-17  0.00000e+00  0.00000e+00  5.83791e-06
0084  2.61197e+18  8.47383e+02  1.59219e+06  8.09898e-18  0.00000e+00  0.00000e+00  5.75588e-06
0085  2.63038e+18  1.75684e+02  2.88882e+05 -2.71343e-17  0.00000e+00  0.00000e+00  5.67557e-06
0086  2.64880e+18  8.68989e+01  1.61101e+05 -6.98094e-17  0.00000e+00  0.00000e+00  5.59693e-06
0087  2.66721e+18  8.61055e+01  1.59690e+05 -8.49109e-19  0.00000e+00  0.00000e+00  5.51991e-06
0088  2.68563e+18  8.71843e+01  1.60459e+05  2.62977e-18  0.00000e+00  0.00000e+00  5.44447e-06
0089  2.70404e+18  8.88401e+01  1.61725e+05  2.04682e-18  0.00000e+00  0.00000e+00  5.37056e-06
0090  2.72246e+18  9.06482e+01  1.63123e+05  1.79818e-18  0.00000e+00  0.00000e+00  5.29815e-06
0091  2.74088e+18  9.25904e+01  1.64649e+05  1.63884e-18  0.00000e+00  0.00000e+00  5.22720e-06
0092  2.75929e+18  9.46903e+01  1.66328e+05  1.52498e-18  0.00000e+00  0.00000e+00  5.15766e-06
0093  2.77771e+18  9.69876e+01  1.67935e+05  1.47423e-17  0.00000e+00  0.00000e+00  5.08950e-06
0094  2.79612e+18  9.97632e+01  1.69876e+05  9.05472e-19  0.00000e+00  0.00000e+00  5.02268e-06
0095  2.81454e+18  1.03141e+02  1.72429e+05  2.50185e-18  0.00000e+00  0.00000e+00  4.95717e-06
0096  2.83295e+18  1.07119e+02  1.75608e+05  2.54499e-18  0.00000e+00  0.00000e+00  4.89293e-06
0097  2.85137e+18  1.16854e+02  1.84600e+05 -6.27124e-19  0.00000e+00  0.00000e+00  4.82993e-06
0098  2.86978e+18  1.48329e+02  2.28741e+05 -8.13489e-18  0.00000e+00  0.00000e+00  4.76814e-06
0099  2.88820e+18  1.59752e+02  2.45790e+05  1.81000e-19  0.00000e+00  0.00000e+00  4.70753e-06
0100  2.90661e+18  1.38867e+02  2.12550e+05 -9.08457e-18  0.00000e+00  0.00000e+00  4.64807e-06
0101  2.92503e+18  1.19548e+02  1.87536e+05 -3.41362e-18  0.00000e+00  0.00000e+00  4.58973e-06
0102  2.94345e+18  1.17660e+02  1.85365e+05  3.61540e-19  0.00000e+00  0.00000e+00  4.53248e-06
0103  2.96186e+18  1.19359e+02  1.87090e+05  9.49767e-19  0.00000e+00  0.00000e+00  4.47629e-06
0104  2.98028e+18  1.26156e+02  1.94930e+05 -4.37424e-18  0.00000e+00  0.00000e+00  4.42114e-06
0105  2.99869e+18  1.33563e+02  2.04611e+05 -6.61249e-18  0.00000e+00  0.00000e+00  4.36701e-06
0106  3.01711e+18  1.35289e+02  2.06581e+05 -2.24003e-18  0.00000e+00  0.00000e+00  4.31386e-06
0107  3.03552e+18  1.35433e+02  2.06469e+05  5.72629e-19  0.00000e+00  0.00000e+00  4.26168e-06
0108  3.05394e+18  1.41547e+02  2.15912e+05  2.00481e-19  0.00000e+00  0.00000e+00  4.21044e-06
0109  3.07235e+18  1.86454e+02  2.91994e+05  2.74921e-17  0.00000e+00  0.00000e+00  4.16011e-06
0110  3.09077e+18  3.12839e+02  4.55968e+05  6.24419e-17  0.00000e+00  0.00000e+00  4.11069e-06
0111  3.10918e+18  4.59853e+02  6.20236e+05  3.65322e-17  0.00000e+00  0.00000e+00  4.06214e-06
0112  3.12760e+18  5.73429e+02  7.45293e+05  2.44776e-17  0.00000e+00  0.00000e+00  4.01444e-06
0113  3.14602e+18  6.59250e+02  8.35803e+05  1.86971e-17  0.00000e+00  0.00000e+00  3.96758e-06
0114  3.16443e+18  7.29237e+02  9.07081e+05  1.58379e-17  0.00000e+00  0.00000e+00  3.92154e-06
0115  3.18285e+18  7.89791e+02  9.66212e+05  1.37937e-17  0.00000e+00  0.00000e+00  3.87629e-06
0116  3.20126e+18  8.44198e+02  1.01807e+06  1.24205e-17  0.00000e+00  0.00000e+00  3.83182e-06
0117  3.21968e+18  8.94108e+02  1.06459e+06  1.13323e-17  0.00000e+00  0.00000e+00  3.78811e-06
0118  3.23809e+18  9.40583e+02  1.10741e+06  1.04082e-17  0.00000e+00  0.00000e+00  3.74515e-06
0119  3.25651e+18  9.84761e+02  1.14757e+06  9.87395e-18  0.00000e+00  0.00000e+00  3.70291e-06
0120  3.27492e+18  1.02689e+03  1.18530e+06  9.29527e-18  0.00000e+00  0.00000e+00  3.66138e-06
0121  3.29334e+18  1.06738e+03  1.22105e+06  8.80535e-18  0.00000e+00  0.00000e+00  3.62055e-06
0122  3.31176e+18  1.10644e+03  1.25494e+06  8.36084e-18  0.00000e+00  0.00000e+00  3.58040e-06
0123  3.33017e+18  1.14409e+03  1.28708e+06  7.94840e-18  0.00000e+00  0.00000e+00  3.54091e-06
0124  3.34859e+18  1.18032e+03  1.31761e+06  7.56556e-18  0.00000e+00  0.00000e+00  3.50207e-06
0125  3.36700e+18  1.21514e+03  1.34670e+06  7.21697e-18  0.00000e+00  0.00000e+00  3.46386e-06
0126  3.38542e+18  1.24874e+03  1.37459e+06  6.92516e-18  0.00000e+00  0.00000e+00  3.42628e-06
0127  3.40383e+18  1.28142e+03  1.40155e+06  6.69739e-18  0.00000e+00  0.00000e+00  3.38931e-06
0128  3.42225e+18  1.31333e+03  1.42762e+06  6.47282e-18  0.00000e+00  0.00000e+00  3.35293e-06
0129  3.44066e+18  1.34449e+03  1.45280e+06  6.25310e-18  0.00000e+00  0.00000e+00  3.31713e-06
0130  3.45908e+18  1.37490e+03  1.47712e+06  6.03940e-18  0.00000e+00  0.00000e+00  3.28191e-06
0131  3.47749e+18  1.40457e+03  1.50059e+06  5.83250e-18  0.00000e+00  0.00000e+00  3.24724e-06
0132  3.49591e+18  1.43350e+03  1.52322e+06  5.63284e-18  0.00000e+00  0.00000e+00  3.21312e-06
0133  3.51433e+18  1.46168e+03  1.54507e+06  5.44062e-18  0.00000e+00  0.00000e+00  3.17953e-06
0134  3.53274e+18  1.48908e+03  1.56617e+06  5.25595e-18  0.00000e+00  0.00000e+00  3.14647e-06
0135  3.55116e+18  1.51573e+03  1.58663e+06  5.08783e-18  0.00000e+00  0.00000e+00  3.11392e-06
0136  3.56957e+18  1.54169e+03  1.60651e+06  4.92953e-18  0.00000e+00  0.00000e+00  3.08188e-06
0137  3.58799e+18  1.56697e+03  1.62584e+06  4.77632e-18  0.00000e+00  0.00000e+00  3.05032e-06
0138  3.60640e+18  1.59156e+03  1.64465e+06  4.62831e-18  0.00000e+00  0.00000e+00  3.01925e-06
0139  3.62482e+18  1.61548e+03  1.66296e+06  4.48554e-18  0.00000e+00  0.00000e+00  2.98865e-06
0140  3.64323e+18  1.63875e+03  1.68077e+06  4.34798e-18  0.00000e+00  0.00000e+00  2.95851e-06
0141  3.66165e+18  1.66138e+03  1.69810e+06  4.21557e-18  0.00000e+00  0.00000e+00  2.92883e-06
0142  3.68007e+18  1.68338e+03  1.71497e+06  4.08819e-18  0.00000e+00  0.00000e+00  2.89959e-06
0143  3.69848e+18  1.70475e+03  1.73138e+06  3.96573e-18  0.00000e+00  0.00000e+00  2.87079e-06
0144  3.71690e+18  1.72547e+03  1.74739e+06  3.84806e-18  0.00000e+00  0.00000e+00  2.84241e-06
0145  3.73531e+18  1.74552e+03  1.76300e+06  3.73504e-18  0.00000e+00  0.00000e+00  2.81445e-06
0146  3.75373e+18  1.76489e+03  1.77826e+06  3.62651e-18  0.00000e+00  0.00000e+00  2.78690e-06
0147  3.77214e+18  1.78357e+03  1.79320e+06  3.52232e-18  0.00000e+00  0.00000e+00  2.75976e-06
0148  3.79056e+18  1.80155e+03  1.80783e+06  3.42232e-18  0.00000e+00  0.00000e+00  2.73301e-06
0149  3.80897e+18  1.81877e+03  1.82219e+06  3.32585e-18  0.00000e+00  0.00000e+00  2.70665e-06
0150  3.82739e+18  1.83543e+03  1.83625e+06  3.24181e-18  0.00000e+00  0.00000e+00  2.68066e-06
0151  3.84581e+18  1.85168e+03  1.85013e+06  3.17171e-18  0.00000e+00  0.00000e+00  2.65505e-06
0152  3.86422e+18  1.86751e+03  1.86374e+06  3.09320e-18  0.00000e+00  0.00000e+00  2.62981e-06
0153  3.88264e+18  1.88288e+03  1.87708e+06  3.01713e-18  0.00000e+00  0.00000e+00  2.60492e-06
0154  3.90105e+18  1.89779e+03  1.89014e+06  2.94342e-18  0.00000e+00  0.00000e+00  2.58038e-06
0155  3.91947e+18  1.91227e+03  1.90294e+06  2.87203e-18  0.00000e+00  0.00000e+00  2.55619e-06
0156  3.93788e+18  1.92631e+03  1.91547e+06  2.80288e-18  0.00000e+00  0.00000e+00  2.53234e-06
0157  3.95630e+18  1.93991e+03  1.92778e+06  2.73592e-18  0.00000e+00  0.00000e+00  2.50882e-06
0158  3.97471e+18  1.95306e+03  1.93987e+06  2.67107e-18  0.00000e+00  0.00000e+00  2.48563e-06
0159  3.99313e+18  1.96574e+03  1.95177e+06  2.60828e-18  0.00000e+00  0.00000e+00  2.46275e-06
0160  4.01155e+18  1.97794e+03  1.96350e+06  2.54749e-18  0.00000e+00  0.00000e+00  2.44019e-06
0161  4.02996e+18  1.98966e+03  1.97507e+06  2.48866e-18  0.00000e+00  0.00000e+00  2.41794e-06
0162  4.04838e+18  2.00089e+03  1.98648e+06  2.43170e-18  0.00000e+00  0.00000e+00  2.39599e-06
0163  4.06679e+18  2.01165e+03  1.99774e+06  2.37657e-18  0.00000e+00  0.00000e+00  2.37434e-06
0164  4.08521e+18  2.02195e+03  2.00886e+06  2.32318e-18  0.00000e+00  0.00000e+00  2.35299e-06
0165  4.10362e+18  2.03182e+03  2.01983e+06  2.27147e-18  0.00000e+00  0.00000e+00  2.33191e-06
0166  4.12204e+18  2.04129e+03  2.03064e+06  2.22138e-18  0.00000e+00  0.00000e+00  2.31113e-06
0167  4.14045e+18  2.05038e+03  2.04130e+06  2.17284e-18  0.00000e+00  0.00000e+00  2.29061e-06
0168  4.15887e+18  2.05908e+03  2.05179e+06  2.12579e-18  0.00000e+00  0.00000e+00  2.27037e-06
0169  4.17728e+18  2.06742e+03  2.06214e+06  2.08019e-18  0.00000e+00  0.00000e+00  2.25040e-06
0170  4.19570e+18  2.07538e+03  2.07233e+06  2.03599e-18  0.00000e+00  0.00000e+00  2.23069e-06
0171  4.21412e+18  2.08296e+03  2.08238e+06  1.99313e-18  0.00000e+00  0.00000e+00  2.21123e-06
0172  4.23253e+18  2.09015e+03  2.09232e+06  1.95158e-18  0.00000e+00  0.00000e+00  2.19203e-06
0173  4.25095e+18  2.09695e+03  2.10216e+06  1.91129e-18  0.00000e+00  0.00000e+00  2.17308e-06
0174  4.26936e+18  2.10335e+03  2.11190e+06  1.87221e-18  0.00000e+00  0.00000e+00  2.15438e-06
0175  4.28778e+18  2.10935e+03  2.12157e+06  1.83431e-18  0.00000e+00  0.00000e+00  2.13591e-06
0176  4.30619e+18  2.11497e+03  2.13117e+06  1.79753e-18  0.00000e+00  0.00000e+00  2.11768e-06
0177  4.32461e+18  2.12023e+03  2.14069e+06  1.76183e-18  0.00000e+00  0.00000e+00  2.09968e-06
0178  4.34302e+18  2.12513e+03  2.15012e+06  1.72716e-18  0.00000e+00  0.00000e+00  2.08191e-06
0179  4.36144e+18  2.12972e+03  2.15947e+06  1.69350e-18  0.00000e+00  0.00000e+00  2.06437e-06
0180  4.37986e+18  2.13401e+03  2.16871e+06  1.66076e-18  0.00000e+00  0.00000e+00  2.04705e-06
0181  4.39827e+18  2.13802e+03  2.17784e+06  1.62892e-18  0.00000e+00  0.00000e+00  2.02994e-06
0182  4.41669e+18  2.14176e+03  2.18686e+06  1.59796e-18  0.00000e+00  0.00000e+00  2.01305e-06
0183  4.43510e+18  2.14525e+03  2.19576e+06  1.56785e-18  0.00000e+00  0.00000e+00  1.99637e-06
0184  4.45352e+18  2.14850e+03  2.20457e+06  1.53856e-18  0.00000e+00  0.00000e+00  1.97989e-06
0185  4.47193e+18  2.15150e+03  2.21327e+06  1.51006e-18  0.00000e+00  0.00000e+00  1.96362e-06
0186  4.49035e+18  2.15426e+03  2.22189e+06  1.48231e-18  0.00000e+00  0.00000e+00  1.94754e-06
0187  4.50876e+18  2.15678e+03  2.23043e+06  1.45530e-18  0.00000e+00  0.00000e+00  1.93167e-06
0188  4.52718e+18  2.15905e+03  2.23890e+06  1.42901e-18  0.00000e+00  0.00000e+00  1.91598e-06
0189  4.54560e+18  2.16108e+03  2.24730e+06  1.40340e-18  0.00000e+00  0.00000e+00  1.90049e-06
0190  4.56401e+18  2.16286e+03  2.25564e+06  1.37845e-18  0.00000e+00  0.00000e+00  1.88519e-06
0191  4.58243e+18  2.16440e+03  2.26394e+06  1.35416e-18  0.00000e+00  0.00000e+00  1.87006e-06
0192  4.60084e+18  2.16570e+03  2.27217e+06  1.33048e-18  0.00000e+00  0.00000e+00  1.85512e-06
0193  4.61926e+18  2.16678e+03  2.28035e+06  1.30740e-18  0.00000e+00  0.00000e+00  1.84036e-06
0194  4.63767e+18  2.16766e+03  2.28846e+06  1.28490e-18  0.00000e+00  0.00000e+00  1.82577e-06
0195  4.65609e+18  2.16835e+03  2.29650e+06  1.26295e-18  0.00000e+00  0.00000e+00  1.81136e-06
0196  4.67450e+18  2.16888e+03  2.30445e+06  1.24153e-18  0.00000e+00  0.00000e+00  1.79712e-06
0197  4.69292e+18  2.16926e+03  2.31231e+06  1.22062e-18  0.00000e+00  0.00000e+00  1.78304e-06
0198  4.71134e+18  2.16949e+03  2.32008e+06  1.20021e-18  0.00000e+00  0.00000e+00  1.76913e-06
0199  4.72975e+18  2.16958e+03  2.32777e+06  1.18027e-18  0.00000e+00  0.00000e+00  1.75538e-06
0200  4.74817e+18  2.16953e+03  2.33539e+06  1.16080e-18  0.00000e+00  0.00000e+00  1.74179e-06
0201  4.76658e+18  2.16931e+03  2.34294e+06  1.14179e-18  0.00000e+00  0.00000e+00  1.72836e-06
0202  4.78500e+18  2.16894e+03  2.35044e+06  1.12322e-18  0.00000e+00  0.00000e+00  1.71508e-06
0203  4.80341e+18  2.16838e+03  2.35790e+06  1.10508e-18  0.00000e+00  0.00000e+00  1.70195e-06
0204  4.82183e+18  2.16765e+03  2.36532e+06  1.08736e-18  0.00000e+00  0.00000e+00  1.68898e-06
0205  4.84024e+18  2.16674e+03  2.37271e+06  1.07004e-18  0.00000e+00  0.00000e+00  1.67615e-06
0206  4.85866e+18  2.16565e+03  2.38006e+06  1.05312e-18  0.00000e+00  0.00000e+00  1.66347e-06
0207  4.87708e+18  2.16441e+03  2.38738e+06  1.03659e-18  0.00000e+00  0.00000e+00  1.65093e-06
0208  4.89549e+18  2.16301e+03  2.39465e+06  1.02041e-18  0.00000e+00  0.00000e+00  1.63853e-06
0209  4.91391e+18  2.16150e+03  2.40187e+06  1.00459e-18  0.00000e+00  0.00000e+00  1.62627e-06
0210  4.93232e+18  2.15987e+03  2.40901e+06  9.89111e-19  0.00000e+00  0.00000e+00  1.61415e-06
0211  4.95074e+18  2.15817e+03  2.41607e+06  9.73957e-19  0.00000e+00  0.00000e+00  1.60217e-06
0212  4.96915e+18  2.15639e+03  2.42304e+06  9.59118e-19  0.00000e+00  0.00000e+00  1.59031e-06
0213  4.98757e+18  2.15455e+03  2.42991e+06  9.44586e-19  0.00000e+00  0.00000e+00  1.57859e-06
0214  5.00598e+18  2.15265e+03  2.43669e+06  9.30350e-19  0.00000e+00  0.00000e+00  1.56700e-06
0215  5.02440e+18  2.15069e+03  2.44337e+06  9.16406e-19  0.00000e+00  0.00000e+00  1.55553e-06
0216  5.04282e+18  2.14865e+03  2.44997e+06  9.02746e-19  0.00000e+00  0.00000e+00  1.54419e-06
0217  5.06123e+18  2.14652e+03  2.45650e+06  8.89368e-19  0.00000e+00  0.00000e+00  1.53298e-06
0218  5.07965e+18  2.14428e+03  2.46298e+06  8.76265e-19  0.00000e+00  0.00000e+00  1.52188e-06
0219  5.09806e+18  2.14192e+03  2.46941e+06  8.63433e-19  0.00000e+00  0.00000e+00  1.51091e-06
0220  5.11648e+18  2.13941e+03  2.47580e+06  8.50867e-19  0.00000e+00  0.00000e+00  1.50005e-06
0221  5.13489e+18  2.13677e+03  2.48215e+06  8.38560e-19  0.00000e+00  0.00000e+00  1.48931e-06
0222  5.15331e+18  2.13400e+03  2.48846e+06  8.26506e-19  0.00000e+00  0.00000e+00  1.47868e-06
0223  5.17172e+18  2.13110e+03  2.49471e+06  8.14696e-19  0.00000e+00  0.00000e+00  1.46817e-06
0224  5.19014e+18  2.12810e+03  2.50089e+06  8.03122e-19  0.00000e+00  0.00000e+00  1.45777e-06
0225  5.20856e+18  2.12501e+03  2.50698e+06  7.91776e-19  0.00000e+00  0.00000e+00  1.44748e-06
0226  5.22697e+18  2.12184e+03  2.51297e+06  7.80652e-19  0.00000e+00  0.00000e+00  1.43730e-06
0227  5.24539e+18  2.11862e+03  2.51884e+06  7.69742e-19  0.00000e+00  0.00000e+00  1.42723e-06
0228  5.26380e+18  2.11536e+03  2.52459e+06  7.59039e-19  0.00000e+00  0.00000e+00  1.41726e-06
0229  5.28222e+18  2.11207e+03  2.53022e+06  7.48536e-19  0.00000e+00  0.00000e+00  1.40739e-06
0230  5.30063e+18  2.10875e+03  2.53575e+06  7.38225e-19  0.00000e+00  0.00000e+00  1.39763e-06
0231  5.31905e+18  2.10540e+03  2.54116e+06  7.28628e-19  0.00000e+00  0.00000e+00  1.38797e-06
0232  5.33746e+18  2.10199e+03  2.54647e+06  7.18637e-19  0.00000e+00  0.00000e+00  1.37841e-06
0233  5.35588e+18  2.09851e+03  2.55168e+06  7.08836e-19  0.00000e+00  0.00000e+00  1.36894e-06
0234  5.37430e+18  2.09495e+03  2.55680e+06  6.99220e-19  0.00000e+00  0.00000e+00  1.35958e-06
0235  5.39271e+18  2.09128e+03  2.56187e+06  6.89785e-19  0.00000e+00  0.00000e+00  1.35031e-06
0236  5.41113e+18  2.08752e+03  2.56687e+06  6.80526e-19  0.00000e+00  0.00000e+00  1.34113e-06
0237  5.42954e+18  2.08366e+03  2.57184e+06  6.71436e-19  0.00000e+00  0.00000e+00  1.33205e-06
0238  5.44796e+18  2.07971e+03  2.57677e+06  6.62511e-19  0.00000e+00  0.00000e+00  1.32306e-06
0239  5.46637e+18  2.07567e+03  2.58167e+06  6.53743e-19  0.00000e+00  0.00000e+00  1.31416e-06
0240  5.48479e+18  2.07157e+03  2.58652e+06  6.45129e-19  0.00000e+00  0.00000e+00  1.30535e-06
0241  5.50320e+18  2.06743e+03  2.59133e+06  6.36662e-19  0.00000e+00  0.00000e+00  1.29663e-06
0242  5.52162e+18  2.06325e+03  2.59607e+06  6.28338e-19  0.00000e+00  0.00000e+00  1.28800e-06
0243  5.54004e+18  2.05907e+03  2.60075e+06  6.20151e-19  0.00000e+00  0.00000e+00  1.27945e-06
0244  5.55845e+18  2.05489e+03  2.60535e+06  6.12099e-19  0.00000e+00  0.00000e+00  1.27098e-06
0245  5.57687e+18  2.05072e+03  2.60987e+06  6.04177e-19  0.00000e+00  0.00000e+00  1.26260e-06
0246  5.59528e+18  2.04657e+03  2.61430e+06  5.96383e-19  0.00000e+00  0.00000e+00  1.25431e-06
0247  5.61370e+18  2.04244e+03  2.61865e+06  5.88714e-19  0.00000e+00  0.00000e+00  1.24609e-06
0248  5.63211e+18  2.03832e+03  2.62292e+06  5.81167e-19  0.00000e+00  0.00000e+00  1.23795e-06
0249  5.65053e+18  2.03421e+03  2.62713e+06  5.73740e-19  0.00000e+00  0.00000e+00  1.22990e-06
0250  5.66894e+18  2.03008e+03  2.63129e+06  5.66431e-19  0.00000e+00  0.00000e+00  1.22192e-06
0251  5.68736e+18  2.02594e+03  2.63542e+06  5.59238e-19  0.00000e+00  0.00000e+00  1.21402e-06
0252  5.70578e+18  2.02175e+03  2.63954e+06  5.52157e-19  0.00000e+00  0.00000e+00  1.20620e-06
0253  5.72419e+18  2.01753e+03  2.64366e+06  5.45187e-19  0.00000e+00  0.00000e+00  1.19845e-06
0254  5.74261e+18  2.01326e+03  2.64779e+06  5.38325e-19  0.00000e+00  0.00000e+00  1.19077e-06
0255  5.76102e+18  2.00895e+03  2.65194e+06  5.31566e-19  0.00000e+00  0.00000e+00  1.18317e-06
0256  5.77944e+18  2.00460e+03  2.65611e+06  5.24909e-19  0.00000e+00  0.00000e+00  1.17565e-06
0257  5.79785e+18  2.00023e+03  2.66029e+06  5.18349e-19  0.00000e+00  0.00000e+00  1.16819e-06
0258  5.81627e+18  1.99586e+03  2.66448e+06  5.11884e-19  0.00000e+00  0.00000e+00  1.16080e-06
0259  5.83468e+18  1.99150e+03  2.66869e+06  5.05510e-19  0.00000e+00  0.00000e+00  1.15349e-06
0260  5.85310e+18  1.98717e+03  2.67291e+06  4.99226e-19  0.00000e+00  0.00000e+00  1.14624e-06
0261  5.87152e+18  1.98289e+03  2.67710e+06  4.93028e-19  0.00000e+00  0.00000e+00  1.13906e-06
0262  5.88993e+18  1.97868e+03  2.68130e+06  4.86914e-19  0.00000e+00  0.00000e+00  1.13195e-06
0263  5.90835e+18  1.97452e+03  2.68550e+06  4.80882e-19  0.00000e+00  0.00000e+00  1.12490e-06
0264  5.92676e+18  1.97042e+03  2.68971e+06  4.74931e-19  0.00000e+00  0.00000e+00  1.11792e-06
0265  5.94518e+18  1.96639e+03  2.69393e+06  4.69060e-19  0.00000e+00  0.00000e+00  1.11101e-06
0266  5.96359e+18  1.96241e+03  2.69817e+06  4.63267e-19  0.00000e+00  0.00000e+00  1.10416e-06
0267  5.98201e+18  1.95848e+03  2.70244e+06  4.57551e-19  0.00000e+00  0.00000e+00  1.09737e-06
0268  6.00043e+18  1.95457e+03  2.70676e+06  4.51911e-19  0.00000e+00  0.00000e+00  1.09065e-06
0269  6.01884e+18  1.95067e+03  2.71113e+06  4.46347e-19  0.00000e+00  0.00000e+00  1.08398e-06
0270  6.03726e+18  1.94678e+03  2.71556e+06  4.40856e-19  0.00000e+00  0.00000e+00  1.07738e-06
0271  6.05567e+18  1.94287e+03  2.72006e+06  4.35439e-19  0.00000e+00  0.00000e+00  1.07084e-06
0272  6.07409e+18  1.93894e+03  2.72461e+06  4.30095e-19  0.00000e+00  0.00000e+00  1.06435e-06
0273  6.09250e+18  1.93499e+03  2.72922e+06  4.24824e-19  0.00000e+00  0.00000e+00  1.05793e-06
0274  6.11092e+18  1.93102e+03  2.73386e+06  4.19625e-19  0.00000e+00  0.00000e+00  1.05156e-06
0275  6.12933e+18  1.92705e+03  2.73850e+06  4.14498e-19  0.00000e+00  0.00000e+00  1.04525e-06
0276  6.14775e+18  1.92310e+03  2.74309e+06  4.09444e-19  0.00000e+00  0.00000e+00  1.03900e-06
0277  6.16617e+18  1.91919e+03  2.74760e+06  4.04463e-19  0.00000e+00  0.00000e+00  1.03280e-06
0278  6.18458e+18  1.91531e+03  2.75202e+06  3.99556e-19  0.00000e+00  0.00000e+00  1.02666e-06
0279  6.20300e+18  1.91146e+03  2.75633e+06  3.94722e-19  0.00000e+00  0.00000e+00  1.02057e-06
0280  6.22141e+18  1.90763e+03  2.76051e+06  3.89961e-19  0.00000e+00  0.00000e+00  1.01454e-06
0281  6.23983e+18  1.90383e+03  2.76457e+06  3.85272e-19  0.00000e+00  0.00000e+00  1.00856e-06
0282  6.25824e+18  1.90003e+03  2.76851e+06  3.80655e-19  0.00000e+00  0.00000e+00  1.00263e-06
0283  6.27666e+18  1.89622e+03  2.77233e+06  3.76107e-19  0.00000e+00  0.00000e+00  9.96760e-07
0284  6.29507e+18  1.89241e+03  2.77606e+06  3.71627e-19  0.00000e+00  0.00000e+00  9.90937e-07
0285  6.31349e+18  1.88857e+03  2.77971e+06  3.67213e-19  0.00000e+00  0.00000e+00  9.85164e-07
0286  6.33191e+18  1.88470e+03  2.78330e+06  3.62863e-19  0.00000e+00  0.00000e+00  9.79442e-07
0287  6.35032e+18  1.88079e+03  2.78685e+06  3.58573e-19  0.00000e+00  0.00000e+00  9.73770e-07
0288  6.36874e+18  1.87683e+03  2.79041e+06  3.54341e-19  0.00000e+00  0.00000e+00  9.68146e-07
0289  6.38715e+18  1.87284e+03  2.79400e+06  3.50163e-19  0.00000e+00  0.00000e+00  9.62572e-07
0290  6.40557e+18  1.86879e+03  2.79764e+06  3.46037e-19  0.00000e+00  0.00000e+00  9.57045e-07
0291  6.42398e+18  1.86472e+03  2.80137e+06  3.41960e-19  0.00000e+00  0.00000e+00  9.51566e-07
0292  6.44240e+18  1.86064e+03  2.80520e+06  3.37930e-19  0.00000e+00  0.00000e+00  9.46133e-07
0293  6.46081e+18  1.85657e+03  2.80914e+06  3.33944e-19  0.00000e+00  0.00000e+00  9.40747e-07
0294  6.47923e+18  1.85252e+03  2.81324e+06  3.29999e-19  0.00000e+00  0.00000e+00  9.35407e-07
0295  6.49765e+18  1.84849e+03  2.81754e+06  3.26092e-19  0.00000e+00  0.00000e+00  9.30113e-07
0296  6.51606e+18  1.84451e+03  2.82206e+06  3.22221e-19  0.00000e+00  0.00000e+00  9.24863e-07
0297  6.53448e+18  1.84062e+03  2.82682e+06  3.18385e-19  0.00000e+00  0.00000e+00  9.19657e-07
0298  6.55289e+18  1.83684e+03  2.83178e+06  3.14585e-19  0.00000e+00  0.00000e+00  9.14495e-07
0299  6.57131e+18  1.83317e+03  2.83690e+06  3.10824e-19  0.00000e+00  0.00000e+00  9.09377e-07
0300  6.58972e+18  1.82965e+03  2.84217e+06  3.07101e-19  0.00000e+00  0.00000e+00  9.04301e-07
0301  6.60814e+18  1.82646e+03  2.84785e+06  3.03402e-19  0.00000e+00  0.00000e+00  8.99268e-07
0302  6.62655e+18  1.82410e+03  2.85471e+06  2.99684e-19  0.00000e+00  0.00000e+00  8.94277e-07
0303  6.64497e+18  1.82344e+03  2.86412e+06  2.95873e-19  0.00000e+00  0.00000e+00  8.89327e-07
0304  6.66339e+18  1.82491e+03  2.87680e+06  2.91941e-19  0.00000e+00  0.00000e+00  8.84418e-07
0305  6.68180e+18  1.82541e+03  2.88790e+06  2.88156e-19  0.00000e+00  0.00000e+00  8.79550e-07
0306  6.70022e+18  1.81886e+03  2.88775e+06  2.85025e-19  0.00000e+00  0.00000e+00  8.74722e-07
0307  6.71863e+18  1.80850e+03  2.88139e+06  2.82235e-19  0.00000e+00  0.00000e+00  8.69933e-07
0308  6.73705e+18  1.79501e+03  2.86984e+06  2.81109e-19  0.00000e+00  0.00000e+00  8.65184e-07
0309  6.75546e+18  1.77240e+03  2.84342e+06  2.80485e-19  0.00000e+00  0.00000e+00  8.60473e-07
0310  6.77388e+18  1.72990e+03  2.78457e+06  2.82358e-19  0.00000e+00  0.00000e+00  8.55801e-07
0311  6.79229e+18  1.65061e+03  2.66555e+06  2.88552e-19  0.00000e+00  0.00000e+00  8.51167e-07
0312  6.81071e+18  1.51427e+03  2.45297e+06  2.98864e-19  0.00000e+00  0.00000e+00  8.46570e-07
0313  6.82913e+18  1.31056e+03  2.12877e+06  3.08466e-19  0.00000e+00  0.00000e+00  8.42010e-07
0314  6.84754e+18  1.05786e+03  1.72173e+06  3.00096e-19  0.00000e+00  0.00000e+00  8.37487e-07
0315  6.86596e+18  8.02461e+02  1.30734e+06  2.88987e-19  0.00000e+00  0.00000e+00  8.33001e-07
0316  6.88437e+18  5.87517e+02  9.56856e+05  4.70058e-19  0.00000e+00  0.00000e+00  8.28550e-07
0317  6.90279e+18  4.29146e+02  6.97255e+05  1.00680e-18  0.00000e+00  0.00000e+00  8.24135e-07
0318  6.92120e+18  3.24258e+02  5.23467e+05  1.77153e-18  0.00000e+00  0.00000e+00  8.19755e-07
0319  6.93962e+18  2.67760e+02  4.26853e+05  2.16302e-18  0.00000e+00  0.00000e+00  8.15410e-07
0320  6.95803e+18  2.51197e+02  3.93375e+05  2.28417e-18  0.00000e+00  0.00000e+00  8.11100e-07
0321  6.97645e+18  2.49813e+02  3.82682e+05  2.44105e-18  0.00000e+00  0.00000e+00  8.06824e-07
0322  6.99487e+18  2.51663e+02  3.75520e+05  2.63195e-18  0.00000e+00  0.00000e+00  8.02581e-07
0323  7.01328e+18  2.60040e+02  3.76370e+05  2.82230e-18  0.00000e+00  0.00000e+00  7.98371e-07
0324  7.03170e+18  2.77457e+02  3.88252e+05  2.91085e-18  0.00000e+00  0.00000e+00  7.94195e-07
0325  7.05011e+18  3.05032e+02  4.12193e+05  2.83056e-18  0.00000e+00  0.00000e+00  7.90052e-07
0326  7.06853e+18  3.42342e+02  4.47455e+05  2.53333e-18  0.00000e+00  0.00000e+00  7.85940e-07
0327  7.08694e+18  3.87720e+02  4.92057e+05  2.15487e-18  0.00000e+00  0.00000e+00  7.81861e-07
0328  7.10536e+18  4.38699e+02  5.42993e+05  1.76670e-18  0.00000e+00  0.00000e+00  7.77813e-07
0329  7.12378e+18  4.92424e+02  5.96802e+05  1.44776e-18  0.00000e+00  0.00000e+00  7.73797e-07
0330  7.14219e+18  5.45968e+02  6.49872e+05  1.20227e-18  0.00000e+00  0.00000e+00  7.69812e-07
0331  7.16061e+18  5.96808e+02  6.99245e+05  1.01889e-18  0.00000e+00  0.00000e+00  7.65858e-07
0332  7.17902e+18  6.43352e+02  7.43200e+05  8.82703e-19  0.00000e+00  0.00000e+00  7.61933e-07
0333  7.19744e+18  6.85046e+02  7.81310e+05  7.92287e-19  0.00000e+00  0.00000e+00  7.58039e-07
0334  7.21585e+18  7.22047e+02  8.13845e+05  7.26355e-19  0.00000e+00  0.00000e+00  7.54175e-07
0335  7.23427e+18  7.54883e+02  8.41523e+05  6.74230e-19  0.00000e+00  0.00000e+00  7.50340e-07
0336  7.25268e+18  7.84258e+02  8.65257e+05  6.32138e-19  0.00000e+00  0.00000e+00  7.46535e-07
0337  7.27110e+18  8.10879e+02  8.85933e+05  5.99415e-19  0.00000e+00  0.00000e+00  7.42758e-07
0338  7.28952e+18  8.35347e+02  9.04280e+05  5.71133e-19  0.00000e+00  0.00000e+00  7.39010e-07
0339  7.30793e+18  8.58120e+02  9.20870e+05  5.46159e-19  0.00000e+00  0.00000e+00  7.35290e-07
0340  7.32635e+18  8.79529e+02  9.36124e+05  5.23723e-19  0.00000e+00  0.00000e+00  7.31598e-07
0341  7.34476e+18  8.99811e+02  9.50346e+05  5.03296e-19  0.00000e+00  0.00000e+00  7.27934e-07
0342  7.36318e+18  9.19178e+02  9.63783e+05  4.84479e-19  0.00000e+00  0.00000e+00  7.24298e-07
0343  7.38159e+18  9.37848e+02  9.76704e+05  4.66362e-19  0.00000e+00  0.00000e+00  7.20688e-07
0344  7.40001e+18  9.55981e+02  9.89276e+05  4.57584e-19  0.00000e+00  0.00000e+00  7.17106e-07
0345  7.41842e+18  9.73618e+02  1.00150e+06  4.44804e-19  0.00000e+00  0.00000e+00  7.13550e-07
0346  7.43684e+18  9.90766e+02  1.01339e+06  4.32593e-19  0.00000e+00  0.00000e+00  7.10020e-07
0347  7.45526e+18  1.00744e+03  1.02496e+06  4.20927e-19  0.00000e+00  0.00000e+00  7.06517e-07
0348  7.47367e+18  1.02367e+03  1.03622e+06  4.09777e-19  0.00000e+00  0.00000e+00  7.03039e-07
0349  7.49209e+18  1.03950e+03  1.04720e+06  3.99301e-19  0.00000e+00  0.00000e+00  6.99587e-07
0350  7.51050e+18  1.05495e+03  1.05791e+06  3.89753e-19  0.00000e+00  0.00000e+00  6.96161e-07
0351  7.52892e+18  1.07005e+03  1.06838e+06  3.80558e-19  0.00000e+00  0.00000e+00  6.92759e-07
0352  7.54733e+18  1.08482e+03  1.07861e+06  3.71701e-19  0.00000e+00  0.00000e+00  6.89383e-07
0353  7.56575e+18  1.09926e+03  1.08860e+06  3.63169e-19  0.00000e+00  0.00000e+00  6.86031e-07
0354  7.58416e+18  1.11338e+03  1.09836e+06  3.54948e-19  0.00000e+00  0.00000e+00  6.82703e-07
0355  7.60258e+18  1.12718e+03  1.10790e+06  3.47024e-19  0.00000e+00  0.00000e+00  6.79400e-07
0356  7.62100e+18  1.14069e+03  1.11724e+06  3.39381e-19  0.00000e+00  0.00000e+00  6.76121e-07
0357  7.63941e+18  1.15390e+03  1.12639e+06  3.32004e-19  0.00000e+00  0.00000e+00  6.72865e-07
0358  7.65783e+18  1.16683e+03  1.13539e+06  3.24876e-19  0.00000e+00  0.00000e+00  6.69632e-07
0359  7.67624e+18  1.17949e+03  1.14424e+06  3.18041e-19  0.00000e+00  0.00000e+00  6.66423e-07
0360  7.69466e+18  1.19191e+03  1.15298e+06  3.11574e-19  0.00000e+00  0.00000e+00  6.63237e-07
0361  7.71307e+18  1.20409e+03  1.16161e+06  3.05300e-19  0.00000e+00  0.00000e+00  6.60074e-07
0362  7.73149e+18  1.21604e+03  1.17016e+06  2.99210e-19  0.00000e+00  0.00000e+00  6.56933e-07
0363  7.74990e+18  1.22776e+03  1.17863e+06  2.93297e-19  0.00000e+00  0.00000e+00  6.53815e-07
0364  7.76832e+18  1.23927e+03  1.18703e+06  2.87551e-19  0.00000e+00  0.00000e+00  6.50719e-07
0365  7.78674e+18  1.25059e+03  1.19538e+06  2.82250e-19  0.00000e+00  0.00000e+00  6.47644e-07
0366  7.80515e+18  1.26175e+03  1.20371e+06  2.77532e-19  0.00000e+00  0.00000e+00  6.44592e-07
0367  7.82357e+18  1.27275e+03  1.21202e+06  2.72898e-19  0.00000e+00  0.00000e+00  6.41561e-07
0368  7.84198e+18  1.28360e+03  1.22030e+06  2.68351e-19  0.00000e+00  0.00000e+00  6.38551e-07
0369  7.86040e+18  1.29428e+03  1.22855e+06  2.63891e-19  0.00000e+00  0.00000e+00  6.35563e-07
0370  7.87881e+18  1.30480e+03  1.23675e+06  2.59519e-19  0.00000e+00  0.00000e+00  6.32595e-07
0371  7.89723e+18  1.31516e+03  1.24492e+06  2.55236e-19  0.00000e+00  0.00000e+00  6.29648e-07
0372  7.91564e+18  1.32533e+03  1.25303e+06  2.51042e-19  0.00000e+00  0.00000e+00  6.26722e-07
0373  7.93406e+18  1.33533e+03  1.26111e+06  2.46937e-19  0.00000e+00  0.00000e+00  6.23816e-07
0374  7.95248e+18  1.34515e+03  1.26913e+06  2.42919e-19  0.00000e+00  0.00000e+00  6.20930e-07
0375  7.97089e+18  1.35479e+03  1.27710e+06  2.38988e-19  0.00000e+00  0.00000e+00  6.18064e-07
0376  7.98931e+18  1.36424e+03  1.28502e+06  2.35143e-19  0.00000e+00  0.00000e+00  6.15218e-07
0377  8.00772e+18  1.37352e+03  1.29287e+06  2.31385e-19  0.00000e+00  0.00000e+00  6.12392e-07
0378  8.02614e+18  1.38262e+03  1.30065e+06  2.27712e-19  0.00000e+00  0.00000e+00  6.09585e-07
0379  8.04455e+18  1.39156e+03  1.30834e+06  2.24124e-19  0.00000e+00  0.00000e+00  6.06797e-07
0380  8.06297e+18  1.40035e+03  1.31594e+06  2.20621e-19  0.00000e+00  0.00000e+00  6.04029e-07
0381  8.08139e+18  1.40899e+03  1.32342e+06  2.17201e-19  0.00000e+00  0.00000e+00  6.01279e-07
0382  8.09980e+18  1.41748e+03  1.33079e+06  2.13862e-19  0.00000e+00  0.00000e+00  5.98548e-07
0383  8.11822e+18  1.42584e+03  1.33806e+06  2.10601e-19  0.00000e+00  0.00000e+00  5.95835e-07
0384  8.13663e+18  1.43405e+03  1.34525e+06  2.07453e-19  0.00000e+00  0.00000e+00  5.93141e-07
0385  8.15505e+18  1.44213e+03  1.35239e+06  2.04526e-19  0.00000e+00  0.00000e+00  5.90466e-07
0386  8.17346e+18  1.45004e+03  1.35950e+06  2.01655e-19  0.00000e+00  0.00000e+00  5.87808e-07
0387  8.19188e+18  1.45776e+03  1.36658e+06  1.98838e-19  0.00000e+00  0.00000e+00  5.85168e-07
0388  8.21029e+18  1.46527e+03  1.37366e+06  1.96076e-19  0.00000e+00  0.00000e+00  5.82546e-07
0389  8.22871e+18  1.47258e+03  1.38072e+06  1.93367e-19  0.00000e+00  0.00000e+00  5.79941e-07
0390  8.24713e+18  1.47967e+03  1.38778e+06  1.90712e-19  0.00000e+00  0.00000e+00  5.77354e-07
0391  8.26554e+18  1.48656e+03  1.39482e+06  1.88109e-19  0.00000e+00  0.00000e+00  5.74784e-07
0392  8.28396e+18  1.49327e+03  1.40183e+06  1.85558e-19  0.00000e+00  0.00000e+00  5.72232e-07
0393  8.30237e+18  1.49983e+03  1.40880e+06  1.83063e-19  0.00000e+00  0.00000e+00  5.69696e-07
0394  8.32079e+18  1.50625e+03  1.41573e+06  1.80676e-19  0.00000e+00  0.00000e+00  5.67177e-07
0395  8.33920e+18  1.51255e+03  1.42261e+06  1.78333e-19  0.00000e+00  0.00000e+00  5.64675e-07
0396  8.35762e+18  1.51876e+03  1.42944e+06  1.76032e-19  0.00000e+00  0.00000e+00  5.62189e-07
0397  8.37603e+18  1.52489e+03  1.43621e+06  1.73772e-19  0.00000e+00  0.00000e+00  5.59720e-07
0398  8.39445e+18  1.53094e+03  1.44290e+06  1.71553e-19  0.00000e+00  0.00000e+00  5.57267e-07
0399  8.41287e+18  1.53695e+03  1.44952e+06  1.69373e-19  0.00000e+00  0.00000e+00  5.54830e-07
0400  8.43128e+18  1.54291e+03  1.45607e+06  1.67231e-19  0.00000e+00  0.00000e+00  5.52409e-07
0401  8.44970e+18  1.54883e+03  1.46253e+06  1.65126e-19  0.00000e+00  0.00000e+00  5.50003e-07
0402  8.46811e+18  1.55472e+03  1.46891e+06  1.63058e-19  0.00000e+00  0.00000e+00  5.47614e-07
0403  8.48653e+18  1.56057e+03  1.47521e+06  1.61025e-19  0.00000e+00  0.00000e+00  5.45240e-07
0404  8.50494e+18  1.56640e+03  1.48143e+06  1.59027e-19  0.00000e+00  0.00000e+00  5.42881e-07
0405  8.52336e+18  1.57221e+03  1.48756e+06  1.57063e-19  0.00000e+00  0.00000e+00  5.40538e-07
0406  8.54177e+18  1.57801e+03  1.49361e+06  1.55131e-19  0.00000e+00  0.00000e+00  5.38209e-07
0407  8.56019e+18  1.58380e+03  1.49955e+06  1.53233e-19  0.00000e+00  0.00000e+00  5.35896e-07
0408  8.57861e+18  1.58959e+03  1.50540e+06  1.51366e-19  0.00000e+00  0.00000e+00  5.33598e-07
0409  8.59702e+18  1.59539e+03  1.51114e+06  1.49529e-19  0.00000e+00  0.00000e+00  5.31314e-07
0410  8.61544e+18  1.60120e+03  1.51678e+06  1.47724e-19  0.00000e+00  0.00000e+00  5.29045e-07
0411  8.63385e+18  1.60702e+03  1.52230e+06  1.45947e-19  0.00000e+00  0.00000e+00  5.26791e-07
0412  8.65227e+18  1.61285e+03  1.52772e+06  1.44200e-19  0.00000e+00  0.00000e+00  5.24551e-07
0413  8.67068e+18  1.61869e+03  1.53303e+06  1.42481e-19  0.00000e+00  0.00000e+00  5.22325e-07
0414  8.68910e+18  1.62454e+03  1.53824e+06  1.40789e-19  0.00000e+00  0.00000e+00  5.20113e-07
0415  8.70751e+18  1.63039e+03  1.54336e+06  1.39124e-19  0.00000e+00  0.00000e+00  5.17916e-07
0416  8.72593e+18  1.63624e+03  1.54840e+06  1.37484e-19  0.00000e+00  0.00000e+00  5.15732e-07
0417  8.74435e+18  1.64210e+03  1.55335e+06  1.35869e-19  0.00000e+00  0.00000e+00  5.13562e-07
0418  8.76276e+18  1.64796e+03  1.55824e+06  1.34279e-19  0.00000e+00  0.00000e+00  5.11406e-07
0419  8.78118e+18  1.65382e+03  1.56305e+06  1.32712e-19  0.00000e+00  0.00000e+00  5.09263e-07
0420  8.79959e+18  1.65968e+03  1.56780e+06  1.31168e-19  0.00000e+00  0.00000e+00  5.07134e-07
0421  8.81801e+18  1.66553e+03  1.57248e+06  1.29653e-19  0.00000e+00  0.00000e+00  5.05018e-07
0422  8.83642e+18  1.67136e+03  1.57709e+06  1.28181e-19  0.00000e+00  0.00000e+00  5.02915e-07
0423  8.85484e+18  1.67718e+03  1.58162e+06  1.26731e-19  0.00000e+00  0.00000e+00  5.00825e-07
0424  8.87326e+18  1.68298e+03  1.58607e+06  1.25302e-19  0.00000e+00  0.00000e+00  4.98749e-07
0425  8.89167e+18  1.68875e+03  1.59045e+06  1.23894e-19  0.00000e+00  0.00000e+00  4.96685e-07
0426  8.91009e+18  1.69448e+03  1.59475e+06  1.22507e-19  0.00000e+00  0.00000e+00  4.94634e-07
0427  8.92850e+18  1.70019e+03  1.59898e+06  1.21140e-19  0.00000e+00  0.00000e+00  4.92595e-07
0428  8.94692e+18  1.70586e+03  1.60315e+06  1.19794e-19  0.00000e+00  0.00000e+00  4.90570e-07
0429  8.96533e+18  1.71149e+03  1.60724e+06  1.18467e-19  0.00000e+00  0.00000e+00  4.88556e-07
0430  8.98375e+18  1.71710e+03  1.61126e+06  1.17160e-19  0.00000e+00  0.00000e+00  4.86555e-07
0431  9.00216e+18  1.72269e+03  1.61522e+06  1.15871e-19  0.00000e+00  0.00000e+00  4.84567e-07
0432  9.02058e+18  1.72825e+03  1.61911e+06  1.14601e-19  0.00000e+00  0.00000e+00  4.82590e-07
0433  9.03900e+18  1.73378e+03  1.62293e+06  1.13349e-19  0.00000e+00  0.00000e+00  4.80626e-07
0434  9.05741e+18  1.73930e+03  1.62668e+06  1.12114e-19  0.00000e+00  0.00000e+00  4.78674e-07
0435  9.07583e+18  1.74479e+03  1.63037e+06  1.10898e-19  0.00000e+00  0.00000e+00  4.76733e-07
0436  9.09424e+18  1.75026e+03  1.63399e+06  1.09698e-19  0.00000e+00  0.00000e+00  4.74804e-07
0437  9.11266e+18  1.75570e+03  1.63754e+06  1.08515e-19  0.00000e+00  0.00000e+00  4.72887e-07
0438  9.13107e+18  1.76112e+03  1.64103e+06  1.07349e-19  0.00000e+00  0.00000e+00  4.70982e-07
0439  9.14949e+18  1.76651e+03  1.64445e+06  1.06199e-19  0.00000e+00  0.00000e+00  4.69088e-07
0440  9.16790e+18  1.77187e+03  1.64780e+06  1.05066e-19  0.00000e+00  0.00000e+00  4.67205e-07
0441  9.18632e+18  1.77720e+03  1.65107e+06  1.03950e-19  0.00000e+00  0.00000e+00  4.65334e-07
0442  9.20474e+18  1.78248e+03  1.65428e+06  1.02850e-19  0.00000e+00  0.00000e+00  4.63474e-07
0443  9.22315e+18  1.78772e+03  1.65741e+06  1.01766e-19  0.00000e+00  0.00000e+00  4.61625e-07
0444  9.24157e+18  1.79291e+03  1.66046e+06  1.00698e-19  0.00000e+00  0.00000e+00  4.59787e-07
0445  9.25998e+18  1.79805e+03  1.66344e+06  9.96465e-20  0.00000e+00  0.00000e+00  4.57960e-07
0446  9.27840e+18  1.80312e+03  1.66633e+06  9.86114e-20  0.00000e+00  0.00000e+00  4.56144e-07
0447  9.29681e+18  1.80812e+03  1.66914e+06  9.74271e-20  0.00000e+00  0.00000e+00  4.54338e-07
0448  9.31523e+18  1.81306e+03  1.67188e+06  9.64968e-20  0.00000e+00  0.00000e+00  4.52544e-07
0449  9.33364e+18  1.81794e+03  1.67454e+06  9.55787e-20  0.00000e+00  0.00000e+00  4.50760e-07
0450  9.35206e+18  1.82277e+03  1.67713e+06  9.46727e-20  0.00000e+00  0.00000e+00  4.48986e-07
0451  9.37048e+18  1.82753e+03  1.67964e+06  9.37787e-20  0.00000e+00  0.00000e+00  4.47223e-07
0452  9.38889e+18  1.83222e+03  1.68208e+06  9.28967e-20  0.00000e+00  0.00000e+00  4.45470e-07
0453  9.40731e+18  1.83685e+03  1.68444e+06  9.20266e-20  0.00000e+00  0.00000e+00  4.43728e-07
0454  9.42572e+18  1.84140e+03  1.68672e+06  9.11688e-20  0.00000e+00  0.00000e+00  4.41996e-07
0455  9.44414e+18  1.84585e+03  1.68891e+06  9.03233e-20  0.00000e+00  0.00000e+00  4.40274e-07
0456  9.46255e+18  1.85021e+03  1.69099e+06  8.94905e-20  0.00000e+00  0.00000e+00  4.38562e-07
0457  9.48097e+18  1.85445e+03  1.69296e+06  8.86707e-20  0.00000e+00  0.00000e+00  4.36860e-07
0458  9.49939e+18  1.85857e+03  1.69482e+06  8.78640e-20  0.00000e+00  0.00000e+00  4.35168e-07
0459  9.51780e+18  1.86255e+03  1.69654e+06  8.70706e-20  0.00000e+00  0.00000e+00  4.33485e-07
0460  9.53622e+18  1.86641e+03  1.69815e+06  8.62902e-20  0.00000e+00  0.00000e+00  4.31813e-07
0461  9.55463e+18  1.87014e+03  1.69963e+06  8.55225e-20  0.00000e+00  0.00000e+00  4.30150e-07
0462  9.57305e+18  1.87376e+03  1.70099e+06  8.47670e-20  0.00000e+00  0.00000e+00  4.28496e-07
0463  9.59146e+18  1.87727e+03  1.70226e+06  8.40230e-20  0.00000e+00  0.00000e+00  4.26853e-07
0464  9.60988e+18  1.88069e+03  1.70344e+06  8.32898e-20  0.00000e+00  0.00000e+00  4.25218e-07
0465  9.62829e+18  1.88403e+03  1.70455e+06  8.25666e-20  0.00000e+00  0.00000e+00  4.23593e-07
0466  9.64671e+18  1.88732e+03  1.70559e+06  8.18529e-20  0.00000e+00  0.00000e+00  4.21977e-07
0467  9.66513e+18  1.89056e+03  1.70659e+06  8.11480e-20  0.00000e+00  0.00000e+00  4.20371e-07
0468  9.68354e+18  1.89377e+03  1.70755e+06  8.04513e-20  0.00000e+00  0.00000e+00  4.18773e-07
0469  9.70196e+18  1.89695e+03  1.70849e+06  7.97625e-20  0.00000e+00  0.00000e+00  4.17185e-07
0470  9.72037e+18  1.90011e+03  1.70940e+06  7.90811e-20  0.00000e+00  0.00000e+00  4.15606e-07
0471  9.73879e+18  1.90327e+03  1.71029e+06  7.84068e-20  0.00000e+00  0.00000e+00  4.14036e-07
0472  9.75720e+18  1.90642e+03  1.71118e+06  7.77391e-20  0.00000e+00  0.00000e+00  4.12474e-07
0473  9.77562e+18  1.90959e+03  1.71207e+06  7.70777e-20  0.00000e+00  0.00000e+00  4.10922e-07
0474  9.79403e+18  1.91276e+03  1.71297e+06  7.64223e-20  0.00000e+00  0.00000e+00  4.09378e-07
0475  9.81245e+18  1.91597e+03  1.71388e+06  7.57725e-20  0.00000e+00  0.00000e+00  4.07843e-07
0476  9.83087e+18  1.91920e+03  1.71482e+06  7.51279e-20  0.00000e+00  0.00000e+00  4.06316e-07
0477  9.84928e+18  1.92247e+03  1.71579e+06  7.44885e-20  0.00000e+00  0.00000e+00  4.04798e-07
0478  9.86770e+18  1.92578e+03  1.71679e+06  7.38539e-20  0.00000e+00  0.00000e+00  4.03289e-07
0479  9.88611e+18  1.92913e+03  1.71782e+06  7.32241e-20  0.00000e+00  0.00000e+00  4.01788e-07
0480  9.90453e+18  1.93251e+03  1.71890e+06  7.25991e-20  0.00000e+00  0.00000e+00  4.00295e-07
0481  9.92294e+18  1.93594e+03  1.72000e+06  7.19789e-20  0.00000e+00  0.00000e+00  3.98810e-07
0482  9.94136e+18  1.93940e+03  1.72114e+06  7.13635e-20  0.00000e+00  0.00000e+00  3.97334e-07
0483  9.95977e+18  1.94288e+03  1.72231e+06  7.07532e-20  0.00000e+00  0.00000e+00  3.95866e-07
0484  9.97819e+18  1.94638e+03  1.72349e+06  7.01480e-20  0.00000e+00  0.00000e+00  3.94406e-07
0485  9.99661e+18  1.94989e+03  1.72470e+06  6.95483e-20  0.00000e+00  0.00000e+00  3.92955e-07
0486  1.00150e+19  1.95341e+03  1.72591e+06  6.89543e-20  0.00000e+00  0.00000e+00  3.91511e-07
0487  1.00334e+19  1.95691e+03  1.72712e+06  6.83662e-20  0.00000e+00  0.00000e+00  3.90075e-07
0488  1.00519e+19  1.96040e+03  1.72832e+06  6.77842e-20  0.00000e+00  0.00000e+00  3.88647e-07
0489  1.00703e+19  1.96385e+03  1.72950e+06  6.72086e-20  0.00000e+00  0.00000e+00  3.87227e-07
0490  1.00887e+19  1.96728e+03  1.73065e+06  6.66397e-20  0.00000e+00  0.00000e+00  3.85814e-07
0491  1.01071e+19  1.97065e+03  1.73176e+06  6.60775e-20  0.00000e+00  0.00000e+00  3.84410e-07
0492  1.01255e+19  1.97398e+03  1.73283e+06  6.55224e-20  0.00000e+00  0.00000e+00  3.83013e-07
0493  1.01439e+19  1.97724e+03  1.73385e+06  6.49743e-20  0.00000e+00  0.00000e+00  3.81623e-07
0494  1.01623e+19  1.98045e+03  1.73482e+06  6.44333e-20  0.00000e+00  0.00000e+00  3.80242e-07
0495  1.01808e+19  1.98359e+03  1.73572e+06  6.38995e-20  0.00000e+00  0.00000e+00  3.78867e-07
0496  1.01992e+19  1.98666e+03  1.73657e+06  6.33727e-20  0.00000e+00  0.00000e+00  3.77500e-07
0497  1.02176e+19  1.98967e+03  1.73735e+06  6.28528e-20  0.00000e+00  0.00000e+00  3.76141e-07
0498  1.02360e+19  1.99261e+03  1.73808e+06  6.23398e-20  0.00000e+00  0.00000e+00  3.74789e-07
0499  1.02544e+19  1.99550e+03  1.73875e+06  6.18333e-20  0.00000e+00  0.00000e+00  3.73444e-07
0500  1.02728e+19  1.99833e+03  1.73938e+06  6.13331e-20  0.00000e+00  0.00000e+00  3.72106e-07
0501  1.02913e+19  2.00112e+03  1.73996e+06  6.08390e-20  0.00000e+00  0.00000e+00  3.70775e-07
0502  1.03097e+19  2.00387e+03  1.74051e+06  6.03506e-20  0.00000e+00  0.00000e+00  3.69452e-07
0503  1.03281e+19  2.00659e+03  1.74103e+06  5.98676e-20  0.00000e+00  0.00000e+00  3.68136e-07
0504  1.03465e+19  2.00928e+03  1.74153e+06  5.93897e-20  0.00000e+00  0.00000e+00  3.66826e-07
0505  1.03649e+19  2.01197e+03  1.74202e+06  5.89167e-20  0.00000e+00  0.00000e+00  3.65524e-07
0506  1.03833e+19  2.01464e+03  1.74250e+06  5.84482e-20  0.00000e+00  0.00000e+00  3.64229e-07
0507  1.04017e+19  2.01731e+03  1.74299e+06  5.79841e-20  0.00000e+00  0.00000e+00  3.62940e-07
0508  1.04202e+19  2.01998e+03  1.74348e+06  5.75242e-20  0.00000e+00  0.00000e+00  3.61658e-07
0509  1.04386e+19  2.02266e+03  1.74398e+06  5.70683e-20  0.00000e+00  0.00000e+00  3.60383e-07
0510  1.04570e+19  2.02534e+03  1.74450e+06  5.66164e-20  0.00000e+00  0.00000e+00  3.59115e-07
0511  1.04754e+19  2.02803e+03  1.74503e+06  5.61683e-20  0.00000e+00  0.00000e+00  3.57854e-07
0512  1.04938e+19  2.03072e+03  1.74557e+06  5.57242e-20  0.00000e+00  0.00000e+00  3.56599e-07
0513  1.05122e+19  2.03342e+03  1.74612e+06  5.52840e-20  0.00000e+00  0.00000e+00  3.55350e-07
0514  1.05307e+19  2.03612e+03  1.74667e+06  5.48478e-20  0.00000e+00  0.00000e+00  3.54109e-07
0515  1.05491e+19  2.03882e+03  1.74722e+06  5.44156e-20  0.00000e+00  0.00000e+00  3.52873e-07
0516  1.05675e+19  2.04152e+03  1.74777e+06  5.39875e-20  0.00000e+00  0.00000e+00  3.51645e-07
0517  1.05859e+19  2.04420e+03  1.74830e+06  5.35637e-20  0.00000e+00  0.00000e+00  3.50422e-07
0518  1.06043e+19  2.04686e+03  1.74881e+06  5.31442e-20  0.00000e+00  0.00000e+00  3.49206e-07
0519  1.06227e+19  2.04951e+03  1.74931e+06  5.27290e-20  0.00000e+00  0.00000e+00  3.47996e-07
0520  1.06412e+19  2.05213e+03  1.74978e+06  5.23183e-20  0.00000e+00  0.00000e+00  3.46793e-07
0521  1.06596e+19  2.05473e+03  1.75023e+06  5.19119e-20  0.00000e+00  0.00000e+00  3.45596e-07
0522  1.06780e+19  2.05730e+03  1.75065e+06  5.15099e-20  0.00000e+00  0.00000e+00  3.44405e-07
0523  1.06964e+19  2.05985e+03  1.75105e+06  5.11121e-20  0.00000e+00  0.00000e+00  3.43220e-07
0524  1.07148e+19  2.06238e+03  1.75144e+06  5.07184e-20  0.00000e+00  0.00000e+00  3.42041e-07
0525  1.07332e+19  2.06490e+03  1.75181e+06  5.03284e-20  0.00000e+00  0.00000e+00  3.40868e-07
0526  1.07516e+19  2.06741e+03  1.75219e+06  4.99420e-20  0.00000e+00  0.00000e+00  3.39702e-07
0527  1.07701e+19  2.06995e+03  1.75258e+06  4.95587e-20  0.00000e+00  0.00000e+00  3.38541e-07
0528  1.07885e+19  2.07251e+03  1.75299e+06  4.91781e-20  0.00000e+00  0.00000e+00  3.37386e-07
0529  1.08069e+19  2.07512e+03  1.75344e+06  4.87999e-20  0.00000e+00  0.00000e+00  3.36237e-07
0530  1.08253e+19  2.07779e+03  1.75395e+06  4.84236e-20  0.00000e+00  0.00000e+00  3.35094e-07
0531  1.08437e+19  2.08055e+03  1.75453e+06  4.80486e-20  0.00000e+00  0.00000e+00  3.33957e-07
0532  1.08621e+19  2.08341e+03  1.75521e+06  4.76747e-20  0.00000e+00  0.00000e+00  3.32826e-07
0533  1.08806e+19  2.08638e+03  1.75598e+06  4.73014e-20  0.00000e+00  0.00000e+00  3.31700e-07
0534  1.08990e+19  2.08950e+03  1.75688e+06  4.69284e-20  0.00000e+00  0.00000e+00  3.30580e-07
0535  1.09174e+19  2.09276e+03  1.75791e+06  4.65554e-20  0.00000e+00  0.00000e+00  3.29466e-07
0536  1.09358e+19  2.09617e+03  1.75908e+06  4.61824e-20  0.00000e+00  0.00000e+00  3.28357e-07
0537  1.09542e+19  2.09974e+03  1.76038e+06  4.58093e-20  0.00000e+00  0.00000e+00  3.27254e-07
0538  1.09726e+19  2.10345e+03  1.76182e+06  4.54363e-20  0.00000e+00  0.00000e+00  3.26156e-07
0539  1.09910e+19  2.10730e+03  1.76338e+06  4.50637e-20  0.00000e+00  0.00000e+00  3.25064e-07
0540  1.10095e+19  2.11127e+03  1.76505e+06  4.46920e-20  0.00000e+00  0.00000e+00  3.23978e-07
0541  1.10279e+19  2.11532e+03  1.76681e+06  4.43218e-20  0.00000e+00  0.00000e+00  3.22897e-07
0542  1.10463e+19  2.11942e+03  1.76863e+06  4.39540e-20  0.00000e+00  0.00000e+00  3.21821e-07
0543  1.10647e+19  2.12352e+03  1.77046e+06  4.35894e-20  0.00000e+00  0.00000e+00  3.20751e-07
0544  1.10831e+19  2.12757e+03  1.77226e+06  4.32292e-20  0.00000e+00  0.00000e+00  3.19686e-07
0545  1.11015e+19  2.13152e+03  1.77400e+06  4.28743e-20  0.00000e+00  0.00000e+00  3.18626e-07
0546  1.11200e+19  2.13530e+03  1.77561e+06  4.25259e-20  0.00000e+00  0.00000e+00  3.17571e-07
0547  1.11384e+19  2.13887e+03  1.77705e+06  4.21851e-20  0.00000e+00  0.00000e+00  3.16522e-07
0548  1.11568e+19  2.14217e+03  1.77828e+06  4.18528e-20  0.00000e+00  0.00000e+00  3.15478e-07
0549  1.11752e+19  2.14515e+03  1.77925e+06  4.15298e-20  0.00000e+00  0.00000e+00  3.14439e-07
0550  1.11936e+19  2.14777e+03  1.77994e+06  4.12167e-20  0.00000e+00  0.00000e+00  3.13405e-07
0551  1.12120e+19  2.15003e+03  1.78030e+06  4.09136e-20  0.00000e+00  0.00000e+00  3.12377e-07
0552  1.12305e+19  2.15184e+03  1.78035e+06  4.06216e-20  0.00000e+00  0.00000e+00  3.11353e-07
0553  1.12489e+19  2.15351e+03  1.78006e+06  4.03365e-20  0.00000e+00  0.00000e+00  3.10335e-07
0554  1.12673e+19  2.15387e+03  1.77955e+06  4.00726e-20  0.00000e+00  0.00000e+00  3.09321e-07
0555  1.12857e+19  2.15896e+03  1.77802e+06  3.97569e-20  0.00000e+00  0.00000e+00  3.08312e-07
