# Athena++ data at time=7.510000e+12  cycle=503246328  variables=prim 
# i       x1v         rho          press          vel1         vel2         vel3     
0002  1.13875e+18  2.14917e-18  8.97288e-06 -4.09800e+05  1.46607e-09  0.00000e+00
0003  1.15716e+18  9.91565e-19  5.45956e-06  2.43594e+05  7.93075e-03  0.00000e+00
0004  1.17558e+18  6.41286e-19  4.33775e-06  3.11370e+05  1.74215e-02  0.00000e+00
0005  1.19399e+18  4.31072e-19  3.63779e-06  4.31074e+05  2.60041e-02  0.00000e+00
0006  1.21241e+18  2.83179e-19  3.17893e-06  6.30627e+05  3.34734e-02  0.00000e+00
0007  1.23082e+18  1.70276e-19  2.89032e-06  9.60056e+05  4.01730e-02  0.00000e+00
0008  1.24924e+18  1.39930e-19  2.63488e-06  1.18967e+06  4.61857e-02  0.00000e+00
0009  1.26765e+18  1.25873e-19  2.48276e-06  1.25753e+06  5.17674e-02  0.00000e+00
0010  1.28607e+18  1.14905e-19  2.34262e-06  1.33326e+06  5.69943e-02  0.00000e+00
0011  1.30448e+18  1.06792e-19  2.21649e-06  1.39560e+06  6.19065e-02  0.00000e+00
0012  1.32290e+18  9.98068e-20  2.10580e-06  1.44948e+06  6.65447e-02  0.00000e+00
0013  1.34131e+18  9.33614e-20  2.00320e-06  1.50695e+06  7.09317e-02  0.00000e+00
0014  1.35973e+18  8.75135e-20  1.90930e-06  1.56415e+06  7.50887e-02  0.00000e+00
0015  1.37814e+18  8.24346e-20  1.82298e-06  1.61716e+06  7.90338e-02  0.00000e+00
0016  1.39656e+18  7.78874e-20  1.74446e-06  1.66616e+06  8.27865e-02  0.00000e+00
0017  1.41497e+18  7.36956e-20  1.67178e-06  1.71497e+06  8.63614e-02  0.00000e+00
0018  1.43339e+18  6.98516e-20  1.60473e-06  1.76261e+06  8.97739e-02  0.00000e+00
0019  1.45180e+18  6.67281e-20  1.54165e-06  1.80138e+06  9.30317e-02  0.00000e+00
0020  1.47022e+18  6.35916e-20  1.48572e-06  1.83968e+06  9.61544e-02  0.00000e+00
0021  1.48863e+18  6.04282e-20  1.43085e-06  1.88849e+06  9.91465e-02  0.00000e+00
0022  1.50705e+18  5.78120e-20  1.37948e-06  1.92879e+06  1.02014e-01  0.00000e+00
0023  1.52546e+18  5.53940e-20  1.33367e-06  1.96277e+06  1.04771e-01  0.00000e+00
0024  1.54388e+18  5.30245e-20  1.28950e-06  2.00186e+06  1.07423e-01  0.00000e+00
0027  1.56229e+18  5.07857e-20  1.24795e-06  2.04132e+06  1.09978e-01  0.00000e+00
0028  1.58071e+18  4.86844e-20  1.20901e-06  2.08011e+06  1.12440e-01  0.00000e+00
0029  1.59912e+18  4.67009e-20  1.17240e-06  2.11878e+06  1.14816e-01  0.00000e+00
0030  1.61754e+18  4.48176e-20  1.13789e-06  2.15780e+06  1.17112e-01  0.00000e+00
0031  1.63595e+18  4.30203e-20  1.10530e-06  2.19756e+06  1.19332e-01  0.00000e+00
0032  1.65437e+18  4.12975e-20  1.07453e-06  2.23832e+06  1.21482e-01  0.00000e+00
0033  1.67278e+18  3.96614e-20  1.04551e-06  2.27920e+06  1.23565e-01  0.00000e+00
0034  1.69120e+18  3.82031e-20  1.01821e-06  2.31567e+06  1.25586e-01  0.00000e+00
0035  1.70961e+18  3.69267e-20  9.93096e-07  2.34445e+06  1.27551e-01  0.00000e+00
0036  1.72803e+18  3.57835e-20  9.69619e-07  2.36822e+06  1.29464e-01  0.00000e+00
0037  1.74644e+18  3.46918e-20  9.47551e-07  2.39105e+06  1.31331e-01  0.00000e+00
0038  1.76486e+18  3.36110e-20  9.26263e-07  2.41657e+06  1.33152e-01  0.00000e+00
0039  1.78328e+18  3.25464e-20  9.05791e-07  2.44435e+06  1.34930e-01  0.00000e+00
0040  1.80169e+18  3.15086e-20  8.86186e-07  2.47360e+06  1.36668e-01  0.00000e+00
0041  1.82011e+18  3.05023e-20  8.67463e-07  2.50374e+06  1.38366e-01  0.00000e+00
0042  1.83852e+18  2.95438e-20  8.49644e-07  2.53363e+06  1.40028e-01  0.00000e+00
0043  1.85694e+18  2.86470e-20  8.32679e-07  2.56021e+06  1.41660e-01  0.00000e+00
0044  1.87535e+18  2.75840e-20  8.17154e-07  2.58655e+06  1.43276e-01  0.00000e+00
0045  1.89377e+18  2.64233e-20  8.04006e-07  2.63345e+06  1.44839e-01  0.00000e+00
0046  1.91218e+18  2.62715e-20  7.87212e-07  2.68296e+06  1.46286e-01  0.00000e+00
0047  1.93060e+18  2.62116e-20  7.70852e-07  2.66977e+06  1.47692e-01  0.00000e+00
0048  1.94901e+18  2.48930e-20  7.60188e-07  2.65930e+06  1.49253e-01  0.00000e+00
0049  1.96743e+18  2.61650e-20  7.45133e-07  2.50308e+06  1.51014e-01  0.00000e+00
0050  1.98584e+18  3.05490e-20  7.64242e-07  2.12141e+06  1.52749e-01  0.00000e+00
0051  2.00426e+18  3.14555e-20  7.65148e-07  1.91174e+06  1.54146e-01  0.00000e+00
0052  2.02267e+18  3.08404e-20  7.50609e-07  1.95950e+06  1.55431e-01  0.00000e+00
0053  2.04109e+18  3.01809e-20  7.35908e-07  1.99982e+06  1.56906e-01  0.00000e+00
0054  2.05951e+18  2.95690e-20  7.21955e-07  2.03738e+06  1.58592e-01  0.00000e+00
0055  2.07792e+18  2.90316e-20  7.09049e-07  2.07035e+06  1.60254e-01  0.00000e+00
0056  2.09634e+18  2.85563e-20  6.97034e-07  2.09714e+06  1.61722e-01  0.00000e+00
0057  2.11475e+18  2.80862e-20  6.85277e-07  2.11403e+06  1.63064e-01  0.00000e+00
0058  2.13317e+18  2.75444e-20  6.72849e-07  2.11583e+06  1.64398e-01  0.00000e+00
0059  2.15158e+18  2.70119e-20  6.60669e-07  2.10872e+06  1.65735e-01  0.00000e+00
0060  2.17000e+18  2.64505e-20  6.48270e-07  2.11111e+06  1.67120e-01  0.00000e+00
0061  2.18841e+18  2.57969e-20  6.35116e-07  2.14434e+06  1.69018e-01  0.00000e+00
0062  2.20683e+18  2.42439e-20  6.13772e-07  1.97547e+06  1.72651e-01  0.00000e+00
0063  2.22524e+18  1.26119e-20  6.68853e-07  2.16332e+06  1.79194e-01  0.00000e+00
0064  2.24366e+18  5.87203e-21  6.07644e-07  3.46677e+06  1.88735e-01  0.00000e+00
0065  2.26207e+18  4.03823e-21  5.93482e-07  4.03388e+06  2.00738e-01  0.00000e+00
0066  2.28049e+18  3.32923e-21  5.88235e-07  4.31293e+06  2.14469e-01  0.00000e+00
0067  2.29891e+18  2.89090e-21  5.82415e-07  4.55045e+06  2.29836e-01  0.00000e+00
0068  2.31732e+18  2.52203e-21  5.75773e-07  4.81063e+06  2.47201e-01  0.00000e+00
0069  2.33574e+18  2.18952e-21  5.71482e-07  5.02946e+06  2.67116e-01  0.00000e+00
0070  2.35415e+18  1.88945e-21  5.71842e-07  5.21552e+06  2.90110e-01  0.00000e+00
0071  2.37257e+18  1.62403e-21  5.72682e-07  5.36472e+06  3.16332e-01  0.00000e+00
0072  2.39098e+18  1.41205e-21  5.70011e-07  5.59015e+06  3.45233e-01  0.00000e+00
0073  2.40940e+18  1.28497e-21  5.64428e-07  5.91646e+06  3.74906e-01  0.00000e+00
0074  2.42781e+18  1.24831e-21  5.61291e-07  6.13527e+06  3.97437e-01  0.00000e+00
0075  2.44623e+18  1.25830e-21  5.64207e-07  6.22169e+06  4.02977e-01  0.00000e+00
0076  2.46464e+18  1.29528e-21  5.69306e-07  6.17529e+06  4.01723e-01  0.00000e+00
0077  2.48306e+18  1.50910e-21  5.72435e-07  6.21506e+06  3.90827e-01  0.00000e+00
0078  2.50147e+18  3.32550e-21  5.68251e-07  6.51922e+06  3.32513e-01  0.00000e+00
0079  2.51989e+18  1.46133e-20  4.71319e-07  6.15379e+06  2.14253e-01  0.00000e+00
0080  2.53831e+18  2.45918e-20  5.42433e-07  4.83346e+06  1.67762e-01  0.00000e+00
0081  2.55672e+18  2.42598e-20  5.33724e-07  4.75198e+06  1.62009e-01  0.00000e+00
0082  2.57514e+18  2.36433e-20  5.22531e-07  4.73691e+06  1.61998e-01  0.00000e+00
0083  2.59355e+18  2.29481e-20  5.10497e-07  4.71600e+06  1.62444e-01  0.00000e+00
0084  2.61197e+18  2.22296e-20  4.98267e-07  4.68350e+06  1.63693e-01  0.00000e+00
0085  2.63038e+18  2.15163e-20  4.86216e-07  4.64275e+06  1.65693e-01  0.00000e+00
0086  2.64880e+18  2.08564e-20  4.74964e-07  4.59322e+06  1.68011e-01  0.00000e+00
0087  2.66721e+18  2.03193e-20  4.65350e-07  4.53236e+06  1.70223e-01  0.00000e+00
0088  2.68563e+18  1.99227e-20  4.57528e-07  4.46480e+06  1.72194e-01  0.00000e+00
0089  2.70404e+18  1.94458e-20  4.48748e-07  4.40828e+06  1.73972e-01  0.00000e+00
0090  2.72246e+18  1.87905e-20  4.36168e-07  4.38381e+06  1.75636e-01  0.00000e+00
0091  2.74088e+18  1.79263e-20  4.23226e-07  4.40435e+06  1.77177e-01  0.00000e+00
0092  2.75929e+18  1.69044e-20  4.07013e-07  4.48295e+06  1.78542e-01  0.00000e+00
0093  2.77771e+18  1.58309e-20  3.91753e-07  4.61528e+06  1.79808e-01  0.00000e+00
0094  2.79612e+18  1.40315e-20  3.72123e-07  4.69170e+06  1.81241e-01  0.00000e+00
0095  2.81454e+18  9.64824e-21  3.75690e-07  4.94419e+06  1.83114e-01  0.00000e+00
0096  2.83295e+18  5.14137e-21  3.48156e-07  6.34561e+06  1.85448e-01  0.00000e+00
0097  2.85137e+18  3.29033e-21  3.22011e-07  7.61281e+06  1.88267e-01  0.00000e+00
0098  2.86978e+18  2.56327e-21  3.10666e-07  8.32291e+06  1.91422e-01  0.00000e+00
0099  2.88820e+18  2.19416e-21  3.02865e-07  8.81987e+06  1.94684e-01  0.00000e+00
0100  2.90661e+18  1.96869e-21  2.96220e-07  9.22292e+06  1.97837e-01  0.00000e+00
0101  2.92503e+18  1.81488e-21  2.90207e-07  9.57506e+06  2.00739e-01  0.00000e+00
0102  2.94345e+18  1.70088e-21  2.84669e-07  9.89483e+06  2.03358e-01  0.00000e+00
0103  2.96186e+18  1.60880e-21  2.79661e-07  1.01928e+07  2.05748e-01  0.00000e+00
0104  2.98028e+18  1.52995e-21  2.74914e-07  1.04785e+07  2.07997e-01  0.00000e+00
0105  2.99869e+18  1.45994e-21  2.70462e-07  1.07492e+07  2.10188e-01  0.00000e+00
0106  3.01711e+18  1.39575e-21  2.66255e-07  1.10075e+07  2.12380e-01  0.00000e+00
0107  3.03552e+18  1.33620e-21  2.62232e-07  1.12560e+07  2.14605e-01  0.00000e+00
0108  3.05394e+18  1.28108e-21  2.58411e-07  1.14948e+07  2.16869e-01  0.00000e+00
0109  3.07235e+18  1.23032e-21  2.54795e-07  1.17244e+07  2.19165e-01  0.00000e+00
0110  3.09077e+18  1.18379e-21  2.51373e-07  1.19450e+07  2.21481e-01  0.00000e+00
0111  3.10918e+18  1.14117e-21  2.48119e-07  1.21566e+07  2.23804e-01  0.00000e+00
0112  3.12760e+18  1.10188e-21  2.45024e-07  1.23600e+07  2.26126e-01  0.00000e+00
0113  3.14602e+18  1.06546e-21  2.42044e-07  1.25573e+07  2.28441e-01  0.00000e+00
0114  3.16443e+18  1.03167e-21  2.39193e-07  1.27482e+07  2.30750e-01  0.00000e+00
0115  3.18285e+18  1.00028e-21  2.36480e-07  1.29328e+07  2.33054e-01  0.00000e+00
0116  3.20126e+18  9.71066e-22  2.33908e-07  1.31113e+07  2.35355e-01  0.00000e+00
0117  3.21968e+18  9.43828e-22  2.31476e-07  1.32837e+07  2.37655e-01  0.00000e+00
0118  3.23809e+18  9.18399e-22  2.29175e-07  1.34499e+07  2.39958e-01  0.00000e+00
0119  3.25651e+18  8.94541e-22  2.26995e-07  1.36101e+07  2.42265e-01  0.00000e+00
0120  3.27492e+18  8.72058e-22  2.24897e-07  1.37652e+07  2.44576e-01  0.00000e+00
0121  3.29334e+18  8.50865e-22  2.22888e-07  1.39140e+07  2.46895e-01  0.00000e+00
0122  3.31176e+18  8.30849e-22  2.20955e-07  1.40568e+07  2.49220e-01  0.00000e+00
0123  3.33017e+18  8.11917e-22  2.19097e-07  1.41939e+07  2.51553e-01  0.00000e+00
0124  3.34859e+18  7.93994e-22  2.17312e-07  1.43253e+07  2.53896e-01  0.00000e+00
0125  3.36700e+18  7.77020e-22  2.15604e-07  1.44511e+07  2.56249e-01  0.00000e+00
0126  3.38542e+18  7.60939e-22  2.13979e-07  1.45714e+07  2.58613e-01  0.00000e+00
0127  3.40383e+18  7.45697e-22  2.12437e-07  1.46865e+07  2.60990e-01  0.00000e+00
0128  3.42225e+18  7.31239e-22  2.10978e-07  1.47964e+07  2.63382e-01  0.00000e+00
0129  3.44066e+18  7.17506e-22  2.09599e-07  1.49015e+07  2.65791e-01  0.00000e+00
0130  3.45908e+18  7.04440e-22  2.08291e-07  1.50022e+07  2.68217e-01  0.00000e+00
0131  3.47749e+18  6.91982e-22  2.07046e-07  1.50987e+07  2.70663e-01  0.00000e+00
0132  3.49591e+18  6.80078e-22  2.05855e-07  1.51911e+07  2.73130e-01  0.00000e+00
0133  3.51433e+18  6.68679e-22  2.04708e-07  1.52795e+07  2.75618e-01  0.00000e+00
0134  3.53274e+18  6.57745e-22  2.03598e-07  1.53636e+07  2.78128e-01  0.00000e+00
0135  3.55116e+18  6.47245e-22  2.02523e-07  1.54430e+07  2.80661e-01  0.00000e+00
0136  3.56957e+18  6.37156e-22  2.01481e-07  1.55176e+07  2.83217e-01  0.00000e+00
0137  3.58799e+18  6.27458e-22  2.00473e-07  1.55870e+07  2.85796e-01  0.00000e+00
0138  3.60640e+18  6.18139e-22  1.99501e-07  1.56513e+07  2.88398e-01  0.00000e+00
0139  3.62482e+18  6.09182e-22  1.98567e-07  1.57107e+07  2.91024e-01  0.00000e+00
0140  3.64323e+18  6.00573e-22  1.97671e-07  1.57659e+07  2.93674e-01  0.00000e+00
0141  3.66165e+18  5.92297e-22  1.96814e-07  1.58175e+07  2.96348e-01  0.00000e+00
0142  3.68007e+18  5.84336e-22  1.95993e-07  1.58662e+07  2.99045e-01  0.00000e+00
0143  3.69848e+18  5.76676e-22  1.95207e-07  1.59127e+07  3.01764e-01  0.00000e+00
0144  3.71690e+18  5.69300e-22  1.94455e-07  1.59573e+07  3.04507e-01  0.00000e+00
0145  3.73531e+18  5.62198e-22  1.93735e-07  1.60002e+07  3.07271e-01  0.00000e+00
0146  3.75373e+18  5.55355e-22  1.93046e-07  1.60412e+07  3.10056e-01  0.00000e+00
0147  3.77214e+18  5.48761e-22  1.92387e-07  1.60801e+07  3.12861e-01  0.00000e+00
0148  3.79056e+18  5.42409e-22  1.91758e-07  1.61164e+07  3.15684e-01  0.00000e+00
0149  3.80897e+18  5.36292e-22  1.91157e-07  1.61496e+07  3.18525e-01  0.00000e+00
0150  3.82739e+18  5.30398e-22  1.90580e-07  1.61796e+07  3.21382e-01  0.00000e+00
0151  3.84581e+18  5.24713e-22  1.90024e-07  1.62062e+07  3.24255e-01  0.00000e+00
0152  3.86422e+18  5.19221e-22  1.89483e-07  1.62296e+07  3.27143e-01  0.00000e+00
0153  3.88264e+18  5.13908e-22  1.88952e-07  1.62500e+07  3.30045e-01  0.00000e+00
0154  3.90105e+18  5.08758e-22  1.88427e-07  1.62679e+07  3.32962e-01  0.00000e+00
0155  3.91947e+18  5.03763e-22  1.87906e-07  1.62836e+07  3.35895e-01  0.00000e+00
0156  3.93788e+18  4.98914e-22  1.87390e-07  1.62976e+07  3.38845e-01  0.00000e+00
0157  3.95630e+18  4.94210e-22  1.86883e-07  1.63101e+07  3.41813e-01  0.00000e+00
0158  3.97471e+18  4.89648e-22  1.86389e-07  1.63214e+07  3.44803e-01  0.00000e+00
0159  3.99313e+18  4.85229e-22  1.85915e-07  1.63314e+07  3.47816e-01  0.00000e+00
0160  4.01155e+18  4.80951e-22  1.85464e-07  1.63402e+07  3.50856e-01  0.00000e+00
0161  4.02996e+18  4.76807e-22  1.85039e-07  1.63478e+07  3.53927e-01  0.00000e+00
0162  4.04838e+18  4.72790e-22  1.84639e-07  1.63543e+07  3.57033e-01  0.00000e+00
0163  4.06679e+18  4.68888e-22  1.84262e-07  1.63597e+07  3.60176e-01  0.00000e+00
0164  4.08521e+18  4.65090e-22  1.83905e-07  1.63637e+07  3.63359e-01  0.00000e+00
0165  4.10362e+18  4.61381e-22  1.83562e-07  1.63666e+07  3.66587e-01  0.00000e+00
0166  4.12204e+18  4.57751e-22  1.83229e-07  1.63687e+07  3.69863e-01  0.00000e+00
0167  4.14045e+18  4.54174e-22  1.82892e-07  1.63695e+07  3.73187e-01  0.00000e+00
0168  4.15887e+18  4.50650e-22  1.82554e-07  1.63692e+07  3.76565e-01  0.00000e+00
0169  4.17728e+18  4.47176e-22  1.82214e-07  1.63680e+07  3.79997e-01  0.00000e+00
0170  4.19570e+18  4.43747e-22  1.81872e-07  1.63655e+07  3.83487e-01  0.00000e+00
0171  4.21412e+18  4.40362e-22  1.81529e-07  1.63618e+07  3.87037e-01  0.00000e+00
0172  4.23253e+18  4.37023e-22  1.81187e-07  1.63565e+07  3.90650e-01  0.00000e+00
0173  4.25095e+18  4.33731e-22  1.80851e-07  1.63497e+07  3.94329e-01  0.00000e+00
0174  4.26936e+18  4.30488e-22  1.80524e-07  1.63415e+07  3.98077e-01  0.00000e+00
0175  4.28778e+18  4.27295e-22  1.80208e-07  1.63322e+07  4.01896e-01  0.00000e+00
0176  4.30619e+18  4.24150e-22  1.79904e-07  1.63219e+07  4.05791e-01  0.00000e+00
0177  4.32461e+18  4.21050e-22  1.79612e-07  1.63111e+07  4.09763e-01  0.00000e+00
0178  4.34302e+18  4.17993e-22  1.79332e-07  1.63002e+07  4.13815e-01  0.00000e+00
0179  4.36144e+18  4.14973e-22  1.79061e-07  1.62893e+07  4.17948e-01  0.00000e+00
0180  4.37986e+18  4.11988e-22  1.78796e-07  1.62788e+07  4.22163e-01  0.00000e+00
0181  4.39827e+18  4.09035e-22  1.78537e-07  1.62687e+07  4.26460e-01  0.00000e+00
0182  4.41669e+18  4.06114e-22  1.78280e-07  1.62587e+07  4.30836e-01  0.00000e+00
0183  4.43510e+18  4.03227e-22  1.78025e-07  1.62488e+07  4.35289e-01  0.00000e+00
0184  4.45352e+18  4.00377e-22  1.77771e-07  1.62386e+07  4.39812e-01  0.00000e+00
0185  4.47193e+18  3.97570e-22  1.77518e-07  1.62278e+07  4.44401e-01  0.00000e+00
0186  4.49035e+18  3.94812e-22  1.77266e-07  1.62161e+07  4.49049e-01  0.00000e+00
0187  4.50876e+18  3.92110e-22  1.77015e-07  1.62033e+07  4.53748e-01  0.00000e+00
0188  4.52718e+18  3.89468e-22  1.76765e-07  1.61892e+07  4.58491e-01  0.00000e+00
0189  4.54560e+18  3.86881e-22  1.76515e-07  1.61740e+07  4.63269e-01  0.00000e+00
0190  4.56401e+18  3.84347e-22  1.76266e-07  1.61576e+07  4.68082e-01  0.00000e+00
0191  4.58243e+18  3.81933e-22  1.76017e-07  1.61406e+07  4.72945e-01  0.00000e+00
0192  4.60084e+18  3.79660e-22  1.75767e-07  1.61231e+07  4.77841e-01  0.00000e+00
0193  4.61926e+18  3.77120e-22  1.75516e-07  1.61055e+07  4.82640e-01  0.00000e+00
0194  4.63767e+18  3.73667e-22  1.75265e-07  1.60882e+07  4.87404e-01  0.00000e+00
0195  4.65609e+18  3.71618e-22  1.75016e-07  1.60714e+07  4.93208e-01  0.00000e+00
0196  4.67450e+18  3.72291e-22  1.74769e-07  1.60551e+07  5.00973e-01  0.00000e+00
0197  4.69292e+18  3.81339e-22  1.74510e-07  1.60400e+07  5.04277e-01  0.00000e+00
0198  4.71134e+18  4.48724e-22  1.74261e-07  1.60308e+07  5.02406e-01  0.00000e+00
0199  4.72975e+18  8.84534e-22  1.73797e-07  1.59953e+07  4.87707e-01  0.00000e+00
0200  4.74817e+18  3.06621e-21  1.59731e-07  1.54352e+07  4.33666e-01  0.00000e+00
0201  4.76658e+18  6.86583e-21  1.58818e-07  1.37340e+07  3.50382e-01  0.00000e+00
0202  4.78500e+18  7.57082e-21  1.60542e-07  1.28643e+07  2.68653e-01  0.00000e+00
0203  4.80341e+18  7.43531e-21  1.58071e-07  1.28208e+07  1.98341e-01  0.00000e+00
0204  4.82183e+18  7.04500e-21  1.52626e-07  1.28767e+07  1.50559e-01  0.00000e+00
0205  4.84024e+18  6.53200e-21  1.45554e-07  1.29840e+07  1.29095e-01  0.00000e+00
0206  4.85866e+18  6.06566e-21  1.39219e-07  1.30806e+07  1.24380e-01  0.00000e+00
0207  4.87708e+18  5.67199e-21  1.33528e-07  1.31538e+07  1.24076e-01  0.00000e+00
0208  4.89549e+18  5.31224e-21  1.28406e-07  1.32203e+07  1.24096e-01  0.00000e+00
0209  4.91391e+18  4.93776e-21  1.23669e-07  1.32951e+07  1.24212e-01  0.00000e+00
0210  4.93232e+18  4.47800e-21  1.18933e-07  1.33835e+07  1.24517e-01  0.00000e+00
0211  4.95074e+18  3.83786e-21  1.15546e-07  1.35310e+07  1.25077e-01  0.00000e+00
0212  4.96915e+18  3.00515e-21  1.12288e-07  1.38940e+07  1.25884e-01  0.00000e+00
0213  4.98757e+18  2.19183e-21  1.06077e-07  1.46305e+07  1.26873e-01  0.00000e+00
0214  5.00598e+18  1.62477e-21  9.86573e-08  1.55203e+07  1.27981e-01  0.00000e+00
0215  5.02440e+18  1.29366e-21  9.31422e-08  1.62651e+07  1.29165e-01  0.00000e+00
0216  5.04282e+18  1.09780e-21  8.92945e-08  1.68413e+07  1.30391e-01  0.00000e+00
0217  5.06123e+18  9.70442e-22  8.62426e-08  1.73147e+07  1.31637e-01  0.00000e+00
0218  5.07965e+18  8.79888e-22  8.36177e-08  1.77240e+07  1.32890e-01  0.00000e+00
0219  5.09806e+18  8.10909e-22  8.12882e-08  1.80871e+07  1.34140e-01  0.00000e+00
0220  5.11648e+18  7.55415e-22  7.91873e-08  1.84176e+07  1.35384e-01  0.00000e+00
0221  5.13489e+18  7.09061e-22  7.72470e-08  1.87248e+07  1.36618e-01  0.00000e+00
0222  5.15331e+18  6.69433e-22  7.54406e-08  1.90127e+07  1.37841e-01  0.00000e+00
0223  5.17172e+18  6.34947e-22  7.37532e-08  1.92841e+07  1.39050e-01  0.00000e+00
0224  5.19014e+18  6.04508e-22  7.21650e-08  1.95418e+07  1.40243e-01  0.00000e+00
0225  5.20856e+18  5.77394e-22  7.06641e-08  1.97876e+07  1.41418e-01  0.00000e+00
0226  5.22697e+18  5.53076e-22  6.92409e-08  2.00222e+07  1.42573e-01  0.00000e+00
0227  5.24539e+18  5.31046e-22  6.78898e-08  2.02470e+07  1.43707e-01  0.00000e+00
0228  5.26380e+18  5.10880e-22  6.65968e-08  2.04650e+07  1.44817e-01  0.00000e+00
0229  5.28222e+18  4.92362e-22  6.53529e-08  2.06767e+07  1.45902e-01  0.00000e+00
0230  5.30063e+18  4.75310e-22  6.41593e-08  2.08818e+07  1.46959e-01  0.00000e+00
0231  5.31905e+18  4.59518e-22  6.30121e-08  2.10813e+07  1.47987e-01  0.00000e+00
0232  5.33746e+18  4.44824e-22  6.19046e-08  2.12763e+07  1.48985e-01  0.00000e+00
0233  5.35588e+18  4.31116e-22  6.08340e-08  2.14670e+07  1.49952e-01  0.00000e+00
0234  5.37430e+18  4.18304e-22  5.97989e-08  2.16535e+07  1.50887e-01  0.00000e+00
0235  5.39271e+18  4.06305e-22  5.87975e-08  2.18360e+07  1.51790e-01  0.00000e+00
0236  5.41113e+18  3.95046e-22  5.78280e-08  2.20146e+07  1.52660e-01  0.00000e+00
0237  5.42954e+18  3.84460e-22  5.68890e-08  2.21894e+07  1.53498e-01  0.00000e+00
0238  5.44796e+18  3.74490e-22  5.59785e-08  2.23607e+07  1.54305e-01  0.00000e+00
0239  5.46637e+18  3.65065e-22  5.50954e-08  2.25286e+07  1.55083e-01  0.00000e+00
0240  5.48479e+18  3.56114e-22  5.42357e-08  2.26941e+07  1.55832e-01  0.00000e+00
0241  5.50320e+18  3.47588e-22  5.33969e-08  2.28576e+07  1.56554e-01  0.00000e+00
0242  5.52162e+18  3.39455e-22  5.25785e-08  2.30190e+07  1.57251e-01  0.00000e+00
0243  5.54004e+18  3.31685e-22  5.17803e-08  2.31783e+07  1.57926e-01  0.00000e+00
0244  5.55845e+18  3.24250e-22  5.10015e-08  2.33356e+07  1.58579e-01  0.00000e+00
0245  5.57687e+18  3.17124e-22  5.02415e-08  2.34908e+07  1.59214e-01  0.00000e+00
0246  5.59528e+18  3.10284e-22  4.94997e-08  2.36441e+07  1.59831e-01  0.00000e+00
0247  5.61370e+18  3.03711e-22  4.87754e-08  2.37954e+07  1.60434e-01  0.00000e+00
0248  5.63211e+18  2.97387e-22  4.80684e-08  2.39448e+07  1.61023e-01  0.00000e+00
0249  5.65053e+18  2.91298e-22  4.73782e-08  2.40922e+07  1.61600e-01  0.00000e+00
0250  5.66894e+18  2.85429e-22  4.67043e-08  2.42376e+07  1.62168e-01  0.00000e+00
0251  5.68736e+18  2.79766e-22  4.60462e-08  2.43811e+07  1.62726e-01  0.00000e+00
0252  5.70578e+18  2.74294e-22  4.54029e-08  2.45229e+07  1.63275e-01  0.00000e+00
0253  5.72419e+18  2.69004e-22  4.47740e-08  2.46630e+07  1.63818e-01  0.00000e+00
0254  5.74261e+18  2.63887e-22  4.41592e-08  2.48014e+07  1.64354e-01  0.00000e+00
0255  5.76102e+18  2.58936e-22  4.35582e-08  2.49381e+07  1.64883e-01  0.00000e+00
0256  5.77944e+18  2.54145e-22  4.29706e-08  2.50731e+07  1.65407e-01  0.00000e+00
0257  5.79785e+18  2.49507e-22  4.23963e-08  2.52063e+07  1.65924e-01  0.00000e+00
0258  5.81627e+18  2.45017e-22  4.18349e-08  2.53378e+07  1.66435e-01  0.00000e+00
0259  5.83468e+18  2.40669e-22  4.12861e-08  2.54675e+07  1.66941e-01  0.00000e+00
0260  5.85310e+18  2.36459e-22  4.07497e-08  2.55955e+07  1.67440e-01  0.00000e+00
0261  5.87152e+18  2.32382e-22  4.02254e-08  2.57218e+07  1.67932e-01  0.00000e+00
0262  5.88993e+18  2.28434e-22  3.97129e-08  2.58463e+07  1.68417e-01  0.00000e+00
0263  5.90835e+18  2.24610e-22  3.92119e-08  2.59692e+07  1.68895e-01  0.00000e+00
0264  5.92676e+18  2.20906e-22  3.87221e-08  2.60903e+07  1.69365e-01  0.00000e+00
0265  5.94518e+18  2.17316e-22  3.82433e-08  2.62097e+07  1.69827e-01  0.00000e+00
0266  5.96359e+18  2.13840e-22  3.77749e-08  2.63274e+07  1.70281e-01  0.00000e+00
0267  5.98201e+18  2.10471e-22  3.73171e-08  2.64435e+07  1.70726e-01  0.00000e+00
0268  6.00043e+18  2.07198e-22  3.68685e-08  2.65583e+07  1.71162e-01  0.00000e+00
0269  6.01884e+18  2.04016e-22  3.64281e-08  2.66721e+07  1.71589e-01  0.00000e+00
0270  6.03726e+18  2.00921e-22  3.59959e-08  2.67849e+07  1.72007e-01  0.00000e+00
0271  6.05567e+18  1.97911e-22  3.55717e-08  2.68966e+07  1.72416e-01  0.00000e+00
0272  6.07409e+18  1.94983e-22  3.51555e-08  2.70073e+07  1.72816e-01  0.00000e+00
0273  6.09250e+18  1.92134e-22  3.47472e-08  2.71169e+07  1.73207e-01  0.00000e+00
0274  6.11092e+18  1.89362e-22  3.43465e-08  2.72254e+07  1.73589e-01  0.00000e+00
0275  6.12933e+18  1.86663e-22  3.39534e-08  2.73329e+07  1.73963e-01  0.00000e+00
0276  6.14775e+18  1.84035e-22  3.35677e-08  2.74392e+07  1.74329e-01  0.00000e+00
0277  6.16617e+18  1.81475e-22  3.31892e-08  2.75445e+07  1.74687e-01  0.00000e+00
0278  6.18458e+18  1.78981e-22  3.28179e-08  2.76488e+07  1.75039e-01  0.00000e+00
0279  6.20300e+18  1.76549e-22  3.24535e-08  2.77519e+07  1.75384e-01  0.00000e+00
0280  6.22141e+18  1.74179e-22  3.20960e-08  2.78540e+07  1.75723e-01  0.00000e+00
0281  6.23983e+18  1.71866e-22  3.17454e-08  2.79550e+07  1.76057e-01  0.00000e+00
0282  6.25824e+18  1.69609e-22  3.14013e-08  2.80548e+07  1.76386e-01  0.00000e+00
0283  6.27666e+18  1.67405e-22  3.10636e-08  2.81537e+07  1.76711e-01  0.00000e+00
0284  6.29507e+18  1.65252e-22  3.07324e-08  2.82515e+07  1.77032e-01  0.00000e+00
0285  6.31349e+18  1.63147e-22  3.04073e-08  2.83482e+07  1.77351e-01  0.00000e+00
0286  6.33191e+18  1.61089e-22  3.00884e-08  2.84439e+07  1.77668e-01  0.00000e+00
0287  6.35032e+18  1.59077e-22  2.97756e-08  2.85386e+07  1.77982e-01  0.00000e+00
0288  6.36874e+18  1.57109e-22  2.94686e-08  2.86321e+07  1.78296e-01  0.00000e+00
0289  6.38715e+18  1.55184e-22  2.91675e-08  2.87246e+07  1.78608e-01  0.00000e+00
0290  6.40557e+18  1.53299e-22  2.88721e-08  2.88161e+07  1.78920e-01  0.00000e+00
0291  6.42398e+18  1.51453e-22  2.85820e-08  2.89067e+07  1.79232e-01  0.00000e+00
0292  6.44240e+18  1.49645e-22  2.82972e-08  2.89963e+07  1.79544e-01  0.00000e+00
0293  6.46081e+18  1.47873e-22  2.80174e-08  2.90850e+07  1.79856e-01  0.00000e+00
0294  6.47923e+18  1.46137e-22  2.77427e-08  2.91728e+07  1.80168e-01  0.00000e+00
0295  6.49765e+18  1.44435e-22  2.74730e-08  2.92597e+07  1.80480e-01  0.00000e+00
0296  6.51606e+18  1.42768e-22  2.72081e-08  2.93456e+07  1.80793e-01  0.00000e+00
0297  6.53448e+18  1.41134e-22  2.69482e-08  2.94306e+07  1.81106e-01  0.00000e+00
0298  6.55289e+18  1.39533e-22  2.66930e-08  2.95146e+07  1.81419e-01  0.00000e+00
0299  6.57131e+18  1.37964e-22  2.64425e-08  2.95977e+07  1.81732e-01  0.00000e+00
0300  6.58972e+18  1.36427e-22  2.61966e-08  2.96798e+07  1.82044e-01  0.00000e+00
0301  6.60814e+18  1.34921e-22  2.59553e-08  2.97609e+07  1.82357e-01  0.00000e+00
0302  6.62655e+18  1.33446e-22  2.57184e-08  2.98410e+07  1.82668e-01  0.00000e+00
0303  6.64497e+18  1.32001e-22  2.54859e-08  2.99202e+07  1.82979e-01  0.00000e+00
0304  6.66339e+18  1.30586e-22  2.52578e-08  2.99984e+07  1.83289e-01  0.00000e+00
0305  6.68180e+18  1.29199e-22  2.50338e-08  3.00757e+07  1.83597e-01  0.00000e+00
0306  6.70022e+18  1.27841e-22  2.48140e-08  3.01519e+07  1.83904e-01  0.00000e+00
0307  6.71863e+18  1.26511e-22  2.45982e-08  3.02272e+07  1.84208e-01  0.00000e+00
0308  6.73705e+18  1.25209e-22  2.43864e-08  3.03015e+07  1.84511e-01  0.00000e+00
0309  6.75546e+18  1.23933e-22  2.41785e-08  3.03749e+07  1.84811e-01  0.00000e+00
0310  6.77388e+18  1.22684e-22  2.39745e-08  3.04473e+07  1.85108e-01  0.00000e+00
0311  6.79229e+18  1.21460e-22  2.37741e-08  3.05188e+07  1.85403e-01  0.00000e+00
0312  6.81071e+18  1.20262e-22  2.35775e-08  3.05893e+07  1.85695e-01  0.00000e+00
0313  6.82913e+18  1.19088e-22  2.33845e-08  3.06588e+07  1.85983e-01  0.00000e+00
0314  6.84754e+18  1.17939e-22  2.31950e-08  3.07274e+07  1.86269e-01  0.00000e+00
0315  6.86596e+18  1.16813e-22  2.30089e-08  3.07950e+07  1.86552e-01  0.00000e+00
0316  6.88437e+18  1.15710e-22  2.28263e-08  3.08617e+07  1.86831e-01  0.00000e+00
0317  6.90279e+18  1.14629e-22  2.26471e-08  3.09274e+07  1.87108e-01  0.00000e+00
0318  6.92120e+18  1.13570e-22  2.24712e-08  3.09921e+07  1.87381e-01  0.00000e+00
0319  6.93962e+18  1.12533e-22  2.22987e-08  3.10559e+07  1.87652e-01  0.00000e+00
0320  6.95803e+18  1.11517e-22  2.21294e-08  3.11186e+07  1.87919e-01  0.00000e+00
0321  6.97645e+18  1.10522e-22  2.19634e-08  3.11802e+07  1.88185e-01  0.00000e+00
0322  6.99487e+18  1.09546e-22  2.18007e-08  3.12408e+07  1.88447e-01  0.00000e+00
0323  7.01328e+18  1.08591e-22  2.16412e-08  3.13004e+07  1.88708e-01  0.00000e+00
0324  7.03170e+18  1.07654e-22  2.14848e-08  3.13589e+07  1.88967e-01  0.00000e+00
0325  7.05011e+18  1.06736e-22  2.13314e-08  3.14163e+07  1.89223e-01  0.00000e+00
0326  7.06853e+18  1.05835e-22  2.11808e-08  3.14728e+07  1.89478e-01  0.00000e+00
0327  7.08694e+18  1.04951e-22  2.10331e-08  3.15284e+07  1.89732e-01  0.00000e+00
0328  7.10536e+18  1.04084e-22  2.08882e-08  3.15829e+07  1.89984e-01  0.00000e+00
0329  7.12378e+18  1.03235e-22  2.07464e-08  3.16361e+07  1.90236e-01  0.00000e+00
0330  7.14219e+18  1.02405e-22  2.06086e-08  3.16878e+07  1.90486e-01  0.00000e+00
0331  7.16061e+18  1.01594e-22  2.04744e-08  3.17379e+07  1.90736e-01  0.00000e+00
0332  7.17902e+18  1.00799e-22  2.03434e-08  3.17867e+07  1.90986e-01  0.00000e+00
0333  7.19744e+18  1.00019e-22  2.02152e-08  3.18344e+07  1.91235e-01  0.00000e+00
0334  7.21585e+18  9.92527e-23  2.00894e-08  3.18812e+07  1.91485e-01  0.00000e+00
0335  7.23427e+18  9.84993e-23  1.99657e-08  3.19271e+07  1.91734e-01  0.00000e+00
0336  7.25268e+18  9.77587e-23  1.98443e-08  3.19723e+07  1.91984e-01  0.00000e+00
0337  7.27110e+18  9.70308e-23  1.97251e-08  3.20165e+07  1.92234e-01  0.00000e+00
0338  7.28952e+18  9.63155e-23  1.96081e-08  3.20598e+07  1.92484e-01  0.00000e+00
0339  7.30793e+18  9.56128e-23  1.94934e-08  3.21021e+07  1.92734e-01  0.00000e+00
0340  7.32635e+18  9.49227e-23  1.93811e-08  3.21435e+07  1.92985e-01  0.00000e+00
0341  7.34476e+18  9.42451e-23  1.92710e-08  3.21838e+07  1.93236e-01  0.00000e+00
0342  7.36318e+18  9.35797e-23  1.91633e-08  3.22230e+07  1.93488e-01  0.00000e+00
0343  7.38159e+18  9.29263e-23  1.90578e-08  3.22613e+07  1.93740e-01  0.00000e+00
0344  7.40001e+18  9.22849e-23  1.89545e-08  3.22985e+07  1.93992e-01  0.00000e+00
0345  7.41842e+18  9.16550e-23  1.88533e-08  3.23347e+07  1.94244e-01  0.00000e+00
0346  7.43684e+18  9.10365e-23  1.87543e-08  3.23699e+07  1.94497e-01  0.00000e+00
0347  7.45526e+18  9.04293e-23  1.86573e-08  3.24042e+07  1.94750e-01  0.00000e+00
0348  7.47367e+18  8.98331e-23  1.85624e-08  3.24374e+07  1.95003e-01  0.00000e+00
0349  7.49209e+18  8.92478e-23  1.84695e-08  3.24696e+07  1.95256e-01  0.00000e+00
0350  7.51050e+18  8.86734e-23  1.83786e-08  3.25008e+07  1.95509e-01  0.00000e+00
0351  7.52892e+18  8.81096e-23  1.82897e-08  3.25309e+07  1.95762e-01  0.00000e+00
0352  7.54733e+18  8.75566e-23  1.82028e-08  3.25601e+07  1.96015e-01  0.00000e+00
0353  7.56575e+18  8.70140e-23  1.81180e-08  3.25881e+07  1.96267e-01  0.00000e+00
0354  7.58416e+18  8.64819e-23  1.80350e-08  3.26152e+07  1.96520e-01  0.00000e+00
0355  7.60258e+18  8.59598e-23  1.79540e-08  3.26412e+07  1.96772e-01  0.00000e+00
0356  7.62100e+18  8.54474e-23  1.78748e-08  3.26662e+07  1.97025e-01  0.00000e+00
0357  7.63941e+18  8.49442e-23  1.77972e-08  3.26903e+07  1.97277e-01  0.00000e+00
0358  7.65783e+18  8.44497e-23  1.77212e-08  3.27137e+07  1.97529e-01  0.00000e+00
0359  7.67624e+18  8.39633e-23  1.76464e-08  3.27363e+07  1.97781e-01  0.00000e+00
0360  7.69466e+18  8.34844e-23  1.75729e-08  3.27583e+07  1.98033e-01  0.00000e+00
0361  7.71307e+18  8.30128e-23  1.75005e-08  3.27797e+07  1.98286e-01  0.00000e+00
0362  7.73149e+18  8.25481e-23  1.74291e-08  3.28005e+07  1.98539e-01  0.00000e+00
0363  7.74990e+18  8.20902e-23  1.73588e-08  3.28208e+07  1.98792e-01  0.00000e+00
0364  7.76832e+18  8.16394e-23  1.72897e-08  3.28405e+07  1.99046e-01  0.00000e+00
0365  7.78674e+18  8.11958e-23  1.72218e-08  3.28594e+07  1.99301e-01  0.00000e+00
0366  7.80515e+18  8.07598e-23  1.71554e-08  3.28775e+07  1.99558e-01  0.00000e+00
0367  7.82357e+18  8.03317e-23  1.70907e-08  3.28946e+07  1.99815e-01  0.00000e+00
0368  7.84198e+18  7.99120e-23  1.70279e-08  3.29106e+07  2.00074e-01  0.00000e+00
0369  7.86040e+18  7.95013e-23  1.69672e-08  3.29252e+07  2.00336e-01  0.00000e+00
0370  7.87881e+18  7.91003e-23  1.69090e-08  3.29383e+07  2.00600e-01  0.00000e+00
0371  7.89723e+18  7.87096e-23  1.68535e-08  3.29497e+07  2.00866e-01  0.00000e+00
0372  7.91564e+18  7.83296e-23  1.68009e-08  3.29591e+07  2.01136e-01  0.00000e+00
0373  7.93406e+18  7.79605e-23  1.67514e-08  3.29666e+07  2.01410e-01  0.00000e+00
0374  7.95248e+18  7.76021e-23  1.67049e-08  3.29721e+07  2.01688e-01  0.00000e+00
0375  7.97089e+18  7.72536e-23  1.66612e-08  3.29757e+07  2.01971e-01  0.00000e+00
0376  7.98931e+18  7.69147e-23  1.66203e-08  3.29777e+07  2.02259e-01  0.00000e+00
0377  8.00772e+18  7.65824e-23  1.65811e-08  3.29782e+07  2.02553e-01  0.00000e+00
0378  8.02614e+18  7.62539e-23  1.65427e-08  3.29781e+07  2.02853e-01  0.00000e+00
0379  8.04455e+18  7.59294e-23  1.65052e-08  3.29775e+07  2.03161e-01  0.00000e+00
0380  8.06297e+18  7.56096e-23  1.64688e-08  3.29764e+07  2.03476e-01  0.00000e+00
0381  8.08139e+18  7.52912e-23  1.64326e-08  3.29749e+07  2.03799e-01  0.00000e+00
0382  8.09980e+18  7.49710e-23  1.63954e-08  3.29743e+07  2.04131e-01  0.00000e+00
0383  8.11822e+18  7.46494e-23  1.63574e-08  3.29745e+07  2.04473e-01  0.00000e+00
0384  8.13663e+18  7.43254e-23  1.63182e-08  3.29754e+07  2.04825e-01  0.00000e+00
0385  8.15505e+18  7.39981e-23  1.62778e-08  3.29773e+07  2.05188e-01  0.00000e+00
0386  8.17346e+18  7.36675e-23  1.62360e-08  3.29801e+07  2.05563e-01  0.00000e+00
0387  8.19188e+18  7.33335e-23  1.61930e-08  3.29838e+07  2.05951e-01  0.00000e+00
0388  8.21029e+18  7.29962e-23  1.61488e-08  3.29886e+07  2.06352e-01  0.00000e+00
0389  8.22871e+18  7.26553e-23  1.61035e-08  3.29942e+07  2.06767e-01  0.00000e+00
0390  8.24713e+18  7.23109e-23  1.60570e-08  3.30007e+07  2.07196e-01  0.00000e+00
0391  8.26554e+18  7.19625e-23  1.60094e-08  3.30082e+07  2.07641e-01  0.00000e+00
0392  8.28396e+18  7.16103e-23  1.59606e-08  3.30167e+07  2.08101e-01  0.00000e+00
0393  8.30237e+18  7.12542e-23  1.59107e-08  3.30261e+07  2.08577e-01  0.00000e+00
0394  8.32079e+18  7.08946e-23  1.58597e-08  3.30363e+07  2.09070e-01  0.00000e+00
0395  8.33920e+18  7.05319e-23  1.58079e-08  3.30473e+07  2.09577e-01  0.00000e+00
0396  8.35762e+18  7.01667e-23  1.57555e-08  3.30590e+07  2.10100e-01  0.00000e+00
0397  8.37603e+18  6.97997e-23  1.57025e-08  3.30712e+07  2.10638e-01  0.00000e+00
0398  8.39445e+18  6.94315e-23  1.56491e-08  3.30839e+07  2.11188e-01  0.00000e+00
0399  8.41287e+18  6.90628e-23  1.55954e-08  3.30969e+07  2.11750e-01  0.00000e+00
0400  8.43128e+18  6.86943e-23  1.55415e-08  3.31103e+07  2.12321e-01  0.00000e+00
0401  8.44970e+18  6.83267e-23  1.54874e-08  3.31240e+07  2.12898e-01  0.00000e+00
0402  8.46811e+18  6.79607e-23  1.54330e-08  3.31381e+07  2.13479e-01  0.00000e+00
0403  8.48653e+18  6.75971e-23  1.53785e-08  3.31525e+07  2.14060e-01  0.00000e+00
0404  8.50494e+18  6.72369e-23  1.53237e-08  3.31672e+07  2.14636e-01  0.00000e+00
0405  8.52336e+18  6.68811e-23  1.52688e-08  3.31823e+07  2.15204e-01  0.00000e+00
0406  8.54177e+18  6.65306e-23  1.52137e-08  3.31977e+07  2.15758e-01  0.00000e+00
0407  8.56019e+18  6.61865e-23  1.51584e-08  3.32134e+07  2.16294e-01  0.00000e+00
0408  8.57861e+18  6.58497e-23  1.51031e-08  3.32294e+07  2.16808e-01  0.00000e+00
0409  8.59702e+18  6.55211e-23  1.50477e-08  3.32456e+07  2.17294e-01  0.00000e+00
0410  8.61544e+18  6.52013e-23  1.49922e-08  3.32621e+07  2.17750e-01  0.00000e+00
0411  8.63385e+18  6.48910e-23  1.49366e-08  3.32788e+07  2.18171e-01  0.00000e+00
0412  8.65227e+18  6.45904e-23  1.48811e-08  3.32958e+07  2.18556e-01  0.00000e+00
0413  8.67068e+18  6.42996e-23  1.48256e-08  3.33130e+07  2.18903e-01  0.00000e+00
0414  8.68910e+18  6.40184e-23  1.47700e-08  3.33303e+07  2.19211e-01  0.00000e+00
0415  8.70751e+18  6.37465e-23  1.47146e-08  3.33479e+07  2.19483e-01  0.00000e+00
0416  8.72593e+18  6.34832e-23  1.46591e-08  3.33656e+07  2.19720e-01  0.00000e+00
0417  8.74435e+18  6.32276e-23  1.46037e-08  3.33835e+07  2.19926e-01  0.00000e+00
0418  8.76276e+18  6.29789e-23  1.45484e-08  3.34015e+07  2.20106e-01  0.00000e+00
0419  8.78118e+18  6.27360e-23  1.44932e-08  3.34197e+07  2.20264e-01  0.00000e+00
0420  8.79959e+18  6.24978e-23  1.44380e-08  3.34380e+07  2.20406e-01  0.00000e+00
0421  8.81801e+18  6.22632e-23  1.43830e-08  3.34565e+07  2.20537e-01  0.00000e+00
0422  8.83642e+18  6.20311e-23  1.43281e-08  3.34750e+07  2.20662e-01  0.00000e+00
0423  8.85484e+18  6.18005e-23  1.42734e-08  3.34937e+07  2.20784e-01  0.00000e+00
0424  8.87326e+18  6.15706e-23  1.42188e-08  3.35124e+07  2.20909e-01  0.00000e+00
0425  8.89167e+18  6.13406e-23  1.41645e-08  3.35311e+07  2.21038e-01  0.00000e+00
0426  8.91009e+18  6.11098e-23  1.41103e-08  3.35499e+07  2.21176e-01  0.00000e+00
0427  8.92850e+18  6.08778e-23  1.40564e-08  3.35687e+07  2.21324e-01  0.00000e+00
0428  8.94692e+18  6.06443e-23  1.40027e-08  3.35875e+07  2.21485e-01  0.00000e+00
0429  8.96533e+18  6.04091e-23  1.39492e-08  3.36062e+07  2.21660e-01  0.00000e+00
0430  8.98375e+18  6.01722e-23  1.38960e-08  3.36250e+07  2.21851e-01  0.00000e+00
0431  9.00216e+18  5.99336e-23  1.38432e-08  3.36437e+07  2.22058e-01  0.00000e+00
0432  9.02058e+18  5.96937e-23  1.37906e-08  3.36623e+07  2.22281e-01  0.00000e+00
0433  9.03900e+18  5.94527e-23  1.37382e-08  3.36809e+07  2.22518e-01  0.00000e+00
0434  9.05741e+18  5.92109e-23  1.36862e-08  3.36994e+07  2.22771e-01  0.00000e+00
0435  9.07583e+18  5.89688e-23  1.36345e-08  3.37178e+07  2.23036e-01  0.00000e+00
0436  9.09424e+18  5.87268e-23  1.35831e-08  3.37361e+07  2.23312e-01  0.00000e+00
0437  9.11266e+18  5.84853e-23  1.35321e-08  3.37544e+07  2.23598e-01  0.00000e+00
0438  9.13107e+18  5.82447e-23  1.34813e-08  3.37725e+07  2.23891e-01  0.00000e+00
0439  9.14949e+18  5.80053e-23  1.34308e-08  3.37906e+07  2.24190e-01  0.00000e+00
0440  9.16790e+18  5.77674e-23  1.33807e-08  3.38085e+07  2.24492e-01  0.00000e+00
0441  9.18632e+18  5.75312e-23  1.33308e-08  3.38264e+07  2.24796e-01  0.00000e+00
0442  9.20474e+18  5.72969e-23  1.32813e-08  3.38441e+07  2.25101e-01  0.00000e+00
0443  9.22315e+18  5.70646e-23  1.32320e-08  3.38618e+07  2.25405e-01  0.00000e+00
0444  9.24157e+18  5.68344e-23  1.31831e-08  3.38793e+07  2.25707e-01  0.00000e+00
0445  9.25998e+18  5.66065e-23  1.31344e-08  3.38968e+07  2.26007e-01  0.00000e+00
0446  9.27840e+18  5.63809e-23  1.30861e-08  3.39141e+07  2.26305e-01  0.00000e+00
0447  9.29681e+18  5.61577e-23  1.30380e-08  3.39313e+07  2.26599e-01  0.00000e+00
0448  9.31523e+18  5.59369e-23  1.29902e-08  3.39484e+07  2.26890e-01  0.00000e+00
0449  9.33364e+18  5.57187e-23  1.29428e-08  3.39654e+07  2.27178e-01  0.00000e+00
0450  9.35206e+18  5.55031e-23  1.28956e-08  3.39823e+07  2.27462e-01  0.00000e+00
0451  9.37048e+18  5.52902e-23  1.28487e-08  3.39990e+07  2.27744e-01  0.00000e+00
0452  9.38889e+18  5.50798e-23  1.28021e-08  3.40157e+07  2.28022e-01  0.00000e+00
0453  9.40731e+18  5.48720e-23  1.27558e-08  3.40322e+07  2.28299e-01  0.00000e+00
0454  9.42572e+18  5.46666e-23  1.27098e-08  3.40485e+07  2.28574e-01  0.00000e+00
0455  9.44414e+18  5.44634e-23  1.26641e-08  3.40648e+07  2.28847e-01  0.00000e+00
0456  9.46255e+18  5.42623e-23  1.26187e-08  3.40809e+07  2.29120e-01  0.00000e+00
0457  9.48097e+18  5.40630e-23  1.25736e-08  3.40969e+07  2.29393e-01  0.00000e+00
0458  9.49939e+18  5.38655e-23  1.25288e-08  3.41127e+07  2.29666e-01  0.00000e+00
0459  9.51780e+18  5.36695e-23  1.24843e-08  3.41284e+07  2.29939e-01  0.00000e+00
0460  9.53622e+18  5.34750e-23  1.24400e-08  3.41439e+07  2.30213e-01  0.00000e+00
0461  9.55463e+18  5.32819e-23  1.23961e-08  3.41593e+07  2.30489e-01  0.00000e+00
0462  9.57305e+18  5.30902e-23  1.23525e-08  3.41745e+07  2.30764e-01  0.00000e+00
0463  9.59146e+18  5.29000e-23  1.23092e-08  3.41896e+07  2.31041e-01  0.00000e+00
0464  9.60988e+18  5.27114e-23  1.22662e-08  3.42045e+07  2.31318e-01  0.00000e+00
0465  9.62829e+18  5.25243e-23  1.22235e-08  3.42193e+07  2.31596e-01  0.00000e+00
0466  9.64671e+18  5.23388e-23  1.21812e-08  3.42339e+07  2.31874e-01  0.00000e+00
0467  9.66513e+18  5.21550e-23  1.21391e-08  3.42483e+07  2.32153e-01  0.00000e+00
0468  9.68354e+18  5.19728e-23  1.20974e-08  3.42625e+07  2.32431e-01  0.00000e+00
0469  9.70196e+18  5.17924e-23  1.20560e-08  3.42765e+07  2.32710e-01  0.00000e+00
0470  9.72037e+18  5.16136e-23  1.20149e-08  3.42904e+07  2.32988e-01  0.00000e+00
0471  9.73879e+18  5.14364e-23  1.19742e-08  3.43041e+07  2.33266e-01  0.00000e+00
0472  9.75720e+18  5.12609e-23  1.19337e-08  3.43176e+07  2.33544e-01  0.00000e+00
0473  9.77562e+18  5.10870e-23  1.18936e-08  3.43309e+07  2.33822e-01  0.00000e+00
0474  9.79403e+18  5.09146e-23  1.18537e-08  3.43441e+07  2.34100e-01  0.00000e+00
0475  9.81245e+18  5.07438e-23  1.18142e-08  3.43571e+07  2.34377e-01  0.00000e+00
0476  9.83087e+18  5.05745e-23  1.17749e-08  3.43700e+07  2.34654e-01  0.00000e+00
0477  9.84928e+18  5.04067e-23  1.17360e-08  3.43827e+07  2.34930e-01  0.00000e+00
0478  9.86770e+18  5.02402e-23  1.16973e-08  3.43952e+07  2.35206e-01  0.00000e+00
0479  9.88611e+18  5.00750e-23  1.16589e-08  3.44077e+07  2.35482e-01  0.00000e+00
0480  9.90453e+18  4.99110e-23  1.16207e-08  3.44200e+07  2.35758e-01  0.00000e+00
0481  9.92294e+18  4.97483e-23  1.15828e-08  3.44322e+07  2.36033e-01  0.00000e+00
0482  9.94136e+18  4.95867e-23  1.15451e-08  3.44443e+07  2.36308e-01  0.00000e+00
0483  9.95977e+18  4.94262e-23  1.15077e-08  3.44563e+07  2.36582e-01  0.00000e+00
0484  9.97819e+18  4.92669e-23  1.14705e-08  3.44682e+07  2.36857e-01  0.00000e+00
0485  9.99661e+18  4.91089e-23  1.14336e-08  3.44799e+07  2.37130e-01  0.00000e+00
0486  1.00150e+19  4.89521e-23  1.13969e-08  3.44916e+07  2.37403e-01  0.00000e+00
0487  1.00334e+19  4.87967e-23  1.13604e-08  3.45032e+07  2.37676e-01  0.00000e+00
0488  1.00519e+19  4.86426e-23  1.13242e-08  3.45147e+07  2.37947e-01  0.00000e+00
0489  1.00703e+19  4.84901e-23  1.12882e-08  3.45261e+07  2.38218e-01  0.00000e+00
0490  1.00887e+19  4.83390e-23  1.12524e-08  3.45374e+07  2.38488e-01  0.00000e+00
0491  1.01071e+19  4.81894e-23  1.12169e-08  3.45486e+07  2.38757e-01  0.00000e+00
0492  1.01255e+19  4.80412e-23  1.11816e-08  3.45597e+07  2.39025e-01  0.00000e+00
0493  1.01439e+19  4.78945e-23  1.11466e-08  3.45707e+07  2.39292e-01  0.00000e+00
0494  1.01623e+19  4.77492e-23  1.11118e-08  3.45816e+07  2.39560e-01  0.00000e+00
0495  1.01808e+19  4.76052e-23  1.10772e-08  3.45924e+07  2.39826e-01  0.00000e+00
0496  1.01992e+19  4.74624e-23  1.10429e-08  3.46030e+07  2.40093e-01  0.00000e+00
0497  1.02176e+19  4.73209e-23  1.10088e-08  3.46136e+07  2.40359e-01  0.00000e+00
0498  1.02360e+19  4.71805e-23  1.09750e-08  3.46241e+07  2.40626e-01  0.00000e+00
0499  1.02544e+19  4.70414e-23  1.09414e-08  3.46344e+07  2.40892e-01  0.00000e+00
0500  1.02728e+19  4.69033e-23  1.09080e-08  3.46446e+07  2.41159e-01  0.00000e+00
0501  1.02913e+19  4.67664e-23  1.08750e-08  3.46548e+07  2.41427e-01  0.00000e+00
0502  1.03097e+19  4.66307e-23  1.08421e-08  3.46648e+07  2.41694e-01  0.00000e+00
0503  1.03281e+19  4.64961e-23  1.08095e-08  3.46747e+07  2.41962e-01  0.00000e+00
0504  1.03465e+19  4.63626e-23  1.07771e-08  3.46845e+07  2.42230e-01  0.00000e+00
0505  1.03649e+19  4.62302e-23  1.07450e-08  3.46942e+07  2.42499e-01  0.00000e+00
0506  1.03833e+19  4.60990e-23  1.07131e-08  3.47038e+07  2.42769e-01  0.00000e+00
0507  1.04017e+19  4.59687e-23  1.06814e-08  3.47133e+07  2.43039e-01  0.00000e+00
0508  1.04202e+19  4.58396e-23  1.06500e-08  3.47228e+07  2.43310e-01  0.00000e+00
0509  1.04386e+19  4.57114e-23  1.06187e-08  3.47321e+07  2.43581e-01  0.00000e+00
0510  1.04570e+19  4.55843e-23  1.05877e-08  3.47414e+07  2.43853e-01  0.00000e+00
0511  1.04754e+19  4.54582e-23  1.05569e-08  3.47506e+07  2.44126e-01  0.00000e+00
0512  1.04938e+19  4.53330e-23  1.05263e-08  3.47598e+07  2.44399e-01  0.00000e+00
0513  1.05122e+19  4.52089e-23  1.04959e-08  3.47689e+07  2.44673e-01  0.00000e+00
0514  1.05307e+19  4.50857e-23  1.04658e-08  3.47779e+07  2.44948e-01  0.00000e+00
0515  1.05491e+19  4.49636e-23  1.04358e-08  3.47869e+07  2.45223e-01  0.00000e+00
0516  1.05675e+19  4.48423e-23  1.04060e-08  3.47959e+07  2.45499e-01  0.00000e+00
0517  1.05859e+19  4.47221e-23  1.03765e-08  3.48048e+07  2.45775e-01  0.00000e+00
0518  1.06043e+19  4.46028e-23  1.03471e-08  3.48136e+07  2.46052e-01  0.00000e+00
0519  1.06227e+19  4.44844e-23  1.03179e-08  3.48223e+07  2.46329e-01  0.00000e+00
0520  1.06412e+19  4.43670e-23  1.02889e-08  3.48309e+07  2.46607e-01  0.00000e+00
0521  1.06596e+19  4.42505e-23  1.02602e-08  3.48395e+07  2.46886e-01  0.00000e+00
0522  1.06780e+19  4.41349e-23  1.02316e-08  3.48480e+07  2.47165e-01  0.00000e+00
0523  1.06964e+19  4.40203e-23  1.02032e-08  3.48563e+07  2.47444e-01  0.00000e+00
0524  1.07148e+19  4.39066e-23  1.01750e-08  3.48646e+07  2.47724e-01  0.00000e+00
0525  1.07332e+19  4.37938e-23  1.01470e-08  3.48728e+07  2.48005e-01  0.00000e+00
0526  1.07516e+19  4.36820e-23  1.01192e-08  3.48808e+07  2.48286e-01  0.00000e+00
0527  1.07701e+19  4.35711e-23  1.00916e-08  3.48888e+07  2.48568e-01  0.00000e+00
0528  1.07885e+19  4.34612e-23  1.00642e-08  3.48966e+07  2.48851e-01  0.00000e+00
0529  1.08069e+19  4.33522e-23  1.00370e-08  3.49044e+07  2.49134e-01  0.00000e+00
0530  1.08253e+19  4.32441e-23  1.00101e-08  3.49120e+07  2.49418e-01  0.00000e+00
0531  1.08437e+19  4.31368e-23  9.98331e-09  3.49195e+07  2.49702e-01  0.00000e+00
0532  1.08621e+19  4.30305e-23  9.95676e-09  3.49270e+07  2.49988e-01  0.00000e+00
0533  1.08806e+19  4.29251e-23  9.93040e-09  3.49343e+07  2.50274e-01  0.00000e+00
0534  1.08990e+19  4.28205e-23  9.90425e-09  3.49415e+07  2.50561e-01  0.00000e+00
0535  1.09174e+19  4.27168e-23  9.87828e-09  3.49485e+07  2.50849e-01  0.00000e+00
0536  1.09358e+19  4.26139e-23  9.85252e-09  3.49555e+07  2.51138e-01  0.00000e+00
0537  1.09542e+19  4.25118e-23  9.82694e-09  3.49624e+07  2.51428e-01  0.00000e+00
0538  1.09726e+19  4.24106e-23  9.80156e-09  3.49691e+07  2.51719e-01  0.00000e+00
0539  1.09910e+19  4.23102e-23  9.77638e-09  3.49757e+07  2.52011e-01  0.00000e+00
0540  1.10095e+19  4.22106e-23  9.75139e-09  3.49822e+07  2.52304e-01  0.00000e+00
0541  1.10279e+19  4.21119e-23  9.72661e-09  3.49885e+07  2.52598e-01  0.00000e+00
0542  1.10463e+19  4.20139e-23  9.70203e-09  3.49947e+07  2.52894e-01  0.00000e+00
0543  1.10647e+19  4.19169e-23  9.67765e-09  3.50007e+07  2.53191e-01  0.00000e+00
0544  1.10831e+19  4.18206e-23  9.65347e-09  3.50066e+07  2.53488e-01  0.00000e+00
0545  1.11015e+19  4.17251e-23  9.62949e-09  3.50124e+07  2.53788e-01  0.00000e+00
0546  1.11200e+19  4.16304e-23  9.60571e-09  3.50180e+07  2.54088e-01  0.00000e+00
0547  1.11384e+19  4.15365e-23  9.58211e-09  3.50234e+07  2.54390e-01  0.00000e+00
0548  1.11568e+19  4.14433e-23  9.55869e-09  3.50288e+07  2.54693e-01  0.00000e+00
0549  1.11752e+19  4.13508e-23  9.53544e-09  3.50340e+07  2.54997e-01  0.00000e+00
0550  1.11936e+19  4.12591e-23  9.51236e-09  3.50391e+07  2.55303e-01  0.00000e+00
0551  1.12120e+19  4.11678e-23  9.48939e-09  3.50442e+07  2.55611e-01  0.00000e+00
0552  1.12305e+19  4.10778e-23  9.46672e-09  3.50491e+07  2.55917e-01  0.00000e+00
0553  1.12489e+19  4.09857e-23  9.44351e-09  3.50541e+07  2.56235e-01  0.00000e+00
0554  1.12673e+19  4.09048e-23  9.42311e-09  3.50584e+07  2.56517e-01  0.00000e+00
0555  1.12857e+19  4.07652e-23  9.38785e-09  3.50658e+07  2.57010e-01  0.00000e+00
