# Athena++ data at time=9.170000e+12  cycle=614483199  variables=prim 
# i       x1v         rho          press          vel1         vel2         vel3     
0002  1.13875e+18  2.14917e-18  8.97288e-06 -4.09800e+05  1.46607e-09  0.00000e+00
0003  1.15716e+18  9.91565e-19  5.45956e-06  2.43594e+05  7.93074e-03  0.00000e+00
0004  1.17558e+18  6.41286e-19  4.33775e-06  3.11370e+05  1.74215e-02  0.00000e+00
0005  1.19399e+18  4.31072e-19  3.63779e-06  4.31074e+05  2.60041e-02  0.00000e+00
0006  1.21241e+18  2.83179e-19  3.17893e-06  6.30627e+05  3.34733e-02  0.00000e+00
0007  1.23082e+18  1.70276e-19  2.89032e-06  9.60056e+05  4.01730e-02  0.00000e+00
0008  1.24924e+18  1.39930e-19  2.63488e-06  1.18967e+06  4.61857e-02  0.00000e+00
0009  1.26765e+18  1.25873e-19  2.48276e-06  1.25753e+06  5.17674e-02  0.00000e+00
0010  1.28607e+18  1.14905e-19  2.34262e-06  1.33326e+06  5.69943e-02  0.00000e+00
0011  1.30448e+18  1.06792e-19  2.21649e-06  1.39560e+06  6.19065e-02  0.00000e+00
0012  1.32290e+18  9.98068e-20  2.10580e-06  1.44948e+06  6.65447e-02  0.00000e+00
0013  1.34131e+18  9.33614e-20  2.00320e-06  1.50695e+06  7.09317e-02  0.00000e+00
0014  1.35973e+18  8.75135e-20  1.90930e-06  1.56415e+06  7.50887e-02  0.00000e+00
0015  1.37814e+18  8.24346e-20  1.82298e-06  1.61716e+06  7.90338e-02  0.00000e+00
0016  1.39656e+18  7.78874e-20  1.74446e-06  1.66616e+06  8.27865e-02  0.00000e+00
0017  1.41497e+18  7.36956e-20  1.67178e-06  1.71497e+06  8.63614e-02  0.00000e+00
0018  1.43339e+18  6.98516e-20  1.60473e-06  1.76261e+06  8.97739e-02  0.00000e+00
0019  1.45180e+18  6.67281e-20  1.54165e-06  1.80138e+06  9.30317e-02  0.00000e+00
0020  1.47022e+18  6.35916e-20  1.48572e-06  1.83968e+06  9.61544e-02  0.00000e+00
0021  1.48863e+18  6.04282e-20  1.43089e-06  1.88849e+06  9.91465e-02  0.00000e+00
0022  1.50705e+18  5.78120e-20  1.37948e-06  1.92879e+06  1.02014e-01  0.00000e+00
0023  1.52546e+18  5.53940e-20  1.33367e-06  1.96277e+06  1.04771e-01  0.00000e+00
0024  1.54388e+18  5.30245e-20  1.28950e-06  2.00186e+06  1.07423e-01  0.00000e+00
0027  1.56229e+18  5.07857e-20  1.24795e-06  2.04132e+06  1.09978e-01  0.00000e+00
0028  1.58071e+18  4.86844e-20  1.20901e-06  2.08011e+06  1.12440e-01  0.00000e+00
0029  1.59912e+18  4.67009e-20  1.17240e-06  2.11878e+06  1.14816e-01  0.00000e+00
0030  1.61754e+18  4.48176e-20  1.13789e-06  2.15780e+06  1.17112e-01  0.00000e+00
0031  1.63595e+18  4.30203e-20  1.10530e-06  2.19756e+06  1.19332e-01  0.00000e+00
0032  1.65437e+18  4.12976e-20  1.07453e-06  2.23832e+06  1.21482e-01  0.00000e+00
0033  1.67278e+18  3.96614e-20  1.04551e-06  2.27920e+06  1.23565e-01  0.00000e+00
0034  1.69120e+18  3.82032e-20  1.01821e-06  2.31567e+06  1.25586e-01  0.00000e+00
0035  1.70961e+18  3.69267e-20  9.93097e-07  2.34445e+06  1.27551e-01  0.00000e+00
0036  1.72803e+18  3.57835e-20  9.69619e-07  2.36822e+06  1.29464e-01  0.00000e+00
0037  1.74644e+18  3.46918e-20  9.47551e-07  2.39105e+06  1.31331e-01  0.00000e+00
0038  1.76486e+18  3.36110e-20  9.26263e-07  2.41657e+06  1.33152e-01  0.00000e+00
0039  1.78328e+18  3.25463e-20  9.05791e-07  2.44435e+06  1.34930e-01  0.00000e+00
0040  1.80169e+18  3.15083e-20  8.86185e-07  2.47362e+06  1.36668e-01  0.00000e+00
0041  1.82011e+18  3.05021e-20  8.67462e-07  2.50378e+06  1.38366e-01  0.00000e+00
0042  1.83852e+18  2.95440e-20  8.49643e-07  2.53368e+06  1.40028e-01  0.00000e+00
0043  1.85694e+18  2.86595e-20  8.32690e-07  2.56027e+06  1.41659e-01  0.00000e+00
0044  1.87535e+18  2.76486e-20  8.16962e-07  2.58341e+06  1.43276e-01  0.00000e+00
0045  1.89377e+18  2.63614e-20  8.04356e-07  2.62875e+06  1.44850e-01  0.00000e+00
0046  1.91218e+18  2.61166e-20  7.87888e-07  2.68690e+06  1.46305e-01  0.00000e+00
0047  1.93060e+18  2.61397e-20  7.70927e-07  2.68995e+06  1.47682e-01  0.00000e+00
0048  1.94901e+18  2.57833e-20  7.56324e-07  2.66841e+06  1.49183e-01  0.00000e+00
0049  1.96743e+18  2.37768e-20  7.47019e-07  2.62719e+06  1.51039e-01  0.00000e+00
0050  1.98584e+18  2.01443e-20  7.52295e-07  2.72034e+06  1.53038e-01  0.00000e+00
0051  2.00426e+18  2.02786e-20  7.31818e-07  3.00927e+06  1.54329e-01  0.00000e+00
0052  2.02267e+18  2.20260e-20  7.07214e-07  3.03185e+06  1.54848e-01  0.00000e+00
0053  2.04109e+18  2.39465e-20  6.90214e-07  2.97296e+06  1.55374e-01  0.00000e+00
0054  2.05951e+18  2.34772e-20  6.77939e-07  2.88123e+06  1.56572e-01  0.00000e+00
0055  2.07792e+18  2.34256e-20  6.66779e-07  2.75943e+06  1.58904e-01  0.00000e+00
0056  2.09634e+18  2.41471e-20  6.58848e-07  2.60547e+06  1.61079e-01  0.00000e+00
0057  2.11475e+18  2.43797e-20  6.50944e-07  2.52581e+06  1.61765e-01  0.00000e+00
0058  2.13317e+18  2.41078e-20  6.40644e-07  2.54240e+06  1.61956e-01  0.00000e+00
0059  2.15158e+18  2.35694e-20  6.28647e-07  2.58705e+06  1.62210e-01  0.00000e+00
0060  2.17000e+18  2.30627e-20  6.17221e-07  2.63914e+06  1.62750e-01  0.00000e+00
0061  2.18841e+18  2.26664e-20  6.06816e-07  2.68954e+06  1.63674e-01  0.00000e+00
0062  2.20683e+18  2.23302e-20  5.97051e-07  2.73546e+06  1.64850e-01  0.00000e+00
0063  2.22524e+18  2.20114e-20  5.87615e-07  2.77305e+06  1.66028e-01  0.00000e+00
0064  2.24366e+18  2.16870e-20  5.78315e-07  2.80033e+06  1.67061e-01  0.00000e+00
0065  2.26207e+18  2.13531e-20  5.69096e-07  2.81929e+06  1.67975e-01  0.00000e+00
0066  2.28049e+18  2.10168e-20  5.60001e-07  2.83451e+06  1.68873e-01  0.00000e+00
0067  2.29891e+18  2.06776e-20  5.51028e-07  2.84986e+06  1.69828e-01  0.00000e+00
0068  2.31732e+18  2.03227e-20  5.42090e-07  2.86652e+06  1.70846e-01  0.00000e+00
0069  2.33574e+18  1.99360e-20  5.33079e-07  2.88316e+06  1.71871e-01  0.00000e+00
0070  2.35415e+18  1.95138e-20  5.23985e-07  2.89728e+06  1.72841e-01  0.00000e+00
0071  2.37257e+18  1.90724e-20  5.14943e-07  2.90643e+06  1.73736e-01  0.00000e+00
0072  2.39098e+18  1.86323e-20  5.06171e-07  2.90983e+06  1.74579e-01  0.00000e+00
0073  2.40940e+18  1.82350e-20  4.97913e-07  2.90953e+06  1.75399e-01  0.00000e+00
0074  2.42781e+18  1.79340e-20  4.90269e-07  2.90838e+06  1.76209e-01  0.00000e+00
0075  2.44623e+18  1.77258e-20  4.83193e-07  2.90857e+06  1.77006e-01  0.00000e+00
0076  2.46464e+18  1.75531e-20  4.76414e-07  2.91293e+06  1.77784e-01  0.00000e+00
0077  2.48306e+18  1.73681e-20  4.69776e-07  2.92496e+06  1.78548e-01  0.00000e+00
0078  2.50147e+18  1.71510e-20  4.63088e-07  2.94605e+06  1.79299e-01  0.00000e+00
0079  2.51989e+18  1.69035e-20  4.56321e-07  2.97393e+06  1.80012e-01  0.00000e+00
0080  2.53831e+18  1.67788e-20  4.50649e-07  3.00567e+06  1.80689e-01  0.00000e+00
0081  2.55672e+18  1.64950e-20  4.43858e-07  3.00450e+06  1.81563e-01  0.00000e+00
0082  2.57514e+18  1.34488e-20  4.34203e-07  3.09346e+06  1.83135e-01  0.00000e+00
0083  2.59355e+18  7.31138e-21  4.45340e-07  3.83058e+06  1.85615e-01  0.00000e+00
0084  2.61197e+18  4.24690e-21  4.00175e-07  5.53944e+06  1.88708e-01  0.00000e+00
0085  2.63038e+18  3.24170e-21  3.86742e-07  6.37806e+06  1.92152e-01  0.00000e+00
0086  2.64880e+18  2.76153e-21  3.77783e-07  6.92397e+06  1.95793e-01  0.00000e+00
0087  2.66721e+18  2.46518e-21  3.70575e-07  7.35227e+06  1.99542e-01  0.00000e+00
0088  2.68563e+18  2.25393e-21  3.64566e-07  7.72026e+06  2.03356e-01  0.00000e+00
0089  2.70404e+18  2.09095e-21  3.59307e-07  8.04924e+06  2.07217e-01  0.00000e+00
0090  2.72246e+18  1.95800e-21  3.54623e-07  8.34870e+06  2.11116e-01  0.00000e+00
0091  2.74088e+18  1.84464e-21  3.50262e-07  8.62985e+06  2.15043e-01  0.00000e+00
0092  2.75929e+18  1.74579e-21  3.46171e-07  8.89657e+06  2.18990e-01  0.00000e+00
0093  2.77771e+18  1.65842e-21  3.42329e-07  9.15094e+06  2.22955e-01  0.00000e+00
0094  2.79612e+18  1.58061e-21  3.38672e-07  9.39385e+06  2.26934e-01  0.00000e+00
0095  2.81454e+18  1.51064e-21  3.35186e-07  9.62466e+06  2.30927e-01  0.00000e+00
0096  2.83295e+18  1.44718e-21  3.31810e-07  9.84401e+06  2.34937e-01  0.00000e+00
0097  2.85137e+18  1.38937e-21  3.28548e-07  1.00514e+07  2.38967e-01  0.00000e+00
0098  2.86978e+18  1.33660e-21  3.25412e-07  1.02471e+07  2.43021e-01  0.00000e+00
0099  2.88820e+18  1.28816e-21  3.22446e-07  1.04328e+07  2.47104e-01  0.00000e+00
0100  2.90661e+18  1.24330e-21  3.19649e-07  1.06116e+07  2.51220e-01  0.00000e+00
0101  2.92503e+18  1.20170e-21  3.17007e-07  1.07848e+07  2.55375e-01  0.00000e+00
0102  2.94345e+18  1.16310e-21  3.14533e-07  1.09518e+07  2.59571e-01  0.00000e+00
0103  2.96186e+18  1.12719e-21  3.12206e-07  1.11124e+07  2.63813e-01  0.00000e+00
0104  2.98028e+18  1.09370e-21  3.10006e-07  1.12663e+07  2.68104e-01  0.00000e+00
0105  2.99869e+18  1.06239e-21  3.07914e-07  1.14132e+07  2.72446e-01  0.00000e+00
0106  3.01711e+18  1.03303e-21  3.05919e-07  1.15530e+07  2.76844e-01  0.00000e+00
0107  3.03552e+18  1.00546e-21  3.04015e-07  1.16856e+07  2.81300e-01  0.00000e+00
0108  3.05394e+18  9.79510e-22  3.02193e-07  1.18109e+07  2.85818e-01  0.00000e+00
0109  3.07235e+18  9.55006e-22  3.00450e-07  1.19286e+07  2.90402e-01  0.00000e+00
0110  3.09077e+18  9.31813e-22  2.98776e-07  1.20389e+07  2.95055e-01  0.00000e+00
0111  3.10918e+18  9.09823e-22  2.97168e-07  1.21417e+07  2.99781e-01  0.00000e+00
0112  3.12760e+18  8.88946e-22  2.95626e-07  1.22373e+07  3.04582e-01  0.00000e+00
0113  3.14602e+18  8.69115e-22  2.94152e-07  1.23263e+07  3.09458e-01  0.00000e+00
0114  3.16443e+18  8.50277e-22  2.92749e-07  1.24094e+07  3.14408e-01  0.00000e+00
0115  3.18285e+18  8.32374e-22  2.91421e-07  1.24874e+07  3.19431e-01  0.00000e+00
0116  3.20126e+18  8.15375e-22  2.90164e-07  1.25611e+07  3.24522e-01  0.00000e+00
0117  3.21968e+18  7.99251e-22  2.88977e-07  1.26308e+07  3.29674e-01  0.00000e+00
0118  3.23809e+18  7.83960e-22  2.87854e-07  1.26968e+07  3.34883e-01  0.00000e+00
0119  3.25651e+18  7.69457e-22  2.86789e-07  1.27593e+07  3.40141e-01  0.00000e+00
0120  3.27492e+18  7.55702e-22  2.85775e-07  1.28182e+07  3.45442e-01  0.00000e+00
0121  3.29334e+18  7.42653e-22  2.84808e-07  1.28734e+07  3.50780e-01  0.00000e+00
0122  3.31176e+18  7.30266e-22  2.83884e-07  1.29248e+07  3.56153e-01  0.00000e+00
0123  3.33017e+18  7.18498e-22  2.83001e-07  1.29724e+07  3.61559e-01  0.00000e+00
0124  3.34859e+18  7.07300e-22  2.82155e-07  1.30160e+07  3.67000e-01  0.00000e+00
0125  3.36700e+18  6.96622e-22  2.81342e-07  1.30556e+07  3.72481e-01  0.00000e+00
0126  3.38542e+18  6.86411e-22  2.80558e-07  1.30912e+07  3.78008e-01  0.00000e+00
0127  3.40383e+18  6.76617e-22  2.79800e-07  1.31230e+07  3.83591e-01  0.00000e+00
0128  3.42225e+18  6.67190e-22  2.79063e-07  1.31510e+07  3.89244e-01  0.00000e+00
0129  3.44066e+18  6.58083e-22  2.78347e-07  1.31756e+07  3.94980e-01  0.00000e+00
0130  3.45908e+18  6.49251e-22  2.77650e-07  1.31973e+07  4.00818e-01  0.00000e+00
0131  3.47749e+18  6.40655e-22  2.76972e-07  1.32164e+07  4.06775e-01  0.00000e+00
0132  3.49591e+18  6.32257e-22  2.76314e-07  1.32336e+07  4.12870e-01  0.00000e+00
0133  3.51433e+18  6.24029e-22  2.75677e-07  1.32492e+07  4.19123e-01  0.00000e+00
0134  3.53274e+18  6.15942e-22  2.75062e-07  1.32634e+07  4.25554e-01  0.00000e+00
0135  3.55116e+18  6.07976e-22  2.74472e-07  1.32762e+07  4.32181e-01  0.00000e+00
0136  3.56957e+18  6.00116e-22  2.73906e-07  1.32877e+07  4.39024e-01  0.00000e+00
0137  3.58799e+18  5.92356e-22  2.73364e-07  1.32977e+07  4.46096e-01  0.00000e+00
0138  3.60640e+18  5.84684e-22  2.72847e-07  1.33062e+07  4.53404e-01  0.00000e+00
0139  3.62482e+18  5.77057e-22  2.72355e-07  1.33128e+07  4.60966e-01  0.00000e+00
0140  3.64323e+18  5.69629e-22  2.71889e-07  1.33174e+07  4.68824e-01  0.00000e+00
0141  3.66165e+18  5.62616e-22  2.71434e-07  1.33208e+07  4.76922e-01  0.00000e+00
0142  3.68007e+18  5.54789e-22  2.71000e-07  1.33229e+07  4.84958e-01  0.00000e+00
0143  3.69848e+18  5.43608e-22  2.70597e-07  1.33214e+07  4.93380e-01  0.00000e+00
0144  3.71690e+18  5.37754e-22  2.70191e-07  1.33186e+07  5.05148e-01  0.00000e+00
0145  3.73531e+18  5.41978e-22  2.69718e-07  1.33203e+07  5.17367e-01  0.00000e+00
0146  3.75373e+18  6.01904e-22  2.69382e-07  1.33104e+07  5.17435e-01  0.00000e+00
0147  3.77214e+18  1.15907e-21  2.69154e-07  1.32780e+07  5.01755e-01  0.00000e+00
0148  3.79056e+18  4.85946e-21  2.41580e-07  1.26335e+07  4.26507e-01  0.00000e+00
0149  3.80897e+18  1.12614e-20  2.50244e-07  1.06372e+07  3.15795e-01  0.00000e+00
0150  3.82739e+18  1.18999e-20  2.51475e-07  9.88328e+06  2.20836e-01  0.00000e+00
0151  3.84581e+18  1.16313e-20  2.46966e-07  9.86574e+06  1.62214e-01  0.00000e+00
0152  3.86422e+18  1.10576e-20  2.38915e-07  9.89547e+06  1.42225e-01  0.00000e+00
0153  3.88264e+18  1.04282e-20  2.30084e-07  9.93263e+06  1.39661e-01  0.00000e+00
0154  3.90105e+18  9.84087e-21  2.21658e-07  9.95703e+06  1.39635e-01  0.00000e+00
0155  3.91947e+18  9.27839e-21  2.13685e-07  9.98455e+06  1.39772e-01  0.00000e+00
0156  3.93788e+18  8.72252e-21  2.05363e-07  1.00222e+07  1.40232e-01  0.00000e+00
0157  3.95630e+18  8.14491e-21  1.96934e-07  1.00786e+07  1.41153e-01  0.00000e+00
0158  3.97471e+18  7.46073e-21  1.88376e-07  1.01485e+07  1.42573e-01  0.00000e+00
0159  3.99313e+18  6.43318e-21  1.79973e-07  1.02368e+07  1.44383e-01  0.00000e+00
0160  4.01155e+18  4.83396e-21  1.77025e-07  1.05304e+07  1.46332e-01  0.00000e+00
0161  4.02996e+18  3.16596e-21  1.65785e-07  1.14701e+07  1.48228e-01  0.00000e+00
0162  4.04838e+18  2.16568e-21  1.51972e-07  1.25945e+07  1.50061e-01  0.00000e+00
0163  4.06679e+18  1.67835e-21  1.43666e-07  1.34083e+07  1.51840e-01  0.00000e+00
0164  4.08521e+18  1.41822e-21  1.38028e-07  1.40086e+07  1.53556e-01  0.00000e+00
0165  4.10362e+18  1.25745e-21  1.33501e-07  1.44938e+07  1.55201e-01  0.00000e+00
0166  4.12204e+18  1.14502e-21  1.29627e-07  1.49125e+07  1.56768e-01  0.00000e+00
0167  4.14045e+18  1.05948e-21  1.26147e-07  1.52903e+07  1.58256e-01  0.00000e+00
0168  4.15887e+18  9.90902e-22  1.22978e-07  1.56373e+07  1.59668e-01  0.00000e+00
0169  4.17728e+18  9.33852e-22  1.20057e-07  1.59607e+07  1.61006e-01  0.00000e+00
0170  4.19570e+18  8.85291e-22  1.17344e-07  1.62645e+07  1.62279e-01  0.00000e+00
0171  4.21412e+18  8.43185e-22  1.14811e-07  1.65510e+07  1.63492e-01  0.00000e+00
0172  4.23253e+18  8.05779e-22  1.12433e-07  1.68250e+07  1.64653e-01  0.00000e+00
0173  4.25095e+18  7.71974e-22  1.10152e-07  1.70916e+07  1.65767e-01  0.00000e+00
0174  4.26936e+18  7.41277e-22  1.07978e-07  1.73497e+07  1.66842e-01  0.00000e+00
0175  4.28778e+18  7.13214e-22  1.05907e-07  1.75997e+07  1.67884e-01  0.00000e+00
0176  4.30619e+18  6.87363e-22  1.03924e-07  1.78425e+07  1.68899e-01  0.00000e+00
0177  4.32461e+18  6.63429e-22  1.02024e-07  1.80788e+07  1.69891e-01  0.00000e+00
0178  4.34302e+18  6.41188e-22  1.00202e-07  1.83086e+07  1.70864e-01  0.00000e+00
0179  4.36144e+18  6.20442e-22  9.84533e-08  1.85323e+07  1.71822e-01  0.00000e+00
0180  4.37986e+18  6.01025e-22  9.67735e-08  1.87503e+07  1.72767e-01  0.00000e+00
0181  4.39827e+18  5.82814e-22  9.51589e-08  1.89625e+07  1.73703e-01  0.00000e+00
0182  4.41669e+18  5.65702e-22  9.36060e-08  1.91693e+07  1.74629e-01  0.00000e+00
0183  4.43510e+18  5.49546e-22  9.21104e-08  1.93713e+07  1.75547e-01  0.00000e+00
0184  4.45352e+18  5.34230e-22  9.06618e-08  1.95697e+07  1.76458e-01  0.00000e+00
0185  4.47193e+18  5.19696e-22  8.92584e-08  1.97646e+07  1.77362e-01  0.00000e+00
0186  4.49035e+18  5.05896e-22  8.78996e-08  1.99558e+07  1.78257e-01  0.00000e+00
0187  4.50876e+18  4.92787e-22  8.65844e-08  2.01433e+07  1.79146e-01  0.00000e+00
0188  4.52718e+18  4.80328e-22  8.53115e-08  2.03270e+07  1.80026e-01  0.00000e+00
0189  4.54560e+18  4.68480e-22  8.40796e-08  2.05069e+07  1.80898e-01  0.00000e+00
0190  4.56401e+18  4.57207e-22  8.28873e-08  2.06830e+07  1.81762e-01  0.00000e+00
0191  4.58243e+18  4.46476e-22  8.17333e-08  2.08553e+07  1.82617e-01  0.00000e+00
0192  4.60084e+18  4.36252e-22  8.06162e-08  2.10239e+07  1.83463e-01  0.00000e+00
0193  4.61926e+18  4.26495e-22  7.95341e-08  2.11889e+07  1.84300e-01  0.00000e+00
0194  4.63767e+18  4.17161e-22  7.84836e-08  2.13508e+07  1.85128e-01  0.00000e+00
0195  4.65609e+18  4.08226e-22  7.74631e-08  2.15098e+07  1.85947e-01  0.00000e+00
0196  4.67450e+18  3.99669e-22  7.64721e-08  2.16657e+07  1.86756e-01  0.00000e+00
0197  4.69292e+18  3.91468e-22  7.55097e-08  2.18187e+07  1.87555e-01  0.00000e+00
0198  4.71134e+18  3.83608e-22  7.45755e-08  2.19685e+07  1.88346e-01  0.00000e+00
0199  4.72975e+18  3.76069e-22  7.36687e-08  2.21152e+07  1.89128e-01  0.00000e+00
0200  4.74817e+18  3.68836e-22  7.27890e-08  2.22588e+07  1.89901e-01  0.00000e+00
0201  4.76658e+18  3.61894e-22  7.19358e-08  2.23991e+07  1.90665e-01  0.00000e+00
0202  4.78500e+18  3.55227e-22  7.11086e-08  2.25362e+07  1.91422e-01  0.00000e+00
0203  4.80341e+18  3.48821e-22  7.03067e-08  2.26701e+07  1.92172e-01  0.00000e+00
0204  4.82183e+18  3.42664e-22  6.95295e-08  2.28007e+07  1.92914e-01  0.00000e+00
0205  4.84024e+18  3.36742e-22  6.87762e-08  2.29281e+07  1.93650e-01  0.00000e+00
0206  4.85866e+18  3.31043e-22  6.80459e-08  2.30524e+07  1.94381e-01  0.00000e+00
0207  4.87708e+18  3.25555e-22  6.73378e-08  2.31734e+07  1.95106e-01  0.00000e+00
0208  4.89549e+18  3.20266e-22  6.66510e-08  2.32914e+07  1.95825e-01  0.00000e+00
0209  4.91391e+18  3.15169e-22  6.59848e-08  2.34064e+07  1.96541e-01  0.00000e+00
0210  4.93232e+18  3.10256e-22  6.53394e-08  2.35181e+07  1.97252e-01  0.00000e+00
0211  4.95074e+18  3.05507e-22  6.47121e-08  2.36272e+07  1.97960e-01  0.00000e+00
0212  4.96915e+18  3.00910e-22  6.41011e-08  2.37339e+07  1.98664e-01  0.00000e+00
0213  4.98757e+18  2.96459e-22  6.35063e-08  2.38382e+07  1.99366e-01  0.00000e+00
0214  5.00598e+18  2.92150e-22  6.29277e-08  2.39401e+07  2.00065e-01  0.00000e+00
0215  5.02440e+18  2.87976e-22  6.23652e-08  2.40394e+07  2.00761e-01  0.00000e+00
0216  5.04282e+18  2.83934e-22  6.18187e-08  2.41361e+07  2.01456e-01  0.00000e+00
0217  5.06123e+18  2.80016e-22  6.12877e-08  2.42303e+07  2.02149e-01  0.00000e+00
0218  5.07965e+18  2.76219e-22  6.07716e-08  2.43221e+07  2.02841e-01  0.00000e+00
0219  5.09806e+18  2.72535e-22  6.02699e-08  2.44114e+07  2.03533e-01  0.00000e+00
0220  5.11648e+18  2.68961e-22  5.97818e-08  2.44983e+07  2.04223e-01  0.00000e+00
0221  5.13489e+18  2.65491e-22  5.93067e-08  2.45830e+07  2.04914e-01  0.00000e+00
0222  5.15331e+18  2.62120e-22  5.88440e-08  2.46654e+07  2.05605e-01  0.00000e+00
0223  5.17172e+18  2.58844e-22  5.83932e-08  2.47457e+07  2.06297e-01  0.00000e+00
0224  5.19014e+18  2.55660e-22  5.79542e-08  2.48239e+07  2.06990e-01  0.00000e+00
0225  5.20856e+18  2.52564e-22  5.75268e-08  2.48998e+07  2.07684e-01  0.00000e+00
0226  5.22697e+18  2.49555e-22  5.71111e-08  2.49735e+07  2.08379e-01  0.00000e+00
0227  5.24539e+18  2.46631e-22  5.67072e-08  2.50449e+07  2.09076e-01  0.00000e+00
0228  5.26380e+18  2.43788e-22  5.63148e-08  2.51140e+07  2.09776e-01  0.00000e+00
0229  5.28222e+18  2.41024e-22  5.59339e-08  2.51808e+07  2.10477e-01  0.00000e+00
0230  5.30063e+18  2.38337e-22  5.55641e-08  2.52453e+07  2.11181e-01  0.00000e+00
0231  5.31905e+18  2.35722e-22  5.52047e-08  2.53077e+07  2.11888e-01  0.00000e+00
0232  5.33746e+18  2.33177e-22  5.48553e-08  2.53680e+07  2.12597e-01  0.00000e+00
0233  5.35588e+18  2.30698e-22  5.45150e-08  2.54263e+07  2.13309e-01  0.00000e+00
0234  5.37430e+18  2.28283e-22  5.41833e-08  2.54828e+07  2.14024e-01  0.00000e+00
0235  5.39271e+18  2.25929e-22  5.38600e-08  2.55374e+07  2.14742e-01  0.00000e+00
0236  5.41113e+18  2.23634e-22  5.35449e-08  2.55903e+07  2.15463e-01  0.00000e+00
0237  5.42954e+18  2.21397e-22  5.32378e-08  2.56414e+07  2.16187e-01  0.00000e+00
0238  5.44796e+18  2.19216e-22  5.29389e-08  2.56906e+07  2.16914e-01  0.00000e+00
0239  5.46637e+18  2.17091e-22  5.26484e-08  2.57379e+07  2.17644e-01  0.00000e+00
0240  5.48479e+18  2.15021e-22  5.23660e-08  2.57834e+07  2.18378e-01  0.00000e+00
0241  5.50320e+18  2.13003e-22  5.20917e-08  2.58270e+07  2.19115e-01  0.00000e+00
0242  5.52162e+18  2.11035e-22  5.18252e-08  2.58687e+07  2.19855e-01  0.00000e+00
0243  5.54004e+18  2.09116e-22  5.15658e-08  2.59088e+07  2.20600e-01  0.00000e+00
0244  5.55845e+18  2.07242e-22  5.13131e-08  2.59472e+07  2.21348e-01  0.00000e+00
0245  5.57687e+18  2.05411e-22  5.10663e-08  2.59842e+07  2.22101e-01  0.00000e+00
0246  5.59528e+18  2.03621e-22  5.08249e-08  2.60199e+07  2.22857e-01  0.00000e+00
0247  5.61370e+18  2.01869e-22  5.05884e-08  2.60544e+07  2.23618e-01  0.00000e+00
0248  5.63211e+18  2.00155e-22  5.03567e-08  2.60878e+07  2.24383e-01  0.00000e+00
0249  5.65053e+18  1.98477e-22  5.01298e-08  2.61199e+07  2.25153e-01  0.00000e+00
0250  5.66894e+18  1.96831e-22  4.99079e-08  2.61508e+07  2.25927e-01  0.00000e+00
0251  5.68736e+18  1.95218e-22  4.96911e-08  2.61805e+07  2.26706e-01  0.00000e+00
0252  5.70578e+18  1.93638e-22  4.94795e-08  2.62090e+07  2.27490e-01  0.00000e+00
0253  5.72419e+18  1.92094e-22  4.92735e-08  2.62360e+07  2.28279e-01  0.00000e+00
0254  5.74261e+18  1.90583e-22  4.90729e-08  2.62617e+07  2.29072e-01  0.00000e+00
0255  5.76102e+18  1.89107e-22  4.88776e-08  2.62860e+07  2.29870e-01  0.00000e+00
0256  5.77944e+18  1.87662e-22  4.86874e-08  2.63090e+07  2.30674e-01  0.00000e+00
0257  5.79785e+18  1.86249e-22  4.85018e-08  2.63308e+07  2.31482e-01  0.00000e+00
0258  5.81627e+18  1.84866e-22  4.83207e-08  2.63515e+07  2.32295e-01  0.00000e+00
0259  5.83468e+18  1.83511e-22  4.81437e-08  2.63710e+07  2.33115e-01  0.00000e+00
0260  5.85310e+18  1.82183e-22  4.79707e-08  2.63895e+07  2.33940e-01  0.00000e+00
0261  5.87152e+18  1.80882e-22  4.78017e-08  2.64069e+07  2.34772e-01  0.00000e+00
0262  5.88993e+18  1.79607e-22  4.76365e-08  2.64233e+07  2.35611e-01  0.00000e+00
0263  5.90835e+18  1.78355e-22  4.74753e-08  2.64387e+07  2.36460e-01  0.00000e+00
0264  5.92676e+18  1.77127e-22  4.73179e-08  2.64530e+07  2.37319e-01  0.00000e+00
0265  5.94518e+18  1.75919e-22  4.71643e-08  2.64662e+07  2.38191e-01  0.00000e+00
0266  5.96359e+18  1.74730e-22  4.70141e-08  2.64785e+07  2.39077e-01  0.00000e+00
0267  5.98201e+18  1.73557e-22  4.68673e-08  2.64900e+07  2.39981e-01  0.00000e+00
0268  6.00043e+18  1.72398e-22  4.67234e-08  2.65006e+07  2.40905e-01  0.00000e+00
0269  6.01884e+18  1.71249e-22  4.65822e-08  2.65104e+07  2.41853e-01  0.00000e+00
0270  6.03726e+18  1.70109e-22  4.64434e-08  2.65196e+07  2.42828e-01  0.00000e+00
0271  6.05567e+18  1.68973e-22  4.63067e-08  2.65282e+07  2.43832e-01  0.00000e+00
0272  6.07409e+18  1.67840e-22  4.61718e-08  2.65363e+07  2.44870e-01  0.00000e+00
0273  6.09250e+18  1.66707e-22  4.60383e-08  2.65440e+07  2.45945e-01  0.00000e+00
0274  6.11092e+18  1.65572e-22  4.59061e-08  2.65513e+07  2.47057e-01  0.00000e+00
0275  6.12933e+18  1.64436e-22  4.57754e-08  2.65582e+07  2.48210e-01  0.00000e+00
0276  6.14775e+18  1.63298e-22  4.56463e-08  2.65646e+07  2.49402e-01  0.00000e+00
0277  6.16617e+18  1.62160e-22  4.55192e-08  2.65705e+07  2.50633e-01  0.00000e+00
0278  6.18458e+18  1.61025e-22  4.53942e-08  2.65757e+07  2.51900e-01  0.00000e+00
0279  6.20300e+18  1.59895e-22  4.52714e-08  2.65803e+07  2.53197e-01  0.00000e+00
0280  6.22141e+18  1.58775e-22  4.51508e-08  2.65843e+07  2.54518e-01  0.00000e+00
0281  6.23983e+18  1.57669e-22  4.50321e-08  2.65878e+07  2.55853e-01  0.00000e+00
0282  6.25824e+18  1.56583e-22  4.49152e-08  2.65907e+07  2.57191e-01  0.00000e+00
0283  6.27666e+18  1.55524e-22  4.48000e-08  2.65931e+07  2.58518e-01  0.00000e+00
0284  6.29507e+18  1.54498e-22  4.46863e-08  2.65951e+07  2.59820e-01  0.00000e+00
0285  6.31349e+18  1.53512e-22  4.45740e-08  2.65967e+07  2.61082e-01  0.00000e+00
0286  6.33191e+18  1.52572e-22  4.44631e-08  2.65979e+07  2.62290e-01  0.00000e+00
0287  6.35032e+18  1.51681e-22  4.43534e-08  2.65988e+07  2.63432e-01  0.00000e+00
0288  6.36874e+18  1.50844e-22  4.42447e-08  2.65994e+07  2.64496e-01  0.00000e+00
0289  6.38715e+18  1.50062e-22  4.41370e-08  2.65998e+07  2.65477e-01  0.00000e+00
0290  6.40557e+18  1.49333e-22  4.40302e-08  2.66000e+07  2.66374e-01  0.00000e+00
0291  6.42398e+18  1.48653e-22  4.39241e-08  2.66000e+07  2.67188e-01  0.00000e+00
0292  6.44240e+18  1.48018e-22  4.38187e-08  2.65999e+07  2.67928e-01  0.00000e+00
0293  6.46081e+18  1.47421e-22  4.37139e-08  2.65997e+07  2.68604e-01  0.00000e+00
0294  6.47923e+18  1.46855e-22  4.36098e-08  2.65994e+07  2.69230e-01  0.00000e+00
0295  6.49765e+18  1.46311e-22  4.35063e-08  2.65990e+07  2.69822e-01  0.00000e+00
0296  6.51606e+18  1.45783e-22  4.34035e-08  2.65985e+07  2.70392e-01  0.00000e+00
0297  6.53448e+18  1.45263e-22  4.33014e-08  2.65979e+07  2.70957e-01  0.00000e+00
0298  6.55289e+18  1.44744e-22  4.32002e-08  2.65971e+07  2.71528e-01  0.00000e+00
0299  6.57131e+18  1.44223e-22  4.30998e-08  2.65961e+07  2.72115e-01  0.00000e+00
0300  6.58972e+18  1.43695e-22  4.30002e-08  2.65950e+07  2.72729e-01  0.00000e+00
0301  6.60814e+18  1.43157e-22  4.29013e-08  2.65937e+07  2.73376e-01  0.00000e+00
0302  6.62655e+18  1.42608e-22  4.28032e-08  2.65923e+07  2.74059e-01  0.00000e+00
0303  6.64497e+18  1.42049e-22  4.27056e-08  2.65908e+07  2.74780e-01  0.00000e+00
0304  6.66339e+18  1.41480e-22  4.26086e-08  2.65893e+07  2.75539e-01  0.00000e+00
0305  6.68180e+18  1.40904e-22  4.25119e-08  2.65877e+07  2.76332e-01  0.00000e+00
0306  6.70022e+18  1.40323e-22  4.24157e-08  2.65860e+07  2.77155e-01  0.00000e+00
0307  6.71863e+18  1.39741e-22  4.23198e-08  2.65844e+07  2.78002e-01  0.00000e+00
0308  6.73705e+18  1.39160e-22  4.22243e-08  2.65827e+07  2.78868e-01  0.00000e+00
0309  6.75546e+18  1.38583e-22  4.21291e-08  2.65809e+07  2.79744e-01  0.00000e+00
0310  6.77388e+18  1.38013e-22  4.20344e-08  2.65792e+07  2.80626e-01  0.00000e+00
0311  6.79229e+18  1.37452e-22  4.19402e-08  2.65773e+07  2.81508e-01  0.00000e+00
0312  6.81071e+18  1.36902e-22  4.18465e-08  2.65754e+07  2.82386e-01  0.00000e+00
0313  6.82913e+18  1.36363e-22  4.17535e-08  2.65734e+07  2.83259e-01  0.00000e+00
0314  6.84754e+18  1.35837e-22  4.16611e-08  2.65712e+07  2.84124e-01  0.00000e+00
0315  6.86596e+18  1.35321e-22  4.15692e-08  2.65690e+07  2.84981e-01  0.00000e+00
0316  6.88437e+18  1.34817e-22  4.14780e-08  2.65667e+07  2.85832e-01  0.00000e+00
0317  6.90279e+18  1.34322e-22  4.13872e-08  2.65643e+07  2.86678e-01  0.00000e+00
0318  6.92120e+18  1.33835e-22  4.12968e-08  2.65619e+07  2.87520e-01  0.00000e+00
0319  6.93962e+18  1.33356e-22  4.12068e-08  2.65594e+07  2.88361e-01  0.00000e+00
0320  6.95803e+18  1.32884e-22  4.11171e-08  2.65570e+07  2.89202e-01  0.00000e+00
0321  6.97645e+18  1.32416e-22  4.10277e-08  2.65546e+07  2.90045e-01  0.00000e+00
0322  6.99487e+18  1.31954e-22  4.09385e-08  2.65522e+07  2.90891e-01  0.00000e+00
0323  7.01328e+18  1.31496e-22  4.08494e-08  2.65498e+07  2.91742e-01  0.00000e+00
0324  7.03170e+18  1.31042e-22  4.07605e-08  2.65475e+07  2.92598e-01  0.00000e+00
0325  7.05011e+18  1.30592e-22  4.06718e-08  2.65453e+07  2.93459e-01  0.00000e+00
0326  7.06853e+18  1.30147e-22  4.05834e-08  2.65430e+07  2.94326e-01  0.00000e+00
0327  7.08694e+18  1.29705e-22  4.04954e-08  2.65407e+07  2.95198e-01  0.00000e+00
0328  7.10536e+18  1.29268e-22  4.04078e-08  2.65384e+07  2.96075e-01  0.00000e+00
0329  7.12378e+18  1.28835e-22  4.03207e-08  2.65360e+07  2.96958e-01  0.00000e+00
0330  7.14219e+18  1.28407e-22  4.02342e-08  2.65335e+07  2.97846e-01  0.00000e+00
0331  7.16061e+18  1.27984e-22  4.01483e-08  2.65309e+07  2.98740e-01  0.00000e+00
0332  7.17902e+18  1.27566e-22  4.00630e-08  2.65282e+07  2.99638e-01  0.00000e+00
0333  7.19744e+18  1.27152e-22  3.99782e-08  2.65254e+07  3.00542e-01  0.00000e+00
0334  7.21585e+18  1.26742e-22  3.98940e-08  2.65225e+07  3.01451e-01  0.00000e+00
0335  7.23427e+18  1.26337e-22  3.98103e-08  2.65196e+07  3.02365e-01  0.00000e+00
0336  7.25268e+18  1.25936e-22  3.97271e-08  2.65165e+07  3.03285e-01  0.00000e+00
0337  7.27110e+18  1.25539e-22  3.96442e-08  2.65135e+07  3.04211e-01  0.00000e+00
0338  7.28952e+18  1.25146e-22  3.95618e-08  2.65104e+07  3.05142e-01  0.00000e+00
0339  7.30793e+18  1.24757e-22  3.94797e-08  2.65073e+07  3.06080e-01  0.00000e+00
0340  7.32635e+18  1.24372e-22  3.93980e-08  2.65041e+07  3.07023e-01  0.00000e+00
0341  7.34476e+18  1.23990e-22  3.93168e-08  2.65009e+07  3.07972e-01  0.00000e+00
0342  7.36318e+18  1.23613e-22  3.92360e-08  2.64976e+07  3.08927e-01  0.00000e+00
0343  7.38159e+18  1.23239e-22  3.91558e-08  2.64943e+07  3.09888e-01  0.00000e+00
0344  7.40001e+18  1.22870e-22  3.90762e-08  2.64908e+07  3.10856e-01  0.00000e+00
0345  7.41842e+18  1.22505e-22  3.89973e-08  2.64871e+07  3.11829e-01  0.00000e+00
0346  7.43684e+18  1.22144e-22  3.89191e-08  2.64833e+07  3.12809e-01  0.00000e+00
0347  7.45526e+18  1.21788e-22  3.88417e-08  2.64793e+07  3.13795e-01  0.00000e+00
0348  7.47367e+18  1.21436e-22  3.87650e-08  2.64752e+07  3.14787e-01  0.00000e+00
0349  7.49209e+18  1.21088e-22  3.86889e-08  2.64709e+07  3.15786e-01  0.00000e+00
0350  7.51050e+18  1.20742e-22  3.86130e-08  2.64667e+07  3.16790e-01  0.00000e+00
0351  7.52892e+18  1.20399e-22  3.85367e-08  2.64627e+07  3.17802e-01  0.00000e+00
0352  7.54733e+18  1.20057e-22  3.84595e-08  2.64591e+07  3.18819e-01  0.00000e+00
0353  7.56575e+18  1.19715e-22  3.83811e-08  2.64560e+07  3.19843e-01  0.00000e+00
0354  7.58416e+18  1.19374e-22  3.83013e-08  2.64536e+07  3.20873e-01  0.00000e+00
0355  7.60258e+18  1.19033e-22  3.82204e-08  2.64516e+07  3.21909e-01  0.00000e+00
0356  7.62100e+18  1.18693e-22  3.81387e-08  2.64500e+07  3.22951e-01  0.00000e+00
0357  7.63941e+18  1.18355e-22  3.80566e-08  2.64487e+07  3.23999e-01  0.00000e+00
0358  7.65783e+18  1.18020e-22  3.79743e-08  2.64476e+07  3.25053e-01  0.00000e+00
0359  7.67624e+18  1.17687e-22  3.78921e-08  2.64465e+07  3.26111e-01  0.00000e+00
0360  7.69466e+18  1.17358e-22  3.78104e-08  2.64454e+07  3.27175e-01  0.00000e+00
0361  7.71307e+18  1.17034e-22  3.77297e-08  2.64440e+07  3.28244e-01  0.00000e+00
0362  7.73149e+18  1.16716e-22  3.76507e-08  2.64420e+07  3.29317e-01  0.00000e+00
0363  7.74990e+18  1.16405e-22  3.75741e-08  2.64393e+07  3.30395e-01  0.00000e+00
0364  7.76832e+18  1.16102e-22  3.75002e-08  2.64357e+07  3.31476e-01  0.00000e+00
0365  7.78674e+18  1.15807e-22  3.74287e-08  2.64313e+07  3.32562e-01  0.00000e+00
0366  7.80515e+18  1.15518e-22  3.73594e-08  2.64262e+07  3.33651e-01  0.00000e+00
0367  7.82357e+18  1.15237e-22  3.72918e-08  2.64205e+07  3.34744e-01  0.00000e+00
0368  7.84198e+18  1.14961e-22  3.72255e-08  2.64144e+07  3.35840e-01  0.00000e+00
0369  7.86040e+18  1.14690e-22  3.71601e-08  2.64080e+07  3.36939e-01  0.00000e+00
0370  7.87881e+18  1.14424e-22  3.70955e-08  2.64015e+07  3.38042e-01  0.00000e+00
0371  7.89723e+18  1.14162e-22  3.70313e-08  2.63948e+07  3.39149e-01  0.00000e+00
0372  7.91564e+18  1.13904e-22  3.69673e-08  2.63881e+07  3.40259e-01  0.00000e+00
0373  7.93406e+18  1.13649e-22  3.69033e-08  2.63815e+07  3.41374e-01  0.00000e+00
0374  7.95248e+18  1.13397e-22  3.68389e-08  2.63751e+07  3.42493e-01  0.00000e+00
0375  7.97089e+18  1.13146e-22  3.67740e-08  2.63690e+07  3.43618e-01  0.00000e+00
0376  7.98931e+18  1.12897e-22  3.67083e-08  2.63633e+07  3.44749e-01  0.00000e+00
0377  8.00772e+18  1.12648e-22  3.66417e-08  2.63579e+07  3.45886e-01  0.00000e+00
0378  8.02614e+18  1.12399e-22  3.65740e-08  2.63531e+07  3.47031e-01  0.00000e+00
0379  8.04455e+18  1.12151e-22  3.65052e-08  2.63488e+07  3.48183e-01  0.00000e+00
0380  8.06297e+18  1.11902e-22  3.64350e-08  2.63451e+07  3.49342e-01  0.00000e+00
0381  8.08139e+18  1.11652e-22  3.63635e-08  2.63420e+07  3.50511e-01  0.00000e+00
0382  8.09980e+18  1.11402e-22  3.62907e-08  2.63394e+07  3.51688e-01  0.00000e+00
0383  8.11822e+18  1.11151e-22  3.62163e-08  2.63376e+07  3.52874e-01  0.00000e+00
0384  8.13663e+18  1.10898e-22  3.61400e-08  2.63364e+07  3.54070e-01  0.00000e+00
0385  8.15505e+18  1.10643e-22  3.60622e-08  2.63362e+07  3.55275e-01  0.00000e+00
0386  8.17346e+18  1.10388e-22  3.59833e-08  2.63364e+07  3.56490e-01  0.00000e+00
0387  8.19188e+18  1.10132e-22  3.59026e-08  2.63374e+07  3.57715e-01  0.00000e+00
0388  8.21029e+18  1.09872e-22  3.58194e-08  2.63394e+07  3.58951e-01  0.00000e+00
0389  8.22871e+18  1.09608e-22  3.57336e-08  2.63426e+07  3.60197e-01  0.00000e+00
0390  8.24713e+18  1.09341e-22  3.56451e-08  2.63469e+07  3.61455e-01  0.00000e+00
0391  8.26554e+18  1.09070e-22  3.55539e-08  2.63524e+07  3.62724e-01  0.00000e+00
0392  8.28396e+18  1.08794e-22  3.54599e-08  2.63591e+07  3.64006e-01  0.00000e+00
0393  8.30237e+18  1.08515e-22  3.53632e-08  2.63670e+07  3.65300e-01  0.00000e+00
0394  8.32079e+18  1.08231e-22  3.52638e-08  2.63761e+07  3.66608e-01  0.00000e+00
0395  8.33920e+18  1.07943e-22  3.51619e-08  2.63863e+07  3.67930e-01  0.00000e+00
0396  8.35762e+18  1.07651e-22  3.50576e-08  2.63976e+07  3.69267e-01  0.00000e+00
0397  8.37603e+18  1.07354e-22  3.49511e-08  2.64100e+07  3.70621e-01  0.00000e+00
0398  8.39445e+18  1.07052e-22  3.48424e-08  2.64233e+07  3.71993e-01  0.00000e+00
0399  8.41287e+18  1.06744e-22  3.47318e-08  2.64376e+07  3.73383e-01  0.00000e+00
0400  8.43128e+18  1.06429e-22  3.46194e-08  2.64528e+07  3.74794e-01  0.00000e+00
0401  8.44970e+18  1.06109e-22  3.45053e-08  2.64688e+07  3.76226e-01  0.00000e+00
0402  8.46811e+18  1.05783e-22  3.43897e-08  2.64856e+07  3.77681e-01  0.00000e+00
0403  8.48653e+18  1.05452e-22  3.42728e-08  2.65032e+07  3.79159e-01  0.00000e+00
0404  8.50494e+18  1.05116e-22  3.41546e-08  2.65216e+07  3.80661e-01  0.00000e+00
0405  8.52336e+18  1.04776e-22  3.40350e-08  2.65407e+07  3.82188e-01  0.00000e+00
0406  8.54177e+18  1.04432e-22  3.39142e-08  2.65606e+07  3.83741e-01  0.00000e+00
0407  8.56019e+18  1.04084e-22  3.37921e-08  2.65812e+07  3.85319e-01  0.00000e+00
0408  8.57861e+18  1.03731e-22  3.36689e-08  2.66025e+07  3.86923e-01  0.00000e+00
0409  8.59702e+18  1.03374e-22  3.35444e-08  2.66244e+07  3.88553e-01  0.00000e+00
0410  8.61544e+18  1.03013e-22  3.34188e-08  2.66471e+07  3.90208e-01  0.00000e+00
0411  8.63385e+18  1.02649e-22  3.32921e-08  2.66705e+07  3.91888e-01  0.00000e+00
0412  8.65227e+18  1.02281e-22  3.31643e-08  2.66946e+07  3.93591e-01  0.00000e+00
0413  8.67068e+18  1.01909e-22  3.30353e-08  2.67194e+07  3.95317e-01  0.00000e+00
0414  8.68910e+18  1.01535e-22  3.29054e-08  2.67449e+07  3.97065e-01  0.00000e+00
0415  8.70751e+18  1.01158e-22  3.27744e-08  2.67710e+07  3.98832e-01  0.00000e+00
0416  8.72593e+18  1.00779e-22  3.26424e-08  2.67979e+07  4.00617e-01  0.00000e+00
0417  8.74435e+18  1.00399e-22  3.25095e-08  2.68254e+07  4.02419e-01  0.00000e+00
0418  8.76276e+18  1.00018e-22  3.23756e-08  2.68535e+07  4.04234e-01  0.00000e+00
0419  8.78118e+18  9.96361e-23  3.22409e-08  2.68823e+07  4.06063e-01  0.00000e+00
0420  8.79959e+18  9.92543e-23  3.21053e-08  2.69118e+07  4.07902e-01  0.00000e+00
0421  8.81801e+18  9.88727e-23  3.19689e-08  2.69418e+07  4.09751e-01  0.00000e+00
0422  8.83642e+18  9.84916e-23  3.18317e-08  2.69725e+07  4.11609e-01  0.00000e+00
0423  8.85484e+18  9.81111e-23  3.16939e-08  2.70038e+07  4.13474e-01  0.00000e+00
0424  8.87326e+18  9.77316e-23  3.15556e-08  2.70355e+07  4.15348e-01  0.00000e+00
0425  8.89167e+18  9.73531e-23  3.14167e-08  2.70678e+07  4.17229e-01  0.00000e+00
0426  8.91009e+18  9.69760e-23  3.12775e-08  2.71006e+07  4.19120e-01  0.00000e+00
0427  8.92850e+18  9.66006e-23  3.11380e-08  2.71338e+07  4.21019e-01  0.00000e+00
0428  8.94692e+18  9.62267e-23  3.09982e-08  2.71673e+07  4.22930e-01  0.00000e+00
0429  8.96533e+18  9.58535e-23  3.08584e-08  2.72013e+07  4.24853e-01  0.00000e+00
0430  8.98375e+18  9.54773e-23  3.07185e-08  2.72355e+07  4.26788e-01  0.00000e+00
0431  9.00216e+18  9.50902e-23  3.05787e-08  2.72700e+07  4.28739e-01  0.00000e+00
0432  9.02058e+18  9.46785e-23  3.04390e-08  2.73048e+07  4.30713e-01  0.00000e+00
0433  9.03900e+18  9.42246e-23  3.02996e-08  2.73397e+07  4.32727e-01  0.00000e+00
0434  9.05741e+18  9.37270e-23  3.01605e-08  2.73749e+07  4.34825e-01  0.00000e+00
0435  9.07583e+18  9.32637e-23  3.00219e-08  2.74102e+07  4.37083e-01  0.00000e+00
0436  9.09424e+18  9.30212e-23  2.98835e-08  2.74457e+07  4.39611e-01  0.00000e+00
0437  9.11266e+18  9.29960e-23  2.97451e-08  2.74813e+07  4.42461e-01  0.00000e+00
0438  9.13107e+18  9.30216e-23  2.96066e-08  2.75173e+07  4.45293e-01  0.00000e+00
0439  9.14949e+18  9.31500e-23  2.94677e-08  2.75534e+07  4.47030e-01  0.00000e+00
0440  9.16790e+18  9.35150e-23  2.93284e-08  2.75898e+07  4.47321e-01  0.00000e+00
0441  9.18632e+18  9.43286e-23  2.91880e-08  2.76266e+07  4.47240e-01  0.00000e+00
0442  9.20474e+18  9.59149e-23  2.90458e-08  2.76638e+07  4.46800e-01  0.00000e+00
0443  9.22315e+18  9.87481e-23  2.89001e-08  2.77016e+07  4.45587e-01  0.00000e+00
0444  9.24157e+18  1.03487e-22  2.87486e-08  2.77403e+07  4.43105e-01  0.00000e+00
0445  9.25998e+18  1.10985e-22  2.85878e-08  2.77801e+07  4.38807e-01  0.00000e+00
0446  9.27840e+18  1.22245e-22  2.84126e-08  2.78211e+07  4.32147e-01  0.00000e+00
0447  9.29681e+18  1.38278e-22  2.82165e-08  2.78638e+07  4.22651e-01  0.00000e+00
0448  9.31523e+18  1.59851e-22  2.79915e-08  2.79093e+07  4.10003e-01  0.00000e+00
0449  9.33364e+18  1.87165e-22  2.77300e-08  2.79608e+07  3.94127e-01  0.00000e+00
0450  9.35206e+18  2.19527e-22  2.74240e-08  2.80235e+07  3.75279e-01  0.00000e+00
0451  9.37048e+18  2.54905e-22  2.70688e-08  2.81047e+07  3.54134e-01  0.00000e+00
0452  9.38889e+18  2.88784e-22  2.66613e-08  2.82112e+07  3.31855e-01  0.00000e+00
0453  9.40731e+18  3.13084e-22  2.62046e-08  2.83437e+07  3.09882e-01  0.00000e+00
0454  9.42572e+18  3.22254e-22  2.57139e-08  2.84953e+07  2.89284e-01  0.00000e+00
0455  9.44414e+18  3.23104e-22  2.52138e-08  2.86575e+07  2.70384e-01  0.00000e+00
0456  9.46255e+18  3.22899e-22  2.47189e-08  2.88258e+07  2.53159e-01  0.00000e+00
0457  9.48097e+18  3.22008e-22  2.42314e-08  2.89994e+07  2.37501e-01  0.00000e+00
0458  9.49939e+18  3.20026e-22  2.37508e-08  2.91784e+07  2.23275e-01  0.00000e+00
0459  9.51780e+18  3.16798e-22  2.32782e-08  2.93620e+07  2.10340e-01  0.00000e+00
0460  9.53622e+18  3.12370e-22  2.28154e-08  2.95491e+07  1.98562e-01  0.00000e+00
0461  9.55463e+18  3.06899e-22  2.23640e-08  2.97384e+07  1.87824e-01  0.00000e+00
0462  9.57305e+18  3.00583e-22  2.19254e-08  2.99286e+07  1.78021e-01  0.00000e+00
0463  9.59146e+18  2.93614e-22  2.15011e-08  3.01184e+07  1.69066e-01  0.00000e+00
0464  9.60988e+18  2.86159e-22  2.10921e-08  3.03066e+07  1.60882e-01  0.00000e+00
0465  9.62829e+18  2.78355e-22  2.06992e-08  3.04921e+07  1.53403e-01  0.00000e+00
0466  9.64671e+18  2.70304e-22  2.03230e-08  3.06740e+07  1.46570e-01  0.00000e+00
0467  9.66513e+18  2.62088e-22  1.99634e-08  3.08515e+07  1.40330e-01  0.00000e+00
0468  9.68354e+18  2.53773e-22  1.96198e-08  3.10242e+07  1.34637e-01  0.00000e+00
0469  9.70196e+18  2.45420e-22  1.92919e-08  3.11914e+07  1.29443e-01  0.00000e+00
0470  9.72037e+18  2.37091e-22  1.89793e-08  3.13525e+07  1.24704e-01  0.00000e+00
0471  9.73879e+18  2.28840e-22  1.86815e-08  3.15071e+07  1.20377e-01  0.00000e+00
0472  9.75720e+18  2.20714e-22  1.83980e-08  3.16549e+07  1.16415e-01  0.00000e+00
0473  9.77562e+18  2.12755e-22  1.81283e-08  3.17961e+07  1.12777e-01  0.00000e+00
0474  9.79403e+18  2.05016e-22  1.78707e-08  3.19311e+07  1.09427e-01  0.00000e+00
0475  9.81245e+18  1.97563e-22  1.76243e-08  3.20602e+07  1.06365e-01  0.00000e+00
0476  9.83087e+18  1.90462e-22  1.73887e-08  3.21831e+07  1.03683e-01  0.00000e+00
0477  9.84928e+18  1.83767e-22  1.71633e-08  3.23002e+07  1.01638e-01  0.00000e+00
0478  9.86770e+18  1.77517e-22  1.69476e-08  3.24117e+07  1.00546e-01  0.00000e+00
0479  9.88611e+18  1.71735e-22  1.67405e-08  3.25182e+07  1.00274e-01  0.00000e+00
0480  9.90453e+18  1.66426e-22  1.65413e-08  3.26201e+07  1.00263e-01  0.00000e+00
0481  9.92294e+18  1.61578e-22  1.63492e-08  3.27178e+07  1.00272e-01  0.00000e+00
0482  9.94136e+18  1.57164e-22  1.61636e-08  3.28115e+07  1.00307e-01  0.00000e+00
0483  9.95977e+18  1.53144e-22  1.59838e-08  3.29015e+07  1.00377e-01  0.00000e+00
0484  9.97819e+18  1.49468e-22  1.58092e-08  3.29882e+07  1.00488e-01  0.00000e+00
0485  9.99661e+18  1.46080e-22  1.56394e-08  3.30719e+07  1.00640e-01  0.00000e+00
0486  1.00150e+19  1.42930e-22  1.54739e-08  3.31532e+07  1.00828e-01  0.00000e+00
0487  1.00334e+19  1.39981e-22  1.53117e-08  3.32321e+07  1.01049e-01  0.00000e+00
0488  1.00519e+19  1.37201e-22  1.51531e-08  3.33088e+07  1.01297e-01  0.00000e+00
0489  1.00703e+19  1.34568e-22  1.49978e-08  3.33830e+07  1.01566e-01  0.00000e+00
0490  1.00887e+19  1.32061e-22  1.48457e-08  3.34549e+07  1.01853e-01  0.00000e+00
0491  1.01071e+19  1.29664e-22  1.46967e-08  3.35245e+07  1.02153e-01  0.00000e+00
0492  1.01255e+19  1.27364e-22  1.45505e-08  3.35919e+07  1.02463e-01  0.00000e+00
0493  1.01439e+19  1.25152e-22  1.44069e-08  3.36573e+07  1.02781e-01  0.00000e+00
0494  1.01623e+19  1.23020e-22  1.42658e-08  3.37206e+07  1.03105e-01  0.00000e+00
0495  1.01808e+19  1.20963e-22  1.41272e-08  3.37819e+07  1.03434e-01  0.00000e+00
0496  1.01992e+19  1.18978e-22  1.39909e-08  3.38412e+07  1.03767e-01  0.00000e+00
0497  1.02176e+19  1.17060e-22  1.38569e-08  3.38985e+07  1.04102e-01  0.00000e+00
0498  1.02360e+19  1.15207e-22  1.37251e-08  3.39539e+07  1.04440e-01  0.00000e+00
0499  1.02544e+19  1.13415e-22  1.35953e-08  3.40074e+07  1.04780e-01  0.00000e+00
0500  1.02728e+19  1.11682e-22  1.34677e-08  3.40591e+07  1.05122e-01  0.00000e+00
0501  1.02913e+19  1.10004e-22  1.33420e-08  3.41089e+07  1.05465e-01  0.00000e+00
0502  1.03097e+19  1.08381e-22  1.32183e-08  3.41568e+07  1.05809e-01  0.00000e+00
0503  1.03281e+19  1.06809e-22  1.30965e-08  3.42030e+07  1.06154e-01  0.00000e+00
0504  1.03465e+19  1.05285e-22  1.29766e-08  3.42475e+07  1.06500e-01  0.00000e+00
0505  1.03649e+19  1.03807e-22  1.28585e-08  3.42902e+07  1.06846e-01  0.00000e+00
0506  1.03833e+19  1.02373e-22  1.27420e-08  3.43312e+07  1.07193e-01  0.00000e+00
0507  1.04017e+19  1.00977e-22  1.26273e-08  3.43705e+07  1.07541e-01  0.00000e+00
0508  1.04202e+19  9.96173e-23  1.25141e-08  3.44081e+07  1.07890e-01  0.00000e+00
0509  1.04386e+19  9.82906e-23  1.24023e-08  3.44442e+07  1.08239e-01  0.00000e+00
0510  1.04570e+19  9.69954e-23  1.22919e-08  3.44787e+07  1.08588e-01  0.00000e+00
0511  1.04754e+19  9.57304e-23  1.21829e-08  3.45116e+07  1.08939e-01  0.00000e+00
0512  1.04938e+19  9.44946e-23  1.20752e-08  3.45429e+07  1.09291e-01  0.00000e+00
0513  1.05122e+19  9.32870e-23  1.19688e-08  3.45727e+07  1.09643e-01  0.00000e+00
0514  1.05307e+19  9.21070e-23  1.18638e-08  3.46009e+07  1.09997e-01  0.00000e+00
0515  1.05491e+19  9.09542e-23  1.17602e-08  3.46276e+07  1.10352e-01  0.00000e+00
0516  1.05675e+19  8.98278e-23  1.16580e-08  3.46530e+07  1.10708e-01  0.00000e+00
0517  1.05859e+19  8.87277e-23  1.15573e-08  3.46770e+07  1.11065e-01  0.00000e+00
0518  1.06043e+19  8.76531e-23  1.14581e-08  3.46997e+07  1.11423e-01  0.00000e+00
0519  1.06227e+19  8.66037e-23  1.13604e-08  3.47212e+07  1.11783e-01  0.00000e+00
0520  1.06412e+19  8.55790e-23  1.12643e-08  3.47415e+07  1.12143e-01  0.00000e+00
0521  1.06596e+19  8.45785e-23  1.11699e-08  3.47608e+07  1.12505e-01  0.00000e+00
0522  1.06780e+19  8.36017e-23  1.10770e-08  3.47790e+07  1.12868e-01  0.00000e+00
0523  1.06964e+19  8.26484e-23  1.09858e-08  3.47963e+07  1.13231e-01  0.00000e+00
0524  1.07148e+19  8.17180e-23  1.08963e-08  3.48127e+07  1.13596e-01  0.00000e+00
0525  1.07332e+19  8.08101e-23  1.08085e-08  3.48283e+07  1.13961e-01  0.00000e+00
0526  1.07516e+19  7.99241e-23  1.07226e-08  3.48433e+07  1.14327e-01  0.00000e+00
0527  1.07701e+19  7.90596e-23  1.06386e-08  3.48577e+07  1.14694e-01  0.00000e+00
0528  1.07885e+19  7.82160e-23  1.05566e-08  3.48718e+07  1.15061e-01  0.00000e+00
0529  1.08069e+19  7.73930e-23  1.04767e-08  3.48856e+07  1.15429e-01  0.00000e+00
0530  1.08253e+19  7.65906e-23  1.03991e-08  3.48993e+07  1.15798e-01  0.00000e+00
0531  1.08437e+19  7.58085e-23  1.03237e-08  3.49129e+07  1.16168e-01  0.00000e+00
0532  1.08621e+19  7.50465e-23  1.02506e-08  3.49265e+07  1.16539e-01  0.00000e+00
0533  1.08806e+19  7.43040e-23  1.01797e-08  3.49402e+07  1.16911e-01  0.00000e+00
0534  1.08990e+19  7.35805e-23  1.01111e-08  3.49538e+07  1.17284e-01  0.00000e+00
0535  1.09174e+19  7.28752e-23  1.00445e-08  3.49674e+07  1.17658e-01  0.00000e+00
0536  1.09358e+19  7.21873e-23  9.97992e-09  3.49807e+07  1.18033e-01  0.00000e+00
0537  1.09542e+19  7.15158e-23  9.91711e-09  3.49939e+07  1.18409e-01  0.00000e+00
0538  1.09726e+19  7.08598e-23  9.85595e-09  3.50066e+07  1.18786e-01  0.00000e+00
0539  1.09910e+19  7.02185e-23  9.79628e-09  3.50187e+07  1.19164e-01  0.00000e+00
0540  1.10095e+19  6.95912e-23  9.73798e-09  3.50302e+07  1.19542e-01  0.00000e+00
0541  1.10279e+19  6.89773e-23  9.68095e-09  3.50409e+07  1.19922e-01  0.00000e+00
0542  1.10463e+19  6.83763e-23  9.62511e-09  3.50508e+07  1.20301e-01  0.00000e+00
0543  1.10647e+19  6.77878e-23  9.57042e-09  3.50598e+07  1.20681e-01  0.00000e+00
0544  1.10831e+19  6.72117e-23  9.51686e-09  3.50679e+07  1.21062e-01  0.00000e+00
0545  1.11015e+19  6.66477e-23  9.46441e-09  3.50752e+07  1.21442e-01  0.00000e+00
0546  1.11200e+19  6.60955e-23  9.41307e-09  3.50817e+07  1.21823e-01  0.00000e+00
0547  1.11384e+19  6.55550e-23  9.36280e-09  3.50877e+07  1.22203e-01  0.00000e+00
0548  1.11568e+19  6.50258e-23  9.31359e-09  3.50932e+07  1.22584e-01  0.00000e+00
0549  1.11752e+19  6.45076e-23  9.26540e-09  3.50983e+07  1.22964e-01  0.00000e+00
0550  1.11936e+19  6.40004e-23  9.21823e-09  3.51032e+07  1.23343e-01  0.00000e+00
0551  1.12120e+19  6.35030e-23  9.17197e-09  3.51079e+07  1.23723e-01  0.00000e+00
0552  1.12305e+19  6.30193e-23  9.12700e-09  3.51124e+07  1.24099e-01  0.00000e+00
0553  1.12489e+19  6.25324e-23  9.08186e-09  3.51169e+07  1.24486e-01  0.00000e+00
0554  1.12673e+19  6.21100e-23  9.04272e-09  3.51207e+07  1.24828e-01  0.00000e+00
0555  1.12857e+19  6.14005e-23  8.97756e-09  3.51262e+07  1.25417e-01  0.00000e+00
