# Athena++ data at time=1.242000e+13  cycle=832266231  variables=prim 
# i       x1v         rho          press          vel1         vel2         vel3     
0002  1.13875e+18  2.14917e-18  8.97288e-06 -4.09800e+05  1.46607e-09  0.00000e+00
0003  1.15716e+18  9.91565e-19  5.45956e-06  2.43594e+05  7.93075e-03  0.00000e+00
0004  1.17558e+18  6.41286e-19  4.33775e-06  3.11370e+05  1.74215e-02  0.00000e+00
0005  1.19399e+18  4.31072e-19  3.63779e-06  4.31074e+05  2.60041e-02  0.00000e+00
0006  1.21241e+18  2.83179e-19  3.17893e-06  6.30627e+05  3.34734e-02  0.00000e+00
0007  1.23082e+18  1.70276e-19  2.89032e-06  9.60056e+05  4.01730e-02  0.00000e+00
0008  1.24924e+18  1.39930e-19  2.63488e-06  1.18967e+06  4.61857e-02  0.00000e+00
0009  1.26765e+18  1.25873e-19  2.48276e-06  1.25753e+06  5.17674e-02  0.00000e+00
0010  1.28607e+18  1.14905e-19  2.34262e-06  1.33326e+06  5.69943e-02  0.00000e+00
0011  1.30448e+18  1.06792e-19  2.21649e-06  1.39560e+06  6.19065e-02  0.00000e+00
0012  1.32290e+18  9.98068e-20  2.10580e-06  1.44948e+06  6.65447e-02  0.00000e+00
0013  1.34131e+18  9.33614e-20  2.00320e-06  1.50695e+06  7.09317e-02  0.00000e+00
0014  1.35973e+18  8.75135e-20  1.90930e-06  1.56415e+06  7.50887e-02  0.00000e+00
0015  1.37814e+18  8.24346e-20  1.82298e-06  1.61716e+06  7.90338e-02  0.00000e+00
0016  1.39656e+18  7.78874e-20  1.74446e-06  1.66616e+06  8.27865e-02  0.00000e+00
0017  1.41497e+18  7.36956e-20  1.67178e-06  1.71497e+06  8.63614e-02  0.00000e+00
0018  1.43339e+18  6.98516e-20  1.60473e-06  1.76261e+06  8.97739e-02  0.00000e+00
0019  1.45180e+18  6.67281e-20  1.54165e-06  1.80138e+06  9.30317e-02  0.00000e+00
0020  1.47022e+18  6.35916e-20  1.48572e-06  1.83968e+06  9.61544e-02  0.00000e+00
0021  1.48863e+18  6.04282e-20  1.43087e-06  1.88849e+06  9.91465e-02  0.00000e+00
0022  1.50705e+18  5.78120e-20  1.37948e-06  1.92879e+06  1.02014e-01  0.00000e+00
0023  1.52546e+18  5.53940e-20  1.33367e-06  1.96277e+06  1.04771e-01  0.00000e+00
0024  1.54388e+18  5.30245e-20  1.28950e-06  2.00186e+06  1.07423e-01  0.00000e+00
0027  1.56229e+18  5.07857e-20  1.24795e-06  2.04132e+06  1.09978e-01  0.00000e+00
0028  1.58071e+18  4.86844e-20  1.20901e-06  2.08011e+06  1.12440e-01  0.00000e+00
0029  1.59912e+18  4.67009e-20  1.17240e-06  2.11878e+06  1.14816e-01  0.00000e+00
0030  1.61754e+18  4.48176e-20  1.13789e-06  2.15780e+06  1.17112e-01  0.00000e+00
0031  1.63595e+18  4.30203e-20  1.10530e-06  2.19756e+06  1.19332e-01  0.00000e+00
0032  1.65437e+18  4.12976e-20  1.07453e-06  2.23832e+06  1.21482e-01  0.00000e+00
0033  1.67278e+18  3.96614e-20  1.04551e-06  2.27920e+06  1.23565e-01  0.00000e+00
0034  1.69120e+18  3.82031e-20  1.01821e-06  2.31567e+06  1.25586e-01  0.00000e+00
0035  1.70961e+18  3.69267e-20  9.93096e-07  2.34445e+06  1.27551e-01  0.00000e+00
0036  1.72803e+18  3.57836e-20  9.69619e-07  2.36822e+06  1.29464e-01  0.00000e+00
0037  1.74644e+18  3.46919e-20  9.47551e-07  2.39105e+06  1.31331e-01  0.00000e+00
0038  1.76486e+18  3.36110e-20  9.26263e-07  2.41656e+06  1.33152e-01  0.00000e+00
0039  1.78328e+18  3.25466e-20  9.05792e-07  2.44433e+06  1.34930e-01  0.00000e+00
0040  1.80169e+18  3.15084e-20  8.86187e-07  2.47350e+06  1.36668e-01  0.00000e+00
0041  1.82011e+18  3.04990e-20  8.67453e-07  2.50374e+06  1.38367e-01  0.00000e+00
0042  1.83852e+18  2.95072e-20  8.49570e-07  2.53570e+06  1.40030e-01  0.00000e+00
0043  1.85694e+18  2.84914e-20  8.32596e-07  2.57001e+06  1.41657e-01  0.00000e+00
0044  1.87535e+18  2.77480e-20  8.16606e-07  2.60149e+06  1.43236e-01  0.00000e+00
0045  1.89377e+18  2.73528e-20  8.00763e-07  2.61763e+06  1.44766e-01  0.00000e+00
0046  1.91218e+18  2.67851e-20  7.85530e-07  2.61004e+06  1.46336e-01  0.00000e+00
0047  1.93060e+18  2.49242e-20  7.77429e-07  2.62843e+06  1.48053e-01  0.00000e+00
0048  1.94901e+18  2.27614e-20  7.61467e-07  2.72168e+06  1.49702e-01  0.00000e+00
0049  1.96743e+18  2.28392e-20  7.47183e-07  2.81411e+06  1.50982e-01  0.00000e+00
0050  1.98584e+18  2.51417e-20  7.30789e-07  2.66732e+06  1.51949e-01  0.00000e+00
0051  2.00426e+18  3.00229e-20  7.50414e-07  2.32556e+06  1.53191e-01  0.00000e+00
0052  2.02267e+18  3.05350e-20  7.47361e-07  2.14565e+06  1.54969e-01  0.00000e+00
0053  2.04109e+18  2.99982e-20  7.33946e-07  2.13155e+06  1.56898e-01  0.00000e+00
0054  2.05951e+18  2.91401e-20  7.17224e-07  2.13527e+06  1.58434e-01  0.00000e+00
0055  2.07792e+18  2.83007e-20  7.01032e-07  2.13981e+06  1.59608e-01  0.00000e+00
0056  2.09634e+18  2.75886e-20  6.86465e-07  2.14603e+06  1.60738e-01  0.00000e+00
0057  2.11475e+18  2.70016e-20  6.73417e-07  2.15625e+06  1.62031e-01  0.00000e+00
0058  2.13317e+18  2.65130e-20  6.61577e-07  2.17026e+06  1.63462e-01  0.00000e+00
0059  2.15158e+18  2.60868e-20  6.50553e-07  2.18747e+06  1.64859e-01  0.00000e+00
0060  2.17000e+18  2.56830e-20  6.39920e-07  2.20955e+06  1.66116e-01  0.00000e+00
0061  2.18841e+18  2.52744e-20  6.29403e-07  2.23874e+06  1.67262e-01  0.00000e+00
0062  2.20683e+18  2.48505e-20  6.18888e-07  2.27083e+06  1.68362e-01  0.00000e+00
0063  2.22524e+18  2.44148e-20  6.08315e-07  2.31403e+06  1.69535e-01  0.00000e+00
0064  2.24366e+18  2.39618e-20  5.97908e-07  2.39197e+06  1.71174e-01  0.00000e+00
0065  2.26207e+18  2.21366e-20  5.76014e-07  2.28014e+06  1.74192e-01  0.00000e+00
0066  2.28049e+18  1.18407e-20  6.30733e-07  2.49673e+06  1.79433e-01  0.00000e+00
0067  2.29891e+18  5.68261e-21  5.66492e-07  3.91101e+06  1.86737e-01  0.00000e+00
0068  2.31732e+18  3.95235e-21  5.50411e-07  4.54926e+06  1.95583e-01  0.00000e+00
0069  2.33574e+18  3.27693e-21  5.44016e-07  4.89400e+06  2.05278e-01  0.00000e+00
0070  2.35415e+18  2.89443e-21  5.38586e-07  5.16991e+06  2.15502e-01  0.00000e+00
0071  2.37257e+18  2.62085e-21  5.34088e-07  5.41823e+06  2.26198e-01  0.00000e+00
0072  2.39098e+18  2.39689e-21  5.30681e-07  5.65918e+06  2.37407e-01  0.00000e+00
0073  2.40940e+18  2.20463e-21  5.28221e-07  5.89252e+06  2.49201e-01  0.00000e+00
0074  2.42781e+18  2.03512e-21  5.26262e-07  6.11718e+06  2.61663e-01  0.00000e+00
0075  2.44623e+18  1.88301e-21  5.23713e-07  6.34688e+06  2.74870e-01  0.00000e+00
0076  2.46464e+18  1.74588e-21  5.20930e-07  6.56909e+06  2.88918e-01  0.00000e+00
0077  2.48306e+18  1.62345e-21  5.19214e-07  6.74464e+06  3.03980e-01  0.00000e+00
0078  2.50147e+18  1.51238e-21  5.18425e-07  6.88146e+06  3.20324e-01  0.00000e+00
0079  2.51989e+18  1.40751e-21  5.16633e-07  7.02553e+06  3.38287e-01  0.00000e+00
0080  2.53831e+18  1.30532e-21  5.12685e-07  7.22479e+06  3.58214e-01  0.00000e+00
0081  2.55672e+18  1.20913e-21  5.09474e-07  7.38441e+06  3.80440e-01  0.00000e+00
0082  2.57514e+18  1.11852e-21  5.09184e-07  7.45278e+06  4.05336e-01  0.00000e+00
0083  2.59355e+18  1.02775e-21  5.09813e-07  7.45946e+06  4.33933e-01  0.00000e+00
0084  2.61197e+18  9.47613e-22  5.09630e-07  7.49497e+06  4.68294e-01  0.00000e+00
0085  2.63038e+18  9.21722e-22  5.04460e-07  7.71160e+06  4.96615e-01  0.00000e+00
0086  2.64880e+18  9.44038e-22  4.97570e-07  7.91245e+06  4.98420e-01  0.00000e+00
0087  2.66721e+18  1.30350e-21  4.99508e-07  8.04003e+06  4.78804e-01  0.00000e+00
0088  2.68563e+18  5.31755e-21  5.15337e-07  7.80468e+06  3.53608e-01  0.00000e+00
0089  2.70404e+18  1.93757e-20  4.55838e-07  6.26547e+06  2.06125e-01  0.00000e+00
0090  2.72246e+18  2.22943e-20  4.81828e-07  5.46339e+06  1.63283e-01  0.00000e+00
0091  2.74088e+18  2.19203e-20  4.74468e-07  5.44650e+06  1.59255e-01  0.00000e+00
0092  2.75929e+18  2.13299e-20  4.64572e-07  5.42983e+06  1.59296e-01  0.00000e+00
0093  2.77771e+18  2.07726e-20  4.55025e-07  5.40386e+06  1.59766e-01  0.00000e+00
0094  2.79612e+18  2.02639e-20  4.45972e-07  5.37010e+06  1.61011e-01  0.00000e+00
0095  2.81454e+18  1.97561e-20  4.36986e-07  5.33345e+06  1.63043e-01  0.00000e+00
0096  2.83295e+18  1.92375e-20  4.27931e-07  5.29566e+06  1.65500e-01  0.00000e+00
0097  2.85137e+18  1.87245e-20  4.19034e-07  5.25166e+06  1.67936e-01  0.00000e+00
0098  2.86978e+18  1.82702e-20  4.10968e-07  5.19305e+06  1.70124e-01  0.00000e+00
0099  2.88820e+18  1.78369e-20  4.03202e-07  5.12551e+06  1.72067e-01  0.00000e+00
0100  2.90661e+18  1.72843e-20  3.93927e-07  5.08040e+06  1.73840e-01  0.00000e+00
0101  2.92503e+18  1.65916e-20  3.83035e-07  5.09513e+06  1.75492e-01  0.00000e+00
0102  2.94345e+18  1.56918e-20  3.68544e-07  5.14984e+06  1.76994e-01  0.00000e+00
0103  2.96186e+18  1.46217e-20  3.52521e-07  5.26340e+06  1.78327e-01  0.00000e+00
0104  2.98028e+18  1.33832e-20  3.36407e-07  5.38263e+06  1.79612e-01  0.00000e+00
0105  2.99869e+18  1.09849e-20  3.18527e-07  5.51088e+06  1.81068e-01  0.00000e+00
0106  3.01711e+18  6.84657e-21  3.22302e-07  6.06995e+06  1.82803e-01  0.00000e+00
0107  3.03552e+18  3.88030e-21  2.88396e-07  7.70182e+06  1.84848e-01  0.00000e+00
0108  3.05394e+18  2.71887e-21  2.70434e-07  8.76225e+06  1.87210e-01  0.00000e+00
0109  3.07235e+18  2.19358e-21  2.60380e-07  9.43192e+06  1.89789e-01  0.00000e+00
0110  3.09077e+18  1.89940e-21  2.52810e-07  9.93494e+06  1.92424e-01  0.00000e+00
0111  3.10918e+18  1.71083e-21  2.46362e-07  1.03540e+07  1.94934e-01  0.00000e+00
0112  3.12760e+18  1.57978e-21  2.40545e-07  1.07262e+07  1.97190e-01  0.00000e+00
0113  3.14602e+18  1.48203e-21  2.35171e-07  1.10681e+07  1.99158e-01  0.00000e+00
0114  3.16443e+18  1.40299e-21  2.30189e-07  1.13931e+07  2.00881e-01  0.00000e+00
0115  3.18285e+18  1.33536e-21  2.25455e-07  1.17060e+07  2.02442e-01  0.00000e+00
0116  3.20126e+18  1.27498e-21  2.20960e-07  1.20054e+07  2.03922e-01  0.00000e+00
0117  3.21968e+18  1.21945e-21  2.16663e-07  1.22925e+07  2.05380e-01  0.00000e+00
0118  3.23809e+18  1.16793e-21  2.12565e-07  1.25680e+07  2.06852e-01  0.00000e+00
0119  3.25651e+18  1.12007e-21  2.08677e-07  1.28331e+07  2.08352e-01  0.00000e+00
0120  3.27492e+18  1.07559e-21  2.04980e-07  1.30901e+07  2.09878e-01  0.00000e+00
0121  3.29334e+18  1.03445e-21  2.01462e-07  1.33394e+07  2.11419e-01  0.00000e+00
0122  3.31176e+18  9.96460e-22  1.98111e-07  1.35809e+07  2.12964e-01  0.00000e+00
0123  3.33017e+18  9.61259e-22  1.94900e-07  1.38163e+07  2.14500e-01  0.00000e+00
0124  3.34859e+18  9.28592e-22  1.91811e-07  1.40464e+07  2.16021e-01  0.00000e+00
0125  3.36700e+18  8.98254e-22  1.88845e-07  1.42712e+07  2.17524e-01  0.00000e+00
0126  3.38542e+18  8.70043e-22  1.86005e-07  1.44910e+07  2.19008e-01  0.00000e+00
0127  3.40383e+18  8.43747e-22  1.83288e-07  1.47060e+07  2.20475e-01  0.00000e+00
0128  3.42225e+18  8.19143e-22  1.80684e-07  1.49166e+07  2.21927e-01  0.00000e+00
0129  3.44066e+18  7.96053e-22  1.78183e-07  1.51225e+07  2.23365e-01  0.00000e+00
0130  3.45908e+18  7.74331e-22  1.75776e-07  1.53233e+07  2.24792e-01  0.00000e+00
0131  3.47749e+18  7.53857e-22  1.73458e-07  1.55185e+07  2.26209e-01  0.00000e+00
0132  3.49591e+18  7.34520e-22  1.71225e-07  1.57085e+07  2.27617e-01  0.00000e+00
0133  3.51433e+18  7.16241e-22  1.69076e-07  1.58934e+07  2.29016e-01  0.00000e+00
0134  3.53274e+18  6.98957e-22  1.67013e-07  1.60734e+07  2.30408e-01  0.00000e+00
0135  3.55116e+18  6.82608e-22  1.65039e-07  1.62488e+07  2.31793e-01  0.00000e+00
0136  3.56957e+18  6.67130e-22  1.63150e-07  1.64197e+07  2.33172e-01  0.00000e+00
0137  3.58799e+18  6.52455e-22  1.61342e-07  1.65859e+07  2.34545e-01  0.00000e+00
0138  3.60640e+18  6.38525e-22  1.59606e-07  1.67474e+07  2.35914e-01  0.00000e+00
0139  3.62482e+18  6.25270e-22  1.57934e-07  1.69039e+07  2.37279e-01  0.00000e+00
0140  3.64323e+18  6.12599e-22  1.56318e-07  1.70558e+07  2.38640e-01  0.00000e+00
0141  3.66165e+18  6.00487e-22  1.54751e-07  1.72030e+07  2.39997e-01  0.00000e+00
0142  3.68007e+18  5.88915e-22  1.53234e-07  1.73447e+07  2.41353e-01  0.00000e+00
0143  3.69848e+18  5.77853e-22  1.51768e-07  1.74810e+07  2.42706e-01  0.00000e+00
0144  3.71690e+18  5.67272e-22  1.50351e-07  1.76117e+07  2.44057e-01  0.00000e+00
0145  3.73531e+18  5.57149e-22  1.48982e-07  1.77374e+07  2.45407e-01  0.00000e+00
0146  3.75373e+18  5.47462e-22  1.47663e-07  1.78582e+07  2.46757e-01  0.00000e+00
0147  3.77214e+18  5.38199e-22  1.46398e-07  1.79742e+07  2.48107e-01  0.00000e+00
0148  3.79056e+18  5.29349e-22  1.45192e-07  1.80853e+07  2.49457e-01  0.00000e+00
0149  3.80897e+18  5.20888e-22  1.44038e-07  1.81921e+07  2.50809e-01  0.00000e+00
0150  3.82739e+18  5.12779e-22  1.42932e-07  1.82953e+07  2.52163e-01  0.00000e+00
0151  3.84581e+18  5.04988e-22  1.41867e-07  1.83955e+07  2.53519e-01  0.00000e+00
0152  3.86422e+18  4.97490e-22  1.40839e-07  1.84929e+07  2.54878e-01  0.00000e+00
0153  3.88264e+18  4.90262e-22  1.39842e-07  1.85873e+07  2.56240e-01  0.00000e+00
0154  3.90105e+18  4.83284e-22  1.38874e-07  1.86786e+07  2.57606e-01  0.00000e+00
0155  3.91947e+18  4.76540e-22  1.37930e-07  1.87664e+07  2.58976e-01  0.00000e+00
0156  3.93788e+18  4.70020e-22  1.37010e-07  1.88503e+07  2.60349e-01  0.00000e+00
0157  3.95630e+18  4.63714e-22  1.36112e-07  1.89303e+07  2.61727e-01  0.00000e+00
0158  3.97471e+18  4.57615e-22  1.35238e-07  1.90060e+07  2.63110e-01  0.00000e+00
0159  3.99313e+18  4.51719e-22  1.34388e-07  1.90776e+07  2.64496e-01  0.00000e+00
0160  4.01155e+18  4.46021e-22  1.33563e-07  1.91454e+07  2.65887e-01  0.00000e+00
0161  4.02996e+18  4.40518e-22  1.32766e-07  1.92098e+07  2.67283e-01  0.00000e+00
0162  4.04838e+18  4.35205e-22  1.31996e-07  1.92713e+07  2.68683e-01  0.00000e+00
0163  4.06679e+18  4.30077e-22  1.31254e-07  1.93304e+07  2.70087e-01  0.00000e+00
0164  4.08521e+18  4.25126e-22  1.30540e-07  1.93877e+07  2.71495e-01  0.00000e+00
0165  4.10362e+18  4.20344e-22  1.29851e-07  1.94433e+07  2.72908e-01  0.00000e+00
0166  4.12204e+18  4.15723e-22  1.29187e-07  1.94975e+07  2.74324e-01  0.00000e+00
0167  4.14045e+18  4.11253e-22  1.28544e-07  1.95501e+07  2.75744e-01  0.00000e+00
0168  4.15887e+18  4.06926e-22  1.27922e-07  1.96007e+07  2.77168e-01  0.00000e+00
0169  4.17728e+18  4.02734e-22  1.27319e-07  1.96490e+07  2.78595e-01  0.00000e+00
0170  4.19570e+18  3.98672e-22  1.26734e-07  1.96946e+07  2.80027e-01  0.00000e+00
0171  4.21412e+18  3.94732e-22  1.26165e-07  1.97373e+07  2.81462e-01  0.00000e+00
0172  4.23253e+18  3.90909e-22  1.25611e-07  1.97770e+07  2.82901e-01  0.00000e+00
0173  4.25095e+18  3.87197e-22  1.25070e-07  1.98135e+07  2.84345e-01  0.00000e+00
0174  4.26936e+18  3.83591e-22  1.24543e-07  1.98473e+07  2.85794e-01  0.00000e+00
0175  4.28778e+18  3.80086e-22  1.24029e-07  1.98787e+07  2.87247e-01  0.00000e+00
0176  4.30619e+18  3.76678e-22  1.23526e-07  1.99081e+07  2.88707e-01  0.00000e+00
0177  4.32461e+18  3.73362e-22  1.23035e-07  1.99361e+07  2.90173e-01  0.00000e+00
0178  4.34302e+18  3.70138e-22  1.22558e-07  1.99629e+07  2.91646e-01  0.00000e+00
0179  4.36144e+18  3.67003e-22  1.22093e-07  1.99888e+07  2.93126e-01  0.00000e+00
0180  4.37986e+18  3.63956e-22  1.21643e-07  2.00139e+07  2.94615e-01  0.00000e+00
0181  4.39827e+18  3.60995e-22  1.21208e-07  2.00381e+07  2.96112e-01  0.00000e+00
0182  4.41669e+18  3.58117e-22  1.20788e-07  2.00613e+07  2.97619e-01  0.00000e+00
0183  4.43510e+18  3.55319e-22  1.20382e-07  2.00831e+07  2.99137e-01  0.00000e+00
0184  4.45352e+18  3.52596e-22  1.19990e-07  2.01034e+07  3.00665e-01  0.00000e+00
0185  4.47193e+18  3.49942e-22  1.19610e-07  2.01219e+07  3.02206e-01  0.00000e+00
0186  4.49035e+18  3.47351e-22  1.19239e-07  2.01384e+07  3.03759e-01  0.00000e+00
0187  4.50876e+18  3.44817e-22  1.18876e-07  2.01530e+07  3.05325e-01  0.00000e+00
0188  4.52718e+18  3.42335e-22  1.18517e-07  2.01659e+07  3.06905e-01  0.00000e+00
0189  4.54560e+18  3.39899e-22  1.18162e-07  2.01771e+07  3.08499e-01  0.00000e+00
0190  4.56401e+18  3.37507e-22  1.17809e-07  2.01870e+07  3.10108e-01  0.00000e+00
0191  4.58243e+18  3.35157e-22  1.17458e-07  2.01960e+07  3.11731e-01  0.00000e+00
0192  4.60084e+18  3.32851e-22  1.17111e-07  2.02042e+07  3.13369e-01  0.00000e+00
0193  4.61926e+18  3.30591e-22  1.16770e-07  2.02118e+07  3.15023e-01  0.00000e+00
0194  4.63767e+18  3.28380e-22  1.16436e-07  2.02189e+07  3.16692e-01  0.00000e+00
0195  4.65609e+18  3.26220e-22  1.16110e-07  2.02256e+07  3.18377e-01  0.00000e+00
0196  4.67450e+18  3.24111e-22  1.15795e-07  2.02319e+07  3.20079e-01  0.00000e+00
0197  4.69292e+18  3.22053e-22  1.15491e-07  2.02375e+07  3.21797e-01  0.00000e+00
0198  4.71134e+18  3.20045e-22  1.15198e-07  2.02425e+07  3.23534e-01  0.00000e+00
0199  4.72975e+18  3.18082e-22  1.14915e-07  2.02467e+07  3.25289e-01  0.00000e+00
0200  4.74817e+18  3.16158e-22  1.14638e-07  2.02500e+07  3.27063e-01  0.00000e+00
0201  4.76658e+18  3.14271e-22  1.14368e-07  2.02524e+07  3.28858e-01  0.00000e+00
0202  4.78500e+18  3.12414e-22  1.14100e-07  2.02540e+07  3.30675e-01  0.00000e+00
0203  4.80341e+18  3.10576e-22  1.13830e-07  2.02542e+07  3.32514e-01  0.00000e+00
0204  4.82183e+18  3.08761e-22  1.13560e-07  2.02538e+07  3.34378e-01  0.00000e+00
0205  4.84024e+18  3.06966e-22  1.13288e-07  2.02527e+07  3.36266e-01  0.00000e+00
0206  4.85866e+18  3.05189e-22  1.13015e-07  2.02509e+07  3.38181e-01  0.00000e+00
0207  4.87708e+18  3.03429e-22  1.12742e-07  2.02486e+07  3.40124e-01  0.00000e+00
0208  4.89549e+18  3.01690e-22  1.12470e-07  2.02458e+07  3.42095e-01  0.00000e+00
0209  4.91391e+18  2.99972e-22  1.12201e-07  2.02426e+07  3.44097e-01  0.00000e+00
0210  4.93232e+18  2.98279e-22  1.11938e-07  2.02392e+07  3.46129e-01  0.00000e+00
0211  4.95074e+18  2.96611e-22  1.11682e-07  2.02354e+07  3.48194e-01  0.00000e+00
0212  4.96915e+18  2.94969e-22  1.11433e-07  2.02315e+07  3.50292e-01  0.00000e+00
0213  4.98757e+18  2.93352e-22  1.11191e-07  2.02274e+07  3.52423e-01  0.00000e+00
0214  5.00598e+18  2.91759e-22  1.10957e-07  2.02232e+07  3.54589e-01  0.00000e+00
0215  5.02440e+18  2.90187e-22  1.10727e-07  2.02187e+07  3.56790e-01  0.00000e+00
0216  5.04282e+18  2.88632e-22  1.10501e-07  2.02141e+07  3.59026e-01  0.00000e+00
0217  5.06123e+18  2.87093e-22  1.10276e-07  2.02093e+07  3.61296e-01  0.00000e+00
0218  5.07965e+18  2.85566e-22  1.10051e-07  2.02041e+07  3.63601e-01  0.00000e+00
0219  5.09806e+18  2.84050e-22  1.09823e-07  2.01986e+07  3.65939e-01  0.00000e+00
0220  5.11648e+18  2.82545e-22  1.09594e-07  2.01926e+07  3.68309e-01  0.00000e+00
0221  5.13489e+18  2.81050e-22  1.09361e-07  2.01862e+07  3.70711e-01  0.00000e+00
0222  5.15331e+18  2.79569e-22  1.09127e-07  2.01792e+07  3.73143e-01  0.00000e+00
0223  5.17172e+18  2.78103e-22  1.08891e-07  2.01717e+07  3.75604e-01  0.00000e+00
0224  5.19014e+18  2.76657e-22  1.08656e-07  2.01637e+07  3.78092e-01  0.00000e+00
0225  5.20856e+18  2.75232e-22  1.08423e-07  2.01554e+07  3.80605e-01  0.00000e+00
0226  5.22697e+18  2.73832e-22  1.08194e-07  2.01469e+07  3.83142e-01  0.00000e+00
0227  5.24539e+18  2.72460e-22  1.07969e-07  2.01383e+07  3.85701e-01  0.00000e+00
0228  5.26380e+18  2.71116e-22  1.07749e-07  2.01298e+07  3.88282e-01  0.00000e+00
0229  5.28222e+18  2.69800e-22  1.07534e-07  2.01214e+07  3.90883e-01  0.00000e+00
0230  5.30063e+18  2.68512e-22  1.07323e-07  2.01133e+07  3.93503e-01  0.00000e+00
0231  5.31905e+18  2.67252e-22  1.07115e-07  2.01054e+07  3.96143e-01  0.00000e+00
0232  5.33746e+18  2.66015e-22  1.06910e-07  2.00977e+07  3.98800e-01  0.00000e+00
0233  5.35588e+18  2.64794e-22  1.06705e-07  2.00902e+07  4.01477e-01  0.00000e+00
0234  5.37430e+18  2.63587e-22  1.06499e-07  2.00828e+07  4.04174e-01  0.00000e+00
0235  5.39271e+18  2.62393e-22  1.06292e-07  2.00753e+07  4.06892e-01  0.00000e+00
0236  5.41113e+18  2.61211e-22  1.06082e-07  2.00675e+07  4.09633e-01  0.00000e+00
0237  5.42954e+18  2.60039e-22  1.05871e-07  2.00595e+07  4.12400e-01  0.00000e+00
0238  5.44796e+18  2.58877e-22  1.05657e-07  2.00510e+07  4.15196e-01  0.00000e+00
0239  5.46637e+18  2.57722e-22  1.05442e-07  2.00421e+07  4.18024e-01  0.00000e+00
0240  5.48479e+18  2.56574e-22  1.05227e-07  2.00329e+07  4.20887e-01  0.00000e+00
0241  5.50320e+18  2.55432e-22  1.05010e-07  2.00235e+07  4.23789e-01  0.00000e+00
0242  5.52162e+18  2.54294e-22  1.04794e-07  2.00142e+07  4.26735e-01  0.00000e+00
0243  5.54004e+18  2.53160e-22  1.04579e-07  2.00050e+07  4.29727e-01  0.00000e+00
0244  5.55845e+18  2.52031e-22  1.04367e-07  1.99962e+07  4.32770e-01  0.00000e+00
0245  5.57687e+18  2.50905e-22  1.04157e-07  1.99877e+07  4.35867e-01  0.00000e+00
0246  5.59528e+18  2.49784e-22  1.03949e-07  1.99796e+07  4.39020e-01  0.00000e+00
0247  5.61370e+18  2.48666e-22  1.03745e-07  1.99721e+07  4.42232e-01  0.00000e+00
0248  5.63211e+18  2.47552e-22  1.03542e-07  1.99649e+07  4.45506e-01  0.00000e+00
0249  5.65053e+18  2.46441e-22  1.03341e-07  1.99581e+07  4.48845e-01  0.00000e+00
0250  5.66894e+18  2.45332e-22  1.03140e-07  1.99514e+07  4.52250e-01  0.00000e+00
0251  5.68736e+18  2.44222e-22  1.02940e-07  1.99447e+07  4.55725e-01  0.00000e+00
0252  5.70578e+18  2.43109e-22  1.02740e-07  1.99378e+07  4.59273e-01  0.00000e+00
0253  5.72419e+18  2.41990e-22  1.02539e-07  1.99306e+07  4.62897e-01  0.00000e+00
0254  5.74261e+18  2.40871e-22  1.02338e-07  1.99229e+07  4.66605e-01  0.00000e+00
0255  5.76102e+18  2.39768e-22  1.02136e-07  1.99146e+07  4.70402e-01  0.00000e+00
0256  5.77944e+18  2.38664e-22  1.01934e-07  1.99059e+07  4.74276e-01  0.00000e+00
0257  5.79785e+18  2.37434e-22  1.01732e-07  1.98968e+07  4.78189e-01  0.00000e+00
0258  5.81627e+18  2.35863e-22  1.01531e-07  1.98873e+07  4.82132e-01  0.00000e+00
0259  5.83468e+18  2.34231e-22  1.01331e-07  1.98776e+07  4.86328e-01  0.00000e+00
0260  5.85310e+18  2.33773e-22  1.01133e-07  1.98680e+07  4.91413e-01  0.00000e+00
0261  5.87152e+18  2.34053e-22  1.00937e-07  1.98587e+07  4.97654e-01  0.00000e+00
0262  5.88993e+18  2.36108e-22  1.00740e-07  1.98499e+07  5.01735e-01  0.00000e+00
0263  5.90835e+18  2.44963e-22  1.00541e-07  1.98422e+07  5.01834e-01  0.00000e+00
0264  5.92676e+18  2.77054e-22  1.00331e-07  1.98368e+07  4.99945e-01  0.00000e+00
0265  5.94518e+18  3.84432e-22  1.00055e-07  1.98307e+07  4.91965e-01  0.00000e+00
0266  5.96359e+18  7.21653e-22  9.96717e-08  1.98191e+07  4.69401e-01  0.00000e+00
0267  5.98201e+18  1.64765e-21  9.64849e-08  1.97096e+07  4.20333e-01  0.00000e+00
0268  6.00043e+18  3.14244e-21  8.99917e-08  1.90895e+07  3.50612e-01  0.00000e+00
0269  6.01884e+18  3.71468e-21  8.90214e-08  1.83682e+07  2.81316e-01  0.00000e+00
0270  6.03726e+18  3.68061e-21  8.71526e-08  1.81778e+07  2.18434e-01  0.00000e+00
0271  6.05567e+18  3.51637e-21  8.42918e-08  1.82055e+07  1.67225e-01  0.00000e+00
0272  6.07409e+18  3.18138e-21  8.00438e-08  1.83098e+07  1.32502e-01  0.00000e+00
0273  6.09250e+18  2.70683e-21  7.60476e-08  1.84880e+07  1.15548e-01  0.00000e+00
0274  6.11092e+18  2.15826e-21  7.29000e-08  1.87927e+07  1.10957e-01  0.00000e+00
0275  6.12933e+18  1.63936e-21  6.93615e-08  1.93017e+07  1.10563e-01  0.00000e+00
0276  6.14775e+18  1.24516e-21  6.52192e-08  1.99563e+07  1.10598e-01  0.00000e+00
0277  6.16617e+18  9.90703e-22  6.16490e-08  2.05772e+07  1.10738e-01  0.00000e+00
0278  6.18458e+18  8.34131e-22  5.90461e-08  2.10789e+07  1.11018e-01  0.00000e+00
0279  6.20300e+18  7.33157e-22  5.70663e-08  2.14841e+07  1.11424e-01  0.00000e+00
0280  6.22141e+18  6.62646e-22  5.54003e-08  2.18305e+07  1.11927e-01  0.00000e+00
0281  6.23983e+18  6.09874e-22  5.39206e-08  2.21387e+07  1.12498e-01  0.00000e+00
0282  6.25824e+18  5.68313e-22  5.25787e-08  2.24179e+07  1.13117e-01  0.00000e+00
0283  6.27666e+18  5.34252e-22  5.13508e-08  2.26737e+07  1.13768e-01  0.00000e+00
0284  6.29507e+18  5.05392e-22  5.02174e-08  2.29117e+07  1.14443e-01  0.00000e+00
0285  6.31349e+18  4.80336e-22  4.91556e-08  2.31363e+07  1.15135e-01  0.00000e+00
0286  6.33191e+18  4.58240e-22  4.81550e-08  2.33495e+07  1.15839e-01  0.00000e+00
0287  6.35032e+18  4.38531e-22  4.72099e-08  2.35523e+07  1.16554e-01  0.00000e+00
0288  6.36874e+18  4.20778e-22  4.63151e-08  2.37459e+07  1.17275e-01  0.00000e+00
0289  6.38715e+18  4.04658e-22  4.54643e-08  2.39314e+07  1.18002e-01  0.00000e+00
0290  6.40557e+18  3.89930e-22  4.46531e-08  2.41096e+07  1.18732e-01  0.00000e+00
0291  6.42398e+18  3.76415e-22  4.38785e-08  2.42811e+07  1.19465e-01  0.00000e+00
0292  6.44240e+18  3.63967e-22  4.31373e-08  2.44462e+07  1.20198e-01  0.00000e+00
0293  6.46081e+18  3.52436e-22  4.24271e-08  2.46054e+07  1.20931e-01  0.00000e+00
0294  6.47923e+18  3.41675e-22  4.17455e-08  2.47601e+07  1.21662e-01  0.00000e+00
0295  6.49765e+18  3.31600e-22  4.10870e-08  2.49112e+07  1.22390e-01  0.00000e+00
0296  6.51606e+18  3.22163e-22  4.04518e-08  2.50582e+07  1.23115e-01  0.00000e+00
0297  6.53448e+18  3.13311e-22  3.98396e-08  2.52011e+07  1.23834e-01  0.00000e+00
0298  6.55289e+18  3.04987e-22  3.92491e-08  2.53402e+07  1.24548e-01  0.00000e+00
0299  6.57131e+18  2.97139e-22  3.86786e-08  2.54757e+07  1.25256e-01  0.00000e+00
0300  6.58972e+18  2.89726e-22  3.81267e-08  2.56081e+07  1.25957e-01  0.00000e+00
0301  6.60814e+18  2.82715e-22  3.75924e-08  2.57372e+07  1.26650e-01  0.00000e+00
0302  6.62655e+18  2.76072e-22  3.70750e-08  2.58632e+07  1.27336e-01  0.00000e+00
0303  6.64497e+18  2.69763e-22  3.65738e-08  2.59863e+07  1.28013e-01  0.00000e+00
0304  6.66339e+18  2.63759e-22  3.60876e-08  2.61066e+07  1.28683e-01  0.00000e+00
0305  6.68180e+18  2.58037e-22  3.56157e-08  2.62244e+07  1.29345e-01  0.00000e+00
0306  6.70022e+18  2.52579e-22  3.51576e-08  2.63395e+07  1.29999e-01  0.00000e+00
0307  6.71863e+18  2.47368e-22  3.47128e-08  2.64522e+07  1.30645e-01  0.00000e+00
0308  6.73705e+18  2.42383e-22  3.42807e-08  2.65623e+07  1.31283e-01  0.00000e+00
0309  6.75546e+18  2.37604e-22  3.38609e-08  2.66703e+07  1.31915e-01  0.00000e+00
0310  6.77388e+18  2.33010e-22  3.34519e-08  2.67764e+07  1.32540e-01  0.00000e+00
0311  6.79229e+18  2.28591e-22  3.30535e-08  2.68806e+07  1.33159e-01  0.00000e+00
0312  6.81071e+18  2.24338e-22  3.26653e-08  2.69831e+07  1.33772e-01  0.00000e+00
0313  6.82913e+18  2.20241e-22  3.22873e-08  2.70836e+07  1.34379e-01  0.00000e+00
0314  6.84754e+18  2.16294e-22  3.19192e-08  2.71823e+07  1.34981e-01  0.00000e+00
0315  6.86596e+18  2.12489e-22  3.15606e-08  2.72792e+07  1.35579e-01  0.00000e+00
0316  6.88437e+18  2.08818e-22  3.12112e-08  2.73741e+07  1.36173e-01  0.00000e+00
0317  6.90279e+18  2.05276e-22  3.08709e-08  2.74673e+07  1.36762e-01  0.00000e+00
0318  6.92120e+18  2.01855e-22  3.05393e-08  2.75586e+07  1.37349e-01  0.00000e+00
0319  6.93962e+18  1.98552e-22  3.02162e-08  2.76480e+07  1.37932e-01  0.00000e+00
0320  6.95803e+18  1.95359e-22  2.99014e-08  2.77357e+07  1.38512e-01  0.00000e+00
0321  6.97645e+18  1.92273e-22  2.95947e-08  2.78215e+07  1.39090e-01  0.00000e+00
0322  6.99487e+18  1.89289e-22  2.92959e-08  2.79055e+07  1.39666e-01  0.00000e+00
0323  7.01328e+18  1.86402e-22  2.90048e-08  2.79876e+07  1.40239e-01  0.00000e+00
0324  7.03170e+18  1.83608e-22  2.87212e-08  2.80680e+07  1.40811e-01  0.00000e+00
0325  7.05011e+18  1.80901e-22  2.84449e-08  2.81466e+07  1.41381e-01  0.00000e+00
0326  7.06853e+18  1.78277e-22  2.81756e-08  2.82235e+07  1.41950e-01  0.00000e+00
0327  7.08694e+18  1.75732e-22  2.79131e-08  2.82988e+07  1.42517e-01  0.00000e+00
0328  7.10536e+18  1.73263e-22  2.76571e-08  2.83724e+07  1.43084e-01  0.00000e+00
0329  7.12378e+18  1.70867e-22  2.74076e-08  2.84444e+07  1.43650e-01  0.00000e+00
0330  7.14219e+18  1.68542e-22  2.71644e-08  2.85147e+07  1.44215e-01  0.00000e+00
0331  7.16061e+18  1.66283e-22  2.69273e-08  2.85835e+07  1.44779e-01  0.00000e+00
0332  7.17902e+18  1.64090e-22  2.66961e-08  2.86506e+07  1.45344e-01  0.00000e+00
0333  7.19744e+18  1.61960e-22  2.64708e-08  2.87161e+07  1.45908e-01  0.00000e+00
0334  7.21585e+18  1.59890e-22  2.62512e-08  2.87800e+07  1.46472e-01  0.00000e+00
0335  7.23427e+18  1.57878e-22  2.60372e-08  2.88422e+07  1.47037e-01  0.00000e+00
0336  7.25268e+18  1.55923e-22  2.58288e-08  2.89029e+07  1.47601e-01  0.00000e+00
0337  7.27110e+18  1.54022e-22  2.56257e-08  2.89619e+07  1.48167e-01  0.00000e+00
0338  7.28952e+18  1.52173e-22  2.54279e-08  2.90194e+07  1.48733e-01  0.00000e+00
0339  7.30793e+18  1.50374e-22  2.52351e-08  2.90753e+07  1.49300e-01  0.00000e+00
0340  7.32635e+18  1.48623e-22  2.50473e-08  2.91296e+07  1.49868e-01  0.00000e+00
0341  7.34476e+18  1.46918e-22  2.48641e-08  2.91825e+07  1.50437e-01  0.00000e+00
0342  7.36318e+18  1.45258e-22  2.46856e-08  2.92339e+07  1.51008e-01  0.00000e+00
0343  7.38159e+18  1.43641e-22  2.45117e-08  2.92838e+07  1.51580e-01  0.00000e+00
0344  7.40001e+18  1.42065e-22  2.43421e-08  2.93322e+07  1.52154e-01  0.00000e+00
0345  7.41842e+18  1.40530e-22  2.41769e-08  2.93791e+07  1.52730e-01  0.00000e+00
0346  7.43684e+18  1.39033e-22  2.40159e-08  2.94247e+07  1.53307e-01  0.00000e+00
0347  7.45526e+18  1.37573e-22  2.38590e-08  2.94688e+07  1.53886e-01  0.00000e+00
0348  7.47367e+18  1.36149e-22  2.37059e-08  2.95115e+07  1.54468e-01  0.00000e+00
0349  7.49209e+18  1.34761e-22  2.35566e-08  2.95529e+07  1.55051e-01  0.00000e+00
0350  7.51050e+18  1.33403e-22  2.34109e-08  2.95931e+07  1.55637e-01  0.00000e+00
0351  7.52892e+18  1.32076e-22  2.32683e-08  2.96322e+07  1.56225e-01  0.00000e+00
0352  7.54733e+18  1.30777e-22  2.31288e-08  2.96703e+07  1.56815e-01  0.00000e+00
0353  7.56575e+18  1.29505e-22  2.29923e-08  2.97073e+07  1.57407e-01  0.00000e+00
0354  7.58416e+18  1.28261e-22  2.28590e-08  2.97433e+07  1.58001e-01  0.00000e+00
0355  7.60258e+18  1.27044e-22  2.27289e-08  2.97782e+07  1.58598e-01  0.00000e+00
0356  7.62100e+18  1.25854e-22  2.26020e-08  2.98118e+07  1.59196e-01  0.00000e+00
0357  7.63941e+18  1.24691e-22  2.24785e-08  2.98442e+07  1.59796e-01  0.00000e+00
0358  7.65783e+18  1.23554e-22  2.23583e-08  2.98753e+07  1.60398e-01  0.00000e+00
0359  7.67624e+18  1.22443e-22  2.22414e-08  2.99051e+07  1.61002e-01  0.00000e+00
0360  7.69466e+18  1.21357e-22  2.21278e-08  2.99336e+07  1.61607e-01  0.00000e+00
0361  7.71307e+18  1.20296e-22  2.20173e-08  2.99609e+07  1.62214e-01  0.00000e+00
0362  7.73149e+18  1.19258e-22  2.19097e-08  2.99871e+07  1.62822e-01  0.00000e+00
0363  7.74990e+18  1.18244e-22  2.18049e-08  3.00120e+07  1.63431e-01  0.00000e+00
0364  7.76832e+18  1.17251e-22  2.17028e-08  3.00360e+07  1.64041e-01  0.00000e+00
0365  7.78674e+18  1.16278e-22  2.16031e-08  3.00589e+07  1.64652e-01  0.00000e+00
0366  7.80515e+18  1.15326e-22  2.15059e-08  3.00808e+07  1.65263e-01  0.00000e+00
0367  7.82357e+18  1.14392e-22  2.14111e-08  3.01018e+07  1.65874e-01  0.00000e+00
0368  7.84198e+18  1.13478e-22  2.13185e-08  3.01218e+07  1.66485e-01  0.00000e+00
0369  7.86040e+18  1.12581e-22  2.12280e-08  3.01410e+07  1.67096e-01  0.00000e+00
0370  7.87881e+18  1.11703e-22  2.11395e-08  3.01594e+07  1.67705e-01  0.00000e+00
0371  7.89723e+18  1.10841e-22  2.10528e-08  3.01770e+07  1.68313e-01  0.00000e+00
0372  7.91564e+18  1.09996e-22  2.09678e-08  3.01940e+07  1.68920e-01  0.00000e+00
0373  7.93406e+18  1.09167e-22  2.08843e-08  3.02104e+07  1.69523e-01  0.00000e+00
0374  7.95248e+18  1.08355e-22  2.08023e-08  3.02262e+07  1.70124e-01  0.00000e+00
0375  7.97089e+18  1.07558e-22  2.07218e-08  3.02414e+07  1.70722e-01  0.00000e+00
0376  7.98931e+18  1.06777e-22  2.06427e-08  3.02560e+07  1.71315e-01  0.00000e+00
0377  8.00772e+18  1.06013e-22  2.05653e-08  3.02699e+07  1.71905e-01  0.00000e+00
0378  8.02614e+18  1.05265e-22  2.04895e-08  3.02831e+07  1.72489e-01  0.00000e+00
0379  8.04455e+18  1.04533e-22  2.04153e-08  3.02957e+07  1.73067e-01  0.00000e+00
0380  8.06297e+18  1.03817e-22  2.03427e-08  3.03075e+07  1.73640e-01  0.00000e+00
0381  8.08139e+18  1.03117e-22  2.02716e-08  3.03187e+07  1.74207e-01  0.00000e+00
0382  8.09980e+18  1.02432e-22  2.02019e-08  3.03293e+07  1.74767e-01  0.00000e+00
0383  8.11822e+18  1.01762e-22  2.01334e-08  3.03394e+07  1.75320e-01  0.00000e+00
0384  8.13663e+18  1.01105e-22  2.00660e-08  3.03490e+07  1.75867e-01  0.00000e+00
0385  8.15505e+18  1.00463e-22  1.99997e-08  3.03582e+07  1.76406e-01  0.00000e+00
0386  8.17346e+18  9.98336e-23  1.99344e-08  3.03670e+07  1.76938e-01  0.00000e+00
0387  8.19188e+18  9.92174e-23  1.98702e-08  3.03753e+07  1.77462e-01  0.00000e+00
0388  8.21029e+18  9.86140e-23  1.98070e-08  3.03832e+07  1.77980e-01  0.00000e+00
0389  8.22871e+18  9.80230e-23  1.97448e-08  3.03907e+07  1.78491e-01  0.00000e+00
0390  8.24713e+18  9.74440e-23  1.96835e-08  3.03978e+07  1.78995e-01  0.00000e+00
0391  8.26554e+18  9.68765e-23  1.96232e-08  3.04045e+07  1.79493e-01  0.00000e+00
0392  8.28396e+18  9.63202e-23  1.95638e-08  3.04109e+07  1.79985e-01  0.00000e+00
0393  8.30237e+18  9.57744e-23  1.95053e-08  3.04168e+07  1.80471e-01  0.00000e+00
0394  8.32079e+18  9.52389e-23  1.94476e-08  3.04225e+07  1.80952e-01  0.00000e+00
0395  8.33920e+18  9.47133e-23  1.93906e-08  3.04278e+07  1.81428e-01  0.00000e+00
0396  8.35762e+18  9.41972e-23  1.93346e-08  3.04328e+07  1.81900e-01  0.00000e+00
0397  8.37603e+18  9.36904e-23  1.92793e-08  3.04375e+07  1.82368e-01  0.00000e+00
0398  8.39445e+18  9.31926e-23  1.92249e-08  3.04417e+07  1.82832e-01  0.00000e+00
0399  8.41287e+18  9.27036e-23  1.91714e-08  3.04456e+07  1.83294e-01  0.00000e+00
0400  8.43128e+18  9.22231e-23  1.91187e-08  3.04491e+07  1.83753e-01  0.00000e+00
0401  8.44970e+18  9.17507e-23  1.90670e-08  3.04522e+07  1.84211e-01  0.00000e+00
0402  8.46811e+18  9.12862e-23  1.90161e-08  3.04549e+07  1.84667e-01  0.00000e+00
0403  8.48653e+18  9.08293e-23  1.89661e-08  3.04572e+07  1.85122e-01  0.00000e+00
0404  8.50494e+18  9.03797e-23  1.89169e-08  3.04592e+07  1.85578e-01  0.00000e+00
0405  8.52336e+18  8.99370e-23  1.88685e-08  3.04607e+07  1.86033e-01  0.00000e+00
0406  8.54177e+18  8.95010e-23  1.88210e-08  3.04619e+07  1.86490e-01  0.00000e+00
0407  8.56019e+18  8.90713e-23  1.87742e-08  3.04627e+07  1.86947e-01  0.00000e+00
0408  8.57861e+18  8.86481e-23  1.87283e-08  3.04632e+07  1.87406e-01  0.00000e+00
0409  8.59702e+18  8.82304e-23  1.86830e-08  3.04633e+07  1.87868e-01  0.00000e+00
0410  8.61544e+18  8.78178e-23  1.86381e-08  3.04632e+07  1.88331e-01  0.00000e+00
0411  8.63385e+18  8.74107e-23  1.85940e-08  3.04628e+07  1.88797e-01  0.00000e+00
0412  8.65227e+18  8.70090e-23  1.85507e-08  3.04621e+07  1.89266e-01  0.00000e+00
0413  8.67068e+18  8.66124e-23  1.85079e-08  3.04611e+07  1.89737e-01  0.00000e+00
0414  8.68910e+18  8.62204e-23  1.84656e-08  3.04598e+07  1.90212e-01  0.00000e+00
0415  8.70751e+18  8.58327e-23  1.84238e-08  3.04584e+07  1.90690e-01  0.00000e+00
0416  8.72593e+18  8.54490e-23  1.83823e-08  3.04569e+07  1.91172e-01  0.00000e+00
0417  8.74435e+18  8.50692e-23  1.83412e-08  3.04552e+07  1.91656e-01  0.00000e+00
0418  8.76276e+18  8.46931e-23  1.83004e-08  3.04534e+07  1.92144e-01  0.00000e+00
0419  8.78118e+18  8.43206e-23  1.82600e-08  3.04515e+07  1.92635e-01  0.00000e+00
0420  8.79959e+18  8.39518e-23  1.82198e-08  3.04495e+07  1.93129e-01  0.00000e+00
0421  8.81801e+18  8.35866e-23  1.81798e-08  3.04475e+07  1.93627e-01  0.00000e+00
0422  8.83642e+18  8.32251e-23  1.81402e-08  3.04453e+07  1.94127e-01  0.00000e+00
0423  8.85484e+18  8.28673e-23  1.81008e-08  3.04431e+07  1.94629e-01  0.00000e+00
0424  8.87326e+18  8.25133e-23  1.80616e-08  3.04408e+07  1.95135e-01  0.00000e+00
0425  8.89167e+18  8.21629e-23  1.80227e-08  3.04384e+07  1.95642e-01  0.00000e+00
0426  8.91009e+18  8.18162e-23  1.79841e-08  3.04359e+07  1.96153e-01  0.00000e+00
0427  8.92850e+18  8.14731e-23  1.79456e-08  3.04335e+07  1.96665e-01  0.00000e+00
0428  8.94692e+18  8.11335e-23  1.79073e-08  3.04309e+07  1.97180e-01  0.00000e+00
0429  8.96533e+18  8.07973e-23  1.78692e-08  3.04284e+07  1.97697e-01  0.00000e+00
0430  8.98375e+18  8.04647e-23  1.78313e-08  3.04257e+07  1.98217e-01  0.00000e+00
0431  9.00216e+18  8.01354e-23  1.77936e-08  3.04231e+07  1.98738e-01  0.00000e+00
0432  9.02058e+18  7.98096e-23  1.77561e-08  3.04204e+07  1.99262e-01  0.00000e+00
0433  9.03900e+18  7.94873e-23  1.77189e-08  3.04176e+07  1.99788e-01  0.00000e+00
0434  9.05741e+18  7.91684e-23  1.76819e-08  3.04147e+07  2.00316e-01  0.00000e+00
0435  9.07583e+18  7.88529e-23  1.76452e-08  3.04117e+07  2.00847e-01  0.00000e+00
0436  9.09424e+18  7.85408e-23  1.76087e-08  3.04086e+07  2.01379e-01  0.00000e+00
0437  9.11266e+18  7.82317e-23  1.75724e-08  3.04055e+07  2.01914e-01  0.00000e+00
0438  9.13107e+18  7.79254e-23  1.75361e-08  3.04025e+07  2.02452e-01  0.00000e+00
0439  9.14949e+18  7.76214e-23  1.74998e-08  3.03995e+07  2.02992e-01  0.00000e+00
0440  9.16790e+18  7.73194e-23  1.74633e-08  3.03968e+07  2.03534e-01  0.00000e+00
0441  9.18632e+18  7.70187e-23  1.74264e-08  3.03944e+07  2.04079e-01  0.00000e+00
0442  9.20474e+18  7.67192e-23  1.73890e-08  3.03924e+07  2.04626e-01  0.00000e+00
0443  9.22315e+18  7.64206e-23  1.73511e-08  3.03909e+07  2.05176e-01  0.00000e+00
0444  9.24157e+18  7.61232e-23  1.73127e-08  3.03897e+07  2.05728e-01  0.00000e+00
0445  9.25998e+18  7.58273e-23  1.72740e-08  3.03889e+07  2.06283e-01  0.00000e+00
0446  9.27840e+18  7.55335e-23  1.72353e-08  3.03881e+07  2.06840e-01  0.00000e+00
0447  9.29681e+18  7.52423e-23  1.71967e-08  3.03873e+07  2.07400e-01  0.00000e+00
0448  9.31523e+18  7.49543e-23  1.71586e-08  3.03864e+07  2.07962e-01  0.00000e+00
0449  9.33364e+18  7.46701e-23  1.71210e-08  3.03851e+07  2.08528e-01  0.00000e+00
0450  9.35206e+18  7.43900e-23  1.70842e-08  3.03834e+07  2.09095e-01  0.00000e+00
0451  9.37048e+18  7.41146e-23  1.70484e-08  3.03810e+07  2.09666e-01  0.00000e+00
0452  9.38889e+18  7.38438e-23  1.70136e-08  3.03781e+07  2.10239e-01  0.00000e+00
0453  9.40731e+18  7.35775e-23  1.69797e-08  3.03746e+07  2.10814e-01  0.00000e+00
0454  9.42572e+18  7.33153e-23  1.69466e-08  3.03706e+07  2.11393e-01  0.00000e+00
0455  9.44414e+18  7.30567e-23  1.69142e-08  3.03663e+07  2.11974e-01  0.00000e+00
0456  9.46255e+18  7.28012e-23  1.68821e-08  3.03617e+07  2.12557e-01  0.00000e+00
0457  9.48097e+18  7.25480e-23  1.68502e-08  3.03571e+07  2.13144e-01  0.00000e+00
0458  9.49939e+18  7.22969e-23  1.68184e-08  3.03525e+07  2.13732e-01  0.00000e+00
0459  9.51780e+18  7.20476e-23  1.67864e-08  3.03481e+07  2.14324e-01  0.00000e+00
0460  9.53622e+18  7.17998e-23  1.67544e-08  3.03438e+07  2.14918e-01  0.00000e+00
0461  9.55463e+18  7.15534e-23  1.67221e-08  3.03397e+07  2.15514e-01  0.00000e+00
0462  9.57305e+18  7.13082e-23  1.66896e-08  3.03358e+07  2.16113e-01  0.00000e+00
0463  9.59146e+18  7.10642e-23  1.66569e-08  3.03322e+07  2.16715e-01  0.00000e+00
0464  9.60988e+18  7.08210e-23  1.66237e-08  3.03289e+07  2.17319e-01  0.00000e+00
0465  9.62829e+18  7.05785e-23  1.65902e-08  3.03260e+07  2.17927e-01  0.00000e+00
0466  9.64671e+18  7.03364e-23  1.65562e-08  3.03235e+07  2.18537e-01  0.00000e+00
0467  9.66513e+18  7.00949e-23  1.65218e-08  3.03214e+07  2.19151e-01  0.00000e+00
0468  9.68354e+18  6.98541e-23  1.64870e-08  3.03196e+07  2.19768e-01  0.00000e+00
0469  9.70196e+18  6.96127e-23  1.64515e-08  3.03182e+07  2.20388e-01  0.00000e+00
0470  9.72037e+18  6.93705e-23  1.64150e-08  3.03179e+07  2.21013e-01  0.00000e+00
0471  9.73879e+18  6.91284e-23  1.63781e-08  3.03180e+07  2.21640e-01  0.00000e+00
0472  9.75720e+18  6.88864e-23  1.63407e-08  3.03185e+07  2.22272e-01  0.00000e+00
0473  9.77562e+18  6.86442e-23  1.63028e-08  3.03193e+07  2.22909e-01  0.00000e+00
0474  9.79403e+18  6.84015e-23  1.62643e-08  3.03207e+07  2.23549e-01  0.00000e+00
0475  9.81245e+18  6.81579e-23  1.62252e-08  3.03227e+07  2.24195e-01  0.00000e+00
0476  9.83087e+18  6.79133e-23  1.61854e-08  3.03253e+07  2.24845e-01  0.00000e+00
0477  9.84928e+18  6.76670e-23  1.61447e-08  3.03286e+07  2.25500e-01  0.00000e+00
0478  9.86770e+18  6.74191e-23  1.61032e-08  3.03325e+07  2.26161e-01  0.00000e+00
0479  9.88611e+18  6.71693e-23  1.60609e-08  3.03373e+07  2.26826e-01  0.00000e+00
0480  9.90453e+18  6.69179e-23  1.60177e-08  3.03427e+07  2.27497e-01  0.00000e+00
0481  9.92294e+18  6.66649e-23  1.59738e-08  3.03489e+07  2.28173e-01  0.00000e+00
0482  9.94136e+18  6.64107e-23  1.59290e-08  3.03557e+07  2.28853e-01  0.00000e+00
0483  9.95977e+18  6.61557e-23  1.58836e-08  3.03632e+07  2.29538e-01  0.00000e+00
0484  9.97819e+18  6.59003e-23  1.58375e-08  3.03713e+07  2.30227e-01  0.00000e+00
0485  9.99661e+18  6.56449e-23  1.57909e-08  3.03800e+07  2.30920e-01  0.00000e+00
0486  1.00150e+19  6.53897e-23  1.57436e-08  3.03892e+07  2.31617e-01  0.00000e+00
0487  1.00334e+19  6.51351e-23  1.56960e-08  3.03989e+07  2.32316e-01  0.00000e+00
0488  1.00519e+19  6.48812e-23  1.56479e-08  3.04091e+07  2.33019e-01  0.00000e+00
0489  1.00703e+19  6.46280e-23  1.55994e-08  3.04197e+07  2.33726e-01  0.00000e+00
0490  1.00887e+19  6.43755e-23  1.55506e-08  3.04306e+07  2.34436e-01  0.00000e+00
0491  1.01071e+19  6.41235e-23  1.55015e-08  3.04419e+07  2.35149e-01  0.00000e+00
0492  1.01255e+19  6.38721e-23  1.54522e-08  3.04536e+07  2.35866e-01  0.00000e+00
0493  1.01439e+19  6.36212e-23  1.54027e-08  3.04655e+07  2.36587e-01  0.00000e+00
0494  1.01623e+19  6.33708e-23  1.53529e-08  3.04778e+07  2.37312e-01  0.00000e+00
0495  1.01808e+19  6.31210e-23  1.53030e-08  3.04903e+07  2.38041e-01  0.00000e+00
0496  1.01992e+19  6.28717e-23  1.52529e-08  3.05031e+07  2.38773e-01  0.00000e+00
0497  1.02176e+19  6.26230e-23  1.52027e-08  3.05162e+07  2.39510e-01  0.00000e+00
0498  1.02360e+19  6.23749e-23  1.51523e-08  3.05295e+07  2.40251e-01  0.00000e+00
0499  1.02544e+19  6.21275e-23  1.51018e-08  3.05431e+07  2.40997e-01  0.00000e+00
0500  1.02728e+19  6.18808e-23  1.50511e-08  3.05570e+07  2.41747e-01  0.00000e+00
0501  1.02913e+19  6.16346e-23  1.50003e-08  3.05711e+07  2.42502e-01  0.00000e+00
0502  1.03097e+19  6.13889e-23  1.49494e-08  3.05854e+07  2.43264e-01  0.00000e+00
0503  1.03281e+19  6.11435e-23  1.48984e-08  3.06000e+07  2.44032e-01  0.00000e+00
0504  1.03465e+19  6.08983e-23  1.48473e-08  3.06148e+07  2.44807e-01  0.00000e+00
0505  1.03649e+19  6.06530e-23  1.47960e-08  3.06299e+07  2.45592e-01  0.00000e+00
0506  1.03833e+19  6.04074e-23  1.47446e-08  3.06453e+07  2.46387e-01  0.00000e+00
0507  1.04017e+19  6.01612e-23  1.46932e-08  3.06609e+07  2.47195e-01  0.00000e+00
0508  1.04202e+19  5.99141e-23  1.46416e-08  3.06767e+07  2.48016e-01  0.00000e+00
0509  1.04386e+19  5.96658e-23  1.45899e-08  3.06928e+07  2.48854e-01  0.00000e+00
0510  1.04570e+19  5.94159e-23  1.45382e-08  3.07091e+07  2.49711e-01  0.00000e+00
0511  1.04754e+19  5.91640e-23  1.44864e-08  3.07256e+07  2.50588e-01  0.00000e+00
0512  1.04938e+19  5.89098e-23  1.44344e-08  3.07424e+07  2.51489e-01  0.00000e+00
0513  1.05122e+19  5.86529e-23  1.43825e-08  3.07594e+07  2.52416e-01  0.00000e+00
0514  1.05307e+19  5.83932e-23  1.43304e-08  3.07766e+07  2.53369e-01  0.00000e+00
0515  1.05491e+19  5.81304e-23  1.42783e-08  3.07941e+07  2.54351e-01  0.00000e+00
0516  1.05675e+19  5.78647e-23  1.42262e-08  3.08118e+07  2.55362e-01  0.00000e+00
0517  1.05859e+19  5.75960e-23  1.41741e-08  3.08296e+07  2.56401e-01  0.00000e+00
0518  1.06043e+19  5.73249e-23  1.41219e-08  3.08477e+07  2.57467e-01  0.00000e+00
0519  1.06227e+19  5.70518e-23  1.40698e-08  3.08659e+07  2.58556e-01  0.00000e+00
0520  1.06412e+19  5.67775e-23  1.40177e-08  3.08843e+07  2.59665e-01  0.00000e+00
0521  1.06596e+19  5.65032e-23  1.39656e-08  3.09028e+07  2.60786e-01  0.00000e+00
0522  1.06780e+19  5.62299e-23  1.39136e-08  3.09215e+07  2.61913e-01  0.00000e+00
0523  1.06964e+19  5.59593e-23  1.38617e-08  3.09403e+07  2.63036e-01  0.00000e+00
0524  1.07148e+19  5.56930e-23  1.38099e-08  3.09592e+07  2.64145e-01  0.00000e+00
0525  1.07332e+19  5.54325e-23  1.37582e-08  3.09782e+07  2.65228e-01  0.00000e+00
0526  1.07516e+19  5.51797e-23  1.37066e-08  3.09974e+07  2.66273e-01  0.00000e+00
0527  1.07701e+19  5.49362e-23  1.36552e-08  3.10166e+07  2.67271e-01  0.00000e+00
0528  1.07885e+19  5.47032e-23  1.36039e-08  3.10359e+07  2.68209e-01  0.00000e+00
0529  1.08069e+19  5.44818e-23  1.35528e-08  3.10554e+07  2.69080e-01  0.00000e+00
0530  1.08253e+19  5.42725e-23  1.35018e-08  3.10749e+07  2.69879e-01  0.00000e+00
0531  1.08437e+19  5.40754e-23  1.34511e-08  3.10945e+07  2.70603e-01  0.00000e+00
0532  1.08621e+19  5.38899e-23  1.34005e-08  3.11142e+07  2.71254e-01  0.00000e+00
0533  1.08806e+19  5.37150e-23  1.33500e-08  3.11340e+07  2.71838e-01  0.00000e+00
0534  1.08990e+19  5.35493e-23  1.32997e-08  3.11539e+07  2.72362e-01  0.00000e+00
0535  1.09174e+19  5.33911e-23  1.32495e-08  3.11739e+07  2.72838e-01  0.00000e+00
0536  1.09358e+19  5.32384e-23  1.31994e-08  3.11939e+07  2.73278e-01  0.00000e+00
0537  1.09542e+19  5.30894e-23  1.31493e-08  3.12139e+07  2.73695e-01  0.00000e+00
0538  1.09726e+19  5.29423e-23  1.30994e-08  3.12340e+07  2.74100e-01  0.00000e+00
0539  1.09910e+19  5.27952e-23  1.30495e-08  3.12542e+07  2.74504e-01  0.00000e+00
0540  1.10095e+19  5.26469e-23  1.29998e-08  3.12743e+07  2.74917e-01  0.00000e+00
0541  1.10279e+19  5.24962e-23  1.29501e-08  3.12946e+07  2.75347e-01  0.00000e+00
0542  1.10463e+19  5.23422e-23  1.29006e-08  3.13148e+07  2.75800e-01  0.00000e+00
0543  1.10647e+19  5.21845e-23  1.28511e-08  3.13352e+07  2.76282e-01  0.00000e+00
0544  1.10831e+19  5.20228e-23  1.28019e-08  3.13555e+07  2.76794e-01  0.00000e+00
0545  1.11015e+19  5.18572e-23  1.27528e-08  3.13760e+07  2.77338e-01  0.00000e+00
0546  1.11200e+19  5.16882e-23  1.27038e-08  3.13964e+07  2.77912e-01  0.00000e+00
0547  1.11384e+19  5.15163e-23  1.26550e-08  3.14169e+07  2.78513e-01  0.00000e+00
0548  1.11568e+19  5.13424e-23  1.26064e-08  3.14375e+07  2.79136e-01  0.00000e+00
0549  1.11752e+19  5.11673e-23  1.25579e-08  3.14581e+07  2.79777e-01  0.00000e+00
0550  1.11936e+19  5.09921e-23  1.25096e-08  3.14787e+07  2.80428e-01  0.00000e+00
0551  1.12120e+19  5.08173e-23  1.24614e-08  3.14994e+07  2.81085e-01  0.00000e+00
0552  1.12305e+19  5.06452e-23  1.24137e-08  3.15200e+07  2.81736e-01  0.00000e+00
0553  1.12489e+19  5.04703e-23  1.23648e-08  3.15412e+07  2.82401e-01  0.00000e+00
0554  1.12673e+19  5.03178e-23  1.23217e-08  3.15600e+07  2.82981e-01  0.00000e+00
0555  1.12857e+19  5.00589e-23  1.22469e-08  3.15928e+07  2.83960e-01  0.00000e+00
