# Athena++ data at time=5.250000e+12  cycle=351803358  variables=uov 
# i       x1v         user_out_var0          user_out_var1          user_out_var2          user_out_var3          user_out_var4          user_out_var5      
0002  1.13875e+18  4.91745e+00  3.03478e+04  5.59999e-16  0.00000e+00  0.00000e+00  3.02826e-05
0003  1.15716e+18  1.03218e+01  4.00224e+04  8.70682e-17  0.00000e+00  0.00000e+00  2.93264e-05
0004  1.17558e+18  1.54636e+01  4.91676e+04  4.30157e-17  0.00000e+00  0.00000e+00  2.84148e-05
0005  1.19399e+18  2.23004e+01  6.13414e+04  6.27746e-17  0.00000e+00  0.00000e+00  2.75451e-05
0006  1.21241e+18  3.29235e+01  8.15990e+04  1.03476e-16  0.00000e+00  0.00000e+00  2.67147e-05
0007  1.23082e+18  5.31276e+01  1.23384e+05  1.29047e-16  0.00000e+00  0.00000e+00  2.59213e-05
0008  1.24924e+18  6.27572e+01  1.36872e+05  2.81811e-17  0.00000e+00  0.00000e+00  2.51628e-05
0009  1.26765e+18  6.77536e+01  1.43373e+05  2.26097e-17  0.00000e+00  0.00000e+00  2.44370e-05
0010  1.28607e+18  7.21109e+01  1.48194e+05  2.04176e-17  0.00000e+00  0.00000e+00  2.37422e-05
0011  1.30448e+18  7.54136e+01  1.50867e+05  1.48588e-17  0.00000e+00  0.00000e+00  2.30766e-05
0012  1.32290e+18  7.84609e+01  1.53364e+05  1.49510e-17  0.00000e+00  0.00000e+00  2.24386e-05
0013  1.34131e+18  8.15902e+01  1.55963e+05  1.49570e-17  0.00000e+00  0.00000e+00  2.18267e-05
0014  1.35973e+18  8.47006e+01  1.58586e+05  1.40253e-17  0.00000e+00  0.00000e+00  2.12395e-05
0015  1.37814e+18  8.75322e+01  1.60745e+05  1.22512e-17  0.00000e+00  0.00000e+00  2.06757e-05
0016  1.39656e+18  9.02153e+01  1.62802e+05  1.17373e-17  0.00000e+00  0.00000e+00  2.01340e-05
0017  1.41497e+18  9.28812e+01  1.64893e+05  1.14586e-17  0.00000e+00  0.00000e+00  1.96134e-05
0018  1.43339e+18  9.54909e+01  1.66991e+05  1.02843e-17  0.00000e+00  0.00000e+00  1.91126e-05
0019  1.45180e+18  9.74410e+01  1.67936e+05 -9.76938e-19  0.00000e+00  0.00000e+00  1.86309e-05
0020  1.47022e+18  9.97017e+01  1.69825e+05  1.02703e-17  0.00000e+00  0.00000e+00  1.81671e-05
0021  1.48863e+18  1.02341e+02  1.72115e+05  4.70428e-17  0.00000e+00  0.00000e+00  1.77204e-05
0022  1.50705e+18  1.04374e+02  1.73445e+05  7.54707e-18  0.00000e+00  0.00000e+00  1.72900e-05
0023  1.52546e+18  1.06316e+02  1.75006e+05  8.08460e-18  0.00000e+00  0.00000e+00  1.68750e-05
0024  1.54388e+18  1.08433e+02  1.76771e+05  8.32895e-18  0.00000e+00  0.00000e+00  1.64749e-05
0027  1.56229e+18  1.10560e+02  1.78616e+05  8.09566e-18  0.00000e+00  0.00000e+00  1.60888e-05
0028  1.58071e+18  1.12660e+02  1.80511e+05  7.90188e-18  0.00000e+00  0.00000e+00  1.57161e-05
0029  1.59912e+18  1.14756e+02  1.82480e+05  7.80401e-18  0.00000e+00  0.00000e+00  1.53562e-05
0030  1.61754e+18  1.16871e+02  1.84551e+05  7.77269e-18  0.00000e+00  0.00000e+00  1.50085e-05
0031  1.63595e+18  1.19028e+02  1.86756e+05  7.80384e-18  0.00000e+00  0.00000e+00  1.46726e-05
0032  1.65437e+18  1.21248e+02  1.89129e+05  7.85277e-18  0.00000e+00  0.00000e+00  1.43477e-05
0033  1.67278e+18  1.23486e+02  1.91614e+05  7.56221e-18  0.00000e+00  0.00000e+00  1.40336e-05
0034  1.69120e+18  1.25423e+02  1.93733e+05  6.49703e-18  0.00000e+00  0.00000e+00  1.37296e-05
0035  1.70961e+18  1.26978e+02  1.95486e+05  5.64841e-18  0.00000e+00  0.00000e+00  1.34354e-05
0036  1.72803e+18  1.28256e+02  1.96962e+05  5.18911e-18  0.00000e+00  0.00000e+00  1.31506e-05
0037  1.74644e+18  1.29517e+02  1.98537e+05  5.35113e-18  0.00000e+00  0.00000e+00  1.28747e-05
0038  1.76486e+18  1.30907e+02  2.00317e+05  5.59835e-18  0.00000e+00  0.00000e+00  1.26074e-05
0039  1.78328e+18  1.32411e+02  2.02297e+05  5.73834e-18  0.00000e+00  0.00000e+00  1.23484e-05
0040  1.80169e+18  1.33994e+02  2.04443e+05  5.79931e-18  0.00000e+00  0.00000e+00  1.20973e-05
0041  1.82011e+18  1.35644e+02  2.06748e+05  5.89104e-18  0.00000e+00  0.00000e+00  1.18537e-05
0042  1.83852e+18  1.37420e+02  2.09307e+05  6.16143e-18  0.00000e+00  0.00000e+00  1.16174e-05
0043  1.85694e+18  1.39463e+02  2.12367e+05  6.25995e-18  0.00000e+00  0.00000e+00  1.13882e-05
0044  1.87535e+18  1.40086e+02  2.13355e+05  4.56324e-18  0.00000e+00  0.00000e+00  1.11656e-05
0045  1.89377e+18  1.39451e+02  2.12413e+05  2.49909e-18  0.00000e+00  0.00000e+00  1.09495e-05
0046  1.91218e+18  1.40551e+02  2.14196e+05  1.64600e-18  0.00000e+00  0.00000e+00  1.07396e-05
0047  1.93060e+18  1.49772e+02  2.29456e+05  9.60961e-18  0.00000e+00  0.00000e+00  1.05357e-05
0048  1.94901e+18  1.58454e+02  2.43005e+05  1.63287e-17  0.00000e+00  0.00000e+00  1.03376e-05
0049  1.96743e+18  1.53711e+02  2.35703e+05  6.09120e-18  0.00000e+00  0.00000e+00  1.01449e-05
0050  1.98584e+18  1.45047e+02  2.22213e+05  4.18333e-19  0.00000e+00  0.00000e+00  9.95766e-06
0051  2.00426e+18  1.28109e+02  1.97295e+05 -2.70999e-17  0.00000e+00  0.00000e+00  9.77552e-06
0052  2.02267e+18  1.16402e+02  1.84243e+05 -1.06845e-17  0.00000e+00  0.00000e+00  9.59833e-06
0053  2.04109e+18  1.15559e+02  1.83332e+05 -3.59532e-18  0.00000e+00  0.00000e+00  9.42591e-06
0054  2.05951e+18  1.15851e+02  1.83563e+05  1.07983e-18  0.00000e+00  0.00000e+00  9.25810e-06
0055  2.07792e+18  1.16622e+02  1.84301e+05  2.93218e-18  0.00000e+00  0.00000e+00  9.09473e-06
0056  2.09634e+18  1.17551e+02  1.85218e+05  4.06824e-18  0.00000e+00  0.00000e+00  8.93564e-06
0057  2.11475e+18  1.18228e+02  1.85904e+05  4.26628e-18  0.00000e+00  0.00000e+00  8.78070e-06
0058  2.13317e+18  1.18809e+02  1.86502e+05  4.29761e-18  0.00000e+00  0.00000e+00  8.62975e-06
0059  2.15158e+18  1.19424e+02  1.87145e+05  4.26134e-18  0.00000e+00  0.00000e+00  8.48265e-06
0060  2.17000e+18  1.20012e+02  1.87767e+05  4.13922e-18  0.00000e+00  0.00000e+00  8.33929e-06
0061  2.18841e+18  1.20430e+02  1.88216e+05  3.91089e-18  0.00000e+00  0.00000e+00  8.19953e-06
0062  2.20683e+18  1.20576e+02  1.88378e+05  3.56539e-18  0.00000e+00  0.00000e+00  8.06326e-06
0063  2.22524e+18  1.20409e+02  1.88205e+05  3.10003e-18  0.00000e+00  0.00000e+00  7.93035e-06
0064  2.24366e+18  1.20113e+02  1.87901e+05  2.31513e-18  0.00000e+00  0.00000e+00  7.80071e-06
0065  2.26207e+18  1.20117e+02  1.87922e+05  1.41755e-18  0.00000e+00  0.00000e+00  7.67421e-06
0066  2.28049e+18  1.20374e+02  1.88204e+05  1.08909e-18  0.00000e+00  0.00000e+00  7.55077e-06
0067  2.29891e+18  1.20928e+02  1.88805e+05  9.47627e-19  0.00000e+00  0.00000e+00  7.43029e-06
0068  2.31732e+18  1.21557e+02  1.89488e+05  1.22965e-18  0.00000e+00  0.00000e+00  7.31266e-06
0069  2.33574e+18  1.22362e+02  1.90368e+05  1.80168e-18  0.00000e+00  0.00000e+00  7.19781e-06
0070  2.35415e+18  1.23193e+02  1.91290e+05  2.33038e-18  0.00000e+00  0.00000e+00  7.08564e-06
0071  2.37257e+18  1.23826e+02  1.91968e+05  2.29240e-18  0.00000e+00  0.00000e+00  6.97607e-06
0072  2.39098e+18  1.23762e+02  1.91881e+05  2.87524e-18  0.00000e+00  0.00000e+00  6.86902e-06
0073  2.40940e+18  1.22871e+02  1.90942e+05  1.59711e-18  0.00000e+00  0.00000e+00  6.76442e-06
0074  2.42781e+18  1.24943e+02  1.93354e+05 -3.21940e-18  0.00000e+00  0.00000e+00  6.66219e-06
0075  2.44623e+18  1.85660e+02  3.00234e+05  2.73814e-17  0.00000e+00  0.00000e+00  6.56226e-06
0076  2.46464e+18  3.70111e+02  5.76416e+05  9.86525e-17  0.00000e+00  0.00000e+00  6.46456e-06
0077  2.48306e+18  5.56764e+02  8.35360e+05  4.38937e-17  0.00000e+00  0.00000e+00  6.36903e-06
0078  2.50147e+18  6.78164e+02  1.01515e+06  2.78057e-17  0.00000e+00  0.00000e+00  6.27560e-06
0079  2.51989e+18  7.62752e+02  1.14492e+06  2.23862e-17  0.00000e+00  0.00000e+00  6.18421e-06
0080  2.53831e+18  8.29679e+02  1.25070e+06  1.94050e-17  0.00000e+00  0.00000e+00  6.09480e-06
0081  2.55672e+18  8.86432e+02  1.34311e+06  1.73021e-17  0.00000e+00  0.00000e+00  6.00732e-06
0082  2.57514e+18  9.37778e+02  1.42950e+06  1.61085e-17  0.00000e+00  0.00000e+00  5.92171e-06
0083  2.59355e+18  9.86100e+02  1.51350e+06  1.57138e-17  0.00000e+00  0.00000e+00  5.83791e-06
0084  2.61197e+18  1.03192e+03  1.59492e+06  1.50461e-17  0.00000e+00  0.00000e+00  5.75588e-06
0085  2.63038e+18  1.07602e+03  1.67503e+06  1.46143e-17  0.00000e+00  0.00000e+00  5.67557e-06
0086  2.64880e+18  1.11849e+03  1.75346e+06  1.41286e-17  0.00000e+00  0.00000e+00  5.59693e-06
0087  2.66721e+18  1.15921e+03  1.83013e+06  1.36097e-17  0.00000e+00  0.00000e+00  5.51991e-06
0088  2.68563e+18  1.19834e+03  1.90559e+06  1.31844e-17  0.00000e+00  0.00000e+00  5.44447e-06
0089  2.70404e+18  1.23581e+03  1.97971e+06  1.27008e-17  0.00000e+00  0.00000e+00  5.37056e-06
0090  2.72246e+18  1.27192e+03  2.05311e+06  1.22705e-17  0.00000e+00  0.00000e+00  5.29815e-06
0091  2.74088e+18  1.30701e+03  2.12633e+06  1.18764e-17  0.00000e+00  0.00000e+00  5.22720e-06
0092  2.75929e+18  1.34126e+03  2.19958e+06  1.14681e-17  0.00000e+00  0.00000e+00  5.15766e-06
0093  2.77771e+18  1.37480e+03  2.27305e+06  1.10538e-17  0.00000e+00  0.00000e+00  5.08950e-06
0094  2.79612e+18  1.40775e+03  2.34693e+06  1.06404e-17  0.00000e+00  0.00000e+00  5.02268e-06
0095  2.81454e+18  1.44020e+03  2.42135e+06  1.02319e-17  0.00000e+00  0.00000e+00  4.95717e-06
0096  2.83295e+18  1.47222e+03  2.49640e+06  9.83128e-18  0.00000e+00  0.00000e+00  4.89293e-06
0097  2.85137e+18  1.50382e+03  2.57212e+06  9.44634e-18  0.00000e+00  0.00000e+00  4.82993e-06
0098  2.86978e+18  1.53491e+03  2.64849e+06  9.06880e-18  0.00000e+00  0.00000e+00  4.76814e-06
0099  2.88820e+18  1.56541e+03  2.72536e+06  8.70328e-18  0.00000e+00  0.00000e+00  4.70753e-06
0100  2.90661e+18  1.59528e+03  2.80243e+06  8.35117e-18  0.00000e+00  0.00000e+00  4.64807e-06
0101  2.92503e+18  1.62438e+03  2.87944e+06  8.01325e-18  0.00000e+00  0.00000e+00  4.58973e-06
0102  2.94345e+18  1.65242e+03  2.95624e+06  7.68989e-18  0.00000e+00  0.00000e+00  4.53248e-06
0103  2.96186e+18  1.67925e+03  3.03243e+06  7.37901e-18  0.00000e+00  0.00000e+00  4.47629e-06
0104  2.98028e+18  1.70499e+03  3.10739e+06  7.08326e-18  0.00000e+00  0.00000e+00  4.42114e-06
0105  2.99869e+18  1.72946e+03  3.18080e+06  6.80345e-18  0.00000e+00  0.00000e+00  4.36701e-06
0106  3.01711e+18  1.75204e+03  3.25296e+06  6.53725e-18  0.00000e+00  0.00000e+00  4.31386e-06
0107  3.03552e+18  1.77315e+03  3.32437e+06  6.28271e-18  0.00000e+00  0.00000e+00  4.26168e-06
0108  3.05394e+18  1.79377e+03  3.39395e+06  6.04232e-18  0.00000e+00  0.00000e+00  4.21044e-06
0109  3.07235e+18  1.81163e+03  3.45718e+06  5.80927e-18  0.00000e+00  0.00000e+00  4.16011e-06
0110  3.09077e+18  1.82746e+03  3.52085e+06  5.61713e-18  0.00000e+00  0.00000e+00  4.11069e-06
0111  3.10918e+18  1.86074e+03  3.62408e+06  5.40372e-18  0.00000e+00  0.00000e+00  4.06214e-06
0112  3.12760e+18  1.88220e+03  3.70231e+06  5.21660e-18  0.00000e+00  0.00000e+00  4.01444e-06
0113  3.14602e+18  1.84643e+03  3.65211e+06  5.12416e-18  0.00000e+00  0.00000e+00  3.96758e-06
0114  3.16443e+18  1.49810e+03  2.99171e+06  5.58247e-18  0.00000e+00  0.00000e+00  3.92154e-06
0115  3.18285e+18  4.50662e+02  9.19214e+05  1.31528e-18  0.00000e+00  0.00000e+00  3.87629e-06
0116  3.20126e+18  1.06141e+02  1.85228e+05 -1.98965e-16  0.00000e+00  0.00000e+00  3.83182e-06
0117  3.21968e+18  8.11968e+01  1.55774e+05 -6.19726e-18  0.00000e+00  0.00000e+00  3.78811e-06
0118  3.23809e+18  8.22691e+01  1.56527e+05  6.92268e-19  0.00000e+00  0.00000e+00  3.74515e-06
0119  3.25651e+18  8.59834e+01  1.59488e+05  3.89387e-18  0.00000e+00  0.00000e+00  3.70291e-06
0120  3.27492e+18  9.01736e+01  1.62706e+05  2.44061e-18  0.00000e+00  0.00000e+00  3.66138e-06
0121  3.29334e+18  9.39081e+01  1.65658e+05  1.92392e-18  0.00000e+00  0.00000e+00  3.62055e-06
0122  3.31176e+18  9.71196e+01  1.67935e+05 -6.49922e-18  0.00000e+00  0.00000e+00  3.58040e-06
0123  3.33017e+18  1.00052e+02  1.70064e+05  1.82989e-18  0.00000e+00  0.00000e+00  3.54091e-06
0124  3.34859e+18  1.03063e+02  1.72303e+05  2.46527e-18  0.00000e+00  0.00000e+00  3.50207e-06
0125  3.36700e+18  1.05976e+02  1.74600e+05  2.42135e-18  0.00000e+00  0.00000e+00  3.46386e-06
0126  3.38542e+18  1.09074e+02  1.77174e+05  2.43873e-18  0.00000e+00  0.00000e+00  3.42628e-06
0127  3.40383e+18  1.12575e+02  1.80261e+05  2.50342e-18  0.00000e+00  0.00000e+00  3.38931e-06
0128  3.42225e+18  1.16601e+02  1.84065e+05  2.67399e-18  0.00000e+00  0.00000e+00  3.35293e-06
0129  3.44066e+18  1.22419e+02  1.90142e+05  2.84577e-18  0.00000e+00  0.00000e+00  3.31713e-06
0130  3.45908e+18  1.36668e+02  2.07757e+05  2.74388e-18  0.00000e+00  0.00000e+00  3.28191e-06
0131  3.47749e+18  1.82292e+02  2.80161e+05  2.01959e-17  0.00000e+00  0.00000e+00  3.24724e-06
0132  3.49591e+18  2.90479e+02  4.18189e+05  4.27720e-17  0.00000e+00  0.00000e+00  3.21312e-06
0133  3.51433e+18  4.22704e+02  5.64080e+05  2.73287e-17  0.00000e+00  0.00000e+00  3.17953e-06
0134  3.53274e+18  5.32701e+02  6.81385e+05  1.82189e-17  0.00000e+00  0.00000e+00  3.14647e-06
0135  3.55116e+18  6.17418e+02  7.67394e+05  1.38855e-17  0.00000e+00  0.00000e+00  3.11392e-06
0136  3.56957e+18  6.85636e+02  8.33375e+05  1.15207e-17  0.00000e+00  0.00000e+00  3.08188e-06
0137  3.58799e+18  7.44186e+02  8.87419e+05  1.00792e-17  0.00000e+00  0.00000e+00  3.05032e-06
0138  3.60640e+18  7.96340e+02  9.33872e+05  8.98917e-18  0.00000e+00  0.00000e+00  3.01925e-06
0139  3.62482e+18  8.44019e+02  9.75127e+05  8.14646e-18  0.00000e+00  0.00000e+00  2.98865e-06
0140  3.64323e+18  8.88355e+02  1.01259e+06  7.51282e-18  0.00000e+00  0.00000e+00  2.95851e-06
0141  3.66165e+18  9.30176e+02  1.04715e+06  6.96603e-18  0.00000e+00  0.00000e+00  2.92883e-06
0142  3.68007e+18  9.70393e+02  1.07984e+06  6.61753e-18  0.00000e+00  0.00000e+00  2.89959e-06
0143  3.69848e+18  1.00915e+03  1.11067e+06  6.24331e-18  0.00000e+00  0.00000e+00  2.87079e-06
0144  3.71690e+18  1.04652e+03  1.13992e+06  5.90962e-18  0.00000e+00  0.00000e+00  2.84241e-06
0145  3.73531e+18  1.08277e+03  1.16785e+06  5.63186e-18  0.00000e+00  0.00000e+00  2.81445e-06
0146  3.75373e+18  1.11799e+03  1.19457e+06  5.37259e-18  0.00000e+00  0.00000e+00  2.78690e-06
0147  3.77214e+18  1.15220e+03  1.22018e+06  5.12976e-18  0.00000e+00  0.00000e+00  2.75976e-06
0148  3.79056e+18  1.18543e+03  1.24475e+06  4.90233e-18  0.00000e+00  0.00000e+00  2.73301e-06
0149  3.80897e+18  1.21767e+03  1.26833e+06  4.68940e-18  0.00000e+00  0.00000e+00  2.70665e-06
0150  3.82739e+18  1.24897e+03  1.29101e+06  4.49292e-18  0.00000e+00  0.00000e+00  2.68066e-06
0151  3.84581e+18  1.27955e+03  1.31297e+06  4.33744e-18  0.00000e+00  0.00000e+00  2.65505e-06
0152  3.86422e+18  1.30951e+03  1.33424e+06  4.18728e-18  0.00000e+00  0.00000e+00  2.62981e-06
0153  3.88264e+18  1.33891e+03  1.35493e+06  4.05016e-18  0.00000e+00  0.00000e+00  2.60492e-06
0154  3.90105e+18  1.36782e+03  1.37509e+06  3.92172e-18  0.00000e+00  0.00000e+00  2.58038e-06
0155  3.91947e+18  1.39624e+03  1.39475e+06  3.79667e-18  0.00000e+00  0.00000e+00  2.55619e-06
0156  3.93788e+18  1.42414e+03  1.41394e+06  3.67530e-18  0.00000e+00  0.00000e+00  2.53234e-06
0157  3.95630e+18  1.45150e+03  1.43269e+06  3.55778e-18  0.00000e+00  0.00000e+00  2.50882e-06
0158  3.97471e+18  1.47831e+03  1.45101e+06  3.44424e-18  0.00000e+00  0.00000e+00  2.48563e-06
0159  3.99313e+18  1.50457e+03  1.46892e+06  3.33576e-18  0.00000e+00  0.00000e+00  2.46275e-06
0160  4.01155e+18  1.53032e+03  1.48643e+06  3.23485e-18  0.00000e+00  0.00000e+00  2.44019e-06
0161  4.02996e+18  1.55557e+03  1.50356e+06  3.13722e-18  0.00000e+00  0.00000e+00  2.41794e-06
0162  4.04838e+18  1.58031e+03  1.52030e+06  3.04291e-18  0.00000e+00  0.00000e+00  2.39599e-06
0163  4.06679e+18  1.60453e+03  1.53667e+06  2.95192e-18  0.00000e+00  0.00000e+00  2.37434e-06
0164  4.08521e+18  1.62820e+03  1.55266e+06  2.86424e-18  0.00000e+00  0.00000e+00  2.35299e-06
0165  4.10362e+18  1.65131e+03  1.56828e+06  2.77981e-18  0.00000e+00  0.00000e+00  2.33191e-06
0166  4.12204e+18  1.67387e+03  1.58354e+06  2.69998e-18  0.00000e+00  0.00000e+00  2.31113e-06
0167  4.14045e+18  1.69588e+03  1.59845e+06  2.62340e-18  0.00000e+00  0.00000e+00  2.29061e-06
0168  4.15887e+18  1.71731e+03  1.61303e+06  2.54961e-18  0.00000e+00  0.00000e+00  2.27037e-06
0169  4.17728e+18  1.73816e+03  1.62728e+06  2.47854e-18  0.00000e+00  0.00000e+00  2.25040e-06
0170  4.19570e+18  1.75843e+03  1.64123e+06  2.41012e-18  0.00000e+00  0.00000e+00  2.23069e-06
0171  4.21412e+18  1.77813e+03  1.65490e+06  2.34424e-18  0.00000e+00  0.00000e+00  2.21123e-06
0172  4.23253e+18  1.79727e+03  1.66831e+06  2.28082e-18  0.00000e+00  0.00000e+00  2.19203e-06
0173  4.25095e+18  1.81585e+03  1.68150e+06  2.21854e-18  0.00000e+00  0.00000e+00  2.17308e-06
0174  4.26936e+18  1.83401e+03  1.69454e+06  2.16537e-18  0.00000e+00  0.00000e+00  2.15438e-06
0175  4.28778e+18  1.85184e+03  1.70747e+06  2.11362e-18  0.00000e+00  0.00000e+00  2.13591e-06
0176  4.30619e+18  1.86938e+03  1.72033e+06  2.06322e-18  0.00000e+00  0.00000e+00  2.11768e-06
0177  4.32461e+18  1.88669e+03  1.73318e+06  2.01413e-18  0.00000e+00  0.00000e+00  2.09968e-06
0178  4.34302e+18  1.90383e+03  1.74606e+06  1.96626e-18  0.00000e+00  0.00000e+00  2.08191e-06
0179  4.36144e+18  1.92084e+03  1.75905e+06  1.91957e-18  0.00000e+00  0.00000e+00  2.06437e-06
0180  4.37986e+18  1.93777e+03  1.77217e+06  1.87399e-18  0.00000e+00  0.00000e+00  2.04705e-06
0181  4.39827e+18  1.95465e+03  1.78548e+06  1.82948e-18  0.00000e+00  0.00000e+00  2.02994e-06
0182  4.41669e+18  1.97150e+03  1.79900e+06  1.78601e-18  0.00000e+00  0.00000e+00  2.01305e-06
0183  4.43510e+18  1.98831e+03  1.81274e+06  1.74356e-18  0.00000e+00  0.00000e+00  1.99637e-06
0184  4.45352e+18  2.00506e+03  1.82669e+06  1.70213e-18  0.00000e+00  0.00000e+00  1.97989e-06
0185  4.47193e+18  2.02175e+03  1.84088e+06  1.66170e-18  0.00000e+00  0.00000e+00  1.96362e-06
0186  4.49035e+18  2.03835e+03  1.85526e+06  1.62741e-18  0.00000e+00  0.00000e+00  1.94754e-06
0187  4.50876e+18  2.05472e+03  1.86970e+06  1.58931e-18  0.00000e+00  0.00000e+00  1.93167e-06
0188  4.52718e+18  2.07072e+03  1.88407e+06  1.55234e-18  0.00000e+00  0.00000e+00  1.91598e-06
0189  4.54560e+18  2.08622e+03  1.89825e+06  1.51659e-18  0.00000e+00  0.00000e+00  1.90049e-06
0190  4.56401e+18  2.10107e+03  1.91209e+06  1.48211e-18  0.00000e+00  0.00000e+00  1.88519e-06
0191  4.58243e+18  2.11513e+03  1.92543e+06  1.44896e-18  0.00000e+00  0.00000e+00  1.87006e-06
0192  4.60084e+18  2.12824e+03  1.93816e+06  1.41718e-18  0.00000e+00  0.00000e+00  1.85512e-06
0193  4.61926e+18  2.14029e+03  1.95015e+06  1.38681e-18  0.00000e+00  0.00000e+00  1.84036e-06
0194  4.63767e+18  2.15120e+03  1.96132e+06  1.35783e-18  0.00000e+00  0.00000e+00  1.82577e-06
0195  4.65609e+18  2.16091e+03  1.97165e+06  1.33022e-18  0.00000e+00  0.00000e+00  1.81136e-06
0196  4.67450e+18  2.16943e+03  1.98113e+06  1.30392e-18  0.00000e+00  0.00000e+00  1.79712e-06
0197  4.69292e+18  2.17681e+03  1.98981e+06  1.27915e-18  0.00000e+00  0.00000e+00  1.78304e-06
0198  4.71134e+18  2.18313e+03  1.99778e+06  1.25553e-18  0.00000e+00  0.00000e+00  1.76913e-06
0199  4.72975e+18  2.18852e+03  2.00514e+06  1.23285e-18  0.00000e+00  0.00000e+00  1.75538e-06
0200  4.74817e+18  2.19310e+03  2.01203e+06  1.21101e-18  0.00000e+00  0.00000e+00  1.74179e-06
0201  4.76658e+18  2.19705e+03  2.01857e+06  1.18991e-18  0.00000e+00  0.00000e+00  1.72836e-06
0202  4.78500e+18  2.20050e+03  2.02489e+06  1.16944e-18  0.00000e+00  0.00000e+00  1.71508e-06
0203  4.80341e+18  2.20361e+03  2.03111e+06  1.14952e-18  0.00000e+00  0.00000e+00  1.70195e-06
0204  4.82183e+18  2.20651e+03  2.03734e+06  1.13008e-18  0.00000e+00  0.00000e+00  1.68898e-06
0205  4.84024e+18  2.20930e+03  2.04364e+06  1.11105e-18  0.00000e+00  0.00000e+00  1.67615e-06
0206  4.85866e+18  2.21207e+03  2.05009e+06  1.09239e-18  0.00000e+00  0.00000e+00  1.66347e-06
0207  4.87708e+18  2.21486e+03  2.05671e+06  1.07408e-18  0.00000e+00  0.00000e+00  1.65093e-06
0208  4.89549e+18  2.21771e+03  2.06353e+06  1.05608e-18  0.00000e+00  0.00000e+00  1.63853e-06
0209  4.91391e+18  2.22062e+03  2.07055e+06  1.03840e-18  0.00000e+00  0.00000e+00  1.62627e-06
0210  4.93232e+18  2.22356e+03  2.07776e+06  1.02105e-18  0.00000e+00  0.00000e+00  1.61415e-06
0211  4.95074e+18  2.22649e+03  2.08512e+06  1.00402e-18  0.00000e+00  0.00000e+00  1.60217e-06
0212  4.96915e+18  2.22937e+03  2.09261e+06  9.87325e-19  0.00000e+00  0.00000e+00  1.59031e-06
0213  4.98757e+18  2.23216e+03  2.10017e+06  9.70982e-19  0.00000e+00  0.00000e+00  1.57859e-06
0214  5.00598e+18  2.23480e+03  2.10777e+06  9.55000e-19  0.00000e+00  0.00000e+00  1.56700e-06
0215  5.02440e+18  2.23727e+03  2.11535e+06  9.39384e-19  0.00000e+00  0.00000e+00  1.55553e-06
0216  5.04282e+18  2.23953e+03  2.12286e+06  9.24138e-19  0.00000e+00  0.00000e+00  1.54419e-06
0217  5.06123e+18  2.24156e+03  2.13027e+06  9.09263e-19  0.00000e+00  0.00000e+00  1.53298e-06
0218  5.07965e+18  2.24334e+03  2.13756e+06  8.94756e-19  0.00000e+00  0.00000e+00  1.52188e-06
0219  5.09806e+18  2.24487e+03  2.14471e+06  8.80611e-19  0.00000e+00  0.00000e+00  1.51091e-06
0220  5.11648e+18  2.24613e+03  2.15171e+06  8.66819e-19  0.00000e+00  0.00000e+00  1.50005e-06
0221  5.13489e+18  2.24713e+03  2.15856e+06  8.53370e-19  0.00000e+00  0.00000e+00  1.48931e-06
0222  5.15331e+18  2.24788e+03  2.16528e+06  8.40246e-19  0.00000e+00  0.00000e+00  1.47868e-06
0223  5.17172e+18  2.24840e+03  2.17186e+06  8.27429e-19  0.00000e+00  0.00000e+00  1.46817e-06
0224  5.19014e+18  2.24869e+03  2.17833e+06  8.14915e-19  0.00000e+00  0.00000e+00  1.45777e-06
0225  5.20856e+18  2.24877e+03  2.18469e+06  8.02691e-19  0.00000e+00  0.00000e+00  1.44748e-06
0226  5.22697e+18  2.24865e+03  2.19097e+06  7.90745e-19  0.00000e+00  0.00000e+00  1.43730e-06
0227  5.24539e+18  2.24834e+03  2.19717e+06  7.79064e-19  0.00000e+00  0.00000e+00  1.42723e-06
0228  5.26380e+18  2.24786e+03  2.20331e+06  7.67639e-19  0.00000e+00  0.00000e+00  1.41726e-06
0229  5.28222e+18  2.24723e+03  2.20939e+06  7.56458e-19  0.00000e+00  0.00000e+00  1.40739e-06
0230  5.30063e+18  2.24644e+03  2.21542e+06  7.45514e-19  0.00000e+00  0.00000e+00  1.39763e-06
0231  5.31905e+18  2.24550e+03  2.22139e+06  7.34798e-19  0.00000e+00  0.00000e+00  1.38797e-06
0232  5.33746e+18  2.24444e+03  2.22732e+06  7.24302e-19  0.00000e+00  0.00000e+00  1.37841e-06
0233  5.35588e+18  2.24326e+03  2.23318e+06  7.14020e-19  0.00000e+00  0.00000e+00  1.36894e-06
0234  5.37430e+18  2.24196e+03  2.23899e+06  7.03944e-19  0.00000e+00  0.00000e+00  1.35958e-06
0235  5.39271e+18  2.24057e+03  2.24473e+06  6.94068e-19  0.00000e+00  0.00000e+00  1.35031e-06
0236  5.41113e+18  2.23908e+03  2.25040e+06  6.84386e-19  0.00000e+00  0.00000e+00  1.34113e-06
0237  5.42954e+18  2.23750e+03  2.25600e+06  6.74893e-19  0.00000e+00  0.00000e+00  1.33205e-06
0238  5.44796e+18  2.23583e+03  2.26154e+06  6.65585e-19  0.00000e+00  0.00000e+00  1.32306e-06
0239  5.46637e+18  2.23406e+03  2.26702e+06  6.56457e-19  0.00000e+00  0.00000e+00  1.31416e-06
0240  5.48479e+18  2.23219e+03  2.27244e+06  6.47506e-19  0.00000e+00  0.00000e+00  1.30535e-06
0241  5.50320e+18  2.23022e+03  2.27780e+06  6.38727e-19  0.00000e+00  0.00000e+00  1.29663e-06
0242  5.52162e+18  2.22814e+03  2.28312e+06  6.30115e-19  0.00000e+00  0.00000e+00  1.28800e-06
0243  5.54004e+18  2.22597e+03  2.28839e+06  6.21666e-19  0.00000e+00  0.00000e+00  1.27945e-06
0244  5.55845e+18  2.22371e+03  2.29360e+06  6.13376e-19  0.00000e+00  0.00000e+00  1.27098e-06
0245  5.57687e+18  2.22136e+03  2.29876e+06  6.05239e-19  0.00000e+00  0.00000e+00  1.26260e-06
0246  5.59528e+18  2.21895e+03  2.30386e+06  5.97251e-19  0.00000e+00  0.00000e+00  1.25431e-06
0247  5.61370e+18  2.21646e+03  2.30890e+06  5.89407e-19  0.00000e+00  0.00000e+00  1.24609e-06
0248  5.63211e+18  2.21391e+03  2.31388e+06  5.81705e-19  0.00000e+00  0.00000e+00  1.23795e-06
0249  5.65053e+18  2.21131e+03  2.31880e+06  5.74139e-19  0.00000e+00  0.00000e+00  1.22990e-06
0250  5.66894e+18  2.20865e+03  2.32366e+06  5.66707e-19  0.00000e+00  0.00000e+00  1.22192e-06
0251  5.68736e+18  2.20593e+03  2.32846e+06  5.59406e-19  0.00000e+00  0.00000e+00  1.21402e-06
0252  5.70578e+18  2.20315e+03  2.33320e+06  5.52232e-19  0.00000e+00  0.00000e+00  1.20620e-06
0253  5.72419e+18  2.20031e+03  2.33790e+06  5.45184e-19  0.00000e+00  0.00000e+00  1.19845e-06
0254  5.74261e+18  2.19741e+03  2.34254e+06  5.38258e-19  0.00000e+00  0.00000e+00  1.19077e-06
0255  5.76102e+18  2.19445e+03  2.34714e+06  5.31451e-19  0.00000e+00  0.00000e+00  1.18317e-06
0256  5.77944e+18  2.19142e+03  2.35170e+06  5.24761e-19  0.00000e+00  0.00000e+00  1.17565e-06
0257  5.79785e+18  2.18834e+03  2.35622e+06  5.18184e-19  0.00000e+00  0.00000e+00  1.16819e-06
0258  5.81627e+18  2.18520e+03  2.36070e+06  5.11717e-19  0.00000e+00  0.00000e+00  1.16080e-06
0259  5.83468e+18  2.18202e+03  2.36514e+06  5.05357e-19  0.00000e+00  0.00000e+00  1.15349e-06
0260  5.85310e+18  2.17880e+03  2.36953e+06  4.99101e-19  0.00000e+00  0.00000e+00  1.14624e-06
0261  5.87152e+18  2.17555e+03  2.37388e+06  4.92947e-19  0.00000e+00  0.00000e+00  1.13906e-06
0262  5.88993e+18  2.17227e+03  2.37818e+06  4.86893e-19  0.00000e+00  0.00000e+00  1.13195e-06
0263  5.90835e+18  2.16896e+03  2.38243e+06  4.80983e-19  0.00000e+00  0.00000e+00  1.12490e-06
0264  5.92676e+18  2.16562e+03  2.38663e+06  4.75194e-19  0.00000e+00  0.00000e+00  1.11792e-06
0265  5.94518e+18  2.16226e+03  2.39078e+06  4.69498e-19  0.00000e+00  0.00000e+00  1.11101e-06
0266  5.96359e+18  2.15887e+03  2.39488e+06  4.63892e-19  0.00000e+00  0.00000e+00  1.10416e-06
0267  5.98201e+18  2.15545e+03  2.39892e+06  4.58376e-19  0.00000e+00  0.00000e+00  1.09737e-06
0268  6.00043e+18  2.15201e+03  2.40291e+06  4.52947e-19  0.00000e+00  0.00000e+00  1.09065e-06
0269  6.01884e+18  2.14853e+03  2.40686e+06  4.47604e-19  0.00000e+00  0.00000e+00  1.08398e-06
0270  6.03726e+18  2.14501e+03  2.41077e+06  4.42345e-19  0.00000e+00  0.00000e+00  1.07738e-06
0271  6.05567e+18  2.14146e+03  2.41464e+06  4.37169e-19  0.00000e+00  0.00000e+00  1.07084e-06
0272  6.07409e+18  2.13787e+03  2.41847e+06  4.32074e-19  0.00000e+00  0.00000e+00  1.06435e-06
0273  6.09250e+18  2.13424e+03  2.42227e+06  4.27058e-19  0.00000e+00  0.00000e+00  1.05793e-06
0274  6.11092e+18  2.13057e+03  2.42603e+06  4.22119e-19  0.00000e+00  0.00000e+00  1.05156e-06
0275  6.12933e+18  2.12686e+03  2.42976e+06  4.17257e-19  0.00000e+00  0.00000e+00  1.04525e-06
0276  6.14775e+18  2.12312e+03  2.43344e+06  4.12470e-19  0.00000e+00  0.00000e+00  1.03900e-06
0277  6.16617e+18  2.11935e+03  2.43708e+06  4.07755e-19  0.00000e+00  0.00000e+00  1.03280e-06
0278  6.18458e+18  2.11555e+03  2.44067e+06  4.03112e-19  0.00000e+00  0.00000e+00  1.02666e-06
0279  6.20300e+18  2.11171e+03  2.44420e+06  3.98539e-19  0.00000e+00  0.00000e+00  1.02057e-06
0280  6.22141e+18  2.10785e+03  2.44769e+06  3.94036e-19  0.00000e+00  0.00000e+00  1.01454e-06
0281  6.23983e+18  2.10396e+03  2.45111e+06  3.89601e-19  0.00000e+00  0.00000e+00  1.00856e-06
0282  6.25824e+18  2.10003e+03  2.45448e+06  3.85233e-19  0.00000e+00  0.00000e+00  1.00263e-06
0283  6.27666e+18  2.09607e+03  2.45778e+06  3.80931e-19  0.00000e+00  0.00000e+00  9.96760e-07
0284  6.29507e+18  2.09206e+03  2.46103e+06  3.76694e-19  0.00000e+00  0.00000e+00  9.90937e-07
0285  6.31349e+18  2.08801e+03  2.46422e+06  3.72522e-19  0.00000e+00  0.00000e+00  9.85164e-07
0286  6.33191e+18  2.08390e+03  2.46736e+06  3.68413e-19  0.00000e+00  0.00000e+00  9.79442e-07
0287  6.35032e+18  2.07975e+03  2.47044e+06  3.64367e-19  0.00000e+00  0.00000e+00  9.73770e-07
0288  6.36874e+18  2.07553e+03  2.47348e+06  3.60381e-19  0.00000e+00  0.00000e+00  9.68146e-07
0289  6.38715e+18  2.07127e+03  2.47646e+06  3.56455e-19  0.00000e+00  0.00000e+00  9.62572e-07
0290  6.40557e+18  2.06696e+03  2.47939e+06  3.52587e-19  0.00000e+00  0.00000e+00  9.57045e-07
0291  6.42398e+18  2.06260e+03  2.48227e+06  3.48774e-19  0.00000e+00  0.00000e+00  9.51566e-07
0292  6.44240e+18  2.05821e+03  2.48511e+06  3.45016e-19  0.00000e+00  0.00000e+00  9.46133e-07
0293  6.46081e+18  2.05382e+03  2.48787e+06  3.41310e-19  0.00000e+00  0.00000e+00  9.40747e-07
0294  6.47923e+18  2.04944e+03  2.49056e+06  3.37655e-19  0.00000e+00  0.00000e+00  9.35407e-07
0295  6.49765e+18  2.04510e+03  2.49314e+06  3.34048e-19  0.00000e+00  0.00000e+00  9.30113e-07
0296  6.51606e+18  2.04080e+03  2.49562e+06  3.30488e-19  0.00000e+00  0.00000e+00  9.24863e-07
0297  6.53448e+18  2.03654e+03  2.49799e+06  3.26977e-19  0.00000e+00  0.00000e+00  9.19657e-07
0298  6.55289e+18  2.03231e+03  2.50026e+06  3.23512e-19  0.00000e+00  0.00000e+00  9.14495e-07
0299  6.57131e+18  2.02810e+03  2.50244e+06  3.20094e-19  0.00000e+00  0.00000e+00  9.09377e-07
0300  6.58972e+18  2.02391e+03  2.50454e+06  3.16721e-19  0.00000e+00  0.00000e+00  9.04301e-07
0301  6.60814e+18  2.01972e+03  2.50657e+06  3.13393e-19  0.00000e+00  0.00000e+00  8.99268e-07
0302  6.62655e+18  2.01554e+03  2.50857e+06  3.10109e-19  0.00000e+00  0.00000e+00  8.94277e-07
0303  6.64497e+18  2.01134e+03  2.51052e+06  3.06867e-19  0.00000e+00  0.00000e+00  8.89327e-07
0304  6.66339e+18  2.00714e+03  2.51245e+06  3.03668e-19  0.00000e+00  0.00000e+00  8.84418e-07
0305  6.68180e+18  2.00292e+03  2.51435e+06  3.00509e-19  0.00000e+00  0.00000e+00  8.79550e-07
0306  6.70022e+18  1.99869e+03  2.51623e+06  2.97391e-19  0.00000e+00  0.00000e+00  8.74722e-07
0307  6.71863e+18  1.99444e+03  2.51810e+06  2.94314e-19  0.00000e+00  0.00000e+00  8.69933e-07
0308  6.73705e+18  1.99013e+03  2.51997e+06  2.91276e-19  0.00000e+00  0.00000e+00  8.65184e-07
0309  6.75546e+18  1.98574e+03  2.52189e+06  2.88278e-19  0.00000e+00  0.00000e+00  8.60473e-07
0310  6.77388e+18  1.98126e+03  2.52385e+06  2.85318e-19  0.00000e+00  0.00000e+00  8.55801e-07
0311  6.79229e+18  1.97669e+03  2.52586e+06  2.82396e-19  0.00000e+00  0.00000e+00  8.51167e-07
0312  6.81071e+18  1.97205e+03  2.52790e+06  2.79511e-19  0.00000e+00  0.00000e+00  8.46570e-07
0313  6.82913e+18  1.96737e+03  2.52996e+06  2.76660e-19  0.00000e+00  0.00000e+00  8.42010e-07
0314  6.84754e+18  1.96268e+03  2.53201e+06  2.73843e-19  0.00000e+00  0.00000e+00  8.37487e-07
0315  6.86596e+18  1.95801e+03  2.53404e+06  2.71059e-19  0.00000e+00  0.00000e+00  8.33001e-07
0316  6.88437e+18  1.95338e+03  2.53605e+06  2.68306e-19  0.00000e+00  0.00000e+00  8.28550e-07
0317  6.90279e+18  1.94880e+03  2.53800e+06  2.65800e-19  0.00000e+00  0.00000e+00  8.24135e-07
0318  6.92120e+18  1.94430e+03  2.53991e+06  2.63097e-19  0.00000e+00  0.00000e+00  8.19755e-07
0319  6.93962e+18  1.93989e+03  2.54177e+06  2.60425e-19  0.00000e+00  0.00000e+00  8.15410e-07
0320  6.95803e+18  1.93557e+03  2.54357e+06  2.57780e-19  0.00000e+00  0.00000e+00  8.11100e-07
0321  6.97645e+18  1.93135e+03  2.54533e+06  2.55164e-19  0.00000e+00  0.00000e+00  8.06824e-07
0322  6.99487e+18  1.92724e+03  2.54706e+06  2.52576e-19  0.00000e+00  0.00000e+00  8.02581e-07
0323  7.01328e+18  1.92322e+03  2.54875e+06  2.50015e-19  0.00000e+00  0.00000e+00  7.98371e-07
0324  7.03170e+18  1.91931e+03  2.55042e+06  2.47481e-19  0.00000e+00  0.00000e+00  7.94195e-07
0325  7.05011e+18  1.91552e+03  2.55205e+06  2.44973e-19  0.00000e+00  0.00000e+00  7.90052e-07
0326  7.06853e+18  1.91183e+03  2.55366e+06  2.42492e-19  0.00000e+00  0.00000e+00  7.85940e-07
0327  7.08694e+18  1.90825e+03  2.55525e+06  2.40037e-19  0.00000e+00  0.00000e+00  7.81861e-07
0328  7.10536e+18  1.90480e+03  2.55680e+06  2.37607e-19  0.00000e+00  0.00000e+00  7.77813e-07
0329  7.12378e+18  1.90147e+03  2.55831e+06  2.35204e-19  0.00000e+00  0.00000e+00  7.73797e-07
0330  7.14219e+18  1.89830e+03  2.55974e+06  2.32828e-19  0.00000e+00  0.00000e+00  7.69812e-07
0331  7.16061e+18  1.89522e+03  2.56115e+06  2.30478e-19  0.00000e+00  0.00000e+00  7.65858e-07
0332  7.17902e+18  1.89228e+03  2.56247e+06  2.28155e-19  0.00000e+00  0.00000e+00  7.61933e-07
0333  7.19744e+18  1.88948e+03  2.56371e+06  2.25859e-19  0.00000e+00  0.00000e+00  7.58039e-07
0334  7.21585e+18  1.88678e+03  2.56487e+06  2.23591e-19  0.00000e+00  0.00000e+00  7.54175e-07
0335  7.23427e+18  1.88420e+03  2.56593e+06  2.21351e-19  0.00000e+00  0.00000e+00  7.50340e-07
0336  7.25268e+18  1.88170e+03  2.56691e+06  2.19138e-19  0.00000e+00  0.00000e+00  7.46535e-07
0337  7.27110e+18  1.87928e+03  2.56778e+06  2.16954e-19  0.00000e+00  0.00000e+00  7.42758e-07
0338  7.28952e+18  1.87693e+03  2.56855e+06  2.14799e-19  0.00000e+00  0.00000e+00  7.39010e-07
0339  7.30793e+18  1.87463e+03  2.56922e+06  2.12672e-19  0.00000e+00  0.00000e+00  7.35290e-07
0340  7.32635e+18  1.87239e+03  2.56977e+06  2.10573e-19  0.00000e+00  0.00000e+00  7.31598e-07
0341  7.34476e+18  1.87020e+03  2.57021e+06  2.08503e-19  0.00000e+00  0.00000e+00  7.27934e-07
0342  7.36318e+18  1.86804e+03  2.57055e+06  2.06461e-19  0.00000e+00  0.00000e+00  7.24298e-07
0343  7.38159e+18  1.86593e+03  2.57077e+06  2.04445e-19  0.00000e+00  0.00000e+00  7.20688e-07
0344  7.40001e+18  1.86386e+03  2.57089e+06  2.02457e-19  0.00000e+00  0.00000e+00  7.17106e-07
0345  7.41842e+18  1.86185e+03  2.57090e+06  2.00495e-19  0.00000e+00  0.00000e+00  7.13550e-07
0346  7.43684e+18  1.85990e+03  2.57082e+06  1.98559e-19  0.00000e+00  0.00000e+00  7.10020e-07
0347  7.45526e+18  1.85802e+03  2.57067e+06  1.96647e-19  0.00000e+00  0.00000e+00  7.06517e-07
0348  7.47367e+18  1.85621e+03  2.57044e+06  1.94758e-19  0.00000e+00  0.00000e+00  7.03039e-07
0349  7.49209e+18  1.85450e+03  2.57017e+06  1.92892e-19  0.00000e+00  0.00000e+00  6.99587e-07
0350  7.51050e+18  1.85288e+03  2.56986e+06  1.91047e-19  0.00000e+00  0.00000e+00  6.96161e-07
0351  7.52892e+18  1.85137e+03  2.56954e+06  1.89223e-19  0.00000e+00  0.00000e+00  6.92759e-07
0352  7.54733e+18  1.85000e+03  2.56923e+06  1.87417e-19  0.00000e+00  0.00000e+00  6.89383e-07
0353  7.56575e+18  1.84876e+03  2.56894e+06  1.85630e-19  0.00000e+00  0.00000e+00  6.86031e-07
0354  7.58416e+18  1.84768e+03  2.56871e+06  1.83859e-19  0.00000e+00  0.00000e+00  6.82703e-07
0355  7.60258e+18  1.84679e+03  2.56855e+06  1.82104e-19  0.00000e+00  0.00000e+00  6.79400e-07
0356  7.62100e+18  1.84608e+03  2.56848e+06  1.80364e-19  0.00000e+00  0.00000e+00  6.76121e-07
0357  7.63941e+18  1.84558e+03  2.56851e+06  1.78638e-19  0.00000e+00  0.00000e+00  6.72865e-07
0358  7.65783e+18  1.84529e+03  2.56867e+06  1.76925e-19  0.00000e+00  0.00000e+00  6.69632e-07
0359  7.67624e+18  1.84527e+03  2.56903e+06  1.75222e-19  0.00000e+00  0.00000e+00  6.66423e-07
0360  7.69466e+18  1.84567e+03  2.56983e+06  1.73519e-19  0.00000e+00  0.00000e+00  6.63237e-07
0361  7.71307e+18  1.84679e+03  2.57149e+06  1.71797e-19  0.00000e+00  0.00000e+00  6.60074e-07
0362  7.73149e+18  1.84914e+03  2.57474e+06  1.70027e-19  0.00000e+00  0.00000e+00  6.56933e-07
0363  7.74990e+18  1.85313e+03  2.58019e+06  1.68185e-19  0.00000e+00  0.00000e+00  6.53815e-07
0364  7.76832e+18  1.85768e+03  2.58635e+06  1.66335e-19  0.00000e+00  0.00000e+00  6.50719e-07
0365  7.78674e+18  1.85793e+03  2.58645e+06  1.64760e-19  0.00000e+00  0.00000e+00  6.47644e-07
0366  7.80515e+18  1.85095e+03  2.57638e+06  1.63622e-19  0.00000e+00  0.00000e+00  6.44592e-07
0367  7.82357e+18  1.84173e+03  2.56309e+06  1.62623e-19  0.00000e+00  0.00000e+00  6.41561e-07
0368  7.84198e+18  1.82988e+03  2.54601e+06  1.61777e-19  0.00000e+00  0.00000e+00  6.38551e-07
0369  7.86040e+18  1.81135e+03  2.51946e+06  1.61099e-19  0.00000e+00  0.00000e+00  6.35563e-07
0370  7.87881e+18  1.77983e+03  2.47465e+06  1.62331e-19  0.00000e+00  0.00000e+00  6.32595e-07
0371  7.89723e+18  1.72665e+03  2.39940e+06  1.64915e-19  0.00000e+00  0.00000e+00  6.29648e-07
0372  7.91564e+18  1.64193e+03  2.27987e+06  1.69750e-19  0.00000e+00  0.00000e+00  6.26722e-07
0373  7.93406e+18  1.51832e+03  2.10569e+06  1.76707e-19  0.00000e+00  0.00000e+00  6.23816e-07
0374  7.95248e+18  1.35673e+03  1.87812e+06  1.85119e-19  0.00000e+00  0.00000e+00  6.20930e-07
0375  7.97089e+18  1.17026e+03  1.61539e+06  1.93211e-19  0.00000e+00  0.00000e+00  6.18064e-07
0376  7.98931e+18  9.80747e+02  1.34801e+06  2.08777e-19  0.00000e+00  0.00000e+00  6.15218e-07
0377  8.00772e+18  8.09228e+02  1.10545e+06  2.61024e-19  0.00000e+00  0.00000e+00  6.12392e-07
0378  8.02614e+18  6.68360e+02  9.05344e+05  3.65325e-19  0.00000e+00  0.00000e+00  6.09585e-07
0379  8.04455e+18  5.62813e+02  7.53998e+05  5.40953e-19  0.00000e+00  0.00000e+00  6.06797e-07
0380  8.06297e+18  4.94644e+02  6.53526e+05  7.30271e-19  0.00000e+00  0.00000e+00  6.04029e-07
0381  8.08139e+18  4.63753e+02  6.02694e+05  8.55029e-19  0.00000e+00  0.00000e+00  6.01279e-07
0382  8.09980e+18  4.56846e+02  5.83158e+05  9.05503e-19  0.00000e+00  0.00000e+00  5.98548e-07
0383  8.11822e+18  4.54946e+02  5.70203e+05  9.38345e-19  0.00000e+00  0.00000e+00  5.95835e-07
0384  8.13663e+18  4.54149e+02  5.58833e+05  9.66796e-19  0.00000e+00  0.00000e+00  5.93141e-07
0385  8.15505e+18  4.55282e+02  5.49950e+05  9.87005e-19  0.00000e+00  0.00000e+00  5.90466e-07
0386  8.17346e+18  4.58775e+02  5.43989e+05  9.96859e-19  0.00000e+00  0.00000e+00  5.87808e-07
0387  8.19188e+18  4.64672e+02  5.40954e+05  9.95845e-19  0.00000e+00  0.00000e+00  5.85168e-07
0388  8.21029e+18  4.72828e+02  5.40611e+05  9.84639e-19  0.00000e+00  0.00000e+00  5.82546e-07
0389  8.22871e+18  4.83055e+02  5.42674e+05  9.64503e-19  0.00000e+00  0.00000e+00  5.79941e-07
0390  8.24713e+18  4.95194e+02  5.46905e+05  9.36826e-19  0.00000e+00  0.00000e+00  5.77354e-07
0391  8.26554e+18  5.09140e+02  5.53147e+05  9.02909e-19  0.00000e+00  0.00000e+00  5.74784e-07
0392  8.28396e+18  5.24840e+02  5.61315e+05  8.63850e-19  0.00000e+00  0.00000e+00  5.72232e-07
0393  8.30237e+18  5.42292e+02  5.71381e+05  8.20801e-19  0.00000e+00  0.00000e+00  5.69696e-07
0394  8.32079e+18  5.61529e+02  5.83344e+05  7.76549e-19  0.00000e+00  0.00000e+00  5.67177e-07
0395  8.33920e+18  5.82578e+02  5.97180e+05  7.30183e-19  0.00000e+00  0.00000e+00  5.64675e-07
0396  8.35762e+18  6.05426e+02  6.12831e+05  6.82735e-19  0.00000e+00  0.00000e+00  5.62189e-07
0397  8.37603e+18  6.30017e+02  6.30201e+05  6.35206e-19  0.00000e+00  0.00000e+00  5.59720e-07
0398  8.39445e+18  6.56257e+02  6.49179e+05  5.88487e-19  0.00000e+00  0.00000e+00  5.57267e-07
0399  8.41287e+18  6.83991e+02  6.69587e+05  5.48179e-19  0.00000e+00  0.00000e+00  5.54830e-07
0400  8.43128e+18  7.12914e+02  6.91070e+05  5.10324e-19  0.00000e+00  0.00000e+00  5.52409e-07
0401  8.44970e+18  7.42552e+02  7.13145e+05  4.74763e-19  0.00000e+00  0.00000e+00  5.50003e-07
0402  8.46811e+18  7.72329e+02  7.35263e+05  4.42077e-19  0.00000e+00  0.00000e+00  5.47614e-07
0403  8.48653e+18  8.01657e+02  7.56883e+05  4.13482e-19  0.00000e+00  0.00000e+00  5.45240e-07
0404  8.50494e+18  8.30005e+02  7.77500e+05  3.88663e-19  0.00000e+00  0.00000e+00  5.42881e-07
0405  8.52336e+18  8.56955e+02  7.96726e+05  3.66876e-19  0.00000e+00  0.00000e+00  5.40538e-07
0406  8.54177e+18  8.82255e+02  8.14340e+05  3.47832e-19  0.00000e+00  0.00000e+00  5.38209e-07
0407  8.56019e+18  9.05858e+02  8.30305e+05  3.31207e-19  0.00000e+00  0.00000e+00  5.35896e-07
0408  8.57861e+18  9.27912e+02  8.44766e+05  3.16759e-19  0.00000e+00  0.00000e+00  5.33598e-07
0409  8.59702e+18  9.48676e+02  8.57981e+05  3.06915e-19  0.00000e+00  0.00000e+00  5.31314e-07
0410  8.61544e+18  9.68397e+02  8.70135e+05  2.96355e-19  0.00000e+00  0.00000e+00  5.29045e-07
0411  8.63385e+18  9.87276e+02  8.81422e+05  2.86663e-19  0.00000e+00  0.00000e+00  5.26791e-07
0412  8.65227e+18  1.00548e+03  8.92015e+05  2.77679e-19  0.00000e+00  0.00000e+00  5.24551e-07
0413  8.67068e+18  1.02317e+03  9.02051e+05  2.69279e-19  0.00000e+00  0.00000e+00  5.22325e-07
0414  8.68910e+18  1.04045e+03  9.11640e+05  2.61495e-19  0.00000e+00  0.00000e+00  5.20113e-07
0415  8.70751e+18  1.05742e+03  9.20855e+05  2.54399e-19  0.00000e+00  0.00000e+00  5.17916e-07
0416  8.72593e+18  1.07412e+03  9.29742e+05  2.47637e-19  0.00000e+00  0.00000e+00  5.15732e-07
0417  8.74435e+18  1.09057e+03  9.38327e+05  2.41180e-19  0.00000e+00  0.00000e+00  5.13562e-07
0418  8.76276e+18  1.10680e+03  9.46625e+05  2.35009e-19  0.00000e+00  0.00000e+00  5.11406e-07
0419  8.78118e+18  1.12280e+03  9.54643e+05  2.29107e-19  0.00000e+00  0.00000e+00  5.09263e-07
0420  8.79959e+18  1.13857e+03  9.62385e+05  2.23459e-19  0.00000e+00  0.00000e+00  5.07134e-07
0421  8.81801e+18  1.15412e+03  9.69856e+05  2.18052e-19  0.00000e+00  0.00000e+00  5.05018e-07
0422  8.83642e+18  1.16945e+03  9.77070e+05  2.12818e-19  0.00000e+00  0.00000e+00  5.02915e-07
0423  8.85484e+18  1.18458e+03  9.84043e+05  2.08127e-19  0.00000e+00  0.00000e+00  5.00825e-07
0424  8.87326e+18  1.19952e+03  9.90784e+05  2.03611e-19  0.00000e+00  0.00000e+00  4.98749e-07
0425  8.89167e+18  1.21427e+03  9.97297e+05  1.99260e-19  0.00000e+00  0.00000e+00  4.96685e-07
0426  8.91009e+18  1.22884e+03  1.00360e+06  1.95064e-19  0.00000e+00  0.00000e+00  4.94634e-07
0427  8.92850e+18  1.24325e+03  1.00971e+06  1.91009e-19  0.00000e+00  0.00000e+00  4.92595e-07
0428  8.94692e+18  1.25755e+03  1.01566e+06  1.87506e-19  0.00000e+00  0.00000e+00  4.90570e-07
0429  8.96533e+18  1.27176e+03  1.02149e+06  1.84214e-19  0.00000e+00  0.00000e+00  4.88556e-07
0430  8.98375e+18  1.28588e+03  1.02719e+06  1.80992e-19  0.00000e+00  0.00000e+00  4.86555e-07
0431  9.00216e+18  1.29992e+03  1.03278e+06  1.77839e-19  0.00000e+00  0.00000e+00  4.84567e-07
0432  9.02058e+18  1.31386e+03  1.03825e+06  1.74756e-19  0.00000e+00  0.00000e+00  4.82590e-07
0433  9.03900e+18  1.32769e+03  1.04361e+06  1.71741e-19  0.00000e+00  0.00000e+00  4.80626e-07
0434  9.05741e+18  1.34140e+03  1.04886e+06  1.68793e-19  0.00000e+00  0.00000e+00  4.78674e-07
0435  9.07583e+18  1.35499e+03  1.05401e+06  1.65912e-19  0.00000e+00  0.00000e+00  4.76733e-07
0436  9.09424e+18  1.36845e+03  1.05907e+06  1.63096e-19  0.00000e+00  0.00000e+00  4.74804e-07
0437  9.11266e+18  1.38176e+03  1.06403e+06  1.60343e-19  0.00000e+00  0.00000e+00  4.72887e-07
0438  9.13107e+18  1.39493e+03  1.06892e+06  1.57654e-19  0.00000e+00  0.00000e+00  4.70982e-07
0439  9.14949e+18  1.40794e+03  1.07373e+06  1.55025e-19  0.00000e+00  0.00000e+00  4.69088e-07
0440  9.16790e+18  1.42077e+03  1.07849e+06  1.52456e-19  0.00000e+00  0.00000e+00  4.67205e-07
0441  9.18632e+18  1.43343e+03  1.08320e+06  1.49946e-19  0.00000e+00  0.00000e+00  4.65334e-07
0442  9.20474e+18  1.44588e+03  1.08787e+06  1.47494e-19  0.00000e+00  0.00000e+00  4.63474e-07
0443  9.22315e+18  1.45813e+03  1.09251e+06  1.45099e-19  0.00000e+00  0.00000e+00  4.61625e-07
0444  9.24157e+18  1.47014e+03  1.09712e+06  1.42761e-19  0.00000e+00  0.00000e+00  4.59787e-07
0445  9.25998e+18  1.48193e+03  1.10172e+06  1.40477e-19  0.00000e+00  0.00000e+00  4.57960e-07
0446  9.27840e+18  1.49347e+03  1.10631e+06  1.38248e-19  0.00000e+00  0.00000e+00  4.56144e-07
0447  9.29681e+18  1.50478e+03  1.11089e+06  1.36108e-19  0.00000e+00  0.00000e+00  4.54338e-07
0448  9.31523e+18  1.51585e+03  1.11547e+06  1.34055e-19  0.00000e+00  0.00000e+00  4.52544e-07
0449  9.33364e+18  1.52671e+03  1.12005e+06  1.32046e-19  0.00000e+00  0.00000e+00  4.50760e-07
0450  9.35206e+18  1.53735e+03  1.12463e+06  1.30081e-19  0.00000e+00  0.00000e+00  4.48986e-07
0451  9.37048e+18  1.54779e+03  1.12919e+06  1.28158e-19  0.00000e+00  0.00000e+00  4.47223e-07
0452  9.38889e+18  1.55805e+03  1.13373e+06  1.26278e-19  0.00000e+00  0.00000e+00  4.45470e-07
0453  9.40731e+18  1.56813e+03  1.13825e+06  1.24437e-19  0.00000e+00  0.00000e+00  4.43728e-07
0454  9.42572e+18  1.57805e+03  1.14275e+06  1.22642e-19  0.00000e+00  0.00000e+00  4.41996e-07
0455  9.44414e+18  1.58782e+03  1.14722e+06  1.20909e-19  0.00000e+00  0.00000e+00  4.40274e-07
0456  9.46255e+18  1.59745e+03  1.15166e+06  1.19211e-19  0.00000e+00  0.00000e+00  4.38562e-07
0457  9.48097e+18  1.60694e+03  1.15608e+06  1.17548e-19  0.00000e+00  0.00000e+00  4.36860e-07
0458  9.49939e+18  1.61629e+03  1.16046e+06  1.15918e-19  0.00000e+00  0.00000e+00  4.35168e-07
0459  9.51780e+18  1.62549e+03  1.16482e+06  1.14323e-19  0.00000e+00  0.00000e+00  4.33485e-07
0460  9.53622e+18  1.63453e+03  1.16916e+06  1.12761e-19  0.00000e+00  0.00000e+00  4.31813e-07
0461  9.55463e+18  1.64341e+03  1.17347e+06  1.11231e-19  0.00000e+00  0.00000e+00  4.30150e-07
0462  9.57305e+18  1.65213e+03  1.17776e+06  1.09734e-19  0.00000e+00  0.00000e+00  4.28496e-07
0463  9.59146e+18  1.66067e+03  1.18203e+06  1.08269e-19  0.00000e+00  0.00000e+00  4.26853e-07
0464  9.60988e+18  1.66904e+03  1.18627e+06  1.06835e-19  0.00000e+00  0.00000e+00  4.25218e-07
0465  9.62829e+18  1.67724e+03  1.19048e+06  1.05431e-19  0.00000e+00  0.00000e+00  4.23593e-07
0466  9.64671e+18  1.68528e+03  1.19466e+06  1.04058e-19  0.00000e+00  0.00000e+00  4.21977e-07
0467  9.66513e+18  1.69317e+03  1.19880e+06  1.02714e-19  0.00000e+00  0.00000e+00  4.20371e-07
0468  9.68354e+18  1.70091e+03  1.20290e+06  1.01397e-19  0.00000e+00  0.00000e+00  4.18773e-07
0469  9.70196e+18  1.70852e+03  1.20695e+06  1.00108e-19  0.00000e+00  0.00000e+00  4.17185e-07
0470  9.72037e+18  1.71598e+03  1.21096e+06  9.88460e-20  0.00000e+00  0.00000e+00  4.15606e-07
0471  9.73879e+18  1.72331e+03  1.21493e+06  9.76098e-20  0.00000e+00  0.00000e+00  4.14036e-07
0472  9.75720e+18  1.73049e+03  1.21886e+06  9.63990e-20  0.00000e+00  0.00000e+00  4.12474e-07
0473  9.77562e+18  1.73754e+03  1.22275e+06  9.52129e-20  0.00000e+00  0.00000e+00  4.10922e-07
0474  9.79403e+18  1.74435e+03  1.22665e+06  9.40529e-20  0.00000e+00  0.00000e+00  4.09378e-07
0475  9.81245e+18  1.75093e+03  1.23055e+06  9.29185e-20  0.00000e+00  0.00000e+00  4.07843e-07
0476  9.83087e+18  1.75730e+03  1.23446e+06  9.18084e-20  0.00000e+00  0.00000e+00  4.06316e-07
0477  9.84928e+18  1.76346e+03  1.23836e+06  9.07220e-20  0.00000e+00  0.00000e+00  4.04798e-07
0478  9.86770e+18  1.76943e+03  1.24226e+06  8.96584e-20  0.00000e+00  0.00000e+00  4.03289e-07
0479  9.88611e+18  1.77521e+03  1.24616e+06  8.86167e-20  0.00000e+00  0.00000e+00  4.01788e-07
0480  9.90453e+18  1.78082e+03  1.25005e+06  8.75964e-20  0.00000e+00  0.00000e+00  4.00295e-07
0481  9.92294e+18  1.78625e+03  1.25392e+06  8.65967e-20  0.00000e+00  0.00000e+00  3.98810e-07
0482  9.94136e+18  1.79153e+03  1.25778e+06  8.56171e-20  0.00000e+00  0.00000e+00  3.97334e-07
0483  9.95977e+18  1.79665e+03  1.26161e+06  8.46570e-20  0.00000e+00  0.00000e+00  3.95866e-07
0484  9.97819e+18  1.80167e+03  1.26541e+06  8.37149e-20  0.00000e+00  0.00000e+00  3.94406e-07
0485  9.99661e+18  1.80663e+03  1.26916e+06  8.26667e-20  0.00000e+00  0.00000e+00  3.92955e-07
0486  1.00150e+19  1.81157e+03  1.27287e+06  8.18092e-20  0.00000e+00  0.00000e+00  3.91511e-07
0487  1.00334e+19  1.81655e+03  1.27653e+06  8.09631e-20  0.00000e+00  0.00000e+00  3.90075e-07
0488  1.00519e+19  1.82156e+03  1.28013e+06  8.01281e-20  0.00000e+00  0.00000e+00  3.88647e-07
0489  1.00703e+19  1.82659e+03  1.28368e+06  7.93042e-20  0.00000e+00  0.00000e+00  3.87227e-07
0490  1.00887e+19  1.83163e+03  1.28717e+06  7.84915e-20  0.00000e+00  0.00000e+00  3.85814e-07
0491  1.01071e+19  1.83666e+03  1.29063e+06  7.76900e-20  0.00000e+00  0.00000e+00  3.84410e-07
0492  1.01255e+19  1.84166e+03  1.29404e+06  7.68999e-20  0.00000e+00  0.00000e+00  3.83013e-07
0493  1.01439e+19  1.84665e+03  1.29741e+06  7.61207e-20  0.00000e+00  0.00000e+00  3.81623e-07
0494  1.01623e+19  1.85167e+03  1.30070e+06  7.53519e-20  0.00000e+00  0.00000e+00  3.80242e-07
0495  1.01808e+19  1.85671e+03  1.30394e+06  7.45934e-20  0.00000e+00  0.00000e+00  3.78867e-07
0496  1.01992e+19  1.86177e+03  1.30711e+06  7.38451e-20  0.00000e+00  0.00000e+00  3.77500e-07
0497  1.02176e+19  1.86685e+03  1.31021e+06  7.31067e-20  0.00000e+00  0.00000e+00  3.76141e-07
0498  1.02360e+19  1.87195e+03  1.31326e+06  7.23780e-20  0.00000e+00  0.00000e+00  3.74789e-07
0499  1.02544e+19  1.87708e+03  1.31623e+06  7.16587e-20  0.00000e+00  0.00000e+00  3.73444e-07
0500  1.02728e+19  1.88224e+03  1.31915e+06  7.09485e-20  0.00000e+00  0.00000e+00  3.72106e-07
0501  1.02913e+19  1.88743e+03  1.32201e+06  7.02471e-20  0.00000e+00  0.00000e+00  3.70775e-07
0502  1.03097e+19  1.89265e+03  1.32482e+06  6.95542e-20  0.00000e+00  0.00000e+00  3.69452e-07
0503  1.03281e+19  1.89789e+03  1.32760e+06  6.88695e-20  0.00000e+00  0.00000e+00  3.68136e-07
0504  1.03465e+19  1.90315e+03  1.33034e+06  6.81927e-20  0.00000e+00  0.00000e+00  3.66826e-07
0505  1.03649e+19  1.90843e+03  1.33307e+06  6.75234e-20  0.00000e+00  0.00000e+00  3.65524e-07
0506  1.03833e+19  1.91374e+03  1.33577e+06  6.68617e-20  0.00000e+00  0.00000e+00  3.64229e-07
0507  1.04017e+19  1.91906e+03  1.33845e+06  6.62074e-20  0.00000e+00  0.00000e+00  3.62940e-07
0508  1.04202e+19  1.92439e+03  1.34110e+06  6.55230e-20  0.00000e+00  0.00000e+00  3.61658e-07
0509  1.04386e+19  1.92973e+03  1.34374e+06  6.48970e-20  0.00000e+00  0.00000e+00  3.60383e-07
0510  1.04570e+19  1.93505e+03  1.34634e+06  6.42784e-20  0.00000e+00  0.00000e+00  3.59115e-07
0511  1.04754e+19  1.94036e+03  1.34892e+06  6.36672e-20  0.00000e+00  0.00000e+00  3.57854e-07
0512  1.04938e+19  1.94566e+03  1.35145e+06  6.30634e-20  0.00000e+00  0.00000e+00  3.56599e-07
0513  1.05122e+19  1.95093e+03  1.35396e+06  6.24671e-20  0.00000e+00  0.00000e+00  3.55350e-07
0514  1.05307e+19  1.95618e+03  1.35643e+06  6.18779e-20  0.00000e+00  0.00000e+00  3.54109e-07
0515  1.05491e+19  1.96142e+03  1.35886e+06  6.12957e-20  0.00000e+00  0.00000e+00  3.52873e-07
0516  1.05675e+19  1.96665e+03  1.36127e+06  6.07204e-20  0.00000e+00  0.00000e+00  3.51645e-07
0517  1.05859e+19  1.97186e+03  1.36365e+06  6.01519e-20  0.00000e+00  0.00000e+00  3.50422e-07
0518  1.06043e+19  1.97706e+03  1.36600e+06  5.95901e-20  0.00000e+00  0.00000e+00  3.49206e-07
0519  1.06227e+19  1.98224e+03  1.36832e+06  5.90348e-20  0.00000e+00  0.00000e+00  3.47996e-07
0520  1.06412e+19  1.98742e+03  1.37061e+06  5.84860e-20  0.00000e+00  0.00000e+00  3.46793e-07
0521  1.06596e+19  1.99258e+03  1.37287e+06  5.79435e-20  0.00000e+00  0.00000e+00  3.45596e-07
0522  1.06780e+19  1.99773e+03  1.37511e+06  5.74073e-20  0.00000e+00  0.00000e+00  3.44405e-07
0523  1.06964e+19  2.00287e+03  1.37732e+06  5.68772e-20  0.00000e+00  0.00000e+00  3.43220e-07
0524  1.07148e+19  2.00800e+03  1.37950e+06  5.63532e-20  0.00000e+00  0.00000e+00  3.42041e-07
0525  1.07332e+19  2.01311e+03  1.38166e+06  5.58352e-20  0.00000e+00  0.00000e+00  3.40868e-07
0526  1.07516e+19  2.01822e+03  1.38378e+06  5.53232e-20  0.00000e+00  0.00000e+00  3.39702e-07
0527  1.07701e+19  2.02331e+03  1.38589e+06  5.48169e-20  0.00000e+00  0.00000e+00  3.38541e-07
0528  1.07885e+19  2.02839e+03  1.38796e+06  5.43165e-20  0.00000e+00  0.00000e+00  3.37386e-07
0529  1.08069e+19  2.03346e+03  1.39001e+06  5.38217e-20  0.00000e+00  0.00000e+00  3.36237e-07
0530  1.08253e+19  2.03852e+03  1.39204e+06  5.33326e-20  0.00000e+00  0.00000e+00  3.35094e-07
0531  1.08437e+19  2.04356e+03  1.39404e+06  5.28491e-20  0.00000e+00  0.00000e+00  3.33957e-07
0532  1.08621e+19  2.04858e+03  1.39602e+06  5.23712e-20  0.00000e+00  0.00000e+00  3.32826e-07
0533  1.08806e+19  2.05358e+03  1.39797e+06  5.18987e-20  0.00000e+00  0.00000e+00  3.31700e-07
0534  1.08990e+19  2.05857e+03  1.39989e+06  5.14317e-20  0.00000e+00  0.00000e+00  3.30580e-07
0535  1.09174e+19  2.06353e+03  1.40180e+06  5.09701e-20  0.00000e+00  0.00000e+00  3.29466e-07
0536  1.09358e+19  2.06847e+03  1.40367e+06  5.05139e-20  0.00000e+00  0.00000e+00  3.28357e-07
0537  1.09542e+19  2.07338e+03  1.40553e+06  5.00631e-20  0.00000e+00  0.00000e+00  3.27254e-07
0538  1.09726e+19  2.07826e+03  1.40736e+06  4.96175e-20  0.00000e+00  0.00000e+00  3.26156e-07
0539  1.09910e+19  2.08312e+03  1.40916e+06  4.91773e-20  0.00000e+00  0.00000e+00  3.25064e-07
0540  1.10095e+19  2.08794e+03  1.41094e+06  4.87424e-20  0.00000e+00  0.00000e+00  3.23978e-07
0541  1.10279e+19  2.09272e+03  1.41269e+06  4.83127e-20  0.00000e+00  0.00000e+00  3.22897e-07
0542  1.10463e+19  2.09747e+03  1.41442e+06  4.78883e-20  0.00000e+00  0.00000e+00  3.21821e-07
0543  1.10647e+19  2.10218e+03  1.41611e+06  4.74691e-20  0.00000e+00  0.00000e+00  3.20751e-07
0544  1.10831e+19  2.10684e+03  1.41778e+06  4.70551e-20  0.00000e+00  0.00000e+00  3.19686e-07
0545  1.11015e+19  2.11146e+03  1.41942e+06  4.66463e-20  0.00000e+00  0.00000e+00  3.18626e-07
0546  1.11200e+19  2.11602e+03  1.42102e+06  4.62428e-20  0.00000e+00  0.00000e+00  3.17571e-07
0547  1.11384e+19  2.12054e+03  1.42259e+06  4.58444e-20  0.00000e+00  0.00000e+00  3.16522e-07
0548  1.11568e+19  2.12500e+03  1.42413e+06  4.54512e-20  0.00000e+00  0.00000e+00  3.15478e-07
0549  1.11752e+19  2.12940e+03  1.42563e+06  4.50631e-20  0.00000e+00  0.00000e+00  3.14439e-07
0550  1.11936e+19  2.13375e+03  1.42710e+06  4.46802e-20  0.00000e+00  0.00000e+00  3.13405e-07
0551  1.12120e+19  2.13805e+03  1.42853e+06  4.43021e-20  0.00000e+00  0.00000e+00  3.12377e-07
0552  1.12305e+19  2.14221e+03  1.42991e+06  4.39303e-20  0.00000e+00  0.00000e+00  3.11353e-07
0553  1.12489e+19  2.14663e+03  1.43130e+06  4.35579e-20  0.00000e+00  0.00000e+00  3.10335e-07
0554  1.12673e+19  2.14968e+03  1.43248e+06  4.32129e-20  0.00000e+00  0.00000e+00  3.09321e-07
0555  1.12857e+19  2.16001e+03  1.43444e+06  4.27486e-20  0.00000e+00  0.00000e+00  3.08312e-07
