# Athena++ data at time=9.180000e+12  cycle=615153301  variables=prim 
# i       x1v         rho          press          vel1         vel2         vel3     
0002  1.13875e+18  2.14917e-18  8.97288e-06 -4.09800e+05  1.46607e-09  0.00000e+00
0003  1.15716e+18  9.91565e-19  5.45956e-06  2.43594e+05  7.93074e-03  0.00000e+00
0004  1.17558e+18  6.41286e-19  4.33775e-06  3.11370e+05  1.74215e-02  0.00000e+00
0005  1.19399e+18  4.31072e-19  3.63779e-06  4.31074e+05  2.60041e-02  0.00000e+00
0006  1.21241e+18  2.83179e-19  3.17893e-06  6.30627e+05  3.34733e-02  0.00000e+00
0007  1.23082e+18  1.70276e-19  2.89032e-06  9.60056e+05  4.01730e-02  0.00000e+00
0008  1.24924e+18  1.39930e-19  2.63488e-06  1.18967e+06  4.61857e-02  0.00000e+00
0009  1.26765e+18  1.25873e-19  2.48276e-06  1.25753e+06  5.17674e-02  0.00000e+00
0010  1.28607e+18  1.14905e-19  2.34262e-06  1.33326e+06  5.69943e-02  0.00000e+00
0011  1.30448e+18  1.06792e-19  2.21649e-06  1.39560e+06  6.19065e-02  0.00000e+00
0012  1.32290e+18  9.98068e-20  2.10580e-06  1.44948e+06  6.65447e-02  0.00000e+00
0013  1.34131e+18  9.33614e-20  2.00320e-06  1.50695e+06  7.09317e-02  0.00000e+00
0014  1.35973e+18  8.75135e-20  1.90930e-06  1.56415e+06  7.50887e-02  0.00000e+00
0015  1.37814e+18  8.24346e-20  1.82298e-06  1.61716e+06  7.90338e-02  0.00000e+00
0016  1.39656e+18  7.78874e-20  1.74446e-06  1.66616e+06  8.27865e-02  0.00000e+00
0017  1.41497e+18  7.36956e-20  1.67178e-06  1.71497e+06  8.63614e-02  0.00000e+00
0018  1.43339e+18  6.98516e-20  1.60473e-06  1.76261e+06  8.97739e-02  0.00000e+00
0019  1.45180e+18  6.67281e-20  1.54165e-06  1.80138e+06  9.30317e-02  0.00000e+00
0020  1.47022e+18  6.35916e-20  1.48572e-06  1.83968e+06  9.61544e-02  0.00000e+00
0021  1.48863e+18  6.04282e-20  1.43086e-06  1.88849e+06  9.91465e-02  0.00000e+00
0022  1.50705e+18  5.78120e-20  1.37948e-06  1.92879e+06  1.02014e-01  0.00000e+00
0023  1.52546e+18  5.53940e-20  1.33367e-06  1.96277e+06  1.04771e-01  0.00000e+00
0024  1.54388e+18  5.30245e-20  1.28950e-06  2.00186e+06  1.07423e-01  0.00000e+00
0027  1.56229e+18  5.07857e-20  1.24795e-06  2.04132e+06  1.09978e-01  0.00000e+00
0028  1.58071e+18  4.86844e-20  1.20901e-06  2.08011e+06  1.12440e-01  0.00000e+00
0029  1.59912e+18  4.67009e-20  1.17240e-06  2.11878e+06  1.14816e-01  0.00000e+00
0030  1.61754e+18  4.48176e-20  1.13789e-06  2.15780e+06  1.17112e-01  0.00000e+00
0031  1.63595e+18  4.30203e-20  1.10530e-06  2.19756e+06  1.19332e-01  0.00000e+00
0032  1.65437e+18  4.12976e-20  1.07453e-06  2.23832e+06  1.21482e-01  0.00000e+00
0033  1.67278e+18  3.96614e-20  1.04551e-06  2.27920e+06  1.23565e-01  0.00000e+00
0034  1.69120e+18  3.82032e-20  1.01821e-06  2.31567e+06  1.25586e-01  0.00000e+00
0035  1.70961e+18  3.69267e-20  9.93097e-07  2.34445e+06  1.27551e-01  0.00000e+00
0036  1.72803e+18  3.57836e-20  9.69619e-07  2.36822e+06  1.29464e-01  0.00000e+00
0037  1.74644e+18  3.46918e-20  9.47551e-07  2.39105e+06  1.31331e-01  0.00000e+00
0038  1.76486e+18  3.36109e-20  9.26263e-07  2.41657e+06  1.33152e-01  0.00000e+00
0039  1.78328e+18  3.25460e-20  9.05790e-07  2.44436e+06  1.34930e-01  0.00000e+00
0040  1.80169e+18  3.15067e-20  8.86180e-07  2.47368e+06  1.36668e-01  0.00000e+00
0041  1.82011e+18  3.04968e-20  8.67445e-07  2.50421e+06  1.38366e-01  0.00000e+00
0042  1.83852e+18  2.95183e-20  8.49598e-07  2.53555e+06  1.40027e-01  0.00000e+00
0043  1.85694e+18  2.86754e-20  8.32716e-07  2.56350e+06  1.41651e-01  0.00000e+00
0044  1.87535e+18  2.79733e-20  8.16495e-07  2.57820e+06  1.43253e-01  0.00000e+00
0045  1.89377e+18  2.68612e-20  8.02204e-07  2.59296e+06  1.44881e-01  0.00000e+00
0046  1.91218e+18  2.50209e-20  7.89764e-07  2.64700e+06  1.46467e-01  0.00000e+00
0047  1.93060e+18  2.49069e-20  7.77113e-07  2.73636e+06  1.47853e-01  0.00000e+00
0048  1.94901e+18  2.54298e-20  7.57371e-07  2.76183e+06  1.49080e-01  0.00000e+00
0049  1.96743e+18  2.60058e-20  7.43480e-07  2.68606e+06  1.50450e-01  0.00000e+00
0050  1.98584e+18  2.47716e-20  7.29837e-07  2.50342e+06  1.52367e-01  0.00000e+00
0051  2.00426e+18  1.90485e-20  7.57282e-07  2.50966e+06  1.54912e-01  0.00000e+00
0052  2.02267e+18  1.67312e-20  7.63873e-07  2.99100e+06  1.56721e-01  0.00000e+00
0053  2.04109e+18  1.90795e-20  7.14873e-07  3.46515e+06  1.56730e-01  0.00000e+00
0054  2.05951e+18  2.33632e-20  6.79791e-07  3.26271e+06  1.56744e-01  0.00000e+00
0055  2.07792e+18  2.48897e-20  6.72826e-07  2.99108e+06  1.57321e-01  0.00000e+00
0056  2.09634e+18  2.50943e-20  6.65255e-07  2.78499e+06  1.59074e-01  0.00000e+00
0057  2.11475e+18  2.47479e-20  6.54068e-07  2.65829e+06  1.61475e-01  0.00000e+00
0058  2.13317e+18  2.41140e-20  6.40876e-07  2.60958e+06  1.62873e-01  0.00000e+00
0059  2.15158e+18  2.34431e-20  6.27905e-07  2.61562e+06  1.63281e-01  0.00000e+00
0060  2.17000e+18  2.27424e-20  6.15075e-07  2.64177e+06  1.63508e-01  0.00000e+00
0061  2.18841e+18  2.21685e-20  6.03658e-07  2.67748e+06  1.63862e-01  0.00000e+00
0062  2.20683e+18  2.17500e-20  5.93374e-07  2.71583e+06  1.64511e-01  0.00000e+00
0063  2.22524e+18  2.14424e-20  5.83844e-07  2.75395e+06  1.65470e-01  0.00000e+00
0064  2.24366e+18  2.11985e-20  5.74850e-07  2.78971e+06  1.66575e-01  0.00000e+00
0065  2.26207e+18  2.09762e-20  5.66335e-07  2.82216e+06  1.67627e-01  0.00000e+00
0066  2.28049e+18  2.07409e-20  5.57942e-07  2.85087e+06  1.68557e-01  0.00000e+00
0067  2.29891e+18  2.04692e-20  5.49468e-07  2.87585e+06  1.69419e-01  0.00000e+00
0068  2.31732e+18  2.01566e-20  5.40853e-07  2.89859e+06  1.70295e-01  0.00000e+00
0069  2.33574e+18  1.98126e-20  5.32159e-07  2.92093e+06  1.71230e-01  0.00000e+00
0070  2.35415e+18  1.94526e-20  5.23505e-07  2.94345e+06  1.72208e-01  0.00000e+00
0071  2.37257e+18  1.90936e-20  5.15021e-07  2.96431e+06  1.73177e-01  0.00000e+00
0072  2.39098e+18  1.87551e-20  5.06844e-07  2.98010e+06  1.74095e-01  0.00000e+00
0073  2.40940e+18  1.84059e-20  4.98754e-07  2.98705e+06  1.74960e-01  0.00000e+00
0074  2.42781e+18  1.80507e-20  4.90844e-07  2.98539e+06  1.75791e-01  0.00000e+00
0075  2.44623e+18  1.77296e-20  4.83264e-07  2.97891e+06  1.76602e-01  0.00000e+00
0076  2.46464e+18  1.74511e-20  4.75965e-07  2.97212e+06  1.77394e-01  0.00000e+00
0077  2.48306e+18  1.72106e-20  4.68989e-07  2.97255e+06  1.78161e-01  0.00000e+00
0078  2.50147e+18  1.69537e-20  4.62020e-07  2.98078e+06  1.78905e-01  0.00000e+00
0079  2.51989e+18  1.66779e-20  4.55098e-07  2.99881e+06  1.79630e-01  0.00000e+00
0080  2.53831e+18  1.64015e-20  4.48342e-07  3.02149e+06  1.80316e-01  0.00000e+00
0081  2.55672e+18  1.62870e-20  4.42530e-07  3.04404e+06  1.80949e-01  0.00000e+00
0082  2.57514e+18  1.60970e-20  4.36413e-07  3.05539e+06  1.81692e-01  0.00000e+00
0083  2.59355e+18  1.41092e-20  4.29290e-07  3.08133e+06  1.83000e-01  0.00000e+00
0084  2.61197e+18  8.23441e-21  4.50133e-07  3.60676e+06  1.85194e-01  0.00000e+00
0085  2.63038e+18  4.55170e-21  3.96056e-07  5.36975e+06  1.87984e-01  0.00000e+00
0086  2.64880e+18  3.34908e-21  3.79451e-07  6.33297e+06  1.91137e-01  0.00000e+00
0087  2.66721e+18  2.81785e-21  3.70356e-07  6.95394e+06  1.94478e-01  0.00000e+00
0088  2.68563e+18  2.50043e-21  3.63237e-07  7.42387e+06  1.97933e-01  0.00000e+00
0089  2.70404e+18  2.27602e-21  3.56788e-07  7.81529e+06  2.01463e-01  0.00000e+00
0090  2.72246e+18  2.10361e-21  3.50975e-07  8.15875e+06  2.05045e-01  0.00000e+00
0091  2.74088e+18  1.96507e-21  3.45745e-07  8.46894e+06  2.08671e-01  0.00000e+00
0092  2.75929e+18  1.84815e-21  3.41179e-07  8.75548e+06  2.12337e-01  0.00000e+00
0093  2.77771e+18  1.74655e-21  3.36926e-07  9.03050e+06  2.16036e-01  0.00000e+00
0094  2.79612e+18  1.65721e-21  3.32984e-07  9.29318e+06  2.19762e-01  0.00000e+00
0095  2.81454e+18  1.57776e-21  3.29286e-07  9.54445e+06  2.23509e-01  0.00000e+00
0096  2.83295e+18  1.50661e-21  3.25793e-07  9.78406e+06  2.27273e-01  0.00000e+00
0097  2.85137e+18  1.44240e-21  3.22492e-07  1.00123e+07  2.31052e-01  0.00000e+00
0098  2.86978e+18  1.38412e-21  3.19332e-07  1.02296e+07  2.34842e-01  0.00000e+00
0099  2.88820e+18  1.33104e-21  3.16291e-07  1.04355e+07  2.38643e-01  0.00000e+00
0100  2.90661e+18  1.28238e-21  3.13347e-07  1.06305e+07  2.42456e-01  0.00000e+00
0101  2.92503e+18  1.23747e-21  3.10482e-07  1.08160e+07  2.46281e-01  0.00000e+00
0102  2.94345e+18  1.19580e-21  3.07727e-07  1.09929e+07  2.50123e-01  0.00000e+00
0103  2.96186e+18  1.15711e-21  3.05079e-07  1.11631e+07  2.53983e-01  0.00000e+00
0104  2.98028e+18  1.12121e-21  3.02581e-07  1.13265e+07  2.57868e-01  0.00000e+00
0105  2.99869e+18  1.08787e-21  3.00242e-07  1.14836e+07  2.61781e-01  0.00000e+00
0106  3.01711e+18  1.05683e-21  2.98056e-07  1.16344e+07  2.65728e-01  0.00000e+00
0107  3.03552e+18  1.02785e-21  2.96009e-07  1.17786e+07  2.69713e-01  0.00000e+00
0108  3.05394e+18  1.00071e-21  2.94082e-07  1.19159e+07  2.73740e-01  0.00000e+00
0109  3.07235e+18  9.75237e-22  2.92257e-07  1.20463e+07  2.77812e-01  0.00000e+00
0110  3.09077e+18  9.51245e-22  2.90519e-07  1.21698e+07  2.81934e-01  0.00000e+00
0111  3.10918e+18  9.28582e-22  2.88853e-07  1.22867e+07  2.86108e-01  0.00000e+00
0112  3.12760e+18  9.07121e-22  2.87249e-07  1.23972e+07  2.90336e-01  0.00000e+00
0113  3.14602e+18  8.86755e-22  2.85700e-07  1.25012e+07  2.94622e-01  0.00000e+00
0114  3.16443e+18  8.67390e-22  2.84200e-07  1.25988e+07  2.98969e-01  0.00000e+00
0115  3.18285e+18  8.48947e-22  2.82747e-07  1.26900e+07  3.03381e-01  0.00000e+00
0116  3.20126e+18  8.31360e-22  2.81344e-07  1.27750e+07  3.07861e-01  0.00000e+00
0117  3.21968e+18  8.14577e-22  2.79997e-07  1.28541e+07  3.12413e-01  0.00000e+00
0118  3.23809e+18  7.98545e-22  2.78713e-07  1.29278e+07  3.17039e-01  0.00000e+00
0119  3.25651e+18  7.83234e-22  2.77496e-07  1.29970e+07  3.21741e-01  0.00000e+00
0120  3.27492e+18  7.68620e-22  2.76353e-07  1.30617e+07  3.26522e-01  0.00000e+00
0121  3.29334e+18  7.54669e-22  2.75281e-07  1.31226e+07  3.31379e-01  0.00000e+00
0122  3.31176e+18  7.41345e-22  2.74275e-07  1.31799e+07  3.36311e-01  0.00000e+00
0123  3.33017e+18  7.28612e-22  2.73327e-07  1.32338e+07  3.41313e-01  0.00000e+00
0124  3.34859e+18  7.16439e-22  2.72427e-07  1.32845e+07  3.46381e-01  0.00000e+00
0125  3.36700e+18  7.04797e-22  2.71564e-07  1.33319e+07  3.51507e-01  0.00000e+00
0126  3.38542e+18  6.93662e-22  2.70731e-07  1.33761e+07  3.56686e-01  0.00000e+00
0127  3.40383e+18  6.83012e-22  2.69923e-07  1.34171e+07  3.61911e-01  0.00000e+00
0128  3.42225e+18  6.72829e-22  2.69138e-07  1.34549e+07  3.67176e-01  0.00000e+00
0129  3.44066e+18  6.63089e-22  2.68374e-07  1.34892e+07  3.72477e-01  0.00000e+00
0130  3.45908e+18  6.53771e-22  2.67629e-07  1.35201e+07  3.77813e-01  0.00000e+00
0131  3.47749e+18  6.44850e-22  2.66903e-07  1.35475e+07  3.83183e-01  0.00000e+00
0132  3.49591e+18  6.36298e-22  2.66197e-07  1.35714e+07  3.88593e-01  0.00000e+00
0133  3.51433e+18  6.28085e-22  2.65513e-07  1.35921e+07  3.94048e-01  0.00000e+00
0134  3.53274e+18  6.20182e-22  2.64850e-07  1.36097e+07  3.99557e-01  0.00000e+00
0135  3.55116e+18  6.12556e-22  2.64213e-07  1.36247e+07  4.05133e-01  0.00000e+00
0136  3.56957e+18  6.05174e-22  2.63600e-07  1.36376e+07  4.10790e-01  0.00000e+00
0137  3.58799e+18  5.98004e-22  2.63014e-07  1.36488e+07  4.16545e-01  0.00000e+00
0138  3.60640e+18  5.91012e-22  2.62452e-07  1.36588e+07  4.22416e-01  0.00000e+00
0139  3.62482e+18  5.84168e-22  2.61913e-07  1.36677e+07  4.28423e-01  0.00000e+00
0140  3.64323e+18  5.77441e-22  2.61395e-07  1.36757e+07  4.34584e-01  0.00000e+00
0141  3.66165e+18  5.70805e-22  2.60896e-07  1.36828e+07  4.40922e-01  0.00000e+00
0142  3.68007e+18  5.64240e-22  2.60413e-07  1.36890e+07  4.47456e-01  0.00000e+00
0143  3.69848e+18  5.57720e-22  2.59943e-07  1.36940e+07  4.54200e-01  0.00000e+00
0144  3.71690e+18  5.51203e-22  2.59488e-07  1.36977e+07  4.61171e-01  0.00000e+00
0145  3.73531e+18  5.44778e-22  2.59051e-07  1.37001e+07  4.68410e-01  0.00000e+00
0146  3.75373e+18  5.38662e-22  2.58609e-07  1.37004e+07  4.75929e-01  0.00000e+00
0147  3.77214e+18  5.32349e-22  2.58194e-07  1.36985e+07  4.83513e-01  0.00000e+00
0148  3.79056e+18  5.23449e-22  2.57789e-07  1.36948e+07  4.91149e-01  0.00000e+00
0149  3.80897e+18  5.15253e-22  2.57369e-07  1.36908e+07  5.00779e-01  0.00000e+00
0150  3.82739e+18  5.15987e-22  2.56979e-07  1.36828e+07  5.14004e-01  0.00000e+00
0151  3.84581e+18  5.39440e-22  2.56627e-07  1.36718e+07  5.18067e-01  0.00000e+00
0152  3.86422e+18  7.66590e-22  2.56013e-07  1.36785e+07  5.11810e-01  0.00000e+00
0153  3.88264e+18  2.54317e-21  2.51968e-07  1.34722e+07  4.67451e-01  0.00000e+00
0154  3.90105e+18  8.68279e-21  2.22867e-07  1.17813e+07  3.64115e-01  0.00000e+00
0155  3.91947e+18  1.13869e-20  2.40537e-07  1.03760e+07  2.61673e-01  0.00000e+00
0156  3.93788e+18  1.12192e-20  2.37116e-07  1.02182e+07  1.84386e-01  0.00000e+00
0157  3.95630e+18  1.07461e-20  2.30294e-07  1.02431e+07  1.46987e-01  0.00000e+00
0158  3.97471e+18  1.01026e-20  2.21466e-07  1.02975e+07  1.38357e-01  0.00000e+00
0159  3.99313e+18  9.47438e-21  2.12543e-07  1.03500e+07  1.37784e-01  0.00000e+00
0160  4.01155e+18  8.89126e-21  2.04363e-07  1.04019e+07  1.37825e-01  0.00000e+00
0161  4.02996e+18  8.33436e-21  1.96101e-07  1.04622e+07  1.38050e-01  0.00000e+00
0162  4.04838e+18  7.77502e-21  1.87977e-07  1.05371e+07  1.38627e-01  0.00000e+00
0163  4.06679e+18  7.13597e-21  1.79975e-07  1.06216e+07  1.39663e-01  0.00000e+00
0164  4.08521e+18  6.21565e-21  1.72020e-07  1.07177e+07  1.41142e-01  0.00000e+00
0165  4.10362e+18  4.79758e-21  1.68863e-07  1.09789e+07  1.42882e-01  0.00000e+00
0166  4.12204e+18  3.22657e-21  1.59909e-07  1.18109e+07  1.44677e-01  0.00000e+00
0167  4.14045e+18  2.20019e-21  1.46517e-07  1.29356e+07  1.46463e-01  0.00000e+00
0168  4.15887e+18  1.68298e-21  1.37883e-07  1.37896e+07  1.48231e-01  0.00000e+00
0169  4.17728e+18  1.40753e-21  1.32248e-07  1.44110e+07  1.49968e-01  0.00000e+00
0170  4.19570e+18  1.23886e-21  1.27806e-07  1.49069e+07  1.51662e-01  0.00000e+00
0171  4.21412e+18  1.12214e-21  1.24043e-07  1.53285e+07  1.53303e-01  0.00000e+00
0172  4.23253e+18  1.03398e-21  1.20687e-07  1.57054e+07  1.54885e-01  0.00000e+00
0173  4.25095e+18  9.63733e-22  1.17637e-07  1.60494e+07  1.56406e-01  0.00000e+00
0174  4.26936e+18  9.05683e-22  1.14833e-07  1.63681e+07  1.57863e-01  0.00000e+00
0175  4.28778e+18  8.56573e-22  1.12231e-07  1.66665e+07  1.59255e-01  0.00000e+00
0176  4.30619e+18  8.14326e-22  1.09799e-07  1.69469e+07  1.60585e-01  0.00000e+00
0177  4.32461e+18  7.77169e-22  1.07523e-07  1.72133e+07  1.61854e-01  0.00000e+00
0178  4.34302e+18  7.43847e-22  1.05344e-07  1.74717e+07  1.63065e-01  0.00000e+00
0179  4.36144e+18  7.13783e-22  1.03264e-07  1.77218e+07  1.64222e-01  0.00000e+00
0180  4.37986e+18  6.86483e-22  1.01280e-07  1.79637e+07  1.65329e-01  0.00000e+00
0181  4.39827e+18  6.61499e-22  9.93810e-08  1.81986e+07  1.66392e-01  0.00000e+00
0182  4.41669e+18  6.38495e-22  9.75591e-08  1.84271e+07  1.67414e-01  0.00000e+00
0183  4.43510e+18  6.17220e-22  9.58099e-08  1.86494e+07  1.68401e-01  0.00000e+00
0184  4.45352e+18  5.97461e-22  9.41298e-08  1.88657e+07  1.69358e-01  0.00000e+00
0185  4.47193e+18  5.79027e-22  9.25143e-08  1.90765e+07  1.70288e-01  0.00000e+00
0186  4.49035e+18  5.61771e-22  9.09595e-08  1.92819e+07  1.71196e-01  0.00000e+00
0187  4.50876e+18  5.45576e-22  8.94623e-08  1.94820e+07  1.72085e-01  0.00000e+00
0188  4.52718e+18  5.30302e-22  8.80199e-08  1.96774e+07  1.72959e-01  0.00000e+00
0189  4.54560e+18  5.15819e-22  8.66228e-08  1.98694e+07  1.73821e-01  0.00000e+00
0190  4.56401e+18  5.02055e-22  8.52681e-08  2.00580e+07  1.74671e-01  0.00000e+00
0191  4.58243e+18  4.88962e-22  8.39552e-08  2.02433e+07  1.75513e-01  0.00000e+00
0192  4.60084e+18  4.76495e-22  8.26830e-08  2.04252e+07  1.76347e-01  0.00000e+00
0193  4.61926e+18  4.64616e-22  8.14505e-08  2.06036e+07  1.77175e-01  0.00000e+00
0194  4.63767e+18  4.53290e-22  8.02563e-08  2.07785e+07  1.77996e-01  0.00000e+00
0195  4.65609e+18  4.42486e-22  7.90992e-08  2.09500e+07  1.78811e-01  0.00000e+00
0196  4.67450e+18  4.32173e-22  7.79781e-08  2.11181e+07  1.79621e-01  0.00000e+00
0197  4.69292e+18  4.22325e-22  7.68917e-08  2.12827e+07  1.80425e-01  0.00000e+00
0198  4.71134e+18  4.12917e-22  7.58389e-08  2.14438e+07  1.81223e-01  0.00000e+00
0199  4.72975e+18  4.03917e-22  7.48185e-08  2.16017e+07  1.82014e-01  0.00000e+00
0200  4.74817e+18  3.95291e-22  7.38277e-08  2.17567e+07  1.82800e-01  0.00000e+00
0201  4.76658e+18  3.87017e-22  7.28653e-08  2.19089e+07  1.83579e-01  0.00000e+00
0202  4.78500e+18  3.79078e-22  7.19309e-08  2.20583e+07  1.84352e-01  0.00000e+00
0203  4.80341e+18  3.71460e-22  7.10240e-08  2.22048e+07  1.85118e-01  0.00000e+00
0204  4.82183e+18  3.64149e-22  7.01442e-08  2.23483e+07  1.85877e-01  0.00000e+00
0205  4.84024e+18  3.57130e-22  6.92907e-08  2.24888e+07  1.86628e-01  0.00000e+00
0206  4.85866e+18  3.50389e-22  6.84631e-08  2.26264e+07  1.87373e-01  0.00000e+00
0207  4.87708e+18  3.43913e-22  6.76605e-08  2.27609e+07  1.88110e-01  0.00000e+00
0208  4.89549e+18  3.37690e-22  6.68821e-08  2.28925e+07  1.88840e-01  0.00000e+00
0209  4.91391e+18  3.31706e-22  6.61272e-08  2.30211e+07  1.89563e-01  0.00000e+00
0210  4.93232e+18  3.25950e-22  6.53950e-08  2.31468e+07  1.90279e-01  0.00000e+00
0211  4.95074e+18  3.20410e-22  6.46845e-08  2.32696e+07  1.90989e-01  0.00000e+00
0212  4.96915e+18  3.15076e-22  6.39952e-08  2.33895e+07  1.91691e-01  0.00000e+00
0213  4.98757e+18  3.09936e-22  6.33265e-08  2.35066e+07  1.92388e-01  0.00000e+00
0214  5.00598e+18  3.04984e-22  6.26778e-08  2.36209e+07  1.93079e-01  0.00000e+00
0215  5.02440e+18  3.00212e-22  6.20490e-08  2.37322e+07  1.93764e-01  0.00000e+00
0216  5.04282e+18  2.95609e-22  6.14399e-08  2.38407e+07  1.94444e-01  0.00000e+00
0217  5.06123e+18  2.91157e-22  6.08474e-08  2.39468e+07  1.95120e-01  0.00000e+00
0218  5.07965e+18  2.86848e-22  6.02711e-08  2.40507e+07  1.95791e-01  0.00000e+00
0219  5.09806e+18  2.82677e-22  5.97109e-08  2.41521e+07  1.96458e-01  0.00000e+00
0220  5.11648e+18  2.78640e-22  5.91664e-08  2.42513e+07  1.97122e-01  0.00000e+00
0221  5.13489e+18  2.74730e-22  5.86373e-08  2.43481e+07  1.97783e-01  0.00000e+00
0222  5.15331e+18  2.70941e-22  5.81228e-08  2.44425e+07  1.98441e-01  0.00000e+00
0223  5.17172e+18  2.67268e-22  5.76224e-08  2.45348e+07  1.99096e-01  0.00000e+00
0224  5.19014e+18  2.63706e-22  5.71353e-08  2.46249e+07  1.99749e-01  0.00000e+00
0225  5.20856e+18  2.60248e-22  5.66610e-08  2.47128e+07  2.00401e-01  0.00000e+00
0226  5.22697e+18  2.56891e-22  5.61991e-08  2.47988e+07  2.01051e-01  0.00000e+00
0227  5.24539e+18  2.53631e-22  5.57493e-08  2.48826e+07  2.01699e-01  0.00000e+00
0228  5.26380e+18  2.50464e-22  5.53114e-08  2.49644e+07  2.02347e-01  0.00000e+00
0229  5.28222e+18  2.47388e-22  5.48856e-08  2.50441e+07  2.02994e-01  0.00000e+00
0230  5.30063e+18  2.44401e-22  5.44716e-08  2.51215e+07  2.03641e-01  0.00000e+00
0231  5.31905e+18  2.41499e-22  5.40695e-08  2.51967e+07  2.04287e-01  0.00000e+00
0232  5.33746e+18  2.38680e-22  5.36790e-08  2.52698e+07  2.04934e-01  0.00000e+00
0233  5.35588e+18  2.35940e-22  5.32998e-08  2.53406e+07  2.05581e-01  0.00000e+00
0234  5.37430e+18  2.33276e-22  5.29313e-08  2.54093e+07  2.06230e-01  0.00000e+00
0235  5.39271e+18  2.30685e-22  5.25731e-08  2.54759e+07  2.06880e-01  0.00000e+00
0236  5.41113e+18  2.28162e-22  5.22245e-08  2.55405e+07  2.07531e-01  0.00000e+00
0237  5.42954e+18  2.25706e-22  5.18849e-08  2.56033e+07  2.08184e-01  0.00000e+00
0238  5.44796e+18  2.23312e-22  5.15540e-08  2.56643e+07  2.08839e-01  0.00000e+00
0239  5.46637e+18  2.20979e-22  5.12316e-08  2.57235e+07  2.09497e-01  0.00000e+00
0240  5.48479e+18  2.18705e-22  5.09175e-08  2.57808e+07  2.10158e-01  0.00000e+00
0241  5.50320e+18  2.16488e-22  5.06119e-08  2.58363e+07  2.10821e-01  0.00000e+00
0242  5.52162e+18  2.14328e-22  5.03146e-08  2.58899e+07  2.11487e-01  0.00000e+00
0243  5.54004e+18  2.12222e-22  5.00258e-08  2.59416e+07  2.12156e-01  0.00000e+00
0244  5.55845e+18  2.10171e-22  4.97453e-08  2.59913e+07  2.12829e-01  0.00000e+00
0245  5.57687e+18  2.08170e-22  4.94727e-08  2.60392e+07  2.13506e-01  0.00000e+00
0246  5.59528e+18  2.06219e-22  4.92076e-08  2.60853e+07  2.14185e-01  0.00000e+00
0247  5.61370e+18  2.04315e-22  4.89495e-08  2.61297e+07  2.14869e-01  0.00000e+00
0248  5.63211e+18  2.02455e-22  4.86978e-08  2.61725e+07  2.15556e-01  0.00000e+00
0249  5.65053e+18  2.00637e-22  4.84517e-08  2.62140e+07  2.16247e-01  0.00000e+00
0250  5.66894e+18  1.98859e-22  4.82111e-08  2.62541e+07  2.16942e-01  0.00000e+00
0251  5.68736e+18  1.97120e-22  4.79754e-08  2.62929e+07  2.17641e-01  0.00000e+00
0252  5.70578e+18  1.95418e-22  4.77448e-08  2.63305e+07  2.18343e-01  0.00000e+00
0253  5.72419e+18  1.93754e-22  4.75194e-08  2.63667e+07  2.19049e-01  0.00000e+00
0254  5.74261e+18  1.92127e-22  4.72993e-08  2.64015e+07  2.19760e-01  0.00000e+00
0255  5.76102e+18  1.90537e-22  4.70848e-08  2.64349e+07  2.20474e-01  0.00000e+00
0256  5.77944e+18  1.88982e-22  4.68759e-08  2.64667e+07  2.21192e-01  0.00000e+00
0257  5.79785e+18  1.87464e-22  4.66728e-08  2.64971e+07  2.21915e-01  0.00000e+00
0258  5.81627e+18  1.85979e-22  4.64750e-08  2.65260e+07  2.22642e-01  0.00000e+00
0259  5.83468e+18  1.84527e-22  4.62824e-08  2.65535e+07  2.23374e-01  0.00000e+00
0260  5.85310e+18  1.83107e-22  4.60948e-08  2.65796e+07  2.24110e-01  0.00000e+00
0261  5.87152e+18  1.81716e-22  4.59116e-08  2.66045e+07  2.24851e-01  0.00000e+00
0262  5.88993e+18  1.80350e-22  4.57330e-08  2.66283e+07  2.25597e-01  0.00000e+00
0263  5.90835e+18  1.79009e-22  4.55582e-08  2.66510e+07  2.26348e-01  0.00000e+00
0264  5.92676e+18  1.77693e-22  4.53875e-08  2.66726e+07  2.27104e-01  0.00000e+00
0265  5.94518e+18  1.76404e-22  4.52208e-08  2.66930e+07  2.27866e-01  0.00000e+00
0266  5.96359e+18  1.75141e-22  4.50582e-08  2.67124e+07  2.28633e-01  0.00000e+00
0267  5.98201e+18  1.73903e-22  4.48995e-08  2.67305e+07  2.29405e-01  0.00000e+00
0268  6.00043e+18  1.72691e-22  4.47448e-08  2.67476e+07  2.30182e-01  0.00000e+00
0269  6.01884e+18  1.71503e-22  4.45936e-08  2.67636e+07  2.30965e-01  0.00000e+00
0270  6.03726e+18  1.70338e-22  4.44459e-08  2.67786e+07  2.31753e-01  0.00000e+00
0271  6.05567e+18  1.69195e-22  4.43013e-08  2.67926e+07  2.32547e-01  0.00000e+00
0272  6.07409e+18  1.68074e-22  4.41595e-08  2.68059e+07  2.33346e-01  0.00000e+00
0273  6.09250e+18  1.66972e-22  4.40203e-08  2.68184e+07  2.34151e-01  0.00000e+00
0274  6.11092e+18  1.65890e-22  4.38832e-08  2.68302e+07  2.34962e-01  0.00000e+00
0275  6.12933e+18  1.64824e-22  4.37480e-08  2.68414e+07  2.35780e-01  0.00000e+00
0276  6.14775e+18  1.63775e-22  4.36143e-08  2.68522e+07  2.36605e-01  0.00000e+00
0277  6.16617e+18  1.62741e-22  4.34821e-08  2.68625e+07  2.37439e-01  0.00000e+00
0278  6.18458e+18  1.61721e-22  4.33513e-08  2.68724e+07  2.38282e-01  0.00000e+00
0279  6.20300e+18  1.60714e-22  4.32223e-08  2.68818e+07  2.39137e-01  0.00000e+00
0280  6.22141e+18  1.59721e-22  4.30952e-08  2.68905e+07  2.40006e-01  0.00000e+00
0281  6.23983e+18  1.58738e-22  4.29703e-08  2.68987e+07  2.40890e-01  0.00000e+00
0282  6.25824e+18  1.57766e-22  4.28475e-08  2.69061e+07  2.41794e-01  0.00000e+00
0283  6.27666e+18  1.56802e-22  4.27269e-08  2.69130e+07  2.42718e-01  0.00000e+00
0284  6.29507e+18  1.55845e-22  4.26082e-08  2.69192e+07  2.43668e-01  0.00000e+00
0285  6.31349e+18  1.54891e-22  4.24913e-08  2.69249e+07  2.44645e-01  0.00000e+00
0286  6.33191e+18  1.53939e-22  4.23761e-08  2.69300e+07  2.45654e-01  0.00000e+00
0287  6.35032e+18  1.52986e-22  4.22625e-08  2.69347e+07  2.46698e-01  0.00000e+00
0288  6.36874e+18  1.52033e-22  4.21504e-08  2.69389e+07  2.47778e-01  0.00000e+00
0289  6.38715e+18  1.51077e-22  4.20396e-08  2.69427e+07  2.48896e-01  0.00000e+00
0290  6.40557e+18  1.50117e-22  4.19302e-08  2.69461e+07  2.50055e-01  0.00000e+00
0291  6.42398e+18  1.49156e-22  4.18220e-08  2.69491e+07  2.51252e-01  0.00000e+00
0292  6.44240e+18  1.48192e-22  4.17150e-08  2.69517e+07  2.52486e-01  0.00000e+00
0293  6.46081e+18  1.47228e-22  4.16091e-08  2.69540e+07  2.53754e-01  0.00000e+00
0294  6.47923e+18  1.46268e-22  4.15042e-08  2.69559e+07  2.55048e-01  0.00000e+00
0295  6.49765e+18  1.45315e-22  4.14003e-08  2.69576e+07  2.56363e-01  0.00000e+00
0296  6.51606e+18  1.44374e-22  4.12974e-08  2.69590e+07  2.57686e-01  0.00000e+00
0297  6.53448e+18  1.43450e-22  4.11953e-08  2.69600e+07  2.59007e-01  0.00000e+00
0298  6.55289e+18  1.42550e-22  4.10943e-08  2.69608e+07  2.60311e-01  0.00000e+00
0299  6.57131e+18  1.41681e-22  4.09945e-08  2.69613e+07  2.61584e-01  0.00000e+00
0300  6.58972e+18  1.40846e-22  4.08955e-08  2.69614e+07  2.62812e-01  0.00000e+00
0301  6.60814e+18  1.40054e-22  4.07975e-08  2.69613e+07  2.63981e-01  0.00000e+00
0302  6.62655e+18  1.39306e-22  4.07007e-08  2.69609e+07  2.65079e-01  0.00000e+00
0303  6.64497e+18  1.38605e-22  4.06050e-08  2.69602e+07  2.66098e-01  0.00000e+00
0304  6.66339e+18  1.37952e-22  4.05100e-08  2.69593e+07  2.67033e-01  0.00000e+00
0305  6.68180e+18  1.37345e-22  4.04158e-08  2.69582e+07  2.67884e-01  0.00000e+00
0306  6.70022e+18  1.36780e-22  4.03222e-08  2.69570e+07  2.68657e-01  0.00000e+00
0307  6.71863e+18  1.36251e-22  4.02291e-08  2.69557e+07  2.69359e-01  0.00000e+00
0308  6.73705e+18  1.35754e-22  4.01365e-08  2.69543e+07  2.70003e-01  0.00000e+00
0309  6.75546e+18  1.35279e-22  4.00441e-08  2.69530e+07  2.70603e-01  0.00000e+00
0310  6.77388e+18  1.34822e-22  3.99521e-08  2.69516e+07  2.71173e-01  0.00000e+00
0311  6.79229e+18  1.34375e-22  3.98605e-08  2.69502e+07  2.71729e-01  0.00000e+00
0312  6.81071e+18  1.33931e-22  3.97692e-08  2.69488e+07  2.72284e-01  0.00000e+00
0313  6.82913e+18  1.33487e-22  3.96784e-08  2.69473e+07  2.72849e-01  0.00000e+00
0314  6.84754e+18  1.33037e-22  3.95881e-08  2.69458e+07  2.73434e-01  0.00000e+00
0315  6.86596e+18  1.32580e-22  3.94984e-08  2.69442e+07  2.74048e-01  0.00000e+00
0316  6.88437e+18  1.32113e-22  3.94093e-08  2.69424e+07  2.74697e-01  0.00000e+00
0317  6.90279e+18  1.31636e-22  3.93209e-08  2.69406e+07  2.75383e-01  0.00000e+00
0318  6.92120e+18  1.31149e-22  3.92331e-08  2.69386e+07  2.76106e-01  0.00000e+00
0319  6.93962e+18  1.30654e-22  3.91458e-08  2.69365e+07  2.76867e-01  0.00000e+00
0320  6.95803e+18  1.30153e-22  3.90590e-08  2.69344e+07  2.77660e-01  0.00000e+00
0321  6.97645e+18  1.29648e-22  3.89727e-08  2.69322e+07  2.78481e-01  0.00000e+00
0322  6.99487e+18  1.29142e-22  3.88868e-08  2.69300e+07  2.79324e-01  0.00000e+00
0323  7.01328e+18  1.28637e-22  3.88013e-08  2.69278e+07  2.80181e-01  0.00000e+00
0324  7.03170e+18  1.28137e-22  3.87160e-08  2.69255e+07  2.81048e-01  0.00000e+00
0325  7.05011e+18  1.27643e-22  3.86310e-08  2.69233e+07  2.81918e-01  0.00000e+00
0326  7.06853e+18  1.27157e-22  3.85463e-08  2.69211e+07  2.82786e-01  0.00000e+00
0327  7.08694e+18  1.26681e-22  3.84618e-08  2.69189e+07  2.83649e-01  0.00000e+00
0328  7.10536e+18  1.26214e-22  3.83777e-08  2.69167e+07  2.84505e-01  0.00000e+00
0329  7.12378e+18  1.25757e-22  3.82939e-08  2.69145e+07  2.85353e-01  0.00000e+00
0330  7.14219e+18  1.25309e-22  3.82107e-08  2.69122e+07  2.86193e-01  0.00000e+00
0331  7.16061e+18  1.24871e-22  3.81279e-08  2.69098e+07  2.87027e-01  0.00000e+00
0332  7.17902e+18  1.24442e-22  3.80458e-08  2.69073e+07  2.87856e-01  0.00000e+00
0333  7.19744e+18  1.24020e-22  3.79643e-08  2.69047e+07  2.88681e-01  0.00000e+00
0334  7.21585e+18  1.23605e-22  3.78835e-08  2.69020e+07  2.89506e-01  0.00000e+00
0335  7.23427e+18  1.23195e-22  3.78032e-08  2.68992e+07  2.90331e-01  0.00000e+00
0336  7.25268e+18  1.22791e-22  3.77235e-08  2.68963e+07  2.91159e-01  0.00000e+00
0337  7.27110e+18  1.22391e-22  3.76444e-08  2.68933e+07  2.91990e-01  0.00000e+00
0338  7.28952e+18  1.21995e-22  3.75657e-08  2.68903e+07  2.92826e-01  0.00000e+00
0339  7.30793e+18  1.21603e-22  3.74875e-08  2.68872e+07  2.93666e-01  0.00000e+00
0340  7.32635e+18  1.21215e-22  3.74097e-08  2.68840e+07  2.94512e-01  0.00000e+00
0341  7.34476e+18  1.20831e-22  3.73324e-08  2.68808e+07  2.95364e-01  0.00000e+00
0342  7.36318e+18  1.20450e-22  3.72554e-08  2.68776e+07  2.96221e-01  0.00000e+00
0343  7.38159e+18  1.20073e-22  3.71789e-08  2.68743e+07  2.97083e-01  0.00000e+00
0344  7.40001e+18  1.19700e-22  3.71028e-08  2.68709e+07  2.97950e-01  0.00000e+00
0345  7.41842e+18  1.19331e-22  3.70274e-08  2.68674e+07  2.98823e-01  0.00000e+00
0346  7.43684e+18  1.18966e-22  3.69526e-08  2.68638e+07  2.99700e-01  0.00000e+00
0347  7.45526e+18  1.18606e-22  3.68784e-08  2.68600e+07  3.00583e-01  0.00000e+00
0348  7.47367e+18  1.18250e-22  3.68050e-08  2.68561e+07  3.01470e-01  0.00000e+00
0349  7.49209e+18  1.17898e-22  3.67323e-08  2.68520e+07  3.02363e-01  0.00000e+00
0350  7.51050e+18  1.17550e-22  3.66604e-08  2.68477e+07  3.03261e-01  0.00000e+00
0351  7.52892e+18  1.17207e-22  3.65891e-08  2.68433e+07  3.04165e-01  0.00000e+00
0352  7.54733e+18  1.16866e-22  3.65180e-08  2.68389e+07  3.05074e-01  0.00000e+00
0353  7.56575e+18  1.16527e-22  3.64466e-08  2.68347e+07  3.05989e-01  0.00000e+00
0354  7.58416e+18  1.16190e-22  3.63743e-08  2.68310e+07  3.06910e-01  0.00000e+00
0355  7.60258e+18  1.15853e-22  3.63009e-08  2.68278e+07  3.07836e-01  0.00000e+00
0356  7.62100e+18  1.15516e-22  3.62263e-08  2.68251e+07  3.08769e-01  0.00000e+00
0357  7.63941e+18  1.15179e-22  3.61506e-08  2.68230e+07  3.09706e-01  0.00000e+00
0358  7.65783e+18  1.14844e-22  3.60741e-08  2.68212e+07  3.10650e-01  0.00000e+00
0359  7.67624e+18  1.14511e-22  3.59972e-08  2.68198e+07  3.11599e-01  0.00000e+00
0360  7.69466e+18  1.14179e-22  3.59202e-08  2.68184e+07  3.12554e-01  0.00000e+00
0361  7.71307e+18  1.13851e-22  3.58434e-08  2.68172e+07  3.13515e-01  0.00000e+00
0362  7.73149e+18  1.13525e-22  3.57670e-08  2.68158e+07  3.14481e-01  0.00000e+00
0363  7.74990e+18  1.13205e-22  3.56917e-08  2.68142e+07  3.15453e-01  0.00000e+00
0364  7.76832e+18  1.12889e-22  3.56181e-08  2.68120e+07  3.16431e-01  0.00000e+00
0365  7.78674e+18  1.12581e-22  3.55468e-08  2.68090e+07  3.17415e-01  0.00000e+00
0366  7.80515e+18  1.12279e-22  3.54780e-08  2.68051e+07  3.18405e-01  0.00000e+00
0367  7.82357e+18  1.11985e-22  3.54116e-08  2.68004e+07  3.19401e-01  0.00000e+00
0368  7.84198e+18  1.11697e-22  3.53474e-08  2.67950e+07  3.20403e-01  0.00000e+00
0369  7.86040e+18  1.11414e-22  3.52848e-08  2.67890e+07  3.21412e-01  0.00000e+00
0370  7.87881e+18  1.11136e-22  3.52234e-08  2.67826e+07  3.22427e-01  0.00000e+00
0371  7.89723e+18  1.10862e-22  3.51630e-08  2.67760e+07  3.23447e-01  0.00000e+00
0372  7.91564e+18  1.10592e-22  3.51033e-08  2.67691e+07  3.24474e-01  0.00000e+00
0373  7.93406e+18  1.10324e-22  3.50440e-08  2.67622e+07  3.25507e-01  0.00000e+00
0374  7.95248e+18  1.10060e-22  3.49849e-08  2.67552e+07  3.26545e-01  0.00000e+00
0375  7.97089e+18  1.09797e-22  3.49258e-08  2.67484e+07  3.27589e-01  0.00000e+00
0376  7.98931e+18  1.09537e-22  3.48664e-08  2.67418e+07  3.28637e-01  0.00000e+00
0377  8.00772e+18  1.09278e-22  3.48064e-08  2.67354e+07  3.29691e-01  0.00000e+00
0378  8.02614e+18  1.09020e-22  3.47456e-08  2.67295e+07  3.30748e-01  0.00000e+00
0379  8.04455e+18  1.08763e-22  3.46840e-08  2.67240e+07  3.31810e-01  0.00000e+00
0380  8.06297e+18  1.08507e-22  3.46213e-08  2.67190e+07  3.32875e-01  0.00000e+00
0381  8.08139e+18  1.08252e-22  3.45574e-08  2.67145e+07  3.33944e-01  0.00000e+00
0382  8.09980e+18  1.07997e-22  3.44924e-08  2.67107e+07  3.35015e-01  0.00000e+00
0383  8.11822e+18  1.07743e-22  3.44261e-08  2.67074e+07  3.36090e-01  0.00000e+00
0384  8.13663e+18  1.07489e-22  3.43584e-08  2.67047e+07  3.37167e-01  0.00000e+00
0385  8.15505e+18  1.07236e-22  3.42894e-08  2.67027e+07  3.38247e-01  0.00000e+00
0386  8.17346e+18  1.06982e-22  3.42184e-08  2.67015e+07  3.39331e-01  0.00000e+00
0387  8.19188e+18  1.06729e-22  3.41459e-08  2.67011e+07  3.40417e-01  0.00000e+00
0388  8.21029e+18  1.06476e-22  3.40725e-08  2.67013e+07  3.41507e-01  0.00000e+00
0389  8.22871e+18  1.06223e-22  3.39974e-08  2.67022e+07  3.42601e-01  0.00000e+00
0390  8.24713e+18  1.05968e-22  3.39199e-08  2.67042e+07  3.43700e-01  0.00000e+00
0391  8.26554e+18  1.05710e-22  3.38399e-08  2.67073e+07  3.44804e-01  0.00000e+00
0392  8.28396e+18  1.05449e-22  3.37573e-08  2.67116e+07  3.45914e-01  0.00000e+00
0393  8.30237e+18  1.05185e-22  3.36720e-08  2.67170e+07  3.47030e-01  0.00000e+00
0394  8.32079e+18  1.04919e-22  3.35842e-08  2.67236e+07  3.48152e-01  0.00000e+00
0395  8.33920e+18  1.04649e-22  3.34939e-08  2.67315e+07  3.49281e-01  0.00000e+00
0396  8.35762e+18  1.04376e-22  3.34011e-08  2.67404e+07  3.50417e-01  0.00000e+00
0397  8.37603e+18  1.04100e-22  3.33060e-08  2.67505e+07  3.51560e-01  0.00000e+00
0398  8.39445e+18  1.03821e-22  3.32086e-08  2.67616e+07  3.52711e-01  0.00000e+00
0399  8.41287e+18  1.03540e-22  3.31092e-08  2.67737e+07  3.53870e-01  0.00000e+00
0400  8.43128e+18  1.03256e-22  3.30078e-08  2.67868e+07  3.55037e-01  0.00000e+00
0401  8.44970e+18  1.02970e-22  3.29047e-08  2.68008e+07  3.56213e-01  0.00000e+00
0402  8.46811e+18  1.02682e-22  3.27999e-08  2.68156e+07  3.57397e-01  0.00000e+00
0403  8.48653e+18  1.02392e-22  3.26935e-08  2.68312e+07  3.58589e-01  0.00000e+00
0404  8.50494e+18  1.02101e-22  3.25858e-08  2.68476e+07  3.59791e-01  0.00000e+00
0405  8.52336e+18  1.01808e-22  3.24767e-08  2.68647e+07  3.61003e-01  0.00000e+00
0406  8.54177e+18  1.01513e-22  3.23664e-08  2.68825e+07  3.62225e-01  0.00000e+00
0407  8.56019e+18  1.01216e-22  3.22549e-08  2.69010e+07  3.63457e-01  0.00000e+00
0408  8.57861e+18  1.00918e-22  3.21421e-08  2.69202e+07  3.64701e-01  0.00000e+00
0409  8.59702e+18  1.00618e-22  3.20282e-08  2.69401e+07  3.65958e-01  0.00000e+00
0410  8.61544e+18  1.00316e-22  3.19132e-08  2.69606e+07  3.67227e-01  0.00000e+00
0411  8.63385e+18  1.00011e-22  3.17970e-08  2.69818e+07  3.68511e-01  0.00000e+00
0412  8.65227e+18  9.97029e-23  3.16798e-08  2.70037e+07  3.69810e-01  0.00000e+00
0413  8.67068e+18  9.93913e-23  3.15614e-08  2.70263e+07  3.71126e-01  0.00000e+00
0414  8.68910e+18  9.90755e-23  3.14421e-08  2.70495e+07  3.72459e-01  0.00000e+00
0415  8.70751e+18  9.87551e-23  3.13217e-08  2.70733e+07  3.73812e-01  0.00000e+00
0416  8.72593e+18  9.84300e-23  3.12003e-08  2.70979e+07  3.75185e-01  0.00000e+00
0417  8.74435e+18  9.81003e-23  3.10780e-08  2.71230e+07  3.76579e-01  0.00000e+00
0418  8.76276e+18  9.77663e-23  3.09547e-08  2.71488e+07  3.77994e-01  0.00000e+00
0419  8.78118e+18  9.74283e-23  3.08305e-08  2.71753e+07  3.79433e-01  0.00000e+00
0420  8.79959e+18  9.70867e-23  3.07055e-08  2.72023e+07  3.80895e-01  0.00000e+00
0421  8.81801e+18  9.67416e-23  3.05796e-08  2.72300e+07  3.82380e-01  0.00000e+00
0422  8.83642e+18  9.63933e-23  3.04530e-08  2.72582e+07  3.83888e-01  0.00000e+00
0423  8.85484e+18  9.60417e-23  3.03256e-08  2.72871e+07  3.85421e-01  0.00000e+00
0424  8.87326e+18  9.56871e-23  3.01975e-08  2.73165e+07  3.86977e-01  0.00000e+00
0425  8.89167e+18  9.53296e-23  3.00688e-08  2.73465e+07  3.88556e-01  0.00000e+00
0426  8.91009e+18  9.49696e-23  2.99396e-08  2.73769e+07  3.90157e-01  0.00000e+00
0427  8.92850e+18  9.46073e-23  2.98100e-08  2.74079e+07  3.91779e-01  0.00000e+00
0428  8.94692e+18  9.42433e-23  2.96801e-08  2.74393e+07  3.93422e-01  0.00000e+00
0429  8.96533e+18  9.38781e-23  2.95499e-08  2.74711e+07  3.95084e-01  0.00000e+00
0430  8.98375e+18  9.35122e-23  2.94197e-08  2.75033e+07  3.96763e-01  0.00000e+00
0431  9.00216e+18  9.31461e-23  2.92894e-08  2.75359e+07  3.98459e-01  0.00000e+00
0432  9.02058e+18  9.27802e-23  2.91591e-08  2.75689e+07  4.00168e-01  0.00000e+00
0433  9.03900e+18  9.24152e-23  2.90288e-08  2.76020e+07  4.01889e-01  0.00000e+00
0434  9.05741e+18  9.20512e-23  2.88987e-08  2.76355e+07  4.03622e-01  0.00000e+00
0435  9.07583e+18  9.16888e-23  2.87687e-08  2.76691e+07  4.05364e-01  0.00000e+00
0436  9.09424e+18  9.13281e-23  2.86389e-08  2.77029e+07  4.07115e-01  0.00000e+00
0437  9.11266e+18  9.09694e-23  2.85093e-08  2.77369e+07  4.08873e-01  0.00000e+00
0438  9.13107e+18  9.06130e-23  2.83801e-08  2.77710e+07  4.10638e-01  0.00000e+00
0439  9.14949e+18  9.02588e-23  2.82511e-08  2.78053e+07  4.12409e-01  0.00000e+00
0440  9.16790e+18  8.99070e-23  2.81224e-08  2.78398e+07  4.14188e-01  0.00000e+00
0441  9.18632e+18  8.95578e-23  2.79942e-08  2.78743e+07  4.15975e-01  0.00000e+00
0442  9.20474e+18  8.92113e-23  2.78662e-08  2.79090e+07  4.17770e-01  0.00000e+00
0443  9.22315e+18  8.88668e-23  2.77387e-08  2.79438e+07  4.19575e-01  0.00000e+00
0444  9.24157e+18  8.85225e-23  2.76115e-08  2.79788e+07  4.21390e-01  0.00000e+00
0445  9.25998e+18  8.81737e-23  2.74848e-08  2.80138e+07  4.23217e-01  0.00000e+00
0446  9.27840e+18  8.78109e-23  2.73585e-08  2.80489e+07  4.25062e-01  0.00000e+00
0447  9.29681e+18  8.74198e-23  2.72328e-08  2.80841e+07  4.26934e-01  0.00000e+00
0448  9.31523e+18  8.69866e-23  2.71076e-08  2.81193e+07  4.28859e-01  0.00000e+00
0449  9.33364e+18  8.65274e-23  2.69829e-08  2.81546e+07  4.30886e-01  0.00000e+00
0450  9.35206e+18  8.61524e-23  2.68588e-08  2.81900e+07  4.33095e-01  0.00000e+00
0451  9.37048e+18  8.60114e-23  2.67351e-08  2.82254e+07  4.35579e-01  0.00000e+00
0452  9.38889e+18  8.60085e-23  2.66114e-08  2.82609e+07  4.38309e-01  0.00000e+00
0453  9.40731e+18  8.60435e-23  2.64877e-08  2.82967e+07  4.40773e-01  0.00000e+00
0454  9.42572e+18  8.61848e-23  2.63639e-08  2.83326e+07  4.41957e-01  0.00000e+00
0455  9.44414e+18  8.65471e-23  2.62397e-08  2.83688e+07  4.42059e-01  0.00000e+00
0456  9.46255e+18  8.73069e-23  2.61148e-08  2.84052e+07  4.41946e-01  0.00000e+00
0457  9.48097e+18  8.87248e-23  2.59883e-08  2.84420e+07  4.41449e-01  0.00000e+00
0458  9.49939e+18  9.11715e-23  2.58591e-08  2.84794e+07  4.40201e-01  0.00000e+00
0459  9.51780e+18  9.51479e-23  2.57253e-08  2.85175e+07  4.37772e-01  0.00000e+00
0460  9.53622e+18  1.01287e-22  2.55843e-08  2.85566e+07  4.33693e-01  0.00000e+00
0461  9.55463e+18  1.10317e-22  2.54324e-08  2.85969e+07  4.27499e-01  0.00000e+00
0462  9.57305e+18  1.22960e-22  2.52649e-08  2.86388e+07  4.18789e-01  0.00000e+00
0463  9.59146e+18  1.39772e-22  2.50764e-08  2.86833e+07  4.07290e-01  0.00000e+00
0464  9.60988e+18  1.60922e-22  2.48610e-08  2.87324e+07  3.92928e-01  0.00000e+00
0465  9.62829e+18  1.85986e-22  2.46137e-08  2.87900e+07  3.75885e-01  0.00000e+00
0466  9.64671e+18  2.13701e-22  2.43300e-08  2.88611e+07  3.56665e-01  0.00000e+00
0467  9.66513e+18  2.41374e-22  2.40088e-08  2.89513e+07  3.36148e-01  0.00000e+00
0468  9.68354e+18  2.63876e-22  2.36510e-08  2.90631e+07  3.15517e-01  0.00000e+00
0469  9.70196e+18  2.75427e-22  2.32642e-08  2.91930e+07  2.95850e-01  0.00000e+00
0470  9.72037e+18  2.77684e-22  2.28644e-08  2.93336e+07  2.77650e-01  0.00000e+00
0471  9.73879e+18  2.77672e-22  2.24653e-08  2.94799e+07  2.60971e-01  0.00000e+00
0472  9.75720e+18  2.77325e-22  2.20703e-08  2.96306e+07  2.45744e-01  0.00000e+00
0473  9.77562e+18  2.76332e-22  2.16786e-08  2.97856e+07  2.31857e-01  0.00000e+00
0474  9.79403e+18  2.74494e-22  2.12902e-08  2.99446e+07  2.19185e-01  0.00000e+00
0475  9.81245e+18  2.71764e-22  2.09067e-08  3.01068e+07  2.07604e-01  0.00000e+00
0476  9.83087e+18  2.68210e-22  2.05300e-08  3.02709e+07  1.97001e-01  0.00000e+00
0477  9.84928e+18  2.63965e-22  2.01617e-08  3.04360e+07  1.87272e-01  0.00000e+00
0478  9.86770e+18  2.59176e-22  1.98032e-08  3.06010e+07  1.78332e-01  0.00000e+00
0479  9.88611e+18  2.53977e-22  1.94555e-08  3.07653e+07  1.70103e-01  0.00000e+00
0480  9.90453e+18  2.48477e-22  1.91187e-08  3.09283e+07  1.62521e-01  0.00000e+00
0481  9.92294e+18  2.42761e-22  1.87933e-08  3.10895e+07  1.55534e-01  0.00000e+00
0482  9.94136e+18  2.36892e-22  1.84794e-08  3.12483e+07  1.49092e-01  0.00000e+00
0483  9.95977e+18  2.30918e-22  1.81773e-08  3.14043e+07  1.43155e-01  0.00000e+00
0484  9.97819e+18  2.24874e-22  1.78871e-08  3.15569e+07  1.37685e-01  0.00000e+00
0485  9.99661e+18  2.18793e-22  1.76086e-08  3.17057e+07  1.32647e-01  0.00000e+00
0486  1.00150e+19  2.12697e-22  1.73416e-08  3.18503e+07  1.28010e-01  0.00000e+00
0487  1.00334e+19  2.06601e-22  1.70860e-08  3.19904e+07  1.23742e-01  0.00000e+00
0488  1.00519e+19  2.00516e-22  1.68411e-08  3.21261e+07  1.19811e-01  0.00000e+00
0489  1.00703e+19  1.94464e-22  1.66059e-08  3.22576e+07  1.16184e-01  0.00000e+00
0490  1.00887e+19  1.88477e-22  1.63800e-08  3.23847e+07  1.12828e-01  0.00000e+00
0491  1.01071e+19  1.82595e-22  1.61632e-08  3.25073e+07  1.09712e-01  0.00000e+00
0492  1.01255e+19  1.76863e-22  1.59552e-08  3.26251e+07  1.06818e-01  0.00000e+00
0493  1.01439e+19  1.71320e-22  1.57560e-08  3.27380e+07  1.04182e-01  0.00000e+00
0494  1.01623e+19  1.66001e-22  1.55649e-08  3.28462e+07  1.01953e-01  0.00000e+00
0495  1.01808e+19  1.60942e-22  1.53813e-08  3.29501e+07  1.00436e-01  0.00000e+00
0496  1.01992e+19  1.56172e-22  1.52047e-08  3.30497e+07  9.98118e-02  0.00000e+00
0497  1.02176e+19  1.51714e-22  1.50345e-08  3.31454e+07  9.97202e-02  0.00000e+00
0498  1.02360e+19  1.47580e-22  1.48705e-08  3.32372e+07  9.97221e-02  0.00000e+00
0499  1.02544e+19  1.43769e-22  1.47120e-08  3.33256e+07  9.97389e-02  0.00000e+00
0500  1.02728e+19  1.40262e-22  1.45587e-08  3.34106e+07  9.97835e-02  0.00000e+00
0501  1.02913e+19  1.37031e-22  1.44103e-08  3.34929e+07  9.98643e-02  0.00000e+00
0502  1.03097e+19  1.34044e-22  1.42659e-08  3.35730e+07  9.99842e-02  0.00000e+00
0503  1.03281e+19  1.31273e-22  1.41252e-08  3.36509e+07  1.00142e-01  0.00000e+00
0504  1.03465e+19  1.28691e-22  1.39883e-08  3.37268e+07  1.00334e-01  0.00000e+00
0505  1.03649e+19  1.26270e-22  1.38548e-08  3.38005e+07  1.00555e-01  0.00000e+00
0506  1.03833e+19  1.23987e-22  1.37246e-08  3.38723e+07  1.00801e-01  0.00000e+00
0507  1.04017e+19  1.21818e-22  1.35974e-08  3.39422e+07  1.01067e-01  0.00000e+00
0508  1.04202e+19  1.19749e-22  1.34731e-08  3.40104e+07  1.01349e-01  0.00000e+00
0509  1.04386e+19  1.17764e-22  1.33514e-08  3.40767e+07  1.01643e-01  0.00000e+00
0510  1.04570e+19  1.15854e-22  1.32322e-08  3.41414e+07  1.01947e-01  0.00000e+00
0511  1.04754e+19  1.14013e-22  1.31153e-08  3.42043e+07  1.02258e-01  0.00000e+00
0512  1.04938e+19  1.12235e-22  1.30006e-08  3.42655e+07  1.02575e-01  0.00000e+00
0513  1.05122e+19  1.10516e-22  1.28881e-08  3.43250e+07  1.02897e-01  0.00000e+00
0514  1.05307e+19  1.08853e-22  1.27775e-08  3.43827e+07  1.03222e-01  0.00000e+00
0515  1.05491e+19  1.07243e-22  1.26688e-08  3.44388e+07  1.03550e-01  0.00000e+00
0516  1.05675e+19  1.05683e-22  1.25620e-08  3.44930e+07  1.03881e-01  0.00000e+00
0517  1.05859e+19  1.04173e-22  1.24569e-08  3.45456e+07  1.04213e-01  0.00000e+00
0518  1.06043e+19  1.02708e-22  1.23535e-08  3.45965e+07  1.04547e-01  0.00000e+00
0519  1.06227e+19  1.01289e-22  1.22517e-08  3.46456e+07  1.04882e-01  0.00000e+00
0520  1.06412e+19  9.99123e-23  1.21515e-08  3.46930e+07  1.05219e-01  0.00000e+00
0521  1.06596e+19  9.85766e-23  1.20527e-08  3.47388e+07  1.05556e-01  0.00000e+00
0522  1.06780e+19  9.72798e-23  1.19554e-08  3.47829e+07  1.05894e-01  0.00000e+00
0523  1.06964e+19  9.60191e-23  1.18594e-08  3.48254e+07  1.06233e-01  0.00000e+00
0524  1.07148e+19  9.47917e-23  1.17648e-08  3.48663e+07  1.06573e-01  0.00000e+00
0525  1.07332e+19  9.35951e-23  1.16714e-08  3.49057e+07  1.06913e-01  0.00000e+00
0526  1.07516e+19  9.24275e-23  1.15792e-08  3.49436e+07  1.07254e-01  0.00000e+00
0527  1.07701e+19  9.12875e-23  1.14883e-08  3.49801e+07  1.07596e-01  0.00000e+00
0528  1.07885e+19  9.01739e-23  1.13985e-08  3.50152e+07  1.07938e-01  0.00000e+00
0529  1.08069e+19  8.90855e-23  1.13099e-08  3.50488e+07  1.08281e-01  0.00000e+00
0530  1.08253e+19  8.80215e-23  1.12224e-08  3.50809e+07  1.08625e-01  0.00000e+00
0531  1.08437e+19  8.69810e-23  1.11360e-08  3.51117e+07  1.08970e-01  0.00000e+00
0532  1.08621e+19  8.59631e-23  1.10507e-08  3.51410e+07  1.09317e-01  0.00000e+00
0533  1.08806e+19  8.49672e-23  1.09665e-08  3.51689e+07  1.09664e-01  0.00000e+00
0534  1.08990e+19  8.39924e-23  1.08832e-08  3.51954e+07  1.10013e-01  0.00000e+00
0535  1.09174e+19  8.30382e-23  1.08009e-08  3.52204e+07  1.10363e-01  0.00000e+00
0536  1.09358e+19  8.21037e-23  1.07194e-08  3.52440e+07  1.10714e-01  0.00000e+00
0537  1.09542e+19  8.11884e-23  1.06388e-08  3.52661e+07  1.11067e-01  0.00000e+00
0538  1.09726e+19  8.02917e-23  1.05591e-08  3.52868e+07  1.11420e-01  0.00000e+00
0539  1.09910e+19  7.94131e-23  1.04801e-08  3.53061e+07  1.11775e-01  0.00000e+00
0540  1.10095e+19  7.85524e-23  1.04020e-08  3.53239e+07  1.12132e-01  0.00000e+00
0541  1.10279e+19  7.77091e-23  1.03247e-08  3.53403e+07  1.12489e-01  0.00000e+00
0542  1.10463e+19  7.68830e-23  1.02483e-08  3.53553e+07  1.12847e-01  0.00000e+00
0543  1.10647e+19  7.60737e-23  1.01728e-08  3.53690e+07  1.13206e-01  0.00000e+00
0544  1.10831e+19  7.52807e-23  1.00982e-08  3.53815e+07  1.13567e-01  0.00000e+00
0545  1.11015e+19  7.45034e-23  1.00247e-08  3.53928e+07  1.13928e-01  0.00000e+00
0546  1.11200e+19  7.37414e-23  9.95218e-09  3.54030e+07  1.14289e-01  0.00000e+00
0547  1.11384e+19  7.29942e-23  9.88075e-09  3.54121e+07  1.14652e-01  0.00000e+00
0548  1.11568e+19  7.22617e-23  9.81045e-09  3.54202e+07  1.15016e-01  0.00000e+00
0549  1.11752e+19  7.15435e-23  9.74131e-09  3.54273e+07  1.15380e-01  0.00000e+00
0550  1.11936e+19  7.08401e-23  9.67343e-09  3.54336e+07  1.15746e-01  0.00000e+00
0551  1.12120e+19  7.01501e-23  9.60673e-09  3.54389e+07  1.16113e-01  0.00000e+00
0552  1.12305e+19  6.94792e-23  9.54183e-09  3.54435e+07  1.16479e-01  0.00000e+00
0553  1.12489e+19  6.88039e-23  9.47656e-09  3.54474e+07  1.16856e-01  0.00000e+00
0554  1.12673e+19  6.82187e-23  9.42002e-09  3.54504e+07  1.17192e-01  0.00000e+00
0555  1.12857e+19  6.72358e-23  9.32557e-09  3.54544e+07  1.17773e-01  0.00000e+00
