# Athena++ data at time=9.740000e+12  cycle=652678993  variables=prim 
# i       x1v         rho          press          vel1         vel2         vel3     
0002  1.13875e+18  2.14917e-18  8.97288e-06 -4.09800e+05  1.46607e-09  0.00000e+00
0003  1.15716e+18  9.91565e-19  5.45956e-06  2.43594e+05  7.93074e-03  0.00000e+00
0004  1.17558e+18  6.41286e-19  4.33775e-06  3.11370e+05  1.74215e-02  0.00000e+00
0005  1.19399e+18  4.31072e-19  3.63779e-06  4.31074e+05  2.60041e-02  0.00000e+00
0006  1.21241e+18  2.83179e-19  3.17893e-06  6.30627e+05  3.34733e-02  0.00000e+00
0007  1.23082e+18  1.70276e-19  2.89032e-06  9.60056e+05  4.01730e-02  0.00000e+00
0008  1.24924e+18  1.39930e-19  2.63488e-06  1.18967e+06  4.61857e-02  0.00000e+00
0009  1.26765e+18  1.25873e-19  2.48276e-06  1.25753e+06  5.17674e-02  0.00000e+00
0010  1.28607e+18  1.14905e-19  2.34262e-06  1.33326e+06  5.69943e-02  0.00000e+00
0011  1.30448e+18  1.06792e-19  2.21649e-06  1.39560e+06  6.19065e-02  0.00000e+00
0012  1.32290e+18  9.98068e-20  2.10580e-06  1.44948e+06  6.65447e-02  0.00000e+00
0013  1.34131e+18  9.33614e-20  2.00320e-06  1.50695e+06  7.09317e-02  0.00000e+00
0014  1.35973e+18  8.75135e-20  1.90930e-06  1.56415e+06  7.50887e-02  0.00000e+00
0015  1.37814e+18  8.24346e-20  1.82298e-06  1.61716e+06  7.90338e-02  0.00000e+00
0016  1.39656e+18  7.78874e-20  1.74446e-06  1.66616e+06  8.27865e-02  0.00000e+00
0017  1.41497e+18  7.36956e-20  1.67178e-06  1.71497e+06  8.63614e-02  0.00000e+00
0018  1.43339e+18  6.98516e-20  1.60473e-06  1.76261e+06  8.97739e-02  0.00000e+00
0019  1.45180e+18  6.67281e-20  1.54165e-06  1.80138e+06  9.30317e-02  0.00000e+00
0020  1.47022e+18  6.35916e-20  1.48572e-06  1.83968e+06  9.61544e-02  0.00000e+00
0021  1.48863e+18  6.04282e-20  1.43088e-06  1.88849e+06  9.91465e-02  0.00000e+00
0022  1.50705e+18  5.78120e-20  1.37948e-06  1.92879e+06  1.02014e-01  0.00000e+00
0023  1.52546e+18  5.53940e-20  1.33367e-06  1.96277e+06  1.04771e-01  0.00000e+00
0024  1.54388e+18  5.30245e-20  1.28950e-06  2.00186e+06  1.07423e-01  0.00000e+00
0027  1.56229e+18  5.07857e-20  1.24795e-06  2.04132e+06  1.09978e-01  0.00000e+00
0028  1.58071e+18  4.86844e-20  1.20901e-06  2.08011e+06  1.12440e-01  0.00000e+00
0029  1.59912e+18  4.67009e-20  1.17240e-06  2.11878e+06  1.14816e-01  0.00000e+00
0030  1.61754e+18  4.48176e-20  1.13789e-06  2.15780e+06  1.17112e-01  0.00000e+00
0031  1.63595e+18  4.30203e-20  1.10530e-06  2.19756e+06  1.19333e-01  0.00000e+00
0032  1.65437e+18  4.12975e-20  1.07453e-06  2.23832e+06  1.21482e-01  0.00000e+00
0033  1.67278e+18  3.96614e-20  1.04551e-06  2.27920e+06  1.23565e-01  0.00000e+00
0034  1.69120e+18  3.82031e-20  1.01821e-06  2.31567e+06  1.25586e-01  0.00000e+00
0035  1.70961e+18  3.69267e-20  9.93097e-07  2.34445e+06  1.27551e-01  0.00000e+00
0036  1.72803e+18  3.57836e-20  9.69619e-07  2.36822e+06  1.29464e-01  0.00000e+00
0037  1.74644e+18  3.46918e-20  9.47551e-07  2.39105e+06  1.31331e-01  0.00000e+00
0038  1.76486e+18  3.36110e-20  9.26263e-07  2.41657e+06  1.33152e-01  0.00000e+00
0039  1.78328e+18  3.25468e-20  9.05793e-07  2.44432e+06  1.34930e-01  0.00000e+00
0040  1.80169e+18  3.15095e-20  8.86190e-07  2.47346e+06  1.36668e-01  0.00000e+00
0041  1.82011e+18  3.05017e-20  8.67460e-07  2.50358e+06  1.38367e-01  0.00000e+00
0042  1.83852e+18  2.95216e-20  8.49598e-07  2.53475e+06  1.40030e-01  0.00000e+00
0043  1.85694e+18  2.85181e-20  8.32604e-07  2.56657e+06  1.41661e-01  0.00000e+00
0044  1.87535e+18  2.75540e-20  8.17165e-07  2.60281e+06  1.43250e-01  0.00000e+00
0045  1.89377e+18  2.71368e-20  8.01205e-07  2.63248e+06  1.44771e-01  0.00000e+00
0046  1.91218e+18  2.68523e-20  7.85478e-07  2.63045e+06  1.46264e-01  0.00000e+00
0047  1.93060e+18  2.59448e-20  7.71682e-07  2.62635e+06  1.47891e-01  0.00000e+00
0048  1.94901e+18  2.32867e-20  7.60777e-07  2.66935e+06  1.49685e-01  0.00000e+00
0049  1.96743e+18  2.17524e-20  7.48556e-07  2.78805e+06  1.51289e-01  0.00000e+00
0050  1.98584e+18  2.22773e-20  7.33543e-07  2.89536e+06  1.52331e-01  0.00000e+00
0051  2.00426e+18  2.37417e-20  7.17464e-07  2.90277e+06  1.53102e-01  0.00000e+00
0052  2.02267e+18  2.37089e-20  7.03221e-07  2.86923e+06  1.54175e-01  0.00000e+00
0053  2.04109e+18  2.38611e-20  6.90614e-07  2.76738e+06  1.56023e-01  0.00000e+00
0054  2.05951e+18  2.52038e-20  6.84157e-07  2.55841e+06  1.58257e-01  0.00000e+00
0055  2.07792e+18  2.60473e-20  6.80385e-07  2.38477e+06  1.59559e-01  0.00000e+00
0056  2.09634e+18  2.57786e-20  6.69678e-07  2.39848e+06  1.60106e-01  0.00000e+00
0057  2.11475e+18  2.52427e-20  6.57237e-07  2.43721e+06  1.60577e-01  0.00000e+00
0058  2.13317e+18  2.46844e-20  6.44972e-07  2.48875e+06  1.61293e-01  0.00000e+00
0059  2.15158e+18  2.42050e-20  6.33561e-07  2.53860e+06  1.62365e-01  0.00000e+00
0060  2.17000e+18  2.37762e-20  6.22731e-07  2.58276e+06  1.63651e-01  0.00000e+00
0061  2.18841e+18  2.33703e-20  6.12265e-07  2.62038e+06  1.64883e-01  0.00000e+00
0062  2.20683e+18  2.29840e-20  6.02128e-07  2.65131e+06  1.65938e-01  0.00000e+00
0063  2.22524e+18  2.26264e-20  5.92376e-07  2.67665e+06  1.66883e-01  0.00000e+00
0064  2.24366e+18  2.22903e-20  5.82956e-07  2.69762e+06  1.67846e-01  0.00000e+00
0065  2.26207e+18  2.19345e-20  5.73570e-07  2.71314e+06  1.68895e-01  0.00000e+00
0066  2.28049e+18  2.15164e-20  5.63892e-07  2.72173e+06  1.70006e-01  0.00000e+00
0067  2.29891e+18  2.10468e-20  5.53992e-07  2.72574e+06  1.71089e-01  0.00000e+00
0068  2.31732e+18  2.05561e-20  5.43950e-07  2.72948e+06  1.72078e-01  0.00000e+00
0069  2.33574e+18  2.00534e-20  5.33997e-07  2.73534e+06  1.72983e-01  0.00000e+00
0070  2.35415e+18  1.95645e-20  5.24354e-07  2.74485e+06  1.73846e-01  0.00000e+00
0071  2.37257e+18  1.91323e-20  5.15313e-07  2.75809e+06  1.74703e-01  0.00000e+00
0072  2.39098e+18  1.87874e-20  5.07040e-07  2.77436e+06  1.75564e-01  0.00000e+00
0073  2.40940e+18  1.85314e-20  4.99518e-07  2.79227e+06  1.76419e-01  0.00000e+00
0074  2.42781e+18  1.83378e-20  4.92567e-07  2.81057e+06  1.77256e-01  0.00000e+00
0075  2.44623e+18  1.81691e-20  4.85933e-07  2.82953e+06  1.78080e-01  0.00000e+00
0076  2.46464e+18  1.79931e-20  4.79384e-07  2.85134e+06  1.78904e-01  0.00000e+00
0077  2.48306e+18  1.77801e-20  4.72694e-07  2.87512e+06  1.79711e-01  0.00000e+00
0078  2.50147e+18  1.75812e-20  4.66178e-07  2.90240e+06  1.80470e-01  0.00000e+00
0079  2.51989e+18  1.73458e-20  4.59585e-07  2.94635e+06  1.81295e-01  0.00000e+00
0080  2.53831e+18  1.61022e-20  4.47864e-07  2.90617e+06  1.82645e-01  0.00000e+00
0081  2.55672e+18  9.98169e-21  4.76396e-07  3.20900e+06  1.85019e-01  0.00000e+00
0082  2.57514e+18  5.17830e-21  4.25385e-07  4.83225e+06  1.88181e-01  0.00000e+00
0083  2.59355e+18  3.58989e-21  4.03967e-07  5.85042e+06  1.91887e-01  0.00000e+00
0084  2.61197e+18  2.96048e-21  3.94590e-07  6.44863e+06  1.95870e-01  0.00000e+00
0085  2.63038e+18  2.61240e-21  3.88035e-07  6.89513e+06  1.99992e-01  0.00000e+00
0086  2.64880e+18  2.37500e-21  3.82396e-07  7.27223e+06  2.04198e-01  0.00000e+00
0087  2.66721e+18  2.19542e-21  3.77365e-07  7.60175e+06  2.08463e-01  0.00000e+00
0088  2.68563e+18  2.05254e-21  3.72702e-07  7.89015e+06  2.12774e-01  0.00000e+00
0089  2.70404e+18  1.93090e-21  3.68465e-07  8.14974e+06  2.17133e-01  0.00000e+00
0090  2.72246e+18  1.82419e-21  3.64253e-07  8.39849e+06  2.21541e-01  0.00000e+00
0091  2.74088e+18  1.73025e-21  3.60327e-07  8.63470e+06  2.26005e-01  0.00000e+00
0092  2.75929e+18  1.64653e-21  3.56668e-07  8.86210e+06  2.30530e-01  0.00000e+00
0093  2.77771e+18  1.57095e-21  3.53264e-07  9.08168e+06  2.35128e-01  0.00000e+00
0094  2.79612e+18  1.50218e-21  3.50046e-07  9.29362e+06  2.39805e-01  0.00000e+00
0095  2.81454e+18  1.43939e-21  3.47008e-07  9.49644e+06  2.44570e-01  0.00000e+00
0096  2.83295e+18  1.38198e-21  3.44147e-07  9.68916e+06  2.49431e-01  0.00000e+00
0097  2.85137e+18  1.32891e-21  3.41475e-07  9.87278e+06  2.54397e-01  0.00000e+00
0098  2.86978e+18  1.27947e-21  3.38928e-07  1.00494e+07  2.59475e-01  0.00000e+00
0099  2.88820e+18  1.23336e-21  3.36513e-07  1.02178e+07  2.64672e-01  0.00000e+00
0100  2.90661e+18  1.19026e-21  3.34209e-07  1.03775e+07  2.69993e-01  0.00000e+00
0101  2.92503e+18  1.14992e-21  3.32000e-07  1.05281e+07  2.75442e-01  0.00000e+00
0102  2.94345e+18  1.11213e-21  3.29875e-07  1.06697e+07  2.81018e-01  0.00000e+00
0103  2.96186e+18  1.07672e-21  3.27833e-07  1.08028e+07  2.86718e-01  0.00000e+00
0104  2.98028e+18  1.04357e-21  3.25881e-07  1.09281e+07  2.92537e-01  0.00000e+00
0105  2.99869e+18  1.01257e-21  3.24026e-07  1.10466e+07  2.98462e-01  0.00000e+00
0106  3.01711e+18  9.83606e-22  3.22270e-07  1.11592e+07  3.04482e-01  0.00000e+00
0107  3.03552e+18  9.56572e-22  3.20615e-07  1.12661e+07  3.10580e-01  0.00000e+00
0108  3.05394e+18  9.31377e-22  3.19057e-07  1.13674e+07  3.16739e-01  0.00000e+00
0109  3.07235e+18  9.07906e-22  3.17594e-07  1.14631e+07  3.22946e-01  0.00000e+00
0110  3.09077e+18  8.86062e-22  3.16215e-07  1.15530e+07  3.29186e-01  0.00000e+00
0111  3.10918e+18  8.65735e-22  3.14921e-07  1.16371e+07  3.35454e-01  0.00000e+00
0112  3.12760e+18  8.46784e-22  3.13704e-07  1.17156e+07  3.41745e-01  0.00000e+00
0113  3.14602e+18  8.29062e-22  3.12556e-07  1.17887e+07  3.48065e-01  0.00000e+00
0114  3.16443e+18  8.12416e-22  3.11470e-07  1.18567e+07  3.54423e-01  0.00000e+00
0115  3.18285e+18  7.96695e-22  3.10434e-07  1.19198e+07  3.60836e-01  0.00000e+00
0116  3.20126e+18  7.81756e-22  3.09438e-07  1.19781e+07  3.67326e-01  0.00000e+00
0117  3.21968e+18  7.67465e-22  3.08474e-07  1.20318e+07  3.73917e-01  0.00000e+00
0118  3.23809e+18  7.53709e-22  3.07534e-07  1.20811e+07  3.80637e-01  0.00000e+00
0119  3.25651e+18  7.40393e-22  3.06614e-07  1.21263e+07  3.87516e-01  0.00000e+00
0120  3.27492e+18  7.27441e-22  3.05714e-07  1.21677e+07  3.94585e-01  0.00000e+00
0121  3.29334e+18  7.14799e-22  3.04840e-07  1.22055e+07  4.01873e-01  0.00000e+00
0122  3.31176e+18  7.02419e-22  3.03995e-07  1.22398e+07  4.09410e-01  0.00000e+00
0123  3.33017e+18  6.90269e-22  3.03187e-07  1.22712e+07  4.17222e-01  0.00000e+00
0124  3.34859e+18  6.78355e-22  3.02419e-07  1.22994e+07  4.25335e-01  0.00000e+00
0125  3.36700e+18  6.66661e-22  3.01695e-07  1.23246e+07  4.33771e-01  0.00000e+00
0126  3.38542e+18  6.55140e-22  3.01013e-07  1.23471e+07  4.42543e-01  0.00000e+00
0127  3.40383e+18  6.43714e-22  3.00365e-07  1.23675e+07  4.51658e-01  0.00000e+00
0128  3.42225e+18  6.32433e-22  2.99752e-07  1.23855e+07  4.61151e-01  0.00000e+00
0129  3.44066e+18  6.21752e-22  2.99188e-07  1.24004e+07  4.71034e-01  0.00000e+00
0130  3.45908e+18  6.11449e-22  2.98641e-07  1.24138e+07  4.81056e-01  0.00000e+00
0131  3.47749e+18  5.98436e-22  2.98080e-07  1.24274e+07  4.91018e-01  0.00000e+00
0132  3.49591e+18  5.82944e-22  2.97610e-07  1.24366e+07  5.02847e-01  0.00000e+00
0133  3.51433e+18  5.80937e-22  2.97210e-07  1.24386e+07  5.19688e-01  0.00000e+00
0134  3.53274e+18  5.97740e-22  2.96680e-07  1.24492e+07  5.27512e-01  0.00000e+00
0135  3.55116e+18  7.83005e-22  2.96015e-07  1.24835e+07  5.22125e-01  0.00000e+00
0136  3.56957e+18  2.34429e-21  2.95429e-07  1.23617e+07  4.77209e-01  0.00000e+00
0137  3.58799e+18  8.95706e-21  2.51627e-07  1.10057e+07  3.58373e-01  0.00000e+00
0138  3.60640e+18  1.28452e-20  2.77073e-07  9.47498e+06  2.45590e-01  0.00000e+00
0139  3.62482e+18  1.26749e-20  2.73016e-07  9.28392e+06  1.73422e-01  0.00000e+00
0140  3.64323e+18  1.21226e-20  2.64942e-07  9.31235e+06  1.47900e-01  0.00000e+00
0141  3.66165e+18  1.13691e-20  2.54072e-07  9.37134e+06  1.44404e-01  0.00000e+00
0142  3.68007e+18  1.06323e-20  2.43706e-07  9.42840e+06  1.44343e-01  0.00000e+00
0143  3.69848e+18  9.95223e-21  2.33553e-07  9.48468e+06  1.44464e-01  0.00000e+00
0144  3.71690e+18  9.29488e-21  2.23942e-07  9.55150e+06  1.44901e-01  0.00000e+00
0145  3.73531e+18  8.57037e-21  2.14591e-07  9.62843e+06  1.45811e-01  0.00000e+00
0146  3.75373e+18  7.51376e-21  2.04412e-07  9.70539e+06  1.47227e-01  0.00000e+00
0147  3.77214e+18  5.76295e-21  2.01553e-07  9.93039e+06  1.48987e-01  0.00000e+00
0148  3.79056e+18  3.73369e-21  1.91068e-07  1.08337e+07  1.50854e-01  0.00000e+00
0149  3.80897e+18  2.47767e-21  1.74443e-07  1.20543e+07  1.52759e-01  0.00000e+00
0150  3.82739e+18  1.88501e-21  1.64584e-07  1.29281e+07  1.54678e-01  0.00000e+00
0151  3.84581e+18  1.57861e-21  1.58142e-07  1.35576e+07  1.56582e-01  0.00000e+00
0152  3.86422e+18  1.39237e-21  1.53088e-07  1.40566e+07  1.58452e-01  0.00000e+00
0153  3.88264e+18  1.26278e-21  1.48786e-07  1.44823e+07  1.60279e-01  0.00000e+00
0154  3.90105e+18  1.16449e-21  1.44948e-07  1.48614e+07  1.62056e-01  0.00000e+00
0155  3.91947e+18  1.08590e-21  1.41478e-07  1.52058e+07  1.63780e-01  0.00000e+00
0156  3.93788e+18  1.02083e-21  1.38297e-07  1.55233e+07  1.65449e-01  0.00000e+00
0157  3.95630e+18  9.65579e-22  1.35345e-07  1.58194e+07  1.67061e-01  0.00000e+00
0158  3.97471e+18  9.17518e-22  1.32598e-07  1.60988e+07  1.68617e-01  0.00000e+00
0159  3.99313e+18  8.74914e-22  1.29979e-07  1.63678e+07  1.70115e-01  0.00000e+00
0160  4.01155e+18  8.36927e-22  1.27498e-07  1.66257e+07  1.71559e-01  0.00000e+00
0161  4.02996e+18  8.02786e-22  1.25145e-07  1.68734e+07  1.72949e-01  0.00000e+00
0162  4.04838e+18  7.71815e-22  1.22901e-07  1.71125e+07  1.74289e-01  0.00000e+00
0163  4.06679e+18  7.43529e-22  1.20755e-07  1.73439e+07  1.75583e-01  0.00000e+00
0164  4.08521e+18  7.17568e-22  1.18700e-07  1.75681e+07  1.76834e-01  0.00000e+00
0165  4.10362e+18  6.93638e-22  1.16733e-07  1.77852e+07  1.78047e-01  0.00000e+00
0166  4.12204e+18  6.71491e-22  1.14848e-07  1.79954e+07  1.79227e-01  0.00000e+00
0167  4.14045e+18  6.50931e-22  1.13040e-07  1.81988e+07  1.80377e-01  0.00000e+00
0168  4.15887e+18  6.31748e-22  1.11308e-07  1.83959e+07  1.81502e-01  0.00000e+00
0169  4.17728e+18  6.13724e-22  1.09638e-07  1.85880e+07  1.82606e-01  0.00000e+00
0170  4.19570e+18  5.96728e-22  1.08027e-07  1.87756e+07  1.83694e-01  0.00000e+00
0171  4.21412e+18  5.80671e-22  1.06471e-07  1.89586e+07  1.84767e-01  0.00000e+00
0172  4.23253e+18  5.65463e-22  1.04969e-07  1.91372e+07  1.85830e-01  0.00000e+00
0173  4.25095e+18  5.51015e-22  1.03518e-07  1.93118e+07  1.86884e-01  0.00000e+00
0174  4.26936e+18  5.37270e-22  1.02114e-07  1.94824e+07  1.87932e-01  0.00000e+00
0175  4.28778e+18  5.24181e-22  1.00757e-07  1.96491e+07  1.88975e-01  0.00000e+00
0176  4.30619e+18  5.11708e-22  9.94439e-08  1.98118e+07  1.90013e-01  0.00000e+00
0177  4.32461e+18  4.99817e-22  9.81745e-08  1.99706e+07  1.91047e-01  0.00000e+00
0178  4.34302e+18  4.88476e-22  9.69473e-08  2.01254e+07  1.92078e-01  0.00000e+00
0179  4.36144e+18  4.77655e-22  9.57614e-08  2.02763e+07  1.93104e-01  0.00000e+00
0180  4.37986e+18  4.67320e-22  9.46149e-08  2.04233e+07  1.94126e-01  0.00000e+00
0181  4.39827e+18  4.57448e-22  9.35070e-08  2.05665e+07  1.95144e-01  0.00000e+00
0182  4.41669e+18  4.48018e-22  9.24370e-08  2.07058e+07  1.96156e-01  0.00000e+00
0183  4.43510e+18  4.39010e-22  9.14044e-08  2.08412e+07  1.97161e-01  0.00000e+00
0184  4.45352e+18  4.30403e-22  9.04081e-08  2.09727e+07  1.98161e-01  0.00000e+00
0185  4.47193e+18  4.22176e-22  8.94466e-08  2.11003e+07  1.99153e-01  0.00000e+00
0186  4.49035e+18  4.14308e-22  8.85184e-08  2.12243e+07  2.00138e-01  0.00000e+00
0187  4.50876e+18  4.06780e-22  8.76216e-08  2.13445e+07  2.01116e-01  0.00000e+00
0188  4.52718e+18  3.99569e-22  8.67546e-08  2.14614e+07  2.02086e-01  0.00000e+00
0189  4.54560e+18  3.92655e-22  8.59157e-08  2.15749e+07  2.03049e-01  0.00000e+00
0190  4.56401e+18  3.86021e-22  8.51036e-08  2.16853e+07  2.04005e-01  0.00000e+00
0191  4.58243e+18  3.79652e-22  8.43177e-08  2.17925e+07  2.04955e-01  0.00000e+00
0192  4.60084e+18  3.73533e-22  8.35576e-08  2.18964e+07  2.05900e-01  0.00000e+00
0193  4.61926e+18  3.67654e-22  8.28232e-08  2.19971e+07  2.06839e-01  0.00000e+00
0194  4.63767e+18  3.62001e-22  8.21144e-08  2.20945e+07  2.07775e-01  0.00000e+00
0195  4.65609e+18  3.56564e-22  8.14307e-08  2.21885e+07  2.08709e-01  0.00000e+00
0196  4.67450e+18  3.51330e-22  8.07716e-08  2.22792e+07  2.09642e-01  0.00000e+00
0197  4.69292e+18  3.46286e-22  8.01363e-08  2.23666e+07  2.10574e-01  0.00000e+00
0198  4.71134e+18  3.41427e-22  7.95238e-08  2.24507e+07  2.11508e-01  0.00000e+00
0199  4.72975e+18  3.36734e-22  7.89327e-08  2.25319e+07  2.12445e-01  0.00000e+00
0200  4.74817e+18  3.32188e-22  7.83590e-08  2.26106e+07  2.13386e-01  0.00000e+00
0201  4.76658e+18  3.27777e-22  7.78017e-08  2.26871e+07  2.14332e-01  0.00000e+00
0202  4.78500e+18  3.23497e-22  7.72600e-08  2.27613e+07  2.15284e-01  0.00000e+00
0203  4.80341e+18  3.19340e-22  7.67336e-08  2.28334e+07  2.16242e-01  0.00000e+00
0204  4.82183e+18  3.15304e-22  7.62225e-08  2.29033e+07  2.17208e-01  0.00000e+00
0205  4.84024e+18  3.11383e-22  7.57269e-08  2.29708e+07  2.18181e-01  0.00000e+00
0206  4.85866e+18  3.07576e-22  7.52470e-08  2.30359e+07  2.19163e-01  0.00000e+00
0207  4.87708e+18  3.03880e-22  7.47828e-08  2.30986e+07  2.20153e-01  0.00000e+00
0208  4.89549e+18  3.00290e-22  7.43339e-08  2.31589e+07  2.21152e-01  0.00000e+00
0209  4.91391e+18  2.96803e-22  7.38996e-08  2.32168e+07  2.22160e-01  0.00000e+00
0210  4.93232e+18  2.93414e-22  7.34789e-08  2.32725e+07  2.23176e-01  0.00000e+00
0211  4.95074e+18  2.90119e-22  7.30704e-08  2.33261e+07  2.24200e-01  0.00000e+00
0212  4.96915e+18  2.86906e-22  7.26732e-08  2.33779e+07  2.25233e-01  0.00000e+00
0213  4.98757e+18  2.83770e-22  7.22858e-08  2.34282e+07  2.26273e-01  0.00000e+00
0214  5.00598e+18  2.80711e-22  7.19077e-08  2.34770e+07  2.27321e-01  0.00000e+00
0215  5.02440e+18  2.77730e-22  7.15393e-08  2.35240e+07  2.28375e-01  0.00000e+00
0216  5.04282e+18  2.74828e-22  7.11806e-08  2.35694e+07  2.29437e-01  0.00000e+00
0217  5.06123e+18  2.72002e-22  7.08320e-08  2.36130e+07  2.30505e-01  0.00000e+00
0218  5.07965e+18  2.69252e-22  7.04935e-08  2.36548e+07  2.31578e-01  0.00000e+00
0219  5.09806e+18  2.66577e-22  7.01652e-08  2.36947e+07  2.32657e-01  0.00000e+00
0220  5.11648e+18  2.63975e-22  6.98470e-08  2.37327e+07  2.33742e-01  0.00000e+00
0221  5.13489e+18  2.61442e-22  6.95381e-08  2.37690e+07  2.34831e-01  0.00000e+00
0222  5.15331e+18  2.58975e-22  6.92378e-08  2.38037e+07  2.35925e-01  0.00000e+00
0223  5.17172e+18  2.56571e-22  6.89451e-08  2.38368e+07  2.37024e-01  0.00000e+00
0224  5.19014e+18  2.54226e-22  6.86591e-08  2.38687e+07  2.38126e-01  0.00000e+00
0225  5.20856e+18  2.51939e-22  6.83793e-08  2.38993e+07  2.39233e-01  0.00000e+00
0226  5.22697e+18  2.49705e-22  6.81051e-08  2.39288e+07  2.40343e-01  0.00000e+00
0227  5.24539e+18  2.47525e-22  6.78365e-08  2.39572e+07  2.41457e-01  0.00000e+00
0228  5.26380e+18  2.45397e-22  6.75738e-08  2.39844e+07  2.42574e-01  0.00000e+00
0229  5.28222e+18  2.43321e-22  6.73170e-08  2.40103e+07  2.43695e-01  0.00000e+00
0230  5.30063e+18  2.41295e-22  6.70665e-08  2.40349e+07  2.44818e-01  0.00000e+00
0231  5.31905e+18  2.39319e-22  6.68219e-08  2.40583e+07  2.45945e-01  0.00000e+00
0232  5.33746e+18  2.37390e-22  6.65830e-08  2.40805e+07  2.47074e-01  0.00000e+00
0233  5.35588e+18  2.35507e-22  6.63492e-08  2.41016e+07  2.48206e-01  0.00000e+00
0234  5.37430e+18  2.33667e-22  6.61199e-08  2.41217e+07  2.49341e-01  0.00000e+00
0235  5.39271e+18  2.31867e-22  6.58945e-08  2.41409e+07  2.50478e-01  0.00000e+00
0236  5.41113e+18  2.30107e-22  6.56728e-08  2.41593e+07  2.51618e-01  0.00000e+00
0237  5.42954e+18  2.28385e-22  6.54544e-08  2.41770e+07  2.52762e-01  0.00000e+00
0238  5.44796e+18  2.26699e-22  6.52394e-08  2.41938e+07  2.53909e-01  0.00000e+00
0239  5.46637e+18  2.25049e-22  6.50277e-08  2.42099e+07  2.55060e-01  0.00000e+00
0240  5.48479e+18  2.23434e-22  6.48198e-08  2.42252e+07  2.56217e-01  0.00000e+00
0241  5.50320e+18  2.21851e-22  6.46159e-08  2.42395e+07  2.57381e-01  0.00000e+00
0242  5.52162e+18  2.20301e-22  6.44165e-08  2.42528e+07  2.58554e-01  0.00000e+00
0243  5.54004e+18  2.18781e-22  6.42218e-08  2.42651e+07  2.59738e-01  0.00000e+00
0244  5.55845e+18  2.17289e-22  6.40318e-08  2.42763e+07  2.60937e-01  0.00000e+00
0245  5.57687e+18  2.15820e-22  6.38466e-08  2.42864e+07  2.62155e-01  0.00000e+00
0246  5.59528e+18  2.14373e-22  6.36659e-08  2.42955e+07  2.63395e-01  0.00000e+00
0247  5.61370e+18  2.12941e-22  6.34894e-08  2.43036e+07  2.64662e-01  0.00000e+00
0248  5.63211e+18  2.11522e-22  6.33168e-08  2.43108e+07  2.65961e-01  0.00000e+00
0249  5.65053e+18  2.10110e-22  6.31477e-08  2.43171e+07  2.67297e-01  0.00000e+00
0250  5.66894e+18  2.08702e-22  6.29819e-08  2.43227e+07  2.68676e-01  0.00000e+00
0251  5.68736e+18  2.07293e-22  6.28190e-08  2.43276e+07  2.70102e-01  0.00000e+00
0252  5.70578e+18  2.05881e-22  6.26589e-08  2.43318e+07  2.71579e-01  0.00000e+00
0253  5.72419e+18  2.04464e-22  6.25014e-08  2.43353e+07  2.73110e-01  0.00000e+00
0254  5.74261e+18  2.03041e-22  6.23465e-08  2.43382e+07  2.74697e-01  0.00000e+00
0255  5.76102e+18  2.01613e-22  6.21942e-08  2.43405e+07  2.76341e-01  0.00000e+00
0256  5.77944e+18  2.00181e-22  6.20444e-08  2.43421e+07  2.78039e-01  0.00000e+00
0257  5.79785e+18  1.98749e-22  6.18972e-08  2.43431e+07  2.79787e-01  0.00000e+00
0258  5.81627e+18  1.97322e-22  6.17521e-08  2.43436e+07  2.81577e-01  0.00000e+00
0259  5.83468e+18  1.95904e-22  6.16079e-08  2.43436e+07  2.83398e-01  0.00000e+00
0260  5.85310e+18  1.94503e-22  6.14647e-08  2.43435e+07  2.85238e-01  0.00000e+00
0261  5.87152e+18  1.93129e-22  6.13219e-08  2.43432e+07  2.87080e-01  0.00000e+00
0262  5.88993e+18  1.91792e-22  6.11795e-08  2.43429e+07  2.88907e-01  0.00000e+00
0263  5.90835e+18  1.90501e-22  6.10377e-08  2.43423e+07  2.90699e-01  0.00000e+00
0264  5.92676e+18  1.89267e-22  6.08967e-08  2.43416e+07  2.92439e-01  0.00000e+00
0265  5.94518e+18  1.88099e-22  6.07566e-08  2.43406e+07  2.94108e-01  0.00000e+00
0266  5.96359e+18  1.87000e-22  6.06174e-08  2.43395e+07  2.95694e-01  0.00000e+00
0267  5.98201e+18  1.85975e-22  6.04791e-08  2.43382e+07  2.97186e-01  0.00000e+00
0268  6.00043e+18  1.85023e-22  6.03415e-08  2.43367e+07  2.98581e-01  0.00000e+00
0269  6.01884e+18  1.84138e-22  6.02046e-08  2.43351e+07  2.99881e-01  0.00000e+00
0270  6.03726e+18  1.83315e-22  6.00683e-08  2.43334e+07  3.01092e-01  0.00000e+00
0271  6.05567e+18  1.82544e-22  5.99324e-08  2.43316e+07  3.02229e-01  0.00000e+00
0272  6.07409e+18  1.81814e-22  5.97969e-08  2.43299e+07  3.03305e-01  0.00000e+00
0273  6.09250e+18  1.81115e-22  5.96617e-08  2.43281e+07  3.04339e-01  0.00000e+00
0274  6.11092e+18  1.80436e-22  5.95267e-08  2.43264e+07  3.05350e-01  0.00000e+00
0275  6.12933e+18  1.79767e-22  5.93919e-08  2.43247e+07  3.06354e-01  0.00000e+00
0276  6.14775e+18  1.79099e-22  5.92573e-08  2.43230e+07  3.07367e-01  0.00000e+00
0277  6.16617e+18  1.78426e-22  5.91229e-08  2.43214e+07  3.08403e-01  0.00000e+00
0278  6.18458e+18  1.77743e-22  5.89887e-08  2.43198e+07  3.09471e-01  0.00000e+00
0279  6.20300e+18  1.77048e-22  5.88549e-08  2.43182e+07  3.10579e-01  0.00000e+00
0280  6.22141e+18  1.76340e-22  5.87215e-08  2.43166e+07  3.11729e-01  0.00000e+00
0281  6.23983e+18  1.75621e-22  5.85885e-08  2.43150e+07  3.12922e-01  0.00000e+00
0282  6.25824e+18  1.74893e-22  5.84556e-08  2.43135e+07  3.14155e-01  0.00000e+00
0283  6.27666e+18  1.74159e-22  5.83228e-08  2.43121e+07  3.15421e-01  0.00000e+00
0284  6.29507e+18  1.73424e-22  5.81900e-08  2.43107e+07  3.16714e-01  0.00000e+00
0285  6.31349e+18  1.72692e-22  5.80570e-08  2.43096e+07  3.18025e-01  0.00000e+00
0286  6.33191e+18  1.71968e-22  5.79240e-08  2.43085e+07  3.19346e-01  0.00000e+00
0287  6.35032e+18  1.71255e-22  5.77912e-08  2.43075e+07  3.20671e-01  0.00000e+00
0288  6.36874e+18  1.70556e-22  5.76585e-08  2.43066e+07  3.21993e-01  0.00000e+00
0289  6.38715e+18  1.69874e-22  5.75262e-08  2.43057e+07  3.23309e-01  0.00000e+00
0290  6.40557e+18  1.69207e-22  5.73944e-08  2.43048e+07  3.24615e-01  0.00000e+00
0291  6.42398e+18  1.68557e-22  5.72630e-08  2.43039e+07  3.25913e-01  0.00000e+00
0292  6.44240e+18  1.67922e-22  5.71322e-08  2.43031e+07  3.27201e-01  0.00000e+00
0293  6.46081e+18  1.67301e-22  5.70018e-08  2.43022e+07  3.28484e-01  0.00000e+00
0294  6.47923e+18  1.66692e-22  5.68718e-08  2.43013e+07  3.29762e-01  0.00000e+00
0295  6.49765e+18  1.66093e-22  5.67422e-08  2.43005e+07  3.31040e-01  0.00000e+00
0296  6.51606e+18  1.65502e-22  5.66130e-08  2.42998e+07  3.32319e-01  0.00000e+00
0297  6.53448e+18  1.64918e-22  5.64841e-08  2.42990e+07  3.33603e-01  0.00000e+00
0298  6.55289e+18  1.64341e-22  5.63555e-08  2.42983e+07  3.34894e-01  0.00000e+00
0299  6.57131e+18  1.63771e-22  5.62273e-08  2.42977e+07  3.36192e-01  0.00000e+00
0300  6.58972e+18  1.63206e-22  5.60993e-08  2.42971e+07  3.37499e-01  0.00000e+00
0301  6.60814e+18  1.62647e-22  5.59717e-08  2.42965e+07  3.38816e-01  0.00000e+00
0302  6.62655e+18  1.62094e-22  5.58444e-08  2.42960e+07  3.40142e-01  0.00000e+00
0303  6.64497e+18  1.61547e-22  5.57174e-08  2.42956e+07  3.41479e-01  0.00000e+00
0304  6.66339e+18  1.61006e-22  5.55908e-08  2.42952e+07  3.42826e-01  0.00000e+00
0305  6.68180e+18  1.60470e-22  5.54644e-08  2.42948e+07  3.44183e-01  0.00000e+00
0306  6.70022e+18  1.59940e-22  5.53384e-08  2.42944e+07  3.45550e-01  0.00000e+00
0307  6.71863e+18  1.59415e-22  5.52126e-08  2.42941e+07  3.46927e-01  0.00000e+00
0308  6.73705e+18  1.58895e-22  5.50872e-08  2.42939e+07  3.48314e-01  0.00000e+00
0309  6.75546e+18  1.58380e-22  5.49622e-08  2.42936e+07  3.49712e-01  0.00000e+00
0310  6.77388e+18  1.57871e-22  5.48374e-08  2.42934e+07  3.51120e-01  0.00000e+00
0311  6.79229e+18  1.57366e-22  5.47129e-08  2.42933e+07  3.52540e-01  0.00000e+00
0312  6.81071e+18  1.56866e-22  5.45888e-08  2.42931e+07  3.53971e-01  0.00000e+00
0313  6.82913e+18  1.56371e-22  5.44650e-08  2.42930e+07  3.55414e-01  0.00000e+00
0314  6.84754e+18  1.55879e-22  5.43415e-08  2.42929e+07  3.56871e-01  0.00000e+00
0315  6.86596e+18  1.55391e-22  5.42184e-08  2.42930e+07  3.58342e-01  0.00000e+00
0316  6.88437e+18  1.54907e-22  5.40954e-08  2.42931e+07  3.59828e-01  0.00000e+00
0317  6.90279e+18  1.54426e-22  5.39726e-08  2.42932e+07  3.61330e-01  0.00000e+00
0318  6.92120e+18  1.53947e-22  5.38498e-08  2.42934e+07  3.62849e-01  0.00000e+00
0319  6.93962e+18  1.53470e-22  5.37271e-08  2.42937e+07  3.64386e-01  0.00000e+00
0320  6.95803e+18  1.52994e-22  5.36046e-08  2.42940e+07  3.65942e-01  0.00000e+00
0321  6.97645e+18  1.52521e-22  5.34823e-08  2.42943e+07  3.67518e-01  0.00000e+00
0322  6.99487e+18  1.52049e-22  5.33604e-08  2.42946e+07  3.69116e-01  0.00000e+00
0323  7.01328e+18  1.51579e-22  5.32389e-08  2.42949e+07  3.70737e-01  0.00000e+00
0324  7.03170e+18  1.51109e-22  5.31178e-08  2.42951e+07  3.72381e-01  0.00000e+00
0325  7.05011e+18  1.50640e-22  5.29972e-08  2.42953e+07  3.74051e-01  0.00000e+00
0326  7.06853e+18  1.50172e-22  5.28772e-08  2.42955e+07  3.75746e-01  0.00000e+00
0327  7.08694e+18  1.49705e-22  5.27577e-08  2.42956e+07  3.77468e-01  0.00000e+00
0328  7.10536e+18  1.49238e-22  5.26387e-08  2.42956e+07  3.79218e-01  0.00000e+00
0329  7.12378e+18  1.48771e-22  5.25202e-08  2.42955e+07  3.80995e-01  0.00000e+00
0330  7.14219e+18  1.48304e-22  5.24023e-08  2.42954e+07  3.82800e-01  0.00000e+00
0331  7.16061e+18  1.47833e-22  5.22850e-08  2.42952e+07  3.84634e-01  0.00000e+00
0332  7.17902e+18  1.47359e-22  5.21682e-08  2.42949e+07  3.86495e-01  0.00000e+00
0333  7.19744e+18  1.46883e-22  5.20520e-08  2.42947e+07  3.88383e-01  0.00000e+00
0334  7.21585e+18  1.46407e-22  5.19363e-08  2.42944e+07  3.90298e-01  0.00000e+00
0335  7.23427e+18  1.45933e-22  5.18212e-08  2.42940e+07  3.92239e-01  0.00000e+00
0336  7.25268e+18  1.45461e-22  5.17067e-08  2.42936e+07  3.94203e-01  0.00000e+00
0337  7.27110e+18  1.44991e-22  5.15928e-08  2.42931e+07  3.96190e-01  0.00000e+00
0338  7.28952e+18  1.44526e-22  5.14797e-08  2.42925e+07  3.98198e-01  0.00000e+00
0339  7.30793e+18  1.44064e-22  5.13673e-08  2.42918e+07  4.00226e-01  0.00000e+00
0340  7.32635e+18  1.43607e-22  5.12556e-08  2.42909e+07  4.02273e-01  0.00000e+00
0341  7.34476e+18  1.43154e-22  5.11448e-08  2.42899e+07  4.04337e-01  0.00000e+00
0342  7.36318e+18  1.42706e-22  5.10349e-08  2.42888e+07  4.06418e-01  0.00000e+00
0343  7.38159e+18  1.42263e-22  5.09255e-08  2.42876e+07  4.08515e-01  0.00000e+00
0344  7.40001e+18  1.41824e-22  5.08157e-08  2.42866e+07  4.10626e-01  0.00000e+00
0345  7.41842e+18  1.41386e-22  5.07045e-08  2.42860e+07  4.12753e-01  0.00000e+00
0346  7.43684e+18  1.40952e-22  5.05928e-08  2.42860e+07  4.14894e-01  0.00000e+00
0347  7.45526e+18  1.40518e-22  5.04789e-08  2.42865e+07  4.17049e-01  0.00000e+00
0348  7.47367e+18  1.40087e-22  5.03637e-08  2.42875e+07  4.19220e-01  0.00000e+00
0349  7.49209e+18  1.39657e-22  5.02474e-08  2.42889e+07  4.21407e-01  0.00000e+00
0350  7.51050e+18  1.39230e-22  5.01304e-08  2.42906e+07  4.23613e-01  0.00000e+00
0351  7.52892e+18  1.38805e-22  5.00133e-08  2.42925e+07  4.25837e-01  0.00000e+00
0352  7.54733e+18  1.38382e-22  4.98961e-08  2.42946e+07  4.28084e-01  0.00000e+00
0353  7.56575e+18  1.37960e-22  4.97789e-08  2.42967e+07  4.30355e-01  0.00000e+00
0354  7.58416e+18  1.37540e-22  4.96623e-08  2.42988e+07  4.32654e-01  0.00000e+00
0355  7.60258e+18  1.37122e-22  4.95474e-08  2.43005e+07  4.34982e-01  0.00000e+00
0356  7.62100e+18  1.36710e-22  4.94355e-08  2.43017e+07  4.37343e-01  0.00000e+00
0357  7.63941e+18  1.36302e-22  4.93259e-08  2.43018e+07  4.39741e-01  0.00000e+00
0358  7.65783e+18  1.35901e-22  4.92193e-08  2.43014e+07  4.42178e-01  0.00000e+00
0359  7.67624e+18  1.35502e-22  4.91155e-08  2.43003e+07  4.44656e-01  0.00000e+00
0360  7.69466e+18  1.35088e-22  4.90137e-08  2.42987e+07  4.47171e-01  0.00000e+00
0361  7.71307e+18  1.34620e-22  4.89137e-08  2.42966e+07  4.49724e-01  0.00000e+00
0362  7.73149e+18  1.34056e-22  4.88151e-08  2.42943e+07  4.52329e-01  0.00000e+00
0363  7.74990e+18  1.33460e-22  4.87175e-08  2.42918e+07  4.55051e-01  0.00000e+00
0364  7.76832e+18  1.33137e-22  4.86207e-08  2.42891e+07  4.58048e-01  0.00000e+00
0365  7.78674e+18  1.33121e-22  4.85240e-08  2.42866e+07  4.61548e-01  0.00000e+00
0366  7.80515e+18  1.33206e-22  4.84270e-08  2.42841e+07  4.65543e-01  0.00000e+00
0367  7.82357e+18  1.33591e-22  4.83294e-08  2.42820e+07  4.68821e-01  0.00000e+00
0368  7.84198e+18  1.34690e-22  4.82303e-08  2.42803e+07  4.69739e-01  0.00000e+00
0369  7.86040e+18  1.37310e-22  4.81284e-08  2.42791e+07  4.69629e-01  0.00000e+00
0370  7.87881e+18  1.42954e-22  4.80230e-08  2.42793e+07  4.68821e-01  0.00000e+00
0371  7.89723e+18  1.54272e-22  4.79090e-08  2.42807e+07  4.66368e-01  0.00000e+00
0372  7.91564e+18  1.75619e-22  4.77797e-08  2.42834e+07  4.61056e-01  0.00000e+00
0373  7.93406e+18  2.13425e-22  4.76218e-08  2.42866e+07  4.51520e-01  0.00000e+00
0374  7.95248e+18  2.75901e-22  4.74252e-08  2.42917e+07  4.36374e-01  0.00000e+00
0375  7.97089e+18  3.71721e-22  4.71793e-08  2.43100e+07  4.14427e-01  0.00000e+00
0376  7.98931e+18  5.07775e-22  4.68582e-08  2.43676e+07  3.85129e-01  0.00000e+00
0377  8.00772e+18  6.81981e-22  4.63748e-08  2.44900e+07  3.49573e-01  0.00000e+00
0378  8.02614e+18  8.55284e-22  4.56046e-08  2.46684e+07  3.11513e-01  0.00000e+00
0379  8.04455e+18  9.41185e-22  4.45841e-08  2.48733e+07  2.75443e-01  0.00000e+00
0380  8.06297e+18  9.47225e-22  4.33744e-08  2.51023e+07  2.42972e-01  0.00000e+00
0381  8.08139e+18  9.38241e-22  4.19563e-08  2.53691e+07  2.14348e-01  0.00000e+00
0382  8.09980e+18  9.06764e-22  4.03444e-08  2.56830e+07  1.89806e-01  0.00000e+00
0383  8.11822e+18  8.47567e-22  3.86092e-08  2.60430e+07  1.69377e-01  0.00000e+00
0384  8.13663e+18  7.66867e-22  3.68600e-08  2.64351e+07  1.52783e-01  0.00000e+00
0385  8.15505e+18  6.77771e-22  3.51987e-08  2.68339e+07  1.39503e-01  0.00000e+00
0386  8.17346e+18  5.92833e-22  3.37074e-08  2.72099e+07  1.28919e-01  0.00000e+00
0387  8.19188e+18  5.19354e-22  3.24258e-08  2.75423e+07  1.20457e-01  0.00000e+00
0388  8.21029e+18  4.59350e-22  3.13349e-08  2.78259e+07  1.13701e-01  0.00000e+00
0389  8.22871e+18  4.11728e-22  3.03955e-08  2.80659e+07  1.08502e-01  0.00000e+00
0390  8.24713e+18  3.74274e-22  2.95667e-08  2.82718e+07  1.05053e-01  0.00000e+00
0391  8.26554e+18  3.44729e-22  2.88209e-08  2.84517e+07  1.03525e-01  0.00000e+00
0392  8.28396e+18  3.21162e-22  2.81392e-08  2.86117e+07  1.03248e-01  0.00000e+00
0393  8.30237e+18  3.02037e-22  2.75108e-08  2.87564e+07  1.03247e-01  0.00000e+00
0394  8.32079e+18  2.86200e-22  2.69278e-08  2.88904e+07  1.03272e-01  0.00000e+00
0395  8.33920e+18  2.72830e-22  2.63824e-08  2.90169e+07  1.03342e-01  0.00000e+00
0396  8.35762e+18  2.61351e-22  2.58702e-08  2.91380e+07  1.03464e-01  0.00000e+00
0397  8.37603e+18  2.51336e-22  2.53878e-08  2.92546e+07  1.03639e-01  0.00000e+00
0398  8.39445e+18  2.42460e-22  2.49324e-08  2.93677e+07  1.03858e-01  0.00000e+00
0399  8.41287e+18  2.34483e-22  2.45002e-08  2.94778e+07  1.04115e-01  0.00000e+00
0400  8.43128e+18  2.27227e-22  2.40883e-08  2.95851e+07  1.04401e-01  0.00000e+00
0401  8.44970e+18  2.20563e-22  2.36941e-08  2.96897e+07  1.04709e-01  0.00000e+00
0402  8.46811e+18  2.14398e-22  2.33154e-08  2.97914e+07  1.05034e-01  0.00000e+00
0403  8.48653e+18  2.08656e-22  2.29501e-08  2.98902e+07  1.05372e-01  0.00000e+00
0404  8.50494e+18  2.03272e-22  2.25971e-08  2.99861e+07  1.05721e-01  0.00000e+00
0405  8.52336e+18  1.98190e-22  2.22556e-08  3.00797e+07  1.06079e-01  0.00000e+00
0406  8.54177e+18  1.93377e-22  2.19237e-08  3.01714e+07  1.06444e-01  0.00000e+00
0407  8.56019e+18  1.88813e-22  2.16017e-08  3.02612e+07  1.06814e-01  0.00000e+00
0408  8.57861e+18  1.84480e-22  2.12895e-08  3.03490e+07  1.07190e-01  0.00000e+00
0409  8.59702e+18  1.80361e-22  2.09871e-08  3.04350e+07  1.07571e-01  0.00000e+00
0410  8.61544e+18  1.76438e-22  2.06941e-08  3.05194e+07  1.07955e-01  0.00000e+00
0411  8.63385e+18  1.72697e-22  2.04102e-08  3.06025e+07  1.08342e-01  0.00000e+00
0412  8.65227e+18  1.69126e-22  2.01351e-08  3.06843e+07  1.08732e-01  0.00000e+00
0413  8.67068e+18  1.65713e-22  1.98684e-08  3.07650e+07  1.09124e-01  0.00000e+00
0414  8.68910e+18  1.62449e-22  1.96099e-08  3.08444e+07  1.09518e-01  0.00000e+00
0415  8.70751e+18  1.59324e-22  1.93593e-08  3.09228e+07  1.09913e-01  0.00000e+00
0416  8.72593e+18  1.56329e-22  1.91161e-08  3.10000e+07  1.10310e-01  0.00000e+00
0417  8.74435e+18  1.53456e-22  1.88799e-08  3.10760e+07  1.10708e-01  0.00000e+00
0418  8.76276e+18  1.50695e-22  1.86505e-08  3.11508e+07  1.11107e-01  0.00000e+00
0419  8.78118e+18  1.48040e-22  1.84275e-08  3.12244e+07  1.11507e-01  0.00000e+00
0420  8.79959e+18  1.45484e-22  1.82105e-08  3.12968e+07  1.11909e-01  0.00000e+00
0421  8.81801e+18  1.43021e-22  1.79993e-08  3.13679e+07  1.12311e-01  0.00000e+00
0422  8.83642e+18  1.40644e-22  1.77937e-08  3.14378e+07  1.12715e-01  0.00000e+00
0423  8.85484e+18  1.38346e-22  1.75934e-08  3.15066e+07  1.13120e-01  0.00000e+00
0424  8.87326e+18  1.36120e-22  1.73980e-08  3.15745e+07  1.13526e-01  0.00000e+00
0425  8.89167e+18  1.33964e-22  1.72074e-08  3.16415e+07  1.13933e-01  0.00000e+00
0426  8.91009e+18  1.31874e-22  1.70215e-08  3.17076e+07  1.14341e-01  0.00000e+00
0427  8.92850e+18  1.29848e-22  1.68401e-08  3.17727e+07  1.14750e-01  0.00000e+00
0428  8.94692e+18  1.27884e-22  1.66631e-08  3.18369e+07  1.15160e-01  0.00000e+00
0429  8.96533e+18  1.25979e-22  1.64903e-08  3.19001e+07  1.15570e-01  0.00000e+00
0430  8.98375e+18  1.24131e-22  1.63217e-08  3.19624e+07  1.15980e-01  0.00000e+00
0431  9.00216e+18  1.22338e-22  1.61571e-08  3.20237e+07  1.16391e-01  0.00000e+00
0432  9.02058e+18  1.20598e-22  1.59964e-08  3.20841e+07  1.16802e-01  0.00000e+00
0433  9.03900e+18  1.18908e-22  1.58393e-08  3.21434e+07  1.17213e-01  0.00000e+00
0434  9.05741e+18  1.17266e-22  1.56860e-08  3.22018e+07  1.17624e-01  0.00000e+00
0435  9.07583e+18  1.15670e-22  1.55361e-08  3.22593e+07  1.18036e-01  0.00000e+00
0436  9.09424e+18  1.14116e-22  1.53897e-08  3.23158e+07  1.18447e-01  0.00000e+00
0437  9.11266e+18  1.12604e-22  1.52466e-08  3.23713e+07  1.18859e-01  0.00000e+00
0438  9.13107e+18  1.11131e-22  1.51068e-08  3.24260e+07  1.19271e-01  0.00000e+00
0439  9.14949e+18  1.09696e-22  1.49701e-08  3.24798e+07  1.19683e-01  0.00000e+00
0440  9.16790e+18  1.08298e-22  1.48365e-08  3.25327e+07  1.20095e-01  0.00000e+00
0441  9.18632e+18  1.06935e-22  1.47059e-08  3.25847e+07  1.20506e-01  0.00000e+00
0442  9.20474e+18  1.05607e-22  1.45782e-08  3.26358e+07  1.20918e-01  0.00000e+00
0443  9.22315e+18  1.04312e-22  1.44533e-08  3.26860e+07  1.21329e-01  0.00000e+00
0444  9.24157e+18  1.03049e-22  1.43313e-08  3.27354e+07  1.21739e-01  0.00000e+00
0445  9.25998e+18  1.01818e-22  1.42119e-08  3.27839e+07  1.22149e-01  0.00000e+00
0446  9.27840e+18  1.00618e-22  1.40953e-08  3.28315e+07  1.22557e-01  0.00000e+00
0447  9.29681e+18  9.94474e-23  1.39812e-08  3.28781e+07  1.22965e-01  0.00000e+00
0448  9.31523e+18  9.83065e-23  1.38698e-08  3.29239e+07  1.23372e-01  0.00000e+00
0449  9.33364e+18  9.71941e-23  1.37608e-08  3.29687e+07  1.23777e-01  0.00000e+00
0450  9.35206e+18  9.61093e-23  1.36542e-08  3.30126e+07  1.24180e-01  0.00000e+00
0451  9.37048e+18  9.50513e-23  1.35501e-08  3.30557e+07  1.24582e-01  0.00000e+00
0452  9.38889e+18  9.40193e-23  1.34482e-08  3.30978e+07  1.24982e-01  0.00000e+00
0453  9.40731e+18  9.30126e-23  1.33485e-08  3.31391e+07  1.25381e-01  0.00000e+00
0454  9.42572e+18  9.20302e-23  1.32510e-08  3.31796e+07  1.25777e-01  0.00000e+00
0455  9.44414e+18  9.10716e-23  1.31556e-08  3.32192e+07  1.26171e-01  0.00000e+00
0456  9.46255e+18  9.01359e-23  1.30622e-08  3.32579e+07  1.26564e-01  0.00000e+00
0457  9.48097e+18  8.92225e-23  1.29708e-08  3.32959e+07  1.26954e-01  0.00000e+00
0458  9.49939e+18  8.83307e-23  1.28814e-08  3.33330e+07  1.27341e-01  0.00000e+00
0459  9.51780e+18  8.74600e-23  1.27938e-08  3.33693e+07  1.27727e-01  0.00000e+00
0460  9.53622e+18  8.66096e-23  1.27081e-08  3.34048e+07  1.28111e-01  0.00000e+00
0461  9.55463e+18  8.57791e-23  1.26243e-08  3.34395e+07  1.28492e-01  0.00000e+00
0462  9.57305e+18  8.49679e-23  1.25422e-08  3.34734e+07  1.28871e-01  0.00000e+00
0463  9.59146e+18  8.41753e-23  1.24619e-08  3.35064e+07  1.29247e-01  0.00000e+00
0464  9.60988e+18  8.34007e-23  1.23832e-08  3.35387e+07  1.29622e-01  0.00000e+00
0465  9.62829e+18  8.26437e-23  1.23062e-08  3.35702e+07  1.29995e-01  0.00000e+00
0466  9.64671e+18  8.19039e-23  1.22309e-08  3.36008e+07  1.30365e-01  0.00000e+00
0467  9.66513e+18  8.11807e-23  1.21570e-08  3.36307e+07  1.30734e-01  0.00000e+00
0468  9.68354e+18  8.04733e-23  1.20848e-08  3.36598e+07  1.31101e-01  0.00000e+00
0469  9.70196e+18  7.97805e-23  1.20140e-08  3.36882e+07  1.31467e-01  0.00000e+00
0470  9.72037e+18  7.91018e-23  1.19446e-08  3.37159e+07  1.31831e-01  0.00000e+00
0471  9.73879e+18  7.84367e-23  1.18766e-08  3.37430e+07  1.32193e-01  0.00000e+00
0472  9.75720e+18  7.77850e-23  1.18100e-08  3.37693e+07  1.32555e-01  0.00000e+00
0473  9.77562e+18  7.71461e-23  1.17447e-08  3.37950e+07  1.32915e-01  0.00000e+00
0474  9.79403e+18  7.65198e-23  1.16807e-08  3.38199e+07  1.33274e-01  0.00000e+00
0475  9.81245e+18  7.59058e-23  1.16179e-08  3.38442e+07  1.33632e-01  0.00000e+00
0476  9.83087e+18  7.53035e-23  1.15564e-08  3.38679e+07  1.33990e-01  0.00000e+00
0477  9.84928e+18  7.47129e-23  1.14961e-08  3.38909e+07  1.34347e-01  0.00000e+00
0478  9.86770e+18  7.41334e-23  1.14370e-08  3.39132e+07  1.34703e-01  0.00000e+00
0479  9.88611e+18  7.35649e-23  1.13790e-08  3.39349e+07  1.35059e-01  0.00000e+00
0480  9.90453e+18  7.30071e-23  1.13221e-08  3.39560e+07  1.35415e-01  0.00000e+00
0481  9.92294e+18  7.24596e-23  1.12663e-08  3.39764e+07  1.35771e-01  0.00000e+00
0482  9.94136e+18  7.19222e-23  1.12116e-08  3.39961e+07  1.36126e-01  0.00000e+00
0483  9.95977e+18  7.13945e-23  1.11579e-08  3.40153e+07  1.36482e-01  0.00000e+00
0484  9.97819e+18  7.08762e-23  1.11053e-08  3.40337e+07  1.36838e-01  0.00000e+00
0485  9.99661e+18  7.03671e-23  1.10537e-08  3.40516e+07  1.37194e-01  0.00000e+00
0486  1.00150e+19  6.98668e-23  1.10031e-08  3.40688e+07  1.37551e-01  0.00000e+00
0487  1.00334e+19  6.93752e-23  1.09535e-08  3.40853e+07  1.37908e-01  0.00000e+00
0488  1.00519e+19  6.88922e-23  1.09049e-08  3.41012e+07  1.38266e-01  0.00000e+00
0489  1.00703e+19  6.84176e-23  1.08573e-08  3.41165e+07  1.38625e-01  0.00000e+00
0490  1.00887e+19  6.79515e-23  1.08106e-08  3.41311e+07  1.38984e-01  0.00000e+00
0491  1.01071e+19  6.74936e-23  1.07648e-08  3.41451e+07  1.39344e-01  0.00000e+00
0492  1.01255e+19  6.70440e-23  1.07201e-08  3.41583e+07  1.39705e-01  0.00000e+00
0493  1.01439e+19  6.66025e-23  1.06762e-08  3.41709e+07  1.40067e-01  0.00000e+00
0494  1.01623e+19  6.61690e-23  1.06334e-08  3.41828e+07  1.40430e-01  0.00000e+00
0495  1.01808e+19  6.57435e-23  1.05914e-08  3.41940e+07  1.40794e-01  0.00000e+00
0496  1.01992e+19  6.53256e-23  1.05505e-08  3.42044e+07  1.41159e-01  0.00000e+00
0497  1.02176e+19  6.49154e-23  1.05104e-08  3.42142e+07  1.41526e-01  0.00000e+00
0498  1.02360e+19  6.45126e-23  1.04713e-08  3.42232e+07  1.41894e-01  0.00000e+00
0499  1.02544e+19  6.41169e-23  1.04330e-08  3.42316e+07  1.42263e-01  0.00000e+00
0500  1.02728e+19  6.37281e-23  1.03956e-08  3.42393e+07  1.42634e-01  0.00000e+00
0501  1.02913e+19  6.33457e-23  1.03589e-08  3.42465e+07  1.43006e-01  0.00000e+00
0502  1.03097e+19  6.29694e-23  1.03228e-08  3.42532e+07  1.43380e-01  0.00000e+00
0503  1.03281e+19  6.25987e-23  1.02873e-08  3.42595e+07  1.43756e-01  0.00000e+00
0504  1.03465e+19  6.22331e-23  1.02523e-08  3.42656e+07  1.44133e-01  0.00000e+00
0505  1.03649e+19  6.18722e-23  1.02176e-08  3.42714e+07  1.44513e-01  0.00000e+00
0506  1.03833e+19  6.15157e-23  1.01832e-08  3.42771e+07  1.44894e-01  0.00000e+00
0507  1.04017e+19  6.11633e-23  1.01491e-08  3.42827e+07  1.45277e-01  0.00000e+00
0508  1.04202e+19  6.08151e-23  1.01152e-08  3.42882e+07  1.45663e-01  0.00000e+00
0509  1.04386e+19  6.04712e-23  1.00817e-08  3.42935e+07  1.46050e-01  0.00000e+00
0510  1.04570e+19  6.01323e-23  1.00488e-08  3.42984e+07  1.46440e-01  0.00000e+00
0511  1.04754e+19  5.97988e-23  1.00165e-08  3.43028e+07  1.46831e-01  0.00000e+00
0512  1.04938e+19  5.94714e-23  9.98513e-09  3.43063e+07  1.47226e-01  0.00000e+00
0513  1.05122e+19  5.91507e-23  9.95488e-09  3.43089e+07  1.47622e-01  0.00000e+00
0514  1.05307e+19  5.88379e-23  9.92609e-09  3.43104e+07  1.48021e-01  0.00000e+00
0515  1.05491e+19  5.85306e-23  9.89812e-09  3.43106e+07  1.48423e-01  0.00000e+00
0516  1.05675e+19  5.82282e-23  9.87080e-09  3.43103e+07  1.48828e-01  0.00000e+00
0517  1.05859e+19  5.79316e-23  9.84440e-09  3.43093e+07  1.49235e-01  0.00000e+00
0518  1.06043e+19  5.76415e-23  9.81920e-09  3.43072e+07  1.49645e-01  0.00000e+00
0519  1.06227e+19  5.73580e-23  9.79518e-09  3.43040e+07  1.50057e-01  0.00000e+00
0520  1.06412e+19  5.70798e-23  9.77204e-09  3.42999e+07  1.50473e-01  0.00000e+00
0521  1.06596e+19  5.68054e-23  9.74934e-09  3.42955e+07  1.50892e-01  0.00000e+00
0522  1.06780e+19  5.65333e-23  9.72666e-09  3.42910e+07  1.51314e-01  0.00000e+00
0523  1.06964e+19  5.62624e-23  9.70369e-09  3.42869e+07  1.51738e-01  0.00000e+00
0524  1.07148e+19  5.59921e-23  9.68028e-09  3.42833e+07  1.52166e-01  0.00000e+00
0525  1.07332e+19  5.57224e-23  9.65645e-09  3.42802e+07  1.52596e-01  0.00000e+00
0526  1.07516e+19  5.54531e-23  9.63210e-09  3.42777e+07  1.53028e-01  0.00000e+00
0527  1.07701e+19  5.51821e-23  9.60666e-09  3.42760e+07  1.53464e-01  0.00000e+00
0528  1.07885e+19  5.49107e-23  9.58049e-09  3.42760e+07  1.53902e-01  0.00000e+00
0529  1.08069e+19  5.46396e-23  9.55381e-09  3.42762e+07  1.54342e-01  0.00000e+00
0530  1.08253e+19  5.43690e-23  9.52668e-09  3.42770e+07  1.54784e-01  0.00000e+00
0531  1.08437e+19  5.40992e-23  9.49914e-09  3.42782e+07  1.55228e-01  0.00000e+00
0532  1.08621e+19  5.38300e-23  9.47121e-09  3.42799e+07  1.55674e-01  0.00000e+00
0533  1.08806e+19  5.35615e-23  9.44287e-09  3.42822e+07  1.56121e-01  0.00000e+00
0534  1.08990e+19  5.32935e-23  9.41412e-09  3.42850e+07  1.56571e-01  0.00000e+00
0535  1.09174e+19  5.30260e-23  9.38489e-09  3.42884e+07  1.57021e-01  0.00000e+00
0536  1.09358e+19  5.27586e-23  9.35514e-09  3.42925e+07  1.57473e-01  0.00000e+00
0537  1.09542e+19  5.24912e-23  9.32483e-09  3.42973e+07  1.57925e-01  0.00000e+00
0538  1.09726e+19  5.22239e-23  9.29397e-09  3.43028e+07  1.58379e-01  0.00000e+00
0539  1.09910e+19  5.19570e-23  9.26261e-09  3.43091e+07  1.58832e-01  0.00000e+00
0540  1.10095e+19  5.16906e-23  9.23084e-09  3.43159e+07  1.59286e-01  0.00000e+00
0541  1.10279e+19  5.14253e-23  9.19875e-09  3.43233e+07  1.59739e-01  0.00000e+00
0542  1.10463e+19  5.11612e-23  9.16643e-09  3.43310e+07  1.60193e-01  0.00000e+00
0543  1.10647e+19  5.08987e-23  9.13395e-09  3.43391e+07  1.60645e-01  0.00000e+00
0544  1.10831e+19  5.06378e-23  9.10139e-09  3.43475e+07  1.61097e-01  0.00000e+00
0545  1.11015e+19  5.03788e-23  9.06878e-09  3.43562e+07  1.61547e-01  0.00000e+00
0546  1.11200e+19  5.01215e-23  9.03613e-09  3.43650e+07  1.61996e-01  0.00000e+00
0547  1.11384e+19  4.98660e-23  9.00347e-09  3.43741e+07  1.62443e-01  0.00000e+00
0548  1.11568e+19  4.96123e-23  8.97080e-09  3.43833e+07  1.62888e-01  0.00000e+00
0549  1.11752e+19  4.93602e-23  8.93811e-09  3.43928e+07  1.63331e-01  0.00000e+00
0550  1.11936e+19  4.91100e-23  8.90542e-09  3.44024e+07  1.63771e-01  0.00000e+00
0551  1.12120e+19  4.88611e-23  8.87266e-09  3.44123e+07  1.64209e-01  0.00000e+00
0552  1.12305e+19  4.86157e-23  8.84010e-09  3.44223e+07  1.64640e-01  0.00000e+00
0553  1.12489e+19  4.83651e-23  8.80657e-09  3.44328e+07  1.65080e-01  0.00000e+00
0554  1.12673e+19  4.81453e-23  8.77690e-09  3.44423e+07  1.65467e-01  0.00000e+00
0555  1.12857e+19  4.77679e-23  8.72523e-09  3.44592e+07  1.66125e-01  0.00000e+00
