# Athena++ data at time=4.700000e+11  cycle=31494773  variables=uov 
# i       x1v         user_out_var0          user_out_var1          user_out_var2          user_out_var3          user_out_var4          user_out_var5      
0002  1.13875e+18  4.91745e+00  3.03478e+04  5.86356e-16  0.00000e+00  0.00000e+00  3.02826e-05
0003  1.15716e+18  1.01917e+01  3.97689e+04 -4.76383e-17  0.00000e+00  0.00000e+00  2.93264e-05
0004  1.17558e+18  1.51764e+01  4.86372e+04 -2.73369e-16  0.00000e+00  0.00000e+00  2.84148e-05
0005  1.19399e+18  4.27194e+01  1.02192e+05 -6.68581e-16  0.00000e+00  0.00000e+00  2.75451e-05
0006  1.21241e+18  9.59073e+01  1.67623e+05 -3.96795e-16  0.00000e+00  0.00000e+00  2.67147e-05
0007  1.23082e+18  1.25042e+02  1.93431e+05 -3.37675e-17  0.00000e+00  0.00000e+00  2.59213e-05
0008  1.24924e+18  1.26017e+02  1.94446e+05  1.48475e-19  0.00000e+00  0.00000e+00  2.51628e-05
0009  1.26765e+18  1.25061e+02  1.93350e+05  1.30898e-17  0.00000e+00  0.00000e+00  2.44370e-05
0010  1.28607e+18  1.23003e+02  1.91119e+05  8.25913e-18  0.00000e+00  0.00000e+00  2.37422e-05
0011  1.30448e+18  1.21723e+02  1.89684e+05  6.70102e-18  0.00000e+00  0.00000e+00  2.30766e-05
0012  1.32290e+18  1.20427e+02  1.88267e+05  6.73714e-18  0.00000e+00  0.00000e+00  2.24386e-05
0013  1.34131e+18  1.19124e+02  1.86882e+05  6.66982e-18  0.00000e+00  0.00000e+00  2.18267e-05
0014  1.35973e+18  1.17834e+02  1.85546e+05  6.47946e-18  0.00000e+00  0.00000e+00  2.12395e-05
0015  1.37814e+18  1.16566e+02  1.84267e+05  6.29696e-18  0.00000e+00  0.00000e+00  2.06757e-05
0016  1.39656e+18  1.15318e+02  1.83041e+05  6.13937e-18  0.00000e+00  0.00000e+00  2.01340e-05
0017  1.41497e+18  1.14089e+02  1.81862e+05  5.99806e-18  0.00000e+00  0.00000e+00  1.96134e-05
0018  1.43339e+18  1.12878e+02  1.80727e+05  5.86777e-18  0.00000e+00  0.00000e+00  1.91126e-05
0019  1.45180e+18  1.11684e+02  1.79634e+05  5.74791e-18  0.00000e+00  0.00000e+00  1.86309e-05
0020  1.47022e+18  1.10507e+02  1.78581e+05  5.63512e-18  0.00000e+00  0.00000e+00  1.81671e-05
0021  1.48863e+18  1.09347e+02  1.77566e+05  5.52591e-18  0.00000e+00  0.00000e+00  1.77204e-05
0022  1.50705e+18  1.08202e+02  1.76585e+05  5.43433e-18  0.00000e+00  0.00000e+00  1.72900e-05
0023  1.52546e+18  1.07075e+02  1.75639e+05  5.35453e-18  0.00000e+00  0.00000e+00  1.68750e-05
0024  1.54388e+18  1.05964e+02  1.74725e+05  5.23153e-18  0.00000e+00  0.00000e+00  1.64749e-05
0027  1.56229e+18  1.04860e+02  1.73835e+05  5.12487e-18  0.00000e+00  0.00000e+00  1.60888e-05
0028  1.58071e+18  1.03787e+02  1.72986e+05  5.37019e-18  0.00000e+00  0.00000e+00  1.57161e-05
0029  1.59912e+18  1.02699e+02  1.72143e+05  4.82850e-18  0.00000e+00  0.00000e+00  1.53562e-05
0030  1.61754e+18  1.01605e+02  1.71519e+05  5.73922e-18  0.00000e+00  0.00000e+00  1.50085e-05
0031  1.63595e+18  1.00588e+02  1.70606e+05  5.11245e-18  0.00000e+00  0.00000e+00  1.46726e-05
0032  1.65437e+18  9.96041e+01  1.69744e+05  5.10155e-18  0.00000e+00  0.00000e+00  1.43477e-05
0033  1.67278e+18  9.86437e+01  1.68922e+05  5.41961e-18  0.00000e+00  0.00000e+00  1.40336e-05
0034  1.69120e+18  9.76371e+01  1.68083e+05  4.43279e-18  0.00000e+00  0.00000e+00  1.37296e-05
0035  1.70961e+18  9.65878e+01  1.67885e+05  5.92338e-18  0.00000e+00  0.00000e+00  1.34354e-05
0036  1.72803e+18  9.55584e+01  1.67046e+05  4.94525e-18  0.00000e+00  0.00000e+00  1.31506e-05
0037  1.74644e+18  9.46412e+01  1.66303e+05  4.74349e-18  0.00000e+00  0.00000e+00  1.28747e-05
0038  1.76486e+18  9.37289e+01  1.65569e+05  4.81159e-18  0.00000e+00  0.00000e+00  1.26074e-05
0039  1.78328e+18  9.28193e+01  1.64844e+05  4.78486e-18  0.00000e+00  0.00000e+00  1.23484e-05
0040  1.80169e+18  9.19211e+01  1.64133e+05  4.73286e-18  0.00000e+00  0.00000e+00  1.20973e-05
0041  1.82011e+18  9.10350e+01  1.63438e+05  4.68657e-18  0.00000e+00  0.00000e+00  1.18537e-05
0042  1.83852e+18  9.01599e+01  1.62757e+05  4.64420e-18  0.00000e+00  0.00000e+00  1.16174e-05
0043  1.85694e+18  8.92956e+01  1.62089e+05  4.60322e-18  0.00000e+00  0.00000e+00  1.13882e-05
0044  1.87535e+18  8.84416e+01  1.61434e+05  4.56312e-18  0.00000e+00  0.00000e+00  1.11656e-05
0045  1.89377e+18  8.75977e+01  1.60791e+05  4.52628e-18  0.00000e+00  0.00000e+00  1.09495e-05
0046  1.91218e+18  8.67639e+01  1.60161e+05  4.49147e-18  0.00000e+00  0.00000e+00  1.07396e-05
0047  1.93060e+18  8.59389e+01  1.59541e+05  4.43057e-18  0.00000e+00  0.00000e+00  1.05357e-05
0048  1.94901e+18  8.51265e+01  1.58935e+05  4.42120e-18  0.00000e+00  0.00000e+00  1.03376e-05
0049  1.96743e+18  8.43339e+01  1.58270e+05  4.51725e-18  0.00000e+00  0.00000e+00  1.01449e-05
0050  1.98584e+18  8.35630e+01  1.57618e+05  4.46212e-18  0.00000e+00  0.00000e+00  9.95766e-06
0051  2.00426e+18  8.27996e+01  1.56974e+05  4.44174e-18  0.00000e+00  0.00000e+00  9.77552e-06
0052  2.02267e+18  8.20436e+01  1.56338e+05  4.40778e-18  0.00000e+00  0.00000e+00  9.59833e-06
0053  2.04109e+18  8.12961e+01  1.55712e+05  4.37020e-18  0.00000e+00  0.00000e+00  9.42591e-06
0054  2.05951e+18  8.05572e+01  1.55095e+05  4.33421e-18  0.00000e+00  0.00000e+00  9.25810e-06
0055  2.07792e+18  7.98264e+01  1.54487e+05  4.29970e-18  0.00000e+00  0.00000e+00  9.09473e-06
0056  2.09634e+18  7.91035e+01  1.53888e+05  4.26622e-18  0.00000e+00  0.00000e+00  8.93564e-06
0057  2.11475e+18  7.83883e+01  1.53297e+05  4.23369e-18  0.00000e+00  0.00000e+00  8.78070e-06
0058  2.13317e+18  7.76806e+01  1.52714e+05  4.20213e-18  0.00000e+00  0.00000e+00  8.62975e-06
0059  2.15158e+18  7.69801e+01  1.52139e+05  4.17155e-18  0.00000e+00  0.00000e+00  8.48265e-06
0060  2.17000e+18  7.62867e+01  1.51571e+05  4.14194e-18  0.00000e+00  0.00000e+00  8.33929e-06
0061  2.18841e+18  7.56001e+01  1.51010e+05  4.11325e-18  0.00000e+00  0.00000e+00  8.19953e-06
0062  2.20683e+18  7.49201e+01  1.50457e+05  4.08566e-18  0.00000e+00  0.00000e+00  8.06326e-06
0063  2.22524e+18  7.42465e+01  1.49910e+05  4.05913e-18  0.00000e+00  0.00000e+00  7.93035e-06
0064  2.24366e+18  7.35791e+01  1.49370e+05  4.03164e-18  0.00000e+00  0.00000e+00  7.80071e-06
0065  2.26207e+18  7.29174e+01  1.48836e+05  4.01168e-18  0.00000e+00  0.00000e+00  7.67421e-06
0066  2.28049e+18  7.22626e+01  1.48308e+05  3.99099e-18  0.00000e+00  0.00000e+00  7.55077e-06
0067  2.29891e+18  7.16122e+01  1.47786e+05  3.89005e-18  0.00000e+00  0.00000e+00  7.43029e-06
0068  2.31732e+18  7.09763e+01  1.47277e+05  3.90709e-18  0.00000e+00  0.00000e+00  7.31266e-06
0069  2.33574e+18  7.03899e+01  1.46433e+05  3.83386e-18  0.00000e+00  0.00000e+00  7.19781e-06
0070  2.35415e+18  6.98487e+01  1.45804e+05  4.01739e-18  0.00000e+00  0.00000e+00  7.08564e-06
0071  2.37257e+18  6.92782e+01  1.45141e+05  4.11288e-18  0.00000e+00  0.00000e+00  6.97607e-06
0072  2.39098e+18  6.87095e+01  1.44479e+05  4.05536e-18  0.00000e+00  0.00000e+00  6.86902e-06
0073  2.40940e+18  6.81505e+01  1.43827e+05  3.98965e-18  0.00000e+00  0.00000e+00  6.76442e-06
0074  2.42781e+18  6.75996e+01  1.43184e+05  3.95069e-18  0.00000e+00  0.00000e+00  6.66219e-06
0075  2.44623e+18  6.70618e+01  1.42491e+05  3.99442e-18  0.00000e+00  0.00000e+00  6.56226e-06
0076  2.46464e+18  6.65386e+01  1.41812e+05  3.94730e-18  0.00000e+00  0.00000e+00  6.46456e-06
0077  2.48306e+18  6.60200e+01  1.41137e+05  3.92394e-18  0.00000e+00  0.00000e+00  6.36903e-06
0078  2.50147e+18  6.55057e+01  1.40467e+05  3.88985e-18  0.00000e+00  0.00000e+00  6.27560e-06
0079  2.51989e+18  6.49967e+01  1.39802e+05  3.85238e-18  0.00000e+00  0.00000e+00  6.18421e-06
0080  2.53831e+18  6.44933e+01  1.39144e+05  3.81594e-18  0.00000e+00  0.00000e+00  6.09480e-06
0081  2.55672e+18  6.39952e+01  1.38490e+05  3.78057e-18  0.00000e+00  0.00000e+00  6.00732e-06
0082  2.57514e+18  6.35022e+01  1.37843e+05  3.74584e-18  0.00000e+00  0.00000e+00  5.92171e-06
0083  2.59355e+18  6.30143e+01  1.37200e+05  3.71167e-18  0.00000e+00  0.00000e+00  5.83791e-06
0084  2.61197e+18  6.25314e+01  1.36563e+05  3.67809e-18  0.00000e+00  0.00000e+00  5.75588e-06
0085  2.63038e+18  6.20533e+01  1.35931e+05  3.64509e-18  0.00000e+00  0.00000e+00  5.67557e-06
0086  2.64880e+18  6.15799e+01  1.35305e+05  3.61268e-18  0.00000e+00  0.00000e+00  5.59693e-06
0087  2.66721e+18  6.11112e+01  1.34682e+05  3.58084e-18  0.00000e+00  0.00000e+00  5.51991e-06
0088  2.68563e+18  6.06470e+01  1.34065e+05  3.54953e-18  0.00000e+00  0.00000e+00  5.44447e-06
0089  2.70404e+18  6.01873e+01  1.33453e+05  3.51883e-18  0.00000e+00  0.00000e+00  5.37056e-06
0090  2.72246e+18  5.97320e+01  1.32845e+05  3.48905e-18  0.00000e+00  0.00000e+00  5.29815e-06
0091  2.74088e+18  5.92809e+01  1.32241e+05  3.45527e-18  0.00000e+00  0.00000e+00  5.22720e-06
0092  2.75929e+18  5.88347e+01  1.31643e+05  3.42034e-18  0.00000e+00  0.00000e+00  5.15766e-06
0093  2.77771e+18  5.83954e+01  1.31023e+05  3.44345e-18  0.00000e+00  0.00000e+00  5.08950e-06
0094  2.79612e+18  5.79656e+01  1.30405e+05  3.39589e-18  0.00000e+00  0.00000e+00  5.02268e-06
0095  2.81454e+18  5.75399e+01  1.29793e+05  3.37467e-18  0.00000e+00  0.00000e+00  4.95717e-06
0096  2.83295e+18  5.71171e+01  1.29184e+05  3.34807e-18  0.00000e+00  0.00000e+00  4.89293e-06
0097  2.85137e+18  5.66978e+01  1.28579e+05  3.31878e-18  0.00000e+00  0.00000e+00  4.82993e-06
0098  2.86978e+18  5.62824e+01  1.27978e+05  3.28989e-18  0.00000e+00  0.00000e+00  4.76814e-06
0099  2.88820e+18  5.58705e+01  1.27382e+05  3.26183e-18  0.00000e+00  0.00000e+00  4.70753e-06
0100  2.90661e+18  5.54622e+01  1.26790e+05  3.23434e-18  0.00000e+00  0.00000e+00  4.64807e-06
0101  2.92503e+18  5.50573e+01  1.26202e+05  3.20731e-18  0.00000e+00  0.00000e+00  4.58973e-06
0102  2.94345e+18  5.46559e+01  1.25618e+05  3.18076e-18  0.00000e+00  0.00000e+00  4.53248e-06
0103  2.96186e+18  5.42577e+01  1.25038e+05  3.15468e-18  0.00000e+00  0.00000e+00  4.47629e-06
0104  2.98028e+18  5.38628e+01  1.24462e+05  3.12922e-18  0.00000e+00  0.00000e+00  4.42114e-06
0105  2.99869e+18  5.34711e+01  1.23889e+05  3.10254e-18  0.00000e+00  0.00000e+00  4.36701e-06
0106  3.01711e+18  5.30823e+01  1.23320e+05  3.08756e-18  0.00000e+00  0.00000e+00  4.31386e-06
0107  3.03552e+18  5.26992e+01  1.22759e+05  3.01213e-18  0.00000e+00  0.00000e+00  4.26168e-06
0108  3.05394e+18  5.23225e+01  1.22206e+05  2.92310e-18  0.00000e+00  0.00000e+00  4.21044e-06
0109  3.07235e+18  5.19801e+01  1.21407e+05  2.90754e-18  0.00000e+00  0.00000e+00  4.16011e-06
0110  3.09077e+18  5.16501e+01  1.20745e+05  3.12749e-18  0.00000e+00  0.00000e+00  4.11069e-06
0111  3.10918e+18  5.13116e+01  1.20068e+05  3.10288e-18  0.00000e+00  0.00000e+00  4.06214e-06
0112  3.12760e+18  5.09744e+01  1.19395e+05  3.06248e-18  0.00000e+00  0.00000e+00  4.01444e-06
0113  3.14602e+18  5.06411e+01  1.18730e+05  3.02799e-18  0.00000e+00  0.00000e+00  3.96758e-06
0114  3.16443e+18  5.03107e+01  1.18072e+05  2.99711e-18  0.00000e+00  0.00000e+00  3.92154e-06
0115  3.18285e+18  4.99829e+01  1.17419e+05  2.96696e-18  0.00000e+00  0.00000e+00  3.87629e-06
0116  3.20126e+18  4.96577e+01  1.16772e+05  2.93751e-18  0.00000e+00  0.00000e+00  3.83182e-06
0117  3.21968e+18  4.93351e+01  1.16131e+05  2.90098e-18  0.00000e+00  0.00000e+00  3.78811e-06
0118  3.23809e+18  4.90162e+01  1.15498e+05  2.85724e-18  0.00000e+00  0.00000e+00  3.74515e-06
0119  3.25651e+18  4.87044e+01  1.14801e+05  2.85679e-18  0.00000e+00  0.00000e+00  3.70291e-06
0120  3.27492e+18  4.84044e+01  1.14144e+05  2.84146e-18  0.00000e+00  0.00000e+00  3.66138e-06
0121  3.29334e+18  4.81039e+01  1.13489e+05  2.84074e-18  0.00000e+00  0.00000e+00  3.62055e-06
0122  3.31176e+18  4.78026e+01  1.12836e+05  2.80776e-18  0.00000e+00  0.00000e+00  3.58040e-06
0123  3.33017e+18  4.75039e+01  1.12191e+05  2.77433e-18  0.00000e+00  0.00000e+00  3.54091e-06
0124  3.34859e+18  4.72075e+01  1.11554e+05  2.74395e-18  0.00000e+00  0.00000e+00  3.50207e-06
0125  3.36700e+18  4.69131e+01  1.10924e+05  2.71448e-18  0.00000e+00  0.00000e+00  3.46386e-06
0126  3.38542e+18  4.66207e+01  1.10301e+05  2.68538e-18  0.00000e+00  0.00000e+00  3.42628e-06
0127  3.40383e+18  4.63302e+01  1.09685e+05  2.65675e-18  0.00000e+00  0.00000e+00  3.38931e-06
0128  3.42225e+18  4.60417e+01  1.09075e+05  2.62862e-18  0.00000e+00  0.00000e+00  3.35293e-06
0129  3.44066e+18  4.57551e+01  1.08472e+05  2.60099e-18  0.00000e+00  0.00000e+00  3.31713e-06
0130  3.45908e+18  4.54704e+01  1.07876e+05  2.57384e-18  0.00000e+00  0.00000e+00  3.28191e-06
0131  3.47749e+18  4.51877e+01  1.07286e+05  2.54716e-18  0.00000e+00  0.00000e+00  3.24724e-06
0132  3.49591e+18  4.49067e+01  1.06702e+05  2.52095e-18  0.00000e+00  0.00000e+00  3.21312e-06
0133  3.51433e+18  4.46277e+01  1.06124e+05  2.49520e-18  0.00000e+00  0.00000e+00  3.17953e-06
0134  3.53274e+18  4.43505e+01  1.05553e+05  2.46986e-18  0.00000e+00  0.00000e+00  3.14647e-06
0135  3.55116e+18  4.40750e+01  1.04987e+05  2.44476e-18  0.00000e+00  0.00000e+00  3.11392e-06
0136  3.56957e+18  4.38016e+01  1.04428e+05  2.41553e-18  0.00000e+00  0.00000e+00  3.08188e-06
0137  3.58799e+18  4.35309e+01  1.03866e+05  2.47220e-18  0.00000e+00  0.00000e+00  3.05032e-06
0138  3.60640e+18  4.32652e+01  1.03286e+05  2.39366e-18  0.00000e+00  0.00000e+00  3.01925e-06
0139  3.62482e+18  4.30039e+01  1.02718e+05  2.37502e-18  0.00000e+00  0.00000e+00  2.98865e-06
0140  3.64323e+18  4.27435e+01  1.02156e+05  2.35590e-18  0.00000e+00  0.00000e+00  2.95851e-06
0141  3.66165e+18  4.24842e+01  1.01598e+05  2.33198e-18  0.00000e+00  0.00000e+00  2.92883e-06
0142  3.68007e+18  4.22264e+01  1.01046e+05  2.30775e-18  0.00000e+00  0.00000e+00  2.89959e-06
0143  3.69848e+18  4.19704e+01  1.00500e+05  2.28423e-18  0.00000e+00  0.00000e+00  2.87079e-06
0144  3.71690e+18  4.17159e+01  9.99603e+04  2.26122e-18  0.00000e+00  0.00000e+00  2.84241e-06
0145  3.73531e+18  4.14629e+01  9.94263e+04  2.23860e-18  0.00000e+00  0.00000e+00  2.81445e-06
0146  3.75373e+18  4.12116e+01  9.88981e+04  2.21636e-18  0.00000e+00  0.00000e+00  2.78690e-06
0147  3.77214e+18  4.09617e+01  9.83755e+04  2.19436e-18  0.00000e+00  0.00000e+00  2.75976e-06
0148  3.79056e+18  4.07134e+01  9.78585e+04  2.17116e-18  0.00000e+00  0.00000e+00  2.73301e-06
0149  3.80897e+18  4.04670e+01  9.73434e+04  2.16955e-18  0.00000e+00  0.00000e+00  2.70665e-06
0150  3.82739e+18  4.02229e+01  9.68291e+04  2.13632e-18  0.00000e+00  0.00000e+00  2.68066e-06
0151  3.84581e+18  3.99807e+01  9.63215e+04  2.11724e-18  0.00000e+00  0.00000e+00  2.65505e-06
0152  3.86422e+18  3.97398e+01  9.58192e+04  2.09764e-18  0.00000e+00  0.00000e+00  2.62981e-06
0153  3.88264e+18  3.95001e+01  9.53222e+04  2.07721e-18  0.00000e+00  0.00000e+00  2.60492e-06
0154  3.90105e+18  3.92619e+01  9.48306e+04  2.05701e-18  0.00000e+00  0.00000e+00  2.58038e-06
0155  3.91947e+18  3.90250e+01  9.43445e+04  2.03722e-18  0.00000e+00  0.00000e+00  2.55619e-06
0156  3.93788e+18  3.87894e+01  9.38636e+04  2.01780e-18  0.00000e+00  0.00000e+00  2.53234e-06
0157  3.95630e+18  3.85553e+01  9.33880e+04  1.99871e-18  0.00000e+00  0.00000e+00  2.50882e-06
0158  3.97471e+18  3.83224e+01  9.29175e+04  1.97994e-18  0.00000e+00  0.00000e+00  2.48563e-06
0159  3.99313e+18  3.80909e+01  9.24520e+04  1.96150e-18  0.00000e+00  0.00000e+00  2.46275e-06
0160  4.01155e+18  3.78608e+01  9.19915e+04  1.94336e-18  0.00000e+00  0.00000e+00  2.44019e-06
0161  4.02996e+18  3.76319e+01  9.15359e+04  1.92554e-18  0.00000e+00  0.00000e+00  2.41794e-06
0162  4.04838e+18  3.74044e+01  9.10851e+04  1.90801e-18  0.00000e+00  0.00000e+00  2.39599e-06
0163  4.06679e+18  3.71781e+01  9.06391e+04  1.89078e-18  0.00000e+00  0.00000e+00  2.37434e-06
0164  4.08521e+18  3.69532e+01  9.01977e+04  1.87383e-18  0.00000e+00  0.00000e+00  2.35299e-06
0165  4.10362e+18  3.67295e+01  8.97609e+04  1.85712e-18  0.00000e+00  0.00000e+00  2.33191e-06
0166  4.12204e+18  3.65073e+01  8.93291e+04  1.83762e-18  0.00000e+00  0.00000e+00  2.31113e-06
0167  4.14045e+18  3.62879e+01  8.89050e+04  1.77173e-18  0.00000e+00  0.00000e+00  2.29061e-06
0168  4.15887e+18  3.60755e+01  8.83785e+04  1.77156e-18  0.00000e+00  0.00000e+00  2.27037e-06
0169  4.17728e+18  3.58710e+01  8.79184e+04  1.83445e-18  0.00000e+00  0.00000e+00  2.25040e-06
0170  4.19570e+18  3.56643e+01  8.74569e+04  1.83816e-18  0.00000e+00  0.00000e+00  2.23069e-06
0171  4.21412e+18  3.54561e+01  8.69949e+04  1.81425e-18  0.00000e+00  0.00000e+00  2.21123e-06
0172  4.23253e+18  3.52496e+01  8.65398e+04  1.79434e-18  0.00000e+00  0.00000e+00  2.19203e-06
0173  4.25095e+18  3.50448e+01  8.60910e+04  1.77707e-18  0.00000e+00  0.00000e+00  2.17308e-06
0174  4.26936e+18  3.48410e+01  8.56474e+04  1.76026e-18  0.00000e+00  0.00000e+00  2.15438e-06
0175  4.28778e+18  3.46384e+01  8.52088e+04  1.74359e-18  0.00000e+00  0.00000e+00  2.13591e-06
0176  4.30619e+18  3.44369e+01  8.47753e+04  1.72714e-18  0.00000e+00  0.00000e+00  2.11768e-06
0177  4.32461e+18  3.42365e+01  8.43467e+04  1.71101e-18  0.00000e+00  0.00000e+00  2.09968e-06
0178  4.34302e+18  3.40371e+01  8.39229e+04  1.69641e-18  0.00000e+00  0.00000e+00  2.08191e-06
0179  4.36144e+18  3.38382e+01  8.35022e+04  1.71532e-18  0.00000e+00  0.00000e+00  2.06437e-06
0180  4.37986e+18  3.36381e+01  8.31620e+04  1.85449e-18  0.00000e+00  0.00000e+00  2.04705e-06
0181  4.39827e+18  3.34378e+01  8.27175e+04  1.66528e-18  0.00000e+00  0.00000e+00  2.02994e-06
0182  4.41669e+18  3.32452e+01  8.22920e+04  1.63769e-18  0.00000e+00  0.00000e+00  2.01305e-06
0183  4.43510e+18  3.30567e+01  8.18788e+04  1.63629e-18  0.00000e+00  0.00000e+00  1.99637e-06
0184  4.45352e+18  3.28673e+01  8.14669e+04  1.62471e-18  0.00000e+00  0.00000e+00  1.97989e-06
0185  4.47193e+18  3.26780e+01  8.10587e+04  1.60853e-18  0.00000e+00  0.00000e+00  1.96362e-06
0186  4.49035e+18  3.24899e+01  8.06562e+04  1.59263e-18  0.00000e+00  0.00000e+00  1.94754e-06
0187  4.50876e+18  3.23029e+01  8.02591e+04  1.57745e-18  0.00000e+00  0.00000e+00  1.93167e-06
0188  4.52718e+18  3.21169e+01  7.98672e+04  1.56266e-18  0.00000e+00  0.00000e+00  1.91598e-06
0189  4.54560e+18  3.19319e+01  7.94803e+04  1.54811e-18  0.00000e+00  0.00000e+00  1.90049e-06
0190  4.56401e+18  3.17478e+01  7.90983e+04  1.53379e-18  0.00000e+00  0.00000e+00  1.88519e-06
0191  4.58243e+18  3.15647e+01  7.87211e+04  1.51973e-18  0.00000e+00  0.00000e+00  1.87006e-06
0192  4.60084e+18  3.13825e+01  7.83487e+04  1.50592e-18  0.00000e+00  0.00000e+00  1.85512e-06
0193  4.61926e+18  3.12014e+01  7.79810e+04  1.49236e-18  0.00000e+00  0.00000e+00  1.84036e-06
0194  4.63767e+18  3.10211e+01  7.76179e+04  1.47903e-18  0.00000e+00  0.00000e+00  1.82577e-06
0195  4.65609e+18  3.08419e+01  7.72594e+04  1.46594e-18  0.00000e+00  0.00000e+00  1.81136e-06
0196  4.67450e+18  3.06636e+01  7.69052e+04  1.45308e-18  0.00000e+00  0.00000e+00  1.79712e-06
0197  4.69292e+18  3.04862e+01  7.65555e+04  1.44044e-18  0.00000e+00  0.00000e+00  1.78304e-06
0198  4.71134e+18  3.03098e+01  7.62100e+04  1.42799e-18  0.00000e+00  0.00000e+00  1.76913e-06
0199  4.72975e+18  3.01343e+01  7.58689e+04  1.41462e-18  0.00000e+00  0.00000e+00  1.75538e-06
0200  4.74817e+18  2.99601e+01  7.55306e+04  1.43943e-18  0.00000e+00  0.00000e+00  1.74179e-06
0201  4.76658e+18  2.97876e+01  7.51828e+04  1.40196e-18  0.00000e+00  0.00000e+00  1.72836e-06
0202  4.78500e+18  2.96171e+01  7.48409e+04  1.39227e-18  0.00000e+00  0.00000e+00  1.71508e-06
0203  4.80341e+18  2.94475e+01  7.45033e+04  1.38226e-18  0.00000e+00  0.00000e+00  1.70195e-06
0204  4.82183e+18  2.92786e+01  7.41692e+04  1.37101e-18  0.00000e+00  0.00000e+00  1.68898e-06
0205  4.84024e+18  2.91105e+01  7.38389e+04  1.35942e-18  0.00000e+00  0.00000e+00  1.67615e-06
0206  4.85866e+18  2.89434e+01  7.35126e+04  1.34804e-18  0.00000e+00  0.00000e+00  1.66347e-06
0207  4.87708e+18  2.87771e+01  7.31902e+04  1.33691e-18  0.00000e+00  0.00000e+00  1.65093e-06
0208  4.89549e+18  2.86118e+01  7.28716e+04  1.32598e-18  0.00000e+00  0.00000e+00  1.63853e-06
0209  4.91391e+18  2.84474e+01  7.25567e+04  1.31524e-18  0.00000e+00  0.00000e+00  1.62627e-06
0210  4.93232e+18  2.82839e+01  7.22455e+04  1.30465e-18  0.00000e+00  0.00000e+00  1.61415e-06
0211  4.95074e+18  2.81212e+01  7.19379e+04  1.29315e-18  0.00000e+00  0.00000e+00  1.60217e-06
0212  4.96915e+18  2.79597e+01  7.16320e+04  1.29678e-18  0.00000e+00  0.00000e+00  1.59031e-06
0213  4.98757e+18  2.77993e+01  7.13254e+04  1.27775e-18  0.00000e+00  0.00000e+00  1.57859e-06
0214  5.00598e+18  2.76402e+01  7.10232e+04  1.26872e-18  0.00000e+00  0.00000e+00  1.56700e-06
0215  5.02440e+18  2.74818e+01  7.07246e+04  1.25919e-18  0.00000e+00  0.00000e+00  1.55553e-06
0216  5.04282e+18  2.73242e+01  7.04295e+04  1.24930e-18  0.00000e+00  0.00000e+00  1.54419e-06
0217  5.06123e+18  2.71674e+01  7.01379e+04  1.23942e-18  0.00000e+00  0.00000e+00  1.53298e-06
0218  5.07965e+18  2.70115e+01  6.98499e+04  1.22971e-18  0.00000e+00  0.00000e+00  1.52188e-06
0219  5.09806e+18  2.68564e+01  6.95654e+04  1.22020e-18  0.00000e+00  0.00000e+00  1.51091e-06
0220  5.11648e+18  2.67021e+01  6.92842e+04  1.21085e-18  0.00000e+00  0.00000e+00  1.50005e-06
0221  5.13489e+18  2.65486e+01  6.90064e+04  1.20166e-18  0.00000e+00  0.00000e+00  1.48931e-06
0222  5.15331e+18  2.63959e+01  6.87319e+04  1.19263e-18  0.00000e+00  0.00000e+00  1.47868e-06
0223  5.17172e+18  2.62440e+01  6.84606e+04  1.18375e-18  0.00000e+00  0.00000e+00  1.46817e-06
0224  5.19014e+18  2.60930e+01  6.81925e+04  1.17502e-18  0.00000e+00  0.00000e+00  1.45777e-06
0225  5.20856e+18  2.59427e+01  6.79275e+04  1.16644e-18  0.00000e+00  0.00000e+00  1.44748e-06
0226  5.22697e+18  2.57933e+01  6.76656e+04  1.15801e-18  0.00000e+00  0.00000e+00  1.43730e-06
0227  5.24539e+18  2.56446e+01  6.74067e+04  1.14971e-18  0.00000e+00  0.00000e+00  1.42723e-06
0228  5.26380e+18  2.54968e+01  6.71507e+04  1.14156e-18  0.00000e+00  0.00000e+00  1.41726e-06
0229  5.28222e+18  2.53497e+01  6.68977e+04  1.13354e-18  0.00000e+00  0.00000e+00  1.40739e-06
0230  5.30063e+18  2.52034e+01  6.66476e+04  1.12565e-18  0.00000e+00  0.00000e+00  1.39763e-06
0231  5.31905e+18  2.50579e+01  6.64003e+04  1.11790e-18  0.00000e+00  0.00000e+00  1.38797e-06
0232  5.33746e+18  2.49131e+01  6.61557e+04  1.11028e-18  0.00000e+00  0.00000e+00  1.37841e-06
0233  5.35588e+18  2.47691e+01  6.59139e+04  1.10278e-18  0.00000e+00  0.00000e+00  1.36894e-06
0234  5.37430e+18  2.46259e+01  6.56748e+04  1.09541e-18  0.00000e+00  0.00000e+00  1.35958e-06
0235  5.39271e+18  2.44834e+01  6.54383e+04  1.08816e-18  0.00000e+00  0.00000e+00  1.35031e-06
0236  5.41113e+18  2.43417e+01  6.52044e+04  1.08101e-18  0.00000e+00  0.00000e+00  1.34113e-06
0237  5.42954e+18  2.42008e+01  6.49731e+04  1.07380e-18  0.00000e+00  0.00000e+00  1.33205e-06
0238  5.44796e+18  2.40609e+01  6.47447e+04  1.06433e-18  0.00000e+00  0.00000e+00  1.32306e-06
0239  5.46637e+18  2.39232e+01  6.45216e+04  1.01287e-18  0.00000e+00  0.00000e+00  1.31416e-06
0240  5.48479e+18  2.37901e+01  6.41933e+04  9.28432e-19  0.00000e+00  0.00000e+00  1.30535e-06
0241  5.50320e+18  2.36601e+01  6.39459e+04  1.09497e-18  0.00000e+00  0.00000e+00  1.29663e-06
0242  5.52162e+18  2.35274e+01  6.36962e+04  1.07553e-18  0.00000e+00  0.00000e+00  1.28800e-06
0243  5.54004e+18  2.33936e+01  6.34453e+04  1.10072e-18  0.00000e+00  0.00000e+00  1.27945e-06
0244  5.55845e+18  2.32597e+01  6.32710e+04  1.25675e-18  0.00000e+00  0.00000e+00  1.27098e-06
0245  5.57687e+18  2.31259e+01  6.29963e+04  1.05127e-18  0.00000e+00  0.00000e+00  1.26260e-06
0246  5.59528e+18  2.29959e+01  6.27294e+04  1.05371e-18  0.00000e+00  0.00000e+00  1.25431e-06
0247  5.61370e+18  2.28703e+01  6.24735e+04  1.05046e-18  0.00000e+00  0.00000e+00  1.24609e-06
0248  5.63211e+18  2.27449e+01  6.22199e+04  1.04710e-18  0.00000e+00  0.00000e+00  1.23795e-06
0249  5.65053e+18  2.26191e+01  6.19670e+04  1.04018e-18  0.00000e+00  0.00000e+00  1.22990e-06
0250  5.66894e+18  2.24938e+01  6.17168e+04  1.03205e-18  0.00000e+00  0.00000e+00  1.22192e-06
0251  5.68736e+18  2.23693e+01  6.14699e+04  1.02415e-18  0.00000e+00  0.00000e+00  1.21402e-06
0252  5.70578e+18  2.22455e+01  6.12261e+04  1.01660e-18  0.00000e+00  0.00000e+00  1.20620e-06
0253  5.72419e+18  2.21225e+01  6.09852e+04  1.00926e-18  0.00000e+00  0.00000e+00  1.19845e-06
0254  5.74261e+18  2.20001e+01  6.07472e+04  1.00202e-18  0.00000e+00  0.00000e+00  1.19077e-06
0255  5.76102e+18  2.18784e+01  6.05120e+04  9.94878e-19  0.00000e+00  0.00000e+00  1.18317e-06
0256  5.77944e+18  2.17574e+01  6.02795e+04  9.87839e-19  0.00000e+00  0.00000e+00  1.17565e-06
0257  5.79785e+18  2.16370e+01  6.00498e+04  9.80911e-19  0.00000e+00  0.00000e+00  1.16819e-06
0258  5.81627e+18  2.15174e+01  5.98228e+04  9.74093e-19  0.00000e+00  0.00000e+00  1.16080e-06
0259  5.83468e+18  2.13984e+01  5.95984e+04  9.67379e-19  0.00000e+00  0.00000e+00  1.15349e-06
0260  5.85310e+18  2.12800e+01  5.93766e+04  9.60769e-19  0.00000e+00  0.00000e+00  1.14624e-06
0261  5.87152e+18  2.11623e+01  5.91574e+04  9.54260e-19  0.00000e+00  0.00000e+00  1.13906e-06
0262  5.88993e+18  2.10453e+01  5.89407e+04  9.47850e-19  0.00000e+00  0.00000e+00  1.13195e-06
0263  5.90835e+18  2.09290e+01  5.87265e+04  9.41537e-19  0.00000e+00  0.00000e+00  1.12490e-06
0264  5.92676e+18  2.08133e+01  5.85147e+04  9.35320e-19  0.00000e+00  0.00000e+00  1.11792e-06
0265  5.94518e+18  2.06982e+01  5.83053e+04  9.29197e-19  0.00000e+00  0.00000e+00  1.11101e-06
0266  5.96359e+18  2.05838e+01  5.80983e+04  9.23166e-19  0.00000e+00  0.00000e+00  1.10416e-06
0267  5.98201e+18  2.04701e+01  5.78937e+04  9.17225e-19  0.00000e+00  0.00000e+00  1.09737e-06
0268  6.00043e+18  2.03570e+01  5.76913e+04  9.11373e-19  0.00000e+00  0.00000e+00  1.09065e-06
0269  6.01884e+18  2.02445e+01  5.74911e+04  9.05608e-19  0.00000e+00  0.00000e+00  1.08398e-06
0270  6.03726e+18  2.01327e+01  5.72932e+04  8.99928e-19  0.00000e+00  0.00000e+00  1.07738e-06
0271  6.05567e+18  2.00215e+01  5.70975e+04  8.94332e-19  0.00000e+00  0.00000e+00  1.07084e-06
0272  6.07409e+18  1.99110e+01  5.69040e+04  8.88818e-19  0.00000e+00  0.00000e+00  1.06435e-06
0273  6.09250e+18  1.98011e+01  5.67125e+04  8.83386e-19  0.00000e+00  0.00000e+00  1.05793e-06
0274  6.11092e+18  1.96918e+01  5.65232e+04  8.78032e-19  0.00000e+00  0.00000e+00  1.05156e-06
0275  6.12933e+18  1.95831e+01  5.63359e+04  8.72751e-19  0.00000e+00  0.00000e+00  1.04525e-06
0276  6.14775e+18  1.94751e+01  5.61507e+04  8.67487e-19  0.00000e+00  0.00000e+00  1.03900e-06
0277  6.16617e+18  1.93677e+01  5.59675e+04  8.59285e-19  0.00000e+00  0.00000e+00  1.03280e-06
0278  6.18458e+18  1.92612e+01  5.57808e+04  8.64576e-19  0.00000e+00  0.00000e+00  1.02666e-06
0279  6.20300e+18  1.91556e+01  5.55948e+04  8.57172e-19  0.00000e+00  0.00000e+00  1.02057e-06
0280  6.22141e+18  1.90508e+01  5.54112e+04  8.53055e-19  0.00000e+00  0.00000e+00  1.01454e-06
0281  6.23983e+18  1.89466e+01  5.52296e+04  8.48294e-19  0.00000e+00  0.00000e+00  1.00856e-06
0282  6.25824e+18  1.88429e+01  5.50498e+04  8.42302e-19  0.00000e+00  0.00000e+00  1.00263e-06
0283  6.27666e+18  1.87399e+01  5.48705e+04  8.60812e-19  0.00000e+00  0.00000e+00  9.96760e-07
0284  6.29507e+18  1.86379e+01  5.46851e+04  8.38421e-19  0.00000e+00  0.00000e+00  9.90937e-07
0285  6.31349e+18  1.85370e+01  5.45023e+04  8.36006e-19  0.00000e+00  0.00000e+00  9.85164e-07
0286  6.33191e+18  1.84367e+01  5.43218e+04  8.31656e-19  0.00000e+00  0.00000e+00  9.79442e-07
0287  6.35032e+18  1.83369e+01  5.41430e+04  8.26999e-19  0.00000e+00  0.00000e+00  9.73770e-07
0288  6.36874e+18  1.82377e+01  5.39660e+04  8.22124e-19  0.00000e+00  0.00000e+00  9.68146e-07
0289  6.38715e+18  1.81390e+01  5.37909e+04  8.17243e-19  0.00000e+00  0.00000e+00  9.62572e-07
0290  6.40557e+18  1.80409e+01  5.36177e+04  8.12449e-19  0.00000e+00  0.00000e+00  9.57045e-07
0291  6.42398e+18  1.79433e+01  5.34464e+04  8.07745e-19  0.00000e+00  0.00000e+00  9.51566e-07
0292  6.44240e+18  1.78464e+01  5.32770e+04  8.03112e-19  0.00000e+00  0.00000e+00  9.46133e-07
0293  6.46081e+18  1.77501e+01  5.31093e+04  7.98540e-19  0.00000e+00  0.00000e+00  9.40747e-07
0294  6.47923e+18  1.76543e+01  5.29435e+04  7.94028e-19  0.00000e+00  0.00000e+00  9.35407e-07
0295  6.49765e+18  1.75591e+01  5.27793e+04  7.89575e-19  0.00000e+00  0.00000e+00  9.30113e-07
0296  6.51606e+18  1.74644e+01  5.26169e+04  7.85181e-19  0.00000e+00  0.00000e+00  9.24863e-07
0297  6.53448e+18  1.73703e+01  5.24563e+04  7.80847e-19  0.00000e+00  0.00000e+00  9.19657e-07
0298  6.55289e+18  1.72768e+01  5.22973e+04  7.76570e-19  0.00000e+00  0.00000e+00  9.14495e-07
0299  6.57131e+18  1.71839e+01  5.21399e+04  7.72349e-19  0.00000e+00  0.00000e+00  9.09377e-07
0300  6.58972e+18  1.70915e+01  5.19842e+04  7.68184e-19  0.00000e+00  0.00000e+00  9.04301e-07
0301  6.60814e+18  1.69996e+01  5.18301e+04  7.64073e-19  0.00000e+00  0.00000e+00  8.99268e-07
0302  6.62655e+18  1.69083e+01  5.16776e+04  7.60016e-19  0.00000e+00  0.00000e+00  8.94277e-07
0303  6.64497e+18  1.68176e+01  5.15267e+04  7.56011e-19  0.00000e+00  0.00000e+00  8.89327e-07
0304  6.66339e+18  1.67274e+01  5.13773e+04  7.52058e-19  0.00000e+00  0.00000e+00  8.84418e-07
0305  6.68180e+18  1.66378e+01  5.12294e+04  7.48156e-19  0.00000e+00  0.00000e+00  8.79550e-07
0306  6.70022e+18  1.65486e+01  5.10830e+04  7.44302e-19  0.00000e+00  0.00000e+00  8.74722e-07
0307  6.71863e+18  1.64601e+01  5.09381e+04  7.40486e-19  0.00000e+00  0.00000e+00  8.69933e-07
0308  6.73705e+18  1.63721e+01  5.07947e+04  7.35789e-19  0.00000e+00  0.00000e+00  8.65184e-07
0309  6.75546e+18  1.62847e+01  5.06514e+04  7.46944e-19  0.00000e+00  0.00000e+00  8.60473e-07
0310  6.77388e+18  1.61980e+01  5.05045e+04  7.32865e-19  0.00000e+00  0.00000e+00  8.55801e-07
0311  6.79229e+18  1.61119e+01  5.03591e+04  7.42991e-19  0.00000e+00  0.00000e+00  8.51167e-07
0312  6.81071e+18  1.60262e+01  5.02355e+04  8.31147e-19  0.00000e+00  0.00000e+00  8.46570e-07
0313  6.82913e+18  1.59412e+01  5.00714e+04  7.22045e-19  0.00000e+00  0.00000e+00  8.42010e-07
0314  6.84754e+18  1.58583e+01  4.99115e+04  7.33752e-19  0.00000e+00  0.00000e+00  8.37487e-07
0315  6.86596e+18  1.57769e+01  4.97555e+04  7.31628e-19  0.00000e+00  0.00000e+00  8.33001e-07
0316  6.88437e+18  1.56956e+01  4.96006e+04  7.28560e-19  0.00000e+00  0.00000e+00  8.28550e-07
0317  6.90279e+18  1.56144e+01  4.94467e+04  7.24593e-19  0.00000e+00  0.00000e+00  8.24135e-07
0318  6.92120e+18  1.55336e+01  4.92945e+04  7.20211e-19  0.00000e+00  0.00000e+00  8.19755e-07
0319  6.93962e+18  1.54533e+01  4.91442e+04  7.15902e-19  0.00000e+00  0.00000e+00  8.15410e-07
0320  6.95803e+18  1.53736e+01  4.89957e+04  7.11745e-19  0.00000e+00  0.00000e+00  8.11100e-07
0321  6.97645e+18  1.52944e+01  4.88490e+04  7.07693e-19  0.00000e+00  0.00000e+00  8.06824e-07
0322  6.99487e+18  1.52157e+01  4.87039e+04  7.03699e-19  0.00000e+00  0.00000e+00  8.02581e-07
0323  7.01328e+18  1.51375e+01  4.85605e+04  6.99747e-19  0.00000e+00  0.00000e+00  7.98371e-07
0324  7.03170e+18  1.50598e+01  4.84188e+04  6.95841e-19  0.00000e+00  0.00000e+00  7.94195e-07
0325  7.05011e+18  1.49825e+01  4.82787e+04  6.91985e-19  0.00000e+00  0.00000e+00  7.90052e-07
0326  7.06853e+18  1.49058e+01  4.81402e+04  6.88181e-19  0.00000e+00  0.00000e+00  7.85940e-07
0327  7.08694e+18  1.48295e+01  4.80032e+04  6.84427e-19  0.00000e+00  0.00000e+00  7.81861e-07
0328  7.10536e+18  1.47537e+01  4.78679e+04  6.80722e-19  0.00000e+00  0.00000e+00  7.77813e-07
0329  7.12378e+18  1.46784e+01  4.77340e+04  6.77065e-19  0.00000e+00  0.00000e+00  7.73797e-07
0330  7.14219e+18  1.46036e+01  4.76017e+04  6.73452e-19  0.00000e+00  0.00000e+00  7.69812e-07
0331  7.16061e+18  1.45292e+01  4.74708e+04  6.69883e-19  0.00000e+00  0.00000e+00  7.65858e-07
0332  7.17902e+18  1.44553e+01  4.73414e+04  6.66355e-19  0.00000e+00  0.00000e+00  7.61933e-07
0333  7.19744e+18  1.43819e+01  4.72134e+04  6.62865e-19  0.00000e+00  0.00000e+00  7.58039e-07
0334  7.21585e+18  1.43090e+01  4.70869e+04  6.59417e-19  0.00000e+00  0.00000e+00  7.54175e-07
0335  7.23427e+18  1.42365e+01  4.69617e+04  6.56003e-19  0.00000e+00  0.00000e+00  7.50340e-07
0336  7.25268e+18  1.41644e+01  4.68379e+04  6.52647e-19  0.00000e+00  0.00000e+00  7.46535e-07
0337  7.27110e+18  1.40929e+01  4.67155e+04  6.49293e-19  0.00000e+00  0.00000e+00  7.42758e-07
0338  7.28952e+18  1.40217e+01  4.65943e+04  6.46131e-19  0.00000e+00  0.00000e+00  7.39010e-07
0339  7.30793e+18  1.39511e+01  4.64746e+04  6.42823e-19  0.00000e+00  0.00000e+00  7.35290e-07
0340  7.32635e+18  1.38809e+01  4.63561e+04  6.39637e-19  0.00000e+00  0.00000e+00  7.31598e-07
0341  7.34476e+18  1.38112e+01  4.62389e+04  6.36496e-19  0.00000e+00  0.00000e+00  7.27934e-07
0342  7.36318e+18  1.37419e+01  4.61231e+04  6.33386e-19  0.00000e+00  0.00000e+00  7.24298e-07
0343  7.38159e+18  1.36731e+01  4.60084e+04  6.30299e-19  0.00000e+00  0.00000e+00  7.20688e-07
0344  7.40001e+18  1.36047e+01  4.58951e+04  6.27236e-19  0.00000e+00  0.00000e+00  7.17106e-07
0345  7.41842e+18  1.35368e+01  4.57829e+04  6.24205e-19  0.00000e+00  0.00000e+00  7.13550e-07
0346  7.43684e+18  1.34693e+01  4.56719e+04  6.21195e-19  0.00000e+00  0.00000e+00  7.10020e-07
0347  7.45526e+18  1.34023e+01  4.55621e+04  6.16144e-19  0.00000e+00  0.00000e+00  7.06517e-07
0348  7.47367e+18  1.33359e+01  4.54505e+04  6.37873e-19  0.00000e+00  0.00000e+00  7.03039e-07
0349  7.49209e+18  1.32703e+01  4.53326e+04  6.17390e-19  0.00000e+00  0.00000e+00  6.99587e-07
0350  7.51050e+18  1.32054e+01  4.52162e+04  6.17923e-19  0.00000e+00  0.00000e+00  6.96161e-07
0351  7.52892e+18  1.31411e+01  4.51012e+04  6.15404e-19  0.00000e+00  0.00000e+00  6.92759e-07
0352  7.54733e+18  1.30770e+01  4.49869e+04  6.13134e-19  0.00000e+00  0.00000e+00  6.89383e-07
0353  7.56575e+18  1.30133e+01  4.48736e+04  6.10083e-19  0.00000e+00  0.00000e+00  6.86031e-07
0354  7.58416e+18  1.29500e+01  4.47613e+04  6.07199e-19  0.00000e+00  0.00000e+00  6.82703e-07
0355  7.60258e+18  1.28872e+01  4.46500e+04  6.04332e-19  0.00000e+00  0.00000e+00  6.79400e-07
0356  7.62100e+18  1.28247e+01  4.45397e+04  6.01486e-19  0.00000e+00  0.00000e+00  6.76121e-07
0357  7.63941e+18  1.27628e+01  4.44305e+04  5.98655e-19  0.00000e+00  0.00000e+00  6.72865e-07
0358  7.65783e+18  1.27012e+01  4.43223e+04  5.95835e-19  0.00000e+00  0.00000e+00  6.69632e-07
0359  7.67624e+18  1.26401e+01  4.42152e+04  5.93031e-19  0.00000e+00  0.00000e+00  6.66423e-07
0360  7.69466e+18  1.25795e+01  4.41091e+04  5.90249e-19  0.00000e+00  0.00000e+00  6.63237e-07
0361  7.71307e+18  1.25193e+01  4.40041e+04  5.87499e-19  0.00000e+00  0.00000e+00  6.60074e-07
0362  7.73149e+18  1.24596e+01  4.39000e+04  5.84782e-19  0.00000e+00  0.00000e+00  6.56933e-07
0363  7.74990e+18  1.24002e+01  4.37969e+04  5.82097e-19  0.00000e+00  0.00000e+00  6.53815e-07
0364  7.76832e+18  1.23413e+01  4.36948e+04  5.79443e-19  0.00000e+00  0.00000e+00  6.50719e-07
0365  7.78674e+18  1.22828e+01  4.35936e+04  5.76821e-19  0.00000e+00  0.00000e+00  6.47644e-07
0366  7.80515e+18  1.22248e+01  4.34934e+04  5.74211e-19  0.00000e+00  0.00000e+00  6.44592e-07
0367  7.82357e+18  1.21671e+01  4.33941e+04  5.71720e-19  0.00000e+00  0.00000e+00  6.41561e-07
0368  7.84198e+18  1.21099e+01  4.32957e+04  5.73944e-19  0.00000e+00  0.00000e+00  6.38551e-07
0369  7.86040e+18  1.20524e+01  4.32001e+04 -9.83680e-20  0.00000e+00  0.00000e+00  6.35563e-07
0370  7.87881e+18  1.19930e+01  4.32001e+04  1.71304e-17  0.00000e+00  0.00000e+00  6.32595e-07
0371  7.89723e+18  1.19314e+01  4.31719e+04  7.86513e-19  0.00000e+00  0.00000e+00  6.29648e-07
0372  7.91564e+18  1.18724e+01  4.30585e+04  4.88243e-19  0.00000e+00  0.00000e+00  6.26722e-07
0373  7.93406e+18  1.18176e+01  4.29518e+04  5.54904e-19  0.00000e+00  0.00000e+00  6.23816e-07
0374  7.95248e+18  1.17647e+01  4.28494e+04  5.64244e-19  0.00000e+00  0.00000e+00  6.20930e-07
0375  7.97089e+18  1.17117e+01  4.27474e+04  5.63646e-19  0.00000e+00  0.00000e+00  6.18064e-07
0376  7.98931e+18  1.16583e+01  4.26447e+04  5.62356e-19  0.00000e+00  0.00000e+00  6.15218e-07
0377  8.00772e+18  1.16049e+01  4.25428e+04  5.58828e-19  0.00000e+00  0.00000e+00  6.12392e-07
0378  8.02614e+18  1.15521e+01  4.24421e+04  5.55617e-19  0.00000e+00  0.00000e+00  6.09585e-07
0379  8.04455e+18  1.14997e+01  4.23426e+04  5.52761e-19  0.00000e+00  0.00000e+00  6.06797e-07
0380  8.06297e+18  1.14478e+01  4.22444e+04  5.50032e-19  0.00000e+00  0.00000e+00  6.04029e-07
0381  8.08139e+18  1.13962e+01  4.21471e+04  5.47366e-19  0.00000e+00  0.00000e+00  6.01279e-07
0382  8.09980e+18  1.13450e+01  4.20508e+04  5.44710e-19  0.00000e+00  0.00000e+00  5.98548e-07
0383  8.11822e+18  1.12941e+01  4.19556e+04  5.42058e-19  0.00000e+00  0.00000e+00  5.95835e-07
0384  8.13663e+18  1.12436e+01  4.18613e+04  5.39425e-19  0.00000e+00  0.00000e+00  5.93141e-07
0385  8.15505e+18  1.11935e+01  4.17680e+04  5.36826e-19  0.00000e+00  0.00000e+00  5.90466e-07
0386  8.17346e+18  1.11437e+01  4.16756e+04  5.43402e-19  0.00000e+00  0.00000e+00  5.87808e-07
0387  8.19188e+18  1.10942e+01  4.15984e+04  6.07654e-19  0.00000e+00  0.00000e+00  5.85168e-07
0388  8.21029e+18  1.10450e+01  4.14945e+04  5.25600e-19  0.00000e+00  0.00000e+00  5.82546e-07
0389  8.22871e+18  1.09967e+01  4.13923e+04  5.35874e-19  0.00000e+00  0.00000e+00  5.79941e-07
0390  8.24713e+18  1.09493e+01  4.12927e+04  5.33428e-19  0.00000e+00  0.00000e+00  5.77354e-07
0391  8.26554e+18  1.09024e+01  4.11946e+04  5.31071e-19  0.00000e+00  0.00000e+00  5.74784e-07
0392  8.28396e+18  1.08556e+01  4.10973e+04  5.28584e-19  0.00000e+00  0.00000e+00  5.72232e-07
0393  8.30237e+18  1.08091e+01  4.10009e+04  5.25769e-19  0.00000e+00  0.00000e+00  5.69696e-07
0394  8.32079e+18  1.07628e+01  4.09056e+04  5.22862e-19  0.00000e+00  0.00000e+00  5.67177e-07
0395  8.33920e+18  1.07169e+01  4.08116e+04  5.20003e-19  0.00000e+00  0.00000e+00  5.64675e-07
0396  8.35762e+18  1.06714e+01  4.07187e+04  5.17210e-19  0.00000e+00  0.00000e+00  5.62189e-07
0397  8.37603e+18  1.06262e+01  4.06270e+04  5.14467e-19  0.00000e+00  0.00000e+00  5.59720e-07
0398  8.39445e+18  1.05814e+01  4.05364e+04  5.11755e-19  0.00000e+00  0.00000e+00  5.57267e-07
0399  8.41287e+18  1.05369e+01  4.04468e+04  5.09066e-19  0.00000e+00  0.00000e+00  5.54830e-07
0400  8.43128e+18  1.04927e+01  4.03584e+04  5.06400e-19  0.00000e+00  0.00000e+00  5.52409e-07
0401  8.44970e+18  1.04488e+01  4.02710e+04  5.03761e-19  0.00000e+00  0.00000e+00  5.50003e-07
0402  8.46811e+18  1.04053e+01  4.01846e+04  5.01148e-19  0.00000e+00  0.00000e+00  5.47614e-07
0403  8.48653e+18  1.03621e+01  4.00993e+04  4.98561e-19  0.00000e+00  0.00000e+00  5.45240e-07
0404  8.50494e+18  1.03192e+01  4.00150e+04  4.96000e-19  0.00000e+00  0.00000e+00  5.42881e-07
0405  8.52336e+18  1.02766e+01  3.99317e+04  4.93464e-19  0.00000e+00  0.00000e+00  5.40538e-07
0406  8.54177e+18  1.02344e+01  3.98494e+04  4.90951e-19  0.00000e+00  0.00000e+00  5.38209e-07
0407  8.56019e+18  1.01925e+01  3.97680e+04  4.88463e-19  0.00000e+00  0.00000e+00  5.35896e-07
0408  8.57861e+18  1.01509e+01  3.96877e+04  4.85997e-19  0.00000e+00  0.00000e+00  5.33598e-07
0409  8.59702e+18  1.01096e+01  3.96082e+04  4.83555e-19  0.00000e+00  0.00000e+00  5.31314e-07
0410  8.61544e+18  1.00686e+01  3.95297e+04  4.81135e-19  0.00000e+00  0.00000e+00  5.29045e-07
0411  8.63385e+18  1.00280e+01  3.94521e+04  4.78737e-19  0.00000e+00  0.00000e+00  5.26791e-07
0412  8.65227e+18  9.98762e+00  3.93754e+04  4.76361e-19  0.00000e+00  0.00000e+00  5.24551e-07
0413  8.67068e+18  9.94759e+00  3.92996e+04  4.74006e-19  0.00000e+00  0.00000e+00  5.22325e-07
0414  8.68910e+18  9.90786e+00  3.92247e+04  4.71672e-19  0.00000e+00  0.00000e+00  5.20113e-07
0415  8.70751e+18  9.86844e+00  3.91507e+04  4.69359e-19  0.00000e+00  0.00000e+00  5.17916e-07
0416  8.72593e+18  9.82932e+00  3.90775e+04  4.67065e-19  0.00000e+00  0.00000e+00  5.15732e-07
0417  8.74435e+18  9.79051e+00  3.90051e+04  4.64792e-19  0.00000e+00  0.00000e+00  5.13562e-07
0418  8.76276e+18  9.75199e+00  3.89336e+04  4.62538e-19  0.00000e+00  0.00000e+00  5.11406e-07
0419  8.78118e+18  9.71378e+00  3.88629e+04  4.60303e-19  0.00000e+00  0.00000e+00  5.09263e-07
0420  8.79959e+18  9.67586e+00  3.87930e+04  4.58086e-19  0.00000e+00  0.00000e+00  5.07134e-07
0421  8.81801e+18  9.63823e+00  3.87239e+04  4.55888e-19  0.00000e+00  0.00000e+00  5.05018e-07
0422  8.83642e+18  9.60091e+00  3.86556e+04  4.53708e-19  0.00000e+00  0.00000e+00  5.02915e-07
0423  8.85484e+18  9.56387e+00  3.85881e+04  4.51546e-19  0.00000e+00  0.00000e+00  5.00825e-07
0424  8.87326e+18  9.52712e+00  3.85213e+04  4.49402e-19  0.00000e+00  0.00000e+00  4.98749e-07
0425  8.89167e+18  9.49066e+00  3.84553e+04  4.47274e-19  0.00000e+00  0.00000e+00  4.96685e-07
0426  8.91009e+18  9.45449e+00  3.83900e+04  4.45164e-19  0.00000e+00  0.00000e+00  4.94634e-07
0427  8.92850e+18  9.41860e+00  3.83255e+04  4.43070e-19  0.00000e+00  0.00000e+00  4.92595e-07
0428  8.94692e+18  9.38300e+00  3.82617e+04  4.40992e-19  0.00000e+00  0.00000e+00  4.90570e-07
0429  8.96533e+18  9.34767e+00  3.81986e+04  4.38930e-19  0.00000e+00  0.00000e+00  4.88556e-07
0430  8.98375e+18  9.31263e+00  3.81362e+04  4.36884e-19  0.00000e+00  0.00000e+00  4.86555e-07
0431  9.00216e+18  9.27786e+00  3.80746e+04  4.34848e-19  0.00000e+00  0.00000e+00  4.84567e-07
0432  9.02058e+18  9.24338e+00  3.80136e+04  4.32171e-19  0.00000e+00  0.00000e+00  4.82590e-07
0433  9.03900e+18  9.20919e+00  3.79524e+04  4.35391e-19  0.00000e+00  0.00000e+00  4.80626e-07
0434  9.05741e+18  9.17532e+00  3.78905e+04  4.29903e-19  0.00000e+00  0.00000e+00  4.78674e-07
0435  9.07583e+18  9.14178e+00  3.78294e+04  4.28651e-19  0.00000e+00  0.00000e+00  4.76733e-07
0436  9.09424e+18  9.10853e+00  3.77690e+04  4.26709e-19  0.00000e+00  0.00000e+00  4.74804e-07
0437  9.11266e+18  9.07552e+00  3.77093e+04  4.24742e-19  0.00000e+00  0.00000e+00  4.72887e-07
0438  9.13107e+18  9.04276e+00  3.76503e+04  4.22754e-19  0.00000e+00  0.00000e+00  4.70982e-07
0439  9.14949e+18  9.01026e+00  3.75919e+04  4.20763e-19  0.00000e+00  0.00000e+00  4.69088e-07
0440  9.16790e+18  8.97802e+00  3.75342e+04  4.18785e-19  0.00000e+00  0.00000e+00  4.67205e-07
0441  9.18632e+18  8.94605e+00  3.74772e+04  4.16826e-19  0.00000e+00  0.00000e+00  4.65334e-07
0442  9.20474e+18  8.91433e+00  3.74208e+04  4.14884e-19  0.00000e+00  0.00000e+00  4.63474e-07
0443  9.22315e+18  8.88287e+00  3.73651e+04  4.12958e-19  0.00000e+00  0.00000e+00  4.61625e-07
0444  9.24157e+18  8.85167e+00  3.73100e+04  4.11045e-19  0.00000e+00  0.00000e+00  4.59787e-07
0445  9.25998e+18  8.82071e+00  3.72555e+04  4.09146e-19  0.00000e+00  0.00000e+00  4.57960e-07
0446  9.27840e+18  8.79001e+00  3.72016e+04  4.07260e-19  0.00000e+00  0.00000e+00  4.56144e-07
0447  9.29681e+18  8.75956e+00  3.71483e+04  4.05388e-19  0.00000e+00  0.00000e+00  4.54338e-07
0448  9.31523e+18  8.72935e+00  3.70956e+04  4.03529e-19  0.00000e+00  0.00000e+00  4.52544e-07
0449  9.33364e+18  8.69939e+00  3.70436e+04  4.01683e-19  0.00000e+00  0.00000e+00  4.50760e-07
0450  9.35206e+18  8.66968e+00  3.69921e+04  3.99849e-19  0.00000e+00  0.00000e+00  4.48986e-07
0451  9.37048e+18  8.64021e+00  3.69411e+04  3.98026e-19  0.00000e+00  0.00000e+00  4.47223e-07
0452  9.38889e+18  8.61098e+00  3.68908e+04  3.96198e-19  0.00000e+00  0.00000e+00  4.45470e-07
0453  9.40731e+18  8.58200e+00  3.68410e+04  3.92075e-19  0.00000e+00  0.00000e+00  4.43728e-07
0454  9.42572e+18  8.55332e+00  3.67885e+04  3.99071e-19  0.00000e+00  0.00000e+00  4.41996e-07
0455  9.44414e+18  8.52499e+00  3.67349e+04  3.93947e-19  0.00000e+00  0.00000e+00  4.40274e-07
0456  9.46255e+18  8.49699e+00  3.66820e+04  3.93213e-19  0.00000e+00  0.00000e+00  4.38562e-07
0457  9.48097e+18  8.46923e+00  3.66297e+04  3.91530e-19  0.00000e+00  0.00000e+00  4.36860e-07
0458  9.49939e+18  8.44166e+00  3.65780e+04  3.89766e-19  0.00000e+00  0.00000e+00  4.35168e-07
0459  9.51780e+18  8.41430e+00  3.65268e+04  3.87944e-19  0.00000e+00  0.00000e+00  4.33485e-07
0460  9.53622e+18  8.38716e+00  3.64761e+04  3.86107e-19  0.00000e+00  0.00000e+00  4.31813e-07
0461  9.55463e+18  8.36026e+00  3.64260e+04  3.84283e-19  0.00000e+00  0.00000e+00  4.30150e-07
0462  9.57305e+18  8.33359e+00  3.63765e+04  3.82480e-19  0.00000e+00  0.00000e+00  4.28496e-07
0463  9.59146e+18  8.30714e+00  3.63275e+04  3.80694e-19  0.00000e+00  0.00000e+00  4.26853e-07
0464  9.60988e+18  8.28091e+00  3.62790e+04  3.78921e-19  0.00000e+00  0.00000e+00  4.25218e-07
0465  9.62829e+18  8.25490e+00  3.62311e+04  3.77158e-19  0.00000e+00  0.00000e+00  4.23593e-07
0466  9.64671e+18  8.22911e+00  3.61837e+04  3.75406e-19  0.00000e+00  0.00000e+00  4.21977e-07
0467  9.66513e+18  8.20354e+00  3.61368e+04  3.73664e-19  0.00000e+00  0.00000e+00  4.20371e-07
0468  9.68354e+18  8.17818e+00  3.60904e+04  3.71935e-19  0.00000e+00  0.00000e+00  4.18773e-07
0469  9.70196e+18  8.15303e+00  3.60446e+04  3.70216e-19  0.00000e+00  0.00000e+00  4.17185e-07
0470  9.72037e+18  8.12810e+00  3.59992e+04  3.68508e-19  0.00000e+00  0.00000e+00  4.15606e-07
0471  9.73879e+18  8.10338e+00  3.59543e+04  3.66811e-19  0.00000e+00  0.00000e+00  4.14036e-07
0472  9.75720e+18  8.07887e+00  3.59099e+04  3.65124e-19  0.00000e+00  0.00000e+00  4.12474e-07
0473  9.77562e+18  8.05456e+00  3.58660e+04  3.63448e-19  0.00000e+00  0.00000e+00  4.10922e-07
0474  9.79403e+18  8.03046e+00  3.58225e+04  3.61782e-19  0.00000e+00  0.00000e+00  4.09378e-07
0475  9.81245e+18  8.00657e+00  3.57796e+04  3.60127e-19  0.00000e+00  0.00000e+00  4.07843e-07
0476  9.83087e+18  7.98288e+00  3.57371e+04  3.58481e-19  0.00000e+00  0.00000e+00  4.06316e-07
0477  9.84928e+18  7.95939e+00  3.56950e+04  3.56846e-19  0.00000e+00  0.00000e+00  4.04798e-07
0478  9.86770e+18  7.93610e+00  3.56534e+04  3.55220e-19  0.00000e+00  0.00000e+00  4.03289e-07
0479  9.88611e+18  7.91301e+00  3.56122e+04  3.53604e-19  0.00000e+00  0.00000e+00  4.01788e-07
0480  9.90453e+18  7.89011e+00  3.55715e+04  3.51998e-19  0.00000e+00  0.00000e+00  4.00295e-07
0481  9.92294e+18  7.86741e+00  3.55312e+04  3.50401e-19  0.00000e+00  0.00000e+00  3.98810e-07
0482  9.94136e+18  7.84490e+00  3.54914e+04  3.48814e-19  0.00000e+00  0.00000e+00  3.97334e-07
0483  9.95977e+18  7.82259e+00  3.54519e+04  3.47236e-19  0.00000e+00  0.00000e+00  3.95866e-07
0484  9.97819e+18  7.80046e+00  3.54129e+04  3.45667e-19  0.00000e+00  0.00000e+00  3.94406e-07
0485  9.99661e+18  7.77853e+00  3.53743e+04  3.44107e-19  0.00000e+00  0.00000e+00  3.92955e-07
0486  1.00150e+19  7.75678e+00  3.53361e+04  3.42556e-19  0.00000e+00  0.00000e+00  3.91511e-07
0487  1.00334e+19  7.73522e+00  3.52983e+04  3.41014e-19  0.00000e+00  0.00000e+00  3.90075e-07
0488  1.00519e+19  7.71385e+00  3.52609e+04  3.39480e-19  0.00000e+00  0.00000e+00  3.88647e-07
0489  1.00703e+19  7.69266e+00  3.52239e+04  3.37942e-19  0.00000e+00  0.00000e+00  3.87227e-07
0490  1.00887e+19  7.67166e+00  3.51873e+04  3.34584e-19  0.00000e+00  0.00000e+00  3.85814e-07
0491  1.01071e+19  7.65087e+00  3.51485e+04  3.38388e-19  0.00000e+00  0.00000e+00  3.84410e-07
0492  1.01255e+19  7.63034e+00  3.51094e+04  3.35765e-19  0.00000e+00  0.00000e+00  3.83013e-07
0493  1.01439e+19  7.61003e+00  3.50707e+04  3.34781e-19  0.00000e+00  0.00000e+00  3.81623e-07
0494  1.01623e+19  7.58989e+00  3.50325e+04  3.33296e-19  0.00000e+00  0.00000e+00  3.80242e-07
0495  1.01808e+19  7.56990e+00  3.49947e+04  3.31763e-19  0.00000e+00  0.00000e+00  3.78867e-07
0496  1.01992e+19  7.55008e+00  3.49574e+04  3.30199e-19  0.00000e+00  0.00000e+00  3.77500e-07
0497  1.02176e+19  7.53042e+00  3.49204e+04  3.28631e-19  0.00000e+00  0.00000e+00  3.76141e-07
0498  1.02360e+19  7.51093e+00  3.48839e+04  3.27076e-19  0.00000e+00  0.00000e+00  3.74789e-07
0499  1.02544e+19  7.49162e+00  3.48478e+04  3.25537e-19  0.00000e+00  0.00000e+00  3.73444e-07
0500  1.02728e+19  7.47247e+00  3.48121e+04  3.24010e-19  0.00000e+00  0.00000e+00  3.72106e-07
0501  1.02913e+19  7.45349e+00  3.47769e+04  3.22494e-19  0.00000e+00  0.00000e+00  3.70775e-07
0502  1.03097e+19  7.43467e+00  3.47420e+04  3.20988e-19  0.00000e+00  0.00000e+00  3.69452e-07
0503  1.03281e+19  7.41601e+00  3.47075e+04  3.19490e-19  0.00000e+00  0.00000e+00  3.68136e-07
0504  1.03465e+19  7.39752e+00  3.46735e+04  3.18002e-19  0.00000e+00  0.00000e+00  3.66826e-07
0505  1.03649e+19  7.37918e+00  3.46398e+04  3.16524e-19  0.00000e+00  0.00000e+00  3.65524e-07
0506  1.03833e+19  7.36100e+00  3.46065e+04  3.15055e-19  0.00000e+00  0.00000e+00  3.64229e-07
0507  1.04017e+19  7.34298e+00  3.45735e+04  3.13596e-19  0.00000e+00  0.00000e+00  3.62940e-07
0508  1.04202e+19  7.32512e+00  3.45410e+04  3.12145e-19  0.00000e+00  0.00000e+00  3.61658e-07
0509  1.04386e+19  7.30741e+00  3.45088e+04  3.10704e-19  0.00000e+00  0.00000e+00  3.60383e-07
0510  1.04570e+19  7.28985e+00  3.44769e+04  3.09272e-19  0.00000e+00  0.00000e+00  3.59115e-07
0511  1.04754e+19  7.27245e+00  3.44454e+04  3.07849e-19  0.00000e+00  0.00000e+00  3.57854e-07
0512  1.04938e+19  7.25519e+00  3.44143e+04  3.06435e-19  0.00000e+00  0.00000e+00  3.56599e-07
0513  1.05122e+19  7.23809e+00  3.43835e+04  3.05029e-19  0.00000e+00  0.00000e+00  3.55350e-07
0514  1.05307e+19  7.22113e+00  3.43531e+04  3.03632e-19  0.00000e+00  0.00000e+00  3.54109e-07
0515  1.05491e+19  7.20433e+00  3.43230e+04  3.02243e-19  0.00000e+00  0.00000e+00  3.52873e-07
0516  1.05675e+19  7.18766e+00  3.42932e+04  3.00863e-19  0.00000e+00  0.00000e+00  3.51645e-07
0517  1.05859e+19  7.17115e+00  3.42638e+04  2.99492e-19  0.00000e+00  0.00000e+00  3.50422e-07
0518  1.06043e+19  7.15477e+00  3.42346e+04  2.98128e-19  0.00000e+00  0.00000e+00  3.49206e-07
0519  1.06227e+19  7.13854e+00  3.42058e+04  2.96773e-19  0.00000e+00  0.00000e+00  3.47996e-07
0520  1.06412e+19  7.12245e+00  3.41774e+04  2.95426e-19  0.00000e+00  0.00000e+00  3.46793e-07
0521  1.06596e+19  7.10650e+00  3.41492e+04  2.94087e-19  0.00000e+00  0.00000e+00  3.45596e-07
0522  1.06780e+19  7.09068e+00  3.41213e+04  2.92756e-19  0.00000e+00  0.00000e+00  3.44405e-07
0523  1.06964e+19  7.07501e+00  3.40938e+04  2.91433e-19  0.00000e+00  0.00000e+00  3.43220e-07
0524  1.07148e+19  7.05947e+00  3.40665e+04  2.90117e-19  0.00000e+00  0.00000e+00  3.42041e-07
0525  1.07332e+19  7.04407e+00  3.40395e+04  2.88809e-19  0.00000e+00  0.00000e+00  3.40868e-07
0526  1.07516e+19  7.02880e+00  3.40129e+04  2.87509e-19  0.00000e+00  0.00000e+00  3.39702e-07
0527  1.07701e+19  7.01366e+00  3.39865e+04  2.86217e-19  0.00000e+00  0.00000e+00  3.38541e-07
0528  1.07885e+19  6.99866e+00  3.39604e+04  2.84931e-19  0.00000e+00  0.00000e+00  3.37386e-07
0529  1.08069e+19  6.98378e+00  3.39346e+04  2.83654e-19  0.00000e+00  0.00000e+00  3.36237e-07
0530  1.08253e+19  6.96904e+00  3.39090e+04  2.82383e-19  0.00000e+00  0.00000e+00  3.35094e-07
0531  1.08437e+19  6.95442e+00  3.38838e+04  2.81120e-19  0.00000e+00  0.00000e+00  3.33957e-07
0532  1.08621e+19  6.93993e+00  3.38588e+04  2.79865e-19  0.00000e+00  0.00000e+00  3.32826e-07
0533  1.08806e+19  6.92557e+00  3.38341e+04  2.78616e-19  0.00000e+00  0.00000e+00  3.31700e-07
0534  1.08990e+19  6.91133e+00  3.38096e+04  2.77375e-19  0.00000e+00  0.00000e+00  3.30580e-07
0535  1.09174e+19  6.89721e+00  3.37854e+04  2.76140e-19  0.00000e+00  0.00000e+00  3.29466e-07
0536  1.09358e+19  6.88322e+00  3.37614e+04  2.74912e-19  0.00000e+00  0.00000e+00  3.28357e-07
0537  1.09542e+19  6.86935e+00  3.37378e+04  2.73692e-19  0.00000e+00  0.00000e+00  3.27254e-07
0538  1.09726e+19  6.85560e+00  3.37143e+04  2.72478e-19  0.00000e+00  0.00000e+00  3.26156e-07
0539  1.09910e+19  6.84197e+00  3.36911e+04  2.71271e-19  0.00000e+00  0.00000e+00  3.25064e-07
0540  1.10095e+19  6.82846e+00  3.36682e+04  2.70071e-19  0.00000e+00  0.00000e+00  3.23978e-07
0541  1.10279e+19  6.81506e+00  3.36455e+04  2.68877e-19  0.00000e+00  0.00000e+00  3.22897e-07
0542  1.10463e+19  6.80179e+00  3.36230e+04  2.67691e-19  0.00000e+00  0.00000e+00  3.21821e-07
0543  1.10647e+19  6.78862e+00  3.36008e+04  2.66510e-19  0.00000e+00  0.00000e+00  3.20751e-07
0544  1.10831e+19  6.77558e+00  3.35788e+04  2.65336e-19  0.00000e+00  0.00000e+00  3.19686e-07
0545  1.11015e+19  6.76264e+00  3.35570e+04  2.64169e-19  0.00000e+00  0.00000e+00  3.18626e-07
0546  1.11200e+19  6.74982e+00  3.35354e+04  2.63008e-19  0.00000e+00  0.00000e+00  3.17571e-07
0547  1.11384e+19  6.73711e+00  3.35141e+04  2.61854e-19  0.00000e+00  0.00000e+00  3.16522e-07
0548  1.11568e+19  6.72451e+00  3.34930e+04  2.60705e-19  0.00000e+00  0.00000e+00  3.15478e-07
0549  1.11752e+19  6.71202e+00  3.34721e+04  2.59563e-19  0.00000e+00  0.00000e+00  3.14439e-07
0550  1.11936e+19  6.69963e+00  3.34515e+04  2.58428e-19  0.00000e+00  0.00000e+00  3.13405e-07
0551  1.12120e+19  6.68737e+00  3.34310e+04  2.57297e-19  0.00000e+00  0.00000e+00  3.12377e-07
0552  1.12305e+19  6.67515e+00  3.34107e+04  2.56174e-19  0.00000e+00  0.00000e+00  3.11353e-07
0553  1.12489e+19  6.66332e+00  3.33911e+04  2.54974e-19  0.00000e+00  0.00000e+00  3.10335e-07
0554  1.12673e+19  6.65043e+00  3.33697e+04  2.52239e-19  0.00000e+00  0.00000e+00  3.09321e-07
0555  1.12857e+19  6.64421e+00  3.33592e+04  2.98920e-19  0.00000e+00  0.00000e+00  3.08312e-07
