# Athena++ data at time=4.920000e+12  cycle=329690004  variables=uov 
# i       x1v         user_out_var0          user_out_var1          user_out_var2          user_out_var3          user_out_var4          user_out_var5      
0002  1.13875e+18  4.91745e+00  3.03478e+04  5.59999e-16  0.00000e+00  0.00000e+00  3.02826e-05
0003  1.15716e+18  1.03218e+01  4.00224e+04  8.70681e-17  0.00000e+00  0.00000e+00  2.93264e-05
0004  1.17558e+18  1.54636e+01  4.91676e+04  4.30157e-17  0.00000e+00  0.00000e+00  2.84148e-05
0005  1.19399e+18  2.23004e+01  6.13414e+04  6.27746e-17  0.00000e+00  0.00000e+00  2.75451e-05
0006  1.21241e+18  3.29235e+01  8.15990e+04  1.03476e-16  0.00000e+00  0.00000e+00  2.67147e-05
0007  1.23082e+18  5.31276e+01  1.23384e+05  1.29047e-16  0.00000e+00  0.00000e+00  2.59213e-05
0008  1.24924e+18  6.27572e+01  1.36872e+05  2.81811e-17  0.00000e+00  0.00000e+00  2.51628e-05
0009  1.26765e+18  6.77535e+01  1.43373e+05  2.26097e-17  0.00000e+00  0.00000e+00  2.44370e-05
0010  1.28607e+18  7.21109e+01  1.48194e+05  2.04176e-17  0.00000e+00  0.00000e+00  2.37422e-05
0011  1.30448e+18  7.54136e+01  1.50867e+05  1.48587e-17  0.00000e+00  0.00000e+00  2.30766e-05
0012  1.32290e+18  7.84609e+01  1.53364e+05  1.49510e-17  0.00000e+00  0.00000e+00  2.24386e-05
0013  1.34131e+18  8.15902e+01  1.55963e+05  1.49570e-17  0.00000e+00  0.00000e+00  2.18267e-05
0014  1.35973e+18  8.47006e+01  1.58586e+05  1.40253e-17  0.00000e+00  0.00000e+00  2.12395e-05
0015  1.37814e+18  8.75322e+01  1.60745e+05  1.22512e-17  0.00000e+00  0.00000e+00  2.06757e-05
0016  1.39656e+18  9.02153e+01  1.62802e+05  1.17373e-17  0.00000e+00  0.00000e+00  2.01340e-05
0017  1.41497e+18  9.28812e+01  1.64893e+05  1.14586e-17  0.00000e+00  0.00000e+00  1.96134e-05
0018  1.43339e+18  9.54909e+01  1.66991e+05  1.02843e-17  0.00000e+00  0.00000e+00  1.91126e-05
0019  1.45180e+18  9.74410e+01  1.67935e+05 -6.95621e-19  0.00000e+00  0.00000e+00  1.86309e-05
0020  1.47022e+18  9.97017e+01  1.69825e+05  1.02703e-17  0.00000e+00  0.00000e+00  1.81671e-05
0021  1.48863e+18  1.02341e+02  1.72117e+05  4.62192e-17  0.00000e+00  0.00000e+00  1.77204e-05
0022  1.50705e+18  1.04374e+02  1.73445e+05  7.54719e-18  0.00000e+00  0.00000e+00  1.72900e-05
0023  1.52546e+18  1.06316e+02  1.75006e+05  8.08456e-18  0.00000e+00  0.00000e+00  1.68750e-05
0024  1.54388e+18  1.08433e+02  1.76771e+05  8.32895e-18  0.00000e+00  0.00000e+00  1.64749e-05
0027  1.56229e+18  1.10560e+02  1.78616e+05  8.09565e-18  0.00000e+00  0.00000e+00  1.60888e-05
0028  1.58071e+18  1.12660e+02  1.80511e+05  7.90187e-18  0.00000e+00  0.00000e+00  1.57161e-05
0029  1.59912e+18  1.14756e+02  1.82480e+05  7.80400e-18  0.00000e+00  0.00000e+00  1.53562e-05
0030  1.61754e+18  1.16871e+02  1.84551e+05  7.77270e-18  0.00000e+00  0.00000e+00  1.50085e-05
0031  1.63595e+18  1.19028e+02  1.86756e+05  7.80384e-18  0.00000e+00  0.00000e+00  1.46726e-05
0032  1.65437e+18  1.21248e+02  1.89129e+05  7.85275e-18  0.00000e+00  0.00000e+00  1.43477e-05
0033  1.67278e+18  1.23486e+02  1.91614e+05  7.56219e-18  0.00000e+00  0.00000e+00  1.40336e-05
0034  1.69120e+18  1.25423e+02  1.93733e+05  6.49702e-18  0.00000e+00  0.00000e+00  1.37296e-05
0035  1.70961e+18  1.26978e+02  1.95486e+05  5.64844e-18  0.00000e+00  0.00000e+00  1.34354e-05
0036  1.72803e+18  1.28256e+02  1.96962e+05  5.18919e-18  0.00000e+00  0.00000e+00  1.31506e-05
0037  1.74644e+18  1.29517e+02  1.98537e+05  5.35130e-18  0.00000e+00  0.00000e+00  1.28747e-05
0038  1.76486e+18  1.30907e+02  2.00318e+05  5.59933e-18  0.00000e+00  0.00000e+00  1.26074e-05
0039  1.78328e+18  1.32413e+02  2.02300e+05  5.74491e-18  0.00000e+00  0.00000e+00  1.23484e-05
0040  1.80169e+18  1.33999e+02  2.04448e+05  5.82704e-18  0.00000e+00  0.00000e+00  1.20973e-05
0041  1.82011e+18  1.35647e+02  2.06750e+05  5.92497e-18  0.00000e+00  0.00000e+00  1.18537e-05
0042  1.83852e+18  1.37337e+02  2.09190e+05  5.88901e-18  0.00000e+00  0.00000e+00  1.16174e-05
0043  1.85694e+18  1.38559e+02  2.11026e+05  4.58966e-18  0.00000e+00  0.00000e+00  1.13882e-05
0044  1.87535e+18  1.39365e+02  2.12266e+05  3.43653e-18  0.00000e+00  0.00000e+00  1.11656e-05
0045  1.89377e+18  1.43207e+02  2.18734e+05  5.51999e-18  0.00000e+00  0.00000e+00  1.09495e-05
0046  1.91218e+18  1.49319e+02  2.28677e+05  1.28356e-17  0.00000e+00  0.00000e+00  1.07396e-05
0047  1.93060e+18  1.45730e+02  2.23304e+05  7.12079e-18  0.00000e+00  0.00000e+00  1.05357e-05
0048  1.94901e+18  1.41550e+02  2.15944e+05  1.63516e-19  0.00000e+00  0.00000e+00  1.03376e-05
0049  1.96743e+18  1.44766e+02  2.21657e+05  1.64055e-18  0.00000e+00  0.00000e+00  1.01449e-05
0050  1.98584e+18  1.38958e+02  2.12120e+05 -1.74166e-17  0.00000e+00  0.00000e+00  9.95766e-06
0051  2.00426e+18  1.21780e+02  1.90108e+05 -2.59176e-17  0.00000e+00  0.00000e+00  9.77552e-06
0052  2.02267e+18  1.14950e+02  1.82715e+05 -1.38197e-18  0.00000e+00  0.00000e+00  9.59833e-06
0053  2.04109e+18  1.14086e+02  1.81855e+05  1.72078e-18  0.00000e+00  0.00000e+00  9.42591e-06
0054  2.05951e+18  1.14079e+02  1.81832e+05  3.08989e-18  0.00000e+00  0.00000e+00  9.25810e-06
0055  2.07792e+18  1.14477e+02  1.82202e+05  3.66379e-18  0.00000e+00  0.00000e+00  9.09473e-06
0056  2.09634e+18  1.14823e+02  1.82527e+05  3.99320e-18  0.00000e+00  0.00000e+00  8.93564e-06
0057  2.11475e+18  1.15107e+02  1.82794e+05  4.37922e-18  0.00000e+00  0.00000e+00  8.78070e-06
0058  2.13317e+18  1.15432e+02  1.83104e+05  4.54782e-18  0.00000e+00  0.00000e+00  8.62975e-06
0059  2.15158e+18  1.15884e+02  1.83547e+05  4.28072e-18  0.00000e+00  0.00000e+00  8.48265e-06
0060  2.17000e+18  1.16538e+02  1.84201e+05  3.58505e-18  0.00000e+00  0.00000e+00  8.33929e-06
0061  2.18841e+18  1.17416e+02  1.85095e+05  2.60971e-18  0.00000e+00  0.00000e+00  8.19953e-06
0062  2.20683e+18  1.18415e+02  1.86133e+05  1.53578e-18  0.00000e+00  0.00000e+00  8.06326e-06
0063  2.22524e+18  1.19450e+02  1.87218e+05  1.24112e-18  0.00000e+00  0.00000e+00  7.93035e-06
0064  2.24366e+18  1.20118e+02  1.87934e+05  9.10096e-19  0.00000e+00  0.00000e+00  7.80071e-06
0065  2.26207e+18  1.20346e+02  1.88172e+05  1.14665e-18  0.00000e+00  0.00000e+00  7.67421e-06
0066  2.28049e+18  1.20189e+02  1.87999e+05  1.36939e-18  0.00000e+00  0.00000e+00  7.55077e-06
0067  2.29891e+18  1.19883e+02  1.87658e+05  1.98704e-18  0.00000e+00  0.00000e+00  7.43029e-06
0068  2.31732e+18  1.19542e+02  1.87283e+05  2.50310e-18  0.00000e+00  0.00000e+00  7.31266e-06
0069  2.33574e+18  1.19312e+02  1.87028e+05  2.96972e-18  0.00000e+00  0.00000e+00  7.19781e-06
0070  2.35415e+18  1.19357e+02  1.87063e+05  3.41007e-18  0.00000e+00  0.00000e+00  7.08564e-06
0071  2.37257e+18  1.18585e+02  1.86307e+05  1.22911e-18  0.00000e+00  0.00000e+00  6.97607e-06
0072  2.39098e+18  1.19584e+02  1.87373e+05  3.77355e-19  0.00000e+00  0.00000e+00  6.86902e-06
0073  2.40940e+18  1.65642e+02  2.57585e+05  7.30893e-19  0.00000e+00  0.00000e+00  6.76442e-06
0074  2.42781e+18  3.40041e+02  5.41151e+05  1.13852e-16  0.00000e+00  0.00000e+00  6.66219e-06
0075  2.44623e+18  5.47049e+02  8.32447e+05  4.61355e-17  0.00000e+00  0.00000e+00  6.56226e-06
0076  2.46464e+18  6.82526e+02  1.03686e+06  2.77813e-17  0.00000e+00  0.00000e+00  6.46456e-06
0077  2.48306e+18  7.75208e+02  1.18166e+06  2.21276e-17  0.00000e+00  0.00000e+00  6.36903e-06
0078  2.50147e+18  8.46046e+02  1.29566e+06  1.92357e-17  0.00000e+00  0.00000e+00  6.27560e-06
0079  2.51989e+18  9.05350e+02  1.39346e+06  1.75337e-17  0.00000e+00  0.00000e+00  6.18421e-06
0080  2.53831e+18  9.59566e+02  1.48485e+06  1.69174e-17  0.00000e+00  0.00000e+00  6.09480e-06
0081  2.55672e+18  1.01082e+03  1.57251e+06  1.62029e-17  0.00000e+00  0.00000e+00  6.00732e-06
0082  2.57514e+18  1.06029e+03  1.65932e+06  1.57715e-17  0.00000e+00  0.00000e+00  5.92171e-06
0083  2.59355e+18  1.10853e+03  1.74602e+06  1.52908e-17  0.00000e+00  0.00000e+00  5.83791e-06
0084  2.61197e+18  1.15590e+03  1.83340e+06  1.47328e-17  0.00000e+00  0.00000e+00  5.75588e-06
0085  2.63038e+18  1.20272e+03  1.92217e+06  1.42633e-17  0.00000e+00  0.00000e+00  5.67557e-06
0086  2.64880e+18  1.24912e+03  2.01218e+06  1.36907e-17  0.00000e+00  0.00000e+00  5.59693e-06
0087  2.66721e+18  1.29556e+03  2.10418e+06  1.32635e-17  0.00000e+00  0.00000e+00  5.51991e-06
0088  2.68563e+18  1.34217e+03  2.19796e+06  1.27904e-17  0.00000e+00  0.00000e+00  5.44447e-06
0089  2.70404e+18  1.38873e+03  2.29319e+06  1.22889e-17  0.00000e+00  0.00000e+00  5.37056e-06
0090  2.72246e+18  1.43495e+03  2.38933e+06  1.17755e-17  0.00000e+00  0.00000e+00  5.29815e-06
0091  2.74088e+18  1.48049e+03  2.48571e+06  1.12625e-17  0.00000e+00  0.00000e+00  5.22720e-06
0092  2.75929e+18  1.52500e+03  2.58178e+06  1.07777e-17  0.00000e+00  0.00000e+00  5.15766e-06
0093  2.77771e+18  1.56787e+03  2.67684e+06  1.02929e-17  0.00000e+00  0.00000e+00  5.08950e-06
0094  2.79612e+18  1.60866e+03  2.77019e+06  9.82745e-18  0.00000e+00  0.00000e+00  5.02268e-06
0095  2.81454e+18  1.64724e+03  2.86101e+06  9.38534e-18  0.00000e+00  0.00000e+00  4.95717e-06
0096  2.83295e+18  1.68337e+03  2.94904e+06  8.96802e-18  0.00000e+00  0.00000e+00  4.89293e-06
0097  2.85137e+18  1.71638e+03  3.03467e+06  8.57217e-18  0.00000e+00  0.00000e+00  4.82993e-06
0098  2.86978e+18  1.74642e+03  3.11834e+06  8.19904e-18  0.00000e+00  0.00000e+00  4.76814e-06
0099  2.88820e+18  1.77516e+03  3.20037e+06  7.84773e-18  0.00000e+00  0.00000e+00  4.70753e-06
0100  2.90661e+18  1.80307e+03  3.28051e+06  7.51370e-18  0.00000e+00  0.00000e+00  4.64807e-06
0101  2.92503e+18  1.82641e+03  3.35710e+06  7.21048e-18  0.00000e+00  0.00000e+00  4.58973e-06
0102  2.94345e+18  1.84888e+03  3.43800e+06  6.94121e-18  0.00000e+00  0.00000e+00  4.53248e-06
0103  2.96186e+18  1.89798e+03  3.56875e+06  6.63379e-18  0.00000e+00  0.00000e+00  4.47629e-06
0104  2.98028e+18  1.94935e+03  3.69595e+06  6.34153e-18  0.00000e+00  0.00000e+00  4.42114e-06
0105  2.99869e+18  1.91482e+03  3.66061e+06  6.22222e-18  0.00000e+00  0.00000e+00  4.36701e-06
0106  3.01711e+18  1.61359e+03  3.12984e+06  6.69541e-18  0.00000e+00  0.00000e+00  4.31386e-06
0107  3.03552e+18  5.92303e+02  1.17496e+06  1.19106e-18  0.00000e+00  0.00000e+00  4.26168e-06
0108  3.05394e+18  1.29964e+02  2.14446e+05 -1.48034e-16  0.00000e+00  0.00000e+00  4.21044e-06
0109  3.07235e+18  8.52310e+01  1.59476e+05 -2.22961e-17  0.00000e+00  0.00000e+00  4.16011e-06
0110  3.09077e+18  8.59507e+01  1.59562e+05  1.02661e-19  0.00000e+00  0.00000e+00  4.11069e-06
0111  3.10918e+18  8.89852e+01  1.61805e+05  2.47992e-18  0.00000e+00  0.00000e+00  4.06214e-06
0112  3.12760e+18  9.30112e+01  1.64967e+05  1.54136e-18  0.00000e+00  0.00000e+00  4.01444e-06
0113  3.14602e+18  9.69878e+01  1.67935e+05  8.96166e-18  0.00000e+00  0.00000e+00  3.96758e-06
0114  3.16443e+18  1.00786e+02  1.70768e+05  7.47442e-19  0.00000e+00  0.00000e+00  3.92154e-06
0115  3.18285e+18  1.04631e+02  1.73605e+05  1.31143e-18  0.00000e+00  0.00000e+00  3.87629e-06
0116  3.20126e+18  1.08502e+02  1.76769e+05  1.55441e-18  0.00000e+00  0.00000e+00  3.83182e-06
0117  3.21968e+18  1.12499e+02  1.80270e+05  1.89349e-18  0.00000e+00  0.00000e+00  3.78811e-06
0118  3.23809e+18  1.16546e+02  1.84082e+05  2.39909e-18  0.00000e+00  0.00000e+00  3.74515e-06
0119  3.25651e+18  1.20995e+02  1.88658e+05  2.67978e-18  0.00000e+00  0.00000e+00  3.70291e-06
0120  3.27492e+18  1.29588e+02  1.98236e+05  3.45026e-18  0.00000e+00  0.00000e+00  3.66138e-06
0121  3.29334e+18  1.58133e+02  2.41679e+05  4.48905e-18  0.00000e+00  0.00000e+00  3.62055e-06
0122  3.31176e+18  2.45559e+02  3.69046e+05  5.11388e-17  0.00000e+00  0.00000e+00  3.58040e-06
0123  3.33017e+18  3.84570e+02  5.30968e+05  3.77275e-17  0.00000e+00  0.00000e+00  3.54091e-06
0124  3.34859e+18  5.09895e+02  6.70658e+05  2.32715e-17  0.00000e+00  0.00000e+00  3.50207e-06
0125  3.36700e+18  6.05400e+02  7.73589e+05  1.68592e-17  0.00000e+00  0.00000e+00  3.46386e-06
0126  3.38542e+18  6.79660e+02  8.50785e+05  1.35799e-17  0.00000e+00  0.00000e+00  3.42628e-06
0127  3.40383e+18  7.41376e+02  9.12632e+05  1.17310e-17  0.00000e+00  0.00000e+00  3.38931e-06
0128  3.42225e+18  7.95015e+02  9.64760e+05  1.03759e-17  0.00000e+00  0.00000e+00  3.35293e-06
0129  3.44066e+18  8.43322e+02  1.01079e+06  9.42709e-18  0.00000e+00  0.00000e+00  3.31713e-06
0130  3.45908e+18  8.87760e+02  1.05238e+06  8.66932e-18  0.00000e+00  0.00000e+00  3.28191e-06
0131  3.47749e+18  9.29203e+02  1.09065e+06  8.02066e-18  0.00000e+00  0.00000e+00  3.24724e-06
0132  3.49591e+18  9.68736e+02  1.12692e+06  7.61439e-18  0.00000e+00  0.00000e+00  3.21312e-06
0133  3.51433e+18  1.00669e+03  1.16134e+06  7.18894e-18  0.00000e+00  0.00000e+00  3.17953e-06
0134  3.53274e+18  1.04322e+03  1.19426e+06  6.81482e-18  0.00000e+00  0.00000e+00  3.14647e-06
0135  3.55116e+18  1.07858e+03  1.22594e+06  6.49164e-18  0.00000e+00  0.00000e+00  3.11392e-06
0136  3.56957e+18  1.11284e+03  1.25650e+06  6.18852e-18  0.00000e+00  0.00000e+00  3.08188e-06
0137  3.58799e+18  1.14601e+03  1.28604e+06  5.90442e-18  0.00000e+00  0.00000e+00  3.05032e-06
0138  3.60640e+18  1.17808e+03  1.31458e+06  5.63842e-18  0.00000e+00  0.00000e+00  3.01925e-06
0139  3.62482e+18  1.20908e+03  1.34219e+06  5.39003e-18  0.00000e+00  0.00000e+00  2.98865e-06
0140  3.64323e+18  1.23914e+03  1.36899e+06  5.18282e-18  0.00000e+00  0.00000e+00  2.95851e-06
0141  3.66165e+18  1.26845e+03  1.39522e+06  5.01307e-18  0.00000e+00  0.00000e+00  2.92883e-06
0142  3.68007e+18  1.29714e+03  1.42090e+06  4.85552e-18  0.00000e+00  0.00000e+00  2.89959e-06
0143  3.69848e+18  1.32517e+03  1.44604e+06  4.70098e-18  0.00000e+00  0.00000e+00  2.87079e-06
0144  3.71690e+18  1.35250e+03  1.47066e+06  4.55022e-18  0.00000e+00  0.00000e+00  2.84241e-06
0145  3.73531e+18  1.37910e+03  1.49474e+06  4.40383e-18  0.00000e+00  0.00000e+00  2.81445e-06
0146  3.75373e+18  1.40496e+03  1.51827e+06  4.26217e-18  0.00000e+00  0.00000e+00  2.78690e-06
0147  3.77214e+18  1.43005e+03  1.54126e+06  4.12548e-18  0.00000e+00  0.00000e+00  2.75976e-06
0148  3.79056e+18  1.45437e+03  1.56371e+06  3.99389e-18  0.00000e+00  0.00000e+00  2.73301e-06
0149  3.80897e+18  1.47795e+03  1.58566e+06  3.87061e-18  0.00000e+00  0.00000e+00  2.70665e-06
0150  3.82739e+18  1.50081e+03  1.60713e+06  3.75379e-18  0.00000e+00  0.00000e+00  2.68066e-06
0151  3.84581e+18  1.52296e+03  1.62818e+06  3.64544e-18  0.00000e+00  0.00000e+00  2.65505e-06
0152  3.86422e+18  1.54440e+03  1.64884e+06  3.54055e-18  0.00000e+00  0.00000e+00  2.62981e-06
0153  3.88264e+18  1.56513e+03  1.66912e+06  3.43916e-18  0.00000e+00  0.00000e+00  2.60492e-06
0154  3.90105e+18  1.58516e+03  1.68902e+06  3.34128e-18  0.00000e+00  0.00000e+00  2.58038e-06
0155  3.91947e+18  1.60447e+03  1.70856e+06  3.24690e-18  0.00000e+00  0.00000e+00  2.55619e-06
0156  3.93788e+18  1.62306e+03  1.72774e+06  3.15596e-18  0.00000e+00  0.00000e+00  2.53234e-06
0157  3.95630e+18  1.64095e+03  1.74657e+06  3.06841e-18  0.00000e+00  0.00000e+00  2.50882e-06
0158  3.97471e+18  1.65813e+03  1.76506e+06  2.98415e-18  0.00000e+00  0.00000e+00  2.48563e-06
0159  3.99313e+18  1.67465e+03  1.78319e+06  2.90309e-18  0.00000e+00  0.00000e+00  2.46275e-06
0160  4.01155e+18  1.69050e+03  1.80098e+06  2.82512e-18  0.00000e+00  0.00000e+00  2.44019e-06
0161  4.02996e+18  1.70571e+03  1.81843e+06  2.75012e-18  0.00000e+00  0.00000e+00  2.41794e-06
0162  4.04838e+18  1.72033e+03  1.83559e+06  2.67793e-18  0.00000e+00  0.00000e+00  2.39599e-06
0163  4.06679e+18  1.73447e+03  1.85257e+06  2.61857e-18  0.00000e+00  0.00000e+00  2.37434e-06
0164  4.08521e+18  1.74810e+03  1.86937e+06  2.55222e-18  0.00000e+00  0.00000e+00  2.35299e-06
0165  4.10362e+18  1.76125e+03  1.88603e+06  2.48816e-18  0.00000e+00  0.00000e+00  2.33191e-06
0166  4.12204e+18  1.77394e+03  1.90263e+06  2.42625e-18  0.00000e+00  0.00000e+00  2.31113e-06
0167  4.14045e+18  1.78624e+03  1.91924e+06  2.36633e-18  0.00000e+00  0.00000e+00  2.29061e-06
0168  4.15887e+18  1.79822e+03  1.93592e+06  2.30828e-18  0.00000e+00  0.00000e+00  2.27037e-06
0169  4.17728e+18  1.80992e+03  1.95273e+06  2.24827e-18  0.00000e+00  0.00000e+00  2.25040e-06
0170  4.19570e+18  1.82147e+03  1.96976e+06  2.19756e-18  0.00000e+00  0.00000e+00  2.23069e-06
0171  4.21412e+18  1.83298e+03  1.98709e+06  2.14800e-18  0.00000e+00  0.00000e+00  2.21123e-06
0172  4.23253e+18  1.84453e+03  2.00476e+06  2.09953e-18  0.00000e+00  0.00000e+00  2.19203e-06
0173  4.25095e+18  1.85614e+03  2.02280e+06  2.05210e-18  0.00000e+00  0.00000e+00  2.17308e-06
0174  4.26936e+18  1.86782e+03  2.04122e+06  2.00568e-18  0.00000e+00  0.00000e+00  2.15438e-06
0175  4.28778e+18  1.87956e+03  2.06003e+06  1.96028e-18  0.00000e+00  0.00000e+00  2.13591e-06
0176  4.30619e+18  1.89129e+03  2.07917e+06  1.91591e-18  0.00000e+00  0.00000e+00  2.11768e-06
0177  4.32461e+18  1.90291e+03  2.09856e+06  1.87262e-18  0.00000e+00  0.00000e+00  2.09968e-06
0178  4.34302e+18  1.91430e+03  2.11810e+06  1.83048e-18  0.00000e+00  0.00000e+00  2.08191e-06
0179  4.36144e+18  1.92531e+03  2.13761e+06  1.78956e-18  0.00000e+00  0.00000e+00  2.06437e-06
0180  4.37986e+18  1.93576e+03  2.15689e+06  1.74995e-18  0.00000e+00  0.00000e+00  2.04705e-06
0181  4.39827e+18  1.94548e+03  2.17573e+06  1.71169e-18  0.00000e+00  0.00000e+00  2.02994e-06
0182  4.41669e+18  1.95430e+03  2.19389e+06  1.67489e-18  0.00000e+00  0.00000e+00  2.01305e-06
0183  4.43510e+18  1.96208e+03  2.21116e+06  1.63964e-18  0.00000e+00  0.00000e+00  1.99637e-06
0184  4.45352e+18  1.96870e+03  2.22738e+06  1.60595e-18  0.00000e+00  0.00000e+00  1.97989e-06
0185  4.47193e+18  1.97411e+03  2.24243e+06  1.57380e-18  0.00000e+00  0.00000e+00  1.96362e-06
0186  4.49035e+18  1.97829e+03  2.25628e+06  1.54316e-18  0.00000e+00  0.00000e+00  1.94754e-06
0187  4.50876e+18  1.98130e+03  2.26896e+06  1.51391e-18  0.00000e+00  0.00000e+00  1.93167e-06
0188  4.52718e+18  1.98322e+03  2.28059e+06  1.48595e-18  0.00000e+00  0.00000e+00  1.91598e-06
0189  4.54560e+18  1.98420e+03  2.29132e+06  1.45913e-18  0.00000e+00  0.00000e+00  1.90049e-06
0190  4.56401e+18  1.98440e+03  2.30135e+06  1.43331e-18  0.00000e+00  0.00000e+00  1.88519e-06
0191  4.58243e+18  1.98400e+03  2.31088e+06  1.40835e-18  0.00000e+00  0.00000e+00  1.87006e-06
0192  4.60084e+18  1.98318e+03  2.32012e+06  1.38410e-18  0.00000e+00  0.00000e+00  1.85512e-06
0193  4.61926e+18  1.98211e+03  2.32924e+06  1.36046e-18  0.00000e+00  0.00000e+00  1.84036e-06
0194  4.63767e+18  1.98095e+03  2.33838e+06  1.33733e-18  0.00000e+00  0.00000e+00  1.82577e-06
0195  4.65609e+18  1.97980e+03  2.34767e+06  1.31464e-18  0.00000e+00  0.00000e+00  1.81136e-06
0196  4.67450e+18  1.97875e+03  2.35716e+06  1.29235e-18  0.00000e+00  0.00000e+00  1.79712e-06
0197  4.69292e+18  1.97784e+03  2.36689e+06  1.27043e-18  0.00000e+00  0.00000e+00  1.78304e-06
0198  4.71134e+18  1.97709e+03  2.37687e+06  1.24887e-18  0.00000e+00  0.00000e+00  1.76913e-06
0199  4.72975e+18  1.97646e+03  2.38706e+06  1.22769e-18  0.00000e+00  0.00000e+00  1.75538e-06
0200  4.74817e+18  1.97590e+03  2.39742e+06  1.20689e-18  0.00000e+00  0.00000e+00  1.74179e-06
0201  4.76658e+18  1.97534e+03  2.40788e+06  1.18649e-18  0.00000e+00  0.00000e+00  1.72836e-06
0202  4.78500e+18  1.97473e+03  2.41838e+06  1.16652e-18  0.00000e+00  0.00000e+00  1.71508e-06
0203  4.80341e+18  1.97398e+03  2.42884e+06  1.14700e-18  0.00000e+00  0.00000e+00  1.70195e-06
0204  4.82183e+18  1.97304e+03  2.43921e+06  1.12793e-18  0.00000e+00  0.00000e+00  1.68898e-06
0205  4.84024e+18  1.97188e+03  2.44943e+06  1.10932e-18  0.00000e+00  0.00000e+00  1.67615e-06
0206  4.85866e+18  1.97047e+03  2.45946e+06  1.09116e-18  0.00000e+00  0.00000e+00  1.66347e-06
0207  4.87708e+18  1.96882e+03  2.46927e+06  1.07345e-18  0.00000e+00  0.00000e+00  1.65093e-06
0208  4.89549e+18  1.96693e+03  2.47885e+06  1.05618e-18  0.00000e+00  0.00000e+00  1.63853e-06
0209  4.91391e+18  1.96483e+03  2.48819e+06  1.03931e-18  0.00000e+00  0.00000e+00  1.62627e-06
0210  4.93232e+18  1.96254e+03  2.49731e+06  1.02284e-18  0.00000e+00  0.00000e+00  1.61415e-06
0211  4.95074e+18  1.96009e+03  2.50623e+06  1.00675e-18  0.00000e+00  0.00000e+00  1.60217e-06
0212  4.96915e+18  1.95750e+03  2.51497e+06  9.91012e-19  0.00000e+00  0.00000e+00  1.59031e-06
0213  4.98757e+18  1.95479e+03  2.52355e+06  9.75611e-19  0.00000e+00  0.00000e+00  1.57859e-06
0214  5.00598e+18  1.95198e+03  2.53202e+06  9.60530e-19  0.00000e+00  0.00000e+00  1.56700e-06
0215  5.02440e+18  1.94907e+03  2.54040e+06  9.46488e-19  0.00000e+00  0.00000e+00  1.55553e-06
0216  5.04282e+18  1.94608e+03  2.54870e+06  9.31874e-19  0.00000e+00  0.00000e+00  1.54419e-06
0217  5.06123e+18  1.94297e+03  2.55693e+06  9.17553e-19  0.00000e+00  0.00000e+00  1.53298e-06
0218  5.07965e+18  1.93979e+03  2.56507e+06  9.03516e-19  0.00000e+00  0.00000e+00  1.52188e-06
0219  5.09806e+18  1.93651e+03  2.57314e+06  8.89755e-19  0.00000e+00  0.00000e+00  1.51091e-06
0220  5.11648e+18  1.93314e+03  2.58113e+06  8.76263e-19  0.00000e+00  0.00000e+00  1.50005e-06
0221  5.13489e+18  1.92970e+03  2.58904e+06  8.63031e-19  0.00000e+00  0.00000e+00  1.48931e-06
0222  5.15331e+18  1.92619e+03  2.59685e+06  8.50055e-19  0.00000e+00  0.00000e+00  1.47868e-06
0223  5.17172e+18  1.92264e+03  2.60456e+06  8.37325e-19  0.00000e+00  0.00000e+00  1.46817e-06
0224  5.19014e+18  1.91903e+03  2.61217e+06  8.24837e-19  0.00000e+00  0.00000e+00  1.45777e-06
0225  5.20856e+18  1.91538e+03  2.61968e+06  8.12583e-19  0.00000e+00  0.00000e+00  1.44748e-06
0226  5.22697e+18  1.91169e+03  2.62709e+06  8.00556e-19  0.00000e+00  0.00000e+00  1.43730e-06
0227  5.24539e+18  1.90796e+03  2.63441e+06  7.88750e-19  0.00000e+00  0.00000e+00  1.42723e-06
0228  5.26380e+18  1.90420e+03  2.64165e+06  7.77158e-19  0.00000e+00  0.00000e+00  1.41726e-06
0229  5.28222e+18  1.90039e+03  2.64883e+06  7.65774e-19  0.00000e+00  0.00000e+00  1.40739e-06
0230  5.30063e+18  1.89654e+03  2.65595e+06  7.54591e-19  0.00000e+00  0.00000e+00  1.39763e-06
0231  5.31905e+18  1.89266e+03  2.66302e+06  7.43604e-19  0.00000e+00  0.00000e+00  1.38797e-06
0232  5.33746e+18  1.88875e+03  2.67004e+06  7.32805e-19  0.00000e+00  0.00000e+00  1.37841e-06
0233  5.35588e+18  1.88482e+03  2.67703e+06  7.22191e-19  0.00000e+00  0.00000e+00  1.36894e-06
0234  5.37430e+18  1.88088e+03  2.68397e+06  7.11755e-19  0.00000e+00  0.00000e+00  1.35958e-06
0235  5.39271e+18  1.87695e+03  2.69088e+06  7.01493e-19  0.00000e+00  0.00000e+00  1.35031e-06
0236  5.41113e+18  1.87303e+03  2.69776e+06  6.91401e-19  0.00000e+00  0.00000e+00  1.34113e-06
0237  5.42954e+18  1.86912e+03  2.70462e+06  6.81474e-19  0.00000e+00  0.00000e+00  1.33205e-06
0238  5.44796e+18  1.86523e+03  2.71145e+06  6.71707e-19  0.00000e+00  0.00000e+00  1.32306e-06
0239  5.46637e+18  1.86137e+03  2.71828e+06  6.62097e-19  0.00000e+00  0.00000e+00  1.31416e-06
0240  5.48479e+18  1.85753e+03  2.72510e+06  6.52639e-19  0.00000e+00  0.00000e+00  1.30535e-06
0241  5.50320e+18  1.85371e+03  2.73192e+06  6.43331e-19  0.00000e+00  0.00000e+00  1.29663e-06
0242  5.52162e+18  1.84991e+03  2.73875e+06  6.34169e-19  0.00000e+00  0.00000e+00  1.28800e-06
0243  5.54004e+18  1.84612e+03  2.74559e+06  6.25150e-19  0.00000e+00  0.00000e+00  1.27945e-06
0244  5.55845e+18  1.84234e+03  2.75245e+06  6.16271e-19  0.00000e+00  0.00000e+00  1.27098e-06
0245  5.57687e+18  1.83856e+03  2.75933e+06  6.07530e-19  0.00000e+00  0.00000e+00  1.26260e-06
0246  5.59528e+18  1.83478e+03  2.76622e+06  5.98924e-19  0.00000e+00  0.00000e+00  1.25431e-06
0247  5.61370e+18  1.83100e+03  2.77311e+06  5.90451e-19  0.00000e+00  0.00000e+00  1.24609e-06
0248  5.63211e+18  1.82722e+03  2.78000e+06  5.82111e-19  0.00000e+00  0.00000e+00  1.23795e-06
0249  5.65053e+18  1.82343e+03  2.78687e+06  5.73902e-19  0.00000e+00  0.00000e+00  1.22990e-06
0250  5.66894e+18  1.81962e+03  2.79372e+06  5.65822e-19  0.00000e+00  0.00000e+00  1.22192e-06
0251  5.68736e+18  1.81581e+03  2.80053e+06  5.57870e-19  0.00000e+00  0.00000e+00  1.21402e-06
0252  5.70578e+18  1.81197e+03  2.80727e+06  5.50046e-19  0.00000e+00  0.00000e+00  1.20620e-06
0253  5.72419e+18  1.80811e+03  2.81396e+06  5.42345e-19  0.00000e+00  0.00000e+00  1.19845e-06
0254  5.74261e+18  1.80426e+03  2.82063e+06  5.34763e-19  0.00000e+00  0.00000e+00  1.19077e-06
0255  5.76102e+18  1.80042e+03  2.82726e+06  5.29376e-19  0.00000e+00  0.00000e+00  1.18317e-06
0256  5.77944e+18  1.79657e+03  2.83383e+06  5.22389e-19  0.00000e+00  0.00000e+00  1.17565e-06
0257  5.79785e+18  1.79269e+03  2.84033e+06  5.15514e-19  0.00000e+00  0.00000e+00  1.16819e-06
0258  5.81627e+18  1.78879e+03  2.84674e+06  5.08752e-19  0.00000e+00  0.00000e+00  1.16080e-06
0259  5.83468e+18  1.78486e+03  2.85305e+06  5.02101e-19  0.00000e+00  0.00000e+00  1.15349e-06
0260  5.85310e+18  1.78089e+03  2.85926e+06  4.95560e-19  0.00000e+00  0.00000e+00  1.14624e-06
0261  5.87152e+18  1.77690e+03  2.86536e+06  4.89127e-19  0.00000e+00  0.00000e+00  1.13906e-06
0262  5.88993e+18  1.77287e+03  2.87135e+06  4.82798e-19  0.00000e+00  0.00000e+00  1.13195e-06
0263  5.90835e+18  1.76882e+03  2.87724e+06  4.76571e-19  0.00000e+00  0.00000e+00  1.12490e-06
0264  5.92676e+18  1.76476e+03  2.88302e+06  4.70442e-19  0.00000e+00  0.00000e+00  1.11792e-06
0265  5.94518e+18  1.76071e+03  2.88870e+06  4.64409e-19  0.00000e+00  0.00000e+00  1.11101e-06
0266  5.96359e+18  1.75668e+03  2.89429e+06  4.58468e-19  0.00000e+00  0.00000e+00  1.10416e-06
0267  5.98201e+18  1.75268e+03  2.89980e+06  4.52615e-19  0.00000e+00  0.00000e+00  1.09737e-06
0268  6.00043e+18  1.74872e+03  2.90526e+06  4.46846e-19  0.00000e+00  0.00000e+00  1.09065e-06
0269  6.01884e+18  1.74481e+03  2.91070e+06  4.41157e-19  0.00000e+00  0.00000e+00  1.08398e-06
0270  6.03726e+18  1.74096e+03  2.91615e+06  4.35544e-19  0.00000e+00  0.00000e+00  1.07738e-06
0271  6.05567e+18  1.73717e+03  2.92162e+06  4.30004e-19  0.00000e+00  0.00000e+00  1.07084e-06
0272  6.07409e+18  1.73346e+03  2.92713e+06  4.24534e-19  0.00000e+00  0.00000e+00  1.06435e-06
0273  6.09250e+18  1.72982e+03  2.93270e+06  4.19133e-19  0.00000e+00  0.00000e+00  1.05793e-06
0274  6.11092e+18  1.72627e+03  2.93834e+06  4.13798e-19  0.00000e+00  0.00000e+00  1.05156e-06
0275  6.12933e+18  1.72280e+03  2.94404e+06  4.08530e-19  0.00000e+00  0.00000e+00  1.04525e-06
0276  6.14775e+18  1.71941e+03  2.94981e+06  4.03327e-19  0.00000e+00  0.00000e+00  1.03900e-06
0277  6.16617e+18  1.71610e+03  2.95564e+06  3.98190e-19  0.00000e+00  0.00000e+00  1.03280e-06
0278  6.18458e+18  1.71287e+03  2.96155e+06  3.93117e-19  0.00000e+00  0.00000e+00  1.02666e-06
0279  6.20300e+18  1.70973e+03  2.96753e+06  3.88107e-19  0.00000e+00  0.00000e+00  1.02057e-06
0280  6.22141e+18  1.70664e+03  2.97354e+06  3.83164e-19  0.00000e+00  0.00000e+00  1.01454e-06
0281  6.23983e+18  1.70355e+03  2.97947e+06  3.78292e-19  0.00000e+00  0.00000e+00  1.00856e-06
0282  6.25824e+18  1.70047e+03  2.98535e+06  3.73482e-19  0.00000e+00  0.00000e+00  1.00263e-06
0283  6.27666e+18  1.69784e+03  2.99197e+06  3.68675e-19  0.00000e+00  0.00000e+00  9.96760e-07
0284  6.29507e+18  1.69676e+03  3.00125e+06  3.63709e-19  0.00000e+00  0.00000e+00  9.90937e-07
0285  6.31349e+18  1.69787e+03  3.01440e+06  3.58499e-19  0.00000e+00  0.00000e+00  9.85164e-07
0286  6.33191e+18  1.69620e+03  3.02259e+06  3.53784e-19  0.00000e+00  0.00000e+00  9.79442e-07
0287  6.35032e+18  1.68708e+03  3.01740e+06  3.50205e-19  0.00000e+00  0.00000e+00  9.73770e-07
0288  6.36874e+18  1.67448e+03  3.00579e+06  3.47138e-19  0.00000e+00  0.00000e+00  9.68146e-07
0289  6.38715e+18  1.64963e+03  2.97182e+06  3.45701e-19  0.00000e+00  0.00000e+00  9.62572e-07
0290  6.40557e+18  1.58825e+03  2.87127e+06  3.48401e-19  0.00000e+00  0.00000e+00  9.57045e-07
0291  6.42398e+18  1.43863e+03  2.60955e+06  3.58576e-19  0.00000e+00  0.00000e+00  9.51566e-07
0292  6.44240e+18  1.14059e+03  2.07454e+06  3.48679e-19  0.00000e+00  0.00000e+00  9.46133e-07
0293  6.46081e+18  7.33692e+02  1.33682e+06  2.13127e-19  0.00000e+00  0.00000e+00  9.40747e-07
0294  6.47923e+18  3.85790e+02  7.01797e+05  9.71475e-19  0.00000e+00  0.00000e+00  9.35407e-07
0295  6.49765e+18  1.91424e+02  3.35169e+05 -8.20003e-19  0.00000e+00  0.00000e+00  9.30113e-07
0296  6.51606e+18  1.21266e+02  2.02543e+05 -8.62620e-18  0.00000e+00  0.00000e+00  9.24863e-07
0297  6.53448e+18  1.12011e+02  1.82861e+05 -2.69109e-18  0.00000e+00  0.00000e+00  9.19657e-07
0298  6.55289e+18  1.13468e+02  1.81201e+05  7.97280e-20  0.00000e+00  0.00000e+00  9.14495e-07
0299  6.57131e+18  1.21206e+02  1.87372e+05  1.17315e-18  0.00000e+00  0.00000e+00  9.09377e-07
0300  6.58972e+18  1.40196e+02  2.07625e+05  2.05244e-18  0.00000e+00  0.00000e+00  9.04301e-07
0301  6.60814e+18  1.75602e+02  2.48164e+05  3.54948e-18  0.00000e+00  0.00000e+00  8.99268e-07
0302  6.62655e+18  2.30674e+02  3.08940e+05  4.65839e-18  0.00000e+00  0.00000e+00  8.94277e-07
0303  6.64497e+18  3.00720e+02  3.80548e+05  4.13964e-18  0.00000e+00  0.00000e+00  8.89327e-07
0304  6.66339e+18  3.73096e+02  4.50506e+05  3.21395e-18  0.00000e+00  0.00000e+00  8.84418e-07
0305  6.68180e+18  4.37768e+02  5.10724e+05  2.52023e-18  0.00000e+00  0.00000e+00  8.79550e-07
0306  6.70022e+18  4.92538e+02  5.59533e+05  2.07499e-18  0.00000e+00  0.00000e+00  8.74722e-07
0307  6.71863e+18  5.39206e+02  5.98750e+05  1.78033e-18  0.00000e+00  0.00000e+00  8.69933e-07
0308  6.73705e+18  5.79943e+02  6.30880e+05  1.57601e-18  0.00000e+00  0.00000e+00  8.65184e-07
0309  6.75546e+18  6.16348e+02  6.57905e+05  1.41768e-18  0.00000e+00  0.00000e+00  8.60473e-07
0310  6.77388e+18  6.49599e+02  6.81327e+05  1.29285e-18  0.00000e+00  0.00000e+00  8.55801e-07
0311  6.79229e+18  6.80622e+02  7.02254e+05  1.20173e-18  0.00000e+00  0.00000e+00  8.51167e-07
0312  6.81071e+18  7.10045e+02  7.21306e+05  1.12568e-18  0.00000e+00  0.00000e+00  8.46570e-07
0313  6.82913e+18  7.38218e+02  7.38876e+05  1.05847e-18  0.00000e+00  0.00000e+00  8.42010e-07
0314  6.84754e+18  7.65350e+02  7.55238e+05  9.98418e-19  0.00000e+00  0.00000e+00  8.37487e-07
0315  6.86596e+18  7.91607e+02  7.70612e+05  9.45238e-19  0.00000e+00  0.00000e+00  8.33001e-07
0316  6.88437e+18  8.17128e+02  7.85151e+05  8.99077e-19  0.00000e+00  0.00000e+00  8.28550e-07
0317  6.90279e+18  8.42000e+02  7.98949e+05  8.56647e-19  0.00000e+00  0.00000e+00  8.24135e-07
0318  6.92120e+18  8.66267e+02  8.12072e+05  8.17529e-19  0.00000e+00  0.00000e+00  8.19755e-07
0319  6.93962e+18  8.89949e+02  8.24563e+05  7.81387e-19  0.00000e+00  0.00000e+00  8.15410e-07
0320  6.95803e+18  9.13078e+02  8.36467e+05  7.48123e-19  0.00000e+00  0.00000e+00  8.11100e-07
0321  6.97645e+18  9.35760e+02  8.47900e+05  7.17254e-19  0.00000e+00  0.00000e+00  8.06824e-07
0322  6.99487e+18  9.58118e+02  8.58967e+05  6.96428e-19  0.00000e+00  0.00000e+00  8.02581e-07
0323  7.01328e+18  9.80178e+02  8.69640e+05  6.71763e-19  0.00000e+00  0.00000e+00  7.98371e-07
0324  7.03170e+18  1.00191e+03  8.79947e+05  6.48395e-19  0.00000e+00  0.00000e+00  7.94195e-07
0325  7.05011e+18  1.02332e+03  8.89913e+05  6.26238e-19  0.00000e+00  0.00000e+00  7.90052e-07
0326  7.06853e+18  1.04443e+03  8.99570e+05  6.05703e-19  0.00000e+00  0.00000e+00  7.85940e-07
0327  7.08694e+18  1.06525e+03  9.08940e+05  5.86762e-19  0.00000e+00  0.00000e+00  7.81861e-07
0328  7.10536e+18  1.08581e+03  9.18033e+05  5.68665e-19  0.00000e+00  0.00000e+00  7.77813e-07
0329  7.12378e+18  1.10610e+03  9.26860e+05  5.51370e-19  0.00000e+00  0.00000e+00  7.73797e-07
0330  7.14219e+18  1.12611e+03  9.35428e+05  5.34842e-19  0.00000e+00  0.00000e+00  7.69812e-07
0331  7.16061e+18  1.14585e+03  9.43744e+05  5.19044e-19  0.00000e+00  0.00000e+00  7.65858e-07
0332  7.17902e+18  1.16532e+03  9.51815e+05  5.03941e-19  0.00000e+00  0.00000e+00  7.61933e-07
0333  7.19744e+18  1.18450e+03  9.59644e+05  4.89501e-19  0.00000e+00  0.00000e+00  7.58039e-07
0334  7.21585e+18  1.20339e+03  9.67234e+05  4.75694e-19  0.00000e+00  0.00000e+00  7.54175e-07
0335  7.23427e+18  1.22200e+03  9.74592e+05  4.62216e-19  0.00000e+00  0.00000e+00  7.50340e-07
0336  7.25268e+18  1.24036e+03  9.81748e+05  4.50183e-19  0.00000e+00  0.00000e+00  7.46535e-07
0337  7.27110e+18  1.25851e+03  9.88740e+05  4.39649e-19  0.00000e+00  0.00000e+00  7.42758e-07
0338  7.28952e+18  1.27649e+03  9.95582e+05  4.29964e-19  0.00000e+00  0.00000e+00  7.39010e-07
0339  7.30793e+18  1.29432e+03  1.00228e+06  4.20531e-19  0.00000e+00  0.00000e+00  7.35290e-07
0340  7.32635e+18  1.31199e+03  1.00883e+06  4.11348e-19  0.00000e+00  0.00000e+00  7.31598e-07
0341  7.34476e+18  1.32949e+03  1.01525e+06  4.02412e-19  0.00000e+00  0.00000e+00  7.27934e-07
0342  7.36318e+18  1.34683e+03  1.02154e+06  3.93721e-19  0.00000e+00  0.00000e+00  7.24298e-07
0343  7.38159e+18  1.36398e+03  1.02768e+06  3.85270e-19  0.00000e+00  0.00000e+00  7.20688e-07
0344  7.40001e+18  1.38096e+03  1.03370e+06  3.77055e-19  0.00000e+00  0.00000e+00  7.17106e-07
0345  7.41842e+18  1.39775e+03  1.03958e+06  3.69072e-19  0.00000e+00  0.00000e+00  7.13550e-07
0346  7.43684e+18  1.41436e+03  1.04534e+06  3.61315e-19  0.00000e+00  0.00000e+00  7.10020e-07
0347  7.45526e+18  1.43079e+03  1.05097e+06  3.53778e-19  0.00000e+00  0.00000e+00  7.06517e-07
0348  7.47367e+18  1.44703e+03  1.05649e+06  3.46455e-19  0.00000e+00  0.00000e+00  7.03039e-07
0349  7.49209e+18  1.46308e+03  1.06189e+06  3.39340e-19  0.00000e+00  0.00000e+00  6.99587e-07
0350  7.51050e+18  1.47894e+03  1.06717e+06  3.32428e-19  0.00000e+00  0.00000e+00  6.96161e-07
0351  7.52892e+18  1.49462e+03  1.07235e+06  3.25712e-19  0.00000e+00  0.00000e+00  6.92759e-07
0352  7.54733e+18  1.51011e+03  1.07743e+06  3.19352e-19  0.00000e+00  0.00000e+00  6.89383e-07
0353  7.56575e+18  1.52543e+03  1.08242e+06  3.13230e-19  0.00000e+00  0.00000e+00  6.86031e-07
0354  7.58416e+18  1.54058e+03  1.08731e+06  3.07263e-19  0.00000e+00  0.00000e+00  6.82703e-07
0355  7.60258e+18  1.55555e+03  1.09213e+06  3.01450e-19  0.00000e+00  0.00000e+00  6.79400e-07
0356  7.62100e+18  1.57035e+03  1.09686e+06  2.95786e-19  0.00000e+00  0.00000e+00  6.76121e-07
0357  7.63941e+18  1.58498e+03  1.10152e+06  2.90266e-19  0.00000e+00  0.00000e+00  6.72865e-07
0358  7.65783e+18  1.59943e+03  1.10611e+06  2.84888e-19  0.00000e+00  0.00000e+00  6.69632e-07
0359  7.67624e+18  1.61370e+03  1.11062e+06  2.79647e-19  0.00000e+00  0.00000e+00  6.66423e-07
0360  7.69466e+18  1.62780e+03  1.11507e+06  2.74539e-19  0.00000e+00  0.00000e+00  6.63237e-07
0361  7.71307e+18  1.64171e+03  1.11946e+06  2.69562e-19  0.00000e+00  0.00000e+00  6.60074e-07
0362  7.73149e+18  1.65544e+03  1.12378e+06  2.64712e-19  0.00000e+00  0.00000e+00  6.56933e-07
0363  7.74990e+18  1.66899e+03  1.12805e+06  2.59985e-19  0.00000e+00  0.00000e+00  6.53815e-07
0364  7.76832e+18  1.68236e+03  1.13226e+06  2.55378e-19  0.00000e+00  0.00000e+00  6.50719e-07
0365  7.78674e+18  1.69554e+03  1.13642e+06  2.50888e-19  0.00000e+00  0.00000e+00  6.47644e-07
0366  7.80515e+18  1.70854e+03  1.14053e+06  2.46511e-19  0.00000e+00  0.00000e+00  6.44592e-07
0367  7.82357e+18  1.72136e+03  1.14460e+06  2.42276e-19  0.00000e+00  0.00000e+00  6.41561e-07
0368  7.84198e+18  1.73400e+03  1.14862e+06  2.38160e-19  0.00000e+00  0.00000e+00  6.38551e-07
0369  7.86040e+18  1.74647e+03  1.15261e+06  2.34144e-19  0.00000e+00  0.00000e+00  6.35563e-07
0370  7.87881e+18  1.75877e+03  1.15656e+06  2.30224e-19  0.00000e+00  0.00000e+00  6.32595e-07
0371  7.89723e+18  1.77088e+03  1.16047e+06  2.26399e-19  0.00000e+00  0.00000e+00  6.29648e-07
0372  7.91564e+18  1.78283e+03  1.16434e+06  2.22666e-19  0.00000e+00  0.00000e+00  6.26722e-07
0373  7.93406e+18  1.79460e+03  1.16818e+06  2.19023e-19  0.00000e+00  0.00000e+00  6.23816e-07
0374  7.95248e+18  1.80619e+03  1.17198e+06  2.15159e-19  0.00000e+00  0.00000e+00  6.20930e-07
0375  7.97089e+18  1.81761e+03  1.17575e+06  2.11998e-19  0.00000e+00  0.00000e+00  6.18064e-07
0376  7.98931e+18  1.82889e+03  1.17950e+06  2.08896e-19  0.00000e+00  0.00000e+00  6.15218e-07
0377  8.00772e+18  1.84003e+03  1.18322e+06  2.05854e-19  0.00000e+00  0.00000e+00  6.12392e-07
0378  8.02614e+18  1.85103e+03  1.18693e+06  2.02868e-19  0.00000e+00  0.00000e+00  6.09585e-07
0379  8.04455e+18  1.86189e+03  1.19062e+06  1.99940e-19  0.00000e+00  0.00000e+00  6.06797e-07
0380  8.06297e+18  1.87261e+03  1.19429e+06  1.97066e-19  0.00000e+00  0.00000e+00  6.04029e-07
0381  8.08139e+18  1.88318e+03  1.19795e+06  1.94248e-19  0.00000e+00  0.00000e+00  6.01279e-07
0382  8.09980e+18  1.89362e+03  1.20159e+06  1.91484e-19  0.00000e+00  0.00000e+00  5.98548e-07
0383  8.11822e+18  1.90391e+03  1.20523e+06  1.88772e-19  0.00000e+00  0.00000e+00  5.95835e-07
0384  8.13663e+18  1.91405e+03  1.20885e+06  1.86112e-19  0.00000e+00  0.00000e+00  5.93141e-07
0385  8.15505e+18  1.92405e+03  1.21247e+06  1.83504e-19  0.00000e+00  0.00000e+00  5.90466e-07
0386  8.17346e+18  1.93390e+03  1.21608e+06  1.80945e-19  0.00000e+00  0.00000e+00  5.87808e-07
0387  8.19188e+18  1.94360e+03  1.21968e+06  1.78435e-19  0.00000e+00  0.00000e+00  5.85168e-07
0388  8.21029e+18  1.95315e+03  1.22328e+06  1.75974e-19  0.00000e+00  0.00000e+00  5.82546e-07
0389  8.22871e+18  1.96256e+03  1.22687e+06  1.73559e-19  0.00000e+00  0.00000e+00  5.79941e-07
0390  8.24713e+18  1.97183e+03  1.23046e+06  1.71190e-19  0.00000e+00  0.00000e+00  5.77354e-07
0391  8.26554e+18  1.98095e+03  1.23404e+06  1.68867e-19  0.00000e+00  0.00000e+00  5.74784e-07
0392  8.28396e+18  1.98993e+03  1.23763e+06  1.66587e-19  0.00000e+00  0.00000e+00  5.72232e-07
0393  8.30237e+18  1.99877e+03  1.24121e+06  1.64351e-19  0.00000e+00  0.00000e+00  5.69696e-07
0394  8.32079e+18  2.00748e+03  1.24478e+06  1.62157e-19  0.00000e+00  0.00000e+00  5.67177e-07
0395  8.33920e+18  2.01605e+03  1.24835e+06  1.60003e-19  0.00000e+00  0.00000e+00  5.64675e-07
0396  8.35762e+18  2.02449e+03  1.25192e+06  1.57891e-19  0.00000e+00  0.00000e+00  5.62189e-07
0397  8.37603e+18  2.03280e+03  1.25549e+06  1.55817e-19  0.00000e+00  0.00000e+00  5.59720e-07
0398  8.39445e+18  2.04098e+03  1.25905e+06  1.53782e-19  0.00000e+00  0.00000e+00  5.57267e-07
0399  8.41287e+18  2.04902e+03  1.26262e+06  1.51785e-19  0.00000e+00  0.00000e+00  5.54830e-07
0400  8.43128e+18  2.05693e+03  1.26618e+06  1.49825e-19  0.00000e+00  0.00000e+00  5.52409e-07
0401  8.44970e+18  2.06470e+03  1.26974e+06  1.47902e-19  0.00000e+00  0.00000e+00  5.50003e-07
0402  8.46811e+18  2.07234e+03  1.27330e+06  1.46014e-19  0.00000e+00  0.00000e+00  5.47614e-07
0403  8.48653e+18  2.07984e+03  1.27686e+06  1.44161e-19  0.00000e+00  0.00000e+00  5.45240e-07
0404  8.50494e+18  2.08722e+03  1.28042e+06  1.42342e-19  0.00000e+00  0.00000e+00  5.42881e-07
0405  8.52336e+18  2.09446e+03  1.28398e+06  1.40557e-19  0.00000e+00  0.00000e+00  5.40538e-07
0406  8.54177e+18  2.10157e+03  1.28754e+06  1.38805e-19  0.00000e+00  0.00000e+00  5.38209e-07
0407  8.56019e+18  2.10855e+03  1.29110e+06  1.37084e-19  0.00000e+00  0.00000e+00  5.35896e-07
0408  8.57861e+18  2.11541e+03  1.29465e+06  1.35395e-19  0.00000e+00  0.00000e+00  5.33598e-07
0409  8.59702e+18  2.12214e+03  1.29819e+06  1.33736e-19  0.00000e+00  0.00000e+00  5.31314e-07
0410  8.61544e+18  2.12874e+03  1.30173e+06  1.32108e-19  0.00000e+00  0.00000e+00  5.29045e-07
0411  8.63385e+18  2.13522e+03  1.30527e+06  1.30509e-19  0.00000e+00  0.00000e+00  5.26791e-07
0412  8.65227e+18  2.14156e+03  1.30880e+06  1.28939e-19  0.00000e+00  0.00000e+00  5.24551e-07
0413  8.67068e+18  2.14778e+03  1.31233e+06  1.27397e-19  0.00000e+00  0.00000e+00  5.22325e-07
0414  8.68910e+18  2.15386e+03  1.31586e+06  1.25884e-19  0.00000e+00  0.00000e+00  5.20113e-07
0415  8.70751e+18  2.15981e+03  1.31937e+06  1.24398e-19  0.00000e+00  0.00000e+00  5.17916e-07
0416  8.72593e+18  2.16562e+03  1.32288e+06  1.22940e-19  0.00000e+00  0.00000e+00  5.15732e-07
0417  8.74435e+18  2.17131e+03  1.32638e+06  1.21508e-19  0.00000e+00  0.00000e+00  5.13562e-07
0418  8.76276e+18  2.17686e+03  1.32986e+06  1.20128e-19  0.00000e+00  0.00000e+00  5.11406e-07
0419  8.78118e+18  2.18227e+03  1.33334e+06  1.18771e-19  0.00000e+00  0.00000e+00  5.09263e-07
0420  8.79959e+18  2.18757e+03  1.33679e+06  1.17438e-19  0.00000e+00  0.00000e+00  5.07134e-07
0421  8.81801e+18  2.19274e+03  1.34023e+06  1.16061e-19  0.00000e+00  0.00000e+00  5.05018e-07
0422  8.83642e+18  2.19780e+03  1.34367e+06  1.14796e-19  0.00000e+00  0.00000e+00  5.02915e-07
0423  8.85484e+18  2.20275e+03  1.34710e+06  1.13551e-19  0.00000e+00  0.00000e+00  5.00825e-07
0424  8.87326e+18  2.20760e+03  1.35054e+06  1.12326e-19  0.00000e+00  0.00000e+00  4.98749e-07
0425  8.89167e+18  2.21233e+03  1.35396e+06  1.11121e-19  0.00000e+00  0.00000e+00  4.96685e-07
0426  8.91009e+18  2.21694e+03  1.35738e+06  1.09937e-19  0.00000e+00  0.00000e+00  4.94634e-07
0427  8.92850e+18  2.22142e+03  1.36078e+06  1.08772e-19  0.00000e+00  0.00000e+00  4.92595e-07
0428  8.94692e+18  2.22575e+03  1.36417e+06  1.07627e-19  0.00000e+00  0.00000e+00  4.90570e-07
0429  8.96533e+18  2.22995e+03  1.36754e+06  1.06503e-19  0.00000e+00  0.00000e+00  4.88556e-07
0430  8.98375e+18  2.23399e+03  1.37089e+06  1.05398e-19  0.00000e+00  0.00000e+00  4.86555e-07
0431  9.00216e+18  2.23788e+03  1.37422e+06  1.04312e-19  0.00000e+00  0.00000e+00  4.84567e-07
0432  9.02058e+18  2.24161e+03  1.37752e+06  1.03246e-19  0.00000e+00  0.00000e+00  4.82590e-07
0433  9.03900e+18  2.24519e+03  1.38080e+06  1.02199e-19  0.00000e+00  0.00000e+00  4.80626e-07
0434  9.05741e+18  2.24862e+03  1.38405e+06  1.01171e-19  0.00000e+00  0.00000e+00  4.78674e-07
0435  9.07583e+18  2.25189e+03  1.38727e+06  1.00161e-19  0.00000e+00  0.00000e+00  4.76733e-07
0436  9.09424e+18  2.25499e+03  1.39046e+06  9.91698e-20  0.00000e+00  0.00000e+00  4.74804e-07
0437  9.11266e+18  2.25794e+03  1.39363e+06  9.81960e-20  0.00000e+00  0.00000e+00  4.72887e-07
0438  9.13107e+18  2.26072e+03  1.39677e+06  9.72397e-20  0.00000e+00  0.00000e+00  4.70982e-07
0439  9.14949e+18  2.26334e+03  1.39988e+06  9.63005e-20  0.00000e+00  0.00000e+00  4.69088e-07
0440  9.16790e+18  2.26580e+03  1.40297e+06  9.53782e-20  0.00000e+00  0.00000e+00  4.67205e-07
0441  9.18632e+18  2.26810e+03  1.40603e+06  9.44720e-20  0.00000e+00  0.00000e+00  4.65334e-07
0442  9.20474e+18  2.27027e+03  1.40906e+06  9.35813e-20  0.00000e+00  0.00000e+00  4.63474e-07
0443  9.22315e+18  2.27230e+03  1.41206e+06  9.27055e-20  0.00000e+00  0.00000e+00  4.61625e-07
0444  9.24157e+18  2.27424e+03  1.41502e+06  9.18438e-20  0.00000e+00  0.00000e+00  4.59787e-07
0445  9.25998e+18  2.27608e+03  1.41794e+06  9.09954e-20  0.00000e+00  0.00000e+00  4.57960e-07
0446  9.27840e+18  2.27786e+03  1.42081e+06  9.01596e-20  0.00000e+00  0.00000e+00  4.56144e-07
0447  9.29681e+18  2.27957e+03  1.42363e+06  8.93359e-20  0.00000e+00  0.00000e+00  4.54338e-07
0448  9.31523e+18  2.28124e+03  1.42640e+06  8.85238e-20  0.00000e+00  0.00000e+00  4.52544e-07
0449  9.33364e+18  2.28285e+03  1.42912e+06  8.77230e-20  0.00000e+00  0.00000e+00  4.50760e-07
0450  9.35206e+18  2.28442e+03  1.43180e+06  8.69335e-20  0.00000e+00  0.00000e+00  4.48986e-07
0451  9.37048e+18  2.28589e+03  1.43446e+06  8.61555e-20  0.00000e+00  0.00000e+00  4.47223e-07
0452  9.38889e+18  2.28721e+03  1.43712e+06  8.53905e-20  0.00000e+00  0.00000e+00  4.45470e-07
0453  9.40731e+18  2.28840e+03  1.43979e+06  8.46375e-20  0.00000e+00  0.00000e+00  4.43728e-07
0454  9.42572e+18  2.28947e+03  1.44245e+06  8.38960e-20  0.00000e+00  0.00000e+00  4.41996e-07
0455  9.44414e+18  2.29041e+03  1.44513e+06  8.31659e-20  0.00000e+00  0.00000e+00  4.40274e-07
0456  9.46255e+18  2.29119e+03  1.44783e+06  8.24478e-20  0.00000e+00  0.00000e+00  4.38562e-07
0457  9.48097e+18  2.29178e+03  1.45057e+06  8.17417e-20  0.00000e+00  0.00000e+00  4.36860e-07
0458  9.49939e+18  2.29218e+03  1.45335e+06  8.10475e-20  0.00000e+00  0.00000e+00  4.35168e-07
0459  9.51780e+18  2.29242e+03  1.45616e+06  8.03645e-20  0.00000e+00  0.00000e+00  4.33485e-07
0460  9.53622e+18  2.29253e+03  1.45901e+06  7.96917e-20  0.00000e+00  0.00000e+00  4.31813e-07
0461  9.55463e+18  2.29255e+03  1.46186e+06  7.90278e-20  0.00000e+00  0.00000e+00  4.30150e-07
0462  9.57305e+18  2.29253e+03  1.46469e+06  7.83720e-20  0.00000e+00  0.00000e+00  4.28496e-07
0463  9.59146e+18  2.29251e+03  1.46751e+06  7.77233e-20  0.00000e+00  0.00000e+00  4.26853e-07
0464  9.60988e+18  2.29252e+03  1.47030e+06  7.70812e-20  0.00000e+00  0.00000e+00  4.25218e-07
0465  9.62829e+18  2.29256e+03  1.47304e+06  7.64450e-20  0.00000e+00  0.00000e+00  4.23593e-07
0466  9.64671e+18  2.29266e+03  1.47575e+06  7.58147e-20  0.00000e+00  0.00000e+00  4.21977e-07
0467  9.66513e+18  2.29281e+03  1.47841e+06  7.51901e-20  0.00000e+00  0.00000e+00  4.20371e-07
0468  9.68354e+18  2.29301e+03  1.48103e+06  7.45711e-20  0.00000e+00  0.00000e+00  4.18773e-07
0469  9.70196e+18  2.29327e+03  1.48360e+06  7.39576e-20  0.00000e+00  0.00000e+00  4.17185e-07
0470  9.72037e+18  2.29363e+03  1.48612e+06  7.33488e-20  0.00000e+00  0.00000e+00  4.15606e-07
0471  9.73879e+18  2.29411e+03  1.48856e+06  7.27441e-20  0.00000e+00  0.00000e+00  4.14036e-07
0472  9.75720e+18  2.29465e+03  1.49095e+06  7.21449e-20  0.00000e+00  0.00000e+00  4.12474e-07
0473  9.77562e+18  2.29523e+03  1.49331e+06  7.15515e-20  0.00000e+00  0.00000e+00  4.10922e-07
0474  9.79403e+18  2.29584e+03  1.49563e+06  7.09635e-20  0.00000e+00  0.00000e+00  4.09378e-07
0475  9.81245e+18  2.29652e+03  1.49789e+06  7.03808e-20  0.00000e+00  0.00000e+00  4.07843e-07
0476  9.83087e+18  2.29727e+03  1.50010e+06  6.98031e-20  0.00000e+00  0.00000e+00  4.06316e-07
0477  9.84928e+18  2.29809e+03  1.50225e+06  6.92303e-20  0.00000e+00  0.00000e+00  4.04798e-07
0478  9.86770e+18  2.29899e+03  1.50435e+06  6.86623e-20  0.00000e+00  0.00000e+00  4.03289e-07
0479  9.88611e+18  2.29996e+03  1.50637e+06  6.80992e-20  0.00000e+00  0.00000e+00  4.01788e-07
0480  9.90453e+18  2.30101e+03  1.50834e+06  6.75409e-20  0.00000e+00  0.00000e+00  4.00295e-07
0481  9.92294e+18  2.30213e+03  1.51024e+06  6.69873e-20  0.00000e+00  0.00000e+00  3.98810e-07
0482  9.94136e+18  2.30332e+03  1.51208e+06  6.64387e-20  0.00000e+00  0.00000e+00  3.97334e-07
0483  9.95977e+18  2.30456e+03  1.51387e+06  6.58950e-20  0.00000e+00  0.00000e+00  3.95866e-07
0484  9.97819e+18  2.30585e+03  1.51561e+06  6.53565e-20  0.00000e+00  0.00000e+00  3.94406e-07
0485  9.99661e+18  2.30717e+03  1.51730e+06  6.48233e-20  0.00000e+00  0.00000e+00  3.92955e-07
0486  1.00150e+19  2.30851e+03  1.51894e+06  6.42954e-20  0.00000e+00  0.00000e+00  3.91511e-07
0487  1.00334e+19  2.30986e+03  1.52055e+06  6.37729e-20  0.00000e+00  0.00000e+00  3.90075e-07
0488  1.00519e+19  2.31123e+03  1.52213e+06  6.32557e-20  0.00000e+00  0.00000e+00  3.88647e-07
0489  1.00703e+19  2.31261e+03  1.52366e+06  6.27438e-20  0.00000e+00  0.00000e+00  3.87227e-07
0490  1.00887e+19  2.31401e+03  1.52516e+06  6.22372e-20  0.00000e+00  0.00000e+00  3.85814e-07
0491  1.01071e+19  2.31541e+03  1.52662e+06  6.17359e-20  0.00000e+00  0.00000e+00  3.84410e-07
0492  1.01255e+19  2.31682e+03  1.52805e+06  6.12397e-20  0.00000e+00  0.00000e+00  3.83013e-07
0493  1.01439e+19  2.31824e+03  1.52944e+06  6.07486e-20  0.00000e+00  0.00000e+00  3.81623e-07
0494  1.01623e+19  2.31966e+03  1.53079e+06  6.02627e-20  0.00000e+00  0.00000e+00  3.80242e-07
0495  1.01808e+19  2.32109e+03  1.53210e+06  5.97819e-20  0.00000e+00  0.00000e+00  3.78867e-07
0496  1.01992e+19  2.32252e+03  1.53337e+06  5.93061e-20  0.00000e+00  0.00000e+00  3.77500e-07
0497  1.02176e+19  2.32395e+03  1.53461e+06  5.88354e-20  0.00000e+00  0.00000e+00  3.76141e-07
0498  1.02360e+19  2.32539e+03  1.53580e+06  5.83695e-20  0.00000e+00  0.00000e+00  3.74789e-07
0499  1.02544e+19  2.32683e+03  1.53696e+06  5.79085e-20  0.00000e+00  0.00000e+00  3.73444e-07
0500  1.02728e+19  2.32828e+03  1.53808e+06  5.74522e-20  0.00000e+00  0.00000e+00  3.72106e-07
0501  1.02913e+19  2.32973e+03  1.53917e+06  5.70006e-20  0.00000e+00  0.00000e+00  3.70775e-07
0502  1.03097e+19  2.33119e+03  1.54021e+06  5.65536e-20  0.00000e+00  0.00000e+00  3.69452e-07
0503  1.03281e+19  2.33266e+03  1.54123e+06  5.61112e-20  0.00000e+00  0.00000e+00  3.68136e-07
0504  1.03465e+19  2.33413e+03  1.54221e+06  5.56732e-20  0.00000e+00  0.00000e+00  3.66826e-07
0505  1.03649e+19  2.33561e+03  1.54315e+06  5.52396e-20  0.00000e+00  0.00000e+00  3.65524e-07
0506  1.03833e+19  2.33709e+03  1.54406e+06  5.48103e-20  0.00000e+00  0.00000e+00  3.64229e-07
0507  1.04017e+19  2.33858e+03  1.54494e+06  5.43853e-20  0.00000e+00  0.00000e+00  3.62940e-07
0508  1.04202e+19  2.34008e+03  1.54579e+06  5.39645e-20  0.00000e+00  0.00000e+00  3.61658e-07
0509  1.04386e+19  2.34159e+03  1.54661e+06  5.35478e-20  0.00000e+00  0.00000e+00  3.60383e-07
0510  1.04570e+19  2.34310e+03  1.54741e+06  5.31352e-20  0.00000e+00  0.00000e+00  3.59115e-07
0511  1.04754e+19  2.34462e+03  1.54817e+06  5.27266e-20  0.00000e+00  0.00000e+00  3.57854e-07
0512  1.04938e+19  2.34614e+03  1.54891e+06  5.23220e-20  0.00000e+00  0.00000e+00  3.56599e-07
0513  1.05122e+19  2.34767e+03  1.54962e+06  5.19214e-20  0.00000e+00  0.00000e+00  3.55350e-07
0514  1.05307e+19  2.34921e+03  1.55030e+06  5.15247e-20  0.00000e+00  0.00000e+00  3.54109e-07
0515  1.05491e+19  2.35074e+03  1.55097e+06  5.11318e-20  0.00000e+00  0.00000e+00  3.52873e-07
0516  1.05675e+19  2.35228e+03  1.55161e+06  5.07427e-20  0.00000e+00  0.00000e+00  3.51645e-07
0517  1.05859e+19  2.35381e+03  1.55223e+06  5.03575e-20  0.00000e+00  0.00000e+00  3.50422e-07
0518  1.06043e+19  2.35535e+03  1.55282e+06  4.99759e-20  0.00000e+00  0.00000e+00  3.49206e-07
0519  1.06227e+19  2.35689e+03  1.55341e+06  4.95981e-20  0.00000e+00  0.00000e+00  3.47996e-07
0520  1.06412e+19  2.35842e+03  1.55397e+06  4.92239e-20  0.00000e+00  0.00000e+00  3.46793e-07
0521  1.06596e+19  2.35996e+03  1.55451e+06  4.88533e-20  0.00000e+00  0.00000e+00  3.45596e-07
0522  1.06780e+19  2.36149e+03  1.55504e+06  4.84863e-20  0.00000e+00  0.00000e+00  3.44405e-07
0523  1.06964e+19  2.36302e+03  1.55556e+06  4.81228e-20  0.00000e+00  0.00000e+00  3.43220e-07
0524  1.07148e+19  2.36454e+03  1.55606e+06  4.77628e-20  0.00000e+00  0.00000e+00  3.42041e-07
0525  1.07332e+19  2.36607e+03  1.55655e+06  4.74062e-20  0.00000e+00  0.00000e+00  3.40868e-07
0526  1.07516e+19  2.36759e+03  1.55703e+06  4.70530e-20  0.00000e+00  0.00000e+00  3.39702e-07
0527  1.07701e+19  2.36910e+03  1.55749e+06  4.67030e-20  0.00000e+00  0.00000e+00  3.38541e-07
0528  1.07885e+19  2.37062e+03  1.55795e+06  4.63564e-20  0.00000e+00  0.00000e+00  3.37386e-07
0529  1.08069e+19  2.37214e+03  1.55839e+06  4.60130e-20  0.00000e+00  0.00000e+00  3.36237e-07
0530  1.08253e+19  2.37365e+03  1.55883e+06  4.56728e-20  0.00000e+00  0.00000e+00  3.35094e-07
0531  1.08437e+19  2.37516e+03  1.55926e+06  4.53357e-20  0.00000e+00  0.00000e+00  3.33957e-07
0532  1.08621e+19  2.37666e+03  1.55968e+06  4.50017e-20  0.00000e+00  0.00000e+00  3.32826e-07
0533  1.08806e+19  2.37817e+03  1.56009e+06  4.46709e-20  0.00000e+00  0.00000e+00  3.31700e-07
0534  1.08990e+19  2.37967e+03  1.56049e+06  4.43430e-20  0.00000e+00  0.00000e+00  3.30580e-07
0535  1.09174e+19  2.38117e+03  1.56089e+06  4.40182e-20  0.00000e+00  0.00000e+00  3.29466e-07
0536  1.09358e+19  2.38267e+03  1.56128e+06  4.36964e-20  0.00000e+00  0.00000e+00  3.28357e-07
0537  1.09542e+19  2.38416e+03  1.56167e+06  4.33775e-20  0.00000e+00  0.00000e+00  3.27254e-07
0538  1.09726e+19  2.38565e+03  1.56204e+06  4.30615e-20  0.00000e+00  0.00000e+00  3.26156e-07
0539  1.09910e+19  2.38713e+03  1.56241e+06  4.27485e-20  0.00000e+00  0.00000e+00  3.25064e-07
0540  1.10095e+19  2.38861e+03  1.56277e+06  4.24383e-20  0.00000e+00  0.00000e+00  3.23978e-07
0541  1.10279e+19  2.39009e+03  1.56313e+06  4.21310e-20  0.00000e+00  0.00000e+00  3.22897e-07
0542  1.10463e+19  2.39156e+03  1.56347e+06  4.18265e-20  0.00000e+00  0.00000e+00  3.21821e-07
0543  1.10647e+19  2.39302e+03  1.56381e+06  4.15249e-20  0.00000e+00  0.00000e+00  3.20751e-07
0544  1.10831e+19  2.39448e+03  1.56414e+06  4.12260e-20  0.00000e+00  0.00000e+00  3.19686e-07
0545  1.11015e+19  2.39594e+03  1.56446e+06  4.09298e-20  0.00000e+00  0.00000e+00  3.18626e-07
0546  1.11200e+19  2.39738e+03  1.56477e+06  4.06364e-20  0.00000e+00  0.00000e+00  3.17571e-07
0547  1.11384e+19  2.39883e+03  1.56508e+06  4.03456e-20  0.00000e+00  0.00000e+00  3.16522e-07
0548  1.11568e+19  2.40027e+03  1.56537e+06  4.00575e-20  0.00000e+00  0.00000e+00  3.15478e-07
0549  1.11752e+19  2.40171e+03  1.56567e+06  3.97719e-20  0.00000e+00  0.00000e+00  3.14439e-07
0550  1.11936e+19  2.40314e+03  1.56596e+06  3.94888e-20  0.00000e+00  0.00000e+00  3.13405e-07
0551  1.12120e+19  2.40460e+03  1.56624e+06  3.92080e-20  0.00000e+00  0.00000e+00  3.12377e-07
0552  1.12305e+19  2.40599e+03  1.56653e+06  3.89304e-20  0.00000e+00  0.00000e+00  3.11353e-07
0553  1.12489e+19  2.40766e+03  1.56682e+06  3.86513e-20  0.00000e+00  0.00000e+00  3.10335e-07
0554  1.12673e+19  2.40824e+03  1.56708e+06  3.83896e-20  0.00000e+00  0.00000e+00  3.09321e-07
0555  1.12857e+19  2.41508e+03  1.56754e+06  3.80455e-20  0.00000e+00  0.00000e+00  3.08312e-07
