# Athena++ data at time=1.880000e+13  cycle=1259791074  variables=uov 
# i       x1v         user_out_var0          user_out_var1          user_out_var2          user_out_var3          user_out_var4          user_out_var5      
0002  1.13875e+18  4.91745e+00  3.03478e+04  5.59999e-16  0.00000e+00  0.00000e+00  3.02826e-05
0003  1.15716e+18  1.03218e+01  4.00224e+04  8.70682e-17  0.00000e+00  0.00000e+00  2.93264e-05
0004  1.17558e+18  1.54636e+01  4.91676e+04  4.30157e-17  0.00000e+00  0.00000e+00  2.84148e-05
0005  1.19399e+18  2.23004e+01  6.13414e+04  6.27747e-17  0.00000e+00  0.00000e+00  2.75451e-05
0006  1.21241e+18  3.29236e+01  8.15990e+04  1.03476e-16  0.00000e+00  0.00000e+00  2.67147e-05
0007  1.23082e+18  5.31276e+01  1.23384e+05  1.29047e-16  0.00000e+00  0.00000e+00  2.59213e-05
0008  1.24924e+18  6.27572e+01  1.36872e+05  2.81811e-17  0.00000e+00  0.00000e+00  2.51628e-05
0009  1.26765e+18  6.77536e+01  1.43373e+05  2.26097e-17  0.00000e+00  0.00000e+00  2.44370e-05
0010  1.28607e+18  7.21109e+01  1.48194e+05  2.04176e-17  0.00000e+00  0.00000e+00  2.37422e-05
0011  1.30448e+18  7.54137e+01  1.50867e+05  1.48588e-17  0.00000e+00  0.00000e+00  2.30766e-05
0012  1.32290e+18  7.84609e+01  1.53364e+05  1.49510e-17  0.00000e+00  0.00000e+00  2.24386e-05
0013  1.34131e+18  8.15903e+01  1.55963e+05  1.49570e-17  0.00000e+00  0.00000e+00  2.18267e-05
0014  1.35973e+18  8.47007e+01  1.58586e+05  1.40253e-17  0.00000e+00  0.00000e+00  2.12395e-05
0015  1.37814e+18  8.75322e+01  1.60745e+05  1.22512e-17  0.00000e+00  0.00000e+00  2.06757e-05
0016  1.39656e+18  9.02154e+01  1.62802e+05  1.17374e-17  0.00000e+00  0.00000e+00  2.01340e-05
0017  1.41497e+18  9.28812e+01  1.64893e+05  1.14586e-17  0.00000e+00  0.00000e+00  1.96134e-05
0018  1.43339e+18  9.54909e+01  1.66991e+05  1.02843e-17  0.00000e+00  0.00000e+00  1.91126e-05
0019  1.45180e+18  9.74410e+01  1.67935e+05 -7.27261e-19  0.00000e+00  0.00000e+00  1.86309e-05
0020  1.47022e+18  9.97017e+01  1.69825e+05  1.02703e-17  0.00000e+00  0.00000e+00  1.81671e-05
0021  1.48863e+18  1.02341e+02  1.72115e+05  4.70069e-17  0.00000e+00  0.00000e+00  1.77204e-05
0022  1.50705e+18  1.04374e+02  1.73445e+05  7.54714e-18  0.00000e+00  0.00000e+00  1.72900e-05
0023  1.52546e+18  1.06316e+02  1.75006e+05  8.08460e-18  0.00000e+00  0.00000e+00  1.68750e-05
0024  1.54388e+18  1.08433e+02  1.76771e+05  8.32894e-18  0.00000e+00  0.00000e+00  1.64749e-05
0027  1.56229e+18  1.10560e+02  1.78616e+05  8.09564e-18  0.00000e+00  0.00000e+00  1.60888e-05
0028  1.58071e+18  1.12660e+02  1.80511e+05  7.90186e-18  0.00000e+00  0.00000e+00  1.57161e-05
0029  1.59912e+18  1.14756e+02  1.82480e+05  7.80400e-18  0.00000e+00  0.00000e+00  1.53562e-05
0030  1.61754e+18  1.16871e+02  1.84551e+05  7.77269e-18  0.00000e+00  0.00000e+00  1.50085e-05
0031  1.63595e+18  1.19028e+02  1.86756e+05  7.80385e-18  0.00000e+00  0.00000e+00  1.46726e-05
0032  1.65437e+18  1.21248e+02  1.89129e+05  7.85279e-18  0.00000e+00  0.00000e+00  1.43477e-05
0033  1.67278e+18  1.23486e+02  1.91614e+05  7.56221e-18  0.00000e+00  0.00000e+00  1.40336e-05
0034  1.69120e+18  1.25423e+02  1.93733e+05  6.49701e-18  0.00000e+00  0.00000e+00  1.37296e-05
0035  1.70961e+18  1.26978e+02  1.95486e+05  5.64854e-18  0.00000e+00  0.00000e+00  1.34354e-05
0036  1.72803e+18  1.28257e+02  1.96963e+05  5.18956e-18  0.00000e+00  0.00000e+00  1.31506e-05
0037  1.74644e+18  1.29517e+02  1.98537e+05  5.35165e-18  0.00000e+00  0.00000e+00  1.28747e-05
0038  1.76486e+18  1.30907e+02  2.00318e+05  5.59828e-18  0.00000e+00  0.00000e+00  1.26074e-05
0039  1.78328e+18  1.32411e+02  2.02297e+05  5.74265e-18  0.00000e+00  0.00000e+00  1.23484e-05
0040  1.80169e+18  1.33990e+02  2.04437e+05  5.81498e-18  0.00000e+00  0.00000e+00  1.20973e-05
0041  1.82011e+18  1.35624e+02  2.06720e+05  5.82141e-18  0.00000e+00  0.00000e+00  1.18537e-05
0042  1.83852e+18  1.37236e+02  2.09046e+05  5.58479e-18  0.00000e+00  0.00000e+00  1.16174e-05
0043  1.85694e+18  1.38772e+02  2.11335e+05  5.21522e-18  0.00000e+00  0.00000e+00  1.13882e-05
0044  1.87535e+18  1.41381e+02  2.15524e+05  6.00188e-18  0.00000e+00  0.00000e+00  1.11656e-05
0045  1.89377e+18  1.44374e+02  2.20735e+05  9.89208e-18  0.00000e+00  0.00000e+00  1.09495e-05
0046  1.91218e+18  1.42378e+02  2.17308e+05  3.53777e-18  0.00000e+00  0.00000e+00  1.07396e-05
0047  1.93060e+18  1.40354e+02  2.13884e+05  5.93283e-19  0.00000e+00  0.00000e+00  1.05357e-05
0048  1.94901e+18  1.46240e+02  2.24355e+05  3.90329e-18  0.00000e+00  0.00000e+00  1.03376e-05
0049  1.96743e+18  1.41102e+02  2.15700e+05 -2.00088e-17  0.00000e+00  0.00000e+00  1.01449e-05
0050  1.98584e+18  1.20288e+02  1.88607e+05 -3.88593e-17  0.00000e+00  0.00000e+00  9.95766e-06
0051  2.00426e+18  1.09861e+02  1.78044e+05 -1.84519e-18  0.00000e+00  0.00000e+00  9.77552e-06
0052  2.02267e+18  1.09038e+02  1.77288e+05  2.90923e-18  0.00000e+00  0.00000e+00  9.59833e-06
0053  2.04109e+18  1.09005e+02  1.77245e+05  4.28070e-18  0.00000e+00  0.00000e+00  9.42591e-06
0054  2.05951e+18  1.09260e+02  1.77463e+05  4.31690e-18  0.00000e+00  0.00000e+00  9.25810e-06
0055  2.07792e+18  1.09426e+02  1.77610e+05  3.82249e-18  0.00000e+00  0.00000e+00  9.09473e-06
0056  2.09634e+18  1.09456e+02  1.77640e+05  3.27215e-18  0.00000e+00  0.00000e+00  8.93564e-06
0057  2.11475e+18  1.09474e+02  1.77665e+05  2.32405e-18  0.00000e+00  0.00000e+00  8.78070e-06
0058  2.13317e+18  1.09841e+02  1.77996e+05  1.24213e-18  0.00000e+00  0.00000e+00  8.62975e-06
0059  2.15158e+18  1.10211e+02  1.78325e+05  8.02999e-19  0.00000e+00  0.00000e+00  8.48265e-06
0060  2.17000e+18  1.10761e+02  1.78797e+05  1.86430e-18  0.00000e+00  0.00000e+00  8.33929e-06
0061  2.18841e+18  1.11863e+02  1.79790e+05  1.60219e-18  0.00000e+00  0.00000e+00  8.19953e-06
0062  2.20683e+18  1.18606e+02  1.86631e+05 -1.56027e-17  0.00000e+00  0.00000e+00  8.06326e-06
0063  2.22524e+18  2.28329e+02  4.02465e+05  9.43430e-17  0.00000e+00  0.00000e+00  7.93035e-06
0064  2.24366e+18  4.72584e+02  7.61329e+05  7.38272e-17  0.00000e+00  0.00000e+00  7.80071e-06
0065  2.26207e+18  6.66408e+02  1.06500e+06  3.32287e-17  0.00000e+00  0.00000e+00  7.67421e-06
0066  2.28049e+18  7.92407e+02  1.27438e+06  2.52057e-17  0.00000e+00  0.00000e+00  7.55077e-06
0067  2.29891e+18  8.91577e+02  1.44349e+06  2.26349e-17  0.00000e+00  0.00000e+00  7.43029e-06
0068  2.31732e+18  9.89945e+02  1.61187e+06  2.23280e-17  0.00000e+00  0.00000e+00  7.31266e-06
0069  2.33574e+18  1.09668e+03  1.80005e+06  2.21383e-17  0.00000e+00  0.00000e+00  7.19781e-06
0070  2.35415e+18  1.21610e+03  2.02269e+06  2.14859e-17  0.00000e+00  0.00000e+00  7.08564e-06
0071  2.37257e+18  1.35650e+03  2.29029e+06  2.05216e-17  0.00000e+00  0.00000e+00  6.97607e-06
0072  2.39098e+18  1.52450e+03  2.60130e+06  1.90208e-17  0.00000e+00  0.00000e+00  6.86902e-06
0073  2.40940e+18  1.70770e+03  2.93469e+06  1.71635e-17  0.00000e+00  0.00000e+00  6.76442e-06
0074  2.42781e+18  1.85730e+03  3.23123e+06  1.55586e-17  0.00000e+00  0.00000e+00  6.66219e-06
0075  2.44623e+18  1.90643e+03  3.38235e+06  1.47032e-17  0.00000e+00  0.00000e+00  6.56226e-06
0076  2.46464e+18  1.87407e+03  3.39161e+06  1.42473e-17  0.00000e+00  0.00000e+00  6.46456e-06
0077  2.48306e+18  1.82405e+03  3.34858e+06  1.39038e-17  0.00000e+00  0.00000e+00  6.36903e-06
0078  2.50147e+18  1.66902e+03  3.06919e+06  1.43947e-17  0.00000e+00  0.00000e+00  6.27560e-06
0079  2.51989e+18  1.00553e+03  1.85075e+06  1.32206e-17  0.00000e+00  0.00000e+00  6.18421e-06
0080  2.53831e+18  2.33739e+02  4.21317e+05  5.00521e-17  0.00000e+00  0.00000e+00  6.09480e-06
0081  2.55672e+18  9.11789e+01  1.65058e+05 -1.25438e-16  0.00000e+00  0.00000e+00  6.00732e-06
0082  2.57514e+18  8.67254e+01  1.60143e+05  2.54747e-19  0.00000e+00  0.00000e+00  5.92171e-06
0083  2.59355e+18  8.71966e+01  1.60494e+05  6.91317e-19  0.00000e+00  0.00000e+00  5.83791e-06
0084  2.61197e+18  8.85558e+01  1.61527e+05  7.08153e-19  0.00000e+00  0.00000e+00  5.75588e-06
0085  2.63038e+18  9.00080e+01  1.62650e+05  2.14006e-19  0.00000e+00  0.00000e+00  5.67557e-06
0086  2.64880e+18  9.16316e+01  1.63920e+05  6.09729e-21  0.00000e+00  0.00000e+00  5.59693e-06
0087  2.66721e+18  9.34177e+01  1.65335e+05 -7.55611e-20  0.00000e+00  0.00000e+00  5.51991e-06
0088  2.68563e+18  9.51571e+01  1.66735e+05 -5.47806e-20  0.00000e+00  0.00000e+00  5.44447e-06
0089  2.70404e+18  9.66801e+01  1.67935e+05  2.36824e-18  0.00000e+00  0.00000e+00  5.37056e-06
0090  2.72246e+18  9.82536e+01  1.68638e+05 -1.53837e-18  0.00000e+00  0.00000e+00  5.29815e-06
0091  2.74088e+18  1.00036e+02  1.70151e+05 -7.50532e-19  0.00000e+00  0.00000e+00  5.22720e-06
0092  2.75929e+18  1.01577e+02  1.71520e+05 -4.51818e-19  0.00000e+00  0.00000e+00  5.15766e-06
0093  2.77771e+18  1.02822e+02  1.72259e+05 -2.97800e-19  0.00000e+00  0.00000e+00  5.08950e-06
0094  2.79612e+18  1.04082e+02  1.73235e+05 -1.02379e-19  0.00000e+00  0.00000e+00  5.02268e-06
0095  2.81454e+18  1.05710e+02  1.74562e+05 -9.82408e-19  0.00000e+00  0.00000e+00  4.95717e-06
0096  2.83295e+18  1.08413e+02  1.76912e+05 -3.99117e-18  0.00000e+00  0.00000e+00  4.89293e-06
0097  2.85137e+18  1.13410e+02  1.81610e+05 -9.11214e-18  0.00000e+00  0.00000e+00  4.82993e-06
0098  2.86978e+18  1.23794e+02  1.92221e+05 -3.74059e-18  0.00000e+00  0.00000e+00  4.76814e-06
0099  2.88820e+18  1.52714e+02  2.33935e+05  2.44981e-18  0.00000e+00  0.00000e+00  4.70753e-06
0100  2.90661e+18  2.55582e+02  3.97710e+05  7.69197e-17  0.00000e+00  0.00000e+00  4.64807e-06
0101  2.92503e+18  4.18724e+02  5.89270e+05  5.13708e-17  0.00000e+00  0.00000e+00  4.58973e-06
0102  2.94345e+18  5.46294e+02  7.37016e+05  3.15981e-17  0.00000e+00  0.00000e+00  4.53248e-06
0103  2.96186e+18  6.40490e+02  8.42839e+05  2.31692e-17  0.00000e+00  0.00000e+00  4.47629e-06
0104  2.98028e+18  7.15006e+02  9.25140e+05  1.90783e-17  0.00000e+00  0.00000e+00  4.42114e-06
0105  2.99869e+18  7.77794e+02  9.92998e+05  1.64132e-17  0.00000e+00  0.00000e+00  4.36701e-06
0106  3.01711e+18  8.32972e+02  1.05257e+06  1.47078e-17  0.00000e+00  0.00000e+00  4.31386e-06
0107  3.03552e+18  8.82733e+02  1.10604e+06  1.33398e-17  0.00000e+00  0.00000e+00  4.26168e-06
0108  3.05394e+18  9.28134e+02  1.15458e+06  1.22190e-17  0.00000e+00  0.00000e+00  4.21044e-06
0109  3.07235e+18  9.70800e+02  1.20050e+06  1.15769e-17  0.00000e+00  0.00000e+00  4.16011e-06
0110  3.09077e+18  1.01144e+03  1.24358e+06  1.08886e-17  0.00000e+00  0.00000e+00  4.11069e-06
0111  3.10918e+18  1.05008e+03  1.28425e+06  1.02884e-17  0.00000e+00  0.00000e+00  4.06214e-06
0112  3.12760e+18  1.08697e+03  1.32282e+06  9.77038e-18  0.00000e+00  0.00000e+00  4.01444e-06
0113  3.14602e+18  1.12234e+03  1.35975e+06  9.32851e-18  0.00000e+00  0.00000e+00  3.96758e-06
0114  3.16443e+18  1.15638e+03  1.39536e+06  8.94440e-18  0.00000e+00  0.00000e+00  3.92154e-06
0115  3.18285e+18  1.18906e+03  1.42983e+06  8.57635e-18  0.00000e+00  0.00000e+00  3.87629e-06
0116  3.20126e+18  1.22038e+03  1.46326e+06  8.22517e-18  0.00000e+00  0.00000e+00  3.83182e-06
0117  3.21968e+18  1.25040e+03  1.49573e+06  7.89773e-18  0.00000e+00  0.00000e+00  3.78811e-06
0118  3.23809e+18  1.27936e+03  1.52744e+06  7.63550e-18  0.00000e+00  0.00000e+00  3.74515e-06
0119  3.25651e+18  1.30743e+03  1.55836e+06  7.37846e-18  0.00000e+00  0.00000e+00  3.70291e-06
0120  3.27492e+18  1.33467e+03  1.58854e+06  7.13775e-18  0.00000e+00  0.00000e+00  3.66138e-06
0121  3.29334e+18  1.36117e+03  1.61799e+06  6.90958e-18  0.00000e+00  0.00000e+00  3.62055e-06
0122  3.31176e+18  1.38692e+03  1.64671e+06  6.68679e-18  0.00000e+00  0.00000e+00  3.58040e-06
0123  3.33017e+18  1.41189e+03  1.67472e+06  6.47024e-18  0.00000e+00  0.00000e+00  3.54091e-06
0124  3.34859e+18  1.43605e+03  1.70203e+06  6.26045e-18  0.00000e+00  0.00000e+00  3.50207e-06
0125  3.36700e+18  1.45937e+03  1.72870e+06  6.05774e-18  0.00000e+00  0.00000e+00  3.46386e-06
0126  3.38542e+18  1.48180e+03  1.75478e+06  5.86229e-18  0.00000e+00  0.00000e+00  3.42628e-06
0127  3.40383e+18  1.50332e+03  1.78034e+06  5.67559e-18  0.00000e+00  0.00000e+00  3.38931e-06
0128  3.42225e+18  1.52394e+03  1.80542e+06  5.50154e-18  0.00000e+00  0.00000e+00  3.35293e-06
0129  3.44066e+18  1.54371e+03  1.83001e+06  5.33369e-18  0.00000e+00  0.00000e+00  3.31713e-06
0130  3.45908e+18  1.56274e+03  1.85429e+06  5.19394e-18  0.00000e+00  0.00000e+00  3.28191e-06
0131  3.47749e+18  1.58107e+03  1.87816e+06  5.04092e-18  0.00000e+00  0.00000e+00  3.24724e-06
0132  3.49591e+18  1.59865e+03  1.90161e+06  4.89343e-18  0.00000e+00  0.00000e+00  3.21312e-06
0133  3.51433e+18  1.61552e+03  1.92461e+06  4.75140e-18  0.00000e+00  0.00000e+00  3.17953e-06
0134  3.53274e+18  1.63171e+03  1.94715e+06  4.61470e-18  0.00000e+00  0.00000e+00  3.14647e-06
0135  3.55116e+18  1.64723e+03  1.96923e+06  4.48321e-18  0.00000e+00  0.00000e+00  3.11392e-06
0136  3.56957e+18  1.66211e+03  1.99085e+06  4.35677e-18  0.00000e+00  0.00000e+00  3.08188e-06
0137  3.58799e+18  1.67633e+03  2.01202e+06  4.23520e-18  0.00000e+00  0.00000e+00  3.05032e-06
0138  3.60640e+18  1.68990e+03  2.03274e+06  4.11834e-18  0.00000e+00  0.00000e+00  3.01925e-06
0139  3.62482e+18  1.70280e+03  2.05307e+06  4.00601e-18  0.00000e+00  0.00000e+00  2.98865e-06
0140  3.64323e+18  1.71501e+03  2.07301e+06  3.89805e-18  0.00000e+00  0.00000e+00  2.95851e-06
0141  3.66165e+18  1.72652e+03  2.09261e+06  3.79428e-18  0.00000e+00  0.00000e+00  2.92883e-06
0142  3.68007e+18  1.73733e+03  2.11190e+06  3.69453e-18  0.00000e+00  0.00000e+00  2.89959e-06
0143  3.69848e+18  1.74745e+03  2.13090e+06  3.59862e-18  0.00000e+00  0.00000e+00  2.87079e-06
0144  3.71690e+18  1.75690e+03  2.14962e+06  3.50636e-18  0.00000e+00  0.00000e+00  2.84241e-06
0145  3.73531e+18  1.76573e+03  2.16807e+06  3.41754e-18  0.00000e+00  0.00000e+00  2.81445e-06
0146  3.75373e+18  1.77401e+03  2.18622e+06  3.33189e-18  0.00000e+00  0.00000e+00  2.78690e-06
0147  3.77214e+18  1.78178e+03  2.20405e+06  3.24939e-18  0.00000e+00  0.00000e+00  2.75976e-06
0148  3.79056e+18  1.78912e+03  2.22155e+06  3.16985e-18  0.00000e+00  0.00000e+00  2.73301e-06
0149  3.80897e+18  1.79606e+03  2.23872e+06  3.09314e-18  0.00000e+00  0.00000e+00  2.70665e-06
0150  3.82739e+18  1.80258e+03  2.25561e+06  3.01911e-18  0.00000e+00  0.00000e+00  2.68066e-06
0151  3.84581e+18  1.80864e+03  2.27223e+06  2.94158e-18  0.00000e+00  0.00000e+00  2.65505e-06
0152  3.86422e+18  1.81421e+03  2.28869e+06  2.87544e-18  0.00000e+00  0.00000e+00  2.62981e-06
0153  3.88264e+18  1.81941e+03  2.30492e+06  2.81130e-18  0.00000e+00  0.00000e+00  2.60492e-06
0154  3.90105e+18  1.82425e+03  2.32096e+06  2.74908e-18  0.00000e+00  0.00000e+00  2.58038e-06
0155  3.91947e+18  1.82868e+03  2.33686e+06  2.68870e-18  0.00000e+00  0.00000e+00  2.55619e-06
0156  3.93788e+18  1.83269e+03  2.35266e+06  2.63009e-18  0.00000e+00  0.00000e+00  2.53234e-06
0157  3.95630e+18  1.83627e+03  2.36837e+06  2.57318e-18  0.00000e+00  0.00000e+00  2.50882e-06
0158  3.97471e+18  1.83943e+03  2.38399e+06  2.51792e-18  0.00000e+00  0.00000e+00  2.48563e-06
0159  3.99313e+18  1.84220e+03  2.39951e+06  2.46424e-18  0.00000e+00  0.00000e+00  2.46275e-06
0160  4.01155e+18  1.84464e+03  2.41493e+06  2.41209e-18  0.00000e+00  0.00000e+00  2.44019e-06
0161  4.02996e+18  1.84678e+03  2.43021e+06  2.36141e-18  0.00000e+00  0.00000e+00  2.41794e-06
0162  4.04838e+18  1.84868e+03  2.44532e+06  2.31215e-18  0.00000e+00  0.00000e+00  2.39599e-06
0163  4.06679e+18  1.85037e+03  2.46024e+06  2.26426e-18  0.00000e+00  0.00000e+00  2.37434e-06
0164  4.08521e+18  1.85188e+03  2.47495e+06  2.21770e-18  0.00000e+00  0.00000e+00  2.35299e-06
0165  4.10362e+18  1.85323e+03  2.48946e+06  2.17242e-18  0.00000e+00  0.00000e+00  2.33191e-06
0166  4.12204e+18  1.85441e+03  2.50379e+06  2.12836e-18  0.00000e+00  0.00000e+00  2.31113e-06
0167  4.14045e+18  1.85541e+03  2.51797e+06  2.08548e-18  0.00000e+00  0.00000e+00  2.29061e-06
0168  4.15887e+18  1.85621e+03  2.53205e+06  2.04372e-18  0.00000e+00  0.00000e+00  2.27037e-06
0169  4.17728e+18  1.85679e+03  2.54608e+06  2.00447e-18  0.00000e+00  0.00000e+00  2.25040e-06
0170  4.19570e+18  1.85714e+03  2.56008e+06  1.96431e-18  0.00000e+00  0.00000e+00  2.23069e-06
0171  4.21412e+18  1.85724e+03  2.57407e+06  1.92517e-18  0.00000e+00  0.00000e+00  2.21123e-06
0172  4.23253e+18  1.85711e+03  2.58807e+06  1.88702e-18  0.00000e+00  0.00000e+00  2.19203e-06
0173  4.25095e+18  1.85675e+03  2.60209e+06  1.84980e-18  0.00000e+00  0.00000e+00  2.17308e-06
0174  4.26936e+18  1.85622e+03  2.61611e+06  1.81349e-18  0.00000e+00  0.00000e+00  2.15438e-06
0175  4.28778e+18  1.85554e+03  2.63011e+06  1.77806e-18  0.00000e+00  0.00000e+00  2.13591e-06
0176  4.30619e+18  1.85476e+03  2.64409e+06  1.74349e-18  0.00000e+00  0.00000e+00  2.11768e-06
0177  4.32461e+18  1.85390e+03  2.65801e+06  1.70974e-18  0.00000e+00  0.00000e+00  2.09968e-06
0178  4.34302e+18  1.85300e+03  2.67187e+06  1.67679e-18  0.00000e+00  0.00000e+00  2.08191e-06
0179  4.36144e+18  1.85207e+03  2.68566e+06  1.64463e-18  0.00000e+00  0.00000e+00  2.06437e-06
0180  4.37986e+18  1.85111e+03  2.69938e+06  1.61323e-18  0.00000e+00  0.00000e+00  2.04705e-06
0181  4.39827e+18  1.85010e+03  2.71304e+06  1.58256e-18  0.00000e+00  0.00000e+00  2.02994e-06
0182  4.41669e+18  1.84903e+03  2.72667e+06  1.55260e-18  0.00000e+00  0.00000e+00  2.01305e-06
0183  4.43510e+18  1.84789e+03  2.74028e+06  1.52332e-18  0.00000e+00  0.00000e+00  1.99637e-06
0184  4.45352e+18  1.84666e+03  2.75387e+06  1.49471e-18  0.00000e+00  0.00000e+00  1.97989e-06
0185  4.47193e+18  1.84532e+03  2.76747e+06  1.46675e-18  0.00000e+00  0.00000e+00  1.96362e-06
0186  4.49035e+18  1.84384e+03  2.78107e+06  1.43941e-18  0.00000e+00  0.00000e+00  1.94754e-06
0187  4.50876e+18  1.84224e+03  2.79466e+06  1.41269e-18  0.00000e+00  0.00000e+00  1.93167e-06
0188  4.52718e+18  1.84050e+03  2.80823e+06  1.38656e-18  0.00000e+00  0.00000e+00  1.91598e-06
0189  4.54560e+18  1.83863e+03  2.82175e+06  1.36101e-18  0.00000e+00  0.00000e+00  1.90049e-06
0190  4.56401e+18  1.83663e+03  2.83520e+06  1.33604e-18  0.00000e+00  0.00000e+00  1.88519e-06
0191  4.58243e+18  1.83452e+03  2.84854e+06  1.31163e-18  0.00000e+00  0.00000e+00  1.87006e-06
0192  4.60084e+18  1.83230e+03  2.86174e+06  1.28778e-18  0.00000e+00  0.00000e+00  1.85512e-06
0193  4.61926e+18  1.82999e+03  2.87478e+06  1.26446e-18  0.00000e+00  0.00000e+00  1.84036e-06
0194  4.63767e+18  1.82756e+03  2.88764e+06  1.24168e-18  0.00000e+00  0.00000e+00  1.82577e-06
0195  4.65609e+18  1.82503e+03  2.90030e+06  1.21941e-18  0.00000e+00  0.00000e+00  1.81136e-06
0196  4.67450e+18  1.82238e+03  2.91276e+06  1.19764e-18  0.00000e+00  0.00000e+00  1.79712e-06
0197  4.69292e+18  1.81962e+03  2.92500e+06  1.17637e-18  0.00000e+00  0.00000e+00  1.78304e-06
0198  4.71134e+18  1.81674e+03  2.93703e+06  1.15556e-18  0.00000e+00  0.00000e+00  1.76913e-06
0199  4.72975e+18  1.81372e+03  2.94885e+06  1.13522e-18  0.00000e+00  0.00000e+00  1.75538e-06
0200  4.74817e+18  1.81057e+03  2.96047e+06  1.11531e-18  0.00000e+00  0.00000e+00  1.74179e-06
0201  4.76658e+18  1.80731e+03  2.97192e+06  1.09582e-18  0.00000e+00  0.00000e+00  1.72836e-06
0202  4.78500e+18  1.80399e+03  2.98333e+06  1.08031e-18  0.00000e+00  0.00000e+00  1.71508e-06
0203  4.80341e+18  1.80063e+03  2.99467e+06  1.06217e-18  0.00000e+00  0.00000e+00  1.70195e-06
0204  4.82183e+18  1.79721e+03  3.00596e+06  1.04439e-18  0.00000e+00  0.00000e+00  1.68898e-06
0205  4.84024e+18  1.79374e+03  3.01719e+06  1.02697e-18  0.00000e+00  0.00000e+00  1.67615e-06
0206  4.85866e+18  1.79020e+03  3.02832e+06  1.00991e-18  0.00000e+00  0.00000e+00  1.66347e-06
0207  4.87708e+18  1.78659e+03  3.03936e+06  9.93201e-19  0.00000e+00  0.00000e+00  1.65093e-06
0208  4.89549e+18  1.78293e+03  3.05029e+06  9.76827e-19  0.00000e+00  0.00000e+00  1.63853e-06
0209  4.91391e+18  1.77922e+03  3.06115e+06  9.60776e-19  0.00000e+00  0.00000e+00  1.62627e-06
0210  4.93232e+18  1.77549e+03  3.07196e+06  9.45031e-19  0.00000e+00  0.00000e+00  1.61415e-06
0211  4.95074e+18  1.77178e+03  3.08275e+06  9.29576e-19  0.00000e+00  0.00000e+00  1.60217e-06
0212  4.96915e+18  1.76810e+03  3.09357e+06  9.14394e-19  0.00000e+00  0.00000e+00  1.59031e-06
0213  4.98757e+18  1.76449e+03  3.10444e+06  8.99473e-19  0.00000e+00  0.00000e+00  1.57859e-06
0214  5.00598e+18  1.76095e+03  3.11538e+06  8.84805e-19  0.00000e+00  0.00000e+00  1.56700e-06
0215  5.02440e+18  1.75751e+03  3.12641e+06  8.70380e-19  0.00000e+00  0.00000e+00  1.55553e-06
0216  5.04282e+18  1.75417e+03  3.13754e+06  8.56193e-19  0.00000e+00  0.00000e+00  1.54419e-06
0217  5.06123e+18  1.75095e+03  3.14880e+06  8.42234e-19  0.00000e+00  0.00000e+00  1.53298e-06
0218  5.07965e+18  1.74784e+03  3.16020e+06  8.28499e-19  0.00000e+00  0.00000e+00  1.52188e-06
0219  5.09806e+18  1.74486e+03  3.17178e+06  8.14979e-19  0.00000e+00  0.00000e+00  1.51091e-06
0220  5.11648e+18  1.74203e+03  3.18358e+06  8.01664e-19  0.00000e+00  0.00000e+00  1.50005e-06
0221  5.13489e+18  1.73935e+03  3.19567e+06  7.88542e-19  0.00000e+00  0.00000e+00  1.48931e-06
0222  5.15331e+18  1.73678e+03  3.20795e+06  7.75627e-19  0.00000e+00  0.00000e+00  1.47868e-06
0223  5.17172e+18  1.73412e+03  3.22010e+06  7.62975e-19  0.00000e+00  0.00000e+00  1.46817e-06
0224  5.19014e+18  1.73137e+03  3.23214e+06  7.50529e-19  0.00000e+00  0.00000e+00  1.45777e-06
0225  5.20856e+18  1.72970e+03  3.24622e+06  7.37940e-19  0.00000e+00  0.00000e+00  1.44748e-06
0226  5.22697e+18  1.73148e+03  3.26689e+06  7.24534e-19  0.00000e+00  0.00000e+00  1.43730e-06
0227  5.24539e+18  1.73292e+03  3.28703e+06  7.11506e-19  0.00000e+00  0.00000e+00  1.42723e-06
0228  5.26380e+18  1.72265e+03  3.28494e+06  7.02142e-19  0.00000e+00  0.00000e+00  1.41726e-06
0229  5.28222e+18  1.70441e+03  3.26735e+06  6.95108e-19  0.00000e+00  0.00000e+00  1.40739e-06
0230  5.30063e+18  1.65126e+03  3.18195e+06  6.96986e-19  0.00000e+00  0.00000e+00  1.39763e-06
0231  5.31905e+18  1.46812e+03  2.84355e+06  7.21021e-19  0.00000e+00  0.00000e+00  1.38797e-06
0232  5.33746e+18  1.00671e+03  1.95846e+06  6.00923e-19  0.00000e+00  0.00000e+00  1.37841e-06
0233  5.35588e+18  4.50664e+02  8.77736e+05  6.23137e-19  0.00000e+00  0.00000e+00  1.36894e-06
0234  5.37430e+18  1.68972e+02  3.04558e+05 -9.20333e-18  0.00000e+00  0.00000e+00  1.35958e-06
0235  5.39271e+18  9.83849e+01  1.75494e+05 -2.21227e-17  0.00000e+00  0.00000e+00  1.35031e-06
0236  5.41113e+18  9.31077e+01  1.65823e+05 -2.89248e-18  0.00000e+00  0.00000e+00  1.34113e-06
0237  5.42954e+18  9.43730e+01  1.65962e+05  5.14544e-19  0.00000e+00  0.00000e+00  1.33205e-06
0238  5.44796e+18  9.96176e+01  1.69290e+05  1.46232e-18  0.00000e+00  0.00000e+00  1.32306e-06
0239  5.46637e+18  1.08765e+02  1.76146e+05  1.98895e-18  0.00000e+00  0.00000e+00  1.31416e-06
0240  5.48479e+18  1.22349e+02  1.88879e+05  2.00767e-18  0.00000e+00  0.00000e+00  1.30535e-06
0241  5.50320e+18  1.44484e+02  2.16066e+05  2.89892e-18  0.00000e+00  0.00000e+00  1.29663e-06
0242  5.52162e+18  1.83009e+02  2.66051e+05  6.09484e-18  0.00000e+00  0.00000e+00  1.28800e-06
0243  5.54004e+18  2.44343e+02  3.38219e+05  8.32714e-18  0.00000e+00  0.00000e+00  1.27945e-06
0244  5.55845e+18  3.22312e+02  4.19276e+05  7.31065e-18  0.00000e+00  0.00000e+00  1.27098e-06
0245  5.57687e+18  4.00463e+02  4.95270e+05  5.55573e-18  0.00000e+00  0.00000e+00  1.26260e-06
0246  5.59528e+18  4.68915e+02  5.59596e+05  4.30574e-18  0.00000e+00  0.00000e+00  1.25431e-06
0247  5.61370e+18  5.27245e+02  6.11990e+05  3.54255e-18  0.00000e+00  0.00000e+00  1.24609e-06
0248  5.63211e+18  5.77785e+02  6.54813e+05  3.02719e-18  0.00000e+00  0.00000e+00  1.23795e-06
0249  5.65053e+18  6.22570e+02  6.90595e+05  2.65724e-18  0.00000e+00  0.00000e+00  1.22990e-06
0250  5.66894e+18  6.63194e+02  7.21461e+05  2.38015e-18  0.00000e+00  0.00000e+00  1.22192e-06
0251  5.68736e+18  7.00880e+02  7.48856e+05  2.18625e-18  0.00000e+00  0.00000e+00  1.21402e-06
0252  5.70578e+18  7.36350e+02  7.73552e+05  2.02189e-18  0.00000e+00  0.00000e+00  1.20620e-06
0253  5.72419e+18  7.69996e+02  7.96067e+05  1.88074e-18  0.00000e+00  0.00000e+00  1.19845e-06
0254  5.74261e+18  8.02113e+02  8.16811e+05  1.76160e-18  0.00000e+00  0.00000e+00  1.19077e-06
0255  5.76102e+18  8.32945e+02  8.36065e+05  1.65921e-18  0.00000e+00  0.00000e+00  1.18317e-06
0256  5.77944e+18  8.62650e+02  8.54020e+05  1.56800e-18  0.00000e+00  0.00000e+00  1.17565e-06
0257  5.79785e+18  8.91307e+02  8.70804e+05  1.48566e-18  0.00000e+00  0.00000e+00  1.16819e-06
0258  5.81627e+18  9.19019e+02  8.86545e+05  1.41091e-18  0.00000e+00  0.00000e+00  1.16080e-06
0259  5.83468e+18  9.46006e+02  9.01522e+05  1.35602e-18  0.00000e+00  0.00000e+00  1.15349e-06
0260  5.85310e+18  9.72434e+02  9.15767e+05  1.29940e-18  0.00000e+00  0.00000e+00  1.14624e-06
0261  5.87152e+18  9.98300e+02  9.29335e+05  1.24648e-18  0.00000e+00  0.00000e+00  1.13906e-06
0262  5.88993e+18  1.02360e+03  9.42280e+05  1.19693e-18  0.00000e+00  0.00000e+00  1.13195e-06
0263  5.90835e+18  1.04838e+03  9.54671e+05  1.15192e-18  0.00000e+00  0.00000e+00  1.12490e-06
0264  5.92676e+18  1.07270e+03  9.66545e+05  1.11069e-18  0.00000e+00  0.00000e+00  1.11792e-06
0265  5.94518e+18  1.09658e+03  9.77949e+05  1.07133e-18  0.00000e+00  0.00000e+00  1.11101e-06
0266  5.96359e+18  1.12009e+03  9.88943e+05  1.03654e-18  0.00000e+00  0.00000e+00  1.10416e-06
0267  5.98201e+18  1.14325e+03  9.99555e+05  1.00335e-18  0.00000e+00  0.00000e+00  1.09737e-06
0268  6.00043e+18  1.16608e+03  1.00981e+06  9.71675e-19  0.00000e+00  0.00000e+00  1.09065e-06
0269  6.01884e+18  1.18859e+03  1.01973e+06  9.41423e-19  0.00000e+00  0.00000e+00  1.08398e-06
0270  6.03726e+18  1.21076e+03  1.02932e+06  9.12528e-19  0.00000e+00  0.00000e+00  1.07738e-06
0271  6.05567e+18  1.23262e+03  1.03859e+06  8.84922e-19  0.00000e+00  0.00000e+00  1.07084e-06
0272  6.07409e+18  1.25419e+03  1.04760e+06  8.59895e-19  0.00000e+00  0.00000e+00  1.06435e-06
0273  6.09250e+18  1.27554e+03  1.05637e+06  8.38201e-19  0.00000e+00  0.00000e+00  1.05793e-06
0274  6.11092e+18  1.29671e+03  1.06492e+06  8.17109e-19  0.00000e+00  0.00000e+00  1.05156e-06
0275  6.12933e+18  1.31770e+03  1.07325e+06  7.96612e-19  0.00000e+00  0.00000e+00  1.04525e-06
0276  6.14775e+18  1.33850e+03  1.08137e+06  7.76708e-19  0.00000e+00  0.00000e+00  1.03900e-06
0277  6.16617e+18  1.35911e+03  1.08929e+06  7.57389e-19  0.00000e+00  0.00000e+00  1.03280e-06
0278  6.18458e+18  1.37952e+03  1.09702e+06  7.38646e-19  0.00000e+00  0.00000e+00  1.02666e-06
0279  6.20300e+18  1.39973e+03  1.10456e+06  7.20468e-19  0.00000e+00  0.00000e+00  1.02057e-06
0280  6.22141e+18  1.41974e+03  1.11192e+06  7.02845e-19  0.00000e+00  0.00000e+00  1.01454e-06
0281  6.23983e+18  1.43955e+03  1.11911e+06  6.85761e-19  0.00000e+00  0.00000e+00  1.00856e-06
0282  6.25824e+18  1.45916e+03  1.12613e+06  6.69203e-19  0.00000e+00  0.00000e+00  1.00263e-06
0283  6.27666e+18  1.47856e+03  1.13298e+06  6.53158e-19  0.00000e+00  0.00000e+00  9.96760e-07
0284  6.29507e+18  1.49777e+03  1.13969e+06  6.37606e-19  0.00000e+00  0.00000e+00  9.90937e-07
0285  6.31349e+18  1.51679e+03  1.14626e+06  6.23241e-19  0.00000e+00  0.00000e+00  9.85164e-07
0286  6.33191e+18  1.53565e+03  1.15270e+06  6.09378e-19  0.00000e+00  0.00000e+00  9.79442e-07
0287  6.35032e+18  1.55434e+03  1.15902e+06  5.95881e-19  0.00000e+00  0.00000e+00  9.73770e-07
0288  6.36874e+18  1.57288e+03  1.16523e+06  5.82741e-19  0.00000e+00  0.00000e+00  9.68146e-07
0289  6.38715e+18  1.59125e+03  1.17132e+06  5.69952e-19  0.00000e+00  0.00000e+00  9.62572e-07
0290  6.40557e+18  1.60946e+03  1.17732e+06  5.57505e-19  0.00000e+00  0.00000e+00  9.57045e-07
0291  6.42398e+18  1.62751e+03  1.18321e+06  5.45394e-19  0.00000e+00  0.00000e+00  9.51566e-07
0292  6.44240e+18  1.64539e+03  1.18900e+06  5.33611e-19  0.00000e+00  0.00000e+00  9.46133e-07
0293  6.46081e+18  1.66309e+03  1.19471e+06  5.22147e-19  0.00000e+00  0.00000e+00  9.40747e-07
0294  6.47923e+18  1.68063e+03  1.20032e+06  5.10995e-19  0.00000e+00  0.00000e+00  9.35407e-07
0295  6.49765e+18  1.69800e+03  1.20584e+06  5.00146e-19  0.00000e+00  0.00000e+00  9.30113e-07
0296  6.51606e+18  1.71520e+03  1.21128e+06  4.89594e-19  0.00000e+00  0.00000e+00  9.24863e-07
0297  6.53448e+18  1.73222e+03  1.21664e+06  4.79331e-19  0.00000e+00  0.00000e+00  9.19657e-07
0298  6.55289e+18  1.74906e+03  1.22192e+06  4.69348e-19  0.00000e+00  0.00000e+00  9.14495e-07
0299  6.57131e+18  1.76572e+03  1.22712e+06  4.59638e-19  0.00000e+00  0.00000e+00  9.09377e-07
0300  6.58972e+18  1.78221e+03  1.23225e+06  4.50193e-19  0.00000e+00  0.00000e+00  9.04301e-07
0301  6.60814e+18  1.79851e+03  1.23730e+06  4.41010e-19  0.00000e+00  0.00000e+00  8.99268e-07
0302  6.62655e+18  1.81462e+03  1.24228e+06  4.31902e-19  0.00000e+00  0.00000e+00  8.94277e-07
0303  6.64497e+18  1.83057e+03  1.24721e+06  4.24072e-19  0.00000e+00  0.00000e+00  8.89327e-07
0304  6.66339e+18  1.84640e+03  1.25207e+06  4.16405e-19  0.00000e+00  0.00000e+00  8.84418e-07
0305  6.68180e+18  1.86210e+03  1.25689e+06  4.08898e-19  0.00000e+00  0.00000e+00  8.79550e-07
0306  6.70022e+18  1.87766e+03  1.26164e+06  4.01551e-19  0.00000e+00  0.00000e+00  8.74722e-07
0307  6.71863e+18  1.89308e+03  1.26635e+06  3.94361e-19  0.00000e+00  0.00000e+00  8.69933e-07
0308  6.73705e+18  1.90835e+03  1.27101e+06  3.87326e-19  0.00000e+00  0.00000e+00  8.65184e-07
0309  6.75546e+18  1.92347e+03  1.27561e+06  3.80446e-19  0.00000e+00  0.00000e+00  8.60473e-07
0310  6.77388e+18  1.93844e+03  1.28016e+06  3.73717e-19  0.00000e+00  0.00000e+00  8.55801e-07
0311  6.79229e+18  1.95325e+03  1.28467e+06  3.67138e-19  0.00000e+00  0.00000e+00  8.51167e-07
0312  6.81071e+18  1.96788e+03  1.28912e+06  3.60706e-19  0.00000e+00  0.00000e+00  8.46570e-07
0313  6.82913e+18  1.98235e+03  1.29352e+06  3.54420e-19  0.00000e+00  0.00000e+00  8.42010e-07
0314  6.84754e+18  1.99664e+03  1.29787e+06  3.48277e-19  0.00000e+00  0.00000e+00  8.37487e-07
0315  6.86596e+18  2.01074e+03  1.30217e+06  3.42275e-19  0.00000e+00  0.00000e+00  8.33001e-07
0316  6.88437e+18  2.02466e+03  1.30642e+06  3.36412e-19  0.00000e+00  0.00000e+00  8.28550e-07
0317  6.90279e+18  2.03839e+03  1.31062e+06  3.30685e-19  0.00000e+00  0.00000e+00  8.24135e-07
0318  6.92120e+18  2.05192e+03  1.31476e+06  3.25092e-19  0.00000e+00  0.00000e+00  8.19755e-07
0319  6.93962e+18  2.06525e+03  1.31885e+06  3.19630e-19  0.00000e+00  0.00000e+00  8.15410e-07
0320  6.95803e+18  2.07837e+03  1.32288e+06  3.14298e-19  0.00000e+00  0.00000e+00  8.11100e-07
0321  6.97645e+18  2.09128e+03  1.32685e+06  3.09092e-19  0.00000e+00  0.00000e+00  8.06824e-07
0322  6.99487e+18  2.10396e+03  1.33076e+06  3.04012e-19  0.00000e+00  0.00000e+00  8.02581e-07
0323  7.01328e+18  2.11642e+03  1.33460e+06  2.99055e-19  0.00000e+00  0.00000e+00  7.98371e-07
0324  7.03170e+18  2.12864e+03  1.33838e+06  2.94219e-19  0.00000e+00  0.00000e+00  7.94195e-07
0325  7.05011e+18  2.14062e+03  1.34209e+06  2.89363e-19  0.00000e+00  0.00000e+00  7.90052e-07
0326  7.06853e+18  2.15238e+03  1.34575e+06  2.84822e-19  0.00000e+00  0.00000e+00  7.85940e-07
0327  7.08694e+18  2.16391e+03  1.34935e+06  2.80386e-19  0.00000e+00  0.00000e+00  7.81861e-07
0328  7.10536e+18  2.17522e+03  1.35291e+06  2.76097e-19  0.00000e+00  0.00000e+00  7.77813e-07
0329  7.12378e+18  2.18631e+03  1.35641e+06  2.71978e-19  0.00000e+00  0.00000e+00  7.73797e-07
0330  7.14219e+18  2.19718e+03  1.35986e+06  2.67949e-19  0.00000e+00  0.00000e+00  7.69812e-07
0331  7.16061e+18  2.20782e+03  1.36325e+06  2.64009e-19  0.00000e+00  0.00000e+00  7.65858e-07
0332  7.17902e+18  2.21824e+03  1.36659e+06  2.60156e-19  0.00000e+00  0.00000e+00  7.61933e-07
0333  7.19744e+18  2.22843e+03  1.36987e+06  2.56389e-19  0.00000e+00  0.00000e+00  7.58039e-07
0334  7.21585e+18  2.23839e+03  1.37309e+06  2.52705e-19  0.00000e+00  0.00000e+00  7.54175e-07
0335  7.23427e+18  2.24813e+03  1.37626e+06  2.49102e-19  0.00000e+00  0.00000e+00  7.50340e-07
0336  7.25268e+18  2.25764e+03  1.37937e+06  2.45578e-19  0.00000e+00  0.00000e+00  7.46535e-07
0337  7.27110e+18  2.26692e+03  1.38244e+06  2.42132e-19  0.00000e+00  0.00000e+00  7.42758e-07
0338  7.28952e+18  2.27598e+03  1.38545e+06  2.38761e-19  0.00000e+00  0.00000e+00  7.39010e-07
0339  7.30793e+18  2.28482e+03  1.38841e+06  2.35464e-19  0.00000e+00  0.00000e+00  7.35290e-07
0340  7.32635e+18  2.29344e+03  1.39134e+06  2.32238e-19  0.00000e+00  0.00000e+00  7.31598e-07
0341  7.34476e+18  2.30183e+03  1.39422e+06  2.29082e-19  0.00000e+00  0.00000e+00  7.27934e-07
0342  7.36318e+18  2.31001e+03  1.39707e+06  2.25994e-19  0.00000e+00  0.00000e+00  7.24298e-07
0343  7.38159e+18  2.31798e+03  1.39989e+06  2.22971e-19  0.00000e+00  0.00000e+00  7.20688e-07
0344  7.40001e+18  2.32574e+03  1.40267e+06  2.20011e-19  0.00000e+00  0.00000e+00  7.17106e-07
0345  7.41842e+18  2.33329e+03  1.40543e+06  2.17113e-19  0.00000e+00  0.00000e+00  7.13550e-07
0346  7.43684e+18  2.34065e+03  1.40817e+06  2.14275e-19  0.00000e+00  0.00000e+00  7.10020e-07
0347  7.45526e+18  2.34782e+03  1.41088e+06  2.11495e-19  0.00000e+00  0.00000e+00  7.06517e-07
0348  7.47367e+18  2.35480e+03  1.41357e+06  2.08770e-19  0.00000e+00  0.00000e+00  7.03039e-07
0349  7.49209e+18  2.36161e+03  1.41624e+06  2.06099e-19  0.00000e+00  0.00000e+00  6.99587e-07
0350  7.51050e+18  2.36825e+03  1.41890e+06  2.03481e-19  0.00000e+00  0.00000e+00  6.96161e-07
0351  7.52892e+18  2.37472e+03  1.42155e+06  2.00913e-19  0.00000e+00  0.00000e+00  6.92759e-07
0352  7.54733e+18  2.38103e+03  1.42419e+06  1.98395e-19  0.00000e+00  0.00000e+00  6.89383e-07
0353  7.56575e+18  2.38718e+03  1.42683e+06  1.95924e-19  0.00000e+00  0.00000e+00  6.86031e-07
0354  7.58416e+18  2.39318e+03  1.42946e+06  1.93500e-19  0.00000e+00  0.00000e+00  6.82703e-07
0355  7.60258e+18  2.39902e+03  1.43209e+06  1.91122e-19  0.00000e+00  0.00000e+00  6.79400e-07
0356  7.62100e+18  2.40470e+03  1.43473e+06  1.88787e-19  0.00000e+00  0.00000e+00  6.76121e-07
0357  7.63941e+18  2.41023e+03  1.43738e+06  1.86496e-19  0.00000e+00  0.00000e+00  6.72865e-07
0358  7.65783e+18  2.41561e+03  1.44003e+06  1.84246e-19  0.00000e+00  0.00000e+00  6.69632e-07
0359  7.67624e+18  2.42084e+03  1.44270e+06  1.82038e-19  0.00000e+00  0.00000e+00  6.66423e-07
0360  7.69466e+18  2.42594e+03  1.44537e+06  1.79869e-19  0.00000e+00  0.00000e+00  6.63237e-07
0361  7.71307e+18  2.43089e+03  1.44805e+06  1.77738e-19  0.00000e+00  0.00000e+00  6.60074e-07
0362  7.73149e+18  2.43572e+03  1.45075e+06  1.75645e-19  0.00000e+00  0.00000e+00  6.56933e-07
0363  7.74990e+18  2.44043e+03  1.45345e+06  1.73588e-19  0.00000e+00  0.00000e+00  6.53815e-07
0364  7.76832e+18  2.44501e+03  1.45617e+06  1.71567e-19  0.00000e+00  0.00000e+00  6.50719e-07
0365  7.78674e+18  2.44947e+03  1.45889e+06  1.69580e-19  0.00000e+00  0.00000e+00  6.47644e-07
0366  7.80515e+18  2.45381e+03  1.46162e+06  1.67627e-19  0.00000e+00  0.00000e+00  6.44592e-07
0367  7.82357e+18  2.45803e+03  1.46437e+06  1.65708e-19  0.00000e+00  0.00000e+00  6.41561e-07
0368  7.84198e+18  2.46212e+03  1.46712e+06  1.63822e-19  0.00000e+00  0.00000e+00  6.38551e-07
0369  7.86040e+18  2.46608e+03  1.46990e+06  1.61968e-19  0.00000e+00  0.00000e+00  6.35563e-07
0370  7.87881e+18  2.46990e+03  1.47269e+06  1.60146e-19  0.00000e+00  0.00000e+00  6.32595e-07
0371  7.89723e+18  2.47358e+03  1.47550e+06  1.58356e-19  0.00000e+00  0.00000e+00  6.29648e-07
0372  7.91564e+18  2.47712e+03  1.47833e+06  1.56597e-19  0.00000e+00  0.00000e+00  6.26722e-07
0373  7.93406e+18  2.48052e+03  1.48119e+06  1.54868e-19  0.00000e+00  0.00000e+00  6.23816e-07
0374  7.95248e+18  2.48377e+03  1.48406e+06  1.53170e-19  0.00000e+00  0.00000e+00  6.20930e-07
0375  7.97089e+18  2.48688e+03  1.48695e+06  1.51501e-19  0.00000e+00  0.00000e+00  6.18064e-07
0376  7.98931e+18  2.48985e+03  1.48985e+06  1.49860e-19  0.00000e+00  0.00000e+00  6.15218e-07
0377  8.00772e+18  2.49268e+03  1.49278e+06  1.48248e-19  0.00000e+00  0.00000e+00  6.12392e-07
0378  8.02614e+18  2.49538e+03  1.49571e+06  1.46663e-19  0.00000e+00  0.00000e+00  6.09585e-07
0379  8.04455e+18  2.49794e+03  1.49867e+06  1.45105e-19  0.00000e+00  0.00000e+00  6.06797e-07
0380  8.06297e+18  2.50036e+03  1.50163e+06  1.43573e-19  0.00000e+00  0.00000e+00  6.04029e-07
0381  8.08139e+18  2.50264e+03  1.50461e+06  1.42068e-19  0.00000e+00  0.00000e+00  6.01279e-07
0382  8.09980e+18  2.50478e+03  1.50760e+06  1.40589e-19  0.00000e+00  0.00000e+00  5.98548e-07
0383  8.11822e+18  2.50679e+03  1.51059e+06  1.39134e-19  0.00000e+00  0.00000e+00  5.95835e-07
0384  8.13663e+18  2.50869e+03  1.51358e+06  1.37703e-19  0.00000e+00  0.00000e+00  5.93141e-07
0385  8.15505e+18  2.51047e+03  1.51657e+06  1.36295e-19  0.00000e+00  0.00000e+00  5.90466e-07
0386  8.17346e+18  2.51217e+03  1.51955e+06  1.34910e-19  0.00000e+00  0.00000e+00  5.87808e-07
0387  8.19188e+18  2.51379e+03  1.52250e+06  1.33546e-19  0.00000e+00  0.00000e+00  5.85168e-07
0388  8.21029e+18  2.51534e+03  1.52542e+06  1.32202e-19  0.00000e+00  0.00000e+00  5.82546e-07
0389  8.22871e+18  2.51684e+03  1.52831e+06  1.30878e-19  0.00000e+00  0.00000e+00  5.79941e-07
0390  8.24713e+18  2.51827e+03  1.53117e+06  1.29574e-19  0.00000e+00  0.00000e+00  5.77354e-07
0391  8.26554e+18  2.51964e+03  1.53400e+06  1.28289e-19  0.00000e+00  0.00000e+00  5.74784e-07
0392  8.28396e+18  2.52092e+03  1.53680e+06  1.27025e-19  0.00000e+00  0.00000e+00  5.72232e-07
0393  8.30237e+18  2.52209e+03  1.53958e+06  1.25780e-19  0.00000e+00  0.00000e+00  5.69696e-07
0394  8.32079e+18  2.52311e+03  1.54237e+06  1.24558e-19  0.00000e+00  0.00000e+00  5.67177e-07
0395  8.33920e+18  2.52393e+03  1.54517e+06  1.23358e-19  0.00000e+00  0.00000e+00  5.64675e-07
0396  8.35762e+18  2.52453e+03  1.54800e+06  1.22181e-19  0.00000e+00  0.00000e+00  5.62189e-07
0397  8.37603e+18  2.52484e+03  1.55090e+06  1.21029e-19  0.00000e+00  0.00000e+00  5.59720e-07
0398  8.39445e+18  2.52492e+03  1.55383e+06  1.19899e-19  0.00000e+00  0.00000e+00  5.57267e-07
0399  8.41287e+18  2.52485e+03  1.55676e+06  1.18788e-19  0.00000e+00  0.00000e+00  5.54830e-07
0400  8.43128e+18  2.52458e+03  1.55973e+06  1.17698e-19  0.00000e+00  0.00000e+00  5.52409e-07
0401  8.44970e+18  2.52404e+03  1.56275e+06  1.16629e-19  0.00000e+00  0.00000e+00  5.50003e-07
0402  8.46811e+18  2.52322e+03  1.56585e+06  1.15583e-19  0.00000e+00  0.00000e+00  5.47614e-07
0403  8.48653e+18  2.52218e+03  1.56899e+06  1.14556e-19  0.00000e+00  0.00000e+00  5.45240e-07
0404  8.50494e+18  2.52101e+03  1.57214e+06  1.13547e-19  0.00000e+00  0.00000e+00  5.42881e-07
0405  8.52336e+18  2.51980e+03  1.57527e+06  1.12557e-19  0.00000e+00  0.00000e+00  5.40538e-07
0406  8.54177e+18  2.51862e+03  1.57834e+06  1.11577e-19  0.00000e+00  0.00000e+00  5.38209e-07
0407  8.56019e+18  2.51752e+03  1.58133e+06  1.10606e-19  0.00000e+00  0.00000e+00  5.35896e-07
0408  8.57861e+18  2.51653e+03  1.58425e+06  1.09644e-19  0.00000e+00  0.00000e+00  5.33598e-07
0409  8.59702e+18  2.51562e+03  1.58708e+06  1.08689e-19  0.00000e+00  0.00000e+00  5.31314e-07
0410  8.61544e+18  2.51481e+03  1.58984e+06  1.07743e-19  0.00000e+00  0.00000e+00  5.29045e-07
0411  8.63385e+18  2.51420e+03  1.59248e+06  1.06802e-19  0.00000e+00  0.00000e+00  5.26791e-07
0412  8.65227e+18  2.51371e+03  1.59504e+06  1.05867e-19  0.00000e+00  0.00000e+00  5.24551e-07
0413  8.67068e+18  2.51331e+03  1.59753e+06  1.04941e-19  0.00000e+00  0.00000e+00  5.22325e-07
0414  8.68910e+18  2.51299e+03  1.59995e+06  1.04023e-19  0.00000e+00  0.00000e+00  5.20113e-07
0415  8.70751e+18  2.51275e+03  1.60232e+06  1.03113e-19  0.00000e+00  0.00000e+00  5.17916e-07
0416  8.72593e+18  2.51261e+03  1.60461e+06  1.02211e-19  0.00000e+00  0.00000e+00  5.15732e-07
0417  8.74435e+18  2.51258e+03  1.60683e+06  1.01316e-19  0.00000e+00  0.00000e+00  5.13562e-07
0418  8.76276e+18  2.51266e+03  1.60898e+06  1.00427e-19  0.00000e+00  0.00000e+00  5.11406e-07
0419  8.78118e+18  2.51287e+03  1.61105e+06  9.95452e-20  0.00000e+00  0.00000e+00  5.09263e-07
0420  8.79959e+18  2.51321e+03  1.61304e+06  9.86695e-20  0.00000e+00  0.00000e+00  5.07134e-07
0421  8.81801e+18  2.51367e+03  1.61495e+06  9.78003e-20  0.00000e+00  0.00000e+00  5.05018e-07
0422  8.83642e+18  2.51424e+03  1.61680e+06  9.69381e-20  0.00000e+00  0.00000e+00  5.02915e-07
0423  8.85484e+18  2.51490e+03  1.61858e+06  9.60831e-20  0.00000e+00  0.00000e+00  5.00825e-07
0424  8.87326e+18  2.51563e+03  1.62031e+06  9.52359e-20  0.00000e+00  0.00000e+00  4.98749e-07
0425  8.89167e+18  2.51641e+03  1.62199e+06  9.43966e-20  0.00000e+00  0.00000e+00  4.96685e-07
0426  8.91009e+18  2.51725e+03  1.62363e+06  9.35655e-20  0.00000e+00  0.00000e+00  4.94634e-07
0427  8.92850e+18  2.51812e+03  1.62523e+06  9.27427e-20  0.00000e+00  0.00000e+00  4.92595e-07
0428  8.94692e+18  2.51904e+03  1.62678e+06  9.19280e-20  0.00000e+00  0.00000e+00  4.90570e-07
0429  8.96533e+18  2.51999e+03  1.62829e+06  9.11215e-20  0.00000e+00  0.00000e+00  4.88556e-07
0430  8.98375e+18  2.52098e+03  1.62976e+06  9.03232e-20  0.00000e+00  0.00000e+00  4.86555e-07
0431  9.00216e+18  2.52200e+03  1.63120e+06  8.95328e-20  0.00000e+00  0.00000e+00  4.84567e-07
0432  9.02058e+18  2.52305e+03  1.63259e+06  8.87504e-20  0.00000e+00  0.00000e+00  4.82590e-07
0433  9.03900e+18  2.52415e+03  1.63394e+06  8.79760e-20  0.00000e+00  0.00000e+00  4.80626e-07
0434  9.05741e+18  2.52527e+03  1.63524e+06  8.72093e-20  0.00000e+00  0.00000e+00  4.78674e-07
0435  9.07583e+18  2.52642e+03  1.63651e+06  8.64505e-20  0.00000e+00  0.00000e+00  4.76733e-07
0436  9.09424e+18  2.52760e+03  1.63774e+06  8.56995e-20  0.00000e+00  0.00000e+00  4.74804e-07
0437  9.11266e+18  2.52880e+03  1.63893e+06  8.49562e-20  0.00000e+00  0.00000e+00  4.72887e-07
0438  9.13107e+18  2.53003e+03  1.64008e+06  8.42205e-20  0.00000e+00  0.00000e+00  4.70982e-07
0439  9.14949e+18  2.53128e+03  1.64120e+06  8.34925e-20  0.00000e+00  0.00000e+00  4.69088e-07
0440  9.16790e+18  2.53256e+03  1.64227e+06  8.27719e-20  0.00000e+00  0.00000e+00  4.67205e-07
0441  9.18632e+18  2.53385e+03  1.64331e+06  8.20589e-20  0.00000e+00  0.00000e+00  4.65334e-07
0442  9.20474e+18  2.53516e+03  1.64432e+06  8.13533e-20  0.00000e+00  0.00000e+00  4.63474e-07
0443  9.22315e+18  2.53649e+03  1.64529e+06  8.06551e-20  0.00000e+00  0.00000e+00  4.61625e-07
0444  9.24157e+18  2.53783e+03  1.64623e+06  7.99641e-20  0.00000e+00  0.00000e+00  4.59787e-07
0445  9.25998e+18  2.53919e+03  1.64713e+06  7.92804e-20  0.00000e+00  0.00000e+00  4.57960e-07
0446  9.27840e+18  2.54056e+03  1.64801e+06  7.86037e-20  0.00000e+00  0.00000e+00  4.56144e-07
0447  9.29681e+18  2.54194e+03  1.64886e+06  7.79341e-20  0.00000e+00  0.00000e+00  4.54338e-07
0448  9.31523e+18  2.54334e+03  1.64968e+06  7.72714e-20  0.00000e+00  0.00000e+00  4.52544e-07
0449  9.33364e+18  2.54474e+03  1.65047e+06  7.66156e-20  0.00000e+00  0.00000e+00  4.50760e-07
0450  9.35206e+18  2.54616e+03  1.65124e+06  7.59665e-20  0.00000e+00  0.00000e+00  4.48986e-07
0451  9.37048e+18  2.54759e+03  1.65199e+06  7.53242e-20  0.00000e+00  0.00000e+00  4.47223e-07
0452  9.38889e+18  2.54902e+03  1.65272e+06  7.46885e-20  0.00000e+00  0.00000e+00  4.45470e-07
0453  9.40731e+18  2.55047e+03  1.65342e+06  7.40594e-20  0.00000e+00  0.00000e+00  4.43728e-07
0454  9.42572e+18  2.55191e+03  1.65411e+06  7.34367e-20  0.00000e+00  0.00000e+00  4.41996e-07
0455  9.44414e+18  2.55337e+03  1.65479e+06  7.28205e-20  0.00000e+00  0.00000e+00  4.40274e-07
0456  9.46255e+18  2.55482e+03  1.65544e+06  7.22106e-20  0.00000e+00  0.00000e+00  4.38562e-07
0457  9.48097e+18  2.55628e+03  1.65609e+06  7.16070e-20  0.00000e+00  0.00000e+00  4.36860e-07
0458  9.49939e+18  2.55774e+03  1.65672e+06  7.10097e-20  0.00000e+00  0.00000e+00  4.35168e-07
0459  9.51780e+18  2.55920e+03  1.65734e+06  7.04186e-20  0.00000e+00  0.00000e+00  4.33485e-07
0460  9.53622e+18  2.56065e+03  1.65795e+06  6.98337e-20  0.00000e+00  0.00000e+00  4.31813e-07
0461  9.55463e+18  2.56211e+03  1.65854e+06  6.92549e-20  0.00000e+00  0.00000e+00  4.30150e-07
0462  9.57305e+18  2.56355e+03  1.65913e+06  6.86822e-20  0.00000e+00  0.00000e+00  4.28496e-07
0463  9.59146e+18  2.56499e+03  1.65970e+06  6.81155e-20  0.00000e+00  0.00000e+00  4.26853e-07
0464  9.60988e+18  2.56642e+03  1.66027e+06  6.75547e-20  0.00000e+00  0.00000e+00  4.25218e-07
0465  9.62829e+18  2.56784e+03  1.66082e+06  6.69999e-20  0.00000e+00  0.00000e+00  4.23593e-07
0466  9.64671e+18  2.56926e+03  1.66137e+06  6.64509e-20  0.00000e+00  0.00000e+00  4.21977e-07
0467  9.66513e+18  2.57067e+03  1.66191e+06  6.59075e-20  0.00000e+00  0.00000e+00  4.20371e-07
0468  9.68354e+18  2.57207e+03  1.66244e+06  6.53698e-20  0.00000e+00  0.00000e+00  4.18773e-07
0469  9.70196e+18  2.57347e+03  1.66297e+06  6.48375e-20  0.00000e+00  0.00000e+00  4.17185e-07
0470  9.72037e+18  2.57487e+03  1.66349e+06  6.43104e-20  0.00000e+00  0.00000e+00  4.15606e-07
0471  9.73879e+18  2.57627e+03  1.66402e+06  6.37886e-20  0.00000e+00  0.00000e+00  4.14036e-07
0472  9.75720e+18  2.57768e+03  1.66454e+06  6.32719e-20  0.00000e+00  0.00000e+00  4.12474e-07
0473  9.77562e+18  2.57908e+03  1.66507e+06  6.27601e-20  0.00000e+00  0.00000e+00  4.10922e-07
0474  9.79403e+18  2.58049e+03  1.66559e+06  6.22534e-20  0.00000e+00  0.00000e+00  4.09378e-07
0475  9.81245e+18  2.58190e+03  1.66612e+06  6.17516e-20  0.00000e+00  0.00000e+00  4.07843e-07
0476  9.83087e+18  2.58330e+03  1.66664e+06  6.12549e-20  0.00000e+00  0.00000e+00  4.06316e-07
0477  9.84928e+18  2.58470e+03  1.66716e+06  6.07632e-20  0.00000e+00  0.00000e+00  4.04798e-07
0478  9.86770e+18  2.58608e+03  1.66767e+06  6.02765e-20  0.00000e+00  0.00000e+00  4.03289e-07
0479  9.88611e+18  2.58746e+03  1.66818e+06  5.97947e-20  0.00000e+00  0.00000e+00  4.01788e-07
0480  9.90453e+18  2.58884e+03  1.66869e+06  5.93178e-20  0.00000e+00  0.00000e+00  4.00295e-07
0481  9.92294e+18  2.59021e+03  1.66920e+06  5.88455e-20  0.00000e+00  0.00000e+00  3.98810e-07
0482  9.94136e+18  2.59160e+03  1.66971e+06  5.83775e-20  0.00000e+00  0.00000e+00  3.97334e-07
0483  9.95977e+18  2.59300e+03  1.67025e+06  5.79134e-20  0.00000e+00  0.00000e+00  3.95866e-07
0484  9.97819e+18  2.59444e+03  1.67081e+06  5.74528e-20  0.00000e+00  0.00000e+00  3.94406e-07
0485  9.99661e+18  2.59593e+03  1.67140e+06  5.69953e-20  0.00000e+00  0.00000e+00  3.92955e-07
0486  1.00150e+19  2.59749e+03  1.67205e+06  5.65405e-20  0.00000e+00  0.00000e+00  3.91511e-07
0487  1.00334e+19  2.59913e+03  1.67275e+06  5.60880e-20  0.00000e+00  0.00000e+00  3.90075e-07
0488  1.00519e+19  2.60085e+03  1.67352e+06  5.56375e-20  0.00000e+00  0.00000e+00  3.88647e-07
0489  1.00703e+19  2.60268e+03  1.67436e+06  5.51888e-20  0.00000e+00  0.00000e+00  3.87227e-07
0490  1.00887e+19  2.60461e+03  1.67528e+06  5.47417e-20  0.00000e+00  0.00000e+00  3.85814e-07
0491  1.01071e+19  2.60665e+03  1.67628e+06  5.42963e-20  0.00000e+00  0.00000e+00  3.84410e-07
0492  1.01255e+19  2.60880e+03  1.67735e+06  5.38526e-20  0.00000e+00  0.00000e+00  3.83013e-07
0493  1.01439e+19  2.61104e+03  1.67849e+06  5.34107e-20  0.00000e+00  0.00000e+00  3.81623e-07
0494  1.01623e+19  2.61338e+03  1.67970e+06  5.28696e-20  0.00000e+00  0.00000e+00  3.80242e-07
0495  1.01808e+19  2.61577e+03  1.68097e+06  5.24470e-20  0.00000e+00  0.00000e+00  3.78867e-07
0496  1.01992e+19  2.61820e+03  1.68228e+06  5.20275e-20  0.00000e+00  0.00000e+00  3.77500e-07
0497  1.02176e+19  2.62065e+03  1.68363e+06  5.16115e-20  0.00000e+00  0.00000e+00  3.76141e-07
0498  1.02360e+19  2.62309e+03  1.68500e+06  5.11994e-20  0.00000e+00  0.00000e+00  3.74789e-07
0499  1.02544e+19  2.62549e+03  1.68635e+06  5.07919e-20  0.00000e+00  0.00000e+00  3.73444e-07
0500  1.02728e+19  2.62781e+03  1.68768e+06  5.03895e-20  0.00000e+00  0.00000e+00  3.72106e-07
0501  1.02913e+19  2.63001e+03  1.68894e+06  4.99929e-20  0.00000e+00  0.00000e+00  3.70775e-07
0502  1.03097e+19  2.63204e+03  1.69012e+06  4.96026e-20  0.00000e+00  0.00000e+00  3.69452e-07
0503  1.03281e+19  2.63387e+03  1.69118e+06  4.92195e-20  0.00000e+00  0.00000e+00  3.68136e-07
0504  1.03465e+19  2.63545e+03  1.69211e+06  4.88439e-20  0.00000e+00  0.00000e+00  3.66826e-07
0505  1.03649e+19  2.63675e+03  1.69286e+06  4.84764e-20  0.00000e+00  0.00000e+00  3.65524e-07
0506  1.03833e+19  2.63774e+03  1.69344e+06  4.81174e-20  0.00000e+00  0.00000e+00  3.64229e-07
0507  1.04017e+19  2.63839e+03  1.69381e+06  4.77670e-20  0.00000e+00  0.00000e+00  3.62940e-07
0508  1.04202e+19  2.63871e+03  1.69398e+06  4.74252e-20  0.00000e+00  0.00000e+00  3.61658e-07
0509  1.04386e+19  2.63869e+03  1.69395e+06  4.70920e-20  0.00000e+00  0.00000e+00  3.60383e-07
0510  1.04570e+19  2.63833e+03  1.69371e+06  4.67670e-20  0.00000e+00  0.00000e+00  3.59115e-07
0511  1.04754e+19  2.63767e+03  1.69328e+06  4.64497e-20  0.00000e+00  0.00000e+00  3.57854e-07
0512  1.04938e+19  2.63672e+03  1.69268e+06  4.61396e-20  0.00000e+00  0.00000e+00  3.56599e-07
0513  1.05122e+19  2.63554e+03  1.69193e+06  4.58358e-20  0.00000e+00  0.00000e+00  3.55350e-07
0514  1.05307e+19  2.63416e+03  1.69106e+06  4.55377e-20  0.00000e+00  0.00000e+00  3.54109e-07
0515  1.05491e+19  2.63262e+03  1.69010e+06  4.52445e-20  0.00000e+00  0.00000e+00  3.52873e-07
0516  1.05675e+19  2.63099e+03  1.68908e+06  4.49552e-20  0.00000e+00  0.00000e+00  3.51645e-07
0517  1.05859e+19  2.62929e+03  1.68802e+06  4.46693e-20  0.00000e+00  0.00000e+00  3.50422e-07
0518  1.06043e+19  2.62757e+03  1.68696e+06  4.43858e-20  0.00000e+00  0.00000e+00  3.49206e-07
0519  1.06227e+19  2.62588e+03  1.68592e+06  4.41044e-20  0.00000e+00  0.00000e+00  3.47996e-07
0520  1.06412e+19  2.62424e+03  1.68492e+06  4.38243e-20  0.00000e+00  0.00000e+00  3.46793e-07
0521  1.06596e+19  2.62269e+03  1.68398e+06  4.35453e-20  0.00000e+00  0.00000e+00  3.45596e-07
0522  1.06780e+19  2.62123e+03  1.68312e+06  4.32670e-20  0.00000e+00  0.00000e+00  3.44405e-07
0523  1.06964e+19  2.61988e+03  1.68233e+06  4.29893e-20  0.00000e+00  0.00000e+00  3.43220e-07
0524  1.07148e+19  2.61865e+03  1.68164e+06  4.27121e-20  0.00000e+00  0.00000e+00  3.42041e-07
0525  1.07332e+19  2.61753e+03  1.68102e+06  4.24354e-20  0.00000e+00  0.00000e+00  3.40868e-07
0526  1.07516e+19  2.61652e+03  1.68049e+06  4.21594e-20  0.00000e+00  0.00000e+00  3.39702e-07
0527  1.07701e+19  2.61561e+03  1.68003e+06  4.18842e-20  0.00000e+00  0.00000e+00  3.38541e-07
0528  1.07885e+19  2.61477e+03  1.67963e+06  4.16100e-20  0.00000e+00  0.00000e+00  3.37386e-07
0529  1.08069e+19  2.61400e+03  1.67929e+06  4.13373e-20  0.00000e+00  0.00000e+00  3.36237e-07
0530  1.08253e+19  2.61326e+03  1.67897e+06  4.10661e-20  0.00000e+00  0.00000e+00  3.35094e-07
0531  1.08437e+19  2.61254e+03  1.67868e+06  4.08789e-20  0.00000e+00  0.00000e+00  3.33957e-07
0532  1.08621e+19  2.61181e+03  1.67839e+06  4.06146e-20  0.00000e+00  0.00000e+00  3.32826e-07
0533  1.08806e+19  2.61106e+03  1.67810e+06  4.03528e-20  0.00000e+00  0.00000e+00  3.31700e-07
0534  1.08990e+19  2.61027e+03  1.67780e+06  4.00939e-20  0.00000e+00  0.00000e+00  3.30580e-07
0535  1.09174e+19  2.60942e+03  1.67747e+06  3.98381e-20  0.00000e+00  0.00000e+00  3.29466e-07
0536  1.09358e+19  2.60850e+03  1.67711e+06  3.95854e-20  0.00000e+00  0.00000e+00  3.28357e-07
0537  1.09542e+19  2.60752e+03  1.67671e+06  3.93359e-20  0.00000e+00  0.00000e+00  3.27254e-07
0538  1.09726e+19  2.60646e+03  1.67628e+06  3.90898e-20  0.00000e+00  0.00000e+00  3.26156e-07
0539  1.09910e+19  2.60532e+03  1.67580e+06  3.88468e-20  0.00000e+00  0.00000e+00  3.25064e-07
0540  1.10095e+19  2.60412e+03  1.67529e+06  3.86070e-20  0.00000e+00  0.00000e+00  3.23978e-07
0541  1.10279e+19  2.60286e+03  1.67475e+06  3.83701e-20  0.00000e+00  0.00000e+00  3.22897e-07
0542  1.10463e+19  2.60153e+03  1.67418e+06  3.81361e-20  0.00000e+00  0.00000e+00  3.21821e-07
0543  1.10647e+19  2.60015e+03  1.67358e+06  3.79048e-20  0.00000e+00  0.00000e+00  3.20751e-07
0544  1.10831e+19  2.59873e+03  1.67296e+06  3.76761e-20  0.00000e+00  0.00000e+00  3.19686e-07
0545  1.11015e+19  2.59727e+03  1.67233e+06  3.74497e-20  0.00000e+00  0.00000e+00  3.18626e-07
0546  1.11200e+19  2.59578e+03  1.67168e+06  3.72256e-20  0.00000e+00  0.00000e+00  3.17571e-07
0547  1.11384e+19  2.59426e+03  1.67103e+06  3.70035e-20  0.00000e+00  0.00000e+00  3.16522e-07
0548  1.11568e+19  2.59273e+03  1.67037e+06  3.67835e-20  0.00000e+00  0.00000e+00  3.15478e-07
0549  1.11752e+19  2.59118e+03  1.66970e+06  3.65654e-20  0.00000e+00  0.00000e+00  3.14439e-07
0550  1.11936e+19  2.58962e+03  1.66904e+06  3.63492e-20  0.00000e+00  0.00000e+00  3.13405e-07
0551  1.12120e+19  2.58806e+03  1.66836e+06  3.61347e-20  0.00000e+00  0.00000e+00  3.12377e-07
0552  1.12305e+19  2.58645e+03  1.66769e+06  3.59224e-20  0.00000e+00  0.00000e+00  3.11353e-07
0553  1.12489e+19  2.58503e+03  1.66700e+06  3.57095e-20  0.00000e+00  0.00000e+00  3.10335e-07
0554  1.12673e+19  2.58280e+03  1.66639e+06  3.55080e-20  0.00000e+00  0.00000e+00  3.09321e-07
0555  1.12857e+19  2.58513e+03  1.66531e+06  3.52540e-20  0.00000e+00  0.00000e+00  3.08312e-07
