# Athena++ data at time=1.783000e+13  cycle=1194791216  variables=uov 
# i       x1v         user_out_var0          user_out_var1          user_out_var2          user_out_var3          user_out_var4          user_out_var5      
0002  1.13875e+18  4.91745e+00  3.03478e+04  5.59999e-16  0.00000e+00  0.00000e+00  3.02826e-05
0003  1.15716e+18  1.03218e+01  4.00224e+04  8.70682e-17  0.00000e+00  0.00000e+00  2.93264e-05
0004  1.17558e+18  1.54636e+01  4.91676e+04  4.30157e-17  0.00000e+00  0.00000e+00  2.84148e-05
0005  1.19399e+18  2.23004e+01  6.13414e+04  6.27746e-17  0.00000e+00  0.00000e+00  2.75451e-05
0006  1.21241e+18  3.29235e+01  8.15990e+04  1.03476e-16  0.00000e+00  0.00000e+00  2.67147e-05
0007  1.23082e+18  5.31276e+01  1.23384e+05  1.29047e-16  0.00000e+00  0.00000e+00  2.59213e-05
0008  1.24924e+18  6.27572e+01  1.36872e+05  2.81812e-17  0.00000e+00  0.00000e+00  2.51628e-05
0009  1.26765e+18  6.77536e+01  1.43373e+05  2.26097e-17  0.00000e+00  0.00000e+00  2.44370e-05
0010  1.28607e+18  7.21109e+01  1.48194e+05  2.04176e-17  0.00000e+00  0.00000e+00  2.37422e-05
0011  1.30448e+18  7.54137e+01  1.50867e+05  1.48588e-17  0.00000e+00  0.00000e+00  2.30766e-05
0012  1.32290e+18  7.84609e+01  1.53364e+05  1.49510e-17  0.00000e+00  0.00000e+00  2.24386e-05
0013  1.34131e+18  8.15903e+01  1.55963e+05  1.49570e-17  0.00000e+00  0.00000e+00  2.18267e-05
0014  1.35973e+18  8.47007e+01  1.58586e+05  1.40253e-17  0.00000e+00  0.00000e+00  2.12395e-05
0015  1.37814e+18  8.75322e+01  1.60745e+05  1.22513e-17  0.00000e+00  0.00000e+00  2.06757e-05
0016  1.39656e+18  9.02154e+01  1.62802e+05  1.17374e-17  0.00000e+00  0.00000e+00  2.01340e-05
0017  1.41497e+18  9.28812e+01  1.64893e+05  1.14586e-17  0.00000e+00  0.00000e+00  1.96134e-05
0018  1.43339e+18  9.54909e+01  1.66991e+05  1.02843e-17  0.00000e+00  0.00000e+00  1.91126e-05
0019  1.45180e+18  9.74410e+01  1.67935e+05 -7.47694e-19  0.00000e+00  0.00000e+00  1.86309e-05
0020  1.47022e+18  9.97017e+01  1.69825e+05  1.02703e-17  0.00000e+00  0.00000e+00  1.81671e-05
0021  1.48863e+18  1.02341e+02  1.72117e+05  4.63430e-17  0.00000e+00  0.00000e+00  1.77204e-05
0022  1.50705e+18  1.04374e+02  1.73445e+05  7.54722e-18  0.00000e+00  0.00000e+00  1.72900e-05
0023  1.52546e+18  1.06316e+02  1.75006e+05  8.08459e-18  0.00000e+00  0.00000e+00  1.68750e-05
0024  1.54388e+18  1.08433e+02  1.76771e+05  8.32894e-18  0.00000e+00  0.00000e+00  1.64749e-05
0027  1.56229e+18  1.10560e+02  1.78616e+05  8.09565e-18  0.00000e+00  0.00000e+00  1.60888e-05
0028  1.58071e+18  1.12660e+02  1.80511e+05  7.90187e-18  0.00000e+00  0.00000e+00  1.57161e-05
0029  1.59912e+18  1.14756e+02  1.82480e+05  7.80400e-18  0.00000e+00  0.00000e+00  1.53562e-05
0030  1.61754e+18  1.16871e+02  1.84551e+05  7.77269e-18  0.00000e+00  0.00000e+00  1.50085e-05
0031  1.63595e+18  1.19028e+02  1.86756e+05  7.80382e-18  0.00000e+00  0.00000e+00  1.46726e-05
0032  1.65437e+18  1.21248e+02  1.89129e+05  7.85274e-18  0.00000e+00  0.00000e+00  1.43477e-05
0033  1.67278e+18  1.23486e+02  1.91614e+05  7.56221e-18  0.00000e+00  0.00000e+00  1.40336e-05
0034  1.69120e+18  1.25423e+02  1.93733e+05  6.49706e-18  0.00000e+00  0.00000e+00  1.37296e-05
0035  1.70961e+18  1.26978e+02  1.95486e+05  5.64852e-18  0.00000e+00  0.00000e+00  1.34354e-05
0036  1.72803e+18  1.28256e+02  1.96962e+05  5.18937e-18  0.00000e+00  0.00000e+00  1.31506e-05
0037  1.74644e+18  1.29517e+02  1.98537e+05  5.35139e-18  0.00000e+00  0.00000e+00  1.28747e-05
0038  1.76486e+18  1.30907e+02  2.00318e+05  5.59810e-18  0.00000e+00  0.00000e+00  1.26074e-05
0039  1.78328e+18  1.32413e+02  2.02299e+05  5.74347e-18  0.00000e+00  0.00000e+00  1.23484e-05
0040  1.80169e+18  1.34000e+02  2.04451e+05  5.83519e-18  0.00000e+00  0.00000e+00  1.20973e-05
0041  1.82011e+18  1.35658e+02  2.06766e+05  5.93779e-18  0.00000e+00  0.00000e+00  1.18537e-05
0042  1.83852e+18  1.37393e+02  2.09272e+05  5.88693e-18  0.00000e+00  0.00000e+00  1.16174e-05
0043  1.85694e+18  1.38731e+02  2.11275e+05  5.13407e-18  0.00000e+00  0.00000e+00  1.13882e-05
0044  1.87535e+18  1.39220e+02  2.12041e+05  3.64742e-18  0.00000e+00  0.00000e+00  1.11656e-05
0045  1.89377e+18  1.40848e+02  2.14673e+05  2.97604e-18  0.00000e+00  0.00000e+00  1.09495e-05
0046  1.91218e+18  1.48725e+02  2.27841e+05  1.05365e-17  0.00000e+00  0.00000e+00  1.07396e-05
0047  1.93060e+18  1.50900e+02  2.31122e+05  1.18245e-17  0.00000e+00  0.00000e+00  1.05357e-05
0048  1.94901e+18  1.45266e+02  2.22479e+05  5.40525e-18  0.00000e+00  0.00000e+00  1.03376e-05
0049  1.96743e+18  1.43534e+02  2.19408e+05  1.65679e-18  0.00000e+00  0.00000e+00  1.01449e-05
0050  1.98584e+18  1.35986e+02  2.07910e+05 -2.73529e-17  0.00000e+00  0.00000e+00  9.95766e-06
0051  2.00426e+18  1.16989e+02  1.85165e+05 -4.05756e-17  0.00000e+00  0.00000e+00  9.77552e-06
0052  2.02267e+18  1.07862e+02  1.76338e+05 -3.03023e-18  0.00000e+00  0.00000e+00  9.59833e-06
0053  2.04109e+18  1.07049e+02  1.75597e+05  4.01833e-18  0.00000e+00  0.00000e+00  9.42591e-06
0054  2.05951e+18  1.07214e+02  1.75742e+05  2.99687e-18  0.00000e+00  0.00000e+00  9.25810e-06
0055  2.07792e+18  1.14339e+02  1.82378e+05 -2.21277e-17  0.00000e+00  0.00000e+00  9.09473e-06
0056  2.09634e+18  2.44514e+02  4.47137e+05  1.12927e-16  0.00000e+00  0.00000e+00  8.93564e-06
0057  2.11475e+18  5.75450e+02  9.66194e+05  4.74593e-17  0.00000e+00  0.00000e+00  8.78070e-06
0058  2.13317e+18  7.72286e+02  1.30777e+06  2.71189e-17  0.00000e+00  0.00000e+00  8.62975e-06
0059  2.15158e+18  7.67760e+02  1.30925e+06  2.54643e-17  0.00000e+00  0.00000e+00  8.48265e-06
0060  2.17000e+18  7.34692e+02  1.24744e+06  2.62644e-17  0.00000e+00  0.00000e+00  8.33929e-06
0061  2.18841e+18  5.92180e+02  1.00958e+06  3.54121e-17  0.00000e+00  0.00000e+00  8.19953e-06
0062  2.20683e+18  2.45097e+02  4.39621e+05  1.08933e-16  0.00000e+00  0.00000e+00  8.06326e-06
0063  2.22524e+18  1.07328e+02  1.77182e+05 -1.06894e-16  0.00000e+00  0.00000e+00  7.93035e-06
0064  2.24366e+18  9.79784e+01  1.68355e+05  2.69604e-18  0.00000e+00  0.00000e+00  7.80071e-06
0065  2.26207e+18  9.78167e+01  1.68215e+05  3.21032e-18  0.00000e+00  0.00000e+00  7.67421e-06
0066  2.28049e+18  9.85080e+01  1.68796e+05  2.66009e-18  0.00000e+00  0.00000e+00  7.55077e-06
0067  2.29891e+18  9.97594e+01  1.69873e+05  1.92625e-18  0.00000e+00  0.00000e+00  7.43029e-06
0068  2.31732e+18  1.01837e+02  1.71764e+05 -1.49454e-18  0.00000e+00  0.00000e+00  7.31266e-06
0069  2.33574e+18  1.07139e+02  1.75868e+05 -1.09204e-17  0.00000e+00  0.00000e+00  7.19781e-06
0070  2.35415e+18  1.19555e+02  1.87837e+05 -2.06573e-17  0.00000e+00  0.00000e+00  7.08564e-06
0071  2.37257e+18  1.33375e+02  2.04030e+05 -8.90866e-18  0.00000e+00  0.00000e+00  6.97607e-06
0072  2.39098e+18  1.38073e+02  2.10315e+05  1.30765e-18  0.00000e+00  0.00000e+00  6.86902e-06
0073  2.40940e+18  1.38798e+02  2.11303e+05  3.25429e-18  0.00000e+00  0.00000e+00  6.76442e-06
0074  2.42781e+18  1.38182e+02  2.10348e+05  3.76154e-18  0.00000e+00  0.00000e+00  6.66219e-06
0075  2.44623e+18  1.37024e+02  2.08664e+05  3.20657e-18  0.00000e+00  0.00000e+00  6.56226e-06
0076  2.46464e+18  1.35721e+02  2.06811e+05  2.66027e-18  0.00000e+00  0.00000e+00  6.46456e-06
0077  2.48306e+18  1.34412e+02  2.04984e+05  2.33261e-18  0.00000e+00  0.00000e+00  6.36903e-06
0078  2.50147e+18  1.33211e+02  2.03341e+05  2.19167e-18  0.00000e+00  0.00000e+00  6.27560e-06
0079  2.51989e+18  1.32248e+02  2.02043e+05  2.18642e-18  0.00000e+00  0.00000e+00  6.18421e-06
0080  2.53831e+18  1.31618e+02  2.01202e+05  2.24938e-18  0.00000e+00  0.00000e+00  6.09480e-06
0081  2.55672e+18  1.31335e+02  2.00825e+05  2.27474e-18  0.00000e+00  0.00000e+00  6.00732e-06
0082  2.57514e+18  1.31301e+02  2.00785e+05  2.14204e-18  0.00000e+00  0.00000e+00  5.92171e-06
0083  2.59355e+18  1.31204e+02  2.00671e+05  1.83091e-18  0.00000e+00  0.00000e+00  5.83791e-06
0084  2.61197e+18  1.30899e+02  2.00303e+05  1.23746e-18  0.00000e+00  0.00000e+00  5.75588e-06
0085  2.63038e+18  1.30554e+02  1.99869e+05  9.71408e-19  0.00000e+00  0.00000e+00  5.67557e-06
0086  2.64880e+18  1.29913e+02  1.99062e+05  6.33449e-19  0.00000e+00  0.00000e+00  5.59693e-06
0087  2.66721e+18  1.29127e+02  1.98081e+05  3.11342e-19  0.00000e+00  0.00000e+00  5.51991e-06
0088  2.68563e+18  1.29787e+02  1.98878e+05  9.88531e-19  0.00000e+00  0.00000e+00  5.44447e-06
0089  2.70404e+18  1.51803e+02  2.31739e+05  9.33777e-18  0.00000e+00  0.00000e+00  5.37056e-06
0090  2.72246e+18  2.59072e+02  4.09245e+05  9.48659e-17  0.00000e+00  0.00000e+00  5.29815e-06
0091  2.74088e+18  4.41631e+02  6.28289e+05  5.79386e-17  0.00000e+00  0.00000e+00  5.22720e-06
0092  2.75929e+18  5.79731e+02  7.98900e+05  3.40636e-17  0.00000e+00  0.00000e+00  5.15766e-06
0093  2.77771e+18  6.76795e+02  9.16860e+05  2.48877e-17  0.00000e+00  0.00000e+00  5.08950e-06
0094  2.79612e+18  7.51037e+02  1.00594e+06  2.06896e-17  0.00000e+00  0.00000e+00  5.02268e-06
0095  2.81454e+18  8.12551e+02  1.07946e+06  1.81389e-17  0.00000e+00  0.00000e+00  4.95717e-06
0096  2.83295e+18  8.66146e+02  1.14387e+06  1.62788e-17  0.00000e+00  0.00000e+00  4.89293e-06
0097  2.85137e+18  9.13874e+02  1.20200e+06  1.48494e-17  0.00000e+00  0.00000e+00  4.82993e-06
0098  2.86978e+18  9.57841e+02  1.25655e+06  1.39532e-17  0.00000e+00  0.00000e+00  4.76814e-06
0099  2.88820e+18  9.99083e+02  1.30786e+06  1.30789e-17  0.00000e+00  0.00000e+00  4.70753e-06
0100  2.90661e+18  1.03784e+03  1.35676e+06  1.23471e-17  0.00000e+00  0.00000e+00  4.64807e-06
0101  2.92503e+18  1.07484e+03  1.40391e+06  1.18309e-17  0.00000e+00  0.00000e+00  4.58973e-06
0102  2.94345e+18  1.11038e+03  1.44936e+06  1.13311e-17  0.00000e+00  0.00000e+00  4.53248e-06
0103  2.96186e+18  1.14454e+03  1.49324e+06  1.08513e-17  0.00000e+00  0.00000e+00  4.47629e-06
0104  2.98028e+18  1.17730e+03  1.53562e+06  1.03931e-17  0.00000e+00  0.00000e+00  4.42114e-06
0105  2.99869e+18  1.20867e+03  1.57664e+06  9.96237e-18  0.00000e+00  0.00000e+00  4.36701e-06
0106  3.01711e+18  1.23864e+03  1.61653e+06  9.58637e-18  0.00000e+00  0.00000e+00  4.31386e-06
0107  3.03552e+18  1.26738e+03  1.65563e+06  9.26707e-18  0.00000e+00  0.00000e+00  4.26168e-06
0108  3.05394e+18  1.29507e+03  1.69409e+06  8.97238e-18  0.00000e+00  0.00000e+00  4.21044e-06
0109  3.07235e+18  1.32170e+03  1.73197e+06  8.67931e-18  0.00000e+00  0.00000e+00  4.16011e-06
0110  3.09077e+18  1.34731e+03  1.76930e+06  8.39068e-18  0.00000e+00  0.00000e+00  4.11069e-06
0111  3.10918e+18  1.37189e+03  1.80604e+06  8.10860e-18  0.00000e+00  0.00000e+00  4.06214e-06
0112  3.12760e+18  1.39558e+03  1.84231e+06  7.83418e-18  0.00000e+00  0.00000e+00  4.01444e-06
0113  3.14602e+18  1.41850e+03  1.87810e+06  7.61045e-18  0.00000e+00  0.00000e+00  3.96758e-06
0114  3.16443e+18  1.44062e+03  1.91338e+06  7.36202e-18  0.00000e+00  0.00000e+00  3.92154e-06
0115  3.18285e+18  1.46195e+03  1.94814e+06  7.12166e-18  0.00000e+00  0.00000e+00  3.87629e-06
0116  3.20126e+18  1.48251e+03  1.98236e+06  6.88968e-18  0.00000e+00  0.00000e+00  3.83182e-06
0117  3.21968e+18  1.50228e+03  2.01605e+06  6.66747e-18  0.00000e+00  0.00000e+00  3.78811e-06
0118  3.23809e+18  1.52129e+03  2.04927e+06  6.45993e-18  0.00000e+00  0.00000e+00  3.74515e-06
0119  3.25651e+18  1.53951e+03  2.08205e+06  6.25956e-18  0.00000e+00  0.00000e+00  3.70291e-06
0120  3.27492e+18  1.55691e+03  2.11441e+06  6.06634e-18  0.00000e+00  0.00000e+00  3.66138e-06
0121  3.29334e+18  1.57347e+03  2.14638e+06  5.88023e-18  0.00000e+00  0.00000e+00  3.62055e-06
0122  3.31176e+18  1.58918e+03  2.17798e+06  5.70090e-18  0.00000e+00  0.00000e+00  3.58040e-06
0123  3.33017e+18  1.60403e+03  2.20920e+06  5.52822e-18  0.00000e+00  0.00000e+00  3.54091e-06
0124  3.34859e+18  1.61805e+03  2.24004e+06  5.36231e-18  0.00000e+00  0.00000e+00  3.50207e-06
0125  3.36700e+18  1.63126e+03  2.27047e+06  5.20297e-18  0.00000e+00  0.00000e+00  3.46386e-06
0126  3.38542e+18  1.64368e+03  2.30049e+06  5.05001e-18  0.00000e+00  0.00000e+00  3.42628e-06
0127  3.40383e+18  1.65535e+03  2.33006e+06  4.90320e-18  0.00000e+00  0.00000e+00  3.38931e-06
0128  3.42225e+18  1.66628e+03  2.35919e+06  4.76229e-18  0.00000e+00  0.00000e+00  3.35293e-06
0129  3.44066e+18  1.67649e+03  2.38785e+06  4.62705e-18  0.00000e+00  0.00000e+00  3.31713e-06
0130  3.45908e+18  1.68602e+03  2.41605e+06  4.49724e-18  0.00000e+00  0.00000e+00  3.28191e-06
0131  3.47749e+18  1.69489e+03  2.44377e+06  4.37260e-18  0.00000e+00  0.00000e+00  3.24724e-06
0132  3.49591e+18  1.70313e+03  2.47101e+06  4.25289e-18  0.00000e+00  0.00000e+00  3.21312e-06
0133  3.51433e+18  1.71079e+03  2.49777e+06  4.13787e-18  0.00000e+00  0.00000e+00  3.17953e-06
0134  3.53274e+18  1.71788e+03  2.52406e+06  4.02731e-18  0.00000e+00  0.00000e+00  3.14647e-06
0135  3.55116e+18  1.72447e+03  2.54994e+06  3.92369e-18  0.00000e+00  0.00000e+00  3.11392e-06
0136  3.56957e+18  1.73054e+03  2.57539e+06  3.81932e-18  0.00000e+00  0.00000e+00  3.08188e-06
0137  3.58799e+18  1.73612e+03  2.60046e+06  3.71889e-18  0.00000e+00  0.00000e+00  3.05032e-06
0138  3.60640e+18  1.74121e+03  2.62520e+06  3.62219e-18  0.00000e+00  0.00000e+00  3.01925e-06
0139  3.62482e+18  1.74584e+03  2.64967e+06  3.52899e-18  0.00000e+00  0.00000e+00  2.98865e-06
0140  3.64323e+18  1.75000e+03  2.67391e+06  3.43909e-18  0.00000e+00  0.00000e+00  2.95851e-06
0141  3.66165e+18  1.75374e+03  2.69799e+06  3.35232e-18  0.00000e+00  0.00000e+00  2.92883e-06
0142  3.68007e+18  1.75706e+03  2.72193e+06  3.26850e-18  0.00000e+00  0.00000e+00  2.89959e-06
0143  3.69848e+18  1.76000e+03  2.74576e+06  3.18747e-18  0.00000e+00  0.00000e+00  2.87079e-06
0144  3.71690e+18  1.76261e+03  2.76949e+06  3.10910e-18  0.00000e+00  0.00000e+00  2.84241e-06
0145  3.73531e+18  1.76492e+03  2.79312e+06  3.03326e-18  0.00000e+00  0.00000e+00  2.81445e-06
0146  3.75373e+18  1.76698e+03  2.81664e+06  2.95982e-18  0.00000e+00  0.00000e+00  2.78690e-06
0147  3.77214e+18  1.76884e+03  2.84003e+06  2.88868e-18  0.00000e+00  0.00000e+00  2.75976e-06
0148  3.79056e+18  1.77056e+03  2.86329e+06  2.81974e-18  0.00000e+00  0.00000e+00  2.73301e-06
0149  3.80897e+18  1.77217e+03  2.88641e+06  2.75289e-18  0.00000e+00  0.00000e+00  2.70665e-06
0150  3.82739e+18  1.77370e+03  2.90939e+06  2.68805e-18  0.00000e+00  0.00000e+00  2.68066e-06
0151  3.84581e+18  1.77517e+03  2.93227e+06  2.62511e-18  0.00000e+00  0.00000e+00  2.65505e-06
0152  3.86422e+18  1.77659e+03  2.95508e+06  2.56400e-18  0.00000e+00  0.00000e+00  2.62981e-06
0153  3.88264e+18  1.77795e+03  2.97787e+06  2.50462e-18  0.00000e+00  0.00000e+00  2.60492e-06
0154  3.90105e+18  1.77923e+03  3.00070e+06  2.44658e-18  0.00000e+00  0.00000e+00  2.58038e-06
0155  3.91947e+18  1.78042e+03  3.02362e+06  2.39014e-18  0.00000e+00  0.00000e+00  2.55619e-06
0156  3.93788e+18  1.78151e+03  3.04666e+06  2.33523e-18  0.00000e+00  0.00000e+00  2.53234e-06
0157  3.95630e+18  1.78247e+03  3.06986e+06  2.28181e-18  0.00000e+00  0.00000e+00  2.50882e-06
0158  3.97471e+18  1.78330e+03  3.09320e+06  2.22983e-18  0.00000e+00  0.00000e+00  2.48563e-06
0159  3.99313e+18  1.78399e+03  3.11667e+06  2.17925e-18  0.00000e+00  0.00000e+00  2.46275e-06
0160  4.01155e+18  1.78454e+03  3.14019e+06  2.13005e-18  0.00000e+00  0.00000e+00  2.44019e-06
0161  4.02996e+18  1.78496e+03  3.16369e+06  2.08221e-18  0.00000e+00  0.00000e+00  2.41794e-06
0162  4.04838e+18  1.78523e+03  3.18708e+06  2.03573e-18  0.00000e+00  0.00000e+00  2.39599e-06
0163  4.06679e+18  1.78534e+03  3.21027e+06  1.99059e-18  0.00000e+00  0.00000e+00  2.37434e-06
0164  4.08521e+18  1.78527e+03  3.23316e+06  1.94665e-18  0.00000e+00  0.00000e+00  2.35299e-06
0165  4.10362e+18  1.78504e+03  3.25565e+06  1.90382e-18  0.00000e+00  0.00000e+00  2.33191e-06
0166  4.12204e+18  1.78459e+03  3.27770e+06  1.86229e-18  0.00000e+00  0.00000e+00  2.31113e-06
0167  4.14045e+18  1.78391e+03  3.29931e+06  1.82202e-18  0.00000e+00  0.00000e+00  2.29061e-06
0168  4.15887e+18  1.78299e+03  3.32044e+06  1.78296e-18  0.00000e+00  0.00000e+00  2.27037e-06
0169  4.17728e+18  1.78184e+03  3.34112e+06  1.74507e-18  0.00000e+00  0.00000e+00  2.25040e-06
0170  4.19570e+18  1.78045e+03  3.36139e+06  1.70828e-18  0.00000e+00  0.00000e+00  2.23069e-06
0171  4.21412e+18  1.77889e+03  3.38140e+06  1.67250e-18  0.00000e+00  0.00000e+00  2.21123e-06
0172  4.23253e+18  1.77724e+03  3.40132e+06  1.63761e-18  0.00000e+00  0.00000e+00  2.19203e-06
0173  4.25095e+18  1.77529e+03  3.42076e+06  1.60374e-18  0.00000e+00  0.00000e+00  2.17308e-06
0174  4.26936e+18  1.77272e+03  3.43910e+06  1.57106e-18  0.00000e+00  0.00000e+00  2.15438e-06
0175  4.28778e+18  1.77117e+03  3.45955e+06  1.53843e-18  0.00000e+00  0.00000e+00  2.13591e-06
0176  4.30619e+18  1.77525e+03  3.49117e+06  1.50301e-18  0.00000e+00  0.00000e+00  2.11768e-06
0177  4.32461e+18  1.77670e+03  3.51787e+06  1.47012e-18  0.00000e+00  0.00000e+00  2.09968e-06
0178  4.34302e+18  1.76060e+03  3.50979e+06  1.44846e-18  0.00000e+00  0.00000e+00  2.08191e-06
0179  4.36144e+18  1.71187e+03  3.43537e+06  1.44546e-18  0.00000e+00  0.00000e+00  2.06437e-06
0180  4.37986e+18  1.47056e+03  2.97075e+06  1.51736e-18  0.00000e+00  0.00000e+00  2.04705e-06
0181  4.39827e+18  7.74663e+02  1.57347e+06  3.92214e-19  0.00000e+00  0.00000e+00  2.02994e-06
0182  4.41669e+18  2.22746e+02  4.25313e+05  4.71247e-19  0.00000e+00  0.00000e+00  2.01305e-06
0183  4.43510e+18  9.36273e+01  1.73142e+05 -7.05516e-17  0.00000e+00  0.00000e+00  1.99637e-06
0184  4.45352e+18  8.31200e+01  1.57566e+05 -3.72849e-18  0.00000e+00  0.00000e+00  1.97989e-06
0185  4.47193e+18  8.41840e+01  1.58147e+05  1.22153e-19  0.00000e+00  0.00000e+00  1.96362e-06
0186  4.49035e+18  8.85557e+01  1.61294e+05  2.34432e-18  0.00000e+00  0.00000e+00  1.94754e-06
0187  4.50876e+18  9.50041e+01  1.66308e+05  2.31879e-18  0.00000e+00  0.00000e+00  1.93167e-06
0188  4.52718e+18  1.01586e+02  1.71180e+05  1.99221e-18  0.00000e+00  0.00000e+00  1.91598e-06
0189  4.54560e+18  1.08156e+02  1.76227e+05  1.51433e-18  0.00000e+00  0.00000e+00  1.90049e-06
0190  4.56401e+18  1.16040e+02  1.83246e+05  1.76299e-18  0.00000e+00  0.00000e+00  1.88519e-06
0191  4.58243e+18  1.28576e+02  1.96573e+05  1.80040e-18  0.00000e+00  0.00000e+00  1.87006e-06
0192  4.60084e+18  1.53691e+02  2.30746e+05  4.72012e-18  0.00000e+00  0.00000e+00  1.85512e-06
0193  4.61926e+18  2.05180e+02  3.00887e+05  1.39121e-17  0.00000e+00  0.00000e+00  1.84036e-06
0194  4.63767e+18  2.89120e+02  3.97927e+05  1.53893e-17  0.00000e+00  0.00000e+00  1.82577e-06
0195  4.65609e+18  3.84972e+02  4.96478e+05  1.13605e-17  0.00000e+00  0.00000e+00  1.81136e-06
0196  4.67450e+18  4.70098e+02  5.80712e+05  8.24626e-18  0.00000e+00  0.00000e+00  1.79712e-06
0197  4.69292e+18  5.40356e+02  6.47534e+05  6.50217e-18  0.00000e+00  0.00000e+00  1.78304e-06
0198  4.71134e+18  5.99159e+02  7.00432e+05  5.41517e-18  0.00000e+00  0.00000e+00  1.76913e-06
0199  4.72975e+18  6.50046e+02  7.43759e+05  4.66558e-18  0.00000e+00  0.00000e+00  1.75538e-06
0200  4.74817e+18  6.95739e+02  7.81006e+05  4.18502e-18  0.00000e+00  0.00000e+00  1.74179e-06
0201  4.76658e+18  7.37891e+02  8.13944e+05  3.80604e-18  0.00000e+00  0.00000e+00  1.72836e-06
0202  4.78500e+18  7.77366e+02  8.43691e+05  3.49030e-18  0.00000e+00  0.00000e+00  1.71508e-06
0203  4.80341e+18  8.14761e+02  8.71038e+05  3.23645e-18  0.00000e+00  0.00000e+00  1.70195e-06
0204  4.82183e+18  8.50467e+02  8.96425e+05  3.01681e-18  0.00000e+00  0.00000e+00  1.68898e-06
0205  4.84024e+18  8.84663e+02  9.20117e+05  2.82240e-18  0.00000e+00  0.00000e+00  1.67615e-06
0206  4.85866e+18  9.17502e+02  9.42323e+05  2.64915e-18  0.00000e+00  0.00000e+00  1.66347e-06
0207  4.87708e+18  9.49321e+02  9.63475e+05  2.52299e-18  0.00000e+00  0.00000e+00  1.65093e-06
0208  4.89549e+18  9.80388e+02  9.83656e+05  2.39763e-18  0.00000e+00  0.00000e+00  1.63853e-06
0209  4.91391e+18  1.01076e+03  1.00301e+06  2.28949e-18  0.00000e+00  0.00000e+00  1.62627e-06
0210  4.93232e+18  1.04049e+03  1.02162e+06  2.18976e-18  0.00000e+00  0.00000e+00  1.61415e-06
0211  4.95074e+18  1.06967e+03  1.03959e+06  2.10171e-18  0.00000e+00  0.00000e+00  1.60217e-06
0212  4.96915e+18  1.09832e+03  1.05693e+06  2.01850e-18  0.00000e+00  0.00000e+00  1.59031e-06
0213  4.98757e+18  1.12645e+03  1.07370e+06  1.93988e-18  0.00000e+00  0.00000e+00  1.57859e-06
0214  5.00598e+18  1.15406e+03  1.08990e+06  1.86558e-18  0.00000e+00  0.00000e+00  1.56700e-06
0215  5.02440e+18  1.18114e+03  1.10557e+06  1.79535e-18  0.00000e+00  0.00000e+00  1.55553e-06
0216  5.04282e+18  1.20768e+03  1.12071e+06  1.72899e-18  0.00000e+00  0.00000e+00  1.54419e-06
0217  5.06123e+18  1.23367e+03  1.13533e+06  1.66627e-18  0.00000e+00  0.00000e+00  1.53298e-06
0218  5.07965e+18  1.25920e+03  1.14953e+06  1.61251e-18  0.00000e+00  0.00000e+00  1.52188e-06
0219  5.09806e+18  1.28437e+03  1.16335e+06  1.56607e-18  0.00000e+00  0.00000e+00  1.51091e-06
0220  5.11648e+18  1.30920e+03  1.17679e+06  1.52107e-18  0.00000e+00  0.00000e+00  1.50005e-06
0221  5.13489e+18  1.33366e+03  1.18986e+06  1.47753e-18  0.00000e+00  0.00000e+00  1.48931e-06
0222  5.15331e+18  1.35773e+03  1.20255e+06  1.43549e-18  0.00000e+00  0.00000e+00  1.47868e-06
0223  5.17172e+18  1.38138e+03  1.21486e+06  1.39494e-18  0.00000e+00  0.00000e+00  1.46817e-06
0224  5.19014e+18  1.40459e+03  1.22678e+06  1.35589e-18  0.00000e+00  0.00000e+00  1.45777e-06
0225  5.20856e+18  1.42734e+03  1.23831e+06  1.31831e-18  0.00000e+00  0.00000e+00  1.44748e-06
0226  5.22697e+18  1.44962e+03  1.24945e+06  1.28217e-18  0.00000e+00  0.00000e+00  1.43730e-06
0227  5.24539e+18  1.47141e+03  1.26021e+06  1.24745e-18  0.00000e+00  0.00000e+00  1.42723e-06
0228  5.26380e+18  1.49272e+03  1.27059e+06  1.21409e-18  0.00000e+00  0.00000e+00  1.41726e-06
0229  5.28222e+18  1.51355e+03  1.28061e+06  1.18295e-18  0.00000e+00  0.00000e+00  1.40739e-06
0230  5.30063e+18  1.53392e+03  1.29028e+06  1.15334e-18  0.00000e+00  0.00000e+00  1.39763e-06
0231  5.31905e+18  1.55385e+03  1.29963e+06  1.12478e-18  0.00000e+00  0.00000e+00  1.38797e-06
0232  5.33746e+18  1.57333e+03  1.30865e+06  1.09723e-18  0.00000e+00  0.00000e+00  1.37841e-06
0233  5.35588e+18  1.59238e+03  1.31738e+06  1.07066e-18  0.00000e+00  0.00000e+00  1.36894e-06
0234  5.37430e+18  1.61100e+03  1.32582e+06  1.04502e-18  0.00000e+00  0.00000e+00  1.35958e-06
0235  5.39271e+18  1.62921e+03  1.33400e+06  1.02027e-18  0.00000e+00  0.00000e+00  1.35031e-06
0236  5.41113e+18  1.64699e+03  1.34192e+06  9.95944e-19  0.00000e+00  0.00000e+00  1.34113e-06
0237  5.42954e+18  1.66440e+03  1.34962e+06  9.73616e-19  0.00000e+00  0.00000e+00  1.33205e-06
0238  5.44796e+18  1.68143e+03  1.35712e+06  9.51973e-19  0.00000e+00  0.00000e+00  1.32306e-06
0239  5.46637e+18  1.69812e+03  1.36444e+06  9.30991e-19  0.00000e+00  0.00000e+00  1.31416e-06
0240  5.48479e+18  1.71446e+03  1.37159e+06  9.10645e-19  0.00000e+00  0.00000e+00  1.30535e-06
0241  5.50320e+18  1.73047e+03  1.37859e+06  8.90911e-19  0.00000e+00  0.00000e+00  1.29663e-06
0242  5.52162e+18  1.74617e+03  1.38544e+06  8.71767e-19  0.00000e+00  0.00000e+00  1.28800e-06
0243  5.54004e+18  1.76155e+03  1.39217e+06  8.53190e-19  0.00000e+00  0.00000e+00  1.27945e-06
0244  5.55845e+18  1.77663e+03  1.39878e+06  8.35157e-19  0.00000e+00  0.00000e+00  1.27098e-06
0245  5.57687e+18  1.79143e+03  1.40528e+06  8.17648e-19  0.00000e+00  0.00000e+00  1.26260e-06
0246  5.59528e+18  1.80593e+03  1.41167e+06  7.99257e-19  0.00000e+00  0.00000e+00  1.25431e-06
0247  5.61370e+18  1.82015e+03  1.41799e+06  7.84318e-19  0.00000e+00  0.00000e+00  1.24609e-06
0248  5.63211e+18  1.83414e+03  1.42424e+06  7.69708e-19  0.00000e+00  0.00000e+00  1.23795e-06
0249  5.65053e+18  1.84794e+03  1.43043e+06  7.55419e-19  0.00000e+00  0.00000e+00  1.22990e-06
0250  5.66894e+18  1.86152e+03  1.43656e+06  7.41446e-19  0.00000e+00  0.00000e+00  1.22192e-06
0251  5.68736e+18  1.87489e+03  1.44265e+06  7.27784e-19  0.00000e+00  0.00000e+00  1.21402e-06
0252  5.70578e+18  1.88805e+03  1.44870e+06  7.14429e-19  0.00000e+00  0.00000e+00  1.20620e-06
0253  5.72419e+18  1.90098e+03  1.45472e+06  7.01377e-19  0.00000e+00  0.00000e+00  1.19845e-06
0254  5.74261e+18  1.91370e+03  1.46070e+06  6.88622e-19  0.00000e+00  0.00000e+00  1.19077e-06
0255  5.76102e+18  1.92619e+03  1.46664e+06  6.76160e-19  0.00000e+00  0.00000e+00  1.18317e-06
0256  5.77944e+18  1.93845e+03  1.47255e+06  6.63986e-19  0.00000e+00  0.00000e+00  1.17565e-06
0257  5.79785e+18  1.95050e+03  1.47842e+06  6.52095e-19  0.00000e+00  0.00000e+00  1.16819e-06
0258  5.81627e+18  1.96231e+03  1.48426e+06  6.40482e-19  0.00000e+00  0.00000e+00  1.16080e-06
0259  5.83468e+18  1.97390e+03  1.49005e+06  6.29142e-19  0.00000e+00  0.00000e+00  1.15349e-06
0260  5.85310e+18  1.98526e+03  1.49581e+06  6.18069e-19  0.00000e+00  0.00000e+00  1.14624e-06
0261  5.87152e+18  1.99639e+03  1.50153e+06  6.07260e-19  0.00000e+00  0.00000e+00  1.13906e-06
0262  5.88993e+18  2.00728e+03  1.50721e+06  5.96708e-19  0.00000e+00  0.00000e+00  1.13195e-06
0263  5.90835e+18  2.01791e+03  1.51285e+06  5.86410e-19  0.00000e+00  0.00000e+00  1.12490e-06
0264  5.92676e+18  2.02830e+03  1.51846e+06  5.76360e-19  0.00000e+00  0.00000e+00  1.11792e-06
0265  5.94518e+18  2.03842e+03  1.52403e+06  5.66554e-19  0.00000e+00  0.00000e+00  1.11101e-06
0266  5.96359e+18  2.04829e+03  1.52958e+06  5.56986e-19  0.00000e+00  0.00000e+00  1.10416e-06
0267  5.98201e+18  2.05789e+03  1.53508e+06  5.47650e-19  0.00000e+00  0.00000e+00  1.09737e-06
0268  6.00043e+18  2.06724e+03  1.54055e+06  5.38540e-19  0.00000e+00  0.00000e+00  1.09065e-06
0269  6.01884e+18  2.07634e+03  1.54598e+06  5.29650e-19  0.00000e+00  0.00000e+00  1.08398e-06
0270  6.03726e+18  2.08520e+03  1.55137e+06  5.20974e-19  0.00000e+00  0.00000e+00  1.07738e-06
0271  6.05567e+18  2.09382e+03  1.55671e+06  5.12507e-19  0.00000e+00  0.00000e+00  1.07084e-06
0272  6.07409e+18  2.10219e+03  1.56201e+06  5.04241e-19  0.00000e+00  0.00000e+00  1.06435e-06
0273  6.09250e+18  2.11033e+03  1.56726e+06  4.96174e-19  0.00000e+00  0.00000e+00  1.05793e-06
0274  6.11092e+18  2.11822e+03  1.57248e+06  4.88310e-19  0.00000e+00  0.00000e+00  1.05156e-06
0275  6.12933e+18  2.12586e+03  1.57766e+06  4.80689e-19  0.00000e+00  0.00000e+00  1.04525e-06
0276  6.14775e+18  2.13325e+03  1.58282e+06  4.73249e-19  0.00000e+00  0.00000e+00  1.03900e-06
0277  6.16617e+18  2.14037e+03  1.58795e+06  4.65984e-19  0.00000e+00  0.00000e+00  1.03280e-06
0278  6.18458e+18  2.14723e+03  1.59307e+06  4.58891e-19  0.00000e+00  0.00000e+00  1.02666e-06
0279  6.20300e+18  2.15382e+03  1.59817e+06  4.51966e-19  0.00000e+00  0.00000e+00  1.02057e-06
0280  6.22141e+18  2.16016e+03  1.60326e+06  4.45203e-19  0.00000e+00  0.00000e+00  1.01454e-06
0281  6.23983e+18  2.16624e+03  1.60834e+06  4.38596e-19  0.00000e+00  0.00000e+00  1.00856e-06
0282  6.25824e+18  2.17208e+03  1.61339e+06  4.32159e-19  0.00000e+00  0.00000e+00  1.00263e-06
0283  6.27666e+18  2.17770e+03  1.61843e+06  4.25948e-19  0.00000e+00  0.00000e+00  9.96760e-07
0284  6.29507e+18  2.18310e+03  1.62344e+06  4.19871e-19  0.00000e+00  0.00000e+00  9.90937e-07
0285  6.31349e+18  2.18829e+03  1.62844e+06  4.13923e-19  0.00000e+00  0.00000e+00  9.85164e-07
0286  6.33191e+18  2.19328e+03  1.63341e+06  4.08102e-19  0.00000e+00  0.00000e+00  9.79442e-07
0287  6.35032e+18  2.19807e+03  1.63837e+06  4.02403e-19  0.00000e+00  0.00000e+00  9.73770e-07
0288  6.36874e+18  2.20265e+03  1.64331e+06  3.96824e-19  0.00000e+00  0.00000e+00  9.68146e-07
0289  6.38715e+18  2.20703e+03  1.64825e+06  3.91363e-19  0.00000e+00  0.00000e+00  9.62572e-07
0290  6.40557e+18  2.21121e+03  1.65317e+06  3.86015e-19  0.00000e+00  0.00000e+00  9.57045e-07
0291  6.42398e+18  2.21519e+03  1.65808e+06  3.80777e-19  0.00000e+00  0.00000e+00  9.51566e-07
0292  6.44240e+18  2.21899e+03  1.66297e+06  3.75646e-19  0.00000e+00  0.00000e+00  9.46133e-07
0293  6.46081e+18  2.22262e+03  1.66786e+06  3.70619e-19  0.00000e+00  0.00000e+00  9.40747e-07
0294  6.47923e+18  2.22609e+03  1.67271e+06  3.65692e-19  0.00000e+00  0.00000e+00  9.35407e-07
0295  6.49765e+18  2.22941e+03  1.67754e+06  3.60861e-19  0.00000e+00  0.00000e+00  9.30113e-07
0296  6.51606e+18  2.23260e+03  1.68235e+06  3.56123e-19  0.00000e+00  0.00000e+00  9.24863e-07
0297  6.53448e+18  2.23565e+03  1.68712e+06  3.51477e-19  0.00000e+00  0.00000e+00  9.19657e-07
0298  6.55289e+18  2.23857e+03  1.69187e+06  3.46919e-19  0.00000e+00  0.00000e+00  9.14495e-07
0299  6.57131e+18  2.24134e+03  1.69659e+06  3.42448e-19  0.00000e+00  0.00000e+00  9.09377e-07
0300  6.58972e+18  2.24397e+03  1.70131e+06  3.38063e-19  0.00000e+00  0.00000e+00  9.04301e-07
0301  6.60814e+18  2.24645e+03  1.70601e+06  3.33763e-19  0.00000e+00  0.00000e+00  8.99268e-07
0302  6.62655e+18  2.24877e+03  1.71071e+06  3.29544e-19  0.00000e+00  0.00000e+00  8.94277e-07
0303  6.64497e+18  2.25094e+03  1.71540e+06  3.25405e-19  0.00000e+00  0.00000e+00  8.89327e-07
0304  6.66339e+18  2.25297e+03  1.72008e+06  3.21345e-19  0.00000e+00  0.00000e+00  8.84418e-07
0305  6.68180e+18  2.25485e+03  1.72476e+06  3.17359e-19  0.00000e+00  0.00000e+00  8.79550e-07
0306  6.70022e+18  2.25661e+03  1.72943e+06  3.13446e-19  0.00000e+00  0.00000e+00  8.74722e-07
0307  6.71863e+18  2.25825e+03  1.73408e+06  3.09604e-19  0.00000e+00  0.00000e+00  8.69933e-07
0308  6.73705e+18  2.25979e+03  1.73872e+06  3.05830e-19  0.00000e+00  0.00000e+00  8.65184e-07
0309  6.75546e+18  2.26122e+03  1.74334e+06  3.02122e-19  0.00000e+00  0.00000e+00  8.60473e-07
0310  6.77388e+18  2.26255e+03  1.74795e+06  2.98479e-19  0.00000e+00  0.00000e+00  8.55801e-07
0311  6.79229e+18  2.26379e+03  1.75254e+06  2.94898e-19  0.00000e+00  0.00000e+00  8.51167e-07
0312  6.81071e+18  2.26494e+03  1.75712e+06  2.91379e-19  0.00000e+00  0.00000e+00  8.46570e-07
0313  6.82913e+18  2.26599e+03  1.76169e+06  2.87920e-19  0.00000e+00  0.00000e+00  8.42010e-07
0314  6.84754e+18  2.26694e+03  1.76624e+06  2.84520e-19  0.00000e+00  0.00000e+00  8.37487e-07
0315  6.86596e+18  2.26780e+03  1.77079e+06  2.81178e-19  0.00000e+00  0.00000e+00  8.33001e-07
0316  6.88437e+18  2.26857e+03  1.77532e+06  2.77891e-19  0.00000e+00  0.00000e+00  8.28550e-07
0317  6.90279e+18  2.26925e+03  1.77985e+06  2.74660e-19  0.00000e+00  0.00000e+00  8.24135e-07
0318  6.92120e+18  2.26985e+03  1.78436e+06  2.71482e-19  0.00000e+00  0.00000e+00  8.19755e-07
0319  6.93962e+18  2.27037e+03  1.78885e+06  2.68356e-19  0.00000e+00  0.00000e+00  8.15410e-07
0320  6.95803e+18  2.27080e+03  1.79334e+06  2.65282e-19  0.00000e+00  0.00000e+00  8.11100e-07
0321  6.97645e+18  2.27116e+03  1.79781e+06  2.62257e-19  0.00000e+00  0.00000e+00  8.06824e-07
0322  6.99487e+18  2.27143e+03  1.80227e+06  2.59282e-19  0.00000e+00  0.00000e+00  8.02581e-07
0323  7.01328e+18  2.27161e+03  1.80671e+06  2.56355e-19  0.00000e+00  0.00000e+00  7.98371e-07
0324  7.03170e+18  2.27172e+03  1.81114e+06  2.53476e-19  0.00000e+00  0.00000e+00  7.94195e-07
0325  7.05011e+18  2.27174e+03  1.81556e+06  2.50643e-19  0.00000e+00  0.00000e+00  7.90052e-07
0326  7.06853e+18  2.27169e+03  1.81997e+06  2.47856e-19  0.00000e+00  0.00000e+00  7.85940e-07
0327  7.08694e+18  2.27157e+03  1.82436e+06  2.45112e-19  0.00000e+00  0.00000e+00  7.81861e-07
0328  7.10536e+18  2.27139e+03  1.82874e+06  2.42409e-19  0.00000e+00  0.00000e+00  7.77813e-07
0329  7.12378e+18  2.27118e+03  1.83313e+06  2.39746e-19  0.00000e+00  0.00000e+00  7.73797e-07
0330  7.14219e+18  2.27097e+03  1.83754e+06  2.37117e-19  0.00000e+00  0.00000e+00  7.69812e-07
0331  7.16061e+18  2.27076e+03  1.84199e+06  2.34523e-19  0.00000e+00  0.00000e+00  7.65858e-07
0332  7.17902e+18  2.27052e+03  1.84645e+06  2.32547e-19  0.00000e+00  0.00000e+00  7.61933e-07
0333  7.19744e+18  2.27023e+03  1.85089e+06  2.30034e-19  0.00000e+00  0.00000e+00  7.58039e-07
0334  7.21585e+18  2.26986e+03  1.85529e+06  2.27562e-19  0.00000e+00  0.00000e+00  7.54175e-07
0335  7.23427e+18  2.26940e+03  1.85967e+06  2.25129e-19  0.00000e+00  0.00000e+00  7.50340e-07
0336  7.25268e+18  2.26886e+03  1.86402e+06  2.22735e-19  0.00000e+00  0.00000e+00  7.46535e-07
0337  7.27110e+18  2.26826e+03  1.86835e+06  2.20377e-19  0.00000e+00  0.00000e+00  7.42758e-07
0338  7.28952e+18  2.26758e+03  1.87266e+06  2.18055e-19  0.00000e+00  0.00000e+00  7.39010e-07
0339  7.30793e+18  2.26685e+03  1.87696e+06  2.15767e-19  0.00000e+00  0.00000e+00  7.35290e-07
0340  7.32635e+18  2.26607e+03  1.88124e+06  2.13513e-19  0.00000e+00  0.00000e+00  7.31598e-07
0341  7.34476e+18  2.26524e+03  1.88550e+06  2.11291e-19  0.00000e+00  0.00000e+00  7.27934e-07
0342  7.36318e+18  2.26437e+03  1.88974e+06  2.09101e-19  0.00000e+00  0.00000e+00  7.24298e-07
0343  7.38159e+18  2.26345e+03  1.89396e+06  2.06943e-19  0.00000e+00  0.00000e+00  7.20688e-07
0344  7.40001e+18  2.26249e+03  1.89816e+06  2.04815e-19  0.00000e+00  0.00000e+00  7.17106e-07
0345  7.41842e+18  2.26150e+03  1.90234e+06  2.02717e-19  0.00000e+00  0.00000e+00  7.13550e-07
0346  7.43684e+18  2.26045e+03  1.90650e+06  2.00649e-19  0.00000e+00  0.00000e+00  7.10020e-07
0347  7.45526e+18  2.25937e+03  1.91065e+06  1.98609e-19  0.00000e+00  0.00000e+00  7.06517e-07
0348  7.47367e+18  2.25825e+03  1.91479e+06  1.96598e-19  0.00000e+00  0.00000e+00  7.03039e-07
0349  7.49209e+18  2.25708e+03  1.91893e+06  1.94614e-19  0.00000e+00  0.00000e+00  6.99587e-07
0350  7.51050e+18  2.25588e+03  1.92308e+06  1.92657e-19  0.00000e+00  0.00000e+00  6.96161e-07
0351  7.52892e+18  2.25466e+03  1.92724e+06  1.90725e-19  0.00000e+00  0.00000e+00  6.92759e-07
0352  7.54733e+18  2.25343e+03  1.93143e+06  1.88816e-19  0.00000e+00  0.00000e+00  6.89383e-07
0353  7.56575e+18  2.25220e+03  1.93564e+06  1.86930e-19  0.00000e+00  0.00000e+00  6.86031e-07
0354  7.58416e+18  2.25098e+03  1.93991e+06  1.85065e-19  0.00000e+00  0.00000e+00  6.82703e-07
0355  7.60258e+18  2.24981e+03  1.94425e+06  1.83219e-19  0.00000e+00  0.00000e+00  6.79400e-07
0356  7.62100e+18  2.24869e+03  1.94866e+06  1.81390e-19  0.00000e+00  0.00000e+00  6.76121e-07
0357  7.63941e+18  2.24765e+03  1.95316e+06  1.79577e-19  0.00000e+00  0.00000e+00  6.72865e-07
0358  7.65783e+18  2.24672e+03  1.95779e+06  1.77778e-19  0.00000e+00  0.00000e+00  6.69632e-07
0359  7.67624e+18  2.24590e+03  1.96254e+06  1.75991e-19  0.00000e+00  0.00000e+00  6.66423e-07
0360  7.69466e+18  2.24523e+03  1.96744e+06  1.74215e-19  0.00000e+00  0.00000e+00  6.63237e-07
0361  7.71307e+18  2.24470e+03  1.97250e+06  1.72449e-19  0.00000e+00  0.00000e+00  6.60074e-07
0362  7.73149e+18  2.24433e+03  1.97773e+06  1.70694e-19  0.00000e+00  0.00000e+00  6.56933e-07
0363  7.74990e+18  2.24412e+03  1.98314e+06  1.68947e-19  0.00000e+00  0.00000e+00  6.53815e-07
0364  7.76832e+18  2.24406e+03  1.98871e+06  1.67212e-19  0.00000e+00  0.00000e+00  6.50719e-07
0365  7.78674e+18  2.24414e+03  1.99443e+06  1.65487e-19  0.00000e+00  0.00000e+00  6.47644e-07
0366  7.80515e+18  2.24435e+03  2.00025e+06  1.63776e-19  0.00000e+00  0.00000e+00  6.44592e-07
0367  7.82357e+18  2.24467e+03  2.00614e+06  1.62079e-19  0.00000e+00  0.00000e+00  6.41561e-07
0368  7.84198e+18  2.24505e+03  2.01204e+06  1.60401e-19  0.00000e+00  0.00000e+00  6.38551e-07
0369  7.86040e+18  2.24543e+03  2.01787e+06  1.58746e-19  0.00000e+00  0.00000e+00  6.35563e-07
0370  7.87881e+18  2.24575e+03  2.02357e+06  1.57117e-19  0.00000e+00  0.00000e+00  6.32595e-07
0371  7.89723e+18  2.24590e+03  2.02907e+06  1.55521e-19  0.00000e+00  0.00000e+00  6.29648e-07
0372  7.91564e+18  2.24579e+03  2.03430e+06  1.53963e-19  0.00000e+00  0.00000e+00  6.26722e-07
0373  7.93406e+18  2.24533e+03  2.03918e+06  1.52447e-19  0.00000e+00  0.00000e+00  6.23816e-07
0374  7.95248e+18  2.24443e+03  2.04365e+06  1.50977e-19  0.00000e+00  0.00000e+00  6.20930e-07
0375  7.97089e+18  2.24302e+03  2.04767e+06  1.49557e-19  0.00000e+00  0.00000e+00  6.18064e-07
0376  7.98931e+18  2.24103e+03  2.05120e+06  1.48188e-19  0.00000e+00  0.00000e+00  6.15218e-07
0377  8.00772e+18  2.23845e+03  2.05426e+06  1.46870e-19  0.00000e+00  0.00000e+00  6.12392e-07
0378  8.02614e+18  2.23527e+03  2.05686e+06  1.45601e-19  0.00000e+00  0.00000e+00  6.09585e-07
0379  8.04455e+18  2.23151e+03  2.05904e+06  1.44377e-19  0.00000e+00  0.00000e+00  6.06797e-07
0380  8.06297e+18  2.22725e+03  2.06087e+06  1.43194e-19  0.00000e+00  0.00000e+00  6.04029e-07
0381  8.08139e+18  2.22256e+03  2.06240e+06  1.42046e-19  0.00000e+00  0.00000e+00  6.01279e-07
0382  8.09980e+18  2.21756e+03  2.06372e+06  1.40926e-19  0.00000e+00  0.00000e+00  5.98548e-07
0383  8.11822e+18  2.21236e+03  2.06490e+06  1.39827e-19  0.00000e+00  0.00000e+00  5.95835e-07
0384  8.13663e+18  2.20707e+03  2.06602e+06  1.38744e-19  0.00000e+00  0.00000e+00  5.93141e-07
0385  8.15505e+18  2.20177e+03  2.06713e+06  1.37670e-19  0.00000e+00  0.00000e+00  5.90466e-07
0386  8.17346e+18  2.19657e+03  2.06831e+06  1.36602e-19  0.00000e+00  0.00000e+00  5.87808e-07
0387  8.19188e+18  2.19151e+03  2.06959e+06  1.35536e-19  0.00000e+00  0.00000e+00  5.85168e-07
0388  8.21029e+18  2.18667e+03  2.07102e+06  1.34469e-19  0.00000e+00  0.00000e+00  5.82546e-07
0389  8.22871e+18  2.18207e+03  2.07261e+06  1.33400e-19  0.00000e+00  0.00000e+00  5.79941e-07
0390  8.24713e+18  2.17774e+03  2.07437e+06  1.32329e-19  0.00000e+00  0.00000e+00  5.77354e-07
0391  8.26554e+18  2.17366e+03  2.07629e+06  1.31256e-19  0.00000e+00  0.00000e+00  5.74784e-07
0392  8.28396e+18  2.16984e+03  2.07834e+06  1.30190e-19  0.00000e+00  0.00000e+00  5.72232e-07
0393  8.30237e+18  2.16623e+03  2.08051e+06  1.29137e-19  0.00000e+00  0.00000e+00  5.69696e-07
0394  8.32079e+18  2.16281e+03  2.08275e+06  1.28087e-19  0.00000e+00  0.00000e+00  5.67177e-07
0395  8.33920e+18  2.15954e+03  2.08501e+06  1.27041e-19  0.00000e+00  0.00000e+00  5.64675e-07
0396  8.35762e+18  2.15636e+03  2.08727e+06  1.26002e-19  0.00000e+00  0.00000e+00  5.62189e-07
0397  8.37603e+18  2.15326e+03  2.08946e+06  1.24973e-19  0.00000e+00  0.00000e+00  5.59720e-07
0398  8.39445e+18  2.15019e+03  2.09157e+06  1.23954e-19  0.00000e+00  0.00000e+00  5.57267e-07
0399  8.41287e+18  2.14713e+03  2.09355e+06  1.22947e-19  0.00000e+00  0.00000e+00  5.54830e-07
0400  8.43128e+18  2.14409e+03  2.09538e+06  1.21952e-19  0.00000e+00  0.00000e+00  5.52409e-07
0401  8.44970e+18  2.14104e+03  2.09707e+06  1.20971e-19  0.00000e+00  0.00000e+00  5.50003e-07
0402  8.46811e+18  2.13795e+03  2.09863e+06  1.20003e-19  0.00000e+00  0.00000e+00  5.47614e-07
0403  8.48653e+18  2.13486e+03  2.10003e+06  1.19047e-19  0.00000e+00  0.00000e+00  5.45240e-07
0404  8.50494e+18  2.13181e+03  2.10127e+06  1.18103e-19  0.00000e+00  0.00000e+00  5.42881e-07
0405  8.52336e+18  2.12882e+03  2.10236e+06  1.17169e-19  0.00000e+00  0.00000e+00  5.40538e-07
0406  8.54177e+18  2.12590e+03  2.10331e+06  1.16244e-19  0.00000e+00  0.00000e+00  5.38209e-07
0407  8.56019e+18  2.12304e+03  2.10413e+06  1.15328e-19  0.00000e+00  0.00000e+00  5.35896e-07
0408  8.57861e+18  2.12024e+03  2.10486e+06  1.14421e-19  0.00000e+00  0.00000e+00  5.33598e-07
0409  8.59702e+18  2.11752e+03  2.10548e+06  1.13523e-19  0.00000e+00  0.00000e+00  5.31314e-07
0410  8.61544e+18  2.11488e+03  2.10603e+06  1.12632e-19  0.00000e+00  0.00000e+00  5.29045e-07
0411  8.63385e+18  2.11231e+03  2.10649e+06  1.11749e-19  0.00000e+00  0.00000e+00  5.26791e-07
0412  8.65227e+18  2.10982e+03  2.10688e+06  1.10873e-19  0.00000e+00  0.00000e+00  5.24551e-07
0413  8.67068e+18  2.10741e+03  2.10721e+06  1.10005e-19  0.00000e+00  0.00000e+00  5.22325e-07
0414  8.68910e+18  2.10505e+03  2.10747e+06  1.09144e-19  0.00000e+00  0.00000e+00  5.20113e-07
0415  8.70751e+18  2.10276e+03  2.10767e+06  1.08291e-19  0.00000e+00  0.00000e+00  5.17916e-07
0416  8.72593e+18  2.10053e+03  2.10781e+06  1.07446e-19  0.00000e+00  0.00000e+00  5.15732e-07
0417  8.74435e+18  2.09835e+03  2.10789e+06  1.06609e-19  0.00000e+00  0.00000e+00  5.13562e-07
0418  8.76276e+18  2.09621e+03  2.10790e+06  1.05779e-19  0.00000e+00  0.00000e+00  5.11406e-07
0419  8.78118e+18  2.09413e+03  2.10786e+06  1.04957e-19  0.00000e+00  0.00000e+00  5.09263e-07
0420  8.79959e+18  2.09208e+03  2.10776e+06  1.04143e-19  0.00000e+00  0.00000e+00  5.07134e-07
0421  8.81801e+18  2.09009e+03  2.10760e+06  1.03337e-19  0.00000e+00  0.00000e+00  5.05018e-07
0422  8.83642e+18  2.08813e+03  2.10738e+06  1.02538e-19  0.00000e+00  0.00000e+00  5.02915e-07
0423  8.85484e+18  2.08622e+03  2.10710e+06  1.01746e-19  0.00000e+00  0.00000e+00  5.00825e-07
0424  8.87326e+18  2.08436e+03  2.10676e+06  1.00963e-19  0.00000e+00  0.00000e+00  4.98749e-07
0425  8.89167e+18  2.08254e+03  2.10637e+06  1.00186e-19  0.00000e+00  0.00000e+00  4.96685e-07
0426  8.91009e+18  2.08076e+03  2.10592e+06  9.94168e-20  0.00000e+00  0.00000e+00  4.94634e-07
0427  8.92850e+18  2.07903e+03  2.10541e+06  9.86548e-20  0.00000e+00  0.00000e+00  4.92595e-07
0428  8.94692e+18  2.07733e+03  2.10485e+06  9.78998e-20  0.00000e+00  0.00000e+00  4.90570e-07
0429  8.96533e+18  2.07569e+03  2.10424e+06  9.71519e-20  0.00000e+00  0.00000e+00  4.88556e-07
0430  8.98375e+18  2.07408e+03  2.10357e+06  9.64109e-20  0.00000e+00  0.00000e+00  4.86555e-07
0431  9.00216e+18  2.07251e+03  2.10286e+06  9.56769e-20  0.00000e+00  0.00000e+00  4.84567e-07
0432  9.02058e+18  2.07099e+03  2.10208e+06  9.49497e-20  0.00000e+00  0.00000e+00  4.82590e-07
0433  9.03900e+18  2.06950e+03  2.10126e+06  9.42294e-20  0.00000e+00  0.00000e+00  4.80626e-07
0434  9.05741e+18  2.06805e+03  2.10039e+06  9.35157e-20  0.00000e+00  0.00000e+00  4.78674e-07
0435  9.07583e+18  2.06664e+03  2.09947e+06  9.28088e-20  0.00000e+00  0.00000e+00  4.76733e-07
0436  9.09424e+18  2.06527e+03  2.09850e+06  9.21085e-20  0.00000e+00  0.00000e+00  4.74804e-07
0437  9.11266e+18  2.06393e+03  2.09749e+06  9.14147e-20  0.00000e+00  0.00000e+00  4.72887e-07
0438  9.13107e+18  2.06263e+03  2.09642e+06  9.07275e-20  0.00000e+00  0.00000e+00  4.70982e-07
0439  9.14949e+18  2.06136e+03  2.09532e+06  9.00467e-20  0.00000e+00  0.00000e+00  4.69088e-07
0440  9.16790e+18  2.06011e+03  2.09417e+06  8.93723e-20  0.00000e+00  0.00000e+00  4.67205e-07
0441  9.18632e+18  2.05890e+03  2.09299e+06  8.87044e-20  0.00000e+00  0.00000e+00  4.65334e-07
0442  9.20474e+18  2.05770e+03  2.09176e+06  8.80428e-20  0.00000e+00  0.00000e+00  4.63474e-07
0443  9.22315e+18  2.05653e+03  2.09050e+06  8.73875e-20  0.00000e+00  0.00000e+00  4.61625e-07
0444  9.24157e+18  2.05538e+03  2.08920e+06  8.67386e-20  0.00000e+00  0.00000e+00  4.59787e-07
0445  9.25998e+18  2.05424e+03  2.08787e+06  8.60960e-20  0.00000e+00  0.00000e+00  4.57960e-07
0446  9.27840e+18  2.05312e+03  2.08650e+06  8.54596e-20  0.00000e+00  0.00000e+00  4.56144e-07
0447  9.29681e+18  2.05201e+03  2.08510e+06  8.48295e-20  0.00000e+00  0.00000e+00  4.54338e-07
0448  9.31523e+18  2.05091e+03  2.08366e+06  8.42056e-20  0.00000e+00  0.00000e+00  4.52544e-07
0449  9.33364e+18  2.04981e+03  2.08220e+06  8.35879e-20  0.00000e+00  0.00000e+00  4.50760e-07
0450  9.35206e+18  2.04872e+03  2.08070e+06  8.29763e-20  0.00000e+00  0.00000e+00  4.48986e-07
0451  9.37048e+18  2.04763e+03  2.07917e+06  8.23708e-20  0.00000e+00  0.00000e+00  4.47223e-07
0452  9.38889e+18  2.04654e+03  2.07761e+06  8.17715e-20  0.00000e+00  0.00000e+00  4.45470e-07
0453  9.40731e+18  2.04545e+03  2.07602e+06  8.11781e-20  0.00000e+00  0.00000e+00  4.43728e-07
0454  9.42572e+18  2.04436e+03  2.07440e+06  8.05907e-20  0.00000e+00  0.00000e+00  4.41996e-07
0455  9.44414e+18  2.04327e+03  2.07275e+06  8.00094e-20  0.00000e+00  0.00000e+00  4.40274e-07
0456  9.46255e+18  2.04217e+03  2.07107e+06  7.94339e-20  0.00000e+00  0.00000e+00  4.38562e-07
0457  9.48097e+18  2.04106e+03  2.06935e+06  7.88644e-20  0.00000e+00  0.00000e+00  4.36860e-07
0458  9.49939e+18  2.03995e+03  2.06760e+06  7.83008e-20  0.00000e+00  0.00000e+00  4.35168e-07
0459  9.51780e+18  2.03882e+03  2.06581e+06  7.77431e-20  0.00000e+00  0.00000e+00  4.33485e-07
0460  9.53622e+18  2.03769e+03  2.06398e+06  7.71912e-20  0.00000e+00  0.00000e+00  4.31813e-07
0461  9.55463e+18  2.03653e+03  2.06213e+06  7.66451e-20  0.00000e+00  0.00000e+00  4.30150e-07
0462  9.57305e+18  2.03537e+03  2.06023e+06  7.61048e-20  0.00000e+00  0.00000e+00  4.28496e-07
0463  9.59146e+18  2.03419e+03  2.05830e+06  7.55701e-20  0.00000e+00  0.00000e+00  4.26853e-07
0464  9.60988e+18  2.03300e+03  2.05634e+06  7.50409e-20  0.00000e+00  0.00000e+00  4.25218e-07
0465  9.62829e+18  2.03180e+03  2.05434e+06  7.45172e-20  0.00000e+00  0.00000e+00  4.23593e-07
0466  9.64671e+18  2.03059e+03  2.05232e+06  7.39987e-20  0.00000e+00  0.00000e+00  4.21977e-07
0467  9.66513e+18  2.02937e+03  2.05027e+06  7.34854e-20  0.00000e+00  0.00000e+00  4.20371e-07
0468  9.68354e+18  2.02816e+03  2.04819e+06  7.29770e-20  0.00000e+00  0.00000e+00  4.18773e-07
0469  9.70196e+18  2.02694e+03  2.04609e+06  7.24736e-20  0.00000e+00  0.00000e+00  4.17185e-07
0470  9.72037e+18  2.02572e+03  2.04397e+06  7.19749e-20  0.00000e+00  0.00000e+00  4.15606e-07
0471  9.73879e+18  2.02450e+03  2.04183e+06  7.14808e-20  0.00000e+00  0.00000e+00  4.14036e-07
0472  9.75720e+18  2.02329e+03  2.03968e+06  7.09913e-20  0.00000e+00  0.00000e+00  4.12474e-07
0473  9.77562e+18  2.02208e+03  2.03751e+06  7.05063e-20  0.00000e+00  0.00000e+00  4.10922e-07
0474  9.79403e+18  2.02087e+03  2.03533e+06  7.00256e-20  0.00000e+00  0.00000e+00  4.09378e-07
0475  9.81245e+18  2.01967e+03  2.03314e+06  6.95493e-20  0.00000e+00  0.00000e+00  4.07843e-07
0476  9.83087e+18  2.01848e+03  2.03094e+06  6.90772e-20  0.00000e+00  0.00000e+00  4.06316e-07
0477  9.84928e+18  2.01729e+03  2.02873e+06  6.86094e-20  0.00000e+00  0.00000e+00  4.04798e-07
0478  9.86770e+18  2.01610e+03  2.02651e+06  6.81457e-20  0.00000e+00  0.00000e+00  4.03289e-07
0479  9.88611e+18  2.01492e+03  2.02428e+06  6.76861e-20  0.00000e+00  0.00000e+00  4.01788e-07
0480  9.90453e+18  2.01374e+03  2.02205e+06  6.72305e-20  0.00000e+00  0.00000e+00  4.00295e-07
0481  9.92294e+18  2.01257e+03  2.01982e+06  6.67789e-20  0.00000e+00  0.00000e+00  3.98810e-07
0482  9.94136e+18  2.01140e+03  2.01758e+06  6.63312e-20  0.00000e+00  0.00000e+00  3.97334e-07
0483  9.95977e+18  2.01024e+03  2.01534e+06  6.58874e-20  0.00000e+00  0.00000e+00  3.95866e-07
0484  9.97819e+18  2.00908e+03  2.01311e+06  6.54473e-20  0.00000e+00  0.00000e+00  3.94406e-07
0485  9.99661e+18  2.00793e+03  2.01088e+06  6.50109e-20  0.00000e+00  0.00000e+00  3.92955e-07
0486  1.00150e+19  2.00679e+03  2.00866e+06  6.45780e-20  0.00000e+00  0.00000e+00  3.91511e-07
0487  1.00334e+19  2.00566e+03  2.00645e+06  6.41486e-20  0.00000e+00  0.00000e+00  3.90075e-07
0488  1.00519e+19  2.00454e+03  2.00425e+06  6.37225e-20  0.00000e+00  0.00000e+00  3.88647e-07
0489  1.00703e+19  2.00345e+03  2.00208e+06  6.32996e-20  0.00000e+00  0.00000e+00  3.87227e-07
0490  1.00887e+19  2.00238e+03  1.99992e+06  6.28796e-20  0.00000e+00  0.00000e+00  3.85814e-07
0491  1.01071e+19  2.00135e+03  1.99780e+06  6.24625e-20  0.00000e+00  0.00000e+00  3.84410e-07
0492  1.01255e+19  2.00035e+03  1.99571e+06  6.20480e-20  0.00000e+00  0.00000e+00  3.83013e-07
0493  1.01439e+19  1.99940e+03  1.99366e+06  6.16359e-20  0.00000e+00  0.00000e+00  3.81623e-07
0494  1.01623e+19  1.99850e+03  1.99165e+06  6.12260e-20  0.00000e+00  0.00000e+00  3.80242e-07
0495  1.01808e+19  1.99765e+03  1.98969e+06  6.08184e-20  0.00000e+00  0.00000e+00  3.78867e-07
0496  1.01992e+19  1.99687e+03  1.98778e+06  6.04127e-20  0.00000e+00  0.00000e+00  3.77500e-07
0497  1.02176e+19  1.99615e+03  1.98593e+06  6.00091e-20  0.00000e+00  0.00000e+00  3.76141e-07
0498  1.02360e+19  1.99549e+03  1.98412e+06  5.96074e-20  0.00000e+00  0.00000e+00  3.74789e-07
0499  1.02544e+19  1.99489e+03  1.98236e+06  5.92077e-20  0.00000e+00  0.00000e+00  3.73444e-07
0500  1.02728e+19  1.99435e+03  1.98066e+06  5.88102e-20  0.00000e+00  0.00000e+00  3.72106e-07
0501  1.02913e+19  1.99387e+03  1.97899e+06  5.84148e-20  0.00000e+00  0.00000e+00  3.70775e-07
0502  1.03097e+19  1.99343e+03  1.97736e+06  5.80217e-20  0.00000e+00  0.00000e+00  3.69452e-07
0503  1.03281e+19  1.99303e+03  1.97577e+06  5.76310e-20  0.00000e+00  0.00000e+00  3.68136e-07
0504  1.03465e+19  1.99268e+03  1.97421e+06  5.72428e-20  0.00000e+00  0.00000e+00  3.66826e-07
0505  1.03649e+19  1.99237e+03  1.97268e+06  5.68570e-20  0.00000e+00  0.00000e+00  3.65524e-07
0506  1.03833e+19  1.99209e+03  1.97118e+06  5.64738e-20  0.00000e+00  0.00000e+00  3.64229e-07
0507  1.04017e+19  1.99183e+03  1.96971e+06  5.60932e-20  0.00000e+00  0.00000e+00  3.62940e-07
0508  1.04202e+19  1.99161e+03  1.96825e+06  5.57152e-20  0.00000e+00  0.00000e+00  3.61658e-07
0509  1.04386e+19  1.99141e+03  1.96682e+06  5.53400e-20  0.00000e+00  0.00000e+00  3.60383e-07
0510  1.04570e+19  1.99123e+03  1.96540e+06  5.49676e-20  0.00000e+00  0.00000e+00  3.59115e-07
0511  1.04754e+19  1.99106e+03  1.96400e+06  5.45980e-20  0.00000e+00  0.00000e+00  3.57854e-07
0512  1.04938e+19  1.99090e+03  1.96260e+06  5.42314e-20  0.00000e+00  0.00000e+00  3.56599e-07
0513  1.05122e+19  1.99074e+03  1.96121e+06  5.38679e-20  0.00000e+00  0.00000e+00  3.55350e-07
0514  1.05307e+19  1.99059e+03  1.95981e+06  5.35074e-20  0.00000e+00  0.00000e+00  3.54109e-07
0515  1.05491e+19  1.99043e+03  1.95841e+06  5.31501e-20  0.00000e+00  0.00000e+00  3.52873e-07
0516  1.05675e+19  1.99027e+03  1.95700e+06  5.27960e-20  0.00000e+00  0.00000e+00  3.51645e-07
0517  1.05859e+19  1.99010e+03  1.95558e+06  5.24452e-20  0.00000e+00  0.00000e+00  3.50422e-07
0518  1.06043e+19  1.98992e+03  1.95414e+06  5.20976e-20  0.00000e+00  0.00000e+00  3.49206e-07
0519  1.06227e+19  1.98973e+03  1.95269e+06  5.17532e-20  0.00000e+00  0.00000e+00  3.47996e-07
0520  1.06412e+19  1.98952e+03  1.95122e+06  5.14121e-20  0.00000e+00  0.00000e+00  3.46793e-07
0521  1.06596e+19  1.98930e+03  1.94973e+06  5.10741e-20  0.00000e+00  0.00000e+00  3.45596e-07
0522  1.06780e+19  1.98910e+03  1.94825e+06  5.07388e-20  0.00000e+00  0.00000e+00  3.44405e-07
0523  1.06964e+19  1.98894e+03  1.94681e+06  5.04052e-20  0.00000e+00  0.00000e+00  3.43220e-07
0524  1.07148e+19  1.98893e+03  1.94551e+06  5.00713e-20  0.00000e+00  0.00000e+00  3.42041e-07
0525  1.07332e+19  1.98921e+03  1.94448e+06  4.97341e-20  0.00000e+00  0.00000e+00  3.40868e-07
0526  1.07516e+19  1.98999e+03  1.94394e+06  4.93889e-20  0.00000e+00  0.00000e+00  3.39702e-07
0527  1.07701e+19  1.99149e+03  1.94411e+06  4.90313e-20  0.00000e+00  0.00000e+00  3.38541e-07
0528  1.07885e+19  1.99373e+03  1.94500e+06  4.86610e-20  0.00000e+00  0.00000e+00  3.37386e-07
0529  1.08069e+19  1.99582e+03  1.94575e+06  4.82972e-20  0.00000e+00  0.00000e+00  3.36237e-07
0530  1.08253e+19  1.99516e+03  1.94381e+06  4.79943e-20  0.00000e+00  0.00000e+00  3.35094e-07
0531  1.08437e+19  1.99010e+03  1.93758e+06  4.77855e-20  0.00000e+00  0.00000e+00  3.33957e-07
0532  1.08621e+19  1.98334e+03  1.92968e+06  4.76134e-20  0.00000e+00  0.00000e+00  3.32826e-07
0533  1.08806e+19  1.97610e+03  1.92129e+06  4.74524e-20  0.00000e+00  0.00000e+00  3.31700e-07
0534  1.08990e+19  1.96757e+03  1.91162e+06  4.73190e-20  0.00000e+00  0.00000e+00  3.30580e-07
0535  1.09174e+19  1.95656e+03  1.89952e+06  4.72367e-20  0.00000e+00  0.00000e+00  3.29466e-07
0536  1.09358e+19  1.94150e+03  1.88347e+06  4.72365e-20  0.00000e+00  0.00000e+00  3.28357e-07
0537  1.09542e+19  1.92040e+03  1.86150e+06  4.73574e-20  0.00000e+00  0.00000e+00  3.27254e-07
0538  1.09726e+19  1.89083e+03  1.83127e+06  4.74990e-20  0.00000e+00  0.00000e+00  3.26156e-07
0539  1.09910e+19  1.85013e+03  1.79018e+06  4.80379e-20  0.00000e+00  0.00000e+00  3.25064e-07
0540  1.10095e+19  1.79574e+03  1.73574e+06  4.90271e-20  0.00000e+00  0.00000e+00  3.23978e-07
0541  1.10279e+19  1.72574e+03  1.66608e+06  5.07120e-20  0.00000e+00  0.00000e+00  3.22897e-07
0542  1.10463e+19  1.63961e+03  1.58070e+06  5.29247e-20  0.00000e+00  0.00000e+00  3.21821e-07
0543  1.10647e+19  1.53882e+03  1.48103e+06  5.58989e-20  0.00000e+00  0.00000e+00  3.20751e-07
0544  1.10831e+19  1.42711e+03  1.37070e+06  5.96766e-20  0.00000e+00  0.00000e+00  3.19686e-07
0545  1.11015e+19  1.30997e+03  1.25504e+06  6.49505e-20  0.00000e+00  0.00000e+00  3.18626e-07
0546  1.11200e+19  1.19354e+03  1.14001e+06  7.21925e-20  0.00000e+00  0.00000e+00  3.17571e-07
0547  1.11384e+19  1.08338e+03  1.03097e+06  8.25299e-20  0.00000e+00  0.00000e+00  3.16522e-07
0548  1.11568e+19  9.83680e+02  9.31963e+05  9.57605e-20  0.00000e+00  0.00000e+00  3.15478e-07
0549  1.11752e+19  8.97392e+02  8.45794e+05  1.11778e-19  0.00000e+00  0.00000e+00  3.14439e-07
0550  1.11936e+19  8.27288e+02  7.75046e+05  1.30299e-19  0.00000e+00  0.00000e+00  3.13405e-07
0551  1.12120e+19  7.77429e+02  7.23391e+05  1.46669e-19  0.00000e+00  0.00000e+00  3.12377e-07
0552  1.12305e+19  7.51174e+02  6.93820e+05  1.57185e-19  0.00000e+00  0.00000e+00  3.11353e-07
0553  1.12489e+19  7.42935e+02  6.80671e+05  1.61218e-19  0.00000e+00  0.00000e+00  3.10335e-07
0554  1.12673e+19  7.40223e+02  6.73504e+05  1.62780e-19  0.00000e+00  0.00000e+00  3.09321e-07
0555  1.12857e+19  7.38576e+02  6.62257e+05  1.65562e-19  0.00000e+00  0.00000e+00  3.08312e-07
