# Athena++ data at time=3.100000e+12  cycle=207731507  variables=prim 
# i       x1v         rho          press          vel1         vel2         vel3     
0002  1.13875e+18  2.14917e-18  8.97288e-06 -4.09905e+05  1.46607e-09  0.00000e+00
0003  1.15716e+18  9.91629e-19  5.45974e-06  2.43374e+05  7.94225e-03  0.00000e+00
0004  1.17558e+18  6.41328e-19  4.33787e-06  3.11010e+05  1.74490e-02  0.00000e+00
0005  1.19399e+18  4.31104e-19  3.63787e-06  4.30560e+05  2.60479e-02  0.00000e+00
0006  1.21241e+18  2.83233e-19  3.17900e-06  6.29799e+05  3.35322e-02  0.00000e+00
0007  1.23082e+18  1.70300e-19  2.89047e-06  9.58833e+05  4.02444e-02  0.00000e+00
0008  1.24924e+18  1.39959e-19  2.63510e-06  1.18814e+06  4.62685e-02  0.00000e+00
0009  1.26765e+18  1.25897e-19  2.48297e-06  1.25593e+06  5.18611e-02  0.00000e+00
0010  1.28607e+18  1.14920e-19  2.34281e-06  1.33164e+06  5.70987e-02  0.00000e+00
0011  1.30448e+18  1.06807e-19  2.21667e-06  1.39393e+06  6.20213e-02  0.00000e+00
0012  1.32290e+18  9.98212e-20  2.10597e-06  1.44773e+06  6.66699e-02  0.00000e+00
0013  1.34131e+18  9.33754e-20  2.00337e-06  1.50513e+06  7.10671e-02  0.00000e+00
0014  1.35973e+18  8.75271e-20  1.90946e-06  1.56226e+06  7.52343e-02  0.00000e+00
0015  1.37814e+18  8.24467e-20  1.82313e-06  1.61523e+06  7.91895e-02  0.00000e+00
0016  1.39656e+18  7.78987e-20  1.74460e-06  1.66419e+06  8.29521e-02  0.00000e+00
0017  1.41497e+18  7.37066e-20  1.67192e-06  1.71294e+06  8.65371e-02  0.00000e+00
0018  1.43339e+18  6.98619e-20  1.60486e-06  1.76055e+06  8.99595e-02  0.00000e+00
0019  1.45180e+18  6.67336e-20  1.54177e-06  1.79937e+06  9.32273e-02  0.00000e+00
0020  1.47022e+18  6.35992e-20  1.48580e-06  1.83764e+06  9.63598e-02  0.00000e+00
0021  1.48863e+18  6.04282e-20  1.43102e-06  1.88647e+06  9.93620e-02  0.00000e+00
0022  1.50705e+18  5.78176e-20  1.37955e-06  1.92672e+06  1.02239e-01  0.00000e+00
0023  1.52546e+18  5.54050e-20  1.33381e-06  1.96038e+06  1.05006e-01  0.00000e+00
0024  1.54388e+18  5.30347e-20  1.28962e-06  1.99947e+06  1.07669e-01  0.00000e+00
0027  1.56229e+18  5.07949e-20  1.24805e-06  2.03892e+06  1.10233e-01  0.00000e+00
0028  1.58071e+18  4.86934e-20  1.20910e-06  2.07768e+06  1.12705e-01  0.00000e+00
0029  1.59912e+18  4.67098e-20  1.17249e-06  2.11630e+06  1.15091e-01  0.00000e+00
0030  1.61754e+18  4.48266e-20  1.13797e-06  2.15527e+06  1.17397e-01  0.00000e+00
0031  1.63595e+18  4.30294e-20  1.10538e-06  2.19498e+06  1.19628e-01  0.00000e+00
0032  1.65437e+18  4.13068e-20  1.07460e-06  2.23568e+06  1.21787e-01  0.00000e+00
0033  1.67278e+18  3.96697e-20  1.04558e-06  2.27656e+06  1.23880e-01  0.00000e+00
0034  1.69120e+18  3.82102e-20  1.01826e-06  2.31307e+06  1.25911e-01  0.00000e+00
0035  1.70961e+18  3.69329e-20  9.93140e-07  2.34187e+06  1.27886e-01  0.00000e+00
0036  1.72803e+18  3.57888e-20  9.69653e-07  2.36567e+06  1.29809e-01  0.00000e+00
0037  1.74644e+18  3.46969e-20  9.47576e-07  2.38849e+06  1.31685e-01  0.00000e+00
0038  1.76486e+18  3.36164e-20  9.26286e-07  2.41396e+06  1.33516e-01  0.00000e+00
0039  1.78328e+18  3.25520e-20  9.05812e-07  2.44168e+06  1.35305e-01  0.00000e+00
0040  1.80169e+18  3.15138e-20  8.86202e-07  2.47082e+06  1.37052e-01  0.00000e+00
0041  1.82011e+18  3.05041e-20  8.67463e-07  2.50105e+06  1.38761e-01  0.00000e+00
0042  1.83852e+18  2.95118e-20  8.49574e-07  2.53302e+06  1.40434e-01  0.00000e+00
0043  1.85694e+18  2.84965e-20  8.32596e-07  2.56736e+06  1.42071e-01  0.00000e+00
0044  1.87535e+18  2.77607e-20  8.16572e-07  2.59854e+06  1.43661e-01  0.00000e+00
0045  1.89377e+18  2.73640e-20  8.00760e-07  2.61405e+06  1.45201e-01  0.00000e+00
0046  1.91218e+18  2.67808e-20  7.85527e-07  2.60736e+06  1.46785e-01  0.00000e+00
0047  1.93060e+18  2.48842e-20  7.77524e-07  2.62645e+06  1.48514e-01  0.00000e+00
0048  1.94901e+18  2.27230e-20  7.61449e-07  2.72141e+06  1.50167e-01  0.00000e+00
0049  1.96743e+18  2.28104e-20  7.47110e-07  2.82369e+06  1.51443e-01  0.00000e+00
0050  1.98584e+18  2.47176e-20  7.30394e-07  2.72039e+06  1.52408e-01  0.00000e+00
0051  2.00426e+18  2.86255e-20  7.37312e-07  2.46365e+06  1.53576e-01  0.00000e+00
0052  2.02267e+18  2.94859e-20  7.36025e-07  2.29163e+06  1.55203e-01  0.00000e+00
0053  2.04109e+18  2.90104e-20  7.23252e-07  2.27304e+06  1.57002e-01  0.00000e+00
0054  2.05951e+18  2.82444e-20  7.07773e-07  2.27138e+06  1.58515e-01  0.00000e+00
0055  2.07792e+18  2.73823e-20  6.91668e-07  2.27909e+06  1.59690e-01  0.00000e+00
0056  2.09634e+18  2.65834e-20  6.76532e-07  2.29597e+06  1.60760e-01  0.00000e+00
0057  2.11475e+18  2.58777e-20  6.62574e-07  2.32092e+06  1.61918e-01  0.00000e+00
0058  2.13317e+18  2.52327e-20  6.49435e-07  2.35188e+06  1.63199e-01  0.00000e+00
0059  2.15158e+18  2.46319e-20  6.36933e-07  2.38631e+06  1.64501e-01  0.00000e+00
0060  2.17000e+18  2.40850e-20  6.25112e-07  2.42215e+06  1.65710e-01  0.00000e+00
0061  2.18841e+18  2.36104e-20  6.14080e-07  2.45754e+06  1.66816e-01  0.00000e+00
0062  2.20683e+18  2.32145e-20  6.03859e-07  2.49014e+06  1.67886e-01  0.00000e+00
0063  2.22524e+18  2.28867e-20  5.94355e-07  2.51766e+06  1.68989e-01  0.00000e+00
0064  2.24366e+18  2.26002e-20  5.85362e-07  2.53895e+06  1.70143e-01  0.00000e+00
0065  2.26207e+18  2.23067e-20  5.76496e-07  2.55259e+06  1.71309e-01  0.00000e+00
0066  2.28049e+18  2.19668e-20  5.67403e-07  2.55804e+06  1.72432e-01  0.00000e+00
0067  2.29891e+18  2.15851e-20  5.58098e-07  2.55939e+06  1.73492e-01  0.00000e+00
0068  2.31732e+18  2.11805e-20  5.48743e-07  2.56172e+06  1.74509e-01  0.00000e+00
0069  2.33574e+18  2.07449e-20  5.39283e-07  2.56858e+06  1.75514e-01  0.00000e+00
0070  2.35415e+18  2.03018e-20  5.29934e-07  2.58134e+06  1.76518e-01  0.00000e+00
0071  2.37257e+18  1.98751e-20  5.20888e-07  2.59776e+06  1.77480e-01  0.00000e+00
0072  2.39098e+18  1.94934e-20  5.12320e-07  2.61755e+06  1.78352e-01  0.00000e+00
0073  2.40940e+18  1.93069e-20  5.05418e-07  2.64225e+06  1.79238e-01  0.00000e+00
0074  2.42781e+18  1.89226e-20  4.97154e-07  2.60154e+06  1.80596e-01  0.00000e+00
0075  2.44623e+18  1.39547e-20  4.86728e-07  2.73783e+06  1.83125e-01  0.00000e+00
0076  2.46464e+18  6.92026e-21  4.90294e-07  3.65551e+06  1.86968e-01  0.00000e+00
0077  2.48306e+18  4.21662e-21  4.56098e-07  5.06166e+06  1.91756e-01  0.00000e+00
0078  2.50147e+18  3.31438e-21  4.45914e-07  5.68080e+06  1.97131e-01  0.00000e+00
0079  2.51989e+18  2.86291e-21  4.39530e-07  6.09974e+06  2.02884e-01  0.00000e+00
0080  2.53831e+18  2.57255e-21  4.34119e-07  6.44287e+06  2.08904e-01  0.00000e+00
0081  2.55672e+18  2.36031e-21  4.29201e-07  6.73668e+06  2.15136e-01  0.00000e+00
0082  2.57514e+18  2.18885e-21  4.24766e-07  7.00051e+06  2.21543e-01  0.00000e+00
0083  2.59355e+18  2.04359e-21  4.20452e-07  7.25259e+06  2.28081e-01  0.00000e+00
0084  2.61197e+18  1.91867e-21  4.16423e-07  7.49239e+06  2.34714e-01  0.00000e+00
0085  2.63038e+18  1.80936e-21  4.12717e-07  7.72337e+06  2.41412e-01  0.00000e+00
0086  2.64880e+18  1.71318e-21  4.09279e-07  7.94675e+06  2.48156e-01  0.00000e+00
0087  2.66721e+18  1.62823e-21  4.06117e-07  8.15978e+06  2.54938e-01  0.00000e+00
0088  2.68563e+18  1.55243e-21  4.03202e-07  8.36163e+06  2.61761e-01  0.00000e+00
0089  2.70404e+18  1.48411e-21  4.00441e-07  8.55279e+06  2.68637e-01  0.00000e+00
0090  2.72246e+18  1.42184e-21  3.97818e-07  8.73325e+06  2.75587e-01  0.00000e+00
0091  2.74088e+18  1.36461e-21  3.95286e-07  8.90423e+06  2.82635e-01  0.00000e+00
0092  2.75929e+18  1.31171e-21  3.92842e-07  9.06624e+06  2.89808e-01  0.00000e+00
0093  2.77771e+18  1.26259e-21  3.90484e-07  9.22003e+06  2.97133e-01  0.00000e+00
0094  2.79612e+18  1.21677e-21  3.88214e-07  9.36607e+06  3.04638e-01  0.00000e+00
0095  2.81454e+18  1.17389e-21  3.86036e-07  9.50438e+06  3.12348e-01  0.00000e+00
0096  2.83295e+18  1.13364e-21  3.83957e-07  9.63474e+06  3.20286e-01  0.00000e+00
0097  2.85137e+18  1.09571e-21  3.81990e-07  9.75728e+06  3.28472e-01  0.00000e+00
0098  2.86978e+18  1.05998e-21  3.80143e-07  9.87207e+06  3.36922e-01  0.00000e+00
0099  2.88820e+18  1.02635e-21  3.78441e-07  9.97881e+06  3.45648e-01  0.00000e+00
0100  2.90661e+18  9.94700e-22  3.76889e-07  1.00779e+07  3.54657e-01  0.00000e+00
0101  2.92503e+18  9.64929e-22  3.75481e-07  1.01701e+07  3.63949e-01  0.00000e+00
0102  2.94345e+18  9.36937e-22  3.74205e-07  1.02556e+07  3.73518e-01  0.00000e+00
0103  2.96186e+18  9.10642e-22  3.73044e-07  1.03347e+07  3.83350e-01  0.00000e+00
0104  2.98028e+18  8.85940e-22  3.71957e-07  1.04080e+07  3.93427e-01  0.00000e+00
0105  2.99869e+18  8.62728e-22  3.70901e-07  1.04764e+07  4.03725e-01  0.00000e+00
0106  3.01711e+18  8.41016e-22  3.69885e-07  1.05389e+07  4.14218e-01  0.00000e+00
0107  3.03552e+18  8.20731e-22  3.68922e-07  1.05942e+07  4.24880e-01  0.00000e+00
0108  3.05394e+18  8.01473e-22  3.67936e-07  1.06460e+07  4.35707e-01  0.00000e+00
0109  3.07235e+18  7.83279e-22  3.66854e-07  1.06980e+07  4.46754e-01  0.00000e+00
0110  3.09077e+18  7.67101e-22  3.65881e-07  1.07420e+07  4.57980e-01  0.00000e+00
0111  3.10918e+18  7.51284e-22  3.65125e-07  1.07718e+07  4.69000e-01  0.00000e+00
0112  3.12760e+18  7.28723e-22  3.64257e-07  1.08036e+07  4.80421e-01  0.00000e+00
0113  3.14602e+18  7.10686e-22  3.62998e-07  1.08559e+07  4.96757e-01  0.00000e+00
0114  3.16443e+18  7.15230e-22  3.62058e-07  1.08774e+07  5.14798e-01  0.00000e+00
0115  3.18285e+18  8.04474e-22  3.62206e-07  1.08728e+07  5.14733e-01  0.00000e+00
0116  3.20126e+18  1.74284e-21  3.62462e-07  1.08665e+07  4.87546e-01  0.00000e+00
0117  3.21968e+18  7.94189e-21  3.10456e-07  1.01396e+07  3.73764e-01  0.00000e+00
0118  3.23809e+18  1.53292e-20  3.38544e-07  8.28926e+06  2.50233e-01  0.00000e+00
0119  3.25651e+18  1.53475e-20  3.34152e-07  7.89698e+06  1.76372e-01  0.00000e+00
0120  3.27492e+18  1.48079e-20  3.25408e-07  7.90612e+06  1.54034e-01  0.00000e+00
0121  3.29334e+18  1.40197e-20  3.13782e-07  7.92202e+06  1.51782e-01  0.00000e+00
0122  3.31176e+18  1.32524e-20  3.02632e-07  7.91833e+06  1.51800e-01  0.00000e+00
0123  3.33017e+18  1.25692e-20  2.91642e-07  7.90566e+06  1.52054e-01  0.00000e+00
0124  3.34859e+18  1.19176e-20  2.82001e-07  7.88194e+06  1.52752e-01  0.00000e+00
0125  3.36700e+18  1.12592e-20  2.72379e-07  7.85713e+06  1.53987e-01  0.00000e+00
0126  3.38542e+18  1.06176e-20  2.63525e-07  7.85129e+06  1.55686e-01  0.00000e+00
0127  3.40383e+18  9.90315e-21  2.54878e-07  7.85612e+06  1.57695e-01  0.00000e+00
0128  3.42225e+18  8.68723e-21  2.45267e-07  7.87109e+06  1.59841e-01  0.00000e+00
0129  3.44066e+18  6.33517e-21  2.45542e-07  8.13448e+06  1.61904e-01  0.00000e+00
0130  3.45908e+18  3.86973e-21  2.26801e-07  9.35570e+06  1.63800e-01  0.00000e+00
0131  3.47749e+18  2.62912e-21  2.08327e-07  1.05892e+07  1.65611e-01  0.00000e+00
0132  3.49591e+18  2.07503e-21  1.98108e-07  1.14416e+07  1.67360e-01  0.00000e+00
0133  3.51433e+18  1.78080e-21  1.90897e-07  1.20831e+07  1.69052e-01  0.00000e+00
0134  3.53274e+18  1.59319e-21  1.85098e-07  1.26062e+07  1.70694e-01  0.00000e+00
0135  3.55116e+18  1.45689e-21  1.80039e-07  1.30642e+07  1.72294e-01  0.00000e+00
0136  3.56957e+18  1.35048e-21  1.75542e-07  1.34756e+07  1.73862e-01  0.00000e+00
0137  3.58799e+18  1.26329e-21  1.71477e-07  1.38517e+07  1.75405e-01  0.00000e+00
0138  3.60640e+18  1.18957e-21  1.67742e-07  1.42003e+07  1.76928e-01  0.00000e+00
0139  3.62482e+18  1.12592e-21  1.64272e-07  1.45258e+07  1.78432e-01  0.00000e+00
0140  3.64323e+18  1.06966e-21  1.61035e-07  1.48349e+07  1.79920e-01  0.00000e+00
0141  3.66165e+18  1.01947e-21  1.57964e-07  1.51314e+07  1.81390e-01  0.00000e+00
0142  3.68007e+18  9.74451e-22  1.55067e-07  1.54141e+07  1.82843e-01  0.00000e+00
0143  3.69848e+18  9.33685e-22  1.52316e-07  1.56853e+07  1.84278e-01  0.00000e+00
0144  3.71690e+18  8.96566e-22  1.49699e-07  1.59461e+07  1.85695e-01  0.00000e+00
0145  3.73531e+18  8.62650e-22  1.47209e-07  1.61970e+07  1.87095e-01  0.00000e+00
0146  3.75373e+18  8.31549e-22  1.44840e-07  1.64381e+07  1.88477e-01  0.00000e+00
0147  3.77214e+18  8.02931e-22  1.42586e-07  1.66697e+07  1.89844e-01  0.00000e+00
0148  3.79056e+18  7.76529e-22  1.40439e-07  1.68920e+07  1.91197e-01  0.00000e+00
0149  3.80897e+18  7.52043e-22  1.38391e-07  1.71056e+07  1.92538e-01  0.00000e+00
0150  3.82739e+18  7.29108e-22  1.36423e-07  1.73130e+07  1.93869e-01  0.00000e+00
0151  3.84581e+18  7.07515e-22  1.34521e-07  1.75155e+07  1.95192e-01  0.00000e+00
0152  3.86422e+18  6.87150e-22  1.32685e-07  1.77128e+07  1.96510e-01  0.00000e+00
0153  3.88264e+18  6.67919e-22  1.30915e-07  1.79047e+07  1.97824e-01  0.00000e+00
0154  3.90105e+18  6.49741e-22  1.29211e-07  1.80911e+07  1.99136e-01  0.00000e+00
0155  3.91947e+18  6.32545e-22  1.27572e-07  1.82718e+07  2.00448e-01  0.00000e+00
0156  3.93788e+18  6.16264e-22  1.25997e-07  1.84468e+07  2.01760e-01  0.00000e+00
0157  3.95630e+18  6.00839e-22  1.24485e-07  1.86159e+07  2.03074e-01  0.00000e+00
0158  3.97471e+18  5.86214e-22  1.23033e-07  1.87794e+07  2.04389e-01  0.00000e+00
0159  3.99313e+18  5.72332e-22  1.21637e-07  1.89374e+07  2.05707e-01  0.00000e+00
0160  4.01155e+18  5.59134e-22  1.20292e-07  1.90902e+07  2.07025e-01  0.00000e+00
0161  4.02996e+18  5.46567e-22  1.18994e-07  1.92384e+07  2.08345e-01  0.00000e+00
0162  4.04838e+18  5.34586e-22  1.17741e-07  1.93820e+07  2.09665e-01  0.00000e+00
0163  4.06679e+18  5.23161e-22  1.16531e-07  1.95212e+07  2.10984e-01  0.00000e+00
0164  4.08521e+18  5.12264e-22  1.15363e-07  1.96560e+07  2.12303e-01  0.00000e+00
0165  4.10362e+18  5.01870e-22  1.14239e-07  1.97861e+07  2.13621e-01  0.00000e+00
0166  4.12204e+18  4.91957e-22  1.13157e-07  1.99116e+07  2.14936e-01  0.00000e+00
0167  4.14045e+18  4.82499e-22  1.12117e-07  2.00323e+07  2.16250e-01  0.00000e+00
0168  4.15887e+18  4.73471e-22  1.11119e-07  2.01483e+07  2.17562e-01  0.00000e+00
0169  4.17728e+18  4.64845e-22  1.10158e-07  2.02599e+07  2.18872e-01  0.00000e+00
0170  4.19570e+18  4.56595e-22  1.09234e-07  2.03672e+07  2.20181e-01  0.00000e+00
0171  4.21412e+18  4.48693e-22  1.08341e-07  2.04706e+07  2.21489e-01  0.00000e+00
0172  4.23253e+18  4.41116e-22  1.07478e-07  2.05703e+07  2.22796e-01  0.00000e+00
0173  4.25095e+18  4.33843e-22  1.06643e-07  2.06665e+07  2.24104e-01  0.00000e+00
0174  4.26936e+18  4.26857e-22  1.05835e-07  2.07591e+07  2.25411e-01  0.00000e+00
0175  4.28778e+18  4.20148e-22  1.05055e-07  2.08483e+07  2.26719e-01  0.00000e+00
0176  4.30619e+18  4.13701e-22  1.04302e-07  2.09337e+07  2.28029e-01  0.00000e+00
0177  4.32461e+18  4.07491e-22  1.03578e-07  2.10158e+07  2.29339e-01  0.00000e+00
0178  4.34302e+18  4.01518e-22  1.02881e-07  2.10942e+07  2.30651e-01  0.00000e+00
0179  4.36144e+18  3.95768e-22  1.02210e-07  2.11691e+07  2.31965e-01  0.00000e+00
0180  4.37986e+18  3.90224e-22  1.01563e-07  2.12410e+07  2.33281e-01  0.00000e+00
0181  4.39827e+18  3.84874e-22  1.00937e-07  2.13100e+07  2.34598e-01  0.00000e+00
0182  4.41669e+18  3.79708e-22  1.00330e-07  2.13765e+07  2.35916e-01  0.00000e+00
0183  4.43510e+18  3.74715e-22  9.97388e-08  2.14407e+07  2.37234e-01  0.00000e+00
0184  4.45352e+18  3.69887e-22  9.91636e-08  2.15026e+07  2.38554e-01  0.00000e+00
0185  4.47193e+18  3.65218e-22  9.86037e-08  2.15624e+07  2.39874e-01  0.00000e+00
0186  4.49035e+18  3.60703e-22  9.80596e-08  2.16199e+07  2.41196e-01  0.00000e+00
0187  4.50876e+18  3.56338e-22  9.75320e-08  2.16750e+07  2.42520e-01  0.00000e+00
0188  4.52718e+18  3.52116e-22  9.70218e-08  2.17277e+07  2.43849e-01  0.00000e+00
0189  4.54560e+18  3.48032e-22  9.65294e-08  2.17777e+07  2.45184e-01  0.00000e+00
0190  4.56401e+18  3.44075e-22  9.60545e-08  2.18251e+07  2.46529e-01  0.00000e+00
0191  4.58243e+18  3.40233e-22  9.55959e-08  2.18701e+07  2.47888e-01  0.00000e+00
0192  4.60084e+18  3.36494e-22  9.51521e-08  2.19129e+07  2.49267e-01  0.00000e+00
0193  4.61926e+18  3.32841e-22  9.47212e-08  2.19536e+07  2.50670e-01  0.00000e+00
0194  4.63767e+18  3.29260e-22  9.43015e-08  2.19926e+07  2.52104e-01  0.00000e+00
0195  4.65609e+18  3.25738e-22  9.38918e-08  2.20299e+07  2.53575e-01  0.00000e+00
0196  4.67450e+18  3.22264e-22  9.34915e-08  2.20657e+07  2.55090e-01  0.00000e+00
0197  4.69292e+18  3.18829e-22  9.31010e-08  2.20998e+07  2.56656e-01  0.00000e+00
0198  4.71134e+18  3.15427e-22  9.27209e-08  2.21323e+07  2.58278e-01  0.00000e+00
0199  4.72975e+18  3.12054e-22  9.23520e-08  2.21629e+07  2.59960e-01  0.00000e+00
0200  4.74817e+18  3.08709e-22  9.19949e-08  2.21915e+07  2.61706e-01  0.00000e+00
0201  4.76658e+18  3.05391e-22  9.16499e-08  2.22181e+07  2.63515e-01  0.00000e+00
0202  4.78500e+18  3.02106e-22  9.13167e-08  2.22428e+07  2.65386e-01  0.00000e+00
0203  4.80341e+18  2.98859e-22  9.09944e-08  2.22655e+07  2.67312e-01  0.00000e+00
0204  4.82183e+18  2.95659e-22  9.06818e-08  2.22866e+07  2.69283e-01  0.00000e+00
0205  4.84024e+18  2.92520e-22  9.03775e-08  2.23061e+07  2.71287e-01  0.00000e+00
0206  4.85866e+18  2.89458e-22  9.00803e-08  2.23243e+07  2.73306e-01  0.00000e+00
0207  4.87708e+18  2.86491e-22  8.97894e-08  2.23413e+07  2.75319e-01  0.00000e+00
0208  4.89549e+18  2.83640e-22  8.95043e-08  2.23571e+07  2.77304e-01  0.00000e+00
0209  4.91391e+18  2.80925e-22  8.92252e-08  2.23718e+07  2.79237e-01  0.00000e+00
0210  4.93232e+18  2.78363e-22  8.89526e-08  2.23853e+07  2.81098e-01  0.00000e+00
0211  4.95074e+18  2.75966e-22  8.86870e-08  2.23975e+07  2.82867e-01  0.00000e+00
0212  4.96915e+18  2.73740e-22  8.84289e-08  2.24083e+07  2.84531e-01  0.00000e+00
0213  4.98757e+18  2.71684e-22  8.81785e-08  2.24178e+07  2.86083e-01  0.00000e+00
0214  5.00598e+18  2.69789e-22  8.79355e-08  2.24259e+07  2.87525e-01  0.00000e+00
0215  5.02440e+18  2.68037e-22  8.76994e-08  2.24328e+07  2.88863e-01  0.00000e+00
0216  5.04282e+18  2.66409e-22  8.74693e-08  2.24386e+07  2.90112e-01  0.00000e+00
0217  5.06123e+18  2.64879e-22  8.72440e-08  2.24435e+07  2.91290e-01  0.00000e+00
0218  5.07965e+18  2.63423e-22  8.70224e-08  2.24477e+07  2.92419e-01  0.00000e+00
0219  5.09806e+18  2.62016e-22  8.68039e-08  2.24513e+07  2.93519e-01  0.00000e+00
0220  5.11648e+18  2.60638e-22  8.65880e-08  2.24544e+07  2.94612e-01  0.00000e+00
0221  5.13489e+18  2.59273e-22  8.63749e-08  2.24569e+07  2.95716e-01  0.00000e+00
0222  5.15331e+18  2.57907e-22  8.61644e-08  2.24589e+07  2.96847e-01  0.00000e+00
0223  5.17172e+18  2.56535e-22  8.59582e-08  2.24602e+07  2.98016e-01  0.00000e+00
0224  5.19014e+18  2.55149e-22  8.57552e-08  2.24607e+07  2.99231e-01  0.00000e+00
0225  5.20856e+18  2.53751e-22  8.55565e-08  2.24603e+07  3.00497e-01  0.00000e+00
0226  5.22697e+18  2.52346e-22  8.53631e-08  2.24590e+07  3.01812e-01  0.00000e+00
0227  5.24539e+18  2.50939e-22  8.51743e-08  2.24569e+07  3.03174e-01  0.00000e+00
0228  5.26380e+18  2.49535e-22  8.49898e-08  2.24541e+07  3.04575e-01  0.00000e+00
0229  5.28222e+18  2.48143e-22  8.48088e-08  2.24505e+07  3.06009e-01  0.00000e+00
0230  5.30063e+18  2.46768e-22  8.46305e-08  2.24463e+07  3.07465e-01  0.00000e+00
0231  5.31905e+18  2.45417e-22  8.44542e-08  2.24417e+07  3.08935e-01  0.00000e+00
0232  5.33746e+18  2.44094e-22  8.42795e-08  2.24367e+07  3.10412e-01  0.00000e+00
0233  5.35588e+18  2.42804e-22  8.41061e-08  2.24315e+07  3.11889e-01  0.00000e+00
0234  5.37430e+18  2.41546e-22  8.39340e-08  2.24259e+07  3.13364e-01  0.00000e+00
0235  5.39271e+18  2.40321e-22  8.37633e-08  2.24200e+07  3.14834e-01  0.00000e+00
0236  5.41113e+18  2.39128e-22  8.35945e-08  2.24138e+07  3.16299e-01  0.00000e+00
0237  5.42954e+18  2.37966e-22  8.34279e-08  2.24071e+07  3.17762e-01  0.00000e+00
0238  5.44796e+18  2.36834e-22  8.32638e-08  2.24000e+07  3.19224e-01  0.00000e+00
0239  5.46637e+18  2.35728e-22  8.31025e-08  2.23923e+07  3.20688e-01  0.00000e+00
0240  5.48479e+18  2.34647e-22  8.29440e-08  2.23841e+07  3.22158e-01  0.00000e+00
0241  5.50320e+18  2.33587e-22  8.27881e-08  2.23753e+07  3.23637e-01  0.00000e+00
0242  5.52162e+18  2.32546e-22  8.26348e-08  2.23661e+07  3.25126e-01  0.00000e+00
0243  5.54004e+18  2.31523e-22  8.24837e-08  2.23565e+07  3.26628e-01  0.00000e+00
0244  5.55845e+18  2.30515e-22  8.23344e-08  2.23465e+07  3.28143e-01  0.00000e+00
0245  5.57687e+18  2.29522e-22  8.21869e-08  2.23361e+07  3.29672e-01  0.00000e+00
0246  5.59528e+18  2.28544e-22  8.20408e-08  2.23255e+07  3.31216e-01  0.00000e+00
0247  5.61370e+18  2.27579e-22  8.18961e-08  2.23147e+07  3.32775e-01  0.00000e+00
0248  5.63211e+18  2.26629e-22  8.17527e-08  2.23035e+07  3.34349e-01  0.00000e+00
0249  5.65053e+18  2.25692e-22  8.16107e-08  2.22922e+07  3.35937e-01  0.00000e+00
0250  5.66894e+18  2.24769e-22  8.14700e-08  2.22806e+07  3.37540e-01  0.00000e+00
0251  5.68736e+18  2.23858e-22  8.13305e-08  2.22687e+07  3.39159e-01  0.00000e+00
0252  5.70578e+18  2.22961e-22  8.11924e-08  2.22566e+07  3.40792e-01  0.00000e+00
0253  5.72419e+18  2.22077e-22  8.10554e-08  2.22444e+07  3.42442e-01  0.00000e+00
0254  5.74261e+18  2.21204e-22  8.09193e-08  2.22319e+07  3.44107e-01  0.00000e+00
0255  5.76102e+18  2.20342e-22  8.07842e-08  2.22194e+07  3.45790e-01  0.00000e+00
0256  5.77944e+18  2.19490e-22  8.06497e-08  2.22067e+07  3.47490e-01  0.00000e+00
0257  5.79785e+18  2.18648e-22  8.05157e-08  2.21939e+07  3.49209e-01  0.00000e+00
0258  5.81627e+18  2.17815e-22  8.03821e-08  2.21811e+07  3.50946e-01  0.00000e+00
0259  5.83468e+18  2.16990e-22  8.02487e-08  2.21684e+07  3.52703e-01  0.00000e+00
0260  5.85310e+18  2.16173e-22  8.01155e-08  2.21556e+07  3.54480e-01  0.00000e+00
0261  5.87152e+18  2.15363e-22  7.99825e-08  2.21428e+07  3.56279e-01  0.00000e+00
0262  5.88993e+18  2.14561e-22  7.98498e-08  2.21300e+07  3.58099e-01  0.00000e+00
0263  5.90835e+18  2.13765e-22  7.97173e-08  2.21172e+07  3.59942e-01  0.00000e+00
0264  5.92676e+18  2.12975e-22  7.95847e-08  2.21044e+07  3.61807e-01  0.00000e+00
0265  5.94518e+18  2.12191e-22  7.94517e-08  2.20918e+07  3.63695e-01  0.00000e+00
0266  5.96359e+18  2.11410e-22  7.93176e-08  2.20795e+07  3.65606e-01  0.00000e+00
0267  5.98201e+18  2.10634e-22  7.91820e-08  2.20675e+07  3.67540e-01  0.00000e+00
0268  6.00043e+18  2.09861e-22  7.90447e-08  2.20559e+07  3.69496e-01  0.00000e+00
0269  6.01884e+18  2.09093e-22  7.89056e-08  2.20447e+07  3.71473e-01  0.00000e+00
0270  6.03726e+18  2.08328e-22  7.87652e-08  2.20338e+07  3.73469e-01  0.00000e+00
0271  6.05567e+18  2.07566e-22  7.86235e-08  2.20234e+07  3.75482e-01  0.00000e+00
0272  6.07409e+18  2.06810e-22  7.84807e-08  2.20133e+07  3.77511e-01  0.00000e+00
0273  6.09250e+18  2.06061e-22  7.83371e-08  2.20034e+07  3.79553e-01  0.00000e+00
0274  6.11092e+18  2.05322e-22  7.81927e-08  2.19938e+07  3.81605e-01  0.00000e+00
0275  6.12933e+18  2.04593e-22  7.80477e-08  2.19845e+07  3.83664e-01  0.00000e+00
0276  6.14775e+18  2.03876e-22  7.79024e-08  2.19753e+07  3.85728e-01  0.00000e+00
0277  6.16617e+18  2.03172e-22  7.77569e-08  2.19663e+07  3.87792e-01  0.00000e+00
0278  6.18458e+18  2.02483e-22  7.76116e-08  2.19574e+07  3.89855e-01  0.00000e+00
0279  6.20300e+18  2.01810e-22  7.74666e-08  2.19485e+07  3.91913e-01  0.00000e+00
0280  6.22141e+18  2.01154e-22  7.73221e-08  2.19396e+07  3.93964e-01  0.00000e+00
0281  6.23983e+18  2.00514e-22  7.71781e-08  2.19308e+07  3.96007e-01  0.00000e+00
0282  6.25824e+18  1.99892e-22  7.70345e-08  2.19220e+07  3.98041e-01  0.00000e+00
0283  6.27666e+18  1.99287e-22  7.68914e-08  2.19133e+07  4.00065e-01  0.00000e+00
0284  6.29507e+18  1.98698e-22  7.67486e-08  2.19046e+07  4.02079e-01  0.00000e+00
0285  6.31349e+18  1.98125e-22  7.66061e-08  2.18959e+07  4.04085e-01  0.00000e+00
0286  6.33191e+18  1.97565e-22  7.64640e-08  2.18874e+07  4.06085e-01  0.00000e+00
0287  6.35032e+18  1.97018e-22  7.63220e-08  2.18789e+07  4.08083e-01  0.00000e+00
0288  6.36874e+18  1.96481e-22  7.61801e-08  2.18705e+07  4.10081e-01  0.00000e+00
0289  6.38715e+18  1.95952e-22  7.60385e-08  2.18622e+07  4.12084e-01  0.00000e+00
0290  6.40557e+18  1.95428e-22  7.58969e-08  2.18541e+07  4.14098e-01  0.00000e+00
0291  6.42398e+18  1.94907e-22  7.57554e-08  2.18460e+07  4.16127e-01  0.00000e+00
0292  6.44240e+18  1.94387e-22  7.56141e-08  2.18380e+07  4.18177e-01  0.00000e+00
0293  6.46081e+18  1.93866e-22  7.54728e-08  2.18302e+07  4.20253e-01  0.00000e+00
0294  6.47923e+18  1.93343e-22  7.53316e-08  2.18224e+07  4.22359e-01  0.00000e+00
0295  6.49765e+18  1.92816e-22  7.51905e-08  2.18148e+07  4.24501e-01  0.00000e+00
0296  6.51606e+18  1.92286e-22  7.50495e-08  2.18073e+07  4.26680e-01  0.00000e+00
0297  6.53448e+18  1.91752e-22  7.49085e-08  2.17999e+07  4.28902e-01  0.00000e+00
0298  6.55289e+18  1.91213e-22  7.47676e-08  2.17926e+07  4.31170e-01  0.00000e+00
0299  6.57131e+18  1.90670e-22  7.46270e-08  2.17854e+07  4.33487e-01  0.00000e+00
0300  6.58972e+18  1.90122e-22  7.44865e-08  2.17782e+07  4.35857e-01  0.00000e+00
0301  6.60814e+18  1.89567e-22  7.43459e-08  2.17713e+07  4.38284e-01  0.00000e+00
0302  6.62655e+18  1.89003e-22  7.42047e-08  2.17645e+07  4.40771e-01  0.00000e+00
0303  6.64497e+18  1.88429e-22  7.40626e-08  2.17581e+07  4.43324e-01  0.00000e+00
0304  6.66339e+18  1.87842e-22  7.39197e-08  2.17520e+07  4.45945e-01  0.00000e+00
0305  6.68180e+18  1.87246e-22  7.37763e-08  2.17461e+07  4.48640e-01  0.00000e+00
0306  6.70022e+18  1.86645e-22  7.36325e-08  2.17405e+07  4.51414e-01  0.00000e+00
0307  6.71863e+18  1.86039e-22  7.34887e-08  2.17349e+07  4.54265e-01  0.00000e+00
0308  6.73705e+18  1.85387e-22  7.33448e-08  2.17295e+07  4.57182e-01  0.00000e+00
0309  6.75546e+18  1.84597e-22  7.32013e-08  2.17242e+07  4.60146e-01  0.00000e+00
0310  6.77388e+18  1.83610e-22  7.30581e-08  2.17190e+07  4.63193e-01  0.00000e+00
0311  6.79229e+18  1.82860e-22  7.29155e-08  2.17138e+07  4.66533e-01  0.00000e+00
0312  6.81071e+18  1.82787e-22  7.27728e-08  2.17087e+07  4.70608e-01  0.00000e+00
0313  6.82913e+18  1.83029e-22  7.26300e-08  2.17038e+07  4.75454e-01  0.00000e+00
0314  6.84754e+18  1.84362e-22  7.24861e-08  2.16990e+07  4.78668e-01  0.00000e+00
0315  6.86596e+18  1.89133e-22  7.23392e-08  2.16946e+07  4.78880e-01  0.00000e+00
0316  6.88437e+18  2.03805e-22  7.21881e-08  2.16916e+07  4.77962e-01  0.00000e+00
0317  6.90279e+18  2.45544e-22  7.20067e-08  2.16877e+07  4.73978e-01  0.00000e+00
0318  6.92120e+18  3.57660e-22  7.17626e-08  2.16806e+07  4.63196e-01  0.00000e+00
0319  6.93962e+18  6.41861e-22  7.14134e-08  2.16824e+07  4.39226e-01  0.00000e+00
0320  6.95803e+18  1.27941e-21  6.94049e-08  2.16342e+07  3.95285e-01  0.00000e+00
0321  6.97645e+18  2.19240e-21  6.56070e-08  2.12711e+07  3.37048e-01  0.00000e+00
0322  6.99487e+18  2.56454e-21  6.40126e-08  2.07484e+07  2.79179e-01  0.00000e+00
0323  7.01328e+18  2.54933e-21  6.24464e-08  2.05604e+07  2.25858e-01  0.00000e+00
0324  7.03170e+18  2.44603e-21  6.05577e-08  2.05802e+07  1.80130e-01  0.00000e+00
0325  7.05011e+18  2.21157e-21  5.78285e-08  2.06866e+07  1.44794e-01  0.00000e+00
0326  7.06853e+18  1.86924e-21  5.50074e-08  2.09083e+07  1.21340e-01  0.00000e+00
0327  7.08694e+18  1.49104e-21  5.23237e-08  2.12691e+07  1.09183e-01  0.00000e+00
0328  7.10536e+18  1.15612e-21  4.95349e-08  2.17660e+07  1.05179e-01  0.00000e+00
0329  7.12378e+18  9.08529e-22  4.68343e-08  2.23149e+07  1.04653e-01  0.00000e+00
0330  7.14219e+18  7.44905e-22  4.46225e-08  2.28128e+07  1.04662e-01  0.00000e+00
0331  7.16061e+18  6.39639e-22  4.29316e-08  2.32253e+07  1.04728e-01  0.00000e+00
0332  7.17902e+18  5.69236e-22  4.15736e-08  2.35702e+07  1.04878e-01  0.00000e+00
0333  7.19744e+18  5.18952e-22  4.04022e-08  2.38717e+07  1.05112e-01  0.00000e+00
0334  7.21585e+18  4.80692e-22  3.93471e-08  2.41443e+07  1.05416e-01  0.00000e+00
0335  7.23427e+18  4.50072e-22  3.83808e-08  2.43951e+07  1.05775e-01  0.00000e+00
0336  7.25268e+18  4.24632e-22  3.74872e-08  2.46283e+07  1.06175e-01  0.00000e+00
0337  7.27110e+18  4.02887e-22  3.66548e-08  2.48465e+07  1.06608e-01  0.00000e+00
0338  7.28952e+18  3.83858e-22  3.58766e-08  2.50523e+07  1.07067e-01  0.00000e+00
0339  7.30793e+18  3.66908e-22  3.51419e-08  2.52487e+07  1.07547e-01  0.00000e+00
0340  7.32635e+18  3.51646e-22  3.44438e-08  2.54372e+07  1.08043e-01  0.00000e+00
0341  7.34476e+18  3.37816e-22  3.37794e-08  2.56185e+07  1.08553e-01  0.00000e+00
0342  7.36318e+18  3.25219e-22  3.31461e-08  2.57931e+07  1.09072e-01  0.00000e+00
0343  7.38159e+18  3.13684e-22  3.25414e-08  2.59617e+07  1.09598e-01  0.00000e+00
0344  7.40001e+18  3.03069e-22  3.19622e-08  2.61249e+07  1.10129e-01  0.00000e+00
0345  7.41842e+18  2.93258e-22  3.14062e-08  2.62833e+07  1.10663e-01  0.00000e+00
0346  7.43684e+18  2.84160e-22  3.08718e-08  2.64372e+07  1.11198e-01  0.00000e+00
0347  7.45526e+18  2.75697e-22  3.03574e-08  2.65868e+07  1.11732e-01  0.00000e+00
0348  7.47367e+18  2.67800e-22  2.98615e-08  2.67324e+07  1.12265e-01  0.00000e+00
0349  7.49209e+18  2.60390e-22  2.93832e-08  2.68743e+07  1.12795e-01  0.00000e+00
0350  7.51050e+18  2.53400e-22  2.89203e-08  2.70135e+07  1.13322e-01  0.00000e+00
0351  7.52892e+18  2.46789e-22  2.84705e-08  2.71505e+07  1.13844e-01  0.00000e+00
0352  7.54733e+18  2.40535e-22  2.80340e-08  2.72849e+07  1.14362e-01  0.00000e+00
0353  7.56575e+18  2.34611e-22  2.76107e-08  2.74167e+07  1.14874e-01  0.00000e+00
0354  7.58416e+18  2.28990e-22  2.71998e-08  2.75460e+07  1.15381e-01  0.00000e+00
0355  7.60258e+18  2.23643e-22  2.68006e-08  2.76731e+07  1.15882e-01  0.00000e+00
0356  7.62100e+18  2.18548e-22  2.64122e-08  2.77981e+07  1.16376e-01  0.00000e+00
0357  7.63941e+18  2.13686e-22  2.60341e-08  2.79211e+07  1.16865e-01  0.00000e+00
0358  7.65783e+18  2.09041e-22  2.56659e-08  2.80421e+07  1.17347e-01  0.00000e+00
0359  7.67624e+18  2.04598e-22  2.53072e-08  2.81611e+07  1.17823e-01  0.00000e+00
0360  7.69466e+18  2.00343e-22  2.49576e-08  2.82783e+07  1.18294e-01  0.00000e+00
0361  7.71307e+18  1.96264e-22  2.46167e-08  2.83936e+07  1.18759e-01  0.00000e+00
0362  7.73149e+18  1.92349e-22  2.42842e-08  2.85071e+07  1.19219e-01  0.00000e+00
0363  7.74990e+18  1.88587e-22  2.39597e-08  2.86188e+07  1.19675e-01  0.00000e+00
0364  7.76832e+18  1.84970e-22  2.36428e-08  2.87287e+07  1.20126e-01  0.00000e+00
0365  7.78674e+18  1.81487e-22  2.33334e-08  2.88370e+07  1.20572e-01  0.00000e+00
0366  7.80515e+18  1.78126e-22  2.30310e-08  2.89437e+07  1.21016e-01  0.00000e+00
0367  7.82357e+18  1.74875e-22  2.27348e-08  2.90493e+07  1.21456e-01  0.00000e+00
0368  7.84198e+18  1.71728e-22  2.24446e-08  2.91537e+07  1.21893e-01  0.00000e+00
0369  7.86040e+18  1.68680e-22  2.21603e-08  2.92571e+07  1.22327e-01  0.00000e+00
0370  7.87881e+18  1.65727e-22  2.18818e-08  2.93592e+07  1.22760e-01  0.00000e+00
0371  7.89723e+18  1.62865e-22  2.16090e-08  2.94603e+07  1.23190e-01  0.00000e+00
0372  7.91564e+18  1.60090e-22  2.13417e-08  2.95603e+07  1.23619e-01  0.00000e+00
0373  7.93406e+18  1.57397e-22  2.10797e-08  2.96591e+07  1.24047e-01  0.00000e+00
0374  7.95248e+18  1.54782e-22  2.08231e-08  2.97569e+07  1.24473e-01  0.00000e+00
0375  7.97089e+18  1.52242e-22  2.05716e-08  2.98537e+07  1.24899e-01  0.00000e+00
0376  7.98931e+18  1.49772e-22  2.03250e-08  2.99496e+07  1.25324e-01  0.00000e+00
0377  8.00772e+18  1.47371e-22  2.00833e-08  3.00444e+07  1.25748e-01  0.00000e+00
0378  8.02614e+18  1.45035e-22  1.98463e-08  3.01383e+07  1.26172e-01  0.00000e+00
0379  8.04455e+18  1.42764e-22  1.96140e-08  3.02312e+07  1.26596e-01  0.00000e+00
0380  8.06297e+18  1.40553e-22  1.93862e-08  3.03231e+07  1.27020e-01  0.00000e+00
0381  8.08139e+18  1.38401e-22  1.91628e-08  3.04141e+07  1.27443e-01  0.00000e+00
0382  8.09980e+18  1.36304e-22  1.89435e-08  3.05042e+07  1.27866e-01  0.00000e+00
0383  8.11822e+18  1.34261e-22  1.87283e-08  3.05935e+07  1.28289e-01  0.00000e+00
0384  8.13663e+18  1.32271e-22  1.85171e-08  3.06819e+07  1.28711e-01  0.00000e+00
0385  8.15505e+18  1.30330e-22  1.83098e-08  3.07694e+07  1.29134e-01  0.00000e+00
0386  8.17346e+18  1.28439e-22  1.81063e-08  3.08560e+07  1.29556e-01  0.00000e+00
0387  8.19188e+18  1.26595e-22  1.79065e-08  3.09418e+07  1.29979e-01  0.00000e+00
0388  8.21029e+18  1.24796e-22  1.77104e-08  3.10267e+07  1.30401e-01  0.00000e+00
0389  8.22871e+18  1.23042e-22  1.75179e-08  3.11108e+07  1.30822e-01  0.00000e+00
0390  8.24713e+18  1.21331e-22  1.73288e-08  3.11940e+07  1.31244e-01  0.00000e+00
0391  8.26554e+18  1.19662e-22  1.71432e-08  3.12764e+07  1.31665e-01  0.00000e+00
0392  8.28396e+18  1.18032e-22  1.69609e-08  3.13579e+07  1.32086e-01  0.00000e+00
0393  8.30237e+18  1.16442e-22  1.67819e-08  3.14386e+07  1.32507e-01  0.00000e+00
0394  8.32079e+18  1.14890e-22  1.66061e-08  3.15185e+07  1.32927e-01  0.00000e+00
0395  8.33920e+18  1.13373e-22  1.64334e-08  3.15976e+07  1.33347e-01  0.00000e+00
0396  8.35762e+18  1.11893e-22  1.62638e-08  3.16758e+07  1.33766e-01  0.00000e+00
0397  8.37603e+18  1.10446e-22  1.60972e-08  3.17532e+07  1.34185e-01  0.00000e+00
0398  8.39445e+18  1.09033e-22  1.59336e-08  3.18299e+07  1.34603e-01  0.00000e+00
0399  8.41287e+18  1.07653e-22  1.57728e-08  3.19057e+07  1.35020e-01  0.00000e+00
0400  8.43128e+18  1.06303e-22  1.56148e-08  3.19807e+07  1.35437e-01  0.00000e+00
0401  8.44970e+18  1.04983e-22  1.54596e-08  3.20550e+07  1.35853e-01  0.00000e+00
0402  8.46811e+18  1.03690e-22  1.53069e-08  3.21287e+07  1.36269e-01  0.00000e+00
0403  8.48653e+18  1.02423e-22  1.51566e-08  3.22019e+07  1.36683e-01  0.00000e+00
0404  8.50494e+18  1.01182e-22  1.50086e-08  3.22745e+07  1.37096e-01  0.00000e+00
0405  8.52336e+18  9.99663e-23  1.48630e-08  3.23465e+07  1.37508e-01  0.00000e+00
0406  8.54177e+18  9.87749e-23  1.47198e-08  3.24180e+07  1.37919e-01  0.00000e+00
0407  8.56019e+18  9.76075e-23  1.45789e-08  3.24889e+07  1.38329e-01  0.00000e+00
0408  8.57861e+18  9.64635e-23  1.44402e-08  3.25592e+07  1.38737e-01  0.00000e+00
0409  8.59702e+18  9.53424e-23  1.43037e-08  3.26289e+07  1.39143e-01  0.00000e+00
0410  8.61544e+18  9.42436e-23  1.41694e-08  3.26980e+07  1.39548e-01  0.00000e+00
0411  8.63385e+18  9.31667e-23  1.40373e-08  3.27665e+07  1.39951e-01  0.00000e+00
0412  8.65227e+18  9.21112e-23  1.39072e-08  3.28345e+07  1.40351e-01  0.00000e+00
0413  8.67068e+18  9.10765e-23  1.37793e-08  3.29018e+07  1.40750e-01  0.00000e+00
0414  8.68910e+18  9.00622e-23  1.36533e-08  3.29686e+07  1.41147e-01  0.00000e+00
0415  8.70751e+18  8.90679e-23  1.35294e-08  3.30347e+07  1.41541e-01  0.00000e+00
0416  8.72593e+18  8.80930e-23  1.34074e-08  3.31003e+07  1.41933e-01  0.00000e+00
0417  8.74435e+18  8.71371e-23  1.32874e-08  3.31653e+07  1.42322e-01  0.00000e+00
0418  8.76276e+18  8.61998e-23  1.31693e-08  3.32297e+07  1.42709e-01  0.00000e+00
0419  8.78118e+18  8.52806e-23  1.30530e-08  3.32935e+07  1.43093e-01  0.00000e+00
0420  8.79959e+18  8.43791e-23  1.29386e-08  3.33567e+07  1.43475e-01  0.00000e+00
0421  8.81801e+18  8.34949e-23  1.28259e-08  3.34193e+07  1.43853e-01  0.00000e+00
0422  8.83642e+18  8.26274e-23  1.27151e-08  3.34813e+07  1.44229e-01  0.00000e+00
0423  8.85484e+18  8.17764e-23  1.26060e-08  3.35427e+07  1.44601e-01  0.00000e+00
0424  8.87326e+18  8.09415e-23  1.24986e-08  3.36035e+07  1.44971e-01  0.00000e+00
0425  8.89167e+18  8.01221e-23  1.23929e-08  3.36638e+07  1.45337e-01  0.00000e+00
0426  8.91009e+18  7.93177e-23  1.22888e-08  3.37234e+07  1.45700e-01  0.00000e+00
0427  8.92850e+18  7.85280e-23  1.21864e-08  3.37825e+07  1.46060e-01  0.00000e+00
0428  8.94692e+18  7.77523e-23  1.20855e-08  3.38410e+07  1.46417e-01  0.00000e+00
0429  8.96533e+18  7.69905e-23  1.19863e-08  3.38989e+07  1.46770e-01  0.00000e+00
0430  8.98375e+18  7.62423e-23  1.18885e-08  3.39563e+07  1.47119e-01  0.00000e+00
0431  9.00216e+18  7.55075e-23  1.17924e-08  3.40130e+07  1.47465e-01  0.00000e+00
0432  9.02058e+18  7.47861e-23  1.16977e-08  3.40692e+07  1.47807e-01  0.00000e+00
0433  9.03900e+18  7.40778e-23  1.16046e-08  3.41247e+07  1.48145e-01  0.00000e+00
0434  9.05741e+18  7.33826e-23  1.15130e-08  3.41796e+07  1.48478e-01  0.00000e+00
0435  9.07583e+18  7.27002e-23  1.14230e-08  3.42339e+07  1.48807e-01  0.00000e+00
0436  9.09424e+18  7.20307e-23  1.13344e-08  3.42874e+07  1.49132e-01  0.00000e+00
0437  9.11266e+18  7.13739e-23  1.12473e-08  3.43403e+07  1.49451e-01  0.00000e+00
0438  9.13107e+18  7.07295e-23  1.11617e-08  3.43926e+07  1.49766e-01  0.00000e+00
0439  9.14949e+18  7.00975e-23  1.10776e-08  3.44441e+07  1.50075e-01  0.00000e+00
0440  9.16790e+18  6.94777e-23  1.09950e-08  3.44949e+07  1.50379e-01  0.00000e+00
0441  9.18632e+18  6.88700e-23  1.09138e-08  3.45450e+07  1.50677e-01  0.00000e+00
0442  9.20474e+18  6.82741e-23  1.08340e-08  3.45943e+07  1.50970e-01  0.00000e+00
0443  9.22315e+18  6.76899e-23  1.07557e-08  3.46429e+07  1.51256e-01  0.00000e+00
0444  9.24157e+18  6.71172e-23  1.06787e-08  3.46907e+07  1.51536e-01  0.00000e+00
0445  9.25998e+18  6.65558e-23  1.06031e-08  3.47378e+07  1.51810e-01  0.00000e+00
0446  9.27840e+18  6.60054e-23  1.05289e-08  3.47842e+07  1.52077e-01  0.00000e+00
0447  9.29681e+18  6.54658e-23  1.04559e-08  3.48299e+07  1.52338e-01  0.00000e+00
0448  9.31523e+18  6.49367e-23  1.03842e-08  3.48749e+07  1.52591e-01  0.00000e+00
0449  9.33364e+18  6.44178e-23  1.03137e-08  3.49193e+07  1.52837e-01  0.00000e+00
0450  9.35206e+18  6.39089e-23  1.02443e-08  3.49630e+07  1.53077e-01  0.00000e+00
0451  9.37048e+18  6.34097e-23  1.01761e-08  3.50061e+07  1.53309e-01  0.00000e+00
0452  9.38889e+18  6.29200e-23  1.01089e-08  3.50485e+07  1.53533e-01  0.00000e+00
0453  9.40731e+18  6.24396e-23  1.00429e-08  3.50904e+07  1.53751e-01  0.00000e+00
0454  9.42572e+18  6.19683e-23  9.97784e-09  3.51317e+07  1.53961e-01  0.00000e+00
0455  9.44414e+18  6.15059e-23  9.91386e-09  3.51723e+07  1.54163e-01  0.00000e+00
0456  9.46255e+18  6.10524e-23  9.85093e-09  3.52124e+07  1.54358e-01  0.00000e+00
0457  9.48097e+18  6.06074e-23  9.78903e-09  3.52518e+07  1.54546e-01  0.00000e+00
0458  9.49939e+18  6.01710e-23  9.72816e-09  3.52905e+07  1.54727e-01  0.00000e+00
0459  9.51780e+18  5.97428e-23  9.66831e-09  3.53286e+07  1.54901e-01  0.00000e+00
0460  9.53622e+18  5.93229e-23  9.60948e-09  3.53661e+07  1.55068e-01  0.00000e+00
0461  9.55463e+18  5.89109e-23  9.55166e-09  3.54029e+07  1.55228e-01  0.00000e+00
0462  9.57305e+18  5.85068e-23  9.49485e-09  3.54390e+07  1.55382e-01  0.00000e+00
0463  9.59146e+18  5.81103e-23  9.43903e-09  3.54744e+07  1.55529e-01  0.00000e+00
0464  9.60988e+18  5.77214e-23  9.38421e-09  3.55091e+07  1.55671e-01  0.00000e+00
0465  9.62829e+18  5.73398e-23  9.33038e-09  3.55431e+07  1.55806e-01  0.00000e+00
0466  9.64671e+18  5.69653e-23  9.27752e-09  3.55765e+07  1.55936e-01  0.00000e+00
0467  9.66513e+18  5.65978e-23  9.22563e-09  3.56091e+07  1.56062e-01  0.00000e+00
0468  9.68354e+18  5.62371e-23  9.17469e-09  3.56409e+07  1.56182e-01  0.00000e+00
0469  9.70196e+18  5.58831e-23  9.12471e-09  3.56721e+07  1.56298e-01  0.00000e+00
0470  9.72037e+18  5.55356e-23  9.07566e-09  3.57025e+07  1.56409e-01  0.00000e+00
0471  9.73879e+18  5.51948e-23  9.02758e-09  3.57321e+07  1.56517e-01  0.00000e+00
0472  9.75720e+18  5.48601e-23  8.98044e-09  3.57610e+07  1.56621e-01  0.00000e+00
0473  9.77562e+18  5.45311e-23  8.93414e-09  3.57892e+07  1.56722e-01  0.00000e+00
0474  9.79403e+18  5.42073e-23  8.88862e-09  3.58168e+07  1.56821e-01  0.00000e+00
0475  9.81245e+18  5.38887e-23  8.84387e-09  3.58439e+07  1.56916e-01  0.00000e+00
0476  9.83087e+18  5.35751e-23  8.79989e-09  3.58703e+07  1.57010e-01  0.00000e+00
0477  9.84928e+18  5.32665e-23  8.75668e-09  3.58961e+07  1.57101e-01  0.00000e+00
0478  9.86770e+18  5.29627e-23  8.71424e-09  3.59213e+07  1.57191e-01  0.00000e+00
0479  9.88611e+18  5.26637e-23  8.67255e-09  3.59459e+07  1.57279e-01  0.00000e+00
0480  9.90453e+18  5.23693e-23  8.63160e-09  3.59698e+07  1.57366e-01  0.00000e+00
0481  9.92294e+18  5.20794e-23  8.59138e-09  3.59932e+07  1.57452e-01  0.00000e+00
0482  9.94136e+18  5.17938e-23  8.55186e-09  3.60159e+07  1.57538e-01  0.00000e+00
0483  9.95977e+18  5.15125e-23  8.51305e-09  3.60381e+07  1.57623e-01  0.00000e+00
0484  9.97819e+18  5.12354e-23  8.47494e-09  3.60596e+07  1.57708e-01  0.00000e+00
0485  9.99661e+18  5.09624e-23  8.43751e-09  3.60805e+07  1.57793e-01  0.00000e+00
0486  1.00150e+19  5.06935e-23  8.40077e-09  3.61008e+07  1.57878e-01  0.00000e+00
0487  1.00334e+19  5.04285e-23  8.36471e-09  3.61205e+07  1.57964e-01  0.00000e+00
0488  1.00519e+19  5.01674e-23  8.32933e-09  3.61395e+07  1.58050e-01  0.00000e+00
0489  1.00703e+19  4.99103e-23  8.29463e-09  3.61579e+07  1.58136e-01  0.00000e+00
0490  1.00887e+19  4.96569e-23  8.26062e-09  3.61756e+07  1.58224e-01  0.00000e+00
0491  1.01071e+19  4.94074e-23  8.22727e-09  3.61927e+07  1.58313e-01  0.00000e+00
0492  1.01255e+19  4.91615e-23  8.19458e-09  3.62091e+07  1.58403e-01  0.00000e+00
0493  1.01439e+19  4.89191e-23  8.16253e-09  3.62250e+07  1.58495e-01  0.00000e+00
0494  1.01623e+19  4.86802e-23  8.13110e-09  3.62401e+07  1.58588e-01  0.00000e+00
0495  1.01808e+19  4.84447e-23  8.10028e-09  3.62547e+07  1.58683e-01  0.00000e+00
0496  1.01992e+19  4.82124e-23  8.07004e-09  3.62687e+07  1.58780e-01  0.00000e+00
0497  1.02176e+19  4.79833e-23  8.04037e-09  3.62821e+07  1.58879e-01  0.00000e+00
0498  1.02360e+19  4.77572e-23  8.01126e-09  3.62949e+07  1.58980e-01  0.00000e+00
0499  1.02544e+19  4.75342e-23  7.98271e-09  3.63072e+07  1.59084e-01  0.00000e+00
0500  1.02728e+19  4.73141e-23  7.95471e-09  3.63188e+07  1.59190e-01  0.00000e+00
0501  1.02913e+19  4.70969e-23  7.92726e-09  3.63299e+07  1.59300e-01  0.00000e+00
0502  1.03097e+19  4.68826e-23  7.90037e-09  3.63404e+07  1.59412e-01  0.00000e+00
0503  1.03281e+19  4.66712e-23  7.87403e-09  3.63502e+07  1.59528e-01  0.00000e+00
0504  1.03465e+19  4.64625e-23  7.84825e-09  3.63595e+07  1.59647e-01  0.00000e+00
0505  1.03649e+19  4.62566e-23  7.82301e-09  3.63681e+07  1.59770e-01  0.00000e+00
0506  1.03833e+19  4.60533e-23  7.79831e-09  3.63762e+07  1.59897e-01  0.00000e+00
0507  1.04017e+19  4.58525e-23  7.77412e-09  3.63836e+07  1.60028e-01  0.00000e+00
0508  1.04202e+19  4.56542e-23  7.75045e-09  3.63905e+07  1.60163e-01  0.00000e+00
0509  1.04386e+19  4.54584e-23  7.72729e-09  3.63967e+07  1.60302e-01  0.00000e+00
0510  1.04570e+19  4.52651e-23  7.70467e-09  3.64023e+07  1.60447e-01  0.00000e+00
0511  1.04754e+19  4.50742e-23  7.68262e-09  3.64073e+07  1.60596e-01  0.00000e+00
0512  1.04938e+19  4.48860e-23  7.66116e-09  3.64115e+07  1.60751e-01  0.00000e+00
0513  1.05122e+19  4.47003e-23  7.64029e-09  3.64150e+07  1.60910e-01  0.00000e+00
0514  1.05307e+19  4.45172e-23  7.62003e-09  3.64178e+07  1.61076e-01  0.00000e+00
0515  1.05491e+19  4.43365e-23  7.60032e-09  3.64198e+07  1.61247e-01  0.00000e+00
0516  1.05675e+19  4.41583e-23  7.58124e-09  3.64212e+07  1.61423e-01  0.00000e+00
0517  1.05859e+19  4.39825e-23  7.56273e-09  3.64218e+07  1.61606e-01  0.00000e+00
0518  1.06043e+19  4.38080e-23  7.54450e-09  3.64218e+07  1.61795e-01  0.00000e+00
0519  1.06227e+19  4.36350e-23  7.52658e-09  3.64215e+07  1.61990e-01  0.00000e+00
0520  1.06412e+19  4.34640e-23  7.50917e-09  3.64206e+07  1.62191e-01  0.00000e+00
0521  1.06596e+19  4.32954e-23  7.49236e-09  3.64190e+07  1.62399e-01  0.00000e+00
0522  1.06780e+19  4.31291e-23  7.47608e-09  3.64167e+07  1.62612e-01  0.00000e+00
0523  1.06964e+19  4.29643e-23  7.46018e-09  3.64138e+07  1.62832e-01  0.00000e+00
0524  1.07148e+19  4.28007e-23  7.44448e-09  3.64107e+07  1.63058e-01  0.00000e+00
0525  1.07332e+19  4.26376e-23  7.42886e-09  3.64076e+07  1.63290e-01  0.00000e+00
0526  1.07516e+19  4.24750e-23  7.41324e-09  3.64044e+07  1.63528e-01  0.00000e+00
0527  1.07701e+19  4.23128e-23  7.39762e-09  3.64012e+07  1.63771e-01  0.00000e+00
0528  1.07885e+19  4.21513e-23  7.38206e-09  3.63980e+07  1.64020e-01  0.00000e+00
0529  1.08069e+19  4.19908e-23  7.36664e-09  3.63946e+07  1.64273e-01  0.00000e+00
0530  1.08253e+19  4.18317e-23  7.35151e-09  3.63908e+07  1.64531e-01  0.00000e+00
0531  1.08437e+19  4.16748e-23  7.33682e-09  3.63864e+07  1.64793e-01  0.00000e+00
0532  1.08621e+19  4.15206e-23  7.32276e-09  3.63811e+07  1.65059e-01  0.00000e+00
0533  1.08806e+19  4.13700e-23  7.30953e-09  3.63747e+07  1.65327e-01  0.00000e+00
0534  1.08990e+19  4.12234e-23  7.29727e-09  3.63669e+07  1.65599e-01  0.00000e+00
0535  1.09174e+19  4.10813e-23  7.28611e-09  3.63576e+07  1.65873e-01  0.00000e+00
0536  1.09358e+19  4.09440e-23  7.27605e-09  3.63466e+07  1.66148e-01  0.00000e+00
0537  1.09542e+19  4.08110e-23  7.26701e-09  3.63343e+07  1.66424e-01  0.00000e+00
0538  1.09726e+19  4.06818e-23  7.25876e-09  3.63208e+07  1.66701e-01  0.00000e+00
0539  1.09910e+19  4.05556e-23  7.25102e-09  3.63066e+07  1.66977e-01  0.00000e+00
0540  1.10095e+19  4.04312e-23  7.24342e-09  3.62921e+07  1.67252e-01  0.00000e+00
0541  1.10279e+19  4.03076e-23  7.23561e-09  3.62779e+07  1.67526e-01  0.00000e+00
0542  1.10463e+19  4.01838e-23  7.22727e-09  3.62644e+07  1.67797e-01  0.00000e+00
0543  1.10647e+19  4.00589e-23  7.21815e-09  3.62520e+07  1.68065e-01  0.00000e+00
0544  1.10831e+19  3.99325e-23  7.20808e-09  3.62410e+07  1.68329e-01  0.00000e+00
0545  1.11015e+19  3.98044e-23  7.19696e-09  3.62315e+07  1.68590e-01  0.00000e+00
0546  1.11200e+19  3.96745e-23  7.18479e-09  3.62236e+07  1.68847e-01  0.00000e+00
0547  1.11384e+19  3.95431e-23  7.17165e-09  3.62171e+07  1.69099e-01  0.00000e+00
0548  1.11568e+19  3.94105e-23  7.15763e-09  3.62118e+07  1.69346e-01  0.00000e+00
0549  1.11752e+19  3.92772e-23  7.14287e-09  3.62078e+07  1.69589e-01  0.00000e+00
0550  1.11936e+19  3.91424e-23  7.12718e-09  3.62048e+07  1.69828e-01  0.00000e+00
0551  1.12120e+19  3.90056e-23  7.11042e-09  3.62036e+07  1.70062e-01  0.00000e+00
0552  1.12305e+19  3.88695e-23  7.09327e-09  3.62037e+07  1.70291e-01  0.00000e+00
0553  1.12489e+19  3.87297e-23  7.07527e-09  3.62040e+07  1.70523e-01  0.00000e+00
0554  1.12673e+19  3.86066e-23  7.05914e-09  3.62046e+07  1.70725e-01  0.00000e+00
0555  1.12857e+19  3.83922e-23  7.03026e-09  3.62070e+07  1.71070e-01  0.00000e+00
