# Athena++ data at time=6.850000e+12  cycle=459019620  variables=prim 
# i       x1v         rho          press          vel1         vel2         vel3     
0002  1.13875e+18  2.14917e-18  8.97288e-06 -4.09800e+05  1.46607e-09  0.00000e+00
0003  1.15716e+18  9.91565e-19  5.45956e-06  2.43594e+05  7.93074e-03  0.00000e+00
0004  1.17558e+18  6.41286e-19  4.33775e-06  3.11370e+05  1.74215e-02  0.00000e+00
0005  1.19399e+18  4.31072e-19  3.63779e-06  4.31074e+05  2.60041e-02  0.00000e+00
0006  1.21241e+18  2.83179e-19  3.17893e-06  6.30627e+05  3.34733e-02  0.00000e+00
0007  1.23082e+18  1.70276e-19  2.89032e-06  9.60056e+05  4.01729e-02  0.00000e+00
0008  1.24924e+18  1.39930e-19  2.63488e-06  1.18967e+06  4.61857e-02  0.00000e+00
0009  1.26765e+18  1.25873e-19  2.48276e-06  1.25753e+06  5.17674e-02  0.00000e+00
0010  1.28607e+18  1.14905e-19  2.34262e-06  1.33326e+06  5.69943e-02  0.00000e+00
0011  1.30448e+18  1.06792e-19  2.21649e-06  1.39560e+06  6.19065e-02  0.00000e+00
0012  1.32290e+18  9.98068e-20  2.10580e-06  1.44948e+06  6.65447e-02  0.00000e+00
0013  1.34131e+18  9.33614e-20  2.00320e-06  1.50695e+06  7.09317e-02  0.00000e+00
0014  1.35973e+18  8.75135e-20  1.90930e-06  1.56415e+06  7.50887e-02  0.00000e+00
0015  1.37814e+18  8.24346e-20  1.82298e-06  1.61716e+06  7.90338e-02  0.00000e+00
0016  1.39656e+18  7.78875e-20  1.74446e-06  1.66616e+06  8.27865e-02  0.00000e+00
0017  1.41497e+18  7.36956e-20  1.67178e-06  1.71497e+06  8.63614e-02  0.00000e+00
0018  1.43339e+18  6.98516e-20  1.60473e-06  1.76261e+06  8.97739e-02  0.00000e+00
0019  1.45180e+18  6.67281e-20  1.54165e-06  1.80138e+06  9.30317e-02  0.00000e+00
0020  1.47022e+18  6.35916e-20  1.48572e-06  1.83968e+06  9.61544e-02  0.00000e+00
0021  1.48863e+18  6.04282e-20  1.43088e-06  1.88849e+06  9.91465e-02  0.00000e+00
0022  1.50705e+18  5.78120e-20  1.37948e-06  1.92879e+06  1.02014e-01  0.00000e+00
0023  1.52546e+18  5.53940e-20  1.33367e-06  1.96277e+06  1.04771e-01  0.00000e+00
0024  1.54388e+18  5.30245e-20  1.28950e-06  2.00186e+06  1.07423e-01  0.00000e+00
0027  1.56229e+18  5.07857e-20  1.24795e-06  2.04132e+06  1.09978e-01  0.00000e+00
0028  1.58071e+18  4.86844e-20  1.20901e-06  2.08011e+06  1.12440e-01  0.00000e+00
0029  1.59912e+18  4.67009e-20  1.17240e-06  2.11878e+06  1.14816e-01  0.00000e+00
0030  1.61754e+18  4.48176e-20  1.13789e-06  2.15780e+06  1.17112e-01  0.00000e+00
0031  1.63595e+18  4.30203e-20  1.10530e-06  2.19756e+06  1.19332e-01  0.00000e+00
0032  1.65437e+18  4.12976e-20  1.07453e-06  2.23832e+06  1.21482e-01  0.00000e+00
0033  1.67278e+18  3.96614e-20  1.04551e-06  2.27920e+06  1.23565e-01  0.00000e+00
0034  1.69120e+18  3.82031e-20  1.01821e-06  2.31567e+06  1.25586e-01  0.00000e+00
0035  1.70961e+18  3.69267e-20  9.93096e-07  2.34446e+06  1.27551e-01  0.00000e+00
0036  1.72803e+18  3.57835e-20  9.69619e-07  2.36822e+06  1.29464e-01  0.00000e+00
0037  1.74644e+18  3.46918e-20  9.47551e-07  2.39105e+06  1.31331e-01  0.00000e+00
0038  1.76486e+18  3.36109e-20  9.26263e-07  2.41657e+06  1.33152e-01  0.00000e+00
0039  1.78328e+18  3.25460e-20  9.05790e-07  2.44436e+06  1.34930e-01  0.00000e+00
0040  1.80169e+18  3.15066e-20  8.86180e-07  2.47368e+06  1.36668e-01  0.00000e+00
0041  1.82011e+18  3.04962e-20  8.67444e-07  2.50426e+06  1.38366e-01  0.00000e+00
0042  1.83852e+18  2.95155e-20  8.49594e-07  2.53570e+06  1.40027e-01  0.00000e+00
0043  1.85694e+18  2.86715e-20  8.32712e-07  2.56375e+06  1.41651e-01  0.00000e+00
0044  1.87535e+18  2.79838e-20  8.16493e-07  2.57886e+06  1.43251e-01  0.00000e+00
0045  1.89377e+18  2.69127e-20  8.02004e-07  2.59232e+06  1.44878e-01  0.00000e+00
0046  1.91218e+18  2.50242e-20  7.89822e-07  2.64205e+06  1.46475e-01  0.00000e+00
0047  1.93060e+18  2.48168e-20  7.77701e-07  2.73211e+06  1.47873e-01  0.00000e+00
0048  1.94901e+18  2.52740e-20  7.57968e-07  2.77163e+06  1.49103e-01  0.00000e+00
0049  1.96743e+18  2.51861e-20  7.43319e-07  2.71408e+06  1.50457e-01  0.00000e+00
0050  1.98584e+18  2.71636e-20  7.37462e-07  2.43560e+06  1.52224e-01  0.00000e+00
0051  2.00426e+18  3.15471e-20  7.67038e-07  1.98092e+06  1.54334e-01  0.00000e+00
0052  2.02267e+18  3.17222e-20  7.61314e-07  1.80424e+06  1.55979e-01  0.00000e+00
0053  2.04109e+18  3.10862e-20  7.46666e-07  1.83143e+06  1.57239e-01  0.00000e+00
0054  2.05951e+18  3.04158e-20  7.31931e-07  1.86750e+06  1.58602e-01  0.00000e+00
0055  2.07792e+18  2.97932e-20  7.17966e-07  1.91200e+06  1.60214e-01  0.00000e+00
0056  2.09634e+18  2.91978e-20  7.04544e-07  1.94926e+06  1.61794e-01  0.00000e+00
0057  2.11475e+18  2.87977e-20  6.93507e-07  1.98808e+06  1.63332e-01  0.00000e+00
0058  2.13317e+18  2.81303e-20  6.79485e-07  2.08337e+06  1.65689e-01  0.00000e+00
0059  2.15158e+18  2.36877e-20  6.31543e-07  1.95239e+06  1.70722e-01  0.00000e+00
0060  2.17000e+18  1.02350e-20  7.24891e-07  2.03801e+06  1.81063e-01  0.00000e+00
0061  2.18841e+18  4.76783e-21  6.49783e-07  3.08865e+06  1.98167e-01  0.00000e+00
0062  2.20683e+18  3.04355e-21  6.42173e-07  3.38709e+06  2.21351e-01  0.00000e+00
0063  2.22524e+18  2.67365e-21  6.41972e-07  3.61200e+06  2.46152e-01  0.00000e+00
0064  2.24366e+18  2.68495e-21  6.44846e-07  3.76535e+06  2.58123e-01  0.00000e+00
0065  2.26207e+18  2.76235e-21  6.47199e-07  3.97279e+06  2.57986e-01  0.00000e+00
0066  2.28049e+18  3.05832e-21  6.40955e-07  4.23819e+06  2.52473e-01  0.00000e+00
0067  2.29891e+18  4.48293e-21  6.37568e-07  4.68740e+06  2.30276e-01  0.00000e+00
0068  2.31732e+18  1.33312e-20  5.80022e-07  4.73834e+06  1.85905e-01  0.00000e+00
0069  2.33574e+18  2.58587e-20  5.98886e-07  3.95921e+06  1.66642e-01  0.00000e+00
0070  2.35415e+18  2.59908e-20  5.96127e-07  3.78347e+06  1.64634e-01  0.00000e+00
0071  2.37257e+18  2.53833e-20  5.84322e-07  3.78786e+06  1.64742e-01  0.00000e+00
0072  2.39098e+18  2.46662e-20  5.69873e-07  3.79076e+06  1.65375e-01  0.00000e+00
0073  2.40940e+18  2.39759e-20  5.56695e-07  3.78000e+06  1.66782e-01  0.00000e+00
0074  2.42781e+18  2.32431e-20  5.43991e-07  3.76218e+06  1.68706e-01  0.00000e+00
0075  2.44623e+18  2.25891e-20  5.32446e-07  3.73682e+06  1.70651e-01  0.00000e+00
0076  2.46464e+18  2.20702e-20  5.22556e-07  3.70560e+06  1.72377e-01  0.00000e+00
0077  2.48306e+18  2.16161e-20  5.12292e-07  3.66659e+06  1.73933e-01  0.00000e+00
0078  2.50147e+18  2.11466e-20  5.02819e-07  3.62569e+06  1.75423e-01  0.00000e+00
0079  2.51989e+18  2.05897e-20  4.92396e-07  3.58305e+06  1.76880e-01  0.00000e+00
0080  2.53831e+18  1.98382e-20  4.79822e-07  3.52660e+06  1.78259e-01  0.00000e+00
0081  2.55672e+18  1.88040e-20  4.64518e-07  3.43827e+06  1.79462e-01  0.00000e+00
0082  2.57514e+18  1.77999e-20  4.50503e-07  3.33668e+06  1.80482e-01  0.00000e+00
0083  2.59355e+18  1.66757e-20  4.36389e-07  3.21226e+06  1.81616e-01  0.00000e+00
0084  2.61197e+18  1.27747e-20  4.23008e-07  3.28810e+06  1.83407e-01  0.00000e+00
0085  2.63038e+18  6.75243e-21  4.27732e-07  4.09652e+06  1.86031e-01  0.00000e+00
0086  2.64880e+18  4.03406e-21  3.90263e-07  5.67066e+06  1.89262e-01  0.00000e+00
0087  2.66721e+18  3.11679e-21  3.77758e-07  6.42377e+06  1.92862e-01  0.00000e+00
0088  2.68563e+18  2.67032e-21  3.69615e-07  6.92677e+06  1.96673e-01  0.00000e+00
0089  2.70404e+18  2.39253e-21  3.63158e-07  7.33030e+06  2.00600e-01  0.00000e+00
0090  2.72246e+18  2.19290e-21  3.57756e-07  7.67754e+06  2.04594e-01  0.00000e+00
0091  2.74088e+18  2.03816e-21  3.52948e-07  7.98824e+06  2.08630e-01  0.00000e+00
0092  2.75929e+18  1.91208e-21  3.48590e-07  8.27109e+06  2.12689e-01  0.00000e+00
0093  2.77771e+18  1.80468e-21  3.44688e-07  8.53666e+06  2.16757e-01  0.00000e+00
0094  2.79612e+18  1.71110e-21  3.40961e-07  8.78950e+06  2.20829e-01  0.00000e+00
0095  2.81454e+18  1.62824e-21  3.37397e-07  9.02862e+06  2.24904e-01  0.00000e+00
0096  2.83295e+18  1.55413e-21  3.33931e-07  9.25461e+06  2.28984e-01  0.00000e+00
0097  2.85137e+18  1.48717e-21  3.30576e-07  9.46791e+06  2.33077e-01  0.00000e+00
0098  2.86978e+18  1.42624e-21  3.27321e-07  9.67082e+06  2.37186e-01  0.00000e+00
0099  2.88820e+18  1.37062e-21  3.24210e-07  9.86448e+06  2.41320e-01  0.00000e+00
0100  2.90661e+18  1.31978e-21  3.21273e-07  1.00503e+07  2.45483e-01  0.00000e+00
0101  2.92503e+18  1.27320e-21  3.18529e-07  1.02288e+07  2.49681e-01  0.00000e+00
0102  2.94345e+18  1.23008e-21  3.15987e-07  1.04013e+07  2.53917e-01  0.00000e+00
0103  2.96186e+18  1.18997e-21  3.13586e-07  1.05691e+07  2.58198e-01  0.00000e+00
0104  2.98028e+18  1.15260e-21  3.11331e-07  1.07304e+07  2.62528e-01  0.00000e+00
0105  2.99869e+18  1.11771e-21  3.09198e-07  1.08849e+07  2.66913e-01  0.00000e+00
0106  3.01711e+18  1.08500e-21  3.07165e-07  1.10319e+07  2.71357e-01  0.00000e+00
0107  3.03552e+18  1.05426e-21  3.05211e-07  1.11711e+07  2.75867e-01  0.00000e+00
0108  3.05394e+18  1.02527e-21  3.03321e-07  1.13025e+07  2.80449e-01  0.00000e+00
0109  3.07235e+18  9.97850e-22  3.01486e-07  1.14261e+07  2.85107e-01  0.00000e+00
0110  3.09077e+18  9.71881e-22  2.99705e-07  1.15421e+07  2.89848e-01  0.00000e+00
0111  3.10918e+18  9.47257e-22  2.97985e-07  1.16509e+07  2.94675e-01  0.00000e+00
0112  3.12760e+18  9.23885e-22  2.96338e-07  1.17532e+07  2.99592e-01  0.00000e+00
0113  3.14602e+18  9.01694e-22  2.94774e-07  1.18497e+07  3.04599e-01  0.00000e+00
0114  3.16443e+18  8.80635e-22  2.93304e-07  1.19410e+07  3.09698e-01  0.00000e+00
0115  3.18285e+18  8.60660e-22  2.91932e-07  1.20274e+07  3.14886e-01  0.00000e+00
0116  3.20126e+18  8.41716e-22  2.90655e-07  1.21092e+07  3.20160e-01  0.00000e+00
0117  3.21968e+18  8.23747e-22  2.89467e-07  1.21866e+07  3.25513e-01  0.00000e+00
0118  3.23809e+18  8.06715e-22  2.88353e-07  1.22597e+07  3.30940e-01  0.00000e+00
0119  3.25651e+18  7.90576e-22  2.87302e-07  1.23285e+07  3.36431e-01  0.00000e+00
0120  3.27492e+18  7.75279e-22  2.86298e-07  1.23931e+07  3.41978e-01  0.00000e+00
0121  3.29334e+18  7.60773e-22  2.85331e-07  1.24535e+07  3.47573e-01  0.00000e+00
0122  3.31176e+18  7.47011e-22  2.84390e-07  1.25097e+07  3.53209e-01  0.00000e+00
0123  3.33017e+18  7.33947e-22  2.83471e-07  1.25617e+07  3.58880e-01  0.00000e+00
0124  3.34859e+18  7.21537e-22  2.82572e-07  1.26093e+07  3.64585e-01  0.00000e+00
0125  3.36700e+18  7.09735e-22  2.81693e-07  1.26527e+07  3.70324e-01  0.00000e+00
0126  3.38542e+18  6.98496e-22  2.80838e-07  1.26919e+07  3.76101e-01  0.00000e+00
0127  3.40383e+18  6.87775e-22  2.80013e-07  1.27270e+07  3.81925e-01  0.00000e+00
0128  3.42225e+18  6.77526e-22  2.79221e-07  1.27584e+07  3.87807e-01  0.00000e+00
0129  3.44066e+18  6.67700e-22  2.78468e-07  1.27865e+07  3.93764e-01  0.00000e+00
0130  3.45908e+18  6.58247e-22  2.77757e-07  1.28119e+07  3.99812e-01  0.00000e+00
0131  3.47749e+18  6.49113e-22  2.77086e-07  1.28350e+07  4.05974e-01  0.00000e+00
0132  3.49591e+18  6.40244e-22  2.76454e-07  1.28564e+07  4.12274e-01  0.00000e+00
0133  3.51433e+18  6.31585e-22  2.75854e-07  1.28763e+07  4.18735e-01  0.00000e+00
0134  3.53274e+18  6.23085e-22  2.75282e-07  1.28951e+07  4.25385e-01  0.00000e+00
0135  3.55116e+18  6.14710e-22  2.74733e-07  1.29126e+07  4.32251e-01  0.00000e+00
0136  3.56957e+18  6.06428e-22  2.74201e-07  1.29289e+07  4.39358e-01  0.00000e+00
0137  3.58799e+18  5.98179e-22  2.73682e-07  1.29438e+07  4.46727e-01  0.00000e+00
0138  3.60640e+18  5.89914e-22  2.73179e-07  1.29569e+07  4.54390e-01  0.00000e+00
0139  3.62482e+18  5.81840e-22  2.72689e-07  1.29678e+07  4.62406e-01  0.00000e+00
0140  3.64323e+18  5.74165e-22  2.72201e-07  1.29770e+07  4.70707e-01  0.00000e+00
0141  3.66165e+18  5.65371e-22  2.71728e-07  1.29839e+07  4.78999e-01  0.00000e+00
0142  3.68007e+18  5.52772e-22  2.71287e-07  1.29859e+07  4.87935e-01  0.00000e+00
0143  3.69848e+18  5.46877e-22  2.70849e-07  1.29860e+07  5.00775e-01  0.00000e+00
0144  3.71690e+18  5.52420e-22  2.70322e-07  1.29908e+07  5.13059e-01  0.00000e+00
0145  3.73531e+18  6.26786e-22  2.69903e-07  1.29830e+07  5.12568e-01  0.00000e+00
0146  3.75373e+18  1.30061e-21  2.69921e-07  1.29384e+07  4.93565e-01  0.00000e+00
0147  3.77214e+18  5.45166e-21  2.37404e-07  1.22088e+07  4.11656e-01  0.00000e+00
0148  3.79056e+18  1.14550e-20  2.52243e-07  1.02887e+07  3.01282e-01  0.00000e+00
0149  3.80897e+18  1.18195e-20  2.51527e-07  9.68183e+06  2.10071e-01  0.00000e+00
0150  3.82739e+18  1.15251e-20  2.46658e-07  9.67782e+06  1.58051e-01  0.00000e+00
0151  3.84581e+18  1.09480e-20  2.38620e-07  9.71189e+06  1.42593e-01  0.00000e+00
0152  3.86422e+18  1.03483e-20  2.29997e-07  9.73953e+06  1.41030e-01  0.00000e+00
0153  3.88264e+18  9.78842e-21  2.21963e-07  9.74823e+06  1.41045e-01  0.00000e+00
0154  3.90105e+18  9.26116e-21  2.13964e-07  9.75811e+06  1.41237e-01  0.00000e+00
0155  3.91947e+18  8.74553e-21  2.06496e-07  9.77025e+06  1.41792e-01  0.00000e+00
0156  3.93788e+18  8.20303e-21  1.98626e-07  9.80049e+06  1.42839e-01  0.00000e+00
0157  3.95630e+18  7.55400e-21  1.90459e-07  9.84831e+06  1.44395e-01  0.00000e+00
0158  3.97471e+18  6.56593e-21  1.81948e-07  9.91612e+06  1.46324e-01  0.00000e+00
0159  3.99313e+18  4.97290e-21  1.78972e-07  1.01752e+07  1.48353e-01  0.00000e+00
0160  4.01155e+18  3.25061e-21  1.67885e-07  1.10935e+07  1.50278e-01  0.00000e+00
0161  4.02996e+18  2.20881e-21  1.53644e-07  1.22341e+07  1.52098e-01  0.00000e+00
0162  4.04838e+18  1.70643e-21  1.45015e-07  1.30683e+07  1.53830e-01  0.00000e+00
0163  4.06679e+18  1.44146e-21  1.39150e-07  1.36887e+07  1.55471e-01  0.00000e+00
0164  4.08521e+18  1.27919e-21  1.34439e-07  1.41935e+07  1.57016e-01  0.00000e+00
0165  4.10362e+18  1.16622e-21  1.30411e-07  1.46311e+07  1.58466e-01  0.00000e+00
0166  4.12204e+18  1.08023e-21  1.26788e-07  1.50284e+07  1.59825e-01  0.00000e+00
0167  4.14045e+18  1.01109e-21  1.23485e-07  1.53955e+07  1.61103e-01  0.00000e+00
0168  4.15887e+18  9.53287e-22  1.20439e-07  1.57391e+07  1.62312e-01  0.00000e+00
0169  4.17728e+18  9.03712e-22  1.17608e-07  1.60636e+07  1.63461e-01  0.00000e+00
0170  4.19570e+18  8.60494e-22  1.14964e-07  1.63707e+07  1.64562e-01  0.00000e+00
0171  4.21412e+18  8.22049e-22  1.12492e-07  1.66630e+07  1.65625e-01  0.00000e+00
0172  4.23253e+18  7.87076e-22  1.10134e-07  1.69474e+07  1.66660e-01  0.00000e+00
0173  4.25095e+18  7.55072e-22  1.07876e-07  1.72238e+07  1.67672e-01  0.00000e+00
0174  4.26936e+18  7.25652e-22  1.05722e-07  1.74918e+07  1.68667e-01  0.00000e+00
0175  4.28778e+18  6.98443e-22  1.03664e-07  1.77523e+07  1.69651e-01  0.00000e+00
0176  4.30619e+18  6.73161e-22  1.01690e-07  1.80062e+07  1.70625e-01  0.00000e+00
0177  4.32461e+18  6.49609e-22  9.97962e-08  1.82534e+07  1.71592e-01  0.00000e+00
0178  4.34302e+18  6.27622e-22  9.79789e-08  1.84941e+07  1.72555e-01  0.00000e+00
0179  4.36144e+18  6.07046e-22  9.62343e-08  1.87285e+07  1.73512e-01  0.00000e+00
0180  4.37986e+18  5.87753e-22  9.45571e-08  1.89569e+07  1.74464e-01  0.00000e+00
0181  4.39827e+18  5.69630e-22  9.29432e-08  1.91796e+07  1.75412e-01  0.00000e+00
0182  4.41669e+18  5.52528e-22  9.13868e-08  1.93974e+07  1.76354e-01  0.00000e+00
0183  4.43510e+18  5.36331e-22  8.98770e-08  1.96117e+07  1.77288e-01  0.00000e+00
0184  4.45352e+18  5.20982e-22  8.84121e-08  1.98225e+07  1.78213e-01  0.00000e+00
0185  4.47193e+18  5.06436e-22  8.69913e-08  2.00296e+07  1.79127e-01  0.00000e+00
0186  4.49035e+18  4.92648e-22  8.56133e-08  2.02330e+07  1.80029e-01  0.00000e+00
0187  4.50876e+18  4.79577e-22  8.42768e-08  2.04328e+07  1.80917e-01  0.00000e+00
0188  4.52718e+18  4.67183e-22  8.29803e-08  2.06288e+07  1.81788e-01  0.00000e+00
0189  4.54560e+18  4.55424e-22  8.17225e-08  2.08210e+07  1.82642e-01  0.00000e+00
0190  4.56401e+18  4.44263e-22  8.05021e-08  2.10096e+07  1.83477e-01  0.00000e+00
0191  4.58243e+18  4.33661e-22  7.93177e-08  2.11946e+07  1.84293e-01  0.00000e+00
0192  4.60084e+18  4.23572e-22  7.81668e-08  2.13761e+07  1.85089e-01  0.00000e+00
0193  4.61926e+18  4.13951e-22  7.70474e-08  2.15545e+07  1.85867e-01  0.00000e+00
0194  4.63767e+18  4.04760e-22  7.59574e-08  2.17300e+07  1.86626e-01  0.00000e+00
0195  4.65609e+18  3.95971e-22  7.48963e-08  2.19026e+07  1.87367e-01  0.00000e+00
0196  4.67450e+18  3.87558e-22  7.38635e-08  2.20722e+07  1.88091e-01  0.00000e+00
0197  4.69292e+18  3.79495e-22  7.28581e-08  2.22388e+07  1.88800e-01  0.00000e+00
0198  4.71134e+18  3.71761e-22  7.18796e-08  2.24024e+07  1.89496e-01  0.00000e+00
0199  4.72975e+18  3.64333e-22  7.09271e-08  2.25629e+07  1.90180e-01  0.00000e+00
0200  4.74817e+18  3.57192e-22  7.00001e-08  2.27205e+07  1.90854e-01  0.00000e+00
0201  4.76658e+18  3.50321e-22  6.90978e-08  2.28750e+07  1.91519e-01  0.00000e+00
0202  4.78500e+18  3.43703e-22  6.82195e-08  2.30266e+07  1.92176e-01  0.00000e+00
0203  4.80341e+18  3.37324e-22  6.73645e-08  2.31751e+07  1.92828e-01  0.00000e+00
0204  4.82183e+18  3.31172e-22  6.65323e-08  2.33207e+07  1.93474e-01  0.00000e+00
0205  4.84024e+18  3.25236e-22  6.57223e-08  2.34633e+07  1.94115e-01  0.00000e+00
0206  4.85866e+18  3.19509e-22  6.49348e-08  2.36027e+07  1.94753e-01  0.00000e+00
0207  4.87708e+18  3.13967e-22  6.41670e-08  2.37396e+07  1.95387e-01  0.00000e+00
0208  4.89549e+18  3.08594e-22  6.34163e-08  2.38743e+07  1.96019e-01  0.00000e+00
0209  4.91391e+18  3.03386e-22  6.26824e-08  2.40069e+07  1.96647e-01  0.00000e+00
0210  4.93232e+18  2.98337e-22  6.19653e-08  2.41372e+07  1.97272e-01  0.00000e+00
0211  4.95074e+18  2.93443e-22  6.12649e-08  2.42653e+07  1.97894e-01  0.00000e+00
0212  4.96915e+18  2.88698e-22  6.05810e-08  2.43911e+07  1.98513e-01  0.00000e+00
0213  4.98757e+18  2.84099e-22  5.99132e-08  2.45146e+07  1.99128e-01  0.00000e+00
0214  5.00598e+18  2.79640e-22  5.92612e-08  2.46357e+07  1.99740e-01  0.00000e+00
0215  5.02440e+18  2.75317e-22  5.86247e-08  2.47546e+07  2.00347e-01  0.00000e+00
0216  5.04282e+18  2.71126e-22  5.80035e-08  2.48712e+07  2.00950e-01  0.00000e+00
0217  5.06123e+18  2.67063e-22  5.73974e-08  2.49854e+07  2.01549e-01  0.00000e+00
0218  5.07965e+18  2.63124e-22  5.68061e-08  2.50972e+07  2.02144e-01  0.00000e+00
0219  5.09806e+18  2.59304e-22  5.62292e-08  2.52068e+07  2.02733e-01  0.00000e+00
0220  5.11648e+18  2.55598e-22  5.56664e-08  2.53140e+07  2.03318e-01  0.00000e+00
0221  5.13489e+18  2.52001e-22  5.51173e-08  2.54190e+07  2.03899e-01  0.00000e+00
0222  5.15331e+18  2.48511e-22  5.45815e-08  2.55217e+07  2.04475e-01  0.00000e+00
0223  5.17172e+18  2.45123e-22  5.40588e-08  2.56221e+07  2.05046e-01  0.00000e+00
0224  5.19014e+18  2.41833e-22  5.35487e-08  2.57204e+07  2.05613e-01  0.00000e+00
0225  5.20856e+18  2.38637e-22  5.30510e-08  2.58165e+07  2.06177e-01  0.00000e+00
0226  5.22697e+18  2.35533e-22  5.25654e-08  2.59104e+07  2.06736e-01  0.00000e+00
0227  5.24539e+18  2.32516e-22  5.20918e-08  2.60020e+07  2.07292e-01  0.00000e+00
0228  5.26380e+18  2.29584e-22  5.16299e-08  2.60915e+07  2.07846e-01  0.00000e+00
0229  5.28222e+18  2.26734e-22  5.11797e-08  2.61788e+07  2.08397e-01  0.00000e+00
0230  5.30063e+18  2.23962e-22  5.07408e-08  2.62639e+07  2.08945e-01  0.00000e+00
0231  5.31905e+18  2.21265e-22  5.03128e-08  2.63469e+07  2.09492e-01  0.00000e+00
0232  5.33746e+18  2.18639e-22  4.98954e-08  2.64278e+07  2.10038e-01  0.00000e+00
0233  5.35588e+18  2.16082e-22  4.94883e-08  2.65067e+07  2.10583e-01  0.00000e+00
0234  5.37430e+18  2.13592e-22  4.90913e-08  2.65836e+07  2.11128e-01  0.00000e+00
0235  5.39271e+18  2.11165e-22  4.87040e-08  2.66584e+07  2.11673e-01  0.00000e+00
0236  5.41113e+18  2.08800e-22  4.83262e-08  2.67314e+07  2.12218e-01  0.00000e+00
0237  5.42954e+18  2.06492e-22  4.79573e-08  2.68024e+07  2.12764e-01  0.00000e+00
0238  5.44796e+18  2.04241e-22  4.75969e-08  2.68717e+07  2.13311e-01  0.00000e+00
0239  5.46637e+18  2.02043e-22  4.72446e-08  2.69394e+07  2.13860e-01  0.00000e+00
0240  5.48479e+18  1.99896e-22  4.68999e-08  2.70053e+07  2.14411e-01  0.00000e+00
0241  5.50320e+18  1.97798e-22  4.65627e-08  2.70698e+07  2.14964e-01  0.00000e+00
0242  5.52162e+18  1.95748e-22  4.62328e-08  2.71326e+07  2.15519e-01  0.00000e+00
0243  5.54004e+18  1.93745e-22  4.59101e-08  2.71938e+07  2.16076e-01  0.00000e+00
0244  5.55845e+18  1.91788e-22  4.55949e-08  2.72535e+07  2.16636e-01  0.00000e+00
0245  5.57687e+18  1.89877e-22  4.52871e-08  2.73114e+07  2.17198e-01  0.00000e+00
0246  5.59528e+18  1.88011e-22  4.49869e-08  2.73676e+07  2.17762e-01  0.00000e+00
0247  5.61370e+18  1.86189e-22  4.46942e-08  2.74220e+07  2.18329e-01  0.00000e+00
0248  5.63211e+18  1.84410e-22  4.44090e-08  2.74747e+07  2.18898e-01  0.00000e+00
0249  5.65053e+18  1.82673e-22  4.41309e-08  2.75257e+07  2.19470e-01  0.00000e+00
0250  5.66894e+18  1.80977e-22  4.38597e-08  2.75751e+07  2.20043e-01  0.00000e+00
0251  5.68736e+18  1.79320e-22  4.35951e-08  2.76229e+07  2.20619e-01  0.00000e+00
0252  5.70578e+18  1.77701e-22  4.33366e-08  2.76693e+07  2.21197e-01  0.00000e+00
0253  5.72419e+18  1.76118e-22  4.30840e-08  2.77142e+07  2.21777e-01  0.00000e+00
0254  5.74261e+18  1.74571e-22  4.28371e-08  2.77578e+07  2.22360e-01  0.00000e+00
0255  5.76102e+18  1.73057e-22  4.25956e-08  2.78000e+07  2.22944e-01  0.00000e+00
0256  5.77944e+18  1.71577e-22  4.23595e-08  2.78410e+07  2.23532e-01  0.00000e+00
0257  5.79785e+18  1.70129e-22  4.21288e-08  2.78806e+07  2.24122e-01  0.00000e+00
0258  5.81627e+18  1.68712e-22  4.19032e-08  2.79190e+07  2.24716e-01  0.00000e+00
0259  5.83468e+18  1.67325e-22  4.16828e-08  2.79560e+07  2.25314e-01  0.00000e+00
0260  5.85310e+18  1.65967e-22  4.14674e-08  2.79918e+07  2.25917e-01  0.00000e+00
0261  5.87152e+18  1.64636e-22  4.12570e-08  2.80264e+07  2.26526e-01  0.00000e+00
0262  5.88993e+18  1.63332e-22  4.10514e-08  2.80597e+07  2.27143e-01  0.00000e+00
0263  5.90835e+18  1.62051e-22  4.08502e-08  2.80919e+07  2.27769e-01  0.00000e+00
0264  5.92676e+18  1.60790e-22  4.06533e-08  2.81231e+07  2.28406e-01  0.00000e+00
0265  5.94518e+18  1.59546e-22  4.04606e-08  2.81532e+07  2.29056e-01  0.00000e+00
0266  5.96359e+18  1.58317e-22  4.02717e-08  2.81825e+07  2.29720e-01  0.00000e+00
0267  5.98201e+18  1.57104e-22  4.00864e-08  2.82108e+07  2.30401e-01  0.00000e+00
0268  6.00043e+18  1.55905e-22  3.99049e-08  2.82383e+07  2.31101e-01  0.00000e+00
0269  6.01884e+18  1.54721e-22  3.97270e-08  2.82648e+07  2.31822e-01  0.00000e+00
0270  6.03726e+18  1.53549e-22  3.95528e-08  2.82903e+07  2.32564e-01  0.00000e+00
0271  6.05567e+18  1.52389e-22  3.93822e-08  2.83149e+07  2.33330e-01  0.00000e+00
0272  6.07409e+18  1.51240e-22  3.92153e-08  2.83385e+07  2.34121e-01  0.00000e+00
0273  6.09250e+18  1.50103e-22  3.90521e-08  2.83611e+07  2.34936e-01  0.00000e+00
0274  6.11092e+18  1.48976e-22  3.88925e-08  2.83827e+07  2.35777e-01  0.00000e+00
0275  6.12933e+18  1.47860e-22  3.87363e-08  2.84033e+07  2.36641e-01  0.00000e+00
0276  6.14775e+18  1.46756e-22  3.85834e-08  2.84231e+07  2.37527e-01  0.00000e+00
0277  6.16617e+18  1.45665e-22  3.84337e-08  2.84420e+07  2.38432e-01  0.00000e+00
0278  6.18458e+18  1.44588e-22  3.82868e-08  2.84601e+07  2.39351e-01  0.00000e+00
0279  6.20300e+18  1.43527e-22  3.81427e-08  2.84774e+07  2.40281e-01  0.00000e+00
0280  6.22141e+18  1.42485e-22  3.80010e-08  2.84940e+07  2.41215e-01  0.00000e+00
0281  6.23983e+18  1.41465e-22  3.78618e-08  2.85100e+07  2.42146e-01  0.00000e+00
0282  6.25824e+18  1.40469e-22  3.77248e-08  2.85253e+07  2.43067e-01  0.00000e+00
0283  6.27666e+18  1.39501e-22  3.75902e-08  2.85400e+07  2.43970e-01  0.00000e+00
0284  6.29507e+18  1.38564e-22  3.74578e-08  2.85540e+07  2.44847e-01  0.00000e+00
0285  6.31349e+18  1.37661e-22  3.73278e-08  2.85673e+07  2.45691e-01  0.00000e+00
0286  6.33191e+18  1.36794e-22  3.72001e-08  2.85800e+07  2.46495e-01  0.00000e+00
0287  6.35032e+18  1.35963e-22  3.70748e-08  2.85920e+07  2.47254e-01  0.00000e+00
0288  6.36874e+18  1.35171e-22  3.69519e-08  2.86033e+07  2.47964e-01  0.00000e+00
0289  6.38715e+18  1.34416e-22  3.68311e-08  2.86140e+07  2.48624e-01  0.00000e+00
0290  6.40557e+18  1.33695e-22  3.67125e-08  2.86240e+07  2.49235e-01  0.00000e+00
0291  6.42398e+18  1.33008e-22  3.65957e-08  2.86335e+07  2.49798e-01  0.00000e+00
0292  6.44240e+18  1.32350e-22  3.64807e-08  2.86426e+07  2.50318e-01  0.00000e+00
0293  6.46081e+18  1.31719e-22  3.63672e-08  2.86512e+07  2.50802e-01  0.00000e+00
0294  6.47923e+18  1.31108e-22  3.62552e-08  2.86595e+07  2.51255e-01  0.00000e+00
0295  6.49765e+18  1.30516e-22  3.61446e-08  2.86673e+07  2.51687e-01  0.00000e+00
0296  6.51606e+18  1.29938e-22  3.60353e-08  2.86748e+07  2.52104e-01  0.00000e+00
0297  6.53448e+18  1.29370e-22  3.59275e-08  2.86820e+07  2.52514e-01  0.00000e+00
0298  6.55289e+18  1.28810e-22  3.58211e-08  2.86887e+07  2.52925e-01  0.00000e+00
0299  6.57131e+18  1.28254e-22  3.57162e-08  2.86950e+07  2.53341e-01  0.00000e+00
0300  6.58972e+18  1.27700e-22  3.56129e-08  2.87008e+07  2.53768e-01  0.00000e+00
0301  6.60814e+18  1.27148e-22  3.55113e-08  2.87061e+07  2.54211e-01  0.00000e+00
0302  6.62655e+18  1.26596e-22  3.54114e-08  2.87109e+07  2.54672e-01  0.00000e+00
0303  6.64497e+18  1.26045e-22  3.53133e-08  2.87151e+07  2.55153e-01  0.00000e+00
0304  6.66339e+18  1.25493e-22  3.52169e-08  2.87188e+07  2.55656e-01  0.00000e+00
0305  6.68180e+18  1.24942e-22  3.51223e-08  2.87219e+07  2.56180e-01  0.00000e+00
0306  6.70022e+18  1.24393e-22  3.50294e-08  2.87244e+07  2.56723e-01  0.00000e+00
0307  6.71863e+18  1.23846e-22  3.49381e-08  2.87264e+07  2.57284e-01  0.00000e+00
0308  6.73705e+18  1.23303e-22  3.48483e-08  2.87279e+07  2.57859e-01  0.00000e+00
0309  6.75546e+18  1.22765e-22  3.47600e-08  2.87290e+07  2.58446e-01  0.00000e+00
0310  6.77388e+18  1.22234e-22  3.46734e-08  2.87295e+07  2.59042e-01  0.00000e+00
0311  6.79229e+18  1.21710e-22  3.45877e-08  2.87295e+07  2.59642e-01  0.00000e+00
0312  6.81071e+18  1.21195e-22  3.45035e-08  2.87292e+07  2.60244e-01  0.00000e+00
0313  6.82913e+18  1.20690e-22  3.44209e-08  2.87283e+07  2.60846e-01  0.00000e+00
0314  6.84754e+18  1.20195e-22  3.43394e-08  2.87270e+07  2.61446e-01  0.00000e+00
0315  6.86596e+18  1.19709e-22  3.42586e-08  2.87256e+07  2.62041e-01  0.00000e+00
0316  6.88437e+18  1.19230e-22  3.41779e-08  2.87241e+07  2.62632e-01  0.00000e+00
0317  6.90279e+18  1.18759e-22  3.40968e-08  2.87229e+07  2.63217e-01  0.00000e+00
0318  6.92120e+18  1.18293e-22  3.40151e-08  2.87220e+07  2.63797e-01  0.00000e+00
0319  6.93962e+18  1.17834e-22  3.39328e-08  2.87213e+07  2.64373e-01  0.00000e+00
0320  6.95803e+18  1.17380e-22  3.38502e-08  2.87209e+07  2.64945e-01  0.00000e+00
0321  6.97645e+18  1.16932e-22  3.37675e-08  2.87206e+07  2.65515e-01  0.00000e+00
0322  6.99487e+18  1.16490e-22  3.36852e-08  2.87202e+07  2.66083e-01  0.00000e+00
0323  7.01328e+18  1.16054e-22  3.36034e-08  2.87197e+07  2.66650e-01  0.00000e+00
0324  7.03170e+18  1.15624e-22  3.35225e-08  2.87189e+07  2.67219e-01  0.00000e+00
0325  7.05011e+18  1.15200e-22  3.34425e-08  2.87178e+07  2.67789e-01  0.00000e+00
0326  7.06853e+18  1.14783e-22  3.33638e-08  2.87163e+07  2.68361e-01  0.00000e+00
0327  7.08694e+18  1.14371e-22  3.32865e-08  2.87144e+07  2.68936e-01  0.00000e+00
0328  7.10536e+18  1.13967e-22  3.32109e-08  2.87118e+07  2.69515e-01  0.00000e+00
0329  7.12378e+18  1.13570e-22  3.31376e-08  2.87084e+07  2.70098e-01  0.00000e+00
0330  7.14219e+18  1.13182e-22  3.30674e-08  2.87039e+07  2.70685e-01  0.00000e+00
0331  7.16061e+18  1.12805e-22  3.30008e-08  2.86980e+07  2.71276e-01  0.00000e+00
0332  7.17902e+18  1.12439e-22  3.29380e-08  2.86906e+07  2.71872e-01  0.00000e+00
0333  7.19744e+18  1.12084e-22  3.28790e-08  2.86818e+07  2.72472e-01  0.00000e+00
0334  7.21585e+18  1.11737e-22  3.28230e-08  2.86719e+07  2.73076e-01  0.00000e+00
0335  7.23427e+18  1.11397e-22  3.27689e-08  2.86612e+07  2.73684e-01  0.00000e+00
0336  7.25268e+18  1.11063e-22  3.27156e-08  2.86503e+07  2.74297e-01  0.00000e+00
0337  7.27110e+18  1.10730e-22  3.26622e-08  2.86395e+07  2.74914e-01  0.00000e+00
0338  7.28952e+18  1.10399e-22  3.26080e-08  2.86291e+07  2.75534e-01  0.00000e+00
0339  7.30793e+18  1.10069e-22  3.25524e-08  2.86192e+07  2.76159e-01  0.00000e+00
0340  7.32635e+18  1.09738e-22  3.24954e-08  2.86101e+07  2.76787e-01  0.00000e+00
0341  7.34476e+18  1.09407e-22  3.24368e-08  2.86017e+07  2.77419e-01  0.00000e+00
0342  7.36318e+18  1.09076e-22  3.23766e-08  2.85941e+07  2.78055e-01  0.00000e+00
0343  7.38159e+18  1.08745e-22  3.23148e-08  2.85871e+07  2.78694e-01  0.00000e+00
0344  7.40001e+18  1.08413e-22  3.22513e-08  2.85810e+07  2.79337e-01  0.00000e+00
0345  7.41842e+18  1.08080e-22  3.21862e-08  2.85757e+07  2.79983e-01  0.00000e+00
0346  7.43684e+18  1.07747e-22  3.21194e-08  2.85711e+07  2.80632e-01  0.00000e+00
0347  7.45526e+18  1.07414e-22  3.20511e-08  2.85674e+07  2.81285e-01  0.00000e+00
0348  7.47367e+18  1.07078e-22  3.19801e-08  2.85646e+07  2.81941e-01  0.00000e+00
0349  7.49209e+18  1.06738e-22  3.19055e-08  2.85635e+07  2.82600e-01  0.00000e+00
0350  7.51050e+18  1.06397e-22  3.18293e-08  2.85637e+07  2.83263e-01  0.00000e+00
0351  7.52892e+18  1.06055e-22  3.17513e-08  2.85645e+07  2.83928e-01  0.00000e+00
0352  7.54733e+18  1.05710e-22  3.16710e-08  2.85663e+07  2.84597e-01  0.00000e+00
0353  7.56575e+18  1.05363e-22  3.15878e-08  2.85695e+07  2.85269e-01  0.00000e+00
0354  7.58416e+18  1.05012e-22  3.15017e-08  2.85740e+07  2.85944e-01  0.00000e+00
0355  7.60258e+18  1.04659e-22  3.14130e-08  2.85799e+07  2.86622e-01  0.00000e+00
0356  7.62100e+18  1.04303e-22  3.13219e-08  2.85869e+07  2.87303e-01  0.00000e+00
0357  7.63941e+18  1.03945e-22  3.12286e-08  2.85950e+07  2.87987e-01  0.00000e+00
0358  7.65783e+18  1.03585e-22  3.11335e-08  2.86040e+07  2.88674e-01  0.00000e+00
0359  7.67624e+18  1.03225e-22  3.10368e-08  2.86140e+07  2.89365e-01  0.00000e+00
0360  7.69466e+18  1.02863e-22  3.09386e-08  2.86248e+07  2.90058e-01  0.00000e+00
0361  7.71307e+18  1.02501e-22  3.08389e-08  2.86364e+07  2.90755e-01  0.00000e+00
0362  7.73149e+18  1.02138e-22  3.07380e-08  2.86487e+07  2.91455e-01  0.00000e+00
0363  7.74990e+18  1.01775e-22  3.06357e-08  2.86618e+07  2.92159e-01  0.00000e+00
0364  7.76832e+18  1.01411e-22  3.05323e-08  2.86756e+07  2.92865e-01  0.00000e+00
0365  7.78674e+18  1.01047e-22  3.04278e-08  2.86900e+07  2.93575e-01  0.00000e+00
0366  7.80515e+18  1.00683e-22  3.03222e-08  2.87052e+07  2.94289e-01  0.00000e+00
0367  7.82357e+18  1.00319e-22  3.02155e-08  2.87211e+07  2.95005e-01  0.00000e+00
0368  7.84198e+18  9.99538e-23  3.01078e-08  2.87376e+07  2.95725e-01  0.00000e+00
0369  7.86040e+18  9.95887e-23  2.99991e-08  2.87547e+07  2.96449e-01  0.00000e+00
0370  7.87881e+18  9.92235e-23  2.98894e-08  2.87726e+07  2.97175e-01  0.00000e+00
0371  7.89723e+18  9.88580e-23  2.97788e-08  2.87910e+07  2.97905e-01  0.00000e+00
0372  7.91564e+18  9.84924e-23  2.96672e-08  2.88101e+07  2.98638e-01  0.00000e+00
0373  7.93406e+18  9.81266e-23  2.95547e-08  2.88299e+07  2.99374e-01  0.00000e+00
0374  7.95248e+18  9.77609e-23  2.94415e-08  2.88502e+07  3.00114e-01  0.00000e+00
0375  7.97089e+18  9.73953e-23  2.93275e-08  2.88711e+07  3.00856e-01  0.00000e+00
0376  7.98931e+18  9.70297e-23  2.92127e-08  2.88925e+07  3.01602e-01  0.00000e+00
0377  8.00772e+18  9.66642e-23  2.90973e-08  2.89146e+07  3.02352e-01  0.00000e+00
0378  8.02614e+18  9.62988e-23  2.89813e-08  2.89371e+07  3.03104e-01  0.00000e+00
0379  8.04455e+18  9.59335e-23  2.88646e-08  2.89601e+07  3.03860e-01  0.00000e+00
0380  8.06297e+18  9.55683e-23  2.87475e-08  2.89836e+07  3.04619e-01  0.00000e+00
0381  8.08139e+18  9.52033e-23  2.86298e-08  2.90076e+07  3.05381e-01  0.00000e+00
0382  8.09980e+18  9.48386e-23  2.85118e-08  2.90321e+07  3.06147e-01  0.00000e+00
0383  8.11822e+18  9.44741e-23  2.83934e-08  2.90569e+07  3.06917e-01  0.00000e+00
0384  8.13663e+18  9.41101e-23  2.82747e-08  2.90821e+07  3.07689e-01  0.00000e+00
0385  8.15505e+18  9.37466e-23  2.81559e-08  2.91077e+07  3.08465e-01  0.00000e+00
0386  8.17346e+18  9.33838e-23  2.80369e-08  2.91336e+07  3.09244e-01  0.00000e+00
0387  8.19188e+18  9.30218e-23  2.79178e-08  2.91597e+07  3.10027e-01  0.00000e+00
0388  8.21029e+18  9.26608e-23  2.77987e-08  2.91861e+07  3.10812e-01  0.00000e+00
0389  8.22871e+18  9.23009e-23  2.76796e-08  2.92128e+07  3.11601e-01  0.00000e+00
0390  8.24713e+18  9.19424e-23  2.75607e-08  2.92396e+07  3.12392e-01  0.00000e+00
0391  8.26554e+18  9.15854e-23  2.74419e-08  2.92667e+07  3.13185e-01  0.00000e+00
0392  8.28396e+18  9.12301e-23  2.73233e-08  2.92939e+07  3.13981e-01  0.00000e+00
0393  8.30237e+18  9.08767e-23  2.72050e-08  2.93212e+07  3.14778e-01  0.00000e+00
0394  8.32079e+18  9.05254e-23  2.70870e-08  2.93486e+07  3.15577e-01  0.00000e+00
0395  8.33920e+18  9.01764e-23  2.69692e-08  2.93761e+07  3.16376e-01  0.00000e+00
0396  8.35762e+18  8.98297e-23  2.68518e-08  2.94038e+07  3.17176e-01  0.00000e+00
0397  8.37603e+18  8.94855e-23  2.67348e-08  2.94315e+07  3.17976e-01  0.00000e+00
0398  8.39445e+18  8.91438e-23  2.66182e-08  2.94592e+07  3.18776e-01  0.00000e+00
0399  8.41287e+18  8.88047e-23  2.65019e-08  2.94870e+07  3.19576e-01  0.00000e+00
0400  8.43128e+18  8.84683e-23  2.63861e-08  2.95149e+07  3.20376e-01  0.00000e+00
0401  8.44970e+18  8.81345e-23  2.62707e-08  2.95428e+07  3.21174e-01  0.00000e+00
0402  8.46811e+18  8.78033e-23  2.61557e-08  2.95707e+07  3.21972e-01  0.00000e+00
0403  8.48653e+18  8.74747e-23  2.60412e-08  2.95987e+07  3.22769e-01  0.00000e+00
0404  8.50494e+18  8.71486e-23  2.59271e-08  2.96267e+07  3.23566e-01  0.00000e+00
0405  8.52336e+18  8.68249e-23  2.58134e-08  2.96548e+07  3.24362e-01  0.00000e+00
0406  8.54177e+18  8.65037e-23  2.57002e-08  2.96829e+07  3.25158e-01  0.00000e+00
0407  8.56019e+18  8.61847e-23  2.55873e-08  2.97110e+07  3.25954e-01  0.00000e+00
0408  8.57861e+18  8.58680e-23  2.54749e-08  2.97392e+07  3.26750e-01  0.00000e+00
0409  8.59702e+18  8.55534e-23  2.53629e-08  2.97674e+07  3.27547e-01  0.00000e+00
0410  8.61544e+18  8.52408e-23  2.52514e-08  2.97956e+07  3.28345e-01  0.00000e+00
0411  8.63385e+18  8.49304e-23  2.51403e-08  2.98238e+07  3.29145e-01  0.00000e+00
0412  8.65227e+18  8.46219e-23  2.50297e-08  2.98520e+07  3.29946e-01  0.00000e+00
0413  8.67068e+18  8.43154e-23  2.49195e-08  2.98803e+07  3.30749e-01  0.00000e+00
0414  8.68910e+18  8.40110e-23  2.48099e-08  2.99085e+07  3.31555e-01  0.00000e+00
0415  8.70751e+18  8.37085e-23  2.47007e-08  2.99367e+07  3.32363e-01  0.00000e+00
0416  8.72593e+18  8.34080e-23  2.45921e-08  2.99649e+07  3.33175e-01  0.00000e+00
0417  8.74435e+18  8.31096e-23  2.44840e-08  2.99930e+07  3.33990e-01  0.00000e+00
0418  8.76276e+18  8.28131e-23  2.43765e-08  3.00211e+07  3.34809e-01  0.00000e+00
0419  8.78118e+18  8.25185e-23  2.42695e-08  3.00492e+07  3.35631e-01  0.00000e+00
0420  8.79959e+18  8.22259e-23  2.41631e-08  3.00771e+07  3.36458e-01  0.00000e+00
0421  8.81801e+18  8.19352e-23  2.40573e-08  3.01050e+07  3.37289e-01  0.00000e+00
0422  8.83642e+18  8.16463e-23  2.39521e-08  3.01328e+07  3.38125e-01  0.00000e+00
0423  8.85484e+18  8.13594e-23  2.38476e-08  3.01605e+07  3.38966e-01  0.00000e+00
0424  8.87326e+18  8.10743e-23  2.37437e-08  3.01881e+07  3.39811e-01  0.00000e+00
0425  8.89167e+18  8.07910e-23  2.36405e-08  3.02155e+07  3.40662e-01  0.00000e+00
0426  8.91009e+18  8.05096e-23  2.35380e-08  3.02428e+07  3.41519e-01  0.00000e+00
0427  8.92850e+18  8.02300e-23  2.34361e-08  3.02700e+07  3.42381e-01  0.00000e+00
0428  8.94692e+18  7.99522e-23  2.33349e-08  3.02971e+07  3.43249e-01  0.00000e+00
0429  8.96533e+18  7.96760e-23  2.32344e-08  3.03240e+07  3.44123e-01  0.00000e+00
0430  8.98375e+18  7.94015e-23  2.31344e-08  3.03508e+07  3.45003e-01  0.00000e+00
0431  9.00216e+18  7.91286e-23  2.30351e-08  3.03775e+07  3.45890e-01  0.00000e+00
0432  9.02058e+18  7.88571e-23  2.29364e-08  3.04041e+07  3.46783e-01  0.00000e+00
0433  9.03900e+18  7.85870e-23  2.28382e-08  3.04306e+07  3.47685e-01  0.00000e+00
0434  9.05741e+18  7.83181e-23  2.27405e-08  3.04571e+07  3.48594e-01  0.00000e+00
0435  9.07583e+18  7.80502e-23  2.26433e-08  3.04835e+07  3.49512e-01  0.00000e+00
0436  9.09424e+18  7.77834e-23  2.25467e-08  3.05098e+07  3.50439e-01  0.00000e+00
0437  9.11266e+18  7.75174e-23  2.24505e-08  3.05361e+07  3.51376e-01  0.00000e+00
0438  9.13107e+18  7.72521e-23  2.23548e-08  3.05623e+07  3.52323e-01  0.00000e+00
0439  9.14949e+18  7.69875e-23  2.22596e-08  3.05885e+07  3.53281e-01  0.00000e+00
0440  9.16790e+18  7.67235e-23  2.21649e-08  3.06146e+07  3.54250e-01  0.00000e+00
0441  9.18632e+18  7.64600e-23  2.20706e-08  3.06407e+07  3.55231e-01  0.00000e+00
0442  9.20474e+18  7.61969e-23  2.19767e-08  3.06667e+07  3.56225e-01  0.00000e+00
0443  9.22315e+18  7.59343e-23  2.18833e-08  3.06927e+07  3.57231e-01  0.00000e+00
0444  9.24157e+18  7.56720e-23  2.17904e-08  3.07186e+07  3.58251e-01  0.00000e+00
0445  9.25998e+18  7.54103e-23  2.16980e-08  3.07445e+07  3.59283e-01  0.00000e+00
0446  9.27840e+18  7.51489e-23  2.16060e-08  3.07702e+07  3.60329e-01  0.00000e+00
0447  9.29681e+18  7.48881e-23  2.15146e-08  3.07959e+07  3.61389e-01  0.00000e+00
0448  9.31523e+18  7.46278e-23  2.14236e-08  3.08215e+07  3.62461e-01  0.00000e+00
0449  9.33364e+18  7.43682e-23  2.13331e-08  3.08470e+07  3.63547e-01  0.00000e+00
0450  9.35206e+18  7.41092e-23  2.12432e-08  3.08724e+07  3.64645e-01  0.00000e+00
0451  9.37048e+18  7.38510e-23  2.11537e-08  3.08977e+07  3.65756e-01  0.00000e+00
0452  9.38889e+18  7.35937e-23  2.10648e-08  3.09228e+07  3.66878e-01  0.00000e+00
0453  9.40731e+18  7.33374e-23  2.09763e-08  3.09479e+07  3.68012e-01  0.00000e+00
0454  9.42572e+18  7.30821e-23  2.08884e-08  3.09728e+07  3.69157e-01  0.00000e+00
0455  9.44414e+18  7.28280e-23  2.08009e-08  3.09976e+07  3.70312e-01  0.00000e+00
0456  9.46255e+18  7.25751e-23  2.07139e-08  3.10223e+07  3.71477e-01  0.00000e+00
0457  9.48097e+18  7.23236e-23  2.06273e-08  3.10470e+07  3.72650e-01  0.00000e+00
0458  9.49939e+18  7.20735e-23  2.05412e-08  3.10714e+07  3.73831e-01  0.00000e+00
0459  9.51780e+18  7.18250e-23  2.04555e-08  3.10958e+07  3.75020e-01  0.00000e+00
0460  9.53622e+18  7.15780e-23  2.03703e-08  3.11201e+07  3.76215e-01  0.00000e+00
0461  9.55463e+18  7.13327e-23  2.02854e-08  3.11443e+07  3.77417e-01  0.00000e+00
0462  9.57305e+18  7.10891e-23  2.02009e-08  3.11684e+07  3.78625e-01  0.00000e+00
0463  9.59146e+18  7.08472e-23  2.01168e-08  3.11924e+07  3.79839e-01  0.00000e+00
0464  9.60988e+18  7.06069e-23  2.00331e-08  3.12162e+07  3.81059e-01  0.00000e+00
0465  9.62829e+18  7.03682e-23  1.99498e-08  3.12399e+07  3.82286e-01  0.00000e+00
0466  9.64671e+18  7.01311e-23  1.98669e-08  3.12635e+07  3.83520e-01  0.00000e+00
0467  9.66513e+18  6.98955e-23  1.97843e-08  3.12870e+07  3.84761e-01  0.00000e+00
0468  9.68354e+18  6.96612e-23  1.97022e-08  3.13103e+07  3.86012e-01  0.00000e+00
0469  9.70196e+18  6.94280e-23  1.96204e-08  3.13335e+07  3.87272e-01  0.00000e+00
0470  9.72037e+18  6.91958e-23  1.95391e-08  3.13565e+07  3.88545e-01  0.00000e+00
0471  9.73879e+18  6.89643e-23  1.94581e-08  3.13794e+07  3.89830e-01  0.00000e+00
0472  9.75720e+18  6.87334e-23  1.93775e-08  3.14020e+07  3.91131e-01  0.00000e+00
0473  9.77562e+18  6.85028e-23  1.92974e-08  3.14245e+07  3.92450e-01  0.00000e+00
0474  9.79403e+18  6.82723e-23  1.92177e-08  3.14468e+07  3.93787e-01  0.00000e+00
0475  9.81245e+18  6.80416e-23  1.91383e-08  3.14688e+07  3.95147e-01  0.00000e+00
0476  9.83087e+18  6.78106e-23  1.90595e-08  3.14906e+07  3.96530e-01  0.00000e+00
0477  9.84928e+18  6.75789e-23  1.89810e-08  3.15122e+07  3.97940e-01  0.00000e+00
0478  9.86770e+18  6.73465e-23  1.89030e-08  3.15336e+07  3.99378e-01  0.00000e+00
0479  9.88611e+18  6.71126e-23  1.88254e-08  3.15547e+07  4.00847e-01  0.00000e+00
0480  9.90453e+18  6.68764e-23  1.87482e-08  3.15756e+07  4.02351e-01  0.00000e+00
0481  9.92294e+18  6.66355e-23  1.86716e-08  3.15961e+07  4.03892e-01  0.00000e+00
0482  9.94136e+18  6.63862e-23  1.85954e-08  3.16164e+07  4.05476e-01  0.00000e+00
0483  9.95977e+18  6.61223e-23  1.85198e-08  3.16364e+07  4.07111e-01  0.00000e+00
0484  9.97819e+18  6.58353e-23  1.84447e-08  3.16561e+07  4.08810e-01  0.00000e+00
0485  9.99661e+18  6.55164e-23  1.83702e-08  3.16754e+07  4.10595e-01  0.00000e+00
0486  1.00150e+19  6.51680e-23  1.82963e-08  3.16945e+07  4.12499e-01  0.00000e+00
0487  1.00334e+19  6.48370e-23  1.82230e-08  3.17132e+07  4.14568e-01  0.00000e+00
0488  1.00519e+19  6.46368e-23  1.81501e-08  3.17316e+07  4.16862e-01  0.00000e+00
0489  1.00703e+19  6.45977e-23  1.80775e-08  3.17499e+07  4.19397e-01  0.00000e+00
0490  1.00887e+19  6.46023e-23  1.80051e-08  3.17681e+07  4.21976e-01  0.00000e+00
0491  1.01071e+19  6.46334e-23  1.79328e-08  3.17862e+07  4.23931e-01  0.00000e+00
0492  1.01255e+19  6.47271e-23  1.78605e-08  3.18042e+07  4.24618e-01  0.00000e+00
0493  1.01439e+19  6.49340e-23  1.77882e-08  3.18223e+07  4.24642e-01  0.00000e+00
0494  1.01623e+19  6.53229e-23  1.77156e-08  3.18405e+07  4.24543e-01  0.00000e+00
0495  1.01808e+19  6.59854e-23  1.76425e-08  3.18588e+07  4.24158e-01  0.00000e+00
0496  1.01992e+19  6.70408e-23  1.75687e-08  3.18774e+07  4.23255e-01  0.00000e+00
0497  1.02176e+19  6.86369e-23  1.74935e-08  3.18964e+07  4.21562e-01  0.00000e+00
0498  1.02360e+19  7.09480e-23  1.74162e-08  3.19160e+07  4.18791e-01  0.00000e+00
0499  1.02544e+19  7.41673e-23  1.73363e-08  3.19365e+07  4.14653e-01  0.00000e+00
0500  1.02728e+19  7.84924e-23  1.72524e-08  3.19584e+07  4.08883e-01  0.00000e+00
0501  1.02913e+19  8.40989e-23  1.71634e-08  3.19822e+07  4.01272e-01  0.00000e+00
0502  1.03097e+19  9.11022e-23  1.70677e-08  3.20083e+07  3.91695e-01  0.00000e+00
0503  1.03281e+19  9.95159e-23  1.69642e-08  3.20374e+07  3.80144e-01  0.00000e+00
0504  1.03465e+19  1.09216e-22  1.68517e-08  3.20708e+07  3.66741e-01  0.00000e+00
0505  1.03649e+19  1.19916e-22  1.67288e-08  3.21100e+07  3.51757e-01  0.00000e+00
0506  1.03833e+19  1.31105e-22  1.65953e-08  3.21565e+07  3.35610e-01  0.00000e+00
0507  1.04017e+19  1.41879e-22  1.64513e-08  3.22120e+07  3.18877e-01  0.00000e+00
0508  1.04202e+19  1.50660e-22  1.62980e-08  3.22769e+07  3.02243e-01  0.00000e+00
0509  1.04386e+19  1.55631e-22  1.61377e-08  3.23495e+07  2.86330e-01  0.00000e+00
0510  1.04570e+19  1.56987e-22  1.59747e-08  3.24266e+07  2.71479e-01  0.00000e+00
0511  1.04754e+19  1.57069e-22  1.58128e-08  3.25058e+07  2.57762e-01  0.00000e+00
0512  1.04938e+19  1.57040e-22  1.56531e-08  3.25863e+07  2.45143e-01  0.00000e+00
0513  1.05122e+19  1.56914e-22  1.54955e-08  3.26679e+07  2.33549e-01  0.00000e+00
0514  1.05307e+19  1.56630e-22  1.53398e-08  3.27508e+07  2.22889e-01  0.00000e+00
0515  1.05491e+19  1.56152e-22  1.51861e-08  3.28346e+07  2.13067e-01  0.00000e+00
0516  1.05675e+19  1.55465e-22  1.50345e-08  3.29191e+07  2.03996e-01  0.00000e+00
0517  1.05859e+19  1.54572e-22  1.48855e-08  3.30039e+07  1.95593e-01  0.00000e+00
0518  1.06043e+19  1.53490e-22  1.47390e-08  3.30888e+07  1.87789e-01  0.00000e+00
0519  1.06227e+19  1.52243e-22  1.45951e-08  3.31735e+07  1.80522e-01  0.00000e+00
0520  1.06412e+19  1.50861e-22  1.44539e-08  3.32579e+07  1.73737e-01  0.00000e+00
0521  1.06596e+19  1.49371e-22  1.43154e-08  3.33417e+07  1.67391e-01  0.00000e+00
0522  1.06780e+19  1.47802e-22  1.41795e-08  3.34248e+07  1.61442e-01  0.00000e+00
0523  1.06964e+19  1.46177e-22  1.40465e-08  3.35070e+07  1.55859e-01  0.00000e+00
0524  1.07148e+19  1.44516e-22  1.39162e-08  3.35882e+07  1.50613e-01  0.00000e+00
0525  1.07332e+19  1.42832e-22  1.37886e-08  3.36681e+07  1.45678e-01  0.00000e+00
0526  1.07516e+19  1.41134e-22  1.36639e-08  3.37468e+07  1.41034e-01  0.00000e+00
0527  1.07701e+19  1.39428e-22  1.35419e-08  3.38242e+07  1.36662e-01  0.00000e+00
0528  1.07885e+19  1.37718e-22  1.34227e-08  3.39002e+07  1.32545e-01  0.00000e+00
0529  1.08069e+19  1.36003e-22  1.33062e-08  3.39748e+07  1.28665e-01  0.00000e+00
0530  1.08253e+19  1.34283e-22  1.31926e-08  3.40478e+07  1.25005e-01  0.00000e+00
0531  1.08437e+19  1.32556e-22  1.30818e-08  3.41193e+07  1.21548e-01  0.00000e+00
0532  1.08621e+19  1.30822e-22  1.29737e-08  3.41891e+07  1.18273e-01  0.00000e+00
0533  1.08806e+19  1.29076e-22  1.28685e-08  3.42571e+07  1.15159e-01  0.00000e+00
0534  1.08990e+19  1.27318e-22  1.27660e-08  3.43233e+07  1.12187e-01  0.00000e+00
0535  1.09174e+19  1.25545e-22  1.26662e-08  3.43876e+07  1.09352e-01  0.00000e+00
0536  1.09358e+19  1.23754e-22  1.25691e-08  3.44498e+07  1.06700e-01  0.00000e+00
0537  1.09542e+19  1.21942e-22  1.24747e-08  3.45100e+07  1.04389e-01  0.00000e+00
0538  1.09726e+19  1.20104e-22  1.23830e-08  3.45683e+07  1.02738e-01  0.00000e+00
0539  1.09910e+19  1.18242e-22  1.22937e-08  3.46250e+07  1.01993e-01  0.00000e+00
0540  1.10095e+19  1.16359e-22  1.22068e-08  3.46797e+07  1.01858e-01  0.00000e+00
0541  1.10279e+19  1.14463e-22  1.21226e-08  3.47325e+07  1.01857e-01  0.00000e+00
0542  1.10463e+19  1.12558e-22  1.20411e-08  3.47833e+07  1.01870e-01  0.00000e+00
0543  1.10647e+19  1.10653e-22  1.19621e-08  3.48322e+07  1.01912e-01  0.00000e+00
0544  1.10831e+19  1.08757e-22  1.18854e-08  3.48792e+07  1.01999e-01  0.00000e+00
0545  1.11015e+19  1.06880e-22  1.18110e-08  3.49244e+07  1.02140e-01  0.00000e+00
0546  1.11200e+19  1.05033e-22  1.17387e-08  3.49679e+07  1.02342e-01  0.00000e+00
0547  1.11384e+19  1.03228e-22  1.16684e-08  3.50097e+07  1.02605e-01  0.00000e+00
0548  1.11568e+19  1.01479e-22  1.15998e-08  3.50498e+07  1.02928e-01  0.00000e+00
0549  1.11752e+19  9.97964e-23  1.15330e-08  3.50883e+07  1.03303e-01  0.00000e+00
0550  1.11936e+19  9.81917e-23  1.14681e-08  3.51249e+07  1.03722e-01  0.00000e+00
0551  1.12120e+19  9.66701e-23  1.14049e-08  3.51598e+07  1.04176e-01  0.00000e+00
0552  1.12305e+19  9.52476e-23  1.13440e-08  3.51925e+07  1.04653e-01  0.00000e+00
0553  1.12489e+19  9.38789e-23  1.12836e-08  3.52241e+07  1.05159e-01  0.00000e+00
0554  1.12673e+19  9.27405e-23  1.12318e-08  3.52506e+07  1.05616e-01  0.00000e+00
0555  1.12857e+19  9.09452e-23  1.11466e-08  3.52917e+07  1.06403e-01  0.00000e+00
