# Athena++ data at time=1.190000e+13  cycle=797420946  variables=prim 
# i       x1v         rho          press          vel1         vel2         vel3     
0002  1.13875e+18  2.14917e-18  8.97288e-06 -4.09800e+05  1.46607e-09  0.00000e+00
0003  1.15716e+18  9.91565e-19  5.45956e-06  2.43594e+05  7.93074e-03  0.00000e+00
0004  1.17558e+18  6.41286e-19  4.33775e-06  3.11370e+05  1.74215e-02  0.00000e+00
0005  1.19399e+18  4.31072e-19  3.63779e-06  4.31075e+05  2.60041e-02  0.00000e+00
0006  1.21241e+18  2.83179e-19  3.17893e-06  6.30627e+05  3.34733e-02  0.00000e+00
0007  1.23082e+18  1.70276e-19  2.89032e-06  9.60056e+05  4.01729e-02  0.00000e+00
0008  1.24924e+18  1.39930e-19  2.63488e-06  1.18967e+06  4.61857e-02  0.00000e+00
0009  1.26765e+18  1.25873e-19  2.48276e-06  1.25753e+06  5.17674e-02  0.00000e+00
0010  1.28607e+18  1.14905e-19  2.34262e-06  1.33327e+06  5.69943e-02  0.00000e+00
0011  1.30448e+18  1.06792e-19  2.21649e-06  1.39560e+06  6.19064e-02  0.00000e+00
0012  1.32290e+18  9.98068e-20  2.10580e-06  1.44948e+06  6.65447e-02  0.00000e+00
0013  1.34131e+18  9.33614e-20  2.00320e-06  1.50695e+06  7.09317e-02  0.00000e+00
0014  1.35973e+18  8.75135e-20  1.90930e-06  1.56415e+06  7.50887e-02  0.00000e+00
0015  1.37814e+18  8.24346e-20  1.82298e-06  1.61716e+06  7.90338e-02  0.00000e+00
0016  1.39656e+18  7.78874e-20  1.74446e-06  1.66616e+06  8.27865e-02  0.00000e+00
0017  1.41497e+18  7.36956e-20  1.67178e-06  1.71497e+06  8.63614e-02  0.00000e+00
0018  1.43339e+18  6.98516e-20  1.60473e-06  1.76261e+06  8.97739e-02  0.00000e+00
0019  1.45180e+18  6.67281e-20  1.54165e-06  1.80138e+06  9.30317e-02  0.00000e+00
0020  1.47022e+18  6.35916e-20  1.48572e-06  1.83968e+06  9.61544e-02  0.00000e+00
0021  1.48863e+18  6.04282e-20  1.43087e-06  1.88849e+06  9.91465e-02  0.00000e+00
0022  1.50705e+18  5.78120e-20  1.37948e-06  1.92879e+06  1.02014e-01  0.00000e+00
0023  1.52546e+18  5.53940e-20  1.33367e-06  1.96277e+06  1.04771e-01  0.00000e+00
0024  1.54388e+18  5.30245e-20  1.28950e-06  2.00186e+06  1.07423e-01  0.00000e+00
0027  1.56229e+18  5.07857e-20  1.24795e-06  2.04132e+06  1.09978e-01  0.00000e+00
0028  1.58071e+18  4.86844e-20  1.20901e-06  2.08011e+06  1.12440e-01  0.00000e+00
0029  1.59912e+18  4.67009e-20  1.17240e-06  2.11878e+06  1.14816e-01  0.00000e+00
0030  1.61754e+18  4.48176e-20  1.13789e-06  2.15780e+06  1.17112e-01  0.00000e+00
0031  1.63595e+18  4.30203e-20  1.10530e-06  2.19756e+06  1.19332e-01  0.00000e+00
0032  1.65437e+18  4.12975e-20  1.07453e-06  2.23832e+06  1.21482e-01  0.00000e+00
0033  1.67278e+18  3.96614e-20  1.04551e-06  2.27921e+06  1.23565e-01  0.00000e+00
0034  1.69120e+18  3.82032e-20  1.01821e-06  2.31567e+06  1.25586e-01  0.00000e+00
0035  1.70961e+18  3.69267e-20  9.93097e-07  2.34445e+06  1.27551e-01  0.00000e+00
0036  1.72803e+18  3.57836e-20  9.69619e-07  2.36822e+06  1.29464e-01  0.00000e+00
0037  1.74644e+18  3.46918e-20  9.47551e-07  2.39105e+06  1.31331e-01  0.00000e+00
0038  1.76486e+18  3.36110e-20  9.26263e-07  2.41656e+06  1.33152e-01  0.00000e+00
0039  1.78328e+18  3.25465e-20  9.05791e-07  2.44434e+06  1.34930e-01  0.00000e+00
0040  1.80169e+18  3.15085e-20  8.86186e-07  2.47361e+06  1.36668e-01  0.00000e+00
0041  1.82011e+18  3.05021e-20  8.67462e-07  2.50377e+06  1.38366e-01  0.00000e+00
0042  1.83852e+18  2.95436e-20  8.49643e-07  2.53368e+06  1.40028e-01  0.00000e+00
0043  1.85694e+18  2.86523e-20  8.32684e-07  2.56026e+06  1.41660e-01  0.00000e+00
0044  1.87535e+18  2.76164e-20  8.17057e-07  2.58497e+06  1.43276e-01  0.00000e+00
0045  1.89377e+18  2.63921e-20  8.04177e-07  2.63103e+06  1.44844e-01  0.00000e+00
0046  1.91218e+18  2.61998e-20  7.87525e-07  2.68475e+06  1.46296e-01  0.00000e+00
0047  1.93060e+18  2.61884e-20  7.70824e-07  2.68319e+06  1.47681e-01  0.00000e+00
0048  1.94901e+18  2.56561e-20  7.56485e-07  2.66616e+06  1.49211e-01  0.00000e+00
0049  1.96743e+18  2.31015e-20  7.46409e-07  2.69428e+06  1.51036e-01  0.00000e+00
0050  1.98584e+18  2.12628e-20  7.37296e-07  2.78198e+06  1.52935e-01  0.00000e+00
0051  2.00426e+18  2.27149e-20  7.21270e-07  2.73285e+06  1.54170e-01  0.00000e+00
0052  2.02267e+18  2.70493e-20  7.16006e-07  2.51486e+06  1.54863e-01  0.00000e+00
0053  2.04109e+18  2.80953e-20  7.14304e-07  2.36123e+06  1.55668e-01  0.00000e+00
0054  2.05951e+18  2.78689e-20  7.04037e-07  2.37639e+06  1.56872e-01  0.00000e+00
0055  2.07792e+18  2.73523e-20  6.91284e-07  2.40792e+06  1.58394e-01  0.00000e+00
0056  2.09634e+18  2.66958e-20  6.77512e-07  2.44646e+06  1.59891e-01  0.00000e+00
0057  2.11475e+18  2.60019e-20  6.63689e-07  2.47617e+06  1.61138e-01  0.00000e+00
0058  2.13317e+18  2.52672e-20  6.49792e-07  2.49558e+06  1.62199e-01  0.00000e+00
0059  2.15158e+18  2.45123e-20  6.36057e-07  2.50957e+06  1.63238e-01  0.00000e+00
0060  2.17000e+18  2.37776e-20  6.22855e-07  2.52381e+06  1.64351e-01  0.00000e+00
0061  2.18841e+18  2.31152e-20  6.10395e-07  2.54126e+06  1.65522e-01  0.00000e+00
0062  2.20683e+18  2.25599e-20  5.98893e-07  2.56076e+06  1.66662e-01  0.00000e+00
0063  2.22524e+18  2.21058e-20  5.88391e-07  2.58031e+06  1.67711e-01  0.00000e+00
0064  2.24366e+18  2.17307e-20  5.78671e-07  2.59888e+06  1.68682e-01  0.00000e+00
0065  2.26207e+18  2.14129e-20  5.69549e-07  2.61660e+06  1.69632e-01  0.00000e+00
0066  2.28049e+18  2.11318e-20  5.60864e-07  2.63507e+06  1.70608e-01  0.00000e+00
0067  2.29891e+18  2.08654e-20  5.52448e-07  2.65649e+06  1.71617e-01  0.00000e+00
0068  2.31732e+18  2.05888e-20  5.44107e-07  2.68224e+06  1.72635e-01  0.00000e+00
0069  2.33574e+18  2.02803e-20  5.35667e-07  2.71142e+06  1.73626e-01  0.00000e+00
0070  2.35415e+18  1.99365e-20  5.27110e-07  2.73979e+06  1.74579e-01  0.00000e+00
0071  2.37257e+18  1.95808e-20  5.18621e-07  2.76153e+06  1.75506e-01  0.00000e+00
0072  2.39098e+18  1.92447e-20  5.10444e-07  2.77242e+06  1.76425e-01  0.00000e+00
0073  2.40940e+18  1.89188e-20  5.02446e-07  2.77098e+06  1.77321e-01  0.00000e+00
0074  2.42781e+18  1.86382e-20  4.94891e-07  2.76561e+06  1.78137e-01  0.00000e+00
0075  2.44623e+18  1.83976e-20  4.87794e-07  2.76849e+06  1.78934e-01  0.00000e+00
0076  2.46464e+18  1.78334e-20  4.78655e-07  2.68515e+06  1.80144e-01  0.00000e+00
0077  2.48306e+18  1.22776e-20  4.88395e-07  2.86598e+06  1.82433e-01  0.00000e+00
0078  2.50147e+18  6.16287e-21  4.65360e-07  4.14653e+06  1.85770e-01  0.00000e+00
0079  2.51989e+18  3.99035e-21  4.36702e-07  5.35239e+06  1.89810e-01  0.00000e+00
0080  2.53831e+18  3.21149e-21  4.27053e-07  5.97611e+06  1.94227e-01  0.00000e+00
0081  2.55672e+18  2.80896e-21  4.20566e-07  6.41421e+06  1.98836e-01  0.00000e+00
0082  2.57514e+18  2.54443e-21  4.14869e-07  6.77548e+06  2.03557e-01  0.00000e+00
0083  2.59355e+18  2.34746e-21  4.09955e-07  7.08698e+06  2.08372e-01  0.00000e+00
0084  2.61197e+18  2.19169e-21  4.05608e-07  7.36288e+06  2.13274e-01  0.00000e+00
0085  2.63038e+18  2.05929e-21  4.01845e-07  7.61838e+06  2.18263e-01  0.00000e+00
0086  2.64880e+18  1.94297e-21  3.98161e-07  7.86604e+06  2.23339e-01  0.00000e+00
0087  2.66721e+18  1.84009e-21  3.94688e-07  8.09900e+06  2.28503e-01  0.00000e+00
0088  2.68563e+18  1.74747e-21  3.91349e-07  8.31943e+06  2.33757e-01  0.00000e+00
0089  2.70404e+18  1.66341e-21  3.88067e-07  8.52971e+06  2.39094e-01  0.00000e+00
0090  2.72246e+18  1.58714e-21  3.84889e-07  8.72970e+06  2.44507e-01  0.00000e+00
0091  2.74088e+18  1.51793e-21  3.81856e-07  8.91990e+06  2.49989e-01  0.00000e+00
0092  2.75929e+18  1.45502e-21  3.79024e-07  9.10121e+06  2.55530e-01  0.00000e+00
0093  2.77771e+18  1.39764e-21  3.76368e-07  9.27511e+06  2.61121e-01  0.00000e+00
0094  2.79612e+18  1.34510e-21  3.73874e-07  9.44162e+06  2.66754e-01  0.00000e+00
0095  2.81454e+18  1.29694e-21  3.71537e-07  9.60001e+06  2.72426e-01  0.00000e+00
0096  2.83295e+18  1.25276e-21  3.69356e-07  9.74981e+06  2.78134e-01  0.00000e+00
0097  2.85137e+18  1.21215e-21  3.67333e-07  9.89094e+06  2.83881e-01  0.00000e+00
0098  2.86978e+18  1.17473e-21  3.65465e-07  1.00237e+07  2.89674e-01  0.00000e+00
0099  2.88820e+18  1.14013e-21  3.63741e-07  1.01484e+07  2.95521e-01  0.00000e+00
0100  2.90661e+18  1.10800e-21  3.62144e-07  1.02654e+07  3.01434e-01  0.00000e+00
0101  2.92503e+18  1.07802e-21  3.60653e-07  1.03749e+07  3.07426e-01  0.00000e+00
0102  2.94345e+18  1.04990e-21  3.59251e-07  1.04768e+07  3.13512e-01  0.00000e+00
0103  2.96186e+18  1.02336e-21  3.57923e-07  1.05712e+07  3.19708e-01  0.00000e+00
0104  2.98028e+18  9.98228e-22  3.56657e-07  1.06580e+07  3.26032e-01  0.00000e+00
0105  2.99869e+18  9.74373e-22  3.55461e-07  1.07371e+07  3.32501e-01  0.00000e+00
0106  3.01711e+18  9.51663e-22  3.54335e-07  1.08089e+07  3.39132e-01  0.00000e+00
0107  3.03552e+18  9.29982e-22  3.53282e-07  1.08739e+07  3.45943e-01  0.00000e+00
0108  3.05394e+18  9.09228e-22  3.52301e-07  1.09329e+07  3.52953e-01  0.00000e+00
0109  3.07235e+18  8.89316e-22  3.51391e-07  1.09866e+07  3.60176e-01  0.00000e+00
0110  3.09077e+18  8.70164e-22  3.50543e-07  1.10355e+07  3.67627e-01  0.00000e+00
0111  3.10918e+18  8.51707e-22  3.49746e-07  1.10803e+07  3.75318e-01  0.00000e+00
0112  3.12760e+18  8.33905e-22  3.48992e-07  1.11212e+07  3.83257e-01  0.00000e+00
0113  3.14602e+18  8.16743e-22  3.48284e-07  1.11582e+07  3.91448e-01  0.00000e+00
0114  3.16443e+18  8.00190e-22  3.47608e-07  1.11920e+07  3.99890e-01  0.00000e+00
0115  3.18285e+18  7.84206e-22  3.46936e-07  1.12241e+07  4.08580e-01  0.00000e+00
0116  3.20126e+18  7.68831e-22  3.46288e-07  1.12536e+07  4.17508e-01  0.00000e+00
0117  3.21968e+18  7.54164e-22  3.45717e-07  1.12781e+07  4.26665e-01  0.00000e+00
0118  3.23809e+18  7.40087e-22  3.45172e-07  1.12998e+07  4.36027e-01  0.00000e+00
0119  3.25651e+18  7.26345e-22  3.44545e-07  1.13243e+07  4.45598e-01  0.00000e+00
0120  3.27492e+18  7.13518e-22  3.43937e-07  1.13450e+07  4.55445e-01  0.00000e+00
0121  3.29334e+18  7.02234e-22  3.43600e-07  1.13539e+07  4.65350e-01  0.00000e+00
0122  3.31176e+18  6.88206e-22  3.43273e-07  1.13565e+07  4.74895e-01  0.00000e+00
0123  3.33017e+18  6.70804e-22  3.42431e-07  1.13810e+07  4.86600e-01  0.00000e+00
0124  3.34859e+18  6.70357e-22  3.41468e-07  1.14005e+07  5.03396e-01  0.00000e+00
0125  3.36700e+18  7.27259e-22  3.41841e-07  1.13749e+07  5.06124e-01  0.00000e+00
0126  3.38542e+18  1.60999e-21  3.44493e-07  1.12923e+07  4.85267e-01  0.00000e+00
0127  3.40383e+18  8.47944e-21  2.80563e-07  1.00039e+07  3.81142e-01  0.00000e+00
0128  3.42225e+18  1.54980e-20  3.23505e-07  7.91152e+06  2.63496e-01  0.00000e+00
0129  3.44066e+18  1.54750e-20  3.20201e-07  7.71407e+06  1.82868e-01  0.00000e+00
0130  3.45908e+18  1.48173e-20  3.10460e-07  7.77446e+06  1.52069e-01  0.00000e+00
0131  3.47749e+18  1.38733e-20  2.97594e-07  7.88136e+06  1.47392e-01  0.00000e+00
0132  3.49591e+18  1.30255e-20  2.85903e-07  7.97190e+06  1.47285e-01  0.00000e+00
0133  3.51433e+18  1.23125e-20  2.75501e-07  8.03081e+06  1.47432e-01  0.00000e+00
0134  3.53274e+18  1.16875e-20  2.66380e-07  8.07296e+06  1.47988e-01  0.00000e+00
0135  3.55116e+18  1.11365e-20  2.57353e-07  8.11061e+06  1.49147e-01  0.00000e+00
0136  3.56957e+18  1.06382e-20  2.50210e-07  8.14058e+06  1.50927e-01  0.00000e+00
0137  3.58799e+18  1.01691e-20  2.42817e-07  8.18259e+06  1.53144e-01  0.00000e+00
0138  3.60640e+18  9.72497e-21  2.36170e-07  8.23040e+06  1.55501e-01  0.00000e+00
0139  3.62482e+18  9.28870e-21  2.29931e-07  8.29069e+06  1.57724e-01  0.00000e+00
0140  3.64323e+18  8.85287e-21  2.24076e-07  8.36756e+06  1.59684e-01  0.00000e+00
0141  3.66165e+18  8.35380e-21  2.18260e-07  8.45420e+06  1.61420e-01  0.00000e+00
0142  3.68007e+18  7.53438e-21  2.11551e-07  8.53988e+06  1.63040e-01  0.00000e+00
0143  3.69848e+18  5.94845e-21  2.09861e-07  8.77758e+06  1.64590e-01  0.00000e+00
0144  3.71690e+18  3.91410e-21  1.99149e-07  9.73697e+06  1.66057e-01  0.00000e+00
0145  3.73531e+18  2.62030e-21  1.81891e-07  1.10174e+07  1.67503e-01  0.00000e+00
0146  3.75373e+18  1.99890e-21  1.71105e-07  1.19633e+07  1.68956e-01  0.00000e+00
0147  3.77214e+18  1.67251e-21  1.63771e-07  1.26663e+07  1.70405e-01  0.00000e+00
0148  3.79056e+18  1.47280e-21  1.57976e-07  1.32308e+07  1.71835e-01  0.00000e+00
0149  3.80897e+18  1.33347e-21  1.53067e-07  1.37153e+07  1.73238e-01  0.00000e+00
0150  3.82739e+18  1.22743e-21  1.48670e-07  1.41508e+07  1.74608e-01  0.00000e+00
0151  3.84581e+18  1.14234e-21  1.44687e-07  1.45495e+07  1.75944e-01  0.00000e+00
0152  3.86422e+18  1.07157e-21  1.41023e-07  1.49200e+07  1.77249e-01  0.00000e+00
0153  3.88264e+18  1.01134e-21  1.37629e-07  1.52664e+07  1.78526e-01  0.00000e+00
0154  3.90105e+18  9.58745e-22  1.34464e-07  1.55939e+07  1.79776e-01  0.00000e+00
0155  3.91947e+18  9.11749e-22  1.31453e-07  1.59106e+07  1.81003e-01  0.00000e+00
0156  3.93788e+18  8.69495e-22  1.28583e-07  1.62160e+07  1.82208e-01  0.00000e+00
0157  3.95630e+18  8.31242e-22  1.25854e-07  1.65108e+07  1.83393e-01  0.00000e+00
0158  3.97471e+18  7.96372e-22  1.23246e-07  1.67966e+07  1.84558e-01  0.00000e+00
0159  3.99313e+18  7.64436e-22  1.20752e-07  1.70738e+07  1.85702e-01  0.00000e+00
0160  4.01155e+18  7.35056e-22  1.18361e-07  1.73432e+07  1.86826e-01  0.00000e+00
0161  4.02996e+18  7.07940e-22  1.16066e-07  1.76052e+07  1.87929e-01  0.00000e+00
0162  4.04838e+18  6.82862e-22  1.13862e-07  1.78599e+07  1.89010e-01  0.00000e+00
0163  4.06679e+18  6.59570e-22  1.11745e-07  1.81079e+07  1.90069e-01  0.00000e+00
0164  4.08521e+18  6.37783e-22  1.09698e-07  1.83511e+07  1.91106e-01  0.00000e+00
0165  4.10362e+18  6.17337e-22  1.07712e-07  1.85902e+07  1.92122e-01  0.00000e+00
0166  4.12204e+18  5.98118e-22  1.05787e-07  1.88251e+07  1.93116e-01  0.00000e+00
0167  4.14045e+18  5.80023e-22  1.03921e-07  1.90558e+07  1.94089e-01  0.00000e+00
0168  4.15887e+18  5.62961e-22  1.02112e-07  1.92823e+07  1.95043e-01  0.00000e+00
0169  4.17728e+18  5.46848e-22  1.00359e-07  1.95045e+07  1.95980e-01  0.00000e+00
0170  4.19570e+18  5.31598e-22  9.86592e-08  1.97225e+07  1.96900e-01  0.00000e+00
0171  4.21412e+18  5.17125e-22  9.70089e-08  1.99368e+07  1.97806e-01  0.00000e+00
0172  4.23253e+18  5.03357e-22  9.54062e-08  2.01475e+07  1.98700e-01  0.00000e+00
0173  4.25095e+18  4.90235e-22  9.38497e-08  2.03546e+07  1.99584e-01  0.00000e+00
0174  4.26936e+18  4.77715e-22  9.23391e-08  2.05581e+07  2.00462e-01  0.00000e+00
0175  4.28778e+18  4.65751e-22  9.08728e-08  2.07579e+07  2.01337e-01  0.00000e+00
0176  4.30619e+18  4.54296e-22  8.94483e-08  2.09541e+07  2.02211e-01  0.00000e+00
0177  4.32461e+18  4.43308e-22  8.80629e-08  2.11470e+07  2.03090e-01  0.00000e+00
0178  4.34302e+18  4.32748e-22  8.67153e-08  2.13365e+07  2.03976e-01  0.00000e+00
0179  4.36144e+18  4.22581e-22  8.54043e-08  2.15226e+07  2.04873e-01  0.00000e+00
0180  4.37986e+18  4.12778e-22  8.41293e-08  2.17054e+07  2.05788e-01  0.00000e+00
0181  4.39827e+18  4.03309e-22  8.28895e-08  2.18848e+07  2.06722e-01  0.00000e+00
0182  4.41669e+18  3.94150e-22  8.16843e-08  2.20607e+07  2.07680e-01  0.00000e+00
0183  4.43510e+18  3.85287e-22  8.05130e-08  2.22329e+07  2.08665e-01  0.00000e+00
0184  4.45352e+18  3.76688e-22  7.93754e-08  2.24018e+07  2.09678e-01  0.00000e+00
0185  4.47193e+18  3.68324e-22  7.82664e-08  2.25680e+07  2.10719e-01  0.00000e+00
0186  4.49035e+18  3.60192e-22  7.71854e-08  2.27315e+07  2.11787e-01  0.00000e+00
0187  4.50876e+18  3.52295e-22  7.61325e-08  2.28922e+07  2.12877e-01  0.00000e+00
0188  4.52718e+18  3.44640e-22  7.51073e-08  2.30501e+07  2.13983e-01  0.00000e+00
0189  4.54560e+18  3.37238e-22  7.41091e-08  2.32052e+07  2.15095e-01  0.00000e+00
0190  4.56401e+18  3.30106e-22  7.31370e-08  2.33574e+07  2.16201e-01  0.00000e+00
0191  4.58243e+18  3.23263e-22  7.21902e-08  2.35069e+07  2.17286e-01  0.00000e+00
0192  4.60084e+18  3.16725e-22  7.12679e-08  2.36537e+07  2.18335e-01  0.00000e+00
0193  4.61926e+18  3.10509e-22  7.03692e-08  2.37978e+07  2.19330e-01  0.00000e+00
0194  4.63767e+18  3.04625e-22  6.94930e-08  2.39392e+07  2.20254e-01  0.00000e+00
0195  4.65609e+18  2.99079e-22  6.86386e-08  2.40780e+07  2.21094e-01  0.00000e+00
0196  4.67450e+18  2.93866e-22  6.78050e-08  2.42144e+07  2.21837e-01  0.00000e+00
0197  4.69292e+18  2.88975e-22  6.69914e-08  2.43484e+07  2.22477e-01  0.00000e+00
0198  4.71134e+18  2.84389e-22  6.61977e-08  2.44799e+07  2.23011e-01  0.00000e+00
0199  4.72975e+18  2.80082e-22  6.54233e-08  2.46090e+07  2.23444e-01  0.00000e+00
0200  4.74817e+18  2.76020e-22  6.46662e-08  2.47361e+07  2.23783e-01  0.00000e+00
0201  4.76658e+18  2.72170e-22  6.39249e-08  2.48613e+07  2.24042e-01  0.00000e+00
0202  4.78500e+18  2.68497e-22  6.31984e-08  2.49848e+07  2.24237e-01  0.00000e+00
0203  4.80341e+18  2.64970e-22  6.24862e-08  2.51066e+07  2.24385e-01  0.00000e+00
0204  4.82183e+18  2.61563e-22  6.17878e-08  2.52268e+07  2.24501e-01  0.00000e+00
0205  4.84024e+18  2.58250e-22  6.11031e-08  2.53453e+07  2.24600e-01  0.00000e+00
0206  4.85866e+18  2.55011e-22  6.04319e-08  2.54623e+07  2.24691e-01  0.00000e+00
0207  4.87708e+18  2.51832e-22  5.97740e-08  2.55775e+07  2.24784e-01  0.00000e+00
0208  4.89549e+18  2.48700e-22  5.91292e-08  2.56912e+07  2.24887e-01  0.00000e+00
0209  4.91391e+18  2.45608e-22  5.84975e-08  2.58031e+07  2.25005e-01  0.00000e+00
0210  4.93232e+18  2.42551e-22  5.78788e-08  2.59133e+07  2.25144e-01  0.00000e+00
0211  4.95074e+18  2.39528e-22  5.72729e-08  2.60218e+07  2.25306e-01  0.00000e+00
0212  4.96915e+18  2.36539e-22  5.66800e-08  2.61284e+07  2.25494e-01  0.00000e+00
0213  4.98757e+18  2.33588e-22  5.60997e-08  2.62333e+07  2.25710e-01  0.00000e+00
0214  5.00598e+18  2.30678e-22  5.55322e-08  2.63363e+07  2.25951e-01  0.00000e+00
0215  5.02440e+18  2.27811e-22  5.49771e-08  2.64374e+07  2.26216e-01  0.00000e+00
0216  5.04282e+18  2.24993e-22  5.44345e-08  2.65366e+07  2.26504e-01  0.00000e+00
0217  5.06123e+18  2.22228e-22  5.39040e-08  2.66339e+07  2.26810e-01  0.00000e+00
0218  5.07965e+18  2.19517e-22  5.33855e-08  2.67294e+07  2.27132e-01  0.00000e+00
0219  5.09806e+18  2.16866e-22  5.28788e-08  2.68229e+07  2.27465e-01  0.00000e+00
0220  5.11648e+18  2.14274e-22  5.23834e-08  2.69145e+07  2.27807e-01  0.00000e+00
0221  5.13489e+18  2.11745e-22  5.18992e-08  2.70043e+07  2.28155e-01  0.00000e+00
0222  5.15331e+18  2.09277e-22  5.14259e-08  2.70923e+07  2.28506e-01  0.00000e+00
0223  5.17172e+18  2.06871e-22  5.09630e-08  2.71785e+07  2.28859e-01  0.00000e+00
0224  5.19014e+18  2.04526e-22  5.05104e-08  2.72629e+07  2.29211e-01  0.00000e+00
0225  5.20856e+18  2.02240e-22  5.00677e-08  2.73456e+07  2.29561e-01  0.00000e+00
0226  5.22697e+18  2.00013e-22  4.96346e-08  2.74265e+07  2.29910e-01  0.00000e+00
0227  5.24539e+18  1.97843e-22  4.92111e-08  2.75057e+07  2.30256e-01  0.00000e+00
0228  5.26380e+18  1.95727e-22  4.87968e-08  2.75833e+07  2.30599e-01  0.00000e+00
0229  5.28222e+18  1.93664e-22  4.83916e-08  2.76591e+07  2.30940e-01  0.00000e+00
0230  5.30063e+18  1.91652e-22  4.79955e-08  2.77332e+07  2.31279e-01  0.00000e+00
0231  5.31905e+18  1.89689e-22  4.76082e-08  2.78056e+07  2.31616e-01  0.00000e+00
0232  5.33746e+18  1.87774e-22  4.72299e-08  2.78762e+07  2.31952e-01  0.00000e+00
0233  5.35588e+18  1.85907e-22  4.68603e-08  2.79451e+07  2.32286e-01  0.00000e+00
0234  5.37430e+18  1.84084e-22  4.64994e-08  2.80122e+07  2.32619e-01  0.00000e+00
0235  5.39271e+18  1.82303e-22  4.61470e-08  2.80775e+07  2.32951e-01  0.00000e+00
0236  5.41113e+18  1.80560e-22  4.58032e-08  2.81410e+07  2.33283e-01  0.00000e+00
0237  5.42954e+18  1.78856e-22  4.54674e-08  2.82030e+07  2.33615e-01  0.00000e+00
0238  5.44796e+18  1.77193e-22  4.51398e-08  2.82631e+07  2.33946e-01  0.00000e+00
0239  5.46637e+18  1.75567e-22  4.48191e-08  2.83217e+07  2.34278e-01  0.00000e+00
0240  5.48479e+18  1.73978e-22  4.45054e-08  2.83787e+07  2.34609e-01  0.00000e+00
0241  5.50320e+18  1.72427e-22  4.41993e-08  2.84340e+07  2.34941e-01  0.00000e+00
0242  5.52162e+18  1.70912e-22  4.39005e-08  2.84876e+07  2.35272e-01  0.00000e+00
0243  5.54004e+18  1.69432e-22  4.36087e-08  2.85396e+07  2.35604e-01  0.00000e+00
0244  5.55845e+18  1.67985e-22  4.33238e-08  2.85900e+07  2.35935e-01  0.00000e+00
0245  5.57687e+18  1.66572e-22  4.30456e-08  2.86388e+07  2.36267e-01  0.00000e+00
0246  5.59528e+18  1.65190e-22  4.27740e-08  2.86860e+07  2.36600e-01  0.00000e+00
0247  5.61370e+18  1.63839e-22  4.25088e-08  2.87316e+07  2.36932e-01  0.00000e+00
0248  5.63211e+18  1.62517e-22  4.22497e-08  2.87757e+07  2.37266e-01  0.00000e+00
0249  5.65053e+18  1.61225e-22  4.19965e-08  2.88182e+07  2.37600e-01  0.00000e+00
0250  5.66894e+18  1.59960e-22  4.17492e-08  2.88593e+07  2.37935e-01  0.00000e+00
0251  5.68736e+18  1.58723e-22  4.15076e-08  2.88988e+07  2.38270e-01  0.00000e+00
0252  5.70578e+18  1.57513e-22  4.12718e-08  2.89368e+07  2.38607e-01  0.00000e+00
0253  5.72419e+18  1.56329e-22  4.10417e-08  2.89732e+07  2.38944e-01  0.00000e+00
0254  5.74261e+18  1.55172e-22  4.08172e-08  2.90081e+07  2.39283e-01  0.00000e+00
0255  5.76102e+18  1.54039e-22  4.05982e-08  2.90414e+07  2.39623e-01  0.00000e+00
0256  5.77944e+18  1.52932e-22  4.03845e-08  2.90733e+07  2.39964e-01  0.00000e+00
0257  5.79785e+18  1.51847e-22  4.01759e-08  2.91037e+07  2.40306e-01  0.00000e+00
0258  5.81627e+18  1.50786e-22  3.99721e-08  2.91327e+07  2.40650e-01  0.00000e+00
0259  5.83468e+18  1.49746e-22  3.97728e-08  2.91603e+07  2.40995e-01  0.00000e+00
0260  5.85310e+18  1.48727e-22  3.95779e-08  2.91866e+07  2.41341e-01  0.00000e+00
0261  5.87152e+18  1.47728e-22  3.93871e-08  2.92117e+07  2.41688e-01  0.00000e+00
0262  5.88993e+18  1.46749e-22  3.92004e-08  2.92356e+07  2.42036e-01  0.00000e+00
0263  5.90835e+18  1.45790e-22  3.90177e-08  2.92582e+07  2.42386e-01  0.00000e+00
0264  5.92676e+18  1.44850e-22  3.88389e-08  2.92795e+07  2.42736e-01  0.00000e+00
0265  5.94518e+18  1.43929e-22  3.86640e-08  2.92995e+07  2.43088e-01  0.00000e+00
0266  5.96359e+18  1.43026e-22  3.84932e-08  2.93183e+07  2.43440e-01  0.00000e+00
0267  5.98201e+18  1.42143e-22  3.83265e-08  2.93357e+07  2.43793e-01  0.00000e+00
0268  6.00043e+18  1.41278e-22  3.81638e-08  2.93517e+07  2.44148e-01  0.00000e+00
0269  6.01884e+18  1.40432e-22  3.80051e-08  2.93664e+07  2.44503e-01  0.00000e+00
0270  6.03726e+18  1.39603e-22  3.78504e-08  2.93796e+07  2.44858e-01  0.00000e+00
0271  6.05567e+18  1.38793e-22  3.76996e-08  2.93916e+07  2.45215e-01  0.00000e+00
0272  6.07409e+18  1.37999e-22  3.75525e-08  2.94022e+07  2.45572e-01  0.00000e+00
0273  6.09250e+18  1.37222e-22  3.74089e-08  2.94115e+07  2.45930e-01  0.00000e+00
0274  6.11092e+18  1.36462e-22  3.72687e-08  2.94197e+07  2.46289e-01  0.00000e+00
0275  6.12933e+18  1.35716e-22  3.71318e-08  2.94265e+07  2.46649e-01  0.00000e+00
0276  6.14775e+18  1.34987e-22  3.69983e-08  2.94322e+07  2.47009e-01  0.00000e+00
0277  6.16617e+18  1.34272e-22  3.68678e-08  2.94366e+07  2.47370e-01  0.00000e+00
0278  6.18458e+18  1.33570e-22  3.67400e-08  2.94400e+07  2.47733e-01  0.00000e+00
0279  6.20300e+18  1.32883e-22  3.66152e-08  2.94423e+07  2.48097e-01  0.00000e+00
0280  6.22141e+18  1.32210e-22  3.64936e-08  2.94435e+07  2.48462e-01  0.00000e+00
0281  6.23983e+18  1.31548e-22  3.63735e-08  2.94433e+07  2.48828e-01  0.00000e+00
0282  6.25824e+18  1.30900e-22  3.62565e-08  2.94423e+07  2.49196e-01  0.00000e+00
0283  6.27666e+18  1.30265e-22  3.61427e-08  2.94401e+07  2.49565e-01  0.00000e+00
0284  6.29507e+18  1.29642e-22  3.60310e-08  2.94369e+07  2.49937e-01  0.00000e+00
0285  6.31349e+18  1.29029e-22  3.59211e-08  2.94329e+07  2.50311e-01  0.00000e+00
0286  6.33191e+18  1.28424e-22  3.58123e-08  2.94283e+07  2.50687e-01  0.00000e+00
0287  6.35032e+18  1.27828e-22  3.57043e-08  2.94232e+07  2.51065e-01  0.00000e+00
0288  6.36874e+18  1.27239e-22  3.55970e-08  2.94177e+07  2.51446e-01  0.00000e+00
0289  6.38715e+18  1.26658e-22  3.54904e-08  2.94117e+07  2.51829e-01  0.00000e+00
0290  6.40557e+18  1.26084e-22  3.53848e-08  2.94052e+07  2.52216e-01  0.00000e+00
0291  6.42398e+18  1.25519e-22  3.52806e-08  2.93980e+07  2.52605e-01  0.00000e+00
0292  6.44240e+18  1.24963e-22  3.51782e-08  2.93900e+07  2.52997e-01  0.00000e+00
0293  6.46081e+18  1.24416e-22  3.50776e-08  2.93811e+07  2.53393e-01  0.00000e+00
0294  6.47923e+18  1.23879e-22  3.49792e-08  2.93713e+07  2.53791e-01  0.00000e+00
0295  6.49765e+18  1.23352e-22  3.48829e-08  2.93605e+07  2.54194e-01  0.00000e+00
0296  6.51606e+18  1.22834e-22  3.47888e-08  2.93487e+07  2.54599e-01  0.00000e+00
0297  6.53448e+18  1.22327e-22  3.46971e-08  2.93358e+07  2.55008e-01  0.00000e+00
0298  6.55289e+18  1.21829e-22  3.46080e-08  2.93219e+07  2.55421e-01  0.00000e+00
0299  6.57131e+18  1.21342e-22  3.45217e-08  2.93067e+07  2.55837e-01  0.00000e+00
0300  6.58972e+18  1.20865e-22  3.44385e-08  2.92904e+07  2.56257e-01  0.00000e+00
0301  6.60814e+18  1.20397e-22  3.43582e-08  2.92728e+07  2.56681e-01  0.00000e+00
0302  6.62655e+18  1.19940e-22  3.42811e-08  2.92541e+07  2.57109e-01  0.00000e+00
0303  6.64497e+18  1.19492e-22  3.42071e-08  2.92341e+07  2.57541e-01  0.00000e+00
0304  6.66339e+18  1.19053e-22  3.41357e-08  2.92132e+07  2.57977e-01  0.00000e+00
0305  6.68180e+18  1.18622e-22  3.40668e-08  2.91913e+07  2.58417e-01  0.00000e+00
0306  6.70022e+18  1.18199e-22  3.40000e-08  2.91688e+07  2.58860e-01  0.00000e+00
0307  6.71863e+18  1.17784e-22  3.39349e-08  2.91458e+07  2.59308e-01  0.00000e+00
0308  6.73705e+18  1.17377e-22  3.38716e-08  2.91223e+07  2.59760e-01  0.00000e+00
0309  6.75546e+18  1.16978e-22  3.38100e-08  2.90984e+07  2.60215e-01  0.00000e+00
0310  6.77388e+18  1.16588e-22  3.37505e-08  2.90740e+07  2.60674e-01  0.00000e+00
0311  6.79229e+18  1.16207e-22  3.36934e-08  2.90491e+07  2.61137e-01  0.00000e+00
0312  6.81071e+18  1.15836e-22  3.36389e-08  2.90236e+07  2.61604e-01  0.00000e+00
0313  6.82913e+18  1.15474e-22  3.35873e-08  2.89974e+07  2.62076e-01  0.00000e+00
0314  6.84754e+18  1.15121e-22  3.35383e-08  2.89709e+07  2.62551e-01  0.00000e+00
0315  6.86596e+18  1.14775e-22  3.34913e-08  2.89442e+07  2.63031e-01  0.00000e+00
0316  6.88437e+18  1.14436e-22  3.34459e-08  2.89175e+07  2.63516e-01  0.00000e+00
0317  6.90279e+18  1.14102e-22  3.34015e-08  2.88913e+07  2.64005e-01  0.00000e+00
0318  6.92120e+18  1.13772e-22  3.33577e-08  2.88656e+07  2.64498e-01  0.00000e+00
0319  6.93962e+18  1.13446e-22  3.33143e-08  2.88407e+07  2.64996e-01  0.00000e+00
0320  6.95803e+18  1.13124e-22  3.32711e-08  2.88165e+07  2.65499e-01  0.00000e+00
0321  6.97645e+18  1.12805e-22  3.32281e-08  2.87932e+07  2.66006e-01  0.00000e+00
0322  6.99487e+18  1.12490e-22  3.31851e-08  2.87708e+07  2.66518e-01  0.00000e+00
0323  7.01328e+18  1.12176e-22  3.31420e-08  2.87493e+07  2.67035e-01  0.00000e+00
0324  7.03170e+18  1.11865e-22  3.30986e-08  2.87288e+07  2.67557e-01  0.00000e+00
0325  7.05011e+18  1.11556e-22  3.30546e-08  2.87095e+07  2.68083e-01  0.00000e+00
0326  7.06853e+18  1.11247e-22  3.30095e-08  2.86914e+07  2.68614e-01  0.00000e+00
0327  7.08694e+18  1.10937e-22  3.29631e-08  2.86746e+07  2.69150e-01  0.00000e+00
0328  7.10536e+18  1.10628e-22  3.29150e-08  2.86592e+07  2.69691e-01  0.00000e+00
0329  7.12378e+18  1.10317e-22  3.28652e-08  2.86452e+07  2.70237e-01  0.00000e+00
0330  7.14219e+18  1.10005e-22  3.28136e-08  2.86325e+07  2.70787e-01  0.00000e+00
0331  7.16061e+18  1.09692e-22  3.27606e-08  2.86211e+07  2.71342e-01  0.00000e+00
0332  7.17902e+18  1.09380e-22  3.27061e-08  2.86109e+07  2.71902e-01  0.00000e+00
0333  7.19744e+18  1.09067e-22  3.26504e-08  2.86016e+07  2.72466e-01  0.00000e+00
0334  7.21585e+18  1.08754e-22  3.25937e-08  2.85932e+07  2.73035e-01  0.00000e+00
0335  7.23427e+18  1.08442e-22  3.25360e-08  2.85855e+07  2.73609e-01  0.00000e+00
0336  7.25268e+18  1.08130e-22  3.24773e-08  2.85786e+07  2.74187e-01  0.00000e+00
0337  7.27110e+18  1.07818e-22  3.24176e-08  2.85724e+07  2.74769e-01  0.00000e+00
0338  7.28952e+18  1.07507e-22  3.23569e-08  2.85668e+07  2.75356e-01  0.00000e+00
0339  7.30793e+18  1.07195e-22  3.22950e-08  2.85618e+07  2.75948e-01  0.00000e+00
0340  7.32635e+18  1.06884e-22  3.22319e-08  2.85573e+07  2.76544e-01  0.00000e+00
0341  7.34476e+18  1.06572e-22  3.21676e-08  2.85535e+07  2.77145e-01  0.00000e+00
0342  7.36318e+18  1.06260e-22  3.21021e-08  2.85501e+07  2.77749e-01  0.00000e+00
0343  7.38159e+18  1.05947e-22  3.20354e-08  2.85473e+07  2.78359e-01  0.00000e+00
0344  7.40001e+18  1.05635e-22  3.19675e-08  2.85451e+07  2.78972e-01  0.00000e+00
0345  7.41842e+18  1.05322e-22  3.18984e-08  2.85434e+07  2.79590e-01  0.00000e+00
0346  7.43684e+18  1.05008e-22  3.18280e-08  2.85423e+07  2.80213e-01  0.00000e+00
0347  7.45526e+18  1.04694e-22  3.17562e-08  2.85417e+07  2.80840e-01  0.00000e+00
0348  7.47367e+18  1.04380e-22  3.16835e-08  2.85417e+07  2.81472e-01  0.00000e+00
0349  7.49209e+18  1.04065e-22  3.16092e-08  2.85420e+07  2.82108e-01  0.00000e+00
0350  7.51050e+18  1.03749e-22  3.15335e-08  2.85428e+07  2.82748e-01  0.00000e+00
0351  7.52892e+18  1.03432e-22  3.14564e-08  2.85438e+07  2.83393e-01  0.00000e+00
0352  7.54733e+18  1.03114e-22  3.13780e-08  2.85451e+07  2.84043e-01  0.00000e+00
0353  7.56575e+18  1.02796e-22  3.12983e-08  2.85466e+07  2.84697e-01  0.00000e+00
0354  7.58416e+18  1.02476e-22  3.12170e-08  2.85483e+07  2.85357e-01  0.00000e+00
0355  7.60258e+18  1.02155e-22  3.11342e-08  2.85503e+07  2.86021e-01  0.00000e+00
0356  7.62100e+18  1.01833e-22  3.10501e-08  2.85525e+07  2.86690e-01  0.00000e+00
0357  7.63941e+18  1.01510e-22  3.09649e-08  2.85550e+07  2.87363e-01  0.00000e+00
0358  7.65783e+18  1.01188e-22  3.08787e-08  2.85579e+07  2.88042e-01  0.00000e+00
0359  7.67624e+18  1.00865e-22  3.07917e-08  2.85612e+07  2.88725e-01  0.00000e+00
0360  7.69466e+18  1.00543e-22  3.07040e-08  2.85650e+07  2.89414e-01  0.00000e+00
0361  7.71307e+18  1.00221e-22  3.06157e-08  2.85694e+07  2.90107e-01  0.00000e+00
0362  7.73149e+18  9.98994e-23  3.05270e-08  2.85744e+07  2.90806e-01  0.00000e+00
0363  7.74990e+18  9.95787e-23  3.04378e-08  2.85799e+07  2.91509e-01  0.00000e+00
0364  7.76832e+18  9.92586e-23  3.03482e-08  2.85861e+07  2.92218e-01  0.00000e+00
0365  7.78674e+18  9.89391e-23  3.02581e-08  2.85927e+07  2.92932e-01  0.00000e+00
0366  7.80515e+18  9.86200e-23  3.01675e-08  2.85997e+07  2.93651e-01  0.00000e+00
0367  7.82357e+18  9.83012e-23  3.00764e-08  2.86071e+07  2.94375e-01  0.00000e+00
0368  7.84198e+18  9.79825e-23  2.99846e-08  2.86148e+07  2.95104e-01  0.00000e+00
0369  7.86040e+18  9.76640e-23  2.98922e-08  2.86226e+07  2.95838e-01  0.00000e+00
0370  7.87881e+18  9.73455e-23  2.97991e-08  2.86306e+07  2.96578e-01  0.00000e+00
0371  7.89723e+18  9.70272e-23  2.97054e-08  2.86387e+07  2.97322e-01  0.00000e+00
0372  7.91564e+18  9.67093e-23  2.96111e-08  2.86470e+07  2.98071e-01  0.00000e+00
0373  7.93406e+18  9.63920e-23  2.95165e-08  2.86555e+07  2.98825e-01  0.00000e+00
0374  7.95248e+18  9.60755e-23  2.94216e-08  2.86642e+07  2.99584e-01  0.00000e+00
0375  7.97089e+18  9.57603e-23  2.93266e-08  2.86731e+07  3.00348e-01  0.00000e+00
0376  7.98931e+18  9.54466e-23  2.92317e-08  2.86823e+07  3.01116e-01  0.00000e+00
0377  8.00772e+18  9.51345e-23  2.91370e-08  2.86920e+07  3.01889e-01  0.00000e+00
0378  8.02614e+18  9.48243e-23  2.90425e-08  2.87019e+07  3.02667e-01  0.00000e+00
0379  8.04455e+18  9.45160e-23  2.89483e-08  2.87123e+07  3.03449e-01  0.00000e+00
0380  8.06297e+18  9.42095e-23  2.88543e-08  2.87230e+07  3.04236e-01  0.00000e+00
0381  8.08139e+18  9.39047e-23  2.87605e-08  2.87340e+07  3.05028e-01  0.00000e+00
0382  8.09980e+18  9.36014e-23  2.86667e-08  2.87452e+07  3.05823e-01  0.00000e+00
0383  8.11822e+18  9.32995e-23  2.85729e-08  2.87566e+07  3.06622e-01  0.00000e+00
0384  8.13663e+18  9.29987e-23  2.84790e-08  2.87682e+07  3.07426e-01  0.00000e+00
0385  8.15505e+18  9.26990e-23  2.83848e-08  2.87798e+07  3.08232e-01  0.00000e+00
0386  8.17346e+18  9.24003e-23  2.82904e-08  2.87915e+07  3.09043e-01  0.00000e+00
0387  8.19188e+18  9.21027e-23  2.81958e-08  2.88033e+07  3.09856e-01  0.00000e+00
0388  8.21029e+18  9.18064e-23  2.81011e-08  2.88151e+07  3.10673e-01  0.00000e+00
0389  8.22871e+18  9.15115e-23  2.80062e-08  2.88271e+07  3.11492e-01  0.00000e+00
0390  8.24713e+18  9.12183e-23  2.79114e-08  2.88392e+07  3.12313e-01  0.00000e+00
0391  8.26554e+18  9.09270e-23  2.78168e-08  2.88516e+07  3.13136e-01  0.00000e+00
0392  8.28396e+18  9.06378e-23  2.77225e-08  2.88642e+07  3.13962e-01  0.00000e+00
0393  8.30237e+18  9.03509e-23  2.76285e-08  2.88772e+07  3.14789e-01  0.00000e+00
0394  8.32079e+18  9.00662e-23  2.75349e-08  2.88904e+07  3.15617e-01  0.00000e+00
0395  8.33920e+18  8.97839e-23  2.74417e-08  2.89040e+07  3.16447e-01  0.00000e+00
0396  8.35762e+18  8.95038e-23  2.73488e-08  2.89179e+07  3.17278e-01  0.00000e+00
0397  8.37603e+18  8.92258e-23  2.72562e-08  2.89321e+07  3.18110e-01  0.00000e+00
0398  8.39445e+18  8.89496e-23  2.71638e-08  2.89464e+07  3.18943e-01  0.00000e+00
0399  8.41287e+18  8.86750e-23  2.70713e-08  2.89609e+07  3.19778e-01  0.00000e+00
0400  8.43128e+18  8.84018e-23  2.69789e-08  2.89755e+07  3.20615e-01  0.00000e+00
0401  8.44970e+18  8.81297e-23  2.68863e-08  2.89901e+07  3.21454e-01  0.00000e+00
0402  8.46811e+18  8.78586e-23  2.67937e-08  2.90048e+07  3.22295e-01  0.00000e+00
0403  8.48653e+18  8.75885e-23  2.67009e-08  2.90195e+07  3.23140e-01  0.00000e+00
0404  8.50494e+18  8.73192e-23  2.66081e-08  2.90342e+07  3.23988e-01  0.00000e+00
0405  8.52336e+18  8.70509e-23  2.65153e-08  2.90490e+07  3.24841e-01  0.00000e+00
0406  8.54177e+18  8.67836e-23  2.64227e-08  2.90640e+07  3.25698e-01  0.00000e+00
0407  8.56019e+18  8.65174e-23  2.63304e-08  2.90791e+07  3.26561e-01  0.00000e+00
0408  8.57861e+18  8.62523e-23  2.62384e-08  2.90944e+07  3.27430e-01  0.00000e+00
0409  8.59702e+18  8.59885e-23  2.61469e-08  2.91100e+07  3.28305e-01  0.00000e+00
0410  8.61544e+18  8.57259e-23  2.60559e-08  2.91257e+07  3.29186e-01  0.00000e+00
0411  8.63385e+18  8.54645e-23  2.59654e-08  2.91417e+07  3.30075e-01  0.00000e+00
0412  8.65227e+18  8.52044e-23  2.58754e-08  2.91579e+07  3.30970e-01  0.00000e+00
0413  8.67068e+18  8.49454e-23  2.57858e-08  2.91741e+07  3.31873e-01  0.00000e+00
0414  8.68910e+18  8.46875e-23  2.56965e-08  2.91904e+07  3.32783e-01  0.00000e+00
0415  8.70751e+18  8.44307e-23  2.56076e-08  2.92067e+07  3.33700e-01  0.00000e+00
0416  8.72593e+18  8.41750e-23  2.55189e-08  2.92230e+07  3.34625e-01  0.00000e+00
0417  8.74435e+18  8.39203e-23  2.54304e-08  2.92392e+07  3.35557e-01  0.00000e+00
0418  8.76276e+18  8.36667e-23  2.53421e-08  2.92553e+07  3.36497e-01  0.00000e+00
0419  8.78118e+18  8.34142e-23  2.52539e-08  2.92713e+07  3.37444e-01  0.00000e+00
0420  8.79959e+18  8.31629e-23  2.51659e-08  2.92873e+07  3.38400e-01  0.00000e+00
0421  8.81801e+18  8.29126e-23  2.50782e-08  2.93033e+07  3.39364e-01  0.00000e+00
0422  8.83642e+18  8.26634e-23  2.49908e-08  2.93194e+07  3.40338e-01  0.00000e+00
0423  8.85484e+18  8.24151e-23  2.49038e-08  2.93355e+07  3.41323e-01  0.00000e+00
0424  8.87326e+18  8.21678e-23  2.48171e-08  2.93518e+07  3.42318e-01  0.00000e+00
0425  8.89167e+18  8.19211e-23  2.47308e-08  2.93683e+07  3.43326e-01  0.00000e+00
0426  8.91009e+18  8.16750e-23  2.46449e-08  2.93849e+07  3.44346e-01  0.00000e+00
0427  8.92850e+18  8.14292e-23  2.45593e-08  2.94018e+07  3.45381e-01  0.00000e+00
0428  8.94692e+18  8.11834e-23  2.44741e-08  2.94188e+07  3.46430e-01  0.00000e+00
0429  8.96533e+18  8.09374e-23  2.43891e-08  2.94359e+07  3.47496e-01  0.00000e+00
0430  8.98375e+18  8.06911e-23  2.43042e-08  2.94531e+07  3.48577e-01  0.00000e+00
0431  9.00216e+18  8.04441e-23  2.42196e-08  2.94704e+07  3.49676e-01  0.00000e+00
0432  9.02058e+18  8.01965e-23  2.41349e-08  2.94877e+07  3.50793e-01  0.00000e+00
0433  9.03900e+18  7.99480e-23  2.40504e-08  2.95050e+07  3.51929e-01  0.00000e+00
0434  9.05741e+18  7.96987e-23  2.39660e-08  2.95224e+07  3.53083e-01  0.00000e+00
0435  9.07583e+18  7.94486e-23  2.38817e-08  2.95397e+07  3.54257e-01  0.00000e+00
0436  9.09424e+18  7.91979e-23  2.37976e-08  2.95571e+07  3.55450e-01  0.00000e+00
0437  9.11266e+18  7.89467e-23  2.37137e-08  2.95746e+07  3.56663e-01  0.00000e+00
0438  9.13107e+18  7.86951e-23  2.36300e-08  2.95922e+07  3.57894e-01  0.00000e+00
0439  9.14949e+18  7.84434e-23  2.35468e-08  2.96098e+07  3.59145e-01  0.00000e+00
0440  9.16790e+18  7.81918e-23  2.34638e-08  2.96276e+07  3.60414e-01  0.00000e+00
0441  9.18632e+18  7.79405e-23  2.33813e-08  2.96455e+07  3.61700e-01  0.00000e+00
0442  9.20474e+18  7.76896e-23  2.32992e-08  2.96635e+07  3.63003e-01  0.00000e+00
0443  9.22315e+18  7.74393e-23  2.32174e-08  2.96817e+07  3.64322e-01  0.00000e+00
0444  9.24157e+18  7.71898e-23  2.31359e-08  2.96998e+07  3.65655e-01  0.00000e+00
0445  9.25998e+18  7.69412e-23  2.30547e-08  2.97181e+07  3.67001e-01  0.00000e+00
0446  9.27840e+18  7.66936e-23  2.29738e-08  2.97363e+07  3.68359e-01  0.00000e+00
0447  9.29681e+18  7.64472e-23  2.28931e-08  2.97545e+07  3.69728e-01  0.00000e+00
0448  9.31523e+18  7.62023e-23  2.28126e-08  2.97727e+07  3.71106e-01  0.00000e+00
0449  9.33364e+18  7.59588e-23  2.27323e-08  2.97909e+07  3.72493e-01  0.00000e+00
0450  9.35206e+18  7.57170e-23  2.26522e-08  2.98090e+07  3.73888e-01  0.00000e+00
0451  9.37048e+18  7.54770e-23  2.25724e-08  2.98272e+07  3.75291e-01  0.00000e+00
0452  9.38889e+18  7.52388e-23  2.24928e-08  2.98454e+07  3.76701e-01  0.00000e+00
0453  9.40731e+18  7.50026e-23  2.24135e-08  2.98636e+07  3.78118e-01  0.00000e+00
0454  9.42572e+18  7.47683e-23  2.23345e-08  2.98819e+07  3.79543e-01  0.00000e+00
0455  9.44414e+18  7.45358e-23  2.22559e-08  2.99003e+07  3.80977e-01  0.00000e+00
0456  9.46255e+18  7.43049e-23  2.21776e-08  2.99188e+07  3.82421e-01  0.00000e+00
0457  9.48097e+18  7.40755e-23  2.20997e-08  2.99374e+07  3.83876e-01  0.00000e+00
0458  9.49939e+18  7.38472e-23  2.20220e-08  2.99562e+07  3.85345e-01  0.00000e+00
0459  9.51780e+18  7.36197e-23  2.19447e-08  2.99750e+07  3.86830e-01  0.00000e+00
0460  9.53622e+18  7.33925e-23  2.18676e-08  2.99939e+07  3.88333e-01  0.00000e+00
0461  9.55463e+18  7.31653e-23  2.17907e-08  3.00128e+07  3.89857e-01  0.00000e+00
0462  9.57305e+18  7.29376e-23  2.17141e-08  3.00317e+07  3.91406e-01  0.00000e+00
0463  9.59146e+18  7.27091e-23  2.16377e-08  3.00506e+07  3.92982e-01  0.00000e+00
0464  9.60988e+18  7.24792e-23  2.15615e-08  3.00695e+07  3.94588e-01  0.00000e+00
0465  9.62829e+18  7.22477e-23  2.14855e-08  3.00884e+07  3.96230e-01  0.00000e+00
0466  9.64671e+18  7.20141e-23  2.14097e-08  3.01072e+07  3.97910e-01  0.00000e+00
0467  9.66513e+18  7.17781e-23  2.13342e-08  3.01261e+07  3.99632e-01  0.00000e+00
0468  9.68354e+18  7.15396e-23  2.12591e-08  3.01449e+07  4.01399e-01  0.00000e+00
0469  9.70196e+18  7.12981e-23  2.11843e-08  3.01638e+07  4.03217e-01  0.00000e+00
0470  9.72037e+18  7.10536e-23  2.11099e-08  3.01828e+07  4.05087e-01  0.00000e+00
0471  9.73879e+18  7.08055e-23  2.10359e-08  3.02018e+07  4.07015e-01  0.00000e+00
0472  9.75720e+18  7.05529e-23  2.09623e-08  3.02208e+07  4.09004e-01  0.00000e+00
0473  9.77562e+18  7.02942e-23  2.08891e-08  3.02400e+07  4.11057e-01  0.00000e+00
0474  9.79403e+18  7.00261e-23  2.08162e-08  3.02592e+07  4.13182e-01  0.00000e+00
0475  9.81245e+18  6.97430e-23  2.07438e-08  3.02784e+07  4.15386e-01  0.00000e+00
0476  9.83087e+18  6.94366e-23  2.06717e-08  3.02976e+07  4.17683e-01  0.00000e+00
0477  9.84928e+18  6.90974e-23  2.06000e-08  3.03168e+07  4.20095e-01  0.00000e+00
0478  9.86770e+18  6.87209e-23  2.05287e-08  3.03359e+07  4.22659e-01  0.00000e+00
0479  9.88611e+18  6.83308e-23  2.04577e-08  3.03550e+07  4.25427e-01  0.00000e+00
0480  9.90453e+18  6.80206e-23  2.03871e-08  3.03739e+07  4.28472e-01  0.00000e+00
0481  9.92294e+18  6.78990e-23  2.03168e-08  3.03928e+07  4.31846e-01  0.00000e+00
0482  9.94136e+18  6.78923e-23  2.02465e-08  3.04118e+07  4.35437e-01  0.00000e+00
0483  9.95977e+18  6.79069e-23  2.01763e-08  3.04308e+07  4.38625e-01  0.00000e+00
0484  9.97819e+18  6.79699e-23  2.01061e-08  3.04499e+07  4.40308e-01  0.00000e+00
0485  9.99661e+18  6.81314e-23  2.00359e-08  3.04691e+07  4.40562e-01  0.00000e+00
0486  1.00150e+19  6.84597e-23  1.99657e-08  3.04885e+07  4.40508e-01  0.00000e+00
0487  1.00334e+19  6.90462e-23  1.98952e-08  3.05082e+07  4.40205e-01  0.00000e+00
0488  1.00519e+19  7.00097e-23  1.98242e-08  3.05282e+07  4.39363e-01  0.00000e+00
0489  1.00703e+19  7.15001e-23  1.97521e-08  3.05486e+07  4.37640e-01  0.00000e+00
0490  1.00887e+19  7.36996e-23  1.96784e-08  3.05695e+07  4.34655e-01  0.00000e+00
0491  1.01071e+19  7.68186e-23  1.96022e-08  3.05911e+07  4.30014e-01  0.00000e+00
0492  1.01255e+19  8.10845e-23  1.95225e-08  3.06139e+07  4.23331e-01  0.00000e+00
0493  1.01439e+19  8.67184e-23  1.94378e-08  3.06380e+07  4.14269e-01  0.00000e+00
0494  1.01623e+19  9.38977e-23  1.93466e-08  3.06638e+07  4.02577e-01  0.00000e+00
0495  1.01808e+19  1.02709e-22  1.92472e-08  3.06917e+07  3.88133e-01  0.00000e+00
0496  1.01992e+19  1.13103e-22  1.91384e-08  3.07226e+07  3.70978e-01  0.00000e+00
0497  1.02176e+19  1.24859e-22  1.90182e-08  3.07579e+07  3.51337e-01  0.00000e+00
0498  1.02360e+19  1.37548e-22  1.88854e-08  3.07990e+07  3.29642e-01  0.00000e+00
0499  1.02544e+19  1.50418e-22  1.87404e-08  3.08479e+07  3.06553e-01  0.00000e+00
0500  1.02728e+19  1.62110e-22  1.85828e-08  3.09060e+07  2.82952e-01  0.00000e+00
0501  1.02913e+19  1.70478e-22  1.84144e-08  3.09729e+07  2.59822e-01  0.00000e+00
0502  1.03097e+19  1.74084e-22  1.82388e-08  3.10460e+07  2.37920e-01  0.00000e+00
0503  1.03281e+19  1.74664e-22  1.80609e-08  3.11224e+07  2.17563e-01  0.00000e+00
0504  1.03465e+19  1.74661e-22  1.78834e-08  3.12002e+07  1.98798e-01  0.00000e+00
0505  1.03649e+19  1.74581e-22  1.77064e-08  3.12792e+07  1.81584e-01  0.00000e+00
0506  1.03833e+19  1.74342e-22  1.75297e-08  3.13593e+07  1.65839e-01  0.00000e+00
0507  1.04017e+19  1.73883e-22  1.73532e-08  3.14406e+07  1.51475e-01  0.00000e+00
0508  1.04202e+19  1.73173e-22  1.71773e-08  3.15228e+07  1.38442e-01  0.00000e+00
0509  1.04386e+19  1.72210e-22  1.70025e-08  3.16056e+07  1.26811e-01  0.00000e+00
0510  1.04570e+19  1.71017e-22  1.68291e-08  3.16891e+07  1.16906e-01  0.00000e+00
0511  1.04754e+19  1.69624e-22  1.66576e-08  3.17729e+07  1.09422e-01  0.00000e+00
0512  1.04938e+19  1.68070e-22  1.64882e-08  3.18568e+07  1.05113e-01  0.00000e+00
0513  1.05122e+19  1.66389e-22  1.63210e-08  3.19408e+07  1.03643e-01  0.00000e+00
0514  1.05307e+19  1.64613e-22  1.61562e-08  3.20245e+07  1.03430e-01  0.00000e+00
0515  1.05491e+19  1.62770e-22  1.59937e-08  3.21078e+07  1.03421e-01  0.00000e+00
0516  1.05675e+19  1.60876e-22  1.58335e-08  3.21905e+07  1.03422e-01  0.00000e+00
0517  1.05859e+19  1.58945e-22  1.56756e-08  3.22726e+07  1.03426e-01  0.00000e+00
0518  1.06043e+19  1.56984e-22  1.55200e-08  3.23538e+07  1.03438e-01  0.00000e+00
0519  1.06227e+19  1.54997e-22  1.53670e-08  3.24341e+07  1.03465e-01  0.00000e+00
0520  1.06412e+19  1.52983e-22  1.52165e-08  3.25136e+07  1.03515e-01  0.00000e+00
0521  1.06596e+19  1.50938e-22  1.50688e-08  3.25923e+07  1.03597e-01  0.00000e+00
0522  1.06780e+19  1.48858e-22  1.49238e-08  3.26701e+07  1.03720e-01  0.00000e+00
0523  1.06964e+19  1.46736e-22  1.47819e-08  3.27471e+07  1.03897e-01  0.00000e+00
0524  1.07148e+19  1.44564e-22  1.46429e-08  3.28231e+07  1.04140e-01  0.00000e+00
0525  1.07332e+19  1.42333e-22  1.45069e-08  3.28980e+07  1.04460e-01  0.00000e+00
0526  1.07516e+19  1.40030e-22  1.43740e-08  3.29718e+07  1.04874e-01  0.00000e+00
0527  1.07701e+19  1.37646e-22  1.42439e-08  3.30441e+07  1.05395e-01  0.00000e+00
0528  1.07885e+19  1.35169e-22  1.41167e-08  3.31148e+07  1.06040e-01  0.00000e+00
0529  1.08069e+19  1.32588e-22  1.39923e-08  3.31838e+07  1.06826e-01  0.00000e+00
0530  1.08253e+19  1.29894e-22  1.38708e-08  3.32509e+07  1.07770e-01  0.00000e+00
0531  1.08437e+19  1.27078e-22  1.37520e-08  3.33158e+07  1.08888e-01  0.00000e+00
0532  1.08621e+19  1.24133e-22  1.36363e-08  3.33786e+07  1.10196e-01  0.00000e+00
0533  1.08806e+19  1.21061e-22  1.35237e-08  3.34394e+07  1.11707e-01  0.00000e+00
0534  1.08990e+19  1.17873e-22  1.34140e-08  3.34981e+07  1.13430e-01  0.00000e+00
0535  1.09174e+19  1.14598e-22  1.33076e-08  3.35546e+07  1.15370e-01  0.00000e+00
0536  1.09358e+19  1.11272e-22  1.32045e-08  3.36086e+07  1.17521e-01  0.00000e+00
0537  1.09542e+19  1.07947e-22  1.31049e-08  3.36602e+07  1.19871e-01  0.00000e+00
0538  1.09726e+19  1.04684e-22  1.30085e-08  3.37095e+07  1.22395e-01  0.00000e+00
0539  1.09910e+19  1.01559e-22  1.29153e-08  3.37564e+07  1.25057e-01  0.00000e+00
0540  1.10095e+19  9.86465e-23  1.28249e-08  3.38011e+07  1.27811e-01  0.00000e+00
0541  1.10279e+19  9.60156e-23  1.27372e-08  3.38437e+07  1.30601e-01  0.00000e+00
0542  1.10463e+19  9.37169e-23  1.26519e-08  3.38845e+07  1.33369e-01  0.00000e+00
0543  1.10647e+19  9.17730e-23  1.25686e-08  3.39239e+07  1.36059e-01  0.00000e+00
0544  1.10831e+19  9.01726e-23  1.24869e-08  3.39622e+07  1.38623e-01  0.00000e+00
0545  1.11015e+19  8.88724e-23  1.24067e-08  3.39996e+07  1.41027e-01  0.00000e+00
0546  1.11200e+19  8.78081e-23  1.23276e-08  3.40364e+07  1.43258e-01  0.00000e+00
0547  1.11384e+19  8.69100e-23  1.22495e-08  3.40728e+07  1.45318e-01  0.00000e+00
0548  1.11568e+19  8.61146e-23  1.21723e-08  3.41090e+07  1.47225e-01  0.00000e+00
0549  1.11752e+19  8.53702e-23  1.20959e-08  3.41450e+07  1.49007e-01  0.00000e+00
0550  1.11936e+19  8.46381e-23  1.20205e-08  3.41808e+07  1.50695e-01  0.00000e+00
0551  1.12120e+19  8.38894e-23  1.19459e-08  3.42164e+07  1.52325e-01  0.00000e+00
0552  1.12305e+19  8.31136e-23  1.18727e-08  3.42517e+07  1.53911e-01  0.00000e+00
0553  1.12489e+19  8.22724e-23  1.17984e-08  3.42876e+07  1.55534e-01  0.00000e+00
0554  1.12673e+19  8.14923e-23  1.17335e-08  3.43194e+07  1.56978e-01  0.00000e+00
0555  1.12857e+19  8.00624e-23  1.16230e-08  3.43731e+07  1.59521e-01  0.00000e+00
