# Athena++ data at time=7.650000e+12  cycle=512627751  variables=prim 
# i       x1v         rho          press          vel1         vel2         vel3     
0002  1.13875e+18  2.14917e-18  8.97288e-06 -4.09800e+05  1.46607e-09  0.00000e+00
0003  1.15716e+18  9.91565e-19  5.45956e-06  2.43594e+05  7.93074e-03  0.00000e+00
0004  1.17558e+18  6.41286e-19  4.33775e-06  3.11370e+05  1.74215e-02  0.00000e+00
0005  1.19399e+18  4.31072e-19  3.63779e-06  4.31074e+05  2.60041e-02  0.00000e+00
0006  1.21241e+18  2.83179e-19  3.17893e-06  6.30627e+05  3.34734e-02  0.00000e+00
0007  1.23082e+18  1.70276e-19  2.89032e-06  9.60056e+05  4.01730e-02  0.00000e+00
0008  1.24924e+18  1.39930e-19  2.63488e-06  1.18967e+06  4.61857e-02  0.00000e+00
0009  1.26765e+18  1.25873e-19  2.48276e-06  1.25753e+06  5.17674e-02  0.00000e+00
0010  1.28607e+18  1.14905e-19  2.34262e-06  1.33326e+06  5.69943e-02  0.00000e+00
0011  1.30448e+18  1.06792e-19  2.21649e-06  1.39560e+06  6.19065e-02  0.00000e+00
0012  1.32290e+18  9.98068e-20  2.10580e-06  1.44948e+06  6.65447e-02  0.00000e+00
0013  1.34131e+18  9.33614e-20  2.00320e-06  1.50695e+06  7.09317e-02  0.00000e+00
0014  1.35973e+18  8.75135e-20  1.90930e-06  1.56415e+06  7.50887e-02  0.00000e+00
0015  1.37814e+18  8.24346e-20  1.82298e-06  1.61716e+06  7.90338e-02  0.00000e+00
0016  1.39656e+18  7.78874e-20  1.74446e-06  1.66616e+06  8.27865e-02  0.00000e+00
0017  1.41497e+18  7.36956e-20  1.67178e-06  1.71497e+06  8.63614e-02  0.00000e+00
0018  1.43339e+18  6.98516e-20  1.60473e-06  1.76261e+06  8.97739e-02  0.00000e+00
0019  1.45180e+18  6.67281e-20  1.54165e-06  1.80138e+06  9.30317e-02  0.00000e+00
0020  1.47022e+18  6.35916e-20  1.48572e-06  1.83968e+06  9.61544e-02  0.00000e+00
0021  1.48863e+18  6.04282e-20  1.43085e-06  1.88849e+06  9.91465e-02  0.00000e+00
0022  1.50705e+18  5.78120e-20  1.37948e-06  1.92879e+06  1.02014e-01  0.00000e+00
0023  1.52546e+18  5.53940e-20  1.33367e-06  1.96277e+06  1.04771e-01  0.00000e+00
0024  1.54388e+18  5.30245e-20  1.28950e-06  2.00186e+06  1.07423e-01  0.00000e+00
0027  1.56229e+18  5.07857e-20  1.24795e-06  2.04132e+06  1.09978e-01  0.00000e+00
0028  1.58071e+18  4.86844e-20  1.20901e-06  2.08011e+06  1.12440e-01  0.00000e+00
0029  1.59912e+18  4.67009e-20  1.17240e-06  2.11878e+06  1.14816e-01  0.00000e+00
0030  1.61754e+18  4.48176e-20  1.13789e-06  2.15780e+06  1.17112e-01  0.00000e+00
0031  1.63595e+18  4.30203e-20  1.10530e-06  2.19756e+06  1.19332e-01  0.00000e+00
0032  1.65437e+18  4.12975e-20  1.07453e-06  2.23832e+06  1.21482e-01  0.00000e+00
0033  1.67278e+18  3.96614e-20  1.04551e-06  2.27920e+06  1.23565e-01  0.00000e+00
0034  1.69120e+18  3.82031e-20  1.01821e-06  2.31567e+06  1.25586e-01  0.00000e+00
0035  1.70961e+18  3.69267e-20  9.93096e-07  2.34445e+06  1.27551e-01  0.00000e+00
0036  1.72803e+18  3.57835e-20  9.69619e-07  2.36822e+06  1.29464e-01  0.00000e+00
0037  1.74644e+18  3.46918e-20  9.47551e-07  2.39105e+06  1.31331e-01  0.00000e+00
0038  1.76486e+18  3.36110e-20  9.26263e-07  2.41656e+06  1.33152e-01  0.00000e+00
0039  1.78328e+18  3.25463e-20  9.05790e-07  2.44436e+06  1.34930e-01  0.00000e+00
0040  1.80169e+18  3.15079e-20  8.86184e-07  2.47366e+06  1.36668e-01  0.00000e+00
0041  1.82011e+18  3.05013e-20  8.67460e-07  2.50385e+06  1.38366e-01  0.00000e+00
0042  1.83852e+18  2.95425e-20  8.49638e-07  2.53387e+06  1.40028e-01  0.00000e+00
0043  1.85694e+18  2.86718e-20  8.32702e-07  2.56054e+06  1.41658e-01  0.00000e+00
0044  1.87535e+18  2.77183e-20  8.16770e-07  2.57995e+06  1.43276e-01  0.00000e+00
0045  1.89377e+18  2.62996e-20  8.04751e-07  2.62274e+06  1.44863e-01  0.00000e+00
0046  1.91218e+18  2.59564e-20  7.88634e-07  2.68891e+06  1.46328e-01  0.00000e+00
0047  1.93060e+18  2.59996e-20  7.71457e-07  2.69942e+06  1.47691e-01  0.00000e+00
0048  1.94901e+18  2.56068e-20  7.56663e-07  2.68617e+06  1.49147e-01  0.00000e+00
0049  1.96743e+18  2.35381e-20  7.46706e-07  2.69318e+06  1.50890e-01  0.00000e+00
0050  1.98584e+18  2.29508e-20  7.33386e-07  2.70283e+06  1.52756e-01  0.00000e+00
0051  2.00426e+18  2.58361e-20  7.19640e-07  2.52872e+06  1.54083e-01  0.00000e+00
0052  2.02267e+18  2.83904e-20  7.25549e-07  2.28604e+06  1.54972e-01  0.00000e+00
0053  2.04109e+18  2.82658e-20  7.15815e-07  2.29754e+06  1.55878e-01  0.00000e+00
0054  2.05951e+18  2.78323e-20  7.03614e-07  2.32310e+06  1.57060e-01  0.00000e+00
0055  2.07792e+18  2.72271e-20  6.90084e-07  2.36259e+06  1.58509e-01  0.00000e+00
0056  2.09634e+18  2.66195e-20  6.76794e-07  2.40347e+06  1.59988e-01  0.00000e+00
0057  2.11475e+18  2.60253e-20  6.63861e-07  2.44096e+06  1.61290e-01  0.00000e+00
0058  2.13317e+18  2.54060e-20  6.50947e-07  2.47215e+06  1.62422e-01  0.00000e+00
0059  2.15158e+18  2.47410e-20  6.37904e-07  2.49413e+06  1.63509e-01  0.00000e+00
0060  2.17000e+18  2.40507e-20  6.24947e-07  2.50708e+06  1.64645e-01  0.00000e+00
0061  2.18841e+18  2.33877e-20  6.12515e-07  2.51480e+06  1.65835e-01  0.00000e+00
0062  2.20683e+18  2.28088e-20  6.00929e-07  2.52155e+06  1.67006e-01  0.00000e+00
0063  2.22524e+18  2.23415e-20  5.90277e-07  2.52965e+06  1.68095e-01  0.00000e+00
0064  2.24366e+18  2.19691e-20  5.80553e-07  2.54044e+06  1.69102e-01  0.00000e+00
0065  2.26207e+18  2.16575e-20  5.71479e-07  2.55490e+06  1.70073e-01  0.00000e+00
0066  2.28049e+18  2.13736e-20  5.62792e-07  2.57317e+06  1.71056e-01  0.00000e+00
0067  2.29891e+18  2.10906e-20  5.54225e-07  2.59526e+06  1.72065e-01  0.00000e+00
0068  2.31732e+18  2.07924e-20  5.45686e-07  2.62119e+06  1.73085e-01  0.00000e+00
0069  2.33574e+18  2.04769e-20  5.37178e-07  2.65062e+06  1.74088e-01  0.00000e+00
0070  2.35415e+18  2.01494e-20  5.28745e-07  2.68135e+06  1.75061e-01  0.00000e+00
0071  2.37257e+18  1.98155e-20  5.20429e-07  2.70910e+06  1.76014e-01  0.00000e+00
0072  2.39098e+18  1.94924e-20  5.12345e-07  2.72955e+06  1.76961e-01  0.00000e+00
0073  2.40940e+18  1.91675e-20  5.04397e-07  2.73997e+06  1.77894e-01  0.00000e+00
0074  2.42781e+18  1.88352e-20  4.96446e-07  2.74032e+06  1.78760e-01  0.00000e+00
0075  2.44623e+18  1.85704e-20  4.89169e-07  2.73707e+06  1.79559e-01  0.00000e+00
0076  2.46464e+18  1.82063e-20  4.81066e-07  2.73170e+06  1.80572e-01  0.00000e+00
0077  2.48306e+18  1.50689e-20  4.68968e-07  2.77144e+06  1.82424e-01  0.00000e+00
0078  2.50147e+18  7.98273e-21  4.91221e-07  3.36911e+06  1.85467e-01  0.00000e+00
0079  2.51989e+18  4.48737e-21  4.37908e-07  5.03236e+06  1.89318e-01  0.00000e+00
0080  2.53831e+18  3.41542e-21  4.25812e-07  5.81859e+06  1.93641e-01  0.00000e+00
0081  2.55672e+18  2.91662e-21  4.18372e-07  6.32540e+06  1.98237e-01  0.00000e+00
0082  2.57514e+18  2.60692e-21  4.11844e-07  6.72000e+06  2.03014e-01  0.00000e+00
0083  2.59355e+18  2.38457e-21  4.06182e-07  7.05162e+06  2.07928e-01  0.00000e+00
0084  2.61197e+18  2.21308e-21  4.01136e-07  7.34429e+06  2.12972e-01  0.00000e+00
0085  2.63038e+18  2.06984e-21  3.96754e-07  7.61252e+06  2.18152e-01  0.00000e+00
0086  2.64880e+18  1.94493e-21  3.92566e-07  7.86976e+06  2.23472e-01  0.00000e+00
0087  2.66721e+18  1.83505e-21  3.88694e-07  8.11120e+06  2.28932e-01  0.00000e+00
0088  2.68563e+18  1.73689e-21  3.85088e-07  8.34020e+06  2.34535e-01  0.00000e+00
0089  2.70404e+18  1.64834e-21  3.81704e-07  8.55984e+06  2.40279e-01  0.00000e+00
0090  2.72246e+18  1.56828e-21  3.78533e-07  8.77089e+06  2.46161e-01  0.00000e+00
0091  2.74088e+18  1.49582e-21  3.75545e-07  8.97332e+06  2.52167e-01  0.00000e+00
0092  2.75929e+18  1.42986e-21  3.72739e-07  9.16737e+06  2.58284e-01  0.00000e+00
0093  2.77771e+18  1.36954e-21  3.70052e-07  9.35404e+06  2.64491e-01  0.00000e+00
0094  2.79612e+18  1.31437e-21  3.67454e-07  9.53226e+06  2.70768e-01  0.00000e+00
0095  2.81454e+18  1.26397e-21  3.64948e-07  9.70062e+06  2.77097e-01  0.00000e+00
0096  2.83295e+18  1.21797e-21  3.62544e-07  9.85862e+06  2.83460e-01  0.00000e+00
0097  2.85137e+18  1.17601e-21  3.60264e-07  1.00065e+07  2.89852e-01  0.00000e+00
0098  2.86978e+18  1.13764e-21  3.58123e-07  1.01450e+07  2.96269e-01  0.00000e+00
0099  2.88820e+18  1.10245e-21  3.56125e-07  1.02749e+07  3.02721e-01  0.00000e+00
0100  2.90661e+18  1.06997e-21  3.54261e-07  1.03972e+07  3.09221e-01  0.00000e+00
0101  2.92503e+18  1.03977e-21  3.52510e-07  1.05127e+07  3.15789e-01  0.00000e+00
0102  2.94345e+18  1.01148e-21  3.50851e-07  1.06218e+07  3.22449e-01  0.00000e+00
0103  2.96186e+18  9.84821e-22  3.49273e-07  1.07250e+07  3.29227e-01  0.00000e+00
0104  2.98028e+18  9.59570e-22  3.47767e-07  1.08224e+07  3.36151e-01  0.00000e+00
0105  2.99869e+18  9.35547e-22  3.46331e-07  1.09144e+07  3.43246e-01  0.00000e+00
0106  3.01711e+18  9.12609e-22  3.44966e-07  1.10012e+07  3.50536e-01  0.00000e+00
0107  3.03552e+18  8.90649e-22  3.43672e-07  1.10829e+07  3.58042e-01  0.00000e+00
0108  3.05394e+18  8.69586e-22  3.42449e-07  1.11594e+07  3.65781e-01  0.00000e+00
0109  3.07235e+18  8.49357e-22  3.41294e-07  1.12304e+07  3.73766e-01  0.00000e+00
0110  3.09077e+18  8.29918e-22  3.40202e-07  1.12957e+07  3.82007e-01  0.00000e+00
0111  3.10918e+18  8.11241e-22  3.39167e-07  1.13549e+07  3.90507e-01  0.00000e+00
0112  3.12760e+18  7.93297e-22  3.38183e-07  1.14082e+07  3.99269e-01  0.00000e+00
0113  3.14602e+18  7.76059e-22  3.37239e-07  1.14561e+07  4.08289e-01  0.00000e+00
0114  3.16443e+18  7.59545e-22  3.36328e-07  1.14988e+07  4.17561e-01  0.00000e+00
0115  3.18285e+18  7.43738e-22  3.35458e-07  1.15365e+07  4.27075e-01  0.00000e+00
0116  3.20126e+18  7.28581e-22  3.34622e-07  1.15704e+07  4.36815e-01  0.00000e+00
0117  3.21968e+18  7.13949e-22  3.33798e-07  1.16022e+07  4.46764e-01  0.00000e+00
0118  3.23809e+18  6.99921e-22  3.33003e-07  1.16313e+07  4.56946e-01  0.00000e+00
0119  3.25651e+18  6.87123e-22  3.32289e-07  1.16553e+07  4.67356e-01  0.00000e+00
0120  3.27492e+18  6.74987e-22  3.31594e-07  1.16775e+07  4.77680e-01  0.00000e+00
0121  3.29334e+18  6.59228e-22  3.30791e-07  1.17039e+07  4.87862e-01  0.00000e+00
0122  3.31176e+18  6.42476e-22  3.30132e-07  1.17259e+07  5.00567e-01  0.00000e+00
0123  3.33017e+18  6.42290e-22  3.29672e-07  1.17286e+07  5.17936e-01  0.00000e+00
0124  3.34859e+18  6.73067e-22  3.29184e-07  1.17395e+07  5.22566e-01  0.00000e+00
0125  3.36700e+18  1.01018e-21  3.27791e-07  1.18150e+07  5.12439e-01  0.00000e+00
0126  3.38542e+18  3.85068e-21  3.20369e-07  1.15427e+07  4.43686e-01  0.00000e+00
0127  3.40383e+18  1.22069e-20  2.92780e-07  9.74717e+06  3.14348e-01  0.00000e+00
0128  3.42225e+18  1.42655e-20  3.07014e-07  8.65110e+06  2.12083e-01  0.00000e+00
0129  3.44066e+18  1.39538e-20  3.01595e-07  8.58866e+06  1.60394e-01  0.00000e+00
0130  3.45908e+18  1.33157e-20  2.92245e-07  8.60826e+06  1.48276e-01  0.00000e+00
0131  3.47749e+18  1.25935e-20  2.81667e-07  8.62290e+06  1.47486e-01  0.00000e+00
0132  3.49591e+18  1.19036e-20  2.71689e-07  8.62741e+06  1.47550e-01  0.00000e+00
0133  3.51433e+18  1.12531e-20  2.61430e-07  8.63594e+06  1.47884e-01  0.00000e+00
0134  3.53274e+18  1.06063e-20  2.51955e-07  8.65212e+06  1.48687e-01  0.00000e+00
0135  3.55116e+18  9.91816e-21  2.42301e-07  8.69095e+06  1.50042e-01  0.00000e+00
0136  3.56957e+18  9.02321e-21  2.31627e-07  8.73706e+06  1.51883e-01  0.00000e+00
0137  3.58799e+18  7.45857e-21  2.23393e-07  8.82227e+06  1.53997e-01  0.00000e+00
0138  3.60640e+18  5.03467e-21  2.19273e-07  9.33450e+06  1.56094e-01  0.00000e+00
0139  3.62482e+18  3.11051e-21  1.99581e-07  1.06189e+07  1.58117e-01  0.00000e+00
0140  3.64323e+18  2.21628e-21  1.86510e-07  1.16453e+07  1.60107e-01  0.00000e+00
0141  3.66165e+18  1.79703e-21  1.78681e-07  1.23482e+07  1.62053e-01  0.00000e+00
0142  3.68007e+18  1.56380e-21  1.72826e-07  1.28821e+07  1.63935e-01  0.00000e+00
0143  3.69848e+18  1.41116e-21  1.68024e-07  1.33271e+07  1.65742e-01  0.00000e+00
0144  3.71690e+18  1.29952e-21  1.63790e-07  1.37203e+07  1.67473e-01  0.00000e+00
0145  3.73531e+18  1.21215e-21  1.59992e-07  1.40749e+07  1.69132e-01  0.00000e+00
0146  3.75373e+18  1.14041e-21  1.56531e-07  1.44007e+07  1.70726e-01  0.00000e+00
0147  3.77214e+18  1.07967e-21  1.53336e-07  1.47048e+07  1.72264e-01  0.00000e+00
0148  3.79056e+18  1.02706e-21  1.50364e-07  1.49902e+07  1.73754e-01  0.00000e+00
0149  3.80897e+18  9.80293e-22  1.47580e-07  1.52628e+07  1.75206e-01  0.00000e+00
0150  3.82739e+18  9.38265e-22  1.44935e-07  1.55250e+07  1.76629e-01  0.00000e+00
0151  3.84581e+18  9.00260e-22  1.42433e-07  1.57759e+07  1.78028e-01  0.00000e+00
0152  3.86422e+18  8.65550e-22  1.40061e-07  1.60170e+07  1.79410e-01  0.00000e+00
0153  3.88264e+18  8.33637e-22  1.37802e-07  1.62496e+07  1.80780e-01  0.00000e+00
0154  3.90105e+18  8.04186e-22  1.35652e-07  1.64738e+07  1.82141e-01  0.00000e+00
0155  3.91947e+18  7.76934e-22  1.33606e-07  1.66897e+07  1.83495e-01  0.00000e+00
0156  3.93788e+18  7.51660e-22  1.31660e-07  1.68974e+07  1.84844e-01  0.00000e+00
0157  3.95630e+18  7.28178e-22  1.29808e-07  1.70970e+07  1.86186e-01  0.00000e+00
0158  3.97471e+18  7.06342e-22  1.28044e-07  1.72889e+07  1.87522e-01  0.00000e+00
0159  3.99313e+18  6.85969e-22  1.26361e-07  1.74734e+07  1.88851e-01  0.00000e+00
0160  4.01155e+18  6.66811e-22  1.24745e-07  1.76527e+07  1.90172e-01  0.00000e+00
0161  4.02996e+18  6.48731e-22  1.23183e-07  1.78278e+07  1.91482e-01  0.00000e+00
0162  4.04838e+18  6.31658e-22  1.21675e-07  1.79985e+07  1.92782e-01  0.00000e+00
0163  4.06679e+18  6.15530e-22  1.20220e-07  1.81648e+07  1.94071e-01  0.00000e+00
0164  4.08521e+18  6.00290e-22  1.18820e-07  1.83265e+07  1.95347e-01  0.00000e+00
0165  4.10362e+18  5.85879e-22  1.17472e-07  1.84834e+07  1.96612e-01  0.00000e+00
0166  4.12204e+18  5.72242e-22  1.16175e-07  1.86355e+07  1.97867e-01  0.00000e+00
0167  4.14045e+18  5.59322e-22  1.14929e-07  1.87829e+07  1.99113e-01  0.00000e+00
0168  4.15887e+18  5.47063e-22  1.13730e-07  1.89255e+07  2.00350e-01  0.00000e+00
0169  4.17728e+18  5.35412e-22  1.12576e-07  1.90637e+07  2.01582e-01  0.00000e+00
0170  4.19570e+18  5.24318e-22  1.11462e-07  1.91975e+07  2.02810e-01  0.00000e+00
0171  4.21412e+18  5.13737e-22  1.10388e-07  1.93271e+07  2.04037e-01  0.00000e+00
0172  4.23253e+18  5.03617e-22  1.09350e-07  1.94528e+07  2.05264e-01  0.00000e+00
0173  4.25095e+18  4.93918e-22  1.08345e-07  1.95749e+07  2.06495e-01  0.00000e+00
0174  4.26936e+18  4.84613e-22  1.07375e-07  1.96932e+07  2.07730e-01  0.00000e+00
0175  4.28778e+18  4.75681e-22  1.06440e-07  1.98077e+07  2.08973e-01  0.00000e+00
0176  4.30619e+18  4.67103e-22  1.05539e-07  1.99181e+07  2.10223e-01  0.00000e+00
0177  4.32461e+18  4.58859e-22  1.04671e-07  2.00245e+07  2.11483e-01  0.00000e+00
0178  4.34302e+18  4.50932e-22  1.03837e-07  2.01270e+07  2.12754e-01  0.00000e+00
0179  4.36144e+18  4.43304e-22  1.03033e-07  2.02257e+07  2.14036e-01  0.00000e+00
0180  4.37986e+18  4.35956e-22  1.02258e-07  2.03208e+07  2.15329e-01  0.00000e+00
0181  4.39827e+18  4.28873e-22  1.01508e-07  2.04126e+07  2.16633e-01  0.00000e+00
0182  4.41669e+18  4.22042e-22  1.00781e-07  2.05012e+07  2.17947e-01  0.00000e+00
0183  4.43510e+18  4.15453e-22  1.00078e-07  2.05867e+07  2.19272e-01  0.00000e+00
0184  4.45352e+18  4.09097e-22  9.93968e-08  2.06691e+07  2.20606e-01  0.00000e+00
0185  4.47193e+18  4.02971e-22  9.87391e-08  2.07482e+07  2.21948e-01  0.00000e+00
0186  4.49035e+18  3.97068e-22  9.81051e-08  2.08240e+07  2.23299e-01  0.00000e+00
0187  4.50876e+18  3.91383e-22  9.74952e-08  2.08964e+07  2.24656e-01  0.00000e+00
0188  4.52718e+18  3.85911e-22  9.69089e-08  2.09653e+07  2.26019e-01  0.00000e+00
0189  4.54560e+18  3.80632e-22  9.63450e-08  2.10309e+07  2.27387e-01  0.00000e+00
0190  4.56401e+18  3.75526e-22  9.58008e-08  2.10939e+07  2.28761e-01  0.00000e+00
0191  4.58243e+18  3.70592e-22  9.52740e-08  2.11543e+07  2.30139e-01  0.00000e+00
0192  4.60084e+18  3.65824e-22  9.47634e-08  2.12120e+07  2.31522e-01  0.00000e+00
0193  4.61926e+18  3.61212e-22  9.42675e-08  2.12675e+07  2.32909e-01  0.00000e+00
0194  4.63767e+18  3.56749e-22  9.37857e-08  2.13206e+07  2.34300e-01  0.00000e+00
0195  4.65609e+18  3.52430e-22  9.33179e-08  2.13715e+07  2.35696e-01  0.00000e+00
0196  4.67450e+18  3.48252e-22  9.28650e-08  2.14200e+07  2.37096e-01  0.00000e+00
0197  4.69292e+18  3.44215e-22  9.24282e-08  2.14657e+07  2.38502e-01  0.00000e+00
0198  4.71134e+18  3.40309e-22  9.20076e-08  2.15088e+07  2.39912e-01  0.00000e+00
0199  4.72975e+18  3.36525e-22  9.16019e-08  2.15495e+07  2.41329e-01  0.00000e+00
0200  4.74817e+18  3.32857e-22  9.12106e-08  2.15879e+07  2.42752e-01  0.00000e+00
0201  4.76658e+18  3.29297e-22  9.08322e-08  2.16242e+07  2.44181e-01  0.00000e+00
0202  4.78500e+18  3.25841e-22  9.04652e-08  2.16585e+07  2.45617e-01  0.00000e+00
0203  4.80341e+18  3.22481e-22  9.01082e-08  2.16911e+07  2.47059e-01  0.00000e+00
0204  4.82183e+18  3.19213e-22  8.97602e-08  2.17222e+07  2.48508e-01  0.00000e+00
0205  4.84024e+18  3.16034e-22  8.94207e-08  2.17516e+07  2.49962e-01  0.00000e+00
0206  4.85866e+18  3.12942e-22  8.90898e-08  2.17796e+07  2.51423e-01  0.00000e+00
0207  4.87708e+18  3.09937e-22  8.87681e-08  2.18059e+07  2.52889e-01  0.00000e+00
0208  4.89549e+18  3.07017e-22  8.84560e-08  2.18306e+07  2.54361e-01  0.00000e+00
0209  4.91391e+18  3.04180e-22  8.81539e-08  2.18535e+07  2.55840e-01  0.00000e+00
0210  4.93232e+18  3.01425e-22  8.78619e-08  2.18747e+07  2.57326e-01  0.00000e+00
0211  4.95074e+18  2.98745e-22  8.75797e-08  2.18941e+07  2.58822e-01  0.00000e+00
0212  4.96915e+18  2.96136e-22  8.73066e-08  2.19119e+07  2.60329e-01  0.00000e+00
0213  4.98757e+18  2.93591e-22  8.70421e-08  2.19282e+07  2.61853e-01  0.00000e+00
0214  5.00598e+18  2.91100e-22  8.67854e-08  2.19430e+07  2.63397e-01  0.00000e+00
0215  5.02440e+18  2.88657e-22  8.65361e-08  2.19565e+07  2.64968e-01  0.00000e+00
0216  5.04282e+18  2.86252e-22  8.62937e-08  2.19687e+07  2.66572e-01  0.00000e+00
0217  5.06123e+18  2.83876e-22  8.60582e-08  2.19797e+07  2.68216e-01  0.00000e+00
0218  5.07965e+18  2.81521e-22  8.58294e-08  2.19893e+07  2.69909e-01  0.00000e+00
0219  5.09806e+18  2.79177e-22  8.56074e-08  2.19977e+07  2.71658e-01  0.00000e+00
0220  5.11648e+18  2.76837e-22  8.53918e-08  2.20049e+07  2.73471e-01  0.00000e+00
0221  5.13489e+18  2.74495e-22  8.51825e-08  2.20109e+07  2.75355e-01  0.00000e+00
0222  5.15331e+18  2.72145e-22  8.49790e-08  2.20158e+07  2.77314e-01  0.00000e+00
0223  5.17172e+18  2.69787e-22  8.47808e-08  2.20196e+07  2.79351e-01  0.00000e+00
0224  5.19014e+18  2.67420e-22  8.45875e-08  2.20225e+07  2.81464e-01  0.00000e+00
0225  5.20856e+18  2.65051e-22  8.43983e-08  2.20245e+07  2.83649e-01  0.00000e+00
0226  5.22697e+18  2.62691e-22  8.42139e-08  2.20257e+07  2.85895e-01  0.00000e+00
0227  5.24539e+18  2.60351e-22  8.40318e-08  2.20261e+07  2.88186e-01  0.00000e+00
0228  5.26380e+18  2.58051e-22  8.38531e-08  2.20257e+07  2.90503e-01  0.00000e+00
0229  5.28222e+18  2.55812e-22  8.36779e-08  2.20248e+07  2.92820e-01  0.00000e+00
0230  5.30063e+18  2.53657e-22  8.35054e-08  2.20233e+07  2.95110e-01  0.00000e+00
0231  5.31905e+18  2.51607e-22  8.33354e-08  2.20213e+07  2.97341e-01  0.00000e+00
0232  5.33746e+18  2.49682e-22  8.31675e-08  2.20187e+07  2.99487e-01  0.00000e+00
0233  5.35588e+18  2.47897e-22  8.30016e-08  2.20158e+07  3.01521e-01  0.00000e+00
0234  5.37430e+18  2.46259e-22  8.28375e-08  2.20125e+07  3.03425e-01  0.00000e+00
0235  5.39271e+18  2.44769e-22  8.26748e-08  2.20089e+07  3.05190e-01  0.00000e+00
0236  5.41113e+18  2.43418e-22  8.25135e-08  2.20050e+07  3.06817e-01  0.00000e+00
0237  5.42954e+18  2.42192e-22  8.23535e-08  2.20009e+07  3.08317e-01  0.00000e+00
0238  5.44796e+18  2.41069e-22  8.21945e-08  2.19965e+07  3.09710e-01  0.00000e+00
0239  5.46637e+18  2.40025e-22  8.20367e-08  2.19920e+07  3.11021e-01  0.00000e+00
0240  5.48479e+18  2.39037e-22  8.18800e-08  2.19873e+07  3.12279e-01  0.00000e+00
0241  5.50320e+18  2.38080e-22  8.17244e-08  2.19824e+07  3.13511e-01  0.00000e+00
0242  5.52162e+18  2.37133e-22  8.15698e-08  2.19774e+07  3.14746e-01  0.00000e+00
0243  5.54004e+18  2.36181e-22  8.14163e-08  2.19721e+07  3.16006e-01  0.00000e+00
0244  5.55845e+18  2.35211e-22  8.12639e-08  2.19667e+07  3.17310e-01  0.00000e+00
0245  5.57687e+18  2.34214e-22  8.11127e-08  2.19610e+07  3.18672e-01  0.00000e+00
0246  5.59528e+18  2.33188e-22  8.09626e-08  2.19552e+07  3.20100e-01  0.00000e+00
0247  5.61370e+18  2.32133e-22  8.08138e-08  2.19492e+07  3.21595e-01  0.00000e+00
0248  5.63211e+18  2.31055e-22  8.06664e-08  2.19429e+07  3.23153e-01  0.00000e+00
0249  5.65053e+18  2.29961e-22  8.05201e-08  2.19364e+07  3.24768e-01  0.00000e+00
0250  5.66894e+18  2.28864e-22  8.03750e-08  2.19298e+07  3.26428e-01  0.00000e+00
0251  5.68736e+18  2.27774e-22  8.02312e-08  2.19229e+07  3.28120e-01  0.00000e+00
0252  5.70578e+18  2.26699e-22  8.00886e-08  2.19157e+07  3.29833e-01  0.00000e+00
0253  5.72419e+18  2.25646e-22  7.99471e-08  2.19084e+07  3.31555e-01  0.00000e+00
0254  5.74261e+18  2.24622e-22  7.98068e-08  2.19009e+07  3.33278e-01  0.00000e+00
0255  5.76102e+18  2.23627e-22  7.96675e-08  2.18931e+07  3.34997e-01  0.00000e+00
0256  5.77944e+18  2.22661e-22  7.95291e-08  2.18852e+07  3.36710e-01  0.00000e+00
0257  5.79785e+18  2.21724e-22  7.93918e-08  2.18771e+07  3.38417e-01  0.00000e+00
0258  5.81627e+18  2.20812e-22  7.92553e-08  2.18688e+07  3.40120e-01  0.00000e+00
0259  5.83468e+18  2.19922e-22  7.91196e-08  2.18604e+07  3.41823e-01  0.00000e+00
0260  5.85310e+18  2.19051e-22  7.89847e-08  2.18518e+07  3.43529e-01  0.00000e+00
0261  5.87152e+18  2.18196e-22  7.88506e-08  2.18431e+07  3.45244e-01  0.00000e+00
0262  5.88993e+18  2.17354e-22  7.87171e-08  2.18342e+07  3.46970e-01  0.00000e+00
0263  5.90835e+18  2.16525e-22  7.85843e-08  2.18252e+07  3.48709e-01  0.00000e+00
0264  5.92676e+18  2.15705e-22  7.84520e-08  2.18161e+07  3.50463e-01  0.00000e+00
0265  5.94518e+18  2.14892e-22  7.83205e-08  2.18069e+07  3.52235e-01  0.00000e+00
0266  5.96359e+18  2.14085e-22  7.81891e-08  2.17977e+07  3.54023e-01  0.00000e+00
0267  5.98201e+18  2.13284e-22  7.80583e-08  2.17884e+07  3.55829e-01  0.00000e+00
0268  6.00043e+18  2.12491e-22  7.79278e-08  2.17791e+07  3.57652e-01  0.00000e+00
0269  6.01884e+18  2.11706e-22  7.77977e-08  2.17697e+07  3.59493e-01  0.00000e+00
0270  6.03726e+18  2.10928e-22  7.76680e-08  2.17603e+07  3.61352e-01  0.00000e+00
0271  6.05567e+18  2.10158e-22  7.75385e-08  2.17509e+07  3.63230e-01  0.00000e+00
0272  6.07409e+18  2.09394e-22  7.74092e-08  2.17414e+07  3.65126e-01  0.00000e+00
0273  6.09250e+18  2.08637e-22  7.72801e-08  2.17319e+07  3.67044e-01  0.00000e+00
0274  6.11092e+18  2.07885e-22  7.71512e-08  2.17224e+07  3.68983e-01  0.00000e+00
0275  6.12933e+18  2.07138e-22  7.70224e-08  2.17128e+07  3.70945e-01  0.00000e+00
0276  6.14775e+18  2.06394e-22  7.68939e-08  2.17032e+07  3.72932e-01  0.00000e+00
0277  6.16617e+18  2.05654e-22  7.67657e-08  2.16936e+07  3.74944e-01  0.00000e+00
0278  6.18458e+18  2.04916e-22  7.66379e-08  2.16839e+07  3.76983e-01  0.00000e+00
0279  6.20300e+18  2.04179e-22  7.65104e-08  2.16742e+07  3.79051e-01  0.00000e+00
0280  6.22141e+18  2.03444e-22  7.63831e-08  2.16645e+07  3.81147e-01  0.00000e+00
0281  6.23983e+18  2.02710e-22  7.62554e-08  2.16548e+07  3.83271e-01  0.00000e+00
0282  6.25824e+18  2.01976e-22  7.61271e-08  2.16453e+07  3.85425e-01  0.00000e+00
0283  6.27666e+18  2.01243e-22  7.59978e-08  2.16360e+07  3.87606e-01  0.00000e+00
0284  6.29507e+18  2.00513e-22  7.58673e-08  2.16270e+07  3.89814e-01  0.00000e+00
0285  6.31349e+18  1.99786e-22  7.57357e-08  2.16182e+07  3.92048e-01  0.00000e+00
0286  6.33191e+18  1.99064e-22  7.56033e-08  2.16097e+07  3.94306e-01  0.00000e+00
0287  6.35032e+18  1.98349e-22  7.54703e-08  2.16012e+07  3.96586e-01  0.00000e+00
0288  6.36874e+18  1.97641e-22  7.53368e-08  2.15930e+07  3.98889e-01  0.00000e+00
0289  6.38715e+18  1.96940e-22  7.52029e-08  2.15848e+07  4.01212e-01  0.00000e+00
0290  6.40557e+18  1.96247e-22  7.50686e-08  2.15768e+07  4.03555e-01  0.00000e+00
0291  6.42398e+18  1.95560e-22  7.49340e-08  2.15688e+07  4.05918e-01  0.00000e+00
0292  6.44240e+18  1.94881e-22  7.47994e-08  2.15610e+07  4.08298e-01  0.00000e+00
0293  6.46081e+18  1.94210e-22  7.46649e-08  2.15532e+07  4.10695e-01  0.00000e+00
0294  6.47923e+18  1.93547e-22  7.45307e-08  2.15453e+07  4.13107e-01  0.00000e+00
0295  6.49765e+18  1.92894e-22  7.43971e-08  2.15374e+07  4.15532e-01  0.00000e+00
0296  6.51606e+18  1.92251e-22  7.42641e-08  2.15295e+07  4.17969e-01  0.00000e+00
0297  6.53448e+18  1.91620e-22  7.41315e-08  2.15215e+07  4.20417e-01  0.00000e+00
0298  6.55289e+18  1.90999e-22  7.39995e-08  2.15135e+07  4.22873e-01  0.00000e+00
0299  6.57131e+18  1.90390e-22  7.38680e-08  2.15054e+07  4.25339e-01  0.00000e+00
0300  6.58972e+18  1.89793e-22  7.37368e-08  2.14974e+07  4.27814e-01  0.00000e+00
0301  6.60814e+18  1.89205e-22  7.36059e-08  2.14894e+07  4.30300e-01  0.00000e+00
0302  6.62655e+18  1.88627e-22  7.34751e-08  2.14814e+07  4.32798e-01  0.00000e+00
0303  6.64497e+18  1.88058e-22  7.33446e-08  2.14735e+07  4.35312e-01  0.00000e+00
0304  6.66339e+18  1.87496e-22  7.32141e-08  2.14656e+07  4.37845e-01  0.00000e+00
0305  6.68180e+18  1.86939e-22  7.30836e-08  2.14578e+07  4.40400e-01  0.00000e+00
0306  6.70022e+18  1.86386e-22  7.29532e-08  2.14501e+07  4.42982e-01  0.00000e+00
0307  6.71863e+18  1.85835e-22  7.28227e-08  2.14425e+07  4.45595e-01  0.00000e+00
0308  6.73705e+18  1.85287e-22  7.26921e-08  2.14350e+07  4.48244e-01  0.00000e+00
0309  6.75546e+18  1.84745e-22  7.25615e-08  2.14277e+07  4.50936e-01  0.00000e+00
0310  6.77388e+18  1.84210e-22  7.24310e-08  2.14204e+07  4.53673e-01  0.00000e+00
0311  6.79229e+18  1.83659e-22  7.23006e-08  2.14131e+07  4.56452e-01  0.00000e+00
0312  6.81071e+18  1.83016e-22  7.21701e-08  2.14060e+07  4.59254e-01  0.00000e+00
0313  6.82913e+18  1.82200e-22  7.20388e-08  2.13993e+07  4.62086e-01  0.00000e+00
0314  6.84754e+18  1.81458e-22  7.19065e-08  2.13928e+07  4.65087e-01  0.00000e+00
0315  6.86596e+18  1.81305e-22  7.17731e-08  2.13867e+07  4.68632e-01  0.00000e+00
0316  6.88437e+18  1.81445e-22  7.16387e-08  2.13809e+07  4.73039e-01  0.00000e+00
0317  6.90279e+18  1.82342e-22  7.15028e-08  2.13755e+07  4.76832e-01  0.00000e+00
0318  6.92120e+18  1.85770e-22  7.13641e-08  2.13703e+07  4.77562e-01  0.00000e+00
0319  6.93962e+18  1.96716e-22  7.12222e-08  2.13663e+07  4.77027e-01  0.00000e+00
0320  6.95803e+18  2.28808e-22  7.10613e-08  2.13625e+07  4.74200e-01  0.00000e+00
0321  6.97645e+18  3.17506e-22  7.08440e-08  2.13548e+07  4.65853e-01  0.00000e+00
0322  6.99487e+18  5.49488e-22  7.05730e-08  2.13527e+07  4.46351e-01  0.00000e+00
0323  7.01328e+18  1.09966e-21  6.92002e-08  2.13249e+07  4.08311e-01  0.00000e+00
0324  7.03170e+18  2.01798e-21  6.52536e-08  2.10133e+07  3.53506e-01  0.00000e+00
0325  7.05011e+18  2.55674e-21  6.37807e-08  2.04620e+07  2.96498e-01  0.00000e+00
0326  7.06853e+18  2.56816e-21  6.23341e-08  2.01979e+07  2.43060e-01  0.00000e+00
0327  7.08694e+18  2.50072e-21  6.07406e-08  2.02015e+07  1.95582e-01  0.00000e+00
0328  7.10536e+18  2.31699e-21  5.82746e-08  2.02808e+07  1.56689e-01  0.00000e+00
0329  7.12378e+18  2.02858e-21  5.54731e-08  2.04511e+07  1.28388e-01  0.00000e+00
0330  7.14219e+18  1.68206e-21  5.29706e-08  2.07215e+07  1.11367e-01  0.00000e+00
0331  7.16061e+18  1.33889e-21  5.05726e-08  2.11196e+07  1.04087e-01  0.00000e+00
0332  7.17902e+18  1.05380e-21  4.79707e-08  2.16300e+07  1.02466e-01  0.00000e+00
0333  7.19744e+18  8.48657e-22  4.55316e-08  2.21608e+07  1.02388e-01  0.00000e+00
0334  7.21585e+18  7.11835e-22  4.35597e-08  2.26312e+07  1.02421e-01  0.00000e+00
0335  7.23427e+18  6.20667e-22  4.20132e-08  2.30252e+07  1.02529e-01  0.00000e+00
0336  7.25268e+18  5.56995e-22  4.07337e-08  2.33611e+07  1.02727e-01  0.00000e+00
0337  7.27110e+18  5.09779e-22  3.96133e-08  2.36580e+07  1.03008e-01  0.00000e+00
0338  7.28952e+18  4.72894e-22  3.85998e-08  2.39273e+07  1.03355e-01  0.00000e+00
0339  7.30793e+18  4.42926e-22  3.76710e-08  2.41751e+07  1.03754e-01  0.00000e+00
0340  7.32635e+18  4.17885e-22  3.68117e-08  2.44053e+07  1.04193e-01  0.00000e+00
0341  7.34476e+18  3.96505e-22  3.60108e-08  2.46205e+07  1.04661e-01  0.00000e+00
0342  7.36318e+18  3.77892e-22  3.52615e-08  2.48233e+07  1.05149e-01  0.00000e+00
0343  7.38159e+18  3.61412e-22  3.45537e-08  2.50167e+07  1.05653e-01  0.00000e+00
0344  7.40001e+18  3.46642e-22  3.38804e-08  2.52025e+07  1.06168e-01  0.00000e+00
0345  7.41842e+18  3.33293e-22  3.32385e-08  2.53813e+07  1.06690e-01  0.00000e+00
0346  7.43684e+18  3.21139e-22  3.26256e-08  2.55535e+07  1.07218e-01  0.00000e+00
0347  7.45526e+18  3.09993e-22  3.20395e-08  2.57198e+07  1.07750e-01  0.00000e+00
0348  7.47367e+18  2.99705e-22  3.14774e-08  2.58809e+07  1.08285e-01  0.00000e+00
0349  7.49209e+18  2.90161e-22  3.09370e-08  2.60373e+07  1.08823e-01  0.00000e+00
0350  7.51050e+18  2.81271e-22  3.04168e-08  2.61892e+07  1.09361e-01  0.00000e+00
0351  7.52892e+18  2.72968e-22  2.99156e-08  2.63369e+07  1.09900e-01  0.00000e+00
0352  7.54733e+18  2.65195e-22  2.94321e-08  2.64806e+07  1.10439e-01  0.00000e+00
0353  7.56575e+18  2.57892e-22  2.89649e-08  2.66204e+07  1.10977e-01  0.00000e+00
0354  7.58416e+18  2.50991e-22  2.85135e-08  2.67571e+07  1.11514e-01  0.00000e+00
0355  7.60258e+18  2.44451e-22  2.80745e-08  2.68915e+07  1.12048e-01  0.00000e+00
0356  7.62100e+18  2.38250e-22  2.76478e-08  2.70234e+07  1.12580e-01  0.00000e+00
0357  7.63941e+18  2.32369e-22  2.72335e-08  2.71527e+07  1.13108e-01  0.00000e+00
0358  7.65783e+18  2.26784e-22  2.68311e-08  2.72794e+07  1.13631e-01  0.00000e+00
0359  7.67624e+18  2.21472e-22  2.64400e-08  2.74038e+07  1.14150e-01  0.00000e+00
0360  7.69466e+18  2.16411e-22  2.60595e-08  2.75259e+07  1.14664e-01  0.00000e+00
0361  7.71307e+18  2.11583e-22  2.56888e-08  2.76461e+07  1.15171e-01  0.00000e+00
0362  7.73149e+18  2.06972e-22  2.53278e-08  2.77642e+07  1.15673e-01  0.00000e+00
0363  7.74990e+18  2.02564e-22  2.49761e-08  2.78805e+07  1.16168e-01  0.00000e+00
0364  7.76832e+18  1.98347e-22  2.46333e-08  2.79949e+07  1.16656e-01  0.00000e+00
0365  7.78674e+18  1.94307e-22  2.42992e-08  2.81075e+07  1.17139e-01  0.00000e+00
0366  7.80515e+18  1.90434e-22  2.39733e-08  2.82183e+07  1.17615e-01  0.00000e+00
0367  7.82357e+18  1.86717e-22  2.36554e-08  2.83275e+07  1.18084e-01  0.00000e+00
0368  7.84198e+18  1.83146e-22  2.33452e-08  2.84350e+07  1.18548e-01  0.00000e+00
0369  7.86040e+18  1.79712e-22  2.30423e-08  2.85410e+07  1.19006e-01  0.00000e+00
0370  7.87881e+18  1.76405e-22  2.27465e-08  2.86454e+07  1.19458e-01  0.00000e+00
0371  7.89723e+18  1.73212e-22  2.24572e-08  2.87485e+07  1.19905e-01  0.00000e+00
0372  7.91564e+18  1.70124e-22  2.21739e-08  2.88506e+07  1.20346e-01  0.00000e+00
0373  7.93406e+18  1.67136e-22  2.18964e-08  2.89517e+07  1.20783e-01  0.00000e+00
0374  7.95248e+18  1.64243e-22  2.16245e-08  2.90518e+07  1.21215e-01  0.00000e+00
0375  7.97089e+18  1.61441e-22  2.13581e-08  2.91508e+07  1.21643e-01  0.00000e+00
0376  7.98931e+18  1.58725e-22  2.10972e-08  2.92488e+07  1.22066e-01  0.00000e+00
0377  8.00772e+18  1.56093e-22  2.08415e-08  2.93458e+07  1.22486e-01  0.00000e+00
0378  8.02614e+18  1.53539e-22  2.05908e-08  2.94417e+07  1.22901e-01  0.00000e+00
0379  8.04455e+18  1.51059e-22  2.03452e-08  2.95368e+07  1.23313e-01  0.00000e+00
0380  8.06297e+18  1.48649e-22  2.01044e-08  2.96309e+07  1.23722e-01  0.00000e+00
0381  8.08139e+18  1.46307e-22  1.98682e-08  2.97241e+07  1.24127e-01  0.00000e+00
0382  8.09980e+18  1.44030e-22  1.96366e-08  2.98164e+07  1.24530e-01  0.00000e+00
0383  8.11822e+18  1.41815e-22  1.94094e-08  2.99078e+07  1.24929e-01  0.00000e+00
0384  8.13663e+18  1.39661e-22  1.91867e-08  2.99983e+07  1.25326e-01  0.00000e+00
0385  8.15505e+18  1.37564e-22  1.89681e-08  3.00879e+07  1.25720e-01  0.00000e+00
0386  8.17346e+18  1.35522e-22  1.87537e-08  3.01766e+07  1.26112e-01  0.00000e+00
0387  8.19188e+18  1.33533e-22  1.85432e-08  3.02646e+07  1.26501e-01  0.00000e+00
0388  8.21029e+18  1.31594e-22  1.83365e-08  3.03518e+07  1.26888e-01  0.00000e+00
0389  8.22871e+18  1.29705e-22  1.81336e-08  3.04382e+07  1.27273e-01  0.00000e+00
0390  8.24713e+18  1.27862e-22  1.79343e-08  3.05238e+07  1.27656e-01  0.00000e+00
0391  8.26554e+18  1.26065e-22  1.77387e-08  3.06087e+07  1.28036e-01  0.00000e+00
0392  8.28396e+18  1.24313e-22  1.75465e-08  3.06927e+07  1.28415e-01  0.00000e+00
0393  8.30237e+18  1.22603e-22  1.73578e-08  3.07760e+07  1.28792e-01  0.00000e+00
0394  8.32079e+18  1.20934e-22  1.71725e-08  3.08585e+07  1.29167e-01  0.00000e+00
0395  8.33920e+18  1.19306e-22  1.69904e-08  3.09402e+07  1.29540e-01  0.00000e+00
0396  8.35762e+18  1.17716e-22  1.68116e-08  3.10212e+07  1.29912e-01  0.00000e+00
0397  8.37603e+18  1.16164e-22  1.66358e-08  3.11014e+07  1.30282e-01  0.00000e+00
0398  8.39445e+18  1.14647e-22  1.64632e-08  3.11808e+07  1.30650e-01  0.00000e+00
0399  8.41287e+18  1.13166e-22  1.62935e-08  3.12594e+07  1.31017e-01  0.00000e+00
0400  8.43128e+18  1.11719e-22  1.61268e-08  3.13373e+07  1.31383e-01  0.00000e+00
0401  8.44970e+18  1.10305e-22  1.59630e-08  3.14144e+07  1.31747e-01  0.00000e+00
0402  8.46811e+18  1.08922e-22  1.58019e-08  3.14908e+07  1.32110e-01  0.00000e+00
0403  8.48653e+18  1.07570e-22  1.56436e-08  3.15665e+07  1.32472e-01  0.00000e+00
0404  8.50494e+18  1.06248e-22  1.54880e-08  3.16413e+07  1.32832e-01  0.00000e+00
0405  8.52336e+18  1.04955e-22  1.53350e-08  3.17155e+07  1.33192e-01  0.00000e+00
0406  8.54177e+18  1.03691e-22  1.51846e-08  3.17889e+07  1.33550e-01  0.00000e+00
0407  8.56019e+18  1.02452e-22  1.50367e-08  3.18615e+07  1.33907e-01  0.00000e+00
0408  8.57861e+18  1.01238e-22  1.48911e-08  3.19337e+07  1.34264e-01  0.00000e+00
0409  8.59702e+18  1.00048e-22  1.47477e-08  3.20053e+07  1.34619e-01  0.00000e+00
0410  8.61544e+18  9.88797e-23  1.46065e-08  3.20765e+07  1.34974e-01  0.00000e+00
0411  8.63385e+18  9.77343e-23  1.44674e-08  3.21471e+07  1.35328e-01  0.00000e+00
0412  8.65227e+18  9.66107e-23  1.43304e-08  3.22171e+07  1.35681e-01  0.00000e+00
0413  8.67068e+18  9.55083e-23  1.41956e-08  3.22867e+07  1.36034e-01  0.00000e+00
0414  8.68910e+18  9.44268e-23  1.40628e-08  3.23556e+07  1.36385e-01  0.00000e+00
0415  8.70751e+18  9.33654e-23  1.39320e-08  3.24241e+07  1.36736e-01  0.00000e+00
0416  8.72593e+18  9.23238e-23  1.38032e-08  3.24920e+07  1.37087e-01  0.00000e+00
0417  8.74435e+18  9.13015e-23  1.36763e-08  3.25593e+07  1.37436e-01  0.00000e+00
0418  8.76276e+18  9.02981e-23  1.35514e-08  3.26261e+07  1.37786e-01  0.00000e+00
0419  8.78118e+18  8.93131e-23  1.34284e-08  3.26924e+07  1.38134e-01  0.00000e+00
0420  8.79959e+18  8.83460e-23  1.33072e-08  3.27581e+07  1.38482e-01  0.00000e+00
0421  8.81801e+18  8.73965e-23  1.31878e-08  3.28232e+07  1.38829e-01  0.00000e+00
0422  8.83642e+18  8.64642e-23  1.30703e-08  3.28879e+07  1.39175e-01  0.00000e+00
0423  8.85484e+18  8.55487e-23  1.29545e-08  3.29519e+07  1.39521e-01  0.00000e+00
0424  8.87326e+18  8.46496e-23  1.28405e-08  3.30154e+07  1.39866e-01  0.00000e+00
0425  8.89167e+18  8.37666e-23  1.27282e-08  3.30784e+07  1.40210e-01  0.00000e+00
0426  8.91009e+18  8.28994e-23  1.26175e-08  3.31408e+07  1.40553e-01  0.00000e+00
0427  8.92850e+18  8.20475e-23  1.25086e-08  3.32027e+07  1.40896e-01  0.00000e+00
0428  8.94692e+18  8.12108e-23  1.24012e-08  3.32640e+07  1.41237e-01  0.00000e+00
0429  8.96533e+18  8.03889e-23  1.22955e-08  3.33248e+07  1.41577e-01  0.00000e+00
0430  8.98375e+18  7.95815e-23  1.21913e-08  3.33851e+07  1.41916e-01  0.00000e+00
0431  9.00216e+18  7.87883e-23  1.20887e-08  3.34448e+07  1.42253e-01  0.00000e+00
0432  9.02058e+18  7.80092e-23  1.19876e-08  3.35039e+07  1.42589e-01  0.00000e+00
0433  9.03900e+18  7.72436e-23  1.18881e-08  3.35625e+07  1.42923e-01  0.00000e+00
0434  9.05741e+18  7.64912e-23  1.17900e-08  3.36206e+07  1.43256e-01  0.00000e+00
0435  9.07583e+18  7.57516e-23  1.16934e-08  3.36781e+07  1.43587e-01  0.00000e+00
0436  9.09424e+18  7.50245e-23  1.15981e-08  3.37352e+07  1.43916e-01  0.00000e+00
0437  9.11266e+18  7.43096e-23  1.15043e-08  3.37918e+07  1.44242e-01  0.00000e+00
0438  9.13107e+18  7.36068e-23  1.14118e-08  3.38478e+07  1.44567e-01  0.00000e+00
0439  9.14949e+18  7.29158e-23  1.13207e-08  3.39034e+07  1.44889e-01  0.00000e+00
0440  9.16790e+18  7.22365e-23  1.12310e-08  3.39584e+07  1.45208e-01  0.00000e+00
0441  9.18632e+18  7.15686e-23  1.11426e-08  3.40129e+07  1.45524e-01  0.00000e+00
0442  9.20474e+18  7.09121e-23  1.10555e-08  3.40668e+07  1.45838e-01  0.00000e+00
0443  9.22315e+18  7.02669e-23  1.09696e-08  3.41203e+07  1.46148e-01  0.00000e+00
0444  9.24157e+18  6.96327e-23  1.08851e-08  3.41732e+07  1.46455e-01  0.00000e+00
0445  9.25998e+18  6.90095e-23  1.08018e-08  3.42256e+07  1.46759e-01  0.00000e+00
0446  9.27840e+18  6.83972e-23  1.07198e-08  3.42774e+07  1.47059e-01  0.00000e+00
0447  9.29681e+18  6.77955e-23  1.06390e-08  3.43288e+07  1.47355e-01  0.00000e+00
0448  9.31523e+18  6.72045e-23  1.05594e-08  3.43795e+07  1.47647e-01  0.00000e+00
0449  9.33364e+18  6.66240e-23  1.04811e-08  3.44297e+07  1.47934e-01  0.00000e+00
0450  9.35206e+18  6.60539e-23  1.04040e-08  3.44793e+07  1.48218e-01  0.00000e+00
0451  9.37048e+18  6.54942e-23  1.03281e-08  3.45283e+07  1.48497e-01  0.00000e+00
0452  9.38889e+18  6.49446e-23  1.02535e-08  3.45766e+07  1.48771e-01  0.00000e+00
0453  9.40731e+18  6.44052e-23  1.01801e-08  3.46244e+07  1.49040e-01  0.00000e+00
0454  9.42572e+18  6.38758e-23  1.01080e-08  3.46714e+07  1.49305e-01  0.00000e+00
0455  9.44414e+18  6.33562e-23  1.00370e-08  3.47178e+07  1.49565e-01  0.00000e+00
0456  9.46255e+18  6.28463e-23  9.96727e-09  3.47636e+07  1.49820e-01  0.00000e+00
0457  9.48097e+18  6.23458e-23  9.89870e-09  3.48086e+07  1.50069e-01  0.00000e+00
0458  9.49939e+18  6.18546e-23  9.83127e-09  3.48531e+07  1.50314e-01  0.00000e+00
0459  9.51780e+18  6.13723e-23  9.76494e-09  3.48969e+07  1.50553e-01  0.00000e+00
0460  9.53622e+18  6.08988e-23  9.69969e-09  3.49401e+07  1.50788e-01  0.00000e+00
0461  9.55463e+18  6.04338e-23  9.63549e-09  3.49827e+07  1.51017e-01  0.00000e+00
0462  9.57305e+18  5.99771e-23  9.57231e-09  3.50247e+07  1.51241e-01  0.00000e+00
0463  9.59146e+18  5.95285e-23  9.51013e-09  3.50661e+07  1.51461e-01  0.00000e+00
0464  9.60988e+18  5.90879e-23  9.44894e-09  3.51069e+07  1.51675e-01  0.00000e+00
0465  9.62829e+18  5.86551e-23  9.38873e-09  3.51472e+07  1.51885e-01  0.00000e+00
0466  9.64671e+18  5.82300e-23  9.32951e-09  3.51868e+07  1.52089e-01  0.00000e+00
0467  9.66513e+18  5.78124e-23  9.27127e-09  3.52258e+07  1.52290e-01  0.00000e+00
0468  9.68354e+18  5.74023e-23  9.21400e-09  3.52642e+07  1.52486e-01  0.00000e+00
0469  9.70196e+18  5.69993e-23  9.15771e-09  3.53019e+07  1.52678e-01  0.00000e+00
0470  9.72037e+18  5.66035e-23  9.10237e-09  3.53390e+07  1.52866e-01  0.00000e+00
0471  9.73879e+18  5.62146e-23  9.04798e-09  3.53754e+07  1.53050e-01  0.00000e+00
0472  9.75720e+18  5.58325e-23  8.99453e-09  3.54112e+07  1.53230e-01  0.00000e+00
0473  9.77562e+18  5.54569e-23  8.94200e-09  3.54464e+07  1.53407e-01  0.00000e+00
0474  9.79403e+18  5.50878e-23  8.89038e-09  3.54808e+07  1.53582e-01  0.00000e+00
0475  9.81245e+18  5.47249e-23  8.83967e-09  3.55147e+07  1.53753e-01  0.00000e+00
0476  9.83087e+18  5.43683e-23  8.78985e-09  3.55478e+07  1.53921e-01  0.00000e+00
0477  9.84928e+18  5.40179e-23  8.74094e-09  3.55803e+07  1.54088e-01  0.00000e+00
0478  9.86770e+18  5.36736e-23  8.69295e-09  3.56120e+07  1.54252e-01  0.00000e+00
0479  9.88611e+18  5.33349e-23  8.64583e-09  3.56431e+07  1.54414e-01  0.00000e+00
0480  9.90453e+18  5.30014e-23  8.59951e-09  3.56735e+07  1.54575e-01  0.00000e+00
0481  9.92294e+18  5.26731e-23  8.55396e-09  3.57034e+07  1.54734e-01  0.00000e+00
0482  9.94136e+18  5.23496e-23  8.50920e-09  3.57327e+07  1.54892e-01  0.00000e+00
0483  9.95977e+18  5.20311e-23  8.46520e-09  3.57615e+07  1.55049e-01  0.00000e+00
0484  9.97819e+18  5.17174e-23  8.42197e-09  3.57896e+07  1.55206e-01  0.00000e+00
0485  9.99661e+18  5.14083e-23  8.37947e-09  3.58171e+07  1.55361e-01  0.00000e+00
0486  1.00150e+19  5.11037e-23  8.33769e-09  3.58441e+07  1.55517e-01  0.00000e+00
0487  1.00334e+19  5.08034e-23  8.29658e-09  3.58705e+07  1.55672e-01  0.00000e+00
0488  1.00519e+19  5.05073e-23  8.25614e-09  3.58965e+07  1.55827e-01  0.00000e+00
0489  1.00703e+19  5.02152e-23  8.21634e-09  3.59219e+07  1.55982e-01  0.00000e+00
0490  1.00887e+19  4.99271e-23  8.17715e-09  3.59468e+07  1.56137e-01  0.00000e+00
0491  1.01071e+19  4.96429e-23  8.13859e-09  3.59712e+07  1.56292e-01  0.00000e+00
0492  1.01255e+19  4.93626e-23  8.10065e-09  3.59951e+07  1.56448e-01  0.00000e+00
0493  1.01439e+19  4.90862e-23  8.06336e-09  3.60185e+07  1.56604e-01  0.00000e+00
0494  1.01623e+19  4.88139e-23  8.02674e-09  3.60412e+07  1.56760e-01  0.00000e+00
0495  1.01808e+19  4.85457e-23  7.99086e-09  3.60633e+07  1.56917e-01  0.00000e+00
0496  1.01992e+19  4.82820e-23  7.95578e-09  3.60845e+07  1.57074e-01  0.00000e+00
0497  1.02176e+19  4.80230e-23  7.92158e-09  3.61049e+07  1.57232e-01  0.00000e+00
0498  1.02360e+19  4.77690e-23  7.88835e-09  3.61243e+07  1.57391e-01  0.00000e+00
0499  1.02544e+19  4.75204e-23  7.85620e-09  3.61425e+07  1.57550e-01  0.00000e+00
0500  1.02728e+19  4.72775e-23  7.82522e-09  3.61594e+07  1.57709e-01  0.00000e+00
0501  1.02913e+19  4.70406e-23  7.79551e-09  3.61748e+07  1.57869e-01  0.00000e+00
0502  1.03097e+19  4.68100e-23  7.76713e-09  3.61887e+07  1.58029e-01  0.00000e+00
0503  1.03281e+19  4.65857e-23  7.74010e-09  3.62009e+07  1.58190e-01  0.00000e+00
0504  1.03465e+19  4.63676e-23  7.71440e-09  3.62116e+07  1.58351e-01  0.00000e+00
0505  1.03649e+19  4.61552e-23  7.68991e-09  3.62209e+07  1.58513e-01  0.00000e+00
0506  1.03833e+19  4.59481e-23  7.66647e-09  3.62288e+07  1.58675e-01  0.00000e+00
0507  1.04017e+19  4.57454e-23  7.64386e-09  3.62358e+07  1.58837e-01  0.00000e+00
0508  1.04202e+19  4.55461e-23  7.62183e-09  3.62421e+07  1.59000e-01  0.00000e+00
0509  1.04386e+19  4.53495e-23  7.60013e-09  3.62481e+07  1.59162e-01  0.00000e+00
0510  1.04570e+19  4.51546e-23  7.57854e-09  3.62540e+07  1.59325e-01  0.00000e+00
0511  1.04754e+19  4.49608e-23  7.55686e-09  3.62601e+07  1.59487e-01  0.00000e+00
0512  1.04938e+19  4.47676e-23  7.53491e-09  3.62666e+07  1.59649e-01  0.00000e+00
0513  1.05122e+19  4.45743e-23  7.51258e-09  3.62738e+07  1.59810e-01  0.00000e+00
0514  1.05307e+19  4.43808e-23  7.48978e-09  3.62817e+07  1.59971e-01  0.00000e+00
0515  1.05491e+19  4.41869e-23  7.46645e-09  3.62904e+07  1.60131e-01  0.00000e+00
0516  1.05675e+19  4.39925e-23  7.44259e-09  3.62999e+07  1.60291e-01  0.00000e+00
0517  1.05859e+19  4.37977e-23  7.41820e-09  3.63102e+07  1.60449e-01  0.00000e+00
0518  1.06043e+19  4.36026e-23  7.39333e-09  3.63213e+07  1.60606e-01  0.00000e+00
0519  1.06227e+19  4.34074e-23  7.36803e-09  3.63332e+07  1.60762e-01  0.00000e+00
0520  1.06412e+19  4.32123e-23  7.34235e-09  3.63456e+07  1.60917e-01  0.00000e+00
0521  1.06596e+19  4.30175e-23  7.31638e-09  3.63587e+07  1.61071e-01  0.00000e+00
0522  1.06780e+19  4.28233e-23  7.29015e-09  3.63721e+07  1.61223e-01  0.00000e+00
0523  1.06964e+19  4.26297e-23  7.26374e-09  3.63861e+07  1.61374e-01  0.00000e+00
0524  1.07148e+19  4.24370e-23  7.23718e-09  3.64003e+07  1.61524e-01  0.00000e+00
0525  1.07332e+19  4.22452e-23  7.21051e-09  3.64148e+07  1.61672e-01  0.00000e+00
0526  1.07516e+19  4.20546e-23  7.18378e-09  3.64296e+07  1.61819e-01  0.00000e+00
0527  1.07701e+19  4.18650e-23  7.15700e-09  3.64446e+07  1.61965e-01  0.00000e+00
0528  1.07885e+19  4.16767e-23  7.13022e-09  3.64598e+07  1.62110e-01  0.00000e+00
0529  1.08069e+19  4.14896e-23  7.10344e-09  3.64751e+07  1.62253e-01  0.00000e+00
0530  1.08253e+19  4.13037e-23  7.07668e-09  3.64905e+07  1.62396e-01  0.00000e+00
0531  1.08437e+19  4.11191e-23  7.04996e-09  3.65061e+07  1.62538e-01  0.00000e+00
0532  1.08621e+19  4.09356e-23  7.02328e-09  3.65217e+07  1.62680e-01  0.00000e+00
0533  1.08806e+19  4.07534e-23  6.99665e-09  3.65374e+07  1.62821e-01  0.00000e+00
0534  1.08990e+19  4.05722e-23  6.97006e-09  3.65532e+07  1.62962e-01  0.00000e+00
0535  1.09174e+19  4.03921e-23  6.94352e-09  3.65691e+07  1.63102e-01  0.00000e+00
0536  1.09358e+19  4.02130e-23  6.91702e-09  3.65851e+07  1.63243e-01  0.00000e+00
0537  1.09542e+19  4.00349e-23  6.89056e-09  3.66012e+07  1.63384e-01  0.00000e+00
0538  1.09726e+19  3.98578e-23  6.86416e-09  3.66173e+07  1.63526e-01  0.00000e+00
0539  1.09910e+19  3.96816e-23  6.83782e-09  3.66336e+07  1.63668e-01  0.00000e+00
0540  1.10095e+19  3.95064e-23  6.81154e-09  3.66499e+07  1.63811e-01  0.00000e+00
0541  1.10279e+19  3.93322e-23  6.78534e-09  3.66662e+07  1.63954e-01  0.00000e+00
0542  1.10463e+19  3.91590e-23  6.75922e-09  3.66826e+07  1.64099e-01  0.00000e+00
0543  1.10647e+19  3.89867e-23  6.73319e-09  3.66990e+07  1.64244e-01  0.00000e+00
0544  1.10831e+19  3.88155e-23  6.70727e-09  3.67154e+07  1.64391e-01  0.00000e+00
0545  1.11015e+19  3.86454e-23  6.68144e-09  3.67318e+07  1.64539e-01  0.00000e+00
0546  1.11200e+19  3.84762e-23  6.65573e-09  3.67482e+07  1.64689e-01  0.00000e+00
0547  1.11384e+19  3.83080e-23  6.63013e-09  3.67646e+07  1.64840e-01  0.00000e+00
0548  1.11568e+19  3.81409e-23  6.60465e-09  3.67810e+07  1.64992e-01  0.00000e+00
0549  1.11752e+19  3.79747e-23  6.57929e-09  3.67973e+07  1.65147e-01  0.00000e+00
0550  1.11936e+19  3.78096e-23  6.55406e-09  3.68136e+07  1.65303e-01  0.00000e+00
0551  1.12120e+19  3.76452e-23  6.52893e-09  3.68299e+07  1.65460e-01  0.00000e+00
0552  1.12305e+19  3.74830e-23  6.50409e-09  3.68460e+07  1.65619e-01  0.00000e+00
0553  1.12489e+19  3.73170e-23  6.47866e-09  3.68625e+07  1.65784e-01  0.00000e+00
0554  1.12673e+19  3.71711e-23  6.45629e-09  3.68771e+07  1.65931e-01  0.00000e+00
0555  1.12857e+19  3.69194e-23  6.41769e-09  3.69022e+07  1.66191e-01  0.00000e+00
