# Athena++ data at time=5.500000e+11  cycle=36855587  variables=uov 
# i       x1v         user_out_var0          user_out_var1          user_out_var2          user_out_var3          user_out_var4          user_out_var5      
0002  1.13875e+18  4.91745e+00  3.03478e+04  5.80823e-16  0.00000e+00  0.00000e+00  3.02826e-05
0003  1.15716e+18  1.02961e+01  3.99722e+04 -3.01274e-17  0.00000e+00  0.00000e+00  2.93264e-05
0004  1.17558e+18  1.44331e+01  4.73064e+04 -3.17052e-17  0.00000e+00  0.00000e+00  2.84148e-05
0005  1.19399e+18  2.23628e+01  6.14672e+04 -1.05069e-16  0.00000e+00  0.00000e+00  2.75451e-05
0006  1.21241e+18  3.89652e+01  9.42595e+04 -2.46145e-16  0.00000e+00  0.00000e+00  2.67147e-05
0007  1.23082e+18  6.85679e+01  1.44430e+05 -3.56627e-16  0.00000e+00  0.00000e+00  2.59213e-05
0008  1.24924e+18  1.22250e+02  1.90975e+05 -3.36812e-16  0.00000e+00  0.00000e+00  2.51628e-05
0009  1.26765e+18  1.48757e+02  2.28248e+05 -9.00833e-18  0.00000e+00  0.00000e+00  2.44370e-05
0010  1.28607e+18  1.47659e+02  2.27124e+05  1.57877e-17  0.00000e+00  0.00000e+00  2.37422e-05
0011  1.30448e+18  1.45570e+02  2.23160e+05  7.70650e-18  0.00000e+00  0.00000e+00  2.30766e-05
0012  1.32290e+18  1.44507e+02  2.21185e+05  7.12654e-18  0.00000e+00  0.00000e+00  2.24386e-05
0013  1.34131e+18  1.43183e+02  2.18781e+05  7.04772e-18  0.00000e+00  0.00000e+00  2.18267e-05
0014  1.35973e+18  1.41967e+02  2.16631e+05  6.86019e-18  0.00000e+00  0.00000e+00  2.12395e-05
0015  1.37814e+18  1.40736e+02  2.14506e+05  6.71334e-18  0.00000e+00  0.00000e+00  2.06757e-05
0016  1.39656e+18  1.39504e+02  2.12507e+05  6.31837e-18  0.00000e+00  0.00000e+00  2.01340e-05
0017  1.41497e+18  1.38251e+02  2.10607e+05  6.25760e-18  0.00000e+00  0.00000e+00  1.96134e-05
0018  1.43339e+18  1.37011e+02  2.08772e+05  6.04966e-18  0.00000e+00  0.00000e+00  1.91126e-05
0019  1.45180e+18  1.35788e+02  2.07004e+05  5.88085e-18  0.00000e+00  0.00000e+00  1.86309e-05
0020  1.47022e+18  1.34578e+02  2.05297e+05  5.72998e-18  0.00000e+00  0.00000e+00  1.81671e-05
0021  1.48863e+18  1.33383e+02  2.03648e+05  5.58337e-18  0.00000e+00  0.00000e+00  1.77204e-05
0022  1.50705e+18  1.32201e+02  2.02053e+05  5.44316e-18  0.00000e+00  0.00000e+00  1.72900e-05
0023  1.52546e+18  1.31033e+02  2.00511e+05  5.31766e-18  0.00000e+00  0.00000e+00  1.68750e-05
0024  1.54388e+18  1.29879e+02  1.99020e+05  5.18851e-18  0.00000e+00  0.00000e+00  1.64749e-05
0027  1.56229e+18  1.28736e+02  1.97573e+05  5.06381e-18  0.00000e+00  0.00000e+00  1.60888e-05
0028  1.58071e+18  1.27596e+02  1.96212e+05  4.86243e-18  0.00000e+00  0.00000e+00  1.57161e-05
0029  1.59912e+18  1.26450e+02  1.94904e+05  4.80284e-18  0.00000e+00  0.00000e+00  1.53562e-05
0030  1.61754e+18  1.25318e+02  1.93637e+05  4.69091e-18  0.00000e+00  0.00000e+00  1.50085e-05
0031  1.63595e+18  1.24200e+02  1.92409e+05  4.55716e-18  0.00000e+00  0.00000e+00  1.46726e-05
0032  1.65437e+18  1.23100e+02  1.91219e+05  4.66442e-18  0.00000e+00  0.00000e+00  1.43477e-05
0033  1.67278e+18  1.22029e+02  1.90011e+05  4.44719e-18  0.00000e+00  0.00000e+00  1.40336e-05
0034  1.69120e+18  1.20978e+02  1.88853e+05  4.36107e-18  0.00000e+00  0.00000e+00  1.37296e-05
0035  1.70961e+18  1.19935e+02  1.87728e+05  4.28687e-18  0.00000e+00  0.00000e+00  1.34354e-05
0036  1.72803e+18  1.18902e+02  1.86638e+05  4.20395e-18  0.00000e+00  0.00000e+00  1.31506e-05
0037  1.74644e+18  1.17879e+02  1.85581e+05  4.12353e-18  0.00000e+00  0.00000e+00  1.28747e-05
0038  1.76486e+18  1.16867e+02  1.84556e+05  4.04751e-18  0.00000e+00  0.00000e+00  1.26074e-05
0039  1.78328e+18  1.15864e+02  1.83563e+05  3.97520e-18  0.00000e+00  0.00000e+00  1.23484e-05
0040  1.80169e+18  1.14872e+02  1.82598e+05  3.90624e-18  0.00000e+00  0.00000e+00  1.20973e-05
0041  1.82011e+18  1.13890e+02  1.81662e+05  3.84046e-18  0.00000e+00  0.00000e+00  1.18537e-05
0042  1.83852e+18  1.12918e+02  1.80753e+05  3.77772e-18  0.00000e+00  0.00000e+00  1.16174e-05
0043  1.85694e+18  1.11956e+02  1.79870e+05  3.71786e-18  0.00000e+00  0.00000e+00  1.13882e-05
0044  1.87535e+18  1.11003e+02  1.79011e+05  3.66069e-18  0.00000e+00  0.00000e+00  1.11656e-05
0045  1.89377e+18  1.10060e+02  1.78176e+05  3.60624e-18  0.00000e+00  0.00000e+00  1.09495e-05
0046  1.91218e+18  1.09126e+02  1.77363e+05  3.55426e-18  0.00000e+00  0.00000e+00  1.07396e-05
0047  1.93060e+18  1.08201e+02  1.76573e+05  3.50386e-18  0.00000e+00  0.00000e+00  1.05357e-05
0048  1.94901e+18  1.07285e+02  1.75803e+05  3.45739e-18  0.00000e+00  0.00000e+00  1.03376e-05
0049  1.96743e+18  1.06378e+02  1.75053e+05  3.41480e-18  0.00000e+00  0.00000e+00  1.01449e-05
0050  1.98584e+18  1.05480e+02  1.74322e+05  3.35839e-18  0.00000e+00  0.00000e+00  9.95766e-06
0051  2.00426e+18  1.04587e+02  1.73607e+05  3.32295e-18  0.00000e+00  0.00000e+00  9.77552e-06
0052  2.02267e+18  1.03711e+02  1.72916e+05  3.38334e-18  0.00000e+00  0.00000e+00  9.59833e-06
0053  2.04109e+18  1.02823e+02  1.72228e+05  3.18381e-18  0.00000e+00  0.00000e+00  9.42591e-06
0054  2.05951e+18  1.01905e+02  1.71781e+05  3.86281e-18  0.00000e+00  0.00000e+00  9.25810e-06
0055  2.07792e+18  1.01034e+02  1.70995e+05  3.27194e-18  0.00000e+00  0.00000e+00  9.09473e-06
0056  2.09634e+18  1.00243e+02  1.70293e+05  3.14608e-18  0.00000e+00  0.00000e+00  8.93564e-06
0057  2.11475e+18  9.94501e+01  1.69602e+05  3.20289e-18  0.00000e+00  0.00000e+00  8.78070e-06
0058  2.13317e+18  9.86605e+01  1.68927e+05  3.16615e-18  0.00000e+00  0.00000e+00  8.62975e-06
0059  2.15158e+18  9.78431e+01  1.68243e+05  3.12681e-18  0.00000e+00  0.00000e+00  8.48265e-06
0060  2.17000e+18  9.69992e+01  1.67935e+05 -4.85697e-17  0.00000e+00  0.00000e+00  8.33929e-06
0061  2.18841e+18  9.60458e+01  1.67431e+05  3.51483e-18  0.00000e+00  0.00000e+00  8.19953e-06
0062  2.20683e+18  9.52556e+01  1.66791e+05  2.92947e-18  0.00000e+00  0.00000e+00  8.06326e-06
0063  2.22524e+18  9.45170e+01  1.66194e+05  2.95431e-18  0.00000e+00  0.00000e+00  7.93035e-06
0064  2.24366e+18  9.37660e+01  1.65590e+05  2.99976e-18  0.00000e+00  0.00000e+00  7.80071e-06
0065  2.26207e+18  9.30138e+01  1.64989e+05  2.98024e-18  0.00000e+00  0.00000e+00  7.67421e-06
0066  2.28049e+18  9.22692e+01  1.64399e+05  2.94738e-18  0.00000e+00  0.00000e+00  7.55077e-06
0067  2.29891e+18  9.15326e+01  1.63819e+05  2.91949e-18  0.00000e+00  0.00000e+00  7.43029e-06
0068  2.31732e+18  9.08030e+01  1.63248e+05  2.89484e-18  0.00000e+00  0.00000e+00  7.31266e-06
0069  2.33574e+18  9.00798e+01  1.62686e+05  2.87105e-18  0.00000e+00  0.00000e+00  7.19781e-06
0070  2.35415e+18  8.93630e+01  1.62132e+05  2.84781e-18  0.00000e+00  0.00000e+00  7.08564e-06
0071  2.37257e+18  8.86525e+01  1.61587e+05  2.82531e-18  0.00000e+00  0.00000e+00  6.97607e-06
0072  2.39098e+18  8.79480e+01  1.61049e+05  2.80346e-18  0.00000e+00  0.00000e+00  6.86902e-06
0073  2.40940e+18  8.72493e+01  1.60519e+05  2.78290e-18  0.00000e+00  0.00000e+00  6.76442e-06
0074  2.42781e+18  8.65564e+01  1.59996e+05  2.76296e-18  0.00000e+00  0.00000e+00  6.66219e-06
0075  2.44623e+18  8.58690e+01  1.59481e+05  2.73595e-18  0.00000e+00  0.00000e+00  6.56226e-06
0076  2.46464e+18  8.51894e+01  1.58974e+05  2.71038e-18  0.00000e+00  0.00000e+00  6.46456e-06
0077  2.48306e+18  8.45243e+01  1.58424e+05  2.75472e-18  0.00000e+00  0.00000e+00  6.36903e-06
0078  2.50147e+18  8.38814e+01  1.57879e+05  2.70316e-18  0.00000e+00  0.00000e+00  6.27560e-06
0079  2.51989e+18  8.32447e+01  1.57341e+05  2.69479e-18  0.00000e+00  0.00000e+00  6.18421e-06
0080  2.53831e+18  8.26109e+01  1.56807e+05  2.68044e-18  0.00000e+00  0.00000e+00  6.09480e-06
0081  2.55672e+18  8.19819e+01  1.56278e+05  2.66020e-18  0.00000e+00  0.00000e+00  6.00732e-06
0082  2.57514e+18  8.13583e+01  1.55756e+05  2.63973e-18  0.00000e+00  0.00000e+00  5.92171e-06
0083  2.59355e+18  8.07400e+01  1.55240e+05  2.62043e-18  0.00000e+00  0.00000e+00  5.83791e-06
0084  2.61197e+18  8.01268e+01  1.54729e+05  2.60193e-18  0.00000e+00  0.00000e+00  5.75588e-06
0085  2.63038e+18  7.95184e+01  1.54224e+05  2.58397e-18  0.00000e+00  0.00000e+00  5.67557e-06
0086  2.64880e+18  7.89147e+01  1.53724e+05  2.56651e-18  0.00000e+00  0.00000e+00  5.59693e-06
0087  2.66721e+18  7.83156e+01  1.53229e+05  2.54958e-18  0.00000e+00  0.00000e+00  5.51991e-06
0088  2.68563e+18  7.77210e+01  1.52739e+05  2.53321e-18  0.00000e+00  0.00000e+00  5.44447e-06
0089  2.70404e+18  7.71306e+01  1.52254e+05  2.51738e-18  0.00000e+00  0.00000e+00  5.37056e-06
0090  2.72246e+18  7.65444e+01  1.51774e+05  2.50211e-18  0.00000e+00  0.00000e+00  5.29815e-06
0091  2.74088e+18  7.59622e+01  1.51298e+05  2.48739e-18  0.00000e+00  0.00000e+00  5.22720e-06
0092  2.75929e+18  7.53838e+01  1.50826e+05  2.47323e-18  0.00000e+00  0.00000e+00  5.15766e-06
0093  2.77771e+18  7.48090e+01  1.50359e+05  2.45964e-18  0.00000e+00  0.00000e+00  5.08950e-06
0094  2.79612e+18  7.42378e+01  1.49895e+05  2.44662e-18  0.00000e+00  0.00000e+00  5.02268e-06
0095  2.81454e+18  7.36699e+01  1.49436e+05  2.43431e-18  0.00000e+00  0.00000e+00  4.95717e-06
0096  2.83295e+18  7.31052e+01  1.48980e+05  2.42212e-18  0.00000e+00  0.00000e+00  4.89293e-06
0097  2.85137e+18  7.25434e+01  1.48527e+05  2.41095e-18  0.00000e+00  0.00000e+00  4.82993e-06
0098  2.86978e+18  7.19847e+01  1.48078e+05  2.40738e-18  0.00000e+00  0.00000e+00  4.76814e-06
0099  2.88820e+18  7.14307e+01  1.47634e+05  2.34490e-18  0.00000e+00  0.00000e+00  4.70753e-06
0100  2.90661e+18  7.08877e+01  1.47199e+05  2.28845e-18  0.00000e+00  0.00000e+00  4.64807e-06
0101  2.92503e+18  7.04048e+01  1.46445e+05  2.12832e-18  0.00000e+00  0.00000e+00  4.58973e-06
0102  2.94345e+18  6.99626e+01  1.45930e+05  2.34380e-18  0.00000e+00  0.00000e+00  4.53248e-06
0103  2.96186e+18  6.94858e+01  1.45375e+05  2.41777e-18  0.00000e+00  0.00000e+00  4.47629e-06
0104  2.98028e+18  6.90021e+01  1.44813e+05  2.38852e-18  0.00000e+00  0.00000e+00  4.42114e-06
0105  2.99869e+18  6.85267e+01  1.44259e+05  2.35761e-18  0.00000e+00  0.00000e+00  4.36701e-06
0106  3.01711e+18  6.80577e+01  1.43712e+05  2.33057e-18  0.00000e+00  0.00000e+00  4.31386e-06
0107  3.03552e+18  6.75940e+01  1.43170e+05  2.31147e-18  0.00000e+00  0.00000e+00  4.26168e-06
0108  3.05394e+18  6.71411e+01  1.42586e+05  2.31906e-18  0.00000e+00  0.00000e+00  4.21044e-06
0109  3.07235e+18  6.67011e+01  1.42016e+05  2.29394e-18  0.00000e+00  0.00000e+00  4.16011e-06
0110  3.09077e+18  6.62648e+01  1.41448e+05  2.28433e-18  0.00000e+00  0.00000e+00  4.11069e-06
0111  3.10918e+18  6.58302e+01  1.40883e+05  2.26972e-18  0.00000e+00  0.00000e+00  4.06214e-06
0112  3.12760e+18  6.53988e+01  1.40320e+05  2.25173e-18  0.00000e+00  0.00000e+00  4.01444e-06
0113  3.14602e+18  6.49711e+01  1.39761e+05  2.23368e-18  0.00000e+00  0.00000e+00  3.96758e-06
0114  3.16443e+18  6.45469e+01  1.39206e+05  2.21633e-18  0.00000e+00  0.00000e+00  3.92154e-06
0115  3.18285e+18  6.41260e+01  1.38655e+05  2.19943e-18  0.00000e+00  0.00000e+00  3.87629e-06
0116  3.20126e+18  6.37085e+01  1.38107e+05  2.18278e-18  0.00000e+00  0.00000e+00  3.83182e-06
0117  3.21968e+18  6.32942e+01  1.37562e+05  2.16638e-18  0.00000e+00  0.00000e+00  3.78811e-06
0118  3.23809e+18  6.28831e+01  1.37020e+05  2.15025e-18  0.00000e+00  0.00000e+00  3.74515e-06
0119  3.25651e+18  6.24751e+01  1.36482e+05  2.13438e-18  0.00000e+00  0.00000e+00  3.70291e-06
0120  3.27492e+18  6.20702e+01  1.35947e+05  2.11878e-18  0.00000e+00  0.00000e+00  3.66138e-06
0121  3.29334e+18  6.16683e+01  1.35415e+05  2.10343e-18  0.00000e+00  0.00000e+00  3.62055e-06
0122  3.31176e+18  6.12693e+01  1.34885e+05  2.08833e-18  0.00000e+00  0.00000e+00  3.58040e-06
0123  3.33017e+18  6.08732e+01  1.34359e+05  2.07349e-18  0.00000e+00  0.00000e+00  3.54091e-06
0124  3.34859e+18  6.04799e+01  1.33836e+05  2.05889e-18  0.00000e+00  0.00000e+00  3.50207e-06
0125  3.36700e+18  6.00895e+01  1.33315e+05  2.04456e-18  0.00000e+00  0.00000e+00  3.46386e-06
0126  3.38542e+18  5.97017e+01  1.32797e+05  2.03043e-18  0.00000e+00  0.00000e+00  3.42628e-06
0127  3.40383e+18  5.93166e+01  1.32282e+05  2.01584e-18  0.00000e+00  0.00000e+00  3.38931e-06
0128  3.42225e+18  5.89347e+01  1.31770e+05  1.99766e-18  0.00000e+00  0.00000e+00  3.35293e-06
0129  3.44066e+18  5.85570e+01  1.31247e+05  2.02024e-18  0.00000e+00  0.00000e+00  3.31713e-06
0130  3.45908e+18  5.81874e+01  1.30717e+05  1.97939e-18  0.00000e+00  0.00000e+00  3.28191e-06
0131  3.47749e+18  5.78228e+01  1.30193e+05  1.96915e-18  0.00000e+00  0.00000e+00  3.24724e-06
0132  3.49591e+18  5.74597e+01  1.29671e+05  1.95888e-18  0.00000e+00  0.00000e+00  3.21312e-06
0133  3.51433e+18  5.70984e+01  1.29150e+05  1.94579e-18  0.00000e+00  0.00000e+00  3.17953e-06
0134  3.53274e+18  5.67393e+01  1.28632e+05  1.93194e-18  0.00000e+00  0.00000e+00  3.14647e-06
0135  3.55116e+18  5.63828e+01  1.28117e+05  1.91843e-18  0.00000e+00  0.00000e+00  3.11392e-06
0136  3.56957e+18  5.60285e+01  1.27604e+05  1.90532e-18  0.00000e+00  0.00000e+00  3.08188e-06
0137  3.58799e+18  5.56765e+01  1.27094e+05  1.89246e-18  0.00000e+00  0.00000e+00  3.05032e-06
0138  3.60640e+18  5.53266e+01  1.26587e+05  1.87979e-18  0.00000e+00  0.00000e+00  3.01925e-06
0139  3.62482e+18  5.49790e+01  1.26081e+05  1.86733e-18  0.00000e+00  0.00000e+00  2.98865e-06
0140  3.64323e+18  5.46334e+01  1.25579e+05  1.85508e-18  0.00000e+00  0.00000e+00  2.95851e-06
0141  3.66165e+18  5.42899e+01  1.25078e+05  1.84304e-18  0.00000e+00  0.00000e+00  2.92883e-06
0142  3.68007e+18  5.39485e+01  1.24580e+05  1.83120e-18  0.00000e+00  0.00000e+00  2.89959e-06
0143  3.69848e+18  5.36090e+01  1.24085e+05  1.81962e-18  0.00000e+00  0.00000e+00  2.87079e-06
0144  3.71690e+18  5.32714e+01  1.23591e+05  1.80781e-18  0.00000e+00  0.00000e+00  2.84241e-06
0145  3.73531e+18  5.29357e+01  1.23099e+05  1.79311e-18  0.00000e+00  0.00000e+00  2.81445e-06
0146  3.75373e+18  5.26047e+01  1.22614e+05  1.75998e-18  0.00000e+00  0.00000e+00  2.78690e-06
0147  3.77214e+18  5.22832e+01  1.22003e+05  1.83824e-18  0.00000e+00  0.00000e+00  2.75976e-06
0148  3.79056e+18  5.19956e+01  1.21429e+05  1.74150e-18  0.00000e+00  0.00000e+00  2.73301e-06
0149  3.80897e+18  5.17175e+01  1.20872e+05  1.78872e-18  0.00000e+00  0.00000e+00  2.70665e-06
0150  3.82739e+18  5.14287e+01  1.20294e+05  1.78978e-18  0.00000e+00  0.00000e+00  2.68066e-06
0151  3.84581e+18  5.11394e+01  1.19716e+05  1.77039e-18  0.00000e+00  0.00000e+00  2.65505e-06
0152  3.86422e+18  5.08533e+01  1.19146e+05  1.75286e-18  0.00000e+00  0.00000e+00  2.62981e-06
0153  3.88264e+18  5.05697e+01  1.18580e+05  1.73821e-18  0.00000e+00  0.00000e+00  2.60492e-06
0154  3.90105e+18  5.02877e+01  1.18019e+05  1.72416e-18  0.00000e+00  0.00000e+00  2.58038e-06
0155  3.91947e+18  5.00074e+01  1.17460e+05  1.71009e-18  0.00000e+00  0.00000e+00  2.55619e-06
0156  3.93788e+18  4.97288e+01  1.16906e+05  1.69606e-18  0.00000e+00  0.00000e+00  2.53234e-06
0157  3.95630e+18  4.94519e+01  1.16356e+05  1.68282e-18  0.00000e+00  0.00000e+00  2.50882e-06
0158  3.97471e+18  4.91771e+01  1.15810e+05  1.66344e-18  0.00000e+00  0.00000e+00  2.48563e-06
0159  3.99313e+18  4.89055e+01  1.15271e+05  1.62167e-18  0.00000e+00  0.00000e+00  2.46275e-06
0160  4.01155e+18  4.86432e+01  1.14660e+05  1.59819e-18  0.00000e+00  0.00000e+00  2.44019e-06
0161  4.02996e+18  4.83894e+01  1.14104e+05  1.63626e-18  0.00000e+00  0.00000e+00  2.41794e-06
0162  4.04838e+18  4.81325e+01  1.13544e+05  1.63561e-18  0.00000e+00  0.00000e+00  2.39599e-06
0163  4.06679e+18  4.78746e+01  1.12985e+05  1.61772e-18  0.00000e+00  0.00000e+00  2.37434e-06
0164  4.08521e+18  4.76187e+01  1.12432e+05  1.60189e-18  0.00000e+00  0.00000e+00  2.35299e-06
0165  4.10362e+18  4.73644e+01  1.11884e+05  1.58786e-18  0.00000e+00  0.00000e+00  2.33191e-06
0166  4.12204e+18  4.71115e+01  1.11341e+05  1.57423e-18  0.00000e+00  0.00000e+00  2.31113e-06
0167  4.14045e+18  4.68597e+01  1.10803e+05  1.56069e-18  0.00000e+00  0.00000e+00  2.29061e-06
0168  4.15887e+18  4.66092e+01  1.10270e+05  1.54730e-18  0.00000e+00  0.00000e+00  2.27037e-06
0169  4.17728e+18  4.63600e+01  1.09741e+05  1.53411e-18  0.00000e+00  0.00000e+00  2.25040e-06
0170  4.19570e+18  4.61121e+01  1.09217e+05  1.52110e-18  0.00000e+00  0.00000e+00  2.23069e-06
0171  4.21412e+18  4.58654e+01  1.08697e+05  1.50829e-18  0.00000e+00  0.00000e+00  2.21123e-06
0172  4.23253e+18  4.56200e+01  1.08182e+05  1.49565e-18  0.00000e+00  0.00000e+00  2.19203e-06
0173  4.25095e+18  4.53757e+01  1.07671e+05  1.48320e-18  0.00000e+00  0.00000e+00  2.17308e-06
0174  4.26936e+18  4.51327e+01  1.07165e+05  1.47092e-18  0.00000e+00  0.00000e+00  2.15438e-06
0175  4.28778e+18  4.48909e+01  1.06663e+05  1.45881e-18  0.00000e+00  0.00000e+00  2.13591e-06
0176  4.30619e+18  4.46503e+01  1.06165e+05  1.44688e-18  0.00000e+00  0.00000e+00  2.11768e-06
0177  4.32461e+18  4.44109e+01  1.05671e+05  1.43511e-18  0.00000e+00  0.00000e+00  2.09968e-06
0178  4.34302e+18  4.41726e+01  1.05181e+05  1.42353e-18  0.00000e+00  0.00000e+00  2.08191e-06
0179  4.36144e+18  4.39356e+01  1.04695e+05  1.41156e-18  0.00000e+00  0.00000e+00  2.06437e-06
0180  4.37986e+18  4.37001e+01  1.04215e+05  1.39340e-18  0.00000e+00  0.00000e+00  2.04705e-06
0181  4.39827e+18  4.34674e+01  1.03721e+05  1.41654e-18  0.00000e+00  0.00000e+00  2.02994e-06
0182  4.41669e+18  4.32394e+01  1.03224e+05  1.38393e-18  0.00000e+00  0.00000e+00  2.01305e-06
0183  4.43510e+18  4.30143e+01  1.02735e+05  1.37795e-18  0.00000e+00  0.00000e+00  1.99637e-06
0184  4.45352e+18  4.27894e+01  1.02248e+05  1.36907e-18  0.00000e+00  0.00000e+00  1.97989e-06
0185  4.47193e+18  4.25650e+01  1.01765e+05  1.35774e-18  0.00000e+00  0.00000e+00  1.96362e-06
0186  4.49035e+18  4.23417e+01  1.01286e+05  1.34631e-18  0.00000e+00  0.00000e+00  1.94754e-06
0187  4.50876e+18  4.21196e+01  1.00812e+05  1.33523e-18  0.00000e+00  0.00000e+00  1.93167e-06
0188  4.52718e+18  4.18985e+01  1.00341e+05  1.32437e-18  0.00000e+00  0.00000e+00  1.91598e-06
0189  4.54560e+18  4.16785e+01  9.98754e+04  1.31365e-18  0.00000e+00  0.00000e+00  1.90049e-06
0190  4.56401e+18  4.14596e+01  9.94134e+04  1.30308e-18  0.00000e+00  0.00000e+00  1.88519e-06
0191  4.58243e+18  4.12416e+01  9.89554e+04  1.29265e-18  0.00000e+00  0.00000e+00  1.87006e-06
0192  4.60084e+18  4.10247e+01  9.85014e+04  1.28236e-18  0.00000e+00  0.00000e+00  1.85512e-06
0193  4.61926e+18  4.08089e+01  9.80514e+04  1.27204e-18  0.00000e+00  0.00000e+00  1.84036e-06
0194  4.63767e+18  4.05942e+01  9.76056e+04  1.25920e-18  0.00000e+00  0.00000e+00  1.82577e-06
0195  4.65609e+18  4.03811e+01  9.71567e+04  1.25633e-18  0.00000e+00  0.00000e+00  1.81136e-06
0196  4.67450e+18  4.01699e+01  9.67124e+04  1.24445e-18  0.00000e+00  0.00000e+00  1.79712e-06
0197  4.69292e+18  3.99599e+01  9.62726e+04  1.23596e-18  0.00000e+00  0.00000e+00  1.78304e-06
0198  4.71134e+18  3.97506e+01  9.58362e+04  1.22658e-18  0.00000e+00  0.00000e+00  1.76913e-06
0199  4.72975e+18  3.95421e+01  9.54037e+04  1.21689e-18  0.00000e+00  0.00000e+00  1.75538e-06
0200  4.74817e+18  3.93346e+01  9.49751e+04  1.20732e-18  0.00000e+00  0.00000e+00  1.74179e-06
0201  4.76658e+18  3.91280e+01  9.45505e+04  1.19793e-18  0.00000e+00  0.00000e+00  1.72836e-06
0202  4.78500e+18  3.89224e+01  9.41297e+04  1.18868e-18  0.00000e+00  0.00000e+00  1.71508e-06
0203  4.80341e+18  3.87177e+01  9.37127e+04  1.17956e-18  0.00000e+00  0.00000e+00  1.70195e-06
0204  4.82183e+18  3.85140e+01  9.32994e+04  1.17057e-18  0.00000e+00  0.00000e+00  1.68898e-06
0205  4.84024e+18  3.83112e+01  9.28898e+04  1.16170e-18  0.00000e+00  0.00000e+00  1.67615e-06
0206  4.85866e+18  3.81092e+01  9.24838e+04  1.15296e-18  0.00000e+00  0.00000e+00  1.66347e-06
0207  4.87708e+18  3.79082e+01  9.20814e+04  1.14434e-18  0.00000e+00  0.00000e+00  1.65093e-06
0208  4.89549e+18  3.77082e+01  9.16826e+04  1.13584e-18  0.00000e+00  0.00000e+00  1.63853e-06
0209  4.91391e+18  3.75090e+01  9.12873e+04  1.12746e-18  0.00000e+00  0.00000e+00  1.62627e-06
0210  4.93232e+18  3.73107e+01  9.08954e+04  1.11920e-18  0.00000e+00  0.00000e+00  1.61415e-06
0211  4.95074e+18  3.71133e+01  9.05070e+04  1.11105e-18  0.00000e+00  0.00000e+00  1.60217e-06
0212  4.96915e+18  3.69168e+01  9.01219e+04  1.10302e-18  0.00000e+00  0.00000e+00  1.59031e-06
0213  4.98757e+18  3.67212e+01  8.97401e+04  1.09506e-18  0.00000e+00  0.00000e+00  1.57859e-06
0214  5.00598e+18  3.65265e+01  8.93618e+04  1.08629e-18  0.00000e+00  0.00000e+00  1.56700e-06
0215  5.02440e+18  3.63338e+01  8.89893e+04  1.04968e-18  0.00000e+00  0.00000e+00  1.55553e-06
0216  5.04282e+18  3.61466e+01  8.85339e+04  1.04677e-18  0.00000e+00  0.00000e+00  1.54419e-06
0217  5.06123e+18  3.59681e+01  8.81314e+04  1.07086e-18  0.00000e+00  0.00000e+00  1.53298e-06
0218  5.07965e+18  3.57904e+01  8.77328e+04  1.08452e-18  0.00000e+00  0.00000e+00  1.52188e-06
0219  5.09806e+18  3.56086e+01  8.73278e+04  1.07589e-18  0.00000e+00  0.00000e+00  1.51091e-06
0220  5.11648e+18  3.54273e+01  8.69263e+04  1.06457e-18  0.00000e+00  0.00000e+00  1.50005e-06
0221  5.13489e+18  3.52476e+01  8.65306e+04  1.05559e-18  0.00000e+00  0.00000e+00  1.48931e-06
0222  5.15331e+18  3.50690e+01  8.61392e+04  1.04746e-18  0.00000e+00  0.00000e+00  1.47868e-06
0223  5.17172e+18  3.48911e+01  8.57514e+04  1.03941e-18  0.00000e+00  0.00000e+00  1.46817e-06
0224  5.19014e+18  3.47139e+01  8.53673e+04  1.03137e-18  0.00000e+00  0.00000e+00  1.45777e-06
0225  5.20856e+18  3.45376e+01  8.49869e+04  1.02342e-18  0.00000e+00  0.00000e+00  1.44748e-06
0226  5.22697e+18  3.43620e+01  8.46102e+04  1.01558e-18  0.00000e+00  0.00000e+00  1.43730e-06
0227  5.24539e+18  3.41872e+01  8.42371e+04  1.00789e-18  0.00000e+00  0.00000e+00  1.42723e-06
0228  5.26380e+18  3.40131e+01  8.38674e+04  1.00098e-18  0.00000e+00  0.00000e+00  1.41726e-06
0229  5.28222e+18  3.38391e+01  8.34993e+04  1.02068e-18  0.00000e+00  0.00000e+00  1.40739e-06
0230  5.30063e+18  3.36633e+01  8.32130e+04  1.12675e-18  0.00000e+00  0.00000e+00  1.39763e-06
0231  5.31905e+18  3.34862e+01  8.28206e+04  9.87444e-19  0.00000e+00  0.00000e+00  1.38797e-06
0232  5.33746e+18  3.33159e+01  8.24436e+04  9.69426e-19  0.00000e+00  0.00000e+00  1.37841e-06
0233  5.35588e+18  3.31514e+01  8.20817e+04  9.69679e-19  0.00000e+00  0.00000e+00  1.36894e-06
0234  5.37430e+18  3.29860e+01  8.17205e+04  9.66557e-19  0.00000e+00  0.00000e+00  1.35958e-06
0235  5.39271e+18  3.28198e+01  8.13602e+04  9.59146e-19  0.00000e+00  0.00000e+00  1.35031e-06
0236  5.41113e+18  3.26543e+01  8.10038e+04  9.51153e-19  0.00000e+00  0.00000e+00  1.34113e-06
0237  5.42954e+18  3.24897e+01  8.06517e+04  9.43595e-19  0.00000e+00  0.00000e+00  1.33205e-06
0238  5.44796e+18  3.23258e+01  8.03036e+04  9.36328e-19  0.00000e+00  0.00000e+00  1.32306e-06
0239  5.46637e+18  3.21626e+01  7.99593e+04  9.29186e-19  0.00000e+00  0.00000e+00  1.31416e-06
0240  5.48479e+18  3.20000e+01  7.96186e+04  9.22130e-19  0.00000e+00  0.00000e+00  1.30535e-06
0241  5.50320e+18  3.18381e+01  7.92815e+04  9.15168e-19  0.00000e+00  0.00000e+00  1.29663e-06
0242  5.52162e+18  3.16769e+01  7.89481e+04  9.08310e-19  0.00000e+00  0.00000e+00  1.28800e-06
0243  5.54004e+18  3.15163e+01  7.86182e+04  9.01556e-19  0.00000e+00  0.00000e+00  1.27945e-06
0244  5.55845e+18  3.13564e+01  7.82918e+04  8.94902e-19  0.00000e+00  0.00000e+00  1.27098e-06
0245  5.57687e+18  3.11971e+01  7.79689e+04  8.88346e-19  0.00000e+00  0.00000e+00  1.26260e-06
0246  5.59528e+18  3.10386e+01  7.76494e+04  8.81887e-19  0.00000e+00  0.00000e+00  1.25431e-06
0247  5.61370e+18  3.08806e+01  7.73332e+04  8.75524e-19  0.00000e+00  0.00000e+00  1.24609e-06
0248  5.63211e+18  3.07234e+01  7.70203e+04  8.69255e-19  0.00000e+00  0.00000e+00  1.23795e-06
0249  5.65053e+18  3.05668e+01  7.67106e+04  8.63078e-19  0.00000e+00  0.00000e+00  1.22990e-06
0250  5.66894e+18  3.04108e+01  7.64042e+04  8.56991e-19  0.00000e+00  0.00000e+00  1.22192e-06
0251  5.68736e+18  3.02556e+01  7.61010e+04  8.50966e-19  0.00000e+00  0.00000e+00  1.21402e-06
0252  5.70578e+18  3.01010e+01  7.58009e+04  8.43687e-19  0.00000e+00  0.00000e+00  1.20620e-06
0253  5.72419e+18  2.99474e+01  7.55013e+04  8.58605e-19  0.00000e+00  0.00000e+00  1.19845e-06
0254  5.74261e+18  2.97953e+01  7.51948e+04  8.37750e-19  0.00000e+00  0.00000e+00  1.19077e-06
0255  5.76102e+18  2.96449e+01  7.48931e+04  8.33456e-19  0.00000e+00  0.00000e+00  1.18317e-06
0256  5.77944e+18  2.94952e+01  7.45946e+04  8.28781e-19  0.00000e+00  0.00000e+00  1.17565e-06
0257  5.79785e+18  2.93458e+01  7.42985e+04  8.23360e-19  0.00000e+00  0.00000e+00  1.16819e-06
0258  5.81627e+18  2.91970e+01  7.40053e+04  8.17650e-19  0.00000e+00  0.00000e+00  1.16080e-06
0259  5.83468e+18  2.90488e+01  7.37150e+04  8.11998e-19  0.00000e+00  0.00000e+00  1.15349e-06
0260  5.85310e+18  2.89014e+01  7.34278e+04  8.06473e-19  0.00000e+00  0.00000e+00  1.14624e-06
0261  5.87152e+18  2.87545e+01  7.31434e+04  8.01046e-19  0.00000e+00  0.00000e+00  1.13906e-06
0262  5.88993e+18  2.86084e+01  7.28619e+04  7.95697e-19  0.00000e+00  0.00000e+00  1.13195e-06
0263  5.90835e+18  2.84628e+01  7.25831e+04  7.90419e-19  0.00000e+00  0.00000e+00  1.12490e-06
0264  5.92676e+18  2.83179e+01  7.23072e+04  7.85211e-19  0.00000e+00  0.00000e+00  1.11792e-06
0265  5.94518e+18  2.81737e+01  7.20339e+04  7.80009e-19  0.00000e+00  0.00000e+00  1.11101e-06
0266  5.96359e+18  2.80301e+01  7.17636e+04  7.73038e-19  0.00000e+00  0.00000e+00  1.10416e-06
0267  5.98201e+18  2.78875e+01  7.14909e+04  7.72733e-19  0.00000e+00  0.00000e+00  1.09737e-06
0268  6.00043e+18  2.77459e+01  7.12209e+04  7.67142e-19  0.00000e+00  0.00000e+00  1.09065e-06
0269  6.01884e+18  2.76051e+01  7.09541e+04  7.62675e-19  0.00000e+00  0.00000e+00  1.08398e-06
0270  6.03726e+18  2.74648e+01  7.06899e+04  7.57925e-19  0.00000e+00  0.00000e+00  1.07738e-06
0271  6.05567e+18  2.73250e+01  7.04283e+04  7.53020e-19  0.00000e+00  0.00000e+00  1.07084e-06
0272  6.07409e+18  2.71858e+01  7.01693e+04  7.48134e-19  0.00000e+00  0.00000e+00  1.06435e-06
0273  6.09250e+18  2.70472e+01  6.99131e+04  7.43334e-19  0.00000e+00  0.00000e+00  1.05793e-06
0274  6.11092e+18  2.69092e+01  6.96595e+04  7.38618e-19  0.00000e+00  0.00000e+00  1.05156e-06
0275  6.12933e+18  2.67718e+01  6.94085e+04  7.33977e-19  0.00000e+00  0.00000e+00  1.04525e-06
0276  6.14775e+18  2.66350e+01  6.91601e+04  7.29402e-19  0.00000e+00  0.00000e+00  1.03900e-06
0277  6.16617e+18  2.64988e+01  6.89142e+04  7.24894e-19  0.00000e+00  0.00000e+00  1.03280e-06
0278  6.18458e+18  2.63631e+01  6.86707e+04  7.20452e-19  0.00000e+00  0.00000e+00  1.02666e-06
0279  6.20300e+18  2.62281e+01  6.84297e+04  7.16075e-19  0.00000e+00  0.00000e+00  1.02057e-06
0280  6.22141e+18  2.60936e+01  6.81912e+04  7.11764e-19  0.00000e+00  0.00000e+00  1.01454e-06
0281  6.23983e+18  2.59597e+01  6.79550e+04  7.07515e-19  0.00000e+00  0.00000e+00  1.00856e-06
0282  6.25824e+18  2.58264e+01  6.77211e+04  7.03329e-19  0.00000e+00  0.00000e+00  1.00263e-06
0283  6.27666e+18  2.56937e+01  6.74896e+04  6.99205e-19  0.00000e+00  0.00000e+00  9.96760e-07
0284  6.29507e+18  2.55615e+01  6.72603e+04  6.95142e-19  0.00000e+00  0.00000e+00  9.90937e-07
0285  6.31349e+18  2.54299e+01  6.70333e+04  6.91138e-19  0.00000e+00  0.00000e+00  9.85164e-07
0286  6.33191e+18  2.52989e+01  6.68085e+04  6.87194e-19  0.00000e+00  0.00000e+00  9.79442e-07
0287  6.35032e+18  2.51684e+01  6.65858e+04  6.83308e-19  0.00000e+00  0.00000e+00  9.73770e-07
0288  6.36874e+18  2.50385e+01  6.63653e+04  6.79479e-19  0.00000e+00  0.00000e+00  9.68146e-07
0289  6.38715e+18  2.49092e+01  6.61469e+04  6.75707e-19  0.00000e+00  0.00000e+00  9.62572e-07
0290  6.40557e+18  2.47804e+01  6.59306e+04  6.71990e-19  0.00000e+00  0.00000e+00  9.57045e-07
0291  6.42398e+18  2.46522e+01  6.57164e+04  6.68329e-19  0.00000e+00  0.00000e+00  9.51566e-07
0292  6.44240e+18  2.45245e+01  6.55041e+04  6.64722e-19  0.00000e+00  0.00000e+00  9.46133e-07
0293  6.46081e+18  2.43973e+01  6.52939e+04  6.61166e-19  0.00000e+00  0.00000e+00  9.40747e-07
0294  6.47923e+18  2.42707e+01  6.50857e+04  6.57642e-19  0.00000e+00  0.00000e+00  9.35407e-07
0295  6.49765e+18  2.41448e+01  6.48794e+04  6.53971e-19  0.00000e+00  0.00000e+00  9.30113e-07
0296  6.51606e+18  2.40197e+01  6.46762e+04  6.26870e-19  0.00000e+00  0.00000e+00  9.24863e-07
0297  6.53448e+18  2.38974e+01  6.43949e+04  5.89263e-19  0.00000e+00  0.00000e+00  9.19657e-07
0298  6.55289e+18  2.37800e+01  6.41707e+04  6.53844e-19  0.00000e+00  0.00000e+00  9.14495e-07
0299  6.57131e+18  2.36646e+01  6.39523e+04  6.55904e-19  0.00000e+00  0.00000e+00  9.09377e-07
0300  6.58972e+18  2.35458e+01  6.37286e+04  6.55835e-19  0.00000e+00  0.00000e+00  9.04301e-07
0301  6.60814e+18  2.34259e+01  6.35039e+04  6.51837e-19  0.00000e+00  0.00000e+00  8.99268e-07
0302  6.62655e+18  2.33062e+01  6.32801e+04  6.71356e-19  0.00000e+00  0.00000e+00  8.94277e-07
0303  6.64497e+18  2.31857e+01  6.31152e+04  7.69778e-19  0.00000e+00  0.00000e+00  8.89327e-07
0304  6.66339e+18  2.30667e+01  6.28725e+04  6.25576e-19  0.00000e+00  0.00000e+00  8.84418e-07
0305  6.68180e+18  2.29531e+01  6.26401e+04  6.39284e-19  0.00000e+00  0.00000e+00  8.79550e-07
0306  6.70022e+18  2.28419e+01  6.24138e+04  6.40711e-19  0.00000e+00  0.00000e+00  8.74722e-07
0307  6.71863e+18  2.27297e+01  6.21871e+04  6.38628e-19  0.00000e+00  0.00000e+00  8.69933e-07
0308  6.73705e+18  2.26172e+01  6.19611e+04  6.34766e-19  0.00000e+00  0.00000e+00  8.65184e-07
0309  6.75546e+18  2.25051e+01  6.17374e+04  6.30545e-19  0.00000e+00  0.00000e+00  8.60473e-07
0310  6.77388e+18  2.23938e+01  6.15164e+04  6.26527e-19  0.00000e+00  0.00000e+00  8.55801e-07
0311  6.79229e+18  2.22831e+01  6.12979e+04  6.22709e-19  0.00000e+00  0.00000e+00  8.51167e-07
0312  6.81071e+18  2.21729e+01  6.10817e+04  6.18983e-19  0.00000e+00  0.00000e+00  8.46570e-07
0313  6.82913e+18  2.20631e+01  6.08676e+04  6.15297e-19  0.00000e+00  0.00000e+00  8.42010e-07
0314  6.84754e+18  2.19539e+01  6.06557e+04  6.11645e-19  0.00000e+00  0.00000e+00  8.37487e-07
0315  6.86596e+18  2.18452e+01  6.04461e+04  6.08040e-19  0.00000e+00  0.00000e+00  8.33001e-07
0316  6.88437e+18  2.17370e+01  6.02386e+04  6.04484e-19  0.00000e+00  0.00000e+00  8.28550e-07
0317  6.90279e+18  2.16292e+01  6.00332e+04  6.00978e-19  0.00000e+00  0.00000e+00  8.24135e-07
0318  6.92120e+18  2.15221e+01  5.98299e+04  5.97519e-19  0.00000e+00  0.00000e+00  8.19755e-07
0319  6.93962e+18  2.14154e+01  5.96286e+04  5.94106e-19  0.00000e+00  0.00000e+00  8.15410e-07
0320  6.95803e+18  2.13092e+01  5.94294e+04  5.90739e-19  0.00000e+00  0.00000e+00  8.11100e-07
0321  6.97645e+18  2.12035e+01  5.92322e+04  5.87417e-19  0.00000e+00  0.00000e+00  8.06824e-07
0322  6.99487e+18  2.10983e+01  5.90370e+04  5.84139e-19  0.00000e+00  0.00000e+00  8.02581e-07
0323  7.01328e+18  2.09936e+01  5.88437e+04  5.80905e-19  0.00000e+00  0.00000e+00  7.98371e-07
0324  7.03170e+18  2.08894e+01  5.86523e+04  5.77714e-19  0.00000e+00  0.00000e+00  7.94195e-07
0325  7.05011e+18  2.07858e+01  5.84629e+04  5.74565e-19  0.00000e+00  0.00000e+00  7.90052e-07
0326  7.06853e+18  2.06826e+01  5.82753e+04  5.71457e-19  0.00000e+00  0.00000e+00  7.85940e-07
0327  7.08694e+18  2.05799e+01  5.80896e+04  5.68391e-19  0.00000e+00  0.00000e+00  7.81861e-07
0328  7.10536e+18  2.04777e+01  5.79057e+04  5.65365e-19  0.00000e+00  0.00000e+00  7.77813e-07
0329  7.12378e+18  2.03760e+01  5.77236e+04  5.62379e-19  0.00000e+00  0.00000e+00  7.73797e-07
0330  7.14219e+18  2.02747e+01  5.75433e+04  5.59431e-19  0.00000e+00  0.00000e+00  7.69812e-07
0331  7.16061e+18  2.01740e+01  5.73647e+04  5.56523e-19  0.00000e+00  0.00000e+00  7.65858e-07
0332  7.17902e+18  2.00737e+01  5.71878e+04  5.53652e-19  0.00000e+00  0.00000e+00  7.61933e-07
0333  7.19744e+18  1.99740e+01  5.70127e+04  5.50818e-19  0.00000e+00  0.00000e+00  7.58039e-07
0334  7.21585e+18  1.98747e+01  5.68392e+04  5.48022e-19  0.00000e+00  0.00000e+00  7.54175e-07
0335  7.23427e+18  1.97759e+01  5.66674e+04  5.45261e-19  0.00000e+00  0.00000e+00  7.50340e-07
0336  7.25268e+18  1.96776e+01  5.64972e+04  5.42537e-19  0.00000e+00  0.00000e+00  7.46535e-07
0337  7.27110e+18  1.95797e+01  5.63287e+04  5.39845e-19  0.00000e+00  0.00000e+00  7.42758e-07
0338  7.28952e+18  1.94824e+01  5.61617e+04  5.37166e-19  0.00000e+00  0.00000e+00  7.39010e-07
0339  7.30793e+18  1.93855e+01  5.59964e+04  5.32982e-19  0.00000e+00  0.00000e+00  7.35290e-07
0340  7.32635e+18  1.92893e+01  5.58291e+04  5.38284e-19  0.00000e+00  0.00000e+00  7.31598e-07
0341  7.34476e+18  1.91939e+01  5.56608e+04  5.31576e-19  0.00000e+00  0.00000e+00  7.27934e-07
0342  7.36318e+18  1.90992e+01  5.54946e+04  5.29797e-19  0.00000e+00  0.00000e+00  7.24298e-07
0343  7.38159e+18  1.90051e+01  5.53300e+04  5.27479e-19  0.00000e+00  0.00000e+00  7.20688e-07
0344  7.40001e+18  1.89112e+01  5.51668e+04  5.25007e-19  0.00000e+00  0.00000e+00  7.17106e-07
0345  7.41842e+18  1.88179e+01  5.50053e+04  5.21054e-19  0.00000e+00  0.00000e+00  7.13550e-07
0346  7.43684e+18  1.87252e+01  5.48423e+04  5.31341e-19  0.00000e+00  0.00000e+00  7.10020e-07
0347  7.45526e+18  1.86334e+01  5.46755e+04  5.19930e-19  0.00000e+00  0.00000e+00  7.06517e-07
0348  7.47367e+18  1.85425e+01  5.45109e+04  5.18650e-19  0.00000e+00  0.00000e+00  7.03039e-07
0349  7.49209e+18  1.84519e+01  5.43477e+04  5.16435e-19  0.00000e+00  0.00000e+00  6.99587e-07
0350  7.51050e+18  1.83616e+01  5.41858e+04  5.14365e-19  0.00000e+00  0.00000e+00  6.96161e-07
0351  7.52892e+18  1.82718e+01  5.40256e+04  5.11904e-19  0.00000e+00  0.00000e+00  6.92759e-07
0352  7.54733e+18  1.81826e+01  5.38671e+04  5.09334e-19  0.00000e+00  0.00000e+00  6.89383e-07
0353  7.56575e+18  1.80939e+01  5.37101e+04  5.06801e-19  0.00000e+00  0.00000e+00  6.86031e-07
0354  7.58416e+18  1.80056e+01  5.35545e+04  5.04308e-19  0.00000e+00  0.00000e+00  6.82703e-07
0355  7.60258e+18  1.79178e+01  5.34004e+04  5.01865e-19  0.00000e+00  0.00000e+00  6.79400e-07
0356  7.62100e+18  1.78303e+01  5.32477e+04  4.99472e-19  0.00000e+00  0.00000e+00  6.76121e-07
0357  7.63941e+18  1.77433e+01  5.30964e+04  4.97120e-19  0.00000e+00  0.00000e+00  6.72865e-07
0358  7.65783e+18  1.76567e+01  5.29465e+04  4.94800e-19  0.00000e+00  0.00000e+00  6.69632e-07
0359  7.67624e+18  1.75706e+01  5.27981e+04  4.92506e-19  0.00000e+00  0.00000e+00  6.66423e-07
0360  7.69466e+18  1.74850e+01  5.26510e+04  4.90237e-19  0.00000e+00  0.00000e+00  6.63237e-07
0361  7.71307e+18  1.73998e+01  5.25053e+04  4.87993e-19  0.00000e+00  0.00000e+00  6.60074e-07
0362  7.73149e+18  1.73150e+01  5.23609e+04  4.85772e-19  0.00000e+00  0.00000e+00  6.56933e-07
0363  7.74990e+18  1.72306e+01  5.22179e+04  4.83575e-19  0.00000e+00  0.00000e+00  6.53815e-07
0364  7.76832e+18  1.71467e+01  5.20761e+04  4.81403e-19  0.00000e+00  0.00000e+00  6.50719e-07
0365  7.78674e+18  1.70632e+01  5.19357e+04  4.79260e-19  0.00000e+00  0.00000e+00  6.47644e-07
0366  7.80515e+18  1.69801e+01  5.17964e+04  4.77151e-19  0.00000e+00  0.00000e+00  6.44592e-07
0367  7.82357e+18  1.68975e+01  5.16585e+04  4.75074e-19  0.00000e+00  0.00000e+00  6.41561e-07
0368  7.84198e+18  1.68153e+01  5.15217e+04  4.73024e-19  0.00000e+00  0.00000e+00  6.38551e-07
0369  7.86040e+18  1.67335e+01  5.13863e+04  4.70991e-19  0.00000e+00  0.00000e+00  6.35563e-07
0370  7.87881e+18  1.66522e+01  5.12521e+04  4.68966e-19  0.00000e+00  0.00000e+00  6.32595e-07
0371  7.89723e+18  1.65712e+01  5.11191e+04  4.66950e-19  0.00000e+00  0.00000e+00  6.29648e-07
0372  7.91564e+18  1.64907e+01  5.09872e+04  4.64944e-19  0.00000e+00  0.00000e+00  6.26722e-07
0373  7.93406e+18  1.64107e+01  5.08565e+04  4.62935e-19  0.00000e+00  0.00000e+00  6.23816e-07
0374  7.95248e+18  1.63310e+01  5.07271e+04  4.59196e-19  0.00000e+00  0.00000e+00  6.20930e-07
0375  7.97089e+18  1.62519e+01  5.05949e+04  4.63437e-19  0.00000e+00  0.00000e+00  6.18064e-07
0376  7.98931e+18  1.61735e+01  5.04622e+04  4.59687e-19  0.00000e+00  0.00000e+00  6.15218e-07
0377  8.00772e+18  1.60955e+01  5.03305e+04  4.66909e-19  0.00000e+00  0.00000e+00  6.12392e-07
0378  8.02614e+18  1.60176e+01  5.02177e+04  5.25762e-19  0.00000e+00  0.00000e+00  6.09585e-07
0379  8.04455e+18  1.59406e+01  5.00694e+04  4.50792e-19  0.00000e+00  0.00000e+00  6.06797e-07
0380  8.06297e+18  1.58659e+01  4.99251e+04  4.59210e-19  0.00000e+00  0.00000e+00  6.04029e-07
0381  8.08139e+18  1.57921e+01  4.97836e+04  4.59063e-19  0.00000e+00  0.00000e+00  6.01279e-07
0382  8.09980e+18  1.57184e+01  4.96430e+04  4.57742e-19  0.00000e+00  0.00000e+00  5.98548e-07
0383  8.11822e+18  1.56447e+01  4.95031e+04  4.55659e-19  0.00000e+00  0.00000e+00  5.95835e-07
0384  8.13663e+18  1.55713e+01  4.93645e+04  4.53346e-19  0.00000e+00  0.00000e+00  5.93141e-07
0385  8.15505e+18  1.54983e+01  4.92275e+04  4.51031e-19  0.00000e+00  0.00000e+00  5.90466e-07
0386  8.17346e+18  1.54258e+01  4.90920e+04  4.48805e-19  0.00000e+00  0.00000e+00  5.87808e-07
0387  8.19188e+18  1.53538e+01  4.89579e+04  4.46653e-19  0.00000e+00  0.00000e+00  5.85168e-07
0388  8.21029e+18  1.52821e+01  4.88253e+04  4.44537e-19  0.00000e+00  0.00000e+00  5.82546e-07
0389  8.22871e+18  1.52108e+01  4.86939e+04  4.42440e-19  0.00000e+00  0.00000e+00  5.79941e-07
0390  8.24713e+18  1.51398e+01  4.85639e+04  4.40359e-19  0.00000e+00  0.00000e+00  5.77354e-07
0391  8.26554e+18  1.50693e+01  4.84353e+04  4.38300e-19  0.00000e+00  0.00000e+00  5.74784e-07
0392  8.28396e+18  1.49991e+01  4.83079e+04  4.36265e-19  0.00000e+00  0.00000e+00  5.72232e-07
0393  8.30237e+18  1.49294e+01  4.81819e+04  4.34254e-19  0.00000e+00  0.00000e+00  5.69696e-07
0394  8.32079e+18  1.48600e+01  4.80571e+04  4.32265e-19  0.00000e+00  0.00000e+00  5.67177e-07
0395  8.33920e+18  1.47910e+01  4.79336e+04  4.30299e-19  0.00000e+00  0.00000e+00  5.64675e-07
0396  8.35762e+18  1.47224e+01  4.78113e+04  4.28354e-19  0.00000e+00  0.00000e+00  5.62189e-07
0397  8.37603e+18  1.46542e+01  4.76903e+04  4.26431e-19  0.00000e+00  0.00000e+00  5.59720e-07
0398  8.39445e+18  1.45863e+01  4.75705e+04  4.24531e-19  0.00000e+00  0.00000e+00  5.57267e-07
0399  8.41287e+18  1.45188e+01  4.74518e+04  4.22653e-19  0.00000e+00  0.00000e+00  5.54830e-07
0400  8.43128e+18  1.44517e+01  4.73344e+04  4.20797e-19  0.00000e+00  0.00000e+00  5.52409e-07
0401  8.44970e+18  1.43850e+01  4.72181e+04  4.18964e-19  0.00000e+00  0.00000e+00  5.50003e-07
0402  8.46811e+18  1.43187e+01  4.71030e+04  4.17154e-19  0.00000e+00  0.00000e+00  5.47614e-07
0403  8.48653e+18  1.42527e+01  4.69889e+04  4.15369e-19  0.00000e+00  0.00000e+00  5.45240e-07
0404  8.50494e+18  1.41871e+01  4.68760e+04  4.13607e-19  0.00000e+00  0.00000e+00  5.42881e-07
0405  8.52336e+18  1.41218e+01  4.67642e+04  4.11868e-19  0.00000e+00  0.00000e+00  5.40538e-07
0406  8.54177e+18  1.40569e+01  4.66535e+04  4.10150e-19  0.00000e+00  0.00000e+00  5.38209e-07
0407  8.56019e+18  1.39924e+01  4.65438e+04  4.08450e-19  0.00000e+00  0.00000e+00  5.35896e-07
0408  8.57861e+18  1.39281e+01  4.64351e+04  4.06766e-19  0.00000e+00  0.00000e+00  5.33598e-07
0409  8.59702e+18  1.38643e+01  4.63275e+04  4.05095e-19  0.00000e+00  0.00000e+00  5.31314e-07
0410  8.61544e+18  1.38008e+01  4.62208e+04  4.03436e-19  0.00000e+00  0.00000e+00  5.29045e-07
0411  8.63385e+18  1.37376e+01  4.61152e+04  4.01788e-19  0.00000e+00  0.00000e+00  5.26791e-07
0412  8.65227e+18  1.36748e+01  4.60106e+04  4.00152e-19  0.00000e+00  0.00000e+00  5.24551e-07
0413  8.67068e+18  1.36123e+01  4.59070e+04  3.98529e-19  0.00000e+00  0.00000e+00  5.22325e-07
0414  8.68910e+18  1.35502e+01  4.58044e+04  3.96919e-19  0.00000e+00  0.00000e+00  5.20113e-07
0415  8.70751e+18  1.34885e+01  4.57028e+04  3.95317e-19  0.00000e+00  0.00000e+00  5.17916e-07
0416  8.72593e+18  1.34272e+01  4.56022e+04  3.93675e-19  0.00000e+00  0.00000e+00  5.15732e-07
0417  8.74435e+18  1.33663e+01  4.55027e+04  3.88293e-19  0.00000e+00  0.00000e+00  5.13562e-07
0418  8.76276e+18  1.33060e+01  4.53962e+04  3.95120e-19  0.00000e+00  0.00000e+00  5.11406e-07
0419  8.78118e+18  1.32465e+01  4.52893e+04  3.93138e-19  0.00000e+00  0.00000e+00  5.09263e-07
0420  8.79959e+18  1.31877e+01  4.51839e+04  3.92334e-19  0.00000e+00  0.00000e+00  5.07134e-07
0421  8.81801e+18  1.31291e+01  4.50793e+04  3.91061e-19  0.00000e+00  0.00000e+00  5.05018e-07
0422  8.83642e+18  1.30709e+01  4.49754e+04  3.89615e-19  0.00000e+00  0.00000e+00  5.02915e-07
0423  8.85484e+18  1.30129e+01  4.48722e+04  3.88060e-19  0.00000e+00  0.00000e+00  5.00825e-07
0424  8.87326e+18  1.29553e+01  4.47700e+04  3.86481e-19  0.00000e+00  0.00000e+00  4.98749e-07
0425  8.89167e+18  1.28981e+01  4.46687e+04  3.84926e-19  0.00000e+00  0.00000e+00  4.96685e-07
0426  8.91009e+18  1.28412e+01  4.45682e+04  3.83404e-19  0.00000e+00  0.00000e+00  4.94634e-07
0427  8.92850e+18  1.27847e+01  4.44686e+04  3.81906e-19  0.00000e+00  0.00000e+00  4.92595e-07
0428  8.94692e+18  1.27286e+01  4.43698e+04  3.80424e-19  0.00000e+00  0.00000e+00  4.90570e-07
0429  8.96533e+18  1.26727e+01  4.42718e+04  3.78956e-19  0.00000e+00  0.00000e+00  4.88556e-07
0430  8.98375e+18  1.26172e+01  4.41746e+04  3.77501e-19  0.00000e+00  0.00000e+00  4.86555e-07
0431  9.00216e+18  1.25621e+01  4.40781e+04  3.76054e-19  0.00000e+00  0.00000e+00  4.84567e-07
0432  9.02058e+18  1.25073e+01  4.39825e+04  3.74612e-19  0.00000e+00  0.00000e+00  4.82590e-07
0433  9.03900e+18  1.24528e+01  4.38877e+04  3.73169e-19  0.00000e+00  0.00000e+00  4.80626e-07
0434  9.05741e+18  1.23986e+01  4.37936e+04  3.71723e-19  0.00000e+00  0.00000e+00  4.78674e-07
0435  9.07583e+18  1.23448e+01  4.37003e+04  3.70274e-19  0.00000e+00  0.00000e+00  4.76733e-07
0436  9.09424e+18  1.22913e+01  4.36077e+04  3.68823e-19  0.00000e+00  0.00000e+00  4.74804e-07
0437  9.11266e+18  1.22382e+01  4.35160e+04  3.67383e-19  0.00000e+00  0.00000e+00  4.72887e-07
0438  9.13107e+18  1.21854e+01  4.34250e+04  3.65995e-19  0.00000e+00  0.00000e+00  4.70982e-07
0439  9.14949e+18  1.21329e+01  4.33347e+04  3.64898e-19  0.00000e+00  0.00000e+00  4.69088e-07
0440  9.16790e+18  1.20804e+01  4.32443e+04  3.99972e-19  0.00000e+00  0.00000e+00  4.67205e-07
0441  9.18632e+18  1.20268e+01  4.32001e+04 -5.17058e-18  0.00000e+00  0.00000e+00  4.65334e-07
0442  9.20474e+18  1.19708e+01  4.32000e+04  5.09855e-18  0.00000e+00  0.00000e+00  4.63474e-07
0443  9.22315e+18  1.19137e+01  4.31373e+04  4.26318e-19  0.00000e+00  0.00000e+00  4.61625e-07
0444  9.24157e+18  1.18604e+01  4.30344e+04  3.36717e-19  0.00000e+00  0.00000e+00  4.59787e-07
0445  9.25998e+18  1.18115e+01  4.29393e+04  3.56417e-19  0.00000e+00  0.00000e+00  4.57960e-07
0446  9.27840e+18  1.17635e+01  4.28465e+04  3.60893e-19  0.00000e+00  0.00000e+00  4.56144e-07
0447  9.29681e+18  1.17149e+01  4.27530e+04  3.61568e-19  0.00000e+00  0.00000e+00  4.54338e-07
0448  9.31523e+18  1.16658e+01  4.26587e+04  3.60401e-19  0.00000e+00  0.00000e+00  4.52544e-07
0449  9.33364e+18  1.16168e+01  4.25649e+04  3.58715e-19  0.00000e+00  0.00000e+00  4.50760e-07
0450  9.35206e+18  1.15683e+01  4.24724e+04  3.56887e-19  0.00000e+00  0.00000e+00  4.48986e-07
0451  9.37048e+18  1.15204e+01  4.23812e+04  3.55253e-19  0.00000e+00  0.00000e+00  4.47223e-07
0452  9.38889e+18  1.14727e+01  4.22910e+04  3.53778e-19  0.00000e+00  0.00000e+00  4.45470e-07
0453  9.40731e+18  1.14254e+01  4.22015e+04  3.52343e-19  0.00000e+00  0.00000e+00  4.43728e-07
0454  9.42572e+18  1.13783e+01  4.21129e+04  3.50897e-19  0.00000e+00  0.00000e+00  4.41996e-07
0455  9.44414e+18  1.13315e+01  4.20251e+04  3.49436e-19  0.00000e+00  0.00000e+00  4.40274e-07
0456  9.46255e+18  1.12851e+01  4.19382e+04  3.47981e-19  0.00000e+00  0.00000e+00  4.38562e-07
0457  9.48097e+18  1.12389e+01  4.18521e+04  3.46546e-19  0.00000e+00  0.00000e+00  4.36860e-07
0458  9.49939e+18  1.11931e+01  4.17668e+04  3.45145e-19  0.00000e+00  0.00000e+00  4.35168e-07
0459  9.51780e+18  1.11475e+01  4.16823e+04  3.44440e-19  0.00000e+00  0.00000e+00  4.33485e-07
0460  9.53622e+18  1.11021e+01  4.15986e+04  3.21441e-19  0.00000e+00  0.00000e+00  4.31813e-07
0461  9.55463e+18  1.10570e+01  4.15191e+04  3.72294e-19  0.00000e+00  0.00000e+00  4.30150e-07
0462  9.57305e+18  1.10126e+01  4.14254e+04  3.38653e-19  0.00000e+00  0.00000e+00  4.28496e-07
0463  9.59146e+18  1.09692e+01  4.13339e+04  3.43017e-19  0.00000e+00  0.00000e+00  4.26853e-07
0464  9.60988e+18  1.09262e+01  4.12438e+04  3.42271e-19  0.00000e+00  0.00000e+00  4.25218e-07
0465  9.62829e+18  1.08833e+01  4.11544e+04  3.41082e-19  0.00000e+00  0.00000e+00  4.23593e-07
0466  9.64671e+18  1.08406e+01  4.10656e+04  3.39597e-19  0.00000e+00  0.00000e+00  4.21977e-07
0467  9.66513e+18  1.07981e+01  4.09778e+04  3.37995e-19  0.00000e+00  0.00000e+00  4.20371e-07
0468  9.68354e+18  1.07559e+01  4.08910e+04  3.36386e-19  0.00000e+00  0.00000e+00  4.18773e-07
0469  9.70196e+18  1.07140e+01  4.08051e+04  3.34822e-19  0.00000e+00  0.00000e+00  4.17185e-07
0470  9.72037e+18  1.06724e+01  4.07203e+04  3.33297e-19  0.00000e+00  0.00000e+00  4.15606e-07
0471  9.73879e+18  1.06311e+01  4.06364e+04  3.31793e-19  0.00000e+00  0.00000e+00  4.14036e-07
0472  9.75720e+18  1.05900e+01  4.05534e+04  3.30300e-19  0.00000e+00  0.00000e+00  4.12474e-07
0473  9.77562e+18  1.05492e+01  4.04713e+04  3.28817e-19  0.00000e+00  0.00000e+00  4.10922e-07
0474  9.79403e+18  1.05087e+01  4.03900e+04  3.27345e-19  0.00000e+00  0.00000e+00  4.09378e-07
0475  9.81245e+18  1.04685e+01  4.03097e+04  3.25886e-19  0.00000e+00  0.00000e+00  4.07843e-07
0476  9.83087e+18  1.04285e+01  4.02302e+04  3.24440e-19  0.00000e+00  0.00000e+00  4.06316e-07
0477  9.84928e+18  1.03888e+01  4.01516e+04  3.23008e-19  0.00000e+00  0.00000e+00  4.04798e-07
0478  9.86770e+18  1.03494e+01  4.00739e+04  3.21587e-19  0.00000e+00  0.00000e+00  4.03289e-07
0479  9.88611e+18  1.03102e+01  3.99970e+04  3.20179e-19  0.00000e+00  0.00000e+00  4.01788e-07
0480  9.90453e+18  1.02713e+01  3.99209e+04  3.18782e-19  0.00000e+00  0.00000e+00  4.00295e-07
0481  9.92294e+18  1.02326e+01  3.98456e+04  3.17398e-19  0.00000e+00  0.00000e+00  3.98810e-07
0482  9.94136e+18  1.01943e+01  3.97711e+04  3.16024e-19  0.00000e+00  0.00000e+00  3.97334e-07
0483  9.95977e+18  1.01562e+01  3.96974e+04  3.14663e-19  0.00000e+00  0.00000e+00  3.95866e-07
0484  9.97819e+18  1.01183e+01  3.96246e+04  3.13312e-19  0.00000e+00  0.00000e+00  3.94406e-07
0485  9.99661e+18  1.00807e+01  3.95524e+04  3.11972e-19  0.00000e+00  0.00000e+00  3.92955e-07
0486  1.00150e+19  1.00434e+01  3.94811e+04  3.10643e-19  0.00000e+00  0.00000e+00  3.91511e-07
0487  1.00334e+19  1.00063e+01  3.94105e+04  3.09325e-19  0.00000e+00  0.00000e+00  3.90075e-07
0488  1.00519e+19  9.96946e+00  3.93406e+04  3.08017e-19  0.00000e+00  0.00000e+00  3.88647e-07
0489  1.00703e+19  9.93289e+00  3.92715e+04  3.06722e-19  0.00000e+00  0.00000e+00  3.87227e-07
0490  1.00887e+19  9.89657e+00  3.92031e+04  3.05442e-19  0.00000e+00  0.00000e+00  3.85814e-07
0491  1.01071e+19  9.86051e+00  3.91354e+04  3.04146e-19  0.00000e+00  0.00000e+00  3.84410e-07
0492  1.01255e+19  9.82468e+00  3.90684e+04  3.02822e-19  0.00000e+00  0.00000e+00  3.83013e-07
0493  1.01439e+19  9.78911e+00  3.90022e+04  3.01645e-19  0.00000e+00  0.00000e+00  3.81623e-07
0494  1.01623e+19  9.75380e+00  3.89366e+04  3.00386e-19  0.00000e+00  0.00000e+00  3.80242e-07
0495  1.01808e+19  9.71873e+00  3.88717e+04  2.99136e-19  0.00000e+00  0.00000e+00  3.78867e-07
0496  1.01992e+19  9.68390e+00  3.88075e+04  2.97904e-19  0.00000e+00  0.00000e+00  3.77500e-07
0497  1.02176e+19  9.64932e+00  3.87439e+04  2.96682e-19  0.00000e+00  0.00000e+00  3.76141e-07
0498  1.02360e+19  9.61499e+00  3.86810e+04  2.95468e-19  0.00000e+00  0.00000e+00  3.74789e-07
0499  1.02544e+19  9.58089e+00  3.86187e+04  2.94264e-19  0.00000e+00  0.00000e+00  3.73444e-07
0500  1.02728e+19  9.54704e+00  3.85571e+04  2.93067e-19  0.00000e+00  0.00000e+00  3.72106e-07
0501  1.02913e+19  9.51342e+00  3.84962e+04  2.91879e-19  0.00000e+00  0.00000e+00  3.70775e-07
0502  1.03097e+19  9.48004e+00  3.84358e+04  2.90700e-19  0.00000e+00  0.00000e+00  3.69452e-07
0503  1.03281e+19  9.44690e+00  3.83761e+04  2.89529e-19  0.00000e+00  0.00000e+00  3.68136e-07
0504  1.03465e+19  9.41400e+00  3.83169e+04  2.88365e-19  0.00000e+00  0.00000e+00  3.66826e-07
0505  1.03649e+19  9.38133e+00  3.82584e+04  2.87210e-19  0.00000e+00  0.00000e+00  3.65524e-07
0506  1.03833e+19  9.34889e+00  3.82005e+04  2.86062e-19  0.00000e+00  0.00000e+00  3.64229e-07
0507  1.04017e+19  9.31668e+00  3.81431e+04  2.84922e-19  0.00000e+00  0.00000e+00  3.62940e-07
0508  1.04202e+19  9.28471e+00  3.80864e+04  2.83787e-19  0.00000e+00  0.00000e+00  3.61658e-07
0509  1.04386e+19  9.25297e+00  3.80302e+04  2.82584e-19  0.00000e+00  0.00000e+00  3.60383e-07
0510  1.04570e+19  9.22146e+00  3.79745e+04  2.86205e-19  0.00000e+00  0.00000e+00  3.59115e-07
0511  1.04754e+19  9.19023e+00  3.79174e+04  2.80721e-19  0.00000e+00  0.00000e+00  3.57854e-07
0512  1.04938e+19  9.15929e+00  3.78609e+04  2.80380e-19  0.00000e+00  0.00000e+00  3.56599e-07
0513  1.05122e+19  9.12861e+00  3.78051e+04  2.79295e-19  0.00000e+00  0.00000e+00  3.55350e-07
0514  1.05307e+19  9.09814e+00  3.77499e+04  2.78208e-19  0.00000e+00  0.00000e+00  3.54109e-07
0515  1.05491e+19  9.06787e+00  3.76952e+04  2.77105e-19  0.00000e+00  0.00000e+00  3.52873e-07
0516  1.05675e+19  9.03781e+00  3.76411e+04  2.75990e-19  0.00000e+00  0.00000e+00  3.51645e-07
0517  1.05859e+19  9.00797e+00  3.75875e+04  2.74874e-19  0.00000e+00  0.00000e+00  3.50422e-07
0518  1.06043e+19  8.97835e+00  3.75345e+04  2.73766e-19  0.00000e+00  0.00000e+00  3.49206e-07
0519  1.06227e+19  8.94895e+00  3.74821e+04  2.72668e-19  0.00000e+00  0.00000e+00  3.47996e-07
0520  1.06412e+19  8.91976e+00  3.74302e+04  2.71579e-19  0.00000e+00  0.00000e+00  3.46793e-07
0521  1.06596e+19  8.89079e+00  3.73788e+04  2.70498e-19  0.00000e+00  0.00000e+00  3.45596e-07
0522  1.06780e+19  8.86202e+00  3.73280e+04  2.69423e-19  0.00000e+00  0.00000e+00  3.44405e-07
0523  1.06964e+19  8.83347e+00  3.72776e+04  2.68354e-19  0.00000e+00  0.00000e+00  3.43220e-07
0524  1.07148e+19  8.80513e+00  3.72278e+04  2.67292e-19  0.00000e+00  0.00000e+00  3.42041e-07
0525  1.07332e+19  8.77699e+00  3.71785e+04  2.66237e-19  0.00000e+00  0.00000e+00  3.40868e-07
0526  1.07516e+19  8.74906e+00  3.71297e+04  2.65188e-19  0.00000e+00  0.00000e+00  3.39702e-07
0527  1.07701e+19  8.72134e+00  3.70814e+04  2.64146e-19  0.00000e+00  0.00000e+00  3.38541e-07
0528  1.07885e+19  8.69382e+00  3.70336e+04  2.63110e-19  0.00000e+00  0.00000e+00  3.37386e-07
0529  1.08069e+19  8.66651e+00  3.69863e+04  2.62080e-19  0.00000e+00  0.00000e+00  3.36237e-07
0530  1.08253e+19  8.63940e+00  3.69395e+04  2.61055e-19  0.00000e+00  0.00000e+00  3.35094e-07
0531  1.08437e+19  8.61249e+00  3.68931e+04  2.60028e-19  0.00000e+00  0.00000e+00  3.33957e-07
0532  1.08621e+19  8.58579e+00  3.68472e+04  2.57768e-19  0.00000e+00  0.00000e+00  3.32826e-07
0533  1.08806e+19  8.55934e+00  3.67996e+04  2.63856e-19  0.00000e+00  0.00000e+00  3.31700e-07
0534  1.08990e+19  8.53319e+00  3.67501e+04  2.58453e-19  0.00000e+00  0.00000e+00  3.30580e-07
0535  1.09174e+19  8.50737e+00  3.67013e+04  2.58459e-19  0.00000e+00  0.00000e+00  3.29466e-07
0536  1.09358e+19  8.48177e+00  3.66531e+04  2.57540e-19  0.00000e+00  0.00000e+00  3.28357e-07
0537  1.09542e+19  8.45633e+00  3.66052e+04  2.56572e-19  0.00000e+00  0.00000e+00  3.27254e-07
0538  1.09726e+19  8.43105e+00  3.65578e+04  2.55556e-19  0.00000e+00  0.00000e+00  3.26156e-07
0539  1.09910e+19  8.40595e+00  3.65109e+04  2.54513e-19  0.00000e+00  0.00000e+00  3.25064e-07
0540  1.10095e+19  8.38104e+00  3.64644e+04  2.53470e-19  0.00000e+00  0.00000e+00  3.23978e-07
0541  1.10279e+19  8.35633e+00  3.64184e+04  2.52438e-19  0.00000e+00  0.00000e+00  3.22897e-07
0542  1.10463e+19  8.33181e+00  3.63729e+04  2.51417e-19  0.00000e+00  0.00000e+00  3.21821e-07
0543  1.10647e+19  8.30748e+00  3.63278e+04  2.50405e-19  0.00000e+00  0.00000e+00  3.20751e-07
0544  1.10831e+19  8.28334e+00  3.62832e+04  2.49399e-19  0.00000e+00  0.00000e+00  3.19686e-07
0545  1.11015e+19  8.25937e+00  3.62391e+04  2.48397e-19  0.00000e+00  0.00000e+00  3.18626e-07
0546  1.11200e+19  8.23559e+00  3.61953e+04  2.47401e-19  0.00000e+00  0.00000e+00  3.17571e-07
0547  1.11384e+19  8.21199e+00  3.61520e+04  2.46409e-19  0.00000e+00  0.00000e+00  3.16522e-07
0548  1.11568e+19  8.18858e+00  3.61092e+04  2.45424e-19  0.00000e+00  0.00000e+00  3.15478e-07
0549  1.11752e+19  8.16534e+00  3.60667e+04  2.44444e-19  0.00000e+00  0.00000e+00  3.14439e-07
0550  1.11936e+19  8.14228e+00  3.60247e+04  2.43469e-19  0.00000e+00  0.00000e+00  3.13405e-07
0551  1.12120e+19  8.11940e+00  3.59831e+04  2.42498e-19  0.00000e+00  0.00000e+00  3.12377e-07
0552  1.12305e+19  8.09668e+00  3.59419e+04  2.41538e-19  0.00000e+00  0.00000e+00  3.11353e-07
0553  1.12489e+19  8.07424e+00  3.59013e+04  2.40529e-19  0.00000e+00  0.00000e+00  3.10335e-07
0554  1.12673e+19  8.05151e+00  3.58602e+04  2.38872e-19  0.00000e+00  0.00000e+00  3.09321e-07
0555  1.12857e+19  8.03160e+00  3.58240e+04  2.84452e-19  0.00000e+00  0.00000e+00  3.08312e-07
