# Athena++ data at time=1.700000e+13  cycle=1139172780  variables=uov 
# i       x1v         user_out_var0          user_out_var1          user_out_var2          user_out_var3          user_out_var4          user_out_var5      
0002  1.13875e+18  4.91745e+00  3.03478e+04  5.59999e-16  0.00000e+00  0.00000e+00  3.02826e-05
0003  1.15716e+18  1.03218e+01  4.00224e+04  8.70682e-17  0.00000e+00  0.00000e+00  2.93264e-05
0004  1.17558e+18  1.54636e+01  4.91676e+04  4.30157e-17  0.00000e+00  0.00000e+00  2.84148e-05
0005  1.19399e+18  2.23004e+01  6.13414e+04  6.27747e-17  0.00000e+00  0.00000e+00  2.75451e-05
0006  1.21241e+18  3.29236e+01  8.15990e+04  1.03476e-16  0.00000e+00  0.00000e+00  2.67147e-05
0007  1.23082e+18  5.31276e+01  1.23384e+05  1.29047e-16  0.00000e+00  0.00000e+00  2.59213e-05
0008  1.24924e+18  6.27572e+01  1.36872e+05  2.81812e-17  0.00000e+00  0.00000e+00  2.51628e-05
0009  1.26765e+18  6.77536e+01  1.43373e+05  2.26097e-17  0.00000e+00  0.00000e+00  2.44370e-05
0010  1.28607e+18  7.21109e+01  1.48194e+05  2.04176e-17  0.00000e+00  0.00000e+00  2.37422e-05
0011  1.30448e+18  7.54137e+01  1.50867e+05  1.48588e-17  0.00000e+00  0.00000e+00  2.30766e-05
0012  1.32290e+18  7.84609e+01  1.53364e+05  1.49510e-17  0.00000e+00  0.00000e+00  2.24386e-05
0013  1.34131e+18  8.15903e+01  1.55963e+05  1.49570e-17  0.00000e+00  0.00000e+00  2.18267e-05
0014  1.35973e+18  8.47007e+01  1.58586e+05  1.40253e-17  0.00000e+00  0.00000e+00  2.12395e-05
0015  1.37814e+18  8.75322e+01  1.60745e+05  1.22512e-17  0.00000e+00  0.00000e+00  2.06757e-05
0016  1.39656e+18  9.02154e+01  1.62802e+05  1.17374e-17  0.00000e+00  0.00000e+00  2.01340e-05
0017  1.41497e+18  9.28812e+01  1.64893e+05  1.14586e-17  0.00000e+00  0.00000e+00  1.96134e-05
0018  1.43339e+18  9.54909e+01  1.66991e+05  1.02843e-17  0.00000e+00  0.00000e+00  1.91126e-05
0019  1.45180e+18  9.74410e+01  1.67935e+05 -7.64576e-19  0.00000e+00  0.00000e+00  1.86309e-05
0020  1.47022e+18  9.97017e+01  1.69825e+05  1.02703e-17  0.00000e+00  0.00000e+00  1.81671e-05
0021  1.48863e+18  1.02341e+02  1.72120e+05  4.46589e-17  0.00000e+00  0.00000e+00  1.77204e-05
0022  1.50705e+18  1.04374e+02  1.73445e+05  7.54722e-18  0.00000e+00  0.00000e+00  1.72900e-05
0023  1.52546e+18  1.06316e+02  1.75006e+05  8.08458e-18  0.00000e+00  0.00000e+00  1.68750e-05
0024  1.54388e+18  1.08433e+02  1.76771e+05  8.32894e-18  0.00000e+00  0.00000e+00  1.64749e-05
0027  1.56229e+18  1.10560e+02  1.78616e+05  8.09565e-18  0.00000e+00  0.00000e+00  1.60888e-05
0028  1.58071e+18  1.12660e+02  1.80511e+05  7.90187e-18  0.00000e+00  0.00000e+00  1.57161e-05
0029  1.59912e+18  1.14756e+02  1.82480e+05  7.80400e-18  0.00000e+00  0.00000e+00  1.53562e-05
0030  1.61754e+18  1.16871e+02  1.84551e+05  7.77270e-18  0.00000e+00  0.00000e+00  1.50085e-05
0031  1.63595e+18  1.19028e+02  1.86756e+05  7.80385e-18  0.00000e+00  0.00000e+00  1.46726e-05
0032  1.65437e+18  1.21248e+02  1.89129e+05  7.85280e-18  0.00000e+00  0.00000e+00  1.43477e-05
0033  1.67278e+18  1.23486e+02  1.91614e+05  7.56222e-18  0.00000e+00  0.00000e+00  1.40336e-05
0034  1.69120e+18  1.25423e+02  1.93733e+05  6.49699e-18  0.00000e+00  0.00000e+00  1.37296e-05
0035  1.70961e+18  1.26978e+02  1.95486e+05  5.64843e-18  0.00000e+00  0.00000e+00  1.34354e-05
0036  1.72803e+18  1.28256e+02  1.96962e+05  5.18948e-18  0.00000e+00  0.00000e+00  1.31506e-05
0037  1.74644e+18  1.29517e+02  1.98537e+05  5.35187e-18  0.00000e+00  0.00000e+00  1.28747e-05
0038  1.76486e+18  1.30907e+02  2.00317e+05  5.59777e-18  0.00000e+00  0.00000e+00  1.26074e-05
0039  1.78328e+18  1.32410e+02  2.02296e+05  5.73600e-18  0.00000e+00  0.00000e+00  1.23484e-05
0040  1.80169e+18  1.33987e+02  2.04433e+05  5.79785e-18  0.00000e+00  0.00000e+00  1.20973e-05
0041  1.82011e+18  1.35625e+02  2.06721e+05  5.83458e-18  0.00000e+00  0.00000e+00  1.18537e-05
0042  1.83852e+18  1.37306e+02  2.09145e+05  5.79996e-18  0.00000e+00  0.00000e+00  1.16174e-05
0043  1.85694e+18  1.39233e+02  2.12023e+05  5.91721e-18  0.00000e+00  0.00000e+00  1.13882e-05
0044  1.87535e+18  1.41750e+02  2.16131e+05  7.44554e-18  0.00000e+00  0.00000e+00  1.11656e-05
0045  1.89377e+18  1.41522e+02  2.15799e+05  4.38633e-18  0.00000e+00  0.00000e+00  1.09495e-05
0046  1.91218e+18  1.40004e+02  2.13268e+05  2.26399e-18  0.00000e+00  0.00000e+00  1.07396e-05
0047  1.93060e+18  1.41720e+02  2.16166e+05  3.10936e-18  0.00000e+00  0.00000e+00  1.05357e-05
0048  1.94901e+18  1.52618e+02  2.34008e+05  5.37776e-18  0.00000e+00  0.00000e+00  1.03376e-05
0049  1.96743e+18  1.49053e+02  2.28885e+05 -7.14881e-18  0.00000e+00  0.00000e+00  1.01449e-05
0050  1.98584e+18  1.25444e+02  1.94397e+05 -4.09460e-17  0.00000e+00  0.00000e+00  9.95766e-06
0051  2.00426e+18  1.11509e+02  1.79512e+05 -2.23642e-18  0.00000e+00  0.00000e+00  9.77552e-06
0052  2.02267e+18  1.10159e+02  1.78267e+05  2.35891e-18  0.00000e+00  0.00000e+00  9.59833e-06
0053  2.04109e+18  1.09815e+02  1.77951e+05  3.83533e-18  0.00000e+00  0.00000e+00  9.42591e-06
0054  2.05951e+18  1.09921e+02  1.78045e+05  3.55313e-18  0.00000e+00  0.00000e+00  9.25810e-06
0055  2.07792e+18  1.10145e+02  1.78254e+05  2.12896e-18  0.00000e+00  0.00000e+00  9.09473e-06
0056  2.09634e+18  1.10708e+02  1.78759e+05  1.36948e-18  0.00000e+00  0.00000e+00  8.93564e-06
0057  2.11475e+18  1.11371e+02  1.79358e+05  7.19905e-19  0.00000e+00  0.00000e+00  8.78070e-06
0058  2.13317e+18  1.12240e+02  1.80143e+05  9.82870e-19  0.00000e+00  0.00000e+00  8.62975e-06
0059  2.15158e+18  1.12983e+02  1.80822e+05  1.39069e-18  0.00000e+00  0.00000e+00  8.48265e-06
0060  2.17000e+18  1.13826e+02  1.81596e+05  2.32175e-18  0.00000e+00  0.00000e+00  8.33929e-06
0061  2.18841e+18  1.14645e+02  1.82358e+05  3.35432e-18  0.00000e+00  0.00000e+00  8.19953e-06
0062  2.20683e+18  1.15336e+02  1.83012e+05  3.90291e-18  0.00000e+00  0.00000e+00  8.06326e-06
0063  2.22524e+18  1.15961e+02  1.83631e+05  3.23796e-18  0.00000e+00  0.00000e+00  7.93035e-06
0064  2.24366e+18  1.15462e+02  1.83114e+05  4.88477e-18  0.00000e+00  0.00000e+00  7.80071e-06
0065  2.26207e+18  1.15536e+02  1.83182e+05  4.95977e-18  0.00000e+00  0.00000e+00  7.67421e-06
0066  2.28049e+18  1.30216e+02  1.99953e+05 -1.50488e-17  0.00000e+00  0.00000e+00  7.55077e-06
0067  2.29891e+18  2.57830e+02  4.48055e+05  1.23428e-16  0.00000e+00  0.00000e+00  7.43029e-06
0068  2.31732e+18  4.96518e+02  7.80115e+05  6.39526e-17  0.00000e+00  0.00000e+00  7.31266e-06
0069  2.33574e+18  6.69926e+02  1.04658e+06  3.18807e-17  0.00000e+00  0.00000e+00  7.19781e-06
0070  2.35415e+18  7.83851e+02  1.23316e+06  2.42839e-17  0.00000e+00  0.00000e+00  7.08564e-06
0071  2.37257e+18  8.70041e+02  1.38129e+06  2.10964e-17  0.00000e+00  0.00000e+00  6.97607e-06
0072  2.39098e+18  9.44860e+02  1.51489e+06  2.00025e-17  0.00000e+00  0.00000e+00  6.86902e-06
0073  2.40940e+18  1.01553e+03  1.64407e+06  1.94565e-17  0.00000e+00  0.00000e+00  6.76442e-06
0074  2.42781e+18  1.08444e+03  1.77348e+06  1.90061e-17  0.00000e+00  0.00000e+00  6.66219e-06
0075  2.44623e+18  1.15306e+03  1.90461e+06  1.85102e-17  0.00000e+00  0.00000e+00  6.56226e-06
0076  2.46464e+18  1.22263e+03  2.03681e+06  1.78539e-17  0.00000e+00  0.00000e+00  6.46456e-06
0077  2.48306e+18  1.29393e+03  2.17323e+06  1.72222e-17  0.00000e+00  0.00000e+00  6.36903e-06
0078  2.50147e+18  1.36641e+03  2.31893e+06  1.65280e-17  0.00000e+00  0.00000e+00  6.27560e-06
0079  2.51989e+18  1.44160e+03  2.47702e+06  1.56976e-17  0.00000e+00  0.00000e+00  6.18421e-06
0080  2.53831e+18  1.52363e+03  2.64658e+06  1.48020e-17  0.00000e+00  0.00000e+00  6.09480e-06
0081  2.55672e+18  1.61679e+03  2.82845e+06  1.38795e-17  0.00000e+00  0.00000e+00  6.00732e-06
0082  2.57514e+18  1.71786e+03  3.03009e+06  1.28960e-17  0.00000e+00  0.00000e+00  5.92171e-06
0083  2.59355e+18  1.82551e+03  3.26824e+06  1.18551e-17  0.00000e+00  0.00000e+00  5.83791e-06
0084  2.61197e+18  1.95829e+03  3.56366e+06  1.09677e-17  0.00000e+00  0.00000e+00  5.75588e-06
0085  2.63038e+18  2.12277e+03  3.91792e+06  9.97466e-18  0.00000e+00  0.00000e+00  5.67557e-06
0086  2.64880e+18  2.17662e+03  4.03770e+06  9.46983e-18  0.00000e+00  0.00000e+00  5.59693e-06
0087  2.66721e+18  2.09961e+03  3.89911e+06  9.48768e-18  0.00000e+00  0.00000e+00  5.51991e-06
0088  2.68563e+18  1.49544e+03  2.82817e+06  1.12134e-17  0.00000e+00  0.00000e+00  5.44447e-06
0089  2.70404e+18  3.58178e+02  7.07795e+05  1.96341e-17  0.00000e+00  0.00000e+00  5.37056e-06
0090  2.72246e+18  9.72629e+01  1.71580e+05 -2.01040e-16  0.00000e+00  0.00000e+00  5.29815e-06
0091  2.74088e+18  8.36400e+01  1.57695e+05  2.20524e-19  0.00000e+00  0.00000e+00  5.22720e-06
0092  2.75929e+18  8.40156e+01  1.58005e+05  7.84080e-19  0.00000e+00  0.00000e+00  5.15766e-06
0093  2.77771e+18  8.52985e+01  1.59063e+05  1.10982e-18  0.00000e+00  0.00000e+00  5.08950e-06
0094  2.79612e+18  8.64377e+01  1.59927e+05  1.79947e-19  0.00000e+00  0.00000e+00  5.02268e-06
0095  2.81454e+18  8.73929e+01  1.60652e+05 -1.22597e-19  0.00000e+00  0.00000e+00  4.95717e-06
0096  2.83295e+18  8.83111e+01  1.61352e+05 -2.43599e-19  0.00000e+00  0.00000e+00  4.89293e-06
0097  2.85137e+18  8.91696e+01  1.62015e+05 -5.21890e-19  0.00000e+00  0.00000e+00  4.82993e-06
0098  2.86978e+18  8.98203e+01  1.62524e+05 -8.75575e-19  0.00000e+00  0.00000e+00  4.76814e-06
0099  2.88820e+18  9.06079e+01  1.63130e+05 -6.07552e-19  0.00000e+00  0.00000e+00  4.70753e-06
0100  2.90661e+18  9.21764e+01  1.64330e+05  8.97536e-19  0.00000e+00  0.00000e+00  4.64807e-06
0101  2.92503e+18  9.46574e+01  1.66282e+05  2.05917e-18  0.00000e+00  0.00000e+00  4.58973e-06
0102  2.94345e+18  9.83450e+01  1.68604e+05  3.03741e-18  0.00000e+00  0.00000e+00  4.53248e-06
0103  2.96186e+18  1.03393e+02  1.72537e+05  4.63093e-18  0.00000e+00  0.00000e+00  4.47629e-06
0104  2.98028e+18  1.09389e+02  1.77408e+05  4.91407e-18  0.00000e+00  0.00000e+00  4.42114e-06
0105  2.99869e+18  1.16893e+02  1.84341e+05  4.77265e-18  0.00000e+00  0.00000e+00  4.36701e-06
0106  3.01711e+18  1.35982e+02  2.06794e+05  4.60197e-18  0.00000e+00  0.00000e+00  4.31386e-06
0107  3.03552e+18  2.03944e+02  3.19936e+05  4.65501e-17  0.00000e+00  0.00000e+00  4.26168e-06
0108  3.05394e+18  3.54507e+02  5.05929e+05  5.71210e-17  0.00000e+00  0.00000e+00  4.21044e-06
0109  3.07235e+18  5.05752e+02  6.79480e+05  3.17854e-17  0.00000e+00  0.00000e+00  4.16011e-06
0110  3.09077e+18  6.21428e+02  8.10458e+05  2.13670e-17  0.00000e+00  0.00000e+00  4.11069e-06
0111  3.10918e+18  7.12977e+02  9.12006e+05  1.66370e-17  0.00000e+00  0.00000e+00  4.06214e-06
0112  3.12760e+18  7.90998e+02  9.96460e+05  1.38765e-17  0.00000e+00  0.00000e+00  4.01444e-06
0113  3.14602e+18  8.59710e+02  1.06949e+06  1.22142e-17  0.00000e+00  0.00000e+00  3.96758e-06
0114  3.16443e+18  9.20187e+02  1.13213e+06  1.09487e-17  0.00000e+00  0.00000e+00  3.92154e-06
0115  3.18285e+18  9.73379e+02  1.18615e+06  1.02568e-17  0.00000e+00  0.00000e+00  3.87629e-06
0116  3.20126e+18  1.01987e+03  1.23174e+06  9.62535e-18  0.00000e+00  0.00000e+00  3.83182e-06
0117  3.21968e+18  1.06060e+03  1.27045e+06  9.12217e-18  0.00000e+00  0.00000e+00  3.78811e-06
0118  3.23809e+18  1.09717e+03  1.30410e+06  8.69467e-18  0.00000e+00  0.00000e+00  3.74515e-06
0119  3.25651e+18  1.13095e+03  1.33439e+06  8.30531e-18  0.00000e+00  0.00000e+00  3.70291e-06
0120  3.27492e+18  1.16316e+03  1.36291e+06  7.97886e-18  0.00000e+00  0.00000e+00  3.66138e-06
0121  3.29334e+18  1.19470e+03  1.39061e+06  7.67485e-18  0.00000e+00  0.00000e+00  3.62055e-06
0122  3.31176e+18  1.22591e+03  1.41797e+06  7.37969e-18  0.00000e+00  0.00000e+00  3.58040e-06
0123  3.33017e+18  1.25699e+03  1.44526e+06  7.11203e-18  0.00000e+00  0.00000e+00  3.54091e-06
0124  3.34859e+18  1.28809e+03  1.47251e+06  6.88569e-18  0.00000e+00  0.00000e+00  3.50207e-06
0125  3.36700e+18  1.31905e+03  1.49953e+06  6.66016e-18  0.00000e+00  0.00000e+00  3.46386e-06
0126  3.38542e+18  1.34962e+03  1.52609e+06  6.43775e-18  0.00000e+00  0.00000e+00  3.42628e-06
0127  3.40383e+18  1.37951e+03  1.55198e+06  6.22043e-18  0.00000e+00  0.00000e+00  3.38931e-06
0128  3.42225e+18  1.40854e+03  1.57707e+06  6.01183e-18  0.00000e+00  0.00000e+00  3.35293e-06
0129  3.44066e+18  1.43662e+03  1.60132e+06  5.81725e-18  0.00000e+00  0.00000e+00  3.31713e-06
0130  3.45908e+18  1.46374e+03  1.62472e+06  5.62865e-18  0.00000e+00  0.00000e+00  3.28191e-06
0131  3.47749e+18  1.48988e+03  1.64728e+06  5.44654e-18  0.00000e+00  0.00000e+00  3.24724e-06
0132  3.49591e+18  1.51512e+03  1.66908e+06  5.27604e-18  0.00000e+00  0.00000e+00  3.21312e-06
0133  3.51433e+18  1.53951e+03  1.69019e+06  5.11405e-18  0.00000e+00  0.00000e+00  3.17953e-06
0134  3.53274e+18  1.56308e+03  1.71068e+06  4.95750e-18  0.00000e+00  0.00000e+00  3.14647e-06
0135  3.55116e+18  1.58585e+03  1.73062e+06  4.80644e-18  0.00000e+00  0.00000e+00  3.11392e-06
0136  3.56957e+18  1.60781e+03  1.75007e+06  4.66084e-18  0.00000e+00  0.00000e+00  3.08188e-06
0137  3.58799e+18  1.62895e+03  1.76908e+06  4.52065e-18  0.00000e+00  0.00000e+00  3.05032e-06
0138  3.60640e+18  1.64930e+03  1.78767e+06  4.38578e-18  0.00000e+00  0.00000e+00  3.01925e-06
0139  3.62482e+18  1.66888e+03  1.80588e+06  4.25610e-18  0.00000e+00  0.00000e+00  2.98865e-06
0140  3.64323e+18  1.68769e+03  1.82370e+06  4.13151e-18  0.00000e+00  0.00000e+00  2.95851e-06
0141  3.66165e+18  1.70580e+03  1.84118e+06  4.01175e-18  0.00000e+00  0.00000e+00  2.92883e-06
0142  3.68007e+18  1.72330e+03  1.85838e+06  3.91255e-18  0.00000e+00  0.00000e+00  2.89959e-06
0143  3.69848e+18  1.74009e+03  1.87528e+06  3.80301e-18  0.00000e+00  0.00000e+00  2.87079e-06
0144  3.71690e+18  1.75618e+03  1.89190e+06  3.69768e-18  0.00000e+00  0.00000e+00  2.84241e-06
0145  3.73531e+18  1.77158e+03  1.90826e+06  3.59641e-18  0.00000e+00  0.00000e+00  2.81445e-06
0146  3.75373e+18  1.78627e+03  1.92438e+06  3.49906e-18  0.00000e+00  0.00000e+00  2.78690e-06
0147  3.77214e+18  1.80024e+03  1.94031e+06  3.40548e-18  0.00000e+00  0.00000e+00  2.75976e-06
0148  3.79056e+18  1.81351e+03  1.95602e+06  3.31195e-18  0.00000e+00  0.00000e+00  2.73301e-06
0149  3.80897e+18  1.82619e+03  1.97151e+06  3.23182e-18  0.00000e+00  0.00000e+00  2.70665e-06
0150  3.82739e+18  1.83836e+03  1.98677e+06  3.15419e-18  0.00000e+00  0.00000e+00  2.68066e-06
0151  3.84581e+18  1.85005e+03  2.00180e+06  3.07898e-18  0.00000e+00  0.00000e+00  2.65505e-06
0152  3.86422e+18  1.86127e+03  2.01663e+06  3.00611e-18  0.00000e+00  0.00000e+00  2.62981e-06
0153  3.88264e+18  1.87202e+03  2.03126e+06  2.93552e-18  0.00000e+00  0.00000e+00  2.60492e-06
0154  3.90105e+18  1.88229e+03  2.04571e+06  2.86715e-18  0.00000e+00  0.00000e+00  2.58038e-06
0155  3.91947e+18  1.89208e+03  2.05998e+06  2.80093e-18  0.00000e+00  0.00000e+00  2.55619e-06
0156  3.93788e+18  1.90136e+03  2.07411e+06  2.73679e-18  0.00000e+00  0.00000e+00  2.53234e-06
0157  3.95630e+18  1.91015e+03  2.08810e+06  2.67467e-18  0.00000e+00  0.00000e+00  2.50882e-06
0158  3.97471e+18  1.91846e+03  2.10196e+06  2.61450e-18  0.00000e+00  0.00000e+00  2.48563e-06
0159  3.99313e+18  1.92629e+03  2.11570e+06  2.55620e-18  0.00000e+00  0.00000e+00  2.46275e-06
0160  4.01155e+18  1.93367e+03  2.12931e+06  2.49972e-18  0.00000e+00  0.00000e+00  2.44019e-06
0161  4.02996e+18  1.94061e+03  2.14279e+06  2.44498e-18  0.00000e+00  0.00000e+00  2.41794e-06
0162  4.04838e+18  1.94716e+03  2.15613e+06  2.39191e-18  0.00000e+00  0.00000e+00  2.39599e-06
0163  4.06679e+18  1.95333e+03  2.16931e+06  2.34042e-18  0.00000e+00  0.00000e+00  2.37434e-06
0164  4.08521e+18  1.95915e+03  2.18234e+06  2.29044e-18  0.00000e+00  0.00000e+00  2.35299e-06
0165  4.10362e+18  1.96465e+03  2.19520e+06  2.24195e-18  0.00000e+00  0.00000e+00  2.33191e-06
0166  4.12204e+18  1.96984e+03  2.20791e+06  2.19489e-18  0.00000e+00  0.00000e+00  2.31113e-06
0167  4.14045e+18  1.97473e+03  2.22046e+06  2.14920e-18  0.00000e+00  0.00000e+00  2.29061e-06
0168  4.15887e+18  1.97932e+03  2.23285e+06  2.10485e-18  0.00000e+00  0.00000e+00  2.27037e-06
0169  4.17728e+18  1.98361e+03  2.24510e+06  2.06179e-18  0.00000e+00  0.00000e+00  2.25040e-06
0170  4.19570e+18  1.98760e+03  2.25720e+06  2.01997e-18  0.00000e+00  0.00000e+00  2.23069e-06
0171  4.21412e+18  1.99128e+03  2.26917e+06  1.97935e-18  0.00000e+00  0.00000e+00  2.21123e-06
0172  4.23253e+18  1.99465e+03  2.28102e+06  1.93988e-18  0.00000e+00  0.00000e+00  2.19203e-06
0173  4.25095e+18  1.99770e+03  2.29276e+06  1.90153e-18  0.00000e+00  0.00000e+00  2.17308e-06
0174  4.26936e+18  2.00044e+03  2.30440e+06  1.86426e-18  0.00000e+00  0.00000e+00  2.15438e-06
0175  4.28778e+18  2.00288e+03  2.31595e+06  1.82803e-18  0.00000e+00  0.00000e+00  2.13591e-06
0176  4.30619e+18  2.00502e+03  2.32739e+06  1.79280e-18  0.00000e+00  0.00000e+00  2.11768e-06
0177  4.32461e+18  2.00686e+03  2.33874e+06  1.75854e-18  0.00000e+00  0.00000e+00  2.09968e-06
0178  4.34302e+18  2.00843e+03  2.34998e+06  1.72520e-18  0.00000e+00  0.00000e+00  2.08191e-06
0179  4.36144e+18  2.00974e+03  2.36111e+06  1.69277e-18  0.00000e+00  0.00000e+00  2.06437e-06
0180  4.37986e+18  2.01080e+03  2.37212e+06  1.66120e-18  0.00000e+00  0.00000e+00  2.04705e-06
0181  4.39827e+18  2.01162e+03  2.38299e+06  1.63046e-18  0.00000e+00  0.00000e+00  2.02994e-06
0182  4.41669e+18  2.01222e+03  2.39373e+06  1.60053e-18  0.00000e+00  0.00000e+00  2.01305e-06
0183  4.43510e+18  2.01261e+03  2.40432e+06  1.57138e-18  0.00000e+00  0.00000e+00  1.99637e-06
0184  4.45352e+18  2.01279e+03  2.41475e+06  1.54298e-18  0.00000e+00  0.00000e+00  1.97989e-06
0185  4.47193e+18  2.01278e+03  2.42503e+06  1.51531e-18  0.00000e+00  0.00000e+00  1.96362e-06
0186  4.49035e+18  2.01257e+03  2.43515e+06  1.48834e-18  0.00000e+00  0.00000e+00  1.94754e-06
0187  4.50876e+18  2.01217e+03  2.44512e+06  1.46205e-18  0.00000e+00  0.00000e+00  1.93167e-06
0188  4.52718e+18  2.01158e+03  2.45494e+06  1.43641e-18  0.00000e+00  0.00000e+00  1.91598e-06
0189  4.54560e+18  2.01080e+03  2.46464e+06  1.41140e-18  0.00000e+00  0.00000e+00  1.90049e-06
0190  4.56401e+18  2.00984e+03  2.47420e+06  1.38701e-18  0.00000e+00  0.00000e+00  1.88519e-06
0191  4.58243e+18  2.00869e+03  2.48365e+06  1.36321e-18  0.00000e+00  0.00000e+00  1.87006e-06
0192  4.60084e+18  2.00736e+03  2.49298e+06  1.33998e-18  0.00000e+00  0.00000e+00  1.85512e-06
0193  4.61926e+18  2.00586e+03  2.50221e+06  1.31730e-18  0.00000e+00  0.00000e+00  1.84036e-06
0194  4.63767e+18  2.00419e+03  2.51134e+06  1.29514e-18  0.00000e+00  0.00000e+00  1.82577e-06
0195  4.65609e+18  2.00236e+03  2.52037e+06  1.27350e-18  0.00000e+00  0.00000e+00  1.81136e-06
0196  4.67450e+18  2.00039e+03  2.52931e+06  1.25235e-18  0.00000e+00  0.00000e+00  1.79712e-06
0197  4.69292e+18  1.99829e+03  2.53819e+06  1.23264e-18  0.00000e+00  0.00000e+00  1.78304e-06
0198  4.71134e+18  1.99608e+03  2.54698e+06  1.21224e-18  0.00000e+00  0.00000e+00  1.76913e-06
0199  4.72975e+18  1.99376e+03  2.55567e+06  1.19228e-18  0.00000e+00  0.00000e+00  1.75538e-06
0200  4.74817e+18  1.99135e+03  2.56427e+06  1.17276e-18  0.00000e+00  0.00000e+00  1.74179e-06
0201  4.76658e+18  1.98885e+03  2.57276e+06  1.15366e-18  0.00000e+00  0.00000e+00  1.72836e-06
0202  4.78500e+18  1.98628e+03  2.58115e+06  1.13496e-18  0.00000e+00  0.00000e+00  1.71508e-06
0203  4.80341e+18  1.98364e+03  2.58943e+06  1.11667e-18  0.00000e+00  0.00000e+00  1.70195e-06
0204  4.82183e+18  1.98091e+03  2.59762e+06  1.09876e-18  0.00000e+00  0.00000e+00  1.68898e-06
0205  4.84024e+18  1.97810e+03  2.60573e+06  1.08122e-18  0.00000e+00  0.00000e+00  1.67615e-06
0206  4.85866e+18  1.97520e+03  2.61375e+06  1.06405e-18  0.00000e+00  0.00000e+00  1.66347e-06
0207  4.87708e+18  1.97219e+03  2.62172e+06  1.04723e-18  0.00000e+00  0.00000e+00  1.65093e-06
0208  4.89549e+18  1.96907e+03  2.62964e+06  1.03076e-18  0.00000e+00  0.00000e+00  1.63853e-06
0209  4.91391e+18  1.96583e+03  2.63752e+06  1.01462e-18  0.00000e+00  0.00000e+00  1.62627e-06
0210  4.93232e+18  1.96248e+03  2.64537e+06  9.98803e-19  0.00000e+00  0.00000e+00  1.61415e-06
0211  4.95074e+18  1.95904e+03  2.65319e+06  9.83296e-19  0.00000e+00  0.00000e+00  1.60217e-06
0212  4.96915e+18  1.95552e+03  2.66097e+06  9.68090e-19  0.00000e+00  0.00000e+00  1.59031e-06
0213  4.98757e+18  1.95193e+03  2.66871e+06  9.53174e-19  0.00000e+00  0.00000e+00  1.57859e-06
0214  5.00598e+18  1.94831e+03  2.67640e+06  9.38541e-19  0.00000e+00  0.00000e+00  1.56700e-06
0215  5.02440e+18  1.94467e+03  2.68403e+06  9.24180e-19  0.00000e+00  0.00000e+00  1.55553e-06
0216  5.04282e+18  1.94103e+03  2.69160e+06  9.10085e-19  0.00000e+00  0.00000e+00  1.54419e-06
0217  5.06123e+18  1.93742e+03  2.69910e+06  8.96246e-19  0.00000e+00  0.00000e+00  1.53298e-06
0218  5.07965e+18  1.93383e+03  2.70655e+06  8.82657e-19  0.00000e+00  0.00000e+00  1.52188e-06
0219  5.09806e+18  1.93028e+03  2.71393e+06  8.69310e-19  0.00000e+00  0.00000e+00  1.51091e-06
0220  5.11648e+18  1.92678e+03  2.72127e+06  8.56199e-19  0.00000e+00  0.00000e+00  1.50005e-06
0221  5.13489e+18  1.92331e+03  2.72859e+06  8.43317e-19  0.00000e+00  0.00000e+00  1.48931e-06
0222  5.15331e+18  1.91988e+03  2.73590e+06  8.30659e-19  0.00000e+00  0.00000e+00  1.47868e-06
0223  5.17172e+18  1.91648e+03  2.74320e+06  8.18217e-19  0.00000e+00  0.00000e+00  1.46817e-06
0224  5.19014e+18  1.91309e+03  2.75052e+06  8.05988e-19  0.00000e+00  0.00000e+00  1.45777e-06
0225  5.20856e+18  1.90970e+03  2.75788e+06  7.93964e-19  0.00000e+00  0.00000e+00  1.44748e-06
0226  5.22697e+18  1.90630e+03  2.76529e+06  7.82142e-19  0.00000e+00  0.00000e+00  1.43730e-06
0227  5.24539e+18  1.90289e+03  2.77276e+06  7.70517e-19  0.00000e+00  0.00000e+00  1.42723e-06
0228  5.26380e+18  1.89946e+03  2.78026e+06  7.59086e-19  0.00000e+00  0.00000e+00  1.41726e-06
0229  5.28222e+18  1.89601e+03  2.78781e+06  7.47846e-19  0.00000e+00  0.00000e+00  1.40739e-06
0230  5.30063e+18  1.89255e+03  2.79536e+06  7.36796e-19  0.00000e+00  0.00000e+00  1.39763e-06
0231  5.31905e+18  1.88913e+03  2.80287e+06  7.25937e-19  0.00000e+00  0.00000e+00  1.38797e-06
0232  5.33746e+18  1.88571e+03  2.81033e+06  7.15265e-19  0.00000e+00  0.00000e+00  1.37841e-06
0233  5.35588e+18  1.88231e+03  2.81772e+06  7.04781e-19  0.00000e+00  0.00000e+00  1.36894e-06
0234  5.37430e+18  1.87891e+03  2.82501e+06  6.94482e-19  0.00000e+00  0.00000e+00  1.35958e-06
0235  5.39271e+18  1.87552e+03  2.83219e+06  6.84368e-19  0.00000e+00  0.00000e+00  1.35031e-06
0236  5.41113e+18  1.87212e+03  2.83925e+06  6.74436e-19  0.00000e+00  0.00000e+00  1.34113e-06
0237  5.42954e+18  1.86871e+03  2.84618e+06  6.64684e-19  0.00000e+00  0.00000e+00  1.33205e-06
0238  5.44796e+18  1.86526e+03  2.85298e+06  6.55107e-19  0.00000e+00  0.00000e+00  1.32306e-06
0239  5.46637e+18  1.86177e+03  2.85966e+06  6.45701e-19  0.00000e+00  0.00000e+00  1.31416e-06
0240  5.48479e+18  1.85822e+03  2.86624e+06  6.36462e-19  0.00000e+00  0.00000e+00  1.30535e-06
0241  5.50320e+18  1.85459e+03  2.87272e+06  6.27384e-19  0.00000e+00  0.00000e+00  1.29663e-06
0242  5.52162e+18  1.85089e+03  2.87912e+06  6.18461e-19  0.00000e+00  0.00000e+00  1.28800e-06
0243  5.54004e+18  1.84713e+03  2.88546e+06  6.09688e-19  0.00000e+00  0.00000e+00  1.27945e-06
0244  5.55845e+18  1.84330e+03  2.89175e+06  6.01059e-19  0.00000e+00  0.00000e+00  1.27098e-06
0245  5.57687e+18  1.83944e+03  2.89800e+06  5.92570e-19  0.00000e+00  0.00000e+00  1.26260e-06
0246  5.59528e+18  1.83557e+03  2.90421e+06  5.84216e-19  0.00000e+00  0.00000e+00  1.25431e-06
0247  5.61370e+18  1.83171e+03  2.91039e+06  5.75994e-19  0.00000e+00  0.00000e+00  1.24609e-06
0248  5.63211e+18  1.82789e+03  2.91656e+06  5.67899e-19  0.00000e+00  0.00000e+00  1.23795e-06
0249  5.65053e+18  1.82414e+03  2.92274e+06  5.59928e-19  0.00000e+00  0.00000e+00  1.22990e-06
0250  5.66894e+18  1.82048e+03  2.92893e+06  5.52077e-19  0.00000e+00  0.00000e+00  1.22192e-06
0251  5.68736e+18  1.81693e+03  2.93517e+06  5.44343e-19  0.00000e+00  0.00000e+00  1.21402e-06
0252  5.70578e+18  1.81351e+03  2.94149e+06  5.36721e-19  0.00000e+00  0.00000e+00  1.20620e-06
0253  5.72419e+18  1.81023e+03  2.94791e+06  5.29208e-19  0.00000e+00  0.00000e+00  1.19845e-06
0254  5.74261e+18  1.80713e+03  2.95452e+06  5.21795e-19  0.00000e+00  0.00000e+00  1.19077e-06
0255  5.76102e+18  1.80425e+03  2.96139e+06  5.14477e-19  0.00000e+00  0.00000e+00  1.18317e-06
0256  5.77944e+18  1.80157e+03  2.96854e+06  5.09191e-19  0.00000e+00  0.00000e+00  1.17565e-06
0257  5.79785e+18  1.79907e+03  2.97599e+06  5.02277e-19  0.00000e+00  0.00000e+00  1.16819e-06
0258  5.81627e+18  1.79676e+03  2.98374e+06  4.95412e-19  0.00000e+00  0.00000e+00  1.16080e-06
0259  5.83468e+18  1.79463e+03  2.99182e+06  4.88609e-19  0.00000e+00  0.00000e+00  1.15349e-06
0260  5.85310e+18  1.79268e+03  3.00026e+06  4.81870e-19  0.00000e+00  0.00000e+00  1.14624e-06
0261  5.87152e+18  1.79089e+03  3.00901e+06  4.75200e-19  0.00000e+00  0.00000e+00  1.13906e-06
0262  5.88993e+18  1.78919e+03  3.01795e+06  4.68616e-19  0.00000e+00  0.00000e+00  1.13195e-06
0263  5.90835e+18  1.78751e+03  3.02696e+06  4.62130e-19  0.00000e+00  0.00000e+00  1.12490e-06
0264  5.92676e+18  1.78613e+03  3.03647e+06  4.55689e-19  0.00000e+00  0.00000e+00  1.11792e-06
0265  5.94518e+18  1.78602e+03  3.04812e+06  4.49094e-19  0.00000e+00  0.00000e+00  1.11101e-06
0266  5.96359e+18  1.78868e+03  3.06449e+06  4.42056e-19  0.00000e+00  0.00000e+00  1.10416e-06
0267  5.98201e+18  1.79237e+03  3.08267e+06  4.34944e-19  0.00000e+00  0.00000e+00  1.09737e-06
0268  6.00043e+18  1.78739e+03  3.08586e+06  4.29664e-19  0.00000e+00  0.00000e+00  1.09065e-06
0269  6.01884e+18  1.77572e+03  3.07728e+06  4.25749e-19  0.00000e+00  0.00000e+00  1.08398e-06
0270  6.03726e+18  1.75736e+03  3.05680e+06  4.23122e-19  0.00000e+00  0.00000e+00  1.07738e-06
0271  6.05567e+18  1.71671e+03  2.99694e+06  4.24547e-19  0.00000e+00  0.00000e+00  1.07084e-06
0272  6.07409e+18  1.61884e+03  2.83610e+06  4.34982e-19  0.00000e+00  0.00000e+00  1.06435e-06
0273  6.09250e+18  1.40759e+03  2.47408e+06  4.55678e-19  0.00000e+00  0.00000e+00  1.05793e-06
0274  6.11092e+18  1.05716e+03  1.86237e+06  4.26881e-19  0.00000e+00  0.00000e+00  1.05156e-06
0275  6.12933e+18  6.60529e+02  1.16560e+06  3.55245e-19  0.00000e+00  0.00000e+00  1.04525e-06
0276  6.14775e+18  3.57763e+02  6.30777e+05  1.69562e-18  0.00000e+00  0.00000e+00  1.03900e-06
0277  6.16617e+18  1.92084e+02  3.26448e+05 -1.34116e-19  0.00000e+00  0.00000e+00  1.03280e-06
0278  6.18458e+18  1.31862e+02  2.13452e+05 -6.49764e-18  0.00000e+00  0.00000e+00  1.02666e-06
0279  6.20300e+18  1.25216e+02  1.96739e+05 -2.31905e-18  0.00000e+00  0.00000e+00  1.02057e-06
0280  6.22141e+18  1.27951e+02  1.96368e+05  1.90137e-19  0.00000e+00  0.00000e+00  1.01454e-06
0281  6.23983e+18  1.41077e+02  2.10488e+05  1.86313e-18  0.00000e+00  0.00000e+00  1.00856e-06
0282  6.25824e+18  1.72628e+02  2.46777e+05  3.91482e-18  0.00000e+00  0.00000e+00  1.00263e-06
0283  6.27666e+18  2.28694e+02  3.08534e+05  5.69292e-18  0.00000e+00  0.00000e+00  9.96760e-07
0284  6.29507e+18  3.06211e+02  3.87928e+05  5.02074e-18  0.00000e+00  0.00000e+00  9.90937e-07
0285  6.31349e+18  3.89992e+02  4.70436e+05  3.70404e-18  0.00000e+00  0.00000e+00  9.85164e-07
0286  6.33191e+18  4.65614e+02  5.43558e+05  2.76604e-18  0.00000e+00  0.00000e+00  9.79442e-07
0287  6.35032e+18  5.28731e+02  6.02697e+05  2.22050e-18  0.00000e+00  0.00000e+00  9.73770e-07
0288  6.36874e+18  5.80990e+02  6.49232e+05  1.87954e-18  0.00000e+00  0.00000e+00  9.68146e-07
0289  6.38715e+18  6.25153e+02  6.86344e+05  1.64274e-18  0.00000e+00  0.00000e+00  9.62572e-07
0290  6.40557e+18  6.63631e+02  7.17046e+05  1.47547e-18  0.00000e+00  0.00000e+00  9.57045e-07
0291  6.42398e+18  6.98209e+02  7.43439e+05  1.36065e-18  0.00000e+00  0.00000e+00  9.51566e-07
0292  6.44240e+18  7.30010e+02  7.66762e+05  1.26488e-18  0.00000e+00  0.00000e+00  9.46133e-07
0293  6.46081e+18  7.59693e+02  7.87796e+05  1.18345e-18  0.00000e+00  0.00000e+00  9.40747e-07
0294  6.47923e+18  7.87689e+02  8.07071e+05  1.11294e-18  0.00000e+00  0.00000e+00  9.35407e-07
0295  6.49765e+18  8.14313e+02  8.24951e+05  1.05381e-18  0.00000e+00  0.00000e+00  9.30113e-07
0296  6.51606e+18  8.39781e+02  8.41678e+05  1.00102e-18  0.00000e+00  0.00000e+00  9.24863e-07
0297  6.53448e+18  8.64235e+02  8.57420e+05  9.53269e-19  0.00000e+00  0.00000e+00  9.19657e-07
0298  6.55289e+18  8.87766e+02  8.72297e+05  9.09689e-19  0.00000e+00  0.00000e+00  9.14495e-07
0299  6.57131e+18  9.10456e+02  8.86405e+05  8.69724e-19  0.00000e+00  0.00000e+00  9.09377e-07
0300  6.58972e+18  9.32453e+02  8.99909e+05  8.32779e-19  0.00000e+00  0.00000e+00  9.04301e-07
0301  6.60814e+18  9.53930e+02  9.12992e+05  8.07980e-19  0.00000e+00  0.00000e+00  8.99268e-07
0302  6.62655e+18  9.74947e+02  9.25647e+05  7.78878e-19  0.00000e+00  0.00000e+00  8.94277e-07
0303  6.64497e+18  9.95495e+02  9.37915e+05  7.51389e-19  0.00000e+00  0.00000e+00  8.89327e-07
0304  6.66339e+18  1.01558e+03  9.49825e+05  7.25396e-19  0.00000e+00  0.00000e+00  8.84418e-07
0305  6.68180e+18  1.03521e+03  9.61404e+05  7.00791e-19  0.00000e+00  0.00000e+00  8.79550e-07
0306  6.70022e+18  1.05442e+03  9.72687e+05  6.78756e-19  0.00000e+00  0.00000e+00  8.74722e-07
0307  6.71863e+18  1.07326e+03  9.83721e+05  6.58238e-19  0.00000e+00  0.00000e+00  8.69933e-07
0308  6.73705e+18  1.09177e+03  9.94531e+05  6.39512e-19  0.00000e+00  0.00000e+00  8.65184e-07
0309  6.75546e+18  1.10995e+03  1.00513e+06  6.21554e-19  0.00000e+00  0.00000e+00  8.60473e-07
0310  6.77388e+18  1.12779e+03  1.01553e+06  6.04328e-19  0.00000e+00  0.00000e+00  8.55801e-07
0311  6.79229e+18  1.14532e+03  1.02574e+06  5.87802e-19  0.00000e+00  0.00000e+00  8.51167e-07
0312  6.81071e+18  1.16252e+03  1.03578e+06  5.71941e-19  0.00000e+00  0.00000e+00  8.46570e-07
0313  6.82913e+18  1.17940e+03  1.04564e+06  5.56715e-19  0.00000e+00  0.00000e+00  8.42010e-07
0314  6.84754e+18  1.19596e+03  1.05533e+06  5.42093e-19  0.00000e+00  0.00000e+00  8.37487e-07
0315  6.86596e+18  1.21220e+03  1.06486e+06  5.28049e-19  0.00000e+00  0.00000e+00  8.33001e-07
0316  6.88437e+18  1.22812e+03  1.07424e+06  5.14559e-19  0.00000e+00  0.00000e+00  8.28550e-07
0317  6.90279e+18  1.24373e+03  1.08347e+06  5.01592e-19  0.00000e+00  0.00000e+00  8.24135e-07
0318  6.92120e+18  1.25906e+03  1.09259e+06  4.90466e-19  0.00000e+00  0.00000e+00  8.19755e-07
0319  6.93962e+18  1.27414e+03  1.10160e+06  4.79947e-19  0.00000e+00  0.00000e+00  8.15410e-07
0320  6.95803e+18  1.28896e+03  1.11051e+06  4.69720e-19  0.00000e+00  0.00000e+00  8.11100e-07
0321  6.97645e+18  1.30351e+03  1.11931e+06  4.59780e-19  0.00000e+00  0.00000e+00  8.06824e-07
0322  6.99487e+18  1.31780e+03  1.12801e+06  4.50124e-19  0.00000e+00  0.00000e+00  8.02581e-07
0323  7.01328e+18  1.33181e+03  1.13660e+06  4.40749e-19  0.00000e+00  0.00000e+00  7.98371e-07
0324  7.03170e+18  1.34554e+03  1.14509e+06  4.31743e-19  0.00000e+00  0.00000e+00  7.94195e-07
0325  7.05011e+18  1.35901e+03  1.15348e+06  4.23141e-19  0.00000e+00  0.00000e+00  7.90052e-07
0326  7.06853e+18  1.37219e+03  1.16177e+06  4.14781e-19  0.00000e+00  0.00000e+00  7.85940e-07
0327  7.08694e+18  1.38511e+03  1.16996e+06  4.06656e-19  0.00000e+00  0.00000e+00  7.81861e-07
0328  7.10536e+18  1.39775e+03  1.17805e+06  3.98763e-19  0.00000e+00  0.00000e+00  7.77813e-07
0329  7.12378e+18  1.41012e+03  1.18605e+06  3.91094e-19  0.00000e+00  0.00000e+00  7.73797e-07
0330  7.14219e+18  1.42221e+03  1.19395e+06  3.83644e-19  0.00000e+00  0.00000e+00  7.69812e-07
0331  7.16061e+18  1.43403e+03  1.20176e+06  3.76406e-19  0.00000e+00  0.00000e+00  7.65858e-07
0332  7.17902e+18  1.44559e+03  1.20947e+06  3.69374e-19  0.00000e+00  0.00000e+00  7.61933e-07
0333  7.19744e+18  1.45690e+03  1.21710e+06  3.62541e-19  0.00000e+00  0.00000e+00  7.58039e-07
0334  7.21585e+18  1.46795e+03  1.22463e+06  3.55900e-19  0.00000e+00  0.00000e+00  7.54175e-07
0335  7.23427e+18  1.47876e+03  1.23206e+06  3.49444e-19  0.00000e+00  0.00000e+00  7.50340e-07
0336  7.25268e+18  1.48933e+03  1.23942e+06  3.43168e-19  0.00000e+00  0.00000e+00  7.46535e-07
0337  7.27110e+18  1.49967e+03  1.24669e+06  3.37070e-19  0.00000e+00  0.00000e+00  7.42758e-07
0338  7.28952e+18  1.50979e+03  1.25389e+06  3.31310e-19  0.00000e+00  0.00000e+00  7.39010e-07
0339  7.30793e+18  1.51969e+03  1.26102e+06  3.25695e-19  0.00000e+00  0.00000e+00  7.35290e-07
0340  7.32635e+18  1.52937e+03  1.26809e+06  3.20219e-19  0.00000e+00  0.00000e+00  7.31598e-07
0341  7.34476e+18  1.53883e+03  1.27511e+06  3.14879e-19  0.00000e+00  0.00000e+00  7.27934e-07
0342  7.36318e+18  1.54807e+03  1.28208e+06  3.09670e-19  0.00000e+00  0.00000e+00  7.24298e-07
0343  7.38159e+18  1.55710e+03  1.28900e+06  3.04589e-19  0.00000e+00  0.00000e+00  7.20688e-07
0344  7.40001e+18  1.56592e+03  1.29587e+06  2.99632e-19  0.00000e+00  0.00000e+00  7.17106e-07
0345  7.41842e+18  1.57452e+03  1.30271e+06  2.94794e-19  0.00000e+00  0.00000e+00  7.13550e-07
0346  7.43684e+18  1.58293e+03  1.30949e+06  2.90073e-19  0.00000e+00  0.00000e+00  7.10020e-07
0347  7.45526e+18  1.59113e+03  1.31624e+06  2.85465e-19  0.00000e+00  0.00000e+00  7.06517e-07
0348  7.47367e+18  1.59915e+03  1.32294e+06  2.80966e-19  0.00000e+00  0.00000e+00  7.03039e-07
0349  7.49209e+18  1.60697e+03  1.32959e+06  2.76574e-19  0.00000e+00  0.00000e+00  6.99587e-07
0350  7.51050e+18  1.61461e+03  1.33620e+06  2.72285e-19  0.00000e+00  0.00000e+00  6.96161e-07
0351  7.52892e+18  1.62208e+03  1.34276e+06  2.68007e-19  0.00000e+00  0.00000e+00  6.92759e-07
0352  7.54733e+18  1.62940e+03  1.34929e+06  2.64092e-19  0.00000e+00  0.00000e+00  6.89383e-07
0353  7.56575e+18  1.63658e+03  1.35579e+06  2.60258e-19  0.00000e+00  0.00000e+00  6.86031e-07
0354  7.58416e+18  1.64362e+03  1.36226e+06  2.56502e-19  0.00000e+00  0.00000e+00  6.82703e-07
0355  7.60258e+18  1.65054e+03  1.36869e+06  2.52822e-19  0.00000e+00  0.00000e+00  6.79400e-07
0356  7.62100e+18  1.65734e+03  1.37509e+06  2.49217e-19  0.00000e+00  0.00000e+00  6.76121e-07
0357  7.63941e+18  1.66403e+03  1.38144e+06  2.45685e-19  0.00000e+00  0.00000e+00  6.72865e-07
0358  7.65783e+18  1.67060e+03  1.38776e+06  2.42223e-19  0.00000e+00  0.00000e+00  6.69632e-07
0359  7.67624e+18  1.67705e+03  1.39405e+06  2.38831e-19  0.00000e+00  0.00000e+00  6.66423e-07
0360  7.69466e+18  1.68338e+03  1.40030e+06  2.35507e-19  0.00000e+00  0.00000e+00  6.63237e-07
0361  7.71307e+18  1.68958e+03  1.40651e+06  2.32250e-19  0.00000e+00  0.00000e+00  6.60074e-07
0362  7.73149e+18  1.69567e+03  1.41270e+06  2.29057e-19  0.00000e+00  0.00000e+00  6.56933e-07
0363  7.74990e+18  1.70163e+03  1.41885e+06  2.25928e-19  0.00000e+00  0.00000e+00  6.53815e-07
0364  7.76832e+18  1.70747e+03  1.42497e+06  2.22860e-19  0.00000e+00  0.00000e+00  6.50719e-07
0365  7.78674e+18  1.71321e+03  1.43105e+06  2.19853e-19  0.00000e+00  0.00000e+00  6.47644e-07
0366  7.80515e+18  1.71883e+03  1.43711e+06  2.16903e-19  0.00000e+00  0.00000e+00  6.44592e-07
0367  7.82357e+18  1.72435e+03  1.44313e+06  2.14011e-19  0.00000e+00  0.00000e+00  6.41561e-07
0368  7.84198e+18  1.72977e+03  1.44911e+06  2.11174e-19  0.00000e+00  0.00000e+00  6.38551e-07
0369  7.86040e+18  1.73508e+03  1.45507e+06  2.08391e-19  0.00000e+00  0.00000e+00  6.35563e-07
0370  7.87881e+18  1.74029e+03  1.46099e+06  2.05661e-19  0.00000e+00  0.00000e+00  6.32595e-07
0371  7.89723e+18  1.74540e+03  1.46689e+06  2.02982e-19  0.00000e+00  0.00000e+00  6.29648e-07
0372  7.91564e+18  1.75041e+03  1.47276e+06  2.00354e-19  0.00000e+00  0.00000e+00  6.26722e-07
0373  7.93406e+18  1.75532e+03  1.47861e+06  1.97774e-19  0.00000e+00  0.00000e+00  6.23816e-07
0374  7.95248e+18  1.76014e+03  1.48443e+06  1.95242e-19  0.00000e+00  0.00000e+00  6.20930e-07
0375  7.97089e+18  1.76486e+03  1.49022e+06  1.92756e-19  0.00000e+00  0.00000e+00  6.18064e-07
0376  7.98931e+18  1.76949e+03  1.49598e+06  1.90316e-19  0.00000e+00  0.00000e+00  6.15218e-07
0377  8.00772e+18  1.77404e+03  1.50172e+06  1.87919e-19  0.00000e+00  0.00000e+00  6.12392e-07
0378  8.02614e+18  1.77851e+03  1.50743e+06  1.85566e-19  0.00000e+00  0.00000e+00  6.09585e-07
0379  8.04455e+18  1.78289e+03  1.51311e+06  1.83255e-19  0.00000e+00  0.00000e+00  6.06797e-07
0380  8.06297e+18  1.78719e+03  1.51876e+06  1.80984e-19  0.00000e+00  0.00000e+00  6.04029e-07
0381  8.08139e+18  1.79141e+03  1.52439e+06  1.78754e-19  0.00000e+00  0.00000e+00  6.01279e-07
0382  8.09980e+18  1.79555e+03  1.52998e+06  1.76563e-19  0.00000e+00  0.00000e+00  5.98548e-07
0383  8.11822e+18  1.79960e+03  1.53553e+06  1.74413e-19  0.00000e+00  0.00000e+00  5.95835e-07
0384  8.13663e+18  1.80355e+03  1.54102e+06  1.72302e-19  0.00000e+00  0.00000e+00  5.93141e-07
0385  8.15505e+18  1.80742e+03  1.54649e+06  1.69942e-19  0.00000e+00  0.00000e+00  5.90466e-07
0386  8.17346e+18  1.81122e+03  1.55192e+06  1.67999e-19  0.00000e+00  0.00000e+00  5.87808e-07
0387  8.19188e+18  1.81496e+03  1.55735e+06  1.66085e-19  0.00000e+00  0.00000e+00  5.85168e-07
0388  8.21029e+18  1.81865e+03  1.56275e+06  1.64200e-19  0.00000e+00  0.00000e+00  5.82546e-07
0389  8.22871e+18  1.82230e+03  1.56815e+06  1.62342e-19  0.00000e+00  0.00000e+00  5.79941e-07
0390  8.24713e+18  1.82589e+03  1.57354e+06  1.60523e-19  0.00000e+00  0.00000e+00  5.77354e-07
0391  8.26554e+18  1.82942e+03  1.57891e+06  1.58751e-19  0.00000e+00  0.00000e+00  5.74784e-07
0392  8.28396e+18  1.83290e+03  1.58426e+06  1.57004e-19  0.00000e+00  0.00000e+00  5.72232e-07
0393  8.30237e+18  1.83631e+03  1.58958e+06  1.55284e-19  0.00000e+00  0.00000e+00  5.69696e-07
0394  8.32079e+18  1.83965e+03  1.59487e+06  1.53590e-19  0.00000e+00  0.00000e+00  5.67177e-07
0395  8.33920e+18  1.84290e+03  1.60011e+06  1.51922e-19  0.00000e+00  0.00000e+00  5.64675e-07
0396  8.35762e+18  1.84606e+03  1.60530e+06  1.50282e-19  0.00000e+00  0.00000e+00  5.62189e-07
0397  8.37603e+18  1.84913e+03  1.61043e+06  1.48668e-19  0.00000e+00  0.00000e+00  5.59720e-07
0398  8.39445e+18  1.85210e+03  1.61549e+06  1.47080e-19  0.00000e+00  0.00000e+00  5.57267e-07
0399  8.41287e+18  1.85495e+03  1.62047e+06  1.45520e-19  0.00000e+00  0.00000e+00  5.54830e-07
0400  8.43128e+18  1.85770e+03  1.62538e+06  1.43985e-19  0.00000e+00  0.00000e+00  5.52409e-07
0401  8.44970e+18  1.86032e+03  1.63020e+06  1.42478e-19  0.00000e+00  0.00000e+00  5.50003e-07
0402  8.46811e+18  1.86282e+03  1.63494e+06  1.40996e-19  0.00000e+00  0.00000e+00  5.47614e-07
0403  8.48653e+18  1.86519e+03  1.63958e+06  1.39540e-19  0.00000e+00  0.00000e+00  5.45240e-07
0404  8.50494e+18  1.86744e+03  1.64413e+06  1.38109e-19  0.00000e+00  0.00000e+00  5.42881e-07
0405  8.52336e+18  1.86955e+03  1.64859e+06  1.36704e-19  0.00000e+00  0.00000e+00  5.40538e-07
0406  8.54177e+18  1.87152e+03  1.65296e+06  1.35323e-19  0.00000e+00  0.00000e+00  5.38209e-07
0407  8.56019e+18  1.87336e+03  1.65723e+06  1.33966e-19  0.00000e+00  0.00000e+00  5.35896e-07
0408  8.57861e+18  1.87506e+03  1.66142e+06  1.32633e-19  0.00000e+00  0.00000e+00  5.33598e-07
0409  8.59702e+18  1.87664e+03  1.66552e+06  1.31323e-19  0.00000e+00  0.00000e+00  5.31314e-07
0410  8.61544e+18  1.87809e+03  1.66953e+06  1.30035e-19  0.00000e+00  0.00000e+00  5.29045e-07
0411  8.63385e+18  1.87941e+03  1.67347e+06  1.28768e-19  0.00000e+00  0.00000e+00  5.26791e-07
0412  8.65227e+18  1.88063e+03  1.67733e+06  1.27522e-19  0.00000e+00  0.00000e+00  5.24551e-07
0413  8.67068e+18  1.88173e+03  1.68112e+06  1.26296e-19  0.00000e+00  0.00000e+00  5.22325e-07
0414  8.68910e+18  1.88273e+03  1.68484e+06  1.25090e-19  0.00000e+00  0.00000e+00  5.20113e-07
0415  8.70751e+18  1.88364e+03  1.68850e+06  1.23902e-19  0.00000e+00  0.00000e+00  5.17916e-07
0416  8.72593e+18  1.88445e+03  1.69211e+06  1.22732e-19  0.00000e+00  0.00000e+00  5.15732e-07
0417  8.74435e+18  1.88519e+03  1.69567e+06  1.21580e-19  0.00000e+00  0.00000e+00  5.13562e-07
0418  8.76276e+18  1.88585e+03  1.69918e+06  1.20444e-19  0.00000e+00  0.00000e+00  5.11406e-07
0419  8.78118e+18  1.88644e+03  1.70267e+06  1.19323e-19  0.00000e+00  0.00000e+00  5.09263e-07
0420  8.79959e+18  1.88697e+03  1.70612e+06  1.18218e-19  0.00000e+00  0.00000e+00  5.07134e-07
0421  8.81801e+18  1.88745e+03  1.70955e+06  1.17128e-19  0.00000e+00  0.00000e+00  5.05018e-07
0422  8.83642e+18  1.88788e+03  1.71296e+06  1.16052e-19  0.00000e+00  0.00000e+00  5.02915e-07
0423  8.85484e+18  1.88828e+03  1.71634e+06  1.14989e-19  0.00000e+00  0.00000e+00  5.00825e-07
0424  8.87326e+18  1.88867e+03  1.71970e+06  1.13939e-19  0.00000e+00  0.00000e+00  4.98749e-07
0425  8.89167e+18  1.88907e+03  1.72303e+06  1.12901e-19  0.00000e+00  0.00000e+00  4.96685e-07
0426  8.91009e+18  1.88947e+03  1.72633e+06  1.11875e-19  0.00000e+00  0.00000e+00  4.94634e-07
0427  8.92850e+18  1.88989e+03  1.72960e+06  1.10861e-19  0.00000e+00  0.00000e+00  4.92595e-07
0428  8.94692e+18  1.89032e+03  1.73285e+06  1.09859e-19  0.00000e+00  0.00000e+00  4.90570e-07
0429  8.96533e+18  1.89074e+03  1.73609e+06  1.08868e-19  0.00000e+00  0.00000e+00  4.88556e-07
0430  8.98375e+18  1.89113e+03  1.73932e+06  1.07889e-19  0.00000e+00  0.00000e+00  4.86555e-07
0431  9.00216e+18  1.89147e+03  1.74256e+06  1.06922e-19  0.00000e+00  0.00000e+00  4.84567e-07
0432  9.02058e+18  1.89175e+03  1.74582e+06  1.05966e-19  0.00000e+00  0.00000e+00  4.82590e-07
0433  9.03900e+18  1.89197e+03  1.74910e+06  1.05022e-19  0.00000e+00  0.00000e+00  4.80626e-07
0434  9.05741e+18  1.89213e+03  1.75239e+06  1.04089e-19  0.00000e+00  0.00000e+00  4.78674e-07
0435  9.07583e+18  1.89223e+03  1.75570e+06  1.03167e-19  0.00000e+00  0.00000e+00  4.76733e-07
0436  9.09424e+18  1.89231e+03  1.75902e+06  1.02256e-19  0.00000e+00  0.00000e+00  4.74804e-07
0437  9.11266e+18  1.89236e+03  1.76234e+06  1.01355e-19  0.00000e+00  0.00000e+00  4.72887e-07
0438  9.13107e+18  1.89241e+03  1.76565e+06  1.00464e-19  0.00000e+00  0.00000e+00  4.70982e-07
0439  9.14949e+18  1.89245e+03  1.76895e+06  9.95826e-20  0.00000e+00  0.00000e+00  4.69088e-07
0440  9.16790e+18  1.89249e+03  1.77224e+06  9.87114e-20  0.00000e+00  0.00000e+00  4.67205e-07
0441  9.18632e+18  1.89251e+03  1.77549e+06  9.78505e-20  0.00000e+00  0.00000e+00  4.65334e-07
0442  9.20474e+18  1.89250e+03  1.77871e+06  9.70002e-20  0.00000e+00  0.00000e+00  4.63474e-07
0443  9.22315e+18  1.89245e+03  1.78189e+06  9.61608e-20  0.00000e+00  0.00000e+00  4.61625e-07
0444  9.24157e+18  1.89234e+03  1.78500e+06  9.53328e-20  0.00000e+00  0.00000e+00  4.59787e-07
0445  9.25998e+18  1.89218e+03  1.78805e+06  9.45161e-20  0.00000e+00  0.00000e+00  4.57960e-07
0446  9.27840e+18  1.89196e+03  1.79102e+06  9.37107e-20  0.00000e+00  0.00000e+00  4.56144e-07
0447  9.29681e+18  1.89169e+03  1.79392e+06  9.29162e-20  0.00000e+00  0.00000e+00  4.54338e-07
0448  9.31523e+18  1.89138e+03  1.79675e+06  9.21320e-20  0.00000e+00  0.00000e+00  4.52544e-07
0449  9.33364e+18  1.89106e+03  1.79952e+06  9.13577e-20  0.00000e+00  0.00000e+00  4.50760e-07
0450  9.35206e+18  1.89074e+03  1.80222e+06  9.05926e-20  0.00000e+00  0.00000e+00  4.48986e-07
0451  9.37048e+18  1.89043e+03  1.80487e+06  8.98361e-20  0.00000e+00  0.00000e+00  4.47223e-07
0452  9.38889e+18  1.89016e+03  1.80746e+06  8.90877e-20  0.00000e+00  0.00000e+00  4.45470e-07
0453  9.40731e+18  1.88990e+03  1.81002e+06  8.83471e-20  0.00000e+00  0.00000e+00  4.43728e-07
0454  9.42572e+18  1.88969e+03  1.81254e+06  8.76141e-20  0.00000e+00  0.00000e+00  4.41996e-07
0455  9.44414e+18  1.88950e+03  1.81504e+06  8.68884e-20  0.00000e+00  0.00000e+00  4.40274e-07
0456  9.46255e+18  1.88935e+03  1.81751e+06  8.61698e-20  0.00000e+00  0.00000e+00  4.38562e-07
0457  9.48097e+18  1.88927e+03  1.81994e+06  8.54579e-20  0.00000e+00  0.00000e+00  4.36860e-07
0458  9.49939e+18  1.88927e+03  1.82233e+06  8.47524e-20  0.00000e+00  0.00000e+00  4.35168e-07
0459  9.51780e+18  1.88935e+03  1.82468e+06  8.40533e-20  0.00000e+00  0.00000e+00  4.33485e-07
0460  9.53622e+18  1.88950e+03  1.82700e+06  8.33604e-20  0.00000e+00  0.00000e+00  4.31813e-07
0461  9.55463e+18  1.88973e+03  1.82929e+06  8.26736e-20  0.00000e+00  0.00000e+00  4.30150e-07
0462  9.57305e+18  1.89005e+03  1.83154e+06  8.19929e-20  0.00000e+00  0.00000e+00  4.28496e-07
0463  9.59146e+18  1.89046e+03  1.83375e+06  8.13180e-20  0.00000e+00  0.00000e+00  4.26853e-07
0464  9.60988e+18  1.89095e+03  1.83593e+06  8.06491e-20  0.00000e+00  0.00000e+00  4.25218e-07
0465  9.62829e+18  1.89152e+03  1.83806e+06  7.99863e-20  0.00000e+00  0.00000e+00  4.23593e-07
0466  9.64671e+18  1.89216e+03  1.84016e+06  7.93296e-20  0.00000e+00  0.00000e+00  4.21977e-07
0467  9.66513e+18  1.89286e+03  1.84221e+06  7.86791e-20  0.00000e+00  0.00000e+00  4.20371e-07
0468  9.68354e+18  1.89360e+03  1.84422e+06  7.82956e-20  0.00000e+00  0.00000e+00  4.18773e-07
0469  9.70196e+18  1.89440e+03  1.84618e+06  7.76590e-20  0.00000e+00  0.00000e+00  4.17185e-07
0470  9.72037e+18  1.89523e+03  1.84810e+06  7.70286e-20  0.00000e+00  0.00000e+00  4.15606e-07
0471  9.73879e+18  1.89610e+03  1.84996e+06  7.64047e-20  0.00000e+00  0.00000e+00  4.14036e-07
0472  9.75720e+18  1.89700e+03  1.85177e+06  7.57871e-20  0.00000e+00  0.00000e+00  4.12474e-07
0473  9.77562e+18  1.89792e+03  1.85353e+06  7.51761e-20  0.00000e+00  0.00000e+00  4.10922e-07
0474  9.79403e+18  1.89885e+03  1.85524e+06  7.45716e-20  0.00000e+00  0.00000e+00  4.09378e-07
0475  9.81245e+18  1.89980e+03  1.85689e+06  7.39735e-20  0.00000e+00  0.00000e+00  4.07843e-07
0476  9.83087e+18  1.90075e+03  1.85849e+06  7.33820e-20  0.00000e+00  0.00000e+00  4.06316e-07
0477  9.84928e+18  1.90170e+03  1.86004e+06  7.27969e-20  0.00000e+00  0.00000e+00  4.04798e-07
0478  9.86770e+18  1.90266e+03  1.86153e+06  7.22182e-20  0.00000e+00  0.00000e+00  4.03289e-07
0479  9.88611e+18  1.90362e+03  1.86297e+06  7.16458e-20  0.00000e+00  0.00000e+00  4.01788e-07
0480  9.90453e+18  1.90458e+03  1.86436e+06  7.10797e-20  0.00000e+00  0.00000e+00  4.00295e-07
0481  9.92294e+18  1.90554e+03  1.86569e+06  7.05198e-20  0.00000e+00  0.00000e+00  3.98810e-07
0482  9.94136e+18  1.90650e+03  1.86697e+06  6.99660e-20  0.00000e+00  0.00000e+00  3.97334e-07
0483  9.95977e+18  1.90746e+03  1.86819e+06  6.94182e-20  0.00000e+00  0.00000e+00  3.95866e-07
0484  9.97819e+18  1.90841e+03  1.86935e+06  6.88765e-20  0.00000e+00  0.00000e+00  3.94406e-07
0485  9.99661e+18  1.90936e+03  1.87047e+06  6.83406e-20  0.00000e+00  0.00000e+00  3.92955e-07
0486  1.00150e+19  1.91031e+03  1.87152e+06  6.78107e-20  0.00000e+00  0.00000e+00  3.91511e-07
0487  1.00334e+19  1.91125e+03  1.87252e+06  6.72866e-20  0.00000e+00  0.00000e+00  3.90075e-07
0488  1.00519e+19  1.91219e+03  1.87346e+06  6.67683e-20  0.00000e+00  0.00000e+00  3.88647e-07
0489  1.00703e+19  1.91312e+03  1.87433e+06  6.62557e-20  0.00000e+00  0.00000e+00  3.87227e-07
0490  1.00887e+19  1.91405e+03  1.87515e+06  6.57487e-20  0.00000e+00  0.00000e+00  3.85814e-07
0491  1.01071e+19  1.91497e+03  1.87592e+06  6.52472e-20  0.00000e+00  0.00000e+00  3.84410e-07
0492  1.01255e+19  1.91589e+03  1.87663e+06  6.47511e-20  0.00000e+00  0.00000e+00  3.83013e-07
0493  1.01439e+19  1.91682e+03  1.87729e+06  6.42600e-20  0.00000e+00  0.00000e+00  3.81623e-07
0494  1.01623e+19  1.91777e+03  1.87791e+06  6.37737e-20  0.00000e+00  0.00000e+00  3.80242e-07
0495  1.01808e+19  1.91874e+03  1.87850e+06  6.32919e-20  0.00000e+00  0.00000e+00  3.78867e-07
0496  1.01992e+19  1.91975e+03  1.87908e+06  6.28141e-20  0.00000e+00  0.00000e+00  3.77500e-07
0497  1.02176e+19  1.92082e+03  1.87967e+06  6.23398e-20  0.00000e+00  0.00000e+00  3.76141e-07
0498  1.02360e+19  1.92196e+03  1.88027e+06  6.18685e-20  0.00000e+00  0.00000e+00  3.74789e-07
0499  1.02544e+19  1.92320e+03  1.88092e+06  6.13996e-20  0.00000e+00  0.00000e+00  3.73444e-07
0500  1.02728e+19  1.92456e+03  1.88165e+06  6.09325e-20  0.00000e+00  0.00000e+00  3.72106e-07
0501  1.02913e+19  1.92606e+03  1.88246e+06  6.04666e-20  0.00000e+00  0.00000e+00  3.70775e-07
0502  1.03097e+19  1.92772e+03  1.88340e+06  6.00012e-20  0.00000e+00  0.00000e+00  3.69452e-07
0503  1.03281e+19  1.92957e+03  1.88448e+06  5.95359e-20  0.00000e+00  0.00000e+00  3.68136e-07
0504  1.03465e+19  1.93161e+03  1.88572e+06  5.90701e-20  0.00000e+00  0.00000e+00  3.66826e-07
0505  1.03649e+19  1.93387e+03  1.88714e+06  5.86038e-20  0.00000e+00  0.00000e+00  3.65524e-07
0506  1.03833e+19  1.93635e+03  1.88875e+06  5.81366e-20  0.00000e+00  0.00000e+00  3.64229e-07
0507  1.04017e+19  1.93904e+03  1.89053e+06  5.76688e-20  0.00000e+00  0.00000e+00  3.62940e-07
0508  1.04202e+19  1.94193e+03  1.89249e+06  5.72007e-20  0.00000e+00  0.00000e+00  3.61658e-07
0509  1.04386e+19  1.94499e+03  1.89460e+06  5.67330e-20  0.00000e+00  0.00000e+00  3.60383e-07
0510  1.04570e+19  1.94819e+03  1.89683e+06  5.62666e-20  0.00000e+00  0.00000e+00  3.59115e-07
0511  1.04754e+19  1.95147e+03  1.89912e+06  5.58027e-20  0.00000e+00  0.00000e+00  3.57854e-07
0512  1.04938e+19  1.95477e+03  1.90141e+06  5.53428e-20  0.00000e+00  0.00000e+00  3.56599e-07
0513  1.05122e+19  1.95801e+03  1.90364e+06  5.48887e-20  0.00000e+00  0.00000e+00  3.55350e-07
0514  1.05307e+19  1.96112e+03  1.90572e+06  5.44422e-20  0.00000e+00  0.00000e+00  3.54109e-07
0515  1.05491e+19  1.96400e+03  1.90758e+06  5.40053e-20  0.00000e+00  0.00000e+00  3.52873e-07
0516  1.05675e+19  1.96657e+03  1.90911e+06  5.35797e-20  0.00000e+00  0.00000e+00  3.51645e-07
0517  1.05859e+19  1.96874e+03  1.91026e+06  5.31671e-20  0.00000e+00  0.00000e+00  3.50422e-07
0518  1.06043e+19  1.97047e+03  1.91095e+06  5.27687e-20  0.00000e+00  0.00000e+00  3.49206e-07
0519  1.06227e+19  1.97170e+03  1.91115e+06  5.23854e-20  0.00000e+00  0.00000e+00  3.47996e-07
0520  1.06412e+19  1.97241e+03  1.91084e+06  5.20171e-20  0.00000e+00  0.00000e+00  3.46793e-07
0521  1.06596e+19  1.97263e+03  1.91002e+06  5.16634e-20  0.00000e+00  0.00000e+00  3.45596e-07
0522  1.06780e+19  1.97238e+03  1.90874e+06  5.13232e-20  0.00000e+00  0.00000e+00  3.44405e-07
0523  1.06964e+19  1.97172e+03  1.90704e+06  5.09951e-20  0.00000e+00  0.00000e+00  3.43220e-07
0524  1.07148e+19  1.97073e+03  1.90501e+06  5.06770e-20  0.00000e+00  0.00000e+00  3.42041e-07
0525  1.07332e+19  1.96951e+03  1.90273e+06  5.03671e-20  0.00000e+00  0.00000e+00  3.40868e-07
0526  1.07516e+19  1.96812e+03  1.90028e+06  5.00631e-20  0.00000e+00  0.00000e+00  3.39702e-07
0527  1.07701e+19  1.96667e+03  1.89774e+06  4.97633e-20  0.00000e+00  0.00000e+00  3.38541e-07
0528  1.07885e+19  1.96523e+03  1.89520e+06  4.94658e-20  0.00000e+00  0.00000e+00  3.37386e-07
0529  1.08069e+19  1.96387e+03  1.89270e+06  4.91692e-20  0.00000e+00  0.00000e+00  3.36237e-07
0530  1.08253e+19  1.96263e+03  1.89032e+06  4.88724e-20  0.00000e+00  0.00000e+00  3.35094e-07
0531  1.08437e+19  1.96156e+03  1.88808e+06  4.85746e-20  0.00000e+00  0.00000e+00  3.33957e-07
0532  1.08621e+19  1.96069e+03  1.88601e+06  4.82753e-20  0.00000e+00  0.00000e+00  3.32826e-07
0533  1.08806e+19  1.96002e+03  1.88411e+06  4.79744e-20  0.00000e+00  0.00000e+00  3.31700e-07
0534  1.08990e+19  1.95954e+03  1.88239e+06  4.76720e-20  0.00000e+00  0.00000e+00  3.30580e-07
0535  1.09174e+19  1.95924e+03  1.88083e+06  4.73685e-20  0.00000e+00  0.00000e+00  3.29466e-07
0536  1.09358e+19  1.95908e+03  1.87940e+06  4.70647e-20  0.00000e+00  0.00000e+00  3.28357e-07
0537  1.09542e+19  1.95904e+03  1.87806e+06  4.67611e-20  0.00000e+00  0.00000e+00  3.27254e-07
0538  1.09726e+19  1.95906e+03  1.87678e+06  4.64588e-20  0.00000e+00  0.00000e+00  3.26156e-07
0539  1.09910e+19  1.95911e+03  1.87552e+06  4.61584e-20  0.00000e+00  0.00000e+00  3.25064e-07
0540  1.10095e+19  1.95916e+03  1.87423e+06  4.58608e-20  0.00000e+00  0.00000e+00  3.23978e-07
0541  1.10279e+19  1.95915e+03  1.87290e+06  4.55666e-20  0.00000e+00  0.00000e+00  3.22897e-07
0542  1.10463e+19  1.95909e+03  1.87150e+06  4.52761e-20  0.00000e+00  0.00000e+00  3.21821e-07
0543  1.10647e+19  1.95894e+03  1.87001e+06  4.49896e-20  0.00000e+00  0.00000e+00  3.20751e-07
0544  1.10831e+19  1.95870e+03  1.86844e+06  4.47072e-20  0.00000e+00  0.00000e+00  3.19686e-07
0545  1.11015e+19  1.95838e+03  1.86678e+06  4.44287e-20  0.00000e+00  0.00000e+00  3.18626e-07
0546  1.11200e+19  1.95798e+03  1.86504e+06  4.41540e-20  0.00000e+00  0.00000e+00  3.17571e-07
0547  1.11384e+19  1.95752e+03  1.86323e+06  4.38827e-20  0.00000e+00  0.00000e+00  3.16522e-07
0548  1.11568e+19  1.95700e+03  1.86137e+06  4.36146e-20  0.00000e+00  0.00000e+00  3.15478e-07
0549  1.11752e+19  1.95646e+03  1.85948e+06  4.33493e-20  0.00000e+00  0.00000e+00  3.14439e-07
0550  1.11936e+19  1.95589e+03  1.85756e+06  4.30865e-20  0.00000e+00  0.00000e+00  3.13405e-07
0551  1.12120e+19  1.95533e+03  1.85563e+06  4.28258e-20  0.00000e+00  0.00000e+00  3.12377e-07
0552  1.12305e+19  1.95473e+03  1.85372e+06  4.25674e-20  0.00000e+00  0.00000e+00  3.11353e-07
0553  1.12489e+19  1.95432e+03  1.85176e+06  4.23094e-20  0.00000e+00  0.00000e+00  3.10335e-07
0554  1.12673e+19  1.95324e+03  1.85003e+06  4.20588e-20  0.00000e+00  0.00000e+00  3.09321e-07
0555  1.12857e+19  1.95614e+03  1.84707e+06  4.17772e-20  0.00000e+00  0.00000e+00  3.08312e-07
