# Athena++ data at time=9.600000e+12  cycle=643297570  variables=uov 
# i       x1v         user_out_var0          user_out_var1          user_out_var2          user_out_var3          user_out_var4          user_out_var5      
0002  1.13875e+18  4.91745e+00  3.03478e+04  5.59999e-16  0.00000e+00  0.00000e+00  3.02826e-05
0003  1.15716e+18  1.03218e+01  4.00224e+04  8.70682e-17  0.00000e+00  0.00000e+00  2.93264e-05
0004  1.17558e+18  1.54636e+01  4.91676e+04  4.30157e-17  0.00000e+00  0.00000e+00  2.84148e-05
0005  1.19399e+18  2.23004e+01  6.13414e+04  6.27747e-17  0.00000e+00  0.00000e+00  2.75451e-05
0006  1.21241e+18  3.29236e+01  8.15990e+04  1.03476e-16  0.00000e+00  0.00000e+00  2.67147e-05
0007  1.23082e+18  5.31276e+01  1.23384e+05  1.29047e-16  0.00000e+00  0.00000e+00  2.59213e-05
0008  1.24924e+18  6.27572e+01  1.36872e+05  2.81812e-17  0.00000e+00  0.00000e+00  2.51628e-05
0009  1.26765e+18  6.77536e+01  1.43373e+05  2.26097e-17  0.00000e+00  0.00000e+00  2.44370e-05
0010  1.28607e+18  7.21109e+01  1.48194e+05  2.04176e-17  0.00000e+00  0.00000e+00  2.37422e-05
0011  1.30448e+18  7.54137e+01  1.50867e+05  1.48588e-17  0.00000e+00  0.00000e+00  2.30766e-05
0012  1.32290e+18  7.84609e+01  1.53364e+05  1.49510e-17  0.00000e+00  0.00000e+00  2.24386e-05
0013  1.34131e+18  8.15903e+01  1.55963e+05  1.49570e-17  0.00000e+00  0.00000e+00  2.18267e-05
0014  1.35973e+18  8.47007e+01  1.58586e+05  1.40253e-17  0.00000e+00  0.00000e+00  2.12395e-05
0015  1.37814e+18  8.75322e+01  1.60745e+05  1.22512e-17  0.00000e+00  0.00000e+00  2.06757e-05
0016  1.39656e+18  9.02154e+01  1.62802e+05  1.17374e-17  0.00000e+00  0.00000e+00  2.01340e-05
0017  1.41497e+18  9.28812e+01  1.64893e+05  1.14586e-17  0.00000e+00  0.00000e+00  1.96134e-05
0018  1.43339e+18  9.54909e+01  1.66991e+05  1.02843e-17  0.00000e+00  0.00000e+00  1.91126e-05
0019  1.45180e+18  9.74410e+01  1.67935e+05 -7.75800e-19  0.00000e+00  0.00000e+00  1.86309e-05
0020  1.47022e+18  9.97017e+01  1.69825e+05  1.02703e-17  0.00000e+00  0.00000e+00  1.81671e-05
0021  1.48863e+18  1.02341e+02  1.72121e+05 -1.15602e-16  0.00000e+00  0.00000e+00  1.77204e-05
0022  1.50705e+18  1.04374e+02  1.73445e+05  7.54710e-18  0.00000e+00  0.00000e+00  1.72900e-05
0023  1.52546e+18  1.06316e+02  1.75006e+05  8.08461e-18  0.00000e+00  0.00000e+00  1.68750e-05
0024  1.54388e+18  1.08433e+02  1.76771e+05  8.32893e-18  0.00000e+00  0.00000e+00  1.64749e-05
0027  1.56229e+18  1.10560e+02  1.78616e+05  8.09564e-18  0.00000e+00  0.00000e+00  1.60888e-05
0028  1.58071e+18  1.12660e+02  1.80511e+05  7.90187e-18  0.00000e+00  0.00000e+00  1.57161e-05
0029  1.59912e+18  1.14756e+02  1.82480e+05  7.80400e-18  0.00000e+00  0.00000e+00  1.53562e-05
0030  1.61754e+18  1.16871e+02  1.84551e+05  7.77269e-18  0.00000e+00  0.00000e+00  1.50085e-05
0031  1.63595e+18  1.19028e+02  1.86756e+05  7.80384e-18  0.00000e+00  0.00000e+00  1.46726e-05
0032  1.65437e+18  1.21248e+02  1.89129e+05  7.85278e-18  0.00000e+00  0.00000e+00  1.43477e-05
0033  1.67278e+18  1.23486e+02  1.91614e+05  7.56224e-18  0.00000e+00  0.00000e+00  1.40336e-05
0034  1.69120e+18  1.25423e+02  1.93733e+05  6.49706e-18  0.00000e+00  0.00000e+00  1.37296e-05
0035  1.70961e+18  1.26978e+02  1.95486e+05  5.64843e-18  0.00000e+00  0.00000e+00  1.34354e-05
0036  1.72803e+18  1.28256e+02  1.96962e+05  5.18921e-18  0.00000e+00  0.00000e+00  1.31506e-05
0037  1.74644e+18  1.29517e+02  1.98537e+05  5.35145e-18  0.00000e+00  0.00000e+00  1.28747e-05
0038  1.76486e+18  1.30907e+02  2.00317e+05  5.59831e-18  0.00000e+00  0.00000e+00  1.26074e-05
0039  1.78328e+18  1.32411e+02  2.02297e+05  5.73643e-18  0.00000e+00  0.00000e+00  1.23484e-05
0040  1.80169e+18  1.33992e+02  2.04440e+05  5.79616e-18  0.00000e+00  0.00000e+00  1.20973e-05
0041  1.82011e+18  1.35640e+02  2.06742e+05  5.88322e-18  0.00000e+00  0.00000e+00  1.18537e-05
0042  1.83852e+18  1.37405e+02  2.09286e+05  6.11025e-18  0.00000e+00  0.00000e+00  1.16174e-05
0043  1.85694e+18  1.39490e+02  2.12410e+05  6.21569e-18  0.00000e+00  0.00000e+00  1.13882e-05
0044  1.87535e+18  1.40426e+02  2.13906e+05  5.46305e-18  0.00000e+00  0.00000e+00  1.11656e-05
0045  1.89377e+18  1.39725e+02  2.12829e+05  2.75011e-18  0.00000e+00  0.00000e+00  1.09495e-05
0046  1.91218e+18  1.39989e+02  2.13250e+05  2.02757e-18  0.00000e+00  0.00000e+00  1.07396e-05
0047  1.93060e+18  1.49102e+02  2.28379e+05  1.12723e-17  0.00000e+00  0.00000e+00  1.05357e-05
0048  1.94901e+18  1.57350e+02  2.41540e+05  7.40420e-18  0.00000e+00  0.00000e+00  1.03376e-05
0049  1.96743e+18  1.49368e+02  2.29413e+05 -8.43260e-18  0.00000e+00  0.00000e+00  1.01449e-05
0050  1.98584e+18  1.23203e+02  1.91930e+05 -4.21033e-17  0.00000e+00  0.00000e+00  9.95766e-06
0051  2.00426e+18  1.09339e+02  1.77595e+05 -2.48411e-18  0.00000e+00  0.00000e+00  9.77552e-06
0052  2.02267e+18  1.07941e+02  1.76373e+05  6.08555e-19  0.00000e+00  0.00000e+00  9.59833e-06
0053  2.04109e+18  1.08165e+02  1.76547e+05  2.32285e-18  0.00000e+00  0.00000e+00  9.42591e-06
0054  2.05951e+18  1.09392e+02  1.77605e+05  1.46224e-18  0.00000e+00  0.00000e+00  9.25810e-06
0055  2.07792e+18  1.10585e+02  1.78659e+05  5.52773e-19  0.00000e+00  0.00000e+00  9.09473e-06
0056  2.09634e+18  1.11419e+02  1.79405e+05  4.71765e-19  0.00000e+00  0.00000e+00  8.93564e-06
0057  2.11475e+18  1.11796e+02  1.79737e+05  1.19637e-18  0.00000e+00  0.00000e+00  8.78070e-06
0058  2.13317e+18  1.11841e+02  1.79773e+05  1.53511e-18  0.00000e+00  0.00000e+00  8.62975e-06
0059  2.15158e+18  1.11814e+02  1.79738e+05  2.32010e-18  0.00000e+00  0.00000e+00  8.48265e-06
0060  2.17000e+18  1.11832e+02  1.79742e+05  3.19599e-18  0.00000e+00  0.00000e+00  8.33929e-06
0061  2.18841e+18  1.11998e+02  1.79883e+05  3.80700e-18  0.00000e+00  0.00000e+00  8.19953e-06
0062  2.20683e+18  1.12293e+02  1.80152e+05  3.61654e-18  0.00000e+00  0.00000e+00  8.06326e-06
0063  2.22524e+18  1.12126e+02  1.79968e+05  5.70490e-18  0.00000e+00  0.00000e+00  7.93035e-06
0064  2.24366e+18  1.12489e+02  1.80309e+05  4.92456e-18  0.00000e+00  0.00000e+00  7.80071e-06
0065  2.26207e+18  1.25288e+02  1.93984e+05 -1.45170e-17  0.00000e+00  0.00000e+00  7.67421e-06
0066  2.28049e+18  2.51031e+02  4.41906e+05  1.14350e-16  0.00000e+00  0.00000e+00  7.55077e-06
0067  2.29891e+18  4.98984e+02  7.95468e+05  6.16683e-17  0.00000e+00  0.00000e+00  7.43029e-06
0068  2.31732e+18  6.83694e+02  1.08406e+06  3.01189e-17  0.00000e+00  0.00000e+00  7.31266e-06
0069  2.33574e+18  8.03066e+02  1.28105e+06  2.33252e-17  0.00000e+00  0.00000e+00  7.19781e-06
0070  2.35415e+18  8.92123e+02  1.43460e+06  2.09298e-17  0.00000e+00  0.00000e+00  7.08564e-06
0071  2.37257e+18  9.69453e+02  1.57668e+06  2.01428e-17  0.00000e+00  0.00000e+00  6.97607e-06
0072  2.39098e+18  1.04456e+03  1.72337e+06  1.97312e-17  0.00000e+00  0.00000e+00  6.86902e-06
0073  2.40940e+18  1.12572e+03  1.88153e+06  1.93527e-17  0.00000e+00  0.00000e+00  6.76442e-06
0074  2.42781e+18  1.22030e+03  2.05657e+06  1.87824e-17  0.00000e+00  0.00000e+00  6.66219e-06
0075  2.44623e+18  1.32986e+03  2.26046e+06  1.81120e-17  0.00000e+00  0.00000e+00  6.56226e-06
0076  2.46464e+18  1.45376e+03  2.50451e+06  1.70736e-17  0.00000e+00  0.00000e+00  6.46456e-06
0077  2.48306e+18  1.59402e+03  2.79036e+06  1.57222e-17  0.00000e+00  0.00000e+00  6.36903e-06
0078  2.50147e+18  1.75923e+03  3.11819e+06  1.41862e-17  0.00000e+00  0.00000e+00  6.27560e-06
0079  2.51989e+18  1.94757e+03  3.46426e+06  1.28665e-17  0.00000e+00  0.00000e+00  6.18421e-06
0080  2.53831e+18  2.06203e+03  3.68369e+06  1.19799e-17  0.00000e+00  0.00000e+00  6.09480e-06
0081  2.55672e+18  2.05934e+03  3.73089e+06  1.15651e-17  0.00000e+00  0.00000e+00  6.00732e-06
0082  2.57514e+18  1.98857e+03  3.67698e+06  1.13924e-17  0.00000e+00  0.00000e+00  5.92171e-06
0083  2.59355e+18  1.66308e+03  3.13757e+06  1.22796e-17  0.00000e+00  0.00000e+00  5.83791e-06
0084  2.61197e+18  6.44992e+02  1.23417e+06  4.45407e-18  0.00000e+00  0.00000e+00  5.75588e-06
0085  2.63038e+18  1.35409e+02  2.15488e+05 -1.33657e-16  0.00000e+00  0.00000e+00  5.67557e-06
0086  2.64880e+18  8.47040e+01  1.58875e+05 -2.53203e-17  0.00000e+00  0.00000e+00  5.59693e-06
0087  2.66721e+18  8.49117e+01  1.58779e+05 -2.99784e-19  0.00000e+00  0.00000e+00  5.51991e-06
0088  2.68563e+18  8.57195e+01  1.59380e+05  9.54549e-19  0.00000e+00  0.00000e+00  5.44447e-06
0089  2.70404e+18  8.63585e+01  1.59869e+05  8.20450e-20  0.00000e+00  0.00000e+00  5.37056e-06
0090  2.72246e+18  8.68762e+01  1.60261e+05 -7.94425e-20  0.00000e+00  0.00000e+00  5.29815e-06
0091  2.74088e+18  8.79566e+01  1.61063e+05  1.08532e-18  0.00000e+00  0.00000e+00  5.22720e-06
0092  2.75929e+18  8.97380e+01  1.62415e+05  1.88580e-18  0.00000e+00  0.00000e+00  5.15766e-06
0093  2.77771e+18  9.25102e+01  1.64561e+05  2.98310e-18  0.00000e+00  0.00000e+00  5.08950e-06
0094  2.79612e+18  9.62899e+01  1.67579e+05  3.89210e-18  0.00000e+00  0.00000e+00  5.02268e-06
0095  2.81454e+18  1.00739e+02  1.70672e+05  3.39803e-18  0.00000e+00  0.00000e+00  4.95717e-06
0096  2.83295e+18  1.05834e+02  1.74511e+05  3.97755e-18  0.00000e+00  0.00000e+00  4.89293e-06
0097  2.85137e+18  1.11072e+02  1.78945e+05  4.06033e-18  0.00000e+00  0.00000e+00  4.82993e-06
0098  2.86978e+18  1.16131e+02  1.83681e+05  3.71771e-18  0.00000e+00  0.00000e+00  4.76814e-06
0099  2.88820e+18  1.25187e+02  1.93241e+05  4.36796e-18  0.00000e+00  0.00000e+00  4.70753e-06
0100  2.90661e+18  1.61275e+02  2.48184e+05  1.06274e-18  0.00000e+00  0.00000e+00  4.64807e-06
0101  2.92503e+18  2.78949e+02  4.22322e+05  7.90074e-17  0.00000e+00  0.00000e+00  4.58973e-06
0102  2.94345e+18  4.46969e+02  6.20925e+05  4.50554e-17  0.00000e+00  0.00000e+00  4.53248e-06
0103  2.96186e+18  5.78493e+02  7.76286e+05  2.76298e-17  0.00000e+00  0.00000e+00  4.47629e-06
0104  2.98028e+18  6.73230e+02  8.86449e+05  2.04170e-17  0.00000e+00  0.00000e+00  4.42114e-06
0105  2.99869e+18  7.47780e+02  9.71573e+05  1.69356e-17  0.00000e+00  0.00000e+00  4.36701e-06
0106  3.01711e+18  8.12360e+02  1.04447e+06  1.47509e-17  0.00000e+00  0.00000e+00  4.31386e-06
0107  3.03552e+18  8.71471e+02  1.11058e+06  1.31661e-17  0.00000e+00  0.00000e+00  4.26168e-06
0108  3.05394e+18  9.27182e+02  1.17281e+06  1.18851e-17  0.00000e+00  0.00000e+00  4.21044e-06
0109  3.07235e+18  9.80798e+02  1.23328e+06  1.11407e-17  0.00000e+00  0.00000e+00  4.16011e-06
0110  3.09077e+18  1.03188e+03  1.29097e+06  1.03659e-17  0.00000e+00  0.00000e+00  4.11069e-06
0111  3.10918e+18  1.07983e+03  1.34526e+06  9.75350e-18  0.00000e+00  0.00000e+00  4.06214e-06
0112  3.12760e+18  1.12428e+03  1.39548e+06  9.30538e-18  0.00000e+00  0.00000e+00  4.01444e-06
0113  3.14602e+18  1.16476e+03  1.44096e+06  8.88841e-18  0.00000e+00  0.00000e+00  3.96758e-06
0114  3.16443e+18  1.20112e+03  1.48166e+06  8.50498e-18  0.00000e+00  0.00000e+00  3.92154e-06
0115  3.18285e+18  1.23365e+03  1.51806e+06  8.15317e-18  0.00000e+00  0.00000e+00  3.87629e-06
0116  3.20126e+18  1.26312e+03  1.55120e+06  7.85983e-18  0.00000e+00  0.00000e+00  3.83182e-06
0117  3.21968e+18  1.29054e+03  1.58213e+06  7.61214e-18  0.00000e+00  0.00000e+00  3.78811e-06
0118  3.23809e+18  1.31669e+03  1.61175e+06  7.38173e-18  0.00000e+00  0.00000e+00  3.74515e-06
0119  3.25651e+18  1.34211e+03  1.64072e+06  7.15414e-18  0.00000e+00  0.00000e+00  3.70291e-06
0120  3.27492e+18  1.36713e+03  1.66945e+06  6.92985e-18  0.00000e+00  0.00000e+00  3.66138e-06
0121  3.29334e+18  1.39186e+03  1.69816e+06  6.70936e-18  0.00000e+00  0.00000e+00  3.62055e-06
0122  3.31176e+18  1.41627e+03  1.72686e+06  6.49336e-18  0.00000e+00  0.00000e+00  3.58040e-06
0123  3.33017e+18  1.44023e+03  1.75547e+06  6.28271e-18  0.00000e+00  0.00000e+00  3.54091e-06
0124  3.34859e+18  1.46358e+03  1.78382e+06  6.07827e-18  0.00000e+00  0.00000e+00  3.50207e-06
0125  3.36700e+18  1.48614e+03  1.81169e+06  5.88089e-18  0.00000e+00  0.00000e+00  3.46386e-06
0126  3.38542e+18  1.50787e+03  1.83897e+06  5.69398e-18  0.00000e+00  0.00000e+00  3.42628e-06
0127  3.40383e+18  1.52883e+03  1.86563e+06  5.54467e-18  0.00000e+00  0.00000e+00  3.38931e-06
0128  3.42225e+18  1.54889e+03  1.89152e+06  5.37919e-18  0.00000e+00  0.00000e+00  3.35293e-06
0129  3.44066e+18  1.56804e+03  1.91663e+06  5.21977e-18  0.00000e+00  0.00000e+00  3.31713e-06
0130  3.45908e+18  1.58626e+03  1.94101e+06  5.06639e-18  0.00000e+00  0.00000e+00  3.28191e-06
0131  3.47749e+18  1.60355e+03  1.96473e+06  4.91890e-18  0.00000e+00  0.00000e+00  3.24724e-06
0132  3.49591e+18  1.61994e+03  1.98786e+06  4.77714e-18  0.00000e+00  0.00000e+00  3.21312e-06
0133  3.51433e+18  1.63548e+03  2.01047e+06  4.64089e-18  0.00000e+00  0.00000e+00  3.17953e-06
0134  3.53274e+18  1.65022e+03  2.03259e+06  4.50992e-18  0.00000e+00  0.00000e+00  3.14647e-06
0135  3.55116e+18  1.66423e+03  2.05426e+06  4.38402e-18  0.00000e+00  0.00000e+00  3.11392e-06
0136  3.56957e+18  1.67757e+03  2.07549e+06  4.26295e-18  0.00000e+00  0.00000e+00  3.08188e-06
0137  3.58799e+18  1.69028e+03  2.09629e+06  4.14651e-18  0.00000e+00  0.00000e+00  3.05032e-06
0138  3.60640e+18  1.70240e+03  2.11669e+06  4.03450e-18  0.00000e+00  0.00000e+00  3.01925e-06
0139  3.62482e+18  1.71393e+03  2.13670e+06  3.92671e-18  0.00000e+00  0.00000e+00  2.98865e-06
0140  3.64323e+18  1.72490e+03  2.15637e+06  3.82297e-18  0.00000e+00  0.00000e+00  2.95851e-06
0141  3.66165e+18  1.73529e+03  2.17570e+06  3.72297e-18  0.00000e+00  0.00000e+00  2.92883e-06
0142  3.68007e+18  1.74511e+03  2.19472e+06  3.62662e-18  0.00000e+00  0.00000e+00  2.89959e-06
0143  3.69848e+18  1.75438e+03  2.21345e+06  3.53384e-18  0.00000e+00  0.00000e+00  2.87079e-06
0144  3.71690e+18  1.76309e+03  2.23192e+06  3.44446e-18  0.00000e+00  0.00000e+00  2.84241e-06
0145  3.73531e+18  1.77126e+03  2.25014e+06  3.35833e-18  0.00000e+00  0.00000e+00  2.81445e-06
0146  3.75373e+18  1.77889e+03  2.26812e+06  3.27532e-18  0.00000e+00  0.00000e+00  2.78690e-06
0147  3.77214e+18  1.78602e+03  2.28587e+06  3.19526e-18  0.00000e+00  0.00000e+00  2.75976e-06
0148  3.79056e+18  1.79267e+03  2.30339e+06  3.11804e-18  0.00000e+00  0.00000e+00  2.73301e-06
0149  3.80897e+18  1.79888e+03  2.32070e+06  3.04348e-18  0.00000e+00  0.00000e+00  2.70665e-06
0150  3.82739e+18  1.80462e+03  2.33775e+06  2.96322e-18  0.00000e+00  0.00000e+00  2.68066e-06
0151  3.84581e+18  1.80991e+03  2.35464e+06  2.89652e-18  0.00000e+00  0.00000e+00  2.65505e-06
0152  3.86422e+18  1.81484e+03  2.37132e+06  2.83181e-18  0.00000e+00  0.00000e+00  2.62981e-06
0153  3.88264e+18  1.81944e+03  2.38782e+06  2.76901e-18  0.00000e+00  0.00000e+00  2.60492e-06
0154  3.90105e+18  1.82368e+03  2.40419e+06  2.70805e-18  0.00000e+00  0.00000e+00  2.58038e-06
0155  3.91947e+18  1.82755e+03  2.42044e+06  2.64885e-18  0.00000e+00  0.00000e+00  2.55619e-06
0156  3.93788e+18  1.83104e+03  2.43659e+06  2.59136e-18  0.00000e+00  0.00000e+00  2.53234e-06
0157  3.95630e+18  1.83416e+03  2.45267e+06  2.53549e-18  0.00000e+00  0.00000e+00  2.50882e-06
0158  3.97471e+18  1.83693e+03  2.46870e+06  2.48120e-18  0.00000e+00  0.00000e+00  2.48563e-06
0159  3.99313e+18  1.83940e+03  2.48467e+06  2.42840e-18  0.00000e+00  0.00000e+00  2.46275e-06
0160  4.01155e+18  1.84159e+03  2.50058e+06  2.37706e-18  0.00000e+00  0.00000e+00  2.44019e-06
0161  4.02996e+18  1.84356e+03  2.51642e+06  2.32711e-18  0.00000e+00  0.00000e+00  2.41794e-06
0162  4.04838e+18  1.84533e+03  2.53217e+06  2.27851e-18  0.00000e+00  0.00000e+00  2.39599e-06
0163  4.06679e+18  1.84693e+03  2.54783e+06  2.23275e-18  0.00000e+00  0.00000e+00  2.37434e-06
0164  4.08521e+18  1.84837e+03  2.56339e+06  2.18608e-18  0.00000e+00  0.00000e+00  2.35299e-06
0165  4.10362e+18  1.84965e+03  2.57886e+06  2.14066e-18  0.00000e+00  0.00000e+00  2.33191e-06
0166  4.12204e+18  1.85075e+03  2.59426e+06  2.09644e-18  0.00000e+00  0.00000e+00  2.31113e-06
0167  4.14045e+18  1.85167e+03  2.60962e+06  2.05338e-18  0.00000e+00  0.00000e+00  2.29061e-06
0168  4.15887e+18  1.85237e+03  2.62494e+06  2.01143e-18  0.00000e+00  0.00000e+00  2.27037e-06
0169  4.17728e+18  1.85285e+03  2.64025e+06  1.97057e-18  0.00000e+00  0.00000e+00  2.25040e-06
0170  4.19570e+18  1.85309e+03  2.65554e+06  1.93074e-18  0.00000e+00  0.00000e+00  2.23069e-06
0171  4.21412e+18  1.85310e+03  2.67081e+06  1.89192e-18  0.00000e+00  0.00000e+00  2.21123e-06
0172  4.23253e+18  1.85288e+03  2.68604e+06  1.85409e-18  0.00000e+00  0.00000e+00  2.19203e-06
0173  4.25095e+18  1.85246e+03  2.70121e+06  1.81721e-18  0.00000e+00  0.00000e+00  2.17308e-06
0174  4.26936e+18  1.85186e+03  2.71630e+06  1.78125e-18  0.00000e+00  0.00000e+00  2.15438e-06
0175  4.28778e+18  1.85110e+03  2.73128e+06  1.74620e-18  0.00000e+00  0.00000e+00  2.13591e-06
0176  4.30619e+18  1.85019e+03  2.74611e+06  1.71203e-18  0.00000e+00  0.00000e+00  2.11768e-06
0177  4.32461e+18  1.84915e+03  2.76078e+06  1.67872e-18  0.00000e+00  0.00000e+00  2.09968e-06
0178  4.34302e+18  1.84798e+03  2.77527e+06  1.64624e-18  0.00000e+00  0.00000e+00  2.08191e-06
0179  4.36144e+18  1.84669e+03  2.78956e+06  1.61458e-18  0.00000e+00  0.00000e+00  2.06437e-06
0180  4.37986e+18  1.84525e+03  2.80366e+06  1.58370e-18  0.00000e+00  0.00000e+00  2.04705e-06
0181  4.39827e+18  1.84367e+03  2.81759e+06  1.55357e-18  0.00000e+00  0.00000e+00  2.02994e-06
0182  4.41669e+18  1.84192e+03  2.83134e+06  1.52418e-18  0.00000e+00  0.00000e+00  2.01305e-06
0183  4.43510e+18  1.84001e+03  2.84494e+06  1.49549e-18  0.00000e+00  0.00000e+00  1.99637e-06
0184  4.45352e+18  1.83793e+03  2.85837e+06  1.46748e-18  0.00000e+00  0.00000e+00  1.97989e-06
0185  4.47193e+18  1.83566e+03  2.87168e+06  1.44012e-18  0.00000e+00  0.00000e+00  1.96362e-06
0186  4.49035e+18  1.83322e+03  2.88486e+06  1.41339e-18  0.00000e+00  0.00000e+00  1.94754e-06
0187  4.50876e+18  1.83062e+03  2.89792e+06  1.38726e-18  0.00000e+00  0.00000e+00  1.93167e-06
0188  4.52718e+18  1.82787e+03  2.91085e+06  1.36172e-18  0.00000e+00  0.00000e+00  1.91598e-06
0189  4.54560e+18  1.82499e+03  2.92367e+06  1.33675e-18  0.00000e+00  0.00000e+00  1.90049e-06
0190  4.56401e+18  1.82201e+03  2.93637e+06  1.31233e-18  0.00000e+00  0.00000e+00  1.88519e-06
0191  4.58243e+18  1.81893e+03  2.94897e+06  1.28843e-18  0.00000e+00  0.00000e+00  1.87006e-06
0192  4.60084e+18  1.81578e+03  2.96147e+06  1.26505e-18  0.00000e+00  0.00000e+00  1.85512e-06
0193  4.61926e+18  1.81257e+03  2.97388e+06  1.24216e-18  0.00000e+00  0.00000e+00  1.84036e-06
0194  4.63767e+18  1.80932e+03  2.98622e+06  1.21969e-18  0.00000e+00  0.00000e+00  1.82577e-06
0195  4.65609e+18  1.80607e+03  2.99855e+06  1.19765e-18  0.00000e+00  0.00000e+00  1.81136e-06
0196  4.67450e+18  1.80287e+03  3.01095e+06  1.18027e-18  0.00000e+00  0.00000e+00  1.79712e-06
0197  4.69292e+18  1.79971e+03  3.02340e+06  1.15974e-18  0.00000e+00  0.00000e+00  1.78304e-06
0198  4.71134e+18  1.79658e+03  3.03586e+06  1.13961e-18  0.00000e+00  0.00000e+00  1.76913e-06
0199  4.72975e+18  1.79346e+03  3.04832e+06  1.11988e-18  0.00000e+00  0.00000e+00  1.75538e-06
0200  4.74817e+18  1.79033e+03  3.06075e+06  1.10055e-18  0.00000e+00  0.00000e+00  1.74179e-06
0201  4.76658e+18  1.78719e+03  3.07313e+06  1.08161e-18  0.00000e+00  0.00000e+00  1.72836e-06
0202  4.78500e+18  1.78405e+03  3.08549e+06  1.06304e-18  0.00000e+00  0.00000e+00  1.71508e-06
0203  4.80341e+18  1.78093e+03  3.09787e+06  1.04483e-18  0.00000e+00  0.00000e+00  1.70195e-06
0204  4.82183e+18  1.77784e+03  3.11032e+06  1.02696e-18  0.00000e+00  0.00000e+00  1.68898e-06
0205  4.84024e+18  1.77482e+03  3.12288e+06  1.00941e-18  0.00000e+00  0.00000e+00  1.67615e-06
0206  4.85866e+18  1.77185e+03  3.13559e+06  9.92156e-19  0.00000e+00  0.00000e+00  1.66347e-06
0207  4.87708e+18  1.76897e+03  3.14849e+06  9.75200e-19  0.00000e+00  0.00000e+00  1.65093e-06
0208  4.89549e+18  1.76616e+03  3.16158e+06  9.58529e-19  0.00000e+00  0.00000e+00  1.63853e-06
0209  4.91391e+18  1.76343e+03  3.17487e+06  9.42138e-19  0.00000e+00  0.00000e+00  1.62627e-06
0210  4.93232e+18  1.76077e+03  3.18836e+06  9.26025e-19  0.00000e+00  0.00000e+00  1.61415e-06
0211  4.95074e+18  1.75819e+03  3.20202e+06  9.10188e-19  0.00000e+00  0.00000e+00  1.60217e-06
0212  4.96915e+18  1.75567e+03  3.21582e+06  8.94631e-19  0.00000e+00  0.00000e+00  1.59031e-06
0213  4.98757e+18  1.75322e+03  3.22973e+06  8.79318e-19  0.00000e+00  0.00000e+00  1.57859e-06
0214  5.00598e+18  1.75083e+03  3.24374e+06  8.64217e-19  0.00000e+00  0.00000e+00  1.56700e-06
0215  5.02440e+18  1.74843e+03  3.25767e+06  8.49422e-19  0.00000e+00  0.00000e+00  1.55553e-06
0216  5.04282e+18  1.74578e+03  3.27105e+06  8.35016e-19  0.00000e+00  0.00000e+00  1.54419e-06
0217  5.06123e+18  1.74291e+03  3.28394e+06  8.20972e-19  0.00000e+00  0.00000e+00  1.53298e-06
0218  5.07965e+18  1.74122e+03  3.29893e+06  8.06811e-19  0.00000e+00  0.00000e+00  1.52188e-06
0219  5.09806e+18  1.74297e+03  3.32039e+06  7.91799e-19  0.00000e+00  0.00000e+00  1.51091e-06
0220  5.11648e+18  1.74230e+03  3.33725e+06  7.77905e-19  0.00000e+00  0.00000e+00  1.50005e-06
0221  5.13489e+18  1.73026e+03  3.33218e+06  7.67896e-19  0.00000e+00  0.00000e+00  1.48931e-06
0222  5.15331e+18  1.70827e+03  3.30755e+06  7.61011e-19  0.00000e+00  0.00000e+00  1.47868e-06
0223  5.17172e+18  1.63623e+03  3.18488e+06  7.67891e-19  0.00000e+00  0.00000e+00  1.46817e-06
0224  5.19014e+18  1.38411e+03  2.70820e+06  8.00169e-19  0.00000e+00  0.00000e+00  1.45777e-06
0225  5.20856e+18  8.26515e+02  1.62419e+06  3.87669e-19  0.00000e+00  0.00000e+00  1.44748e-06
0226  5.22697e+18  3.16847e+02  6.16062e+05  2.13907e-18  0.00000e+00  0.00000e+00  1.43730e-06
0227  5.24539e+18  1.25520e+02  2.21398e+05 -3.38121e-17  0.00000e+00  0.00000e+00  1.42723e-06
0228  5.26380e+18  9.12439e+01  1.65650e+05 -9.47057e-18  0.00000e+00  0.00000e+00  1.41726e-06
0229  5.28222e+18  9.07209e+01  1.63565e+05 -1.68147e-18  0.00000e+00  0.00000e+00  1.40739e-06
0230  5.30063e+18  9.33298e+01  1.64963e+05  1.28005e-18  0.00000e+00  0.00000e+00  1.39763e-06
0231  5.31905e+18  9.97812e+01  1.69408e+05  1.68132e-18  0.00000e+00  0.00000e+00  1.38797e-06
0232  5.33746e+18  1.09102e+02  1.76540e+05  1.91978e-18  0.00000e+00  0.00000e+00  1.37841e-06
0233  5.35588e+18  1.22076e+02  1.88765e+05  1.94652e-18  0.00000e+00  0.00000e+00  1.36894e-06
0234  5.37430e+18  1.43267e+02  2.14926e+05  2.61378e-18  0.00000e+00  0.00000e+00  1.35958e-06
0235  5.39271e+18  1.81169e+02  2.64648e+05  6.29997e-18  0.00000e+00  0.00000e+00  1.35031e-06
0236  5.41113e+18  2.43207e+02  3.38402e+05  9.03088e-18  0.00000e+00  0.00000e+00  1.34113e-06
0237  5.42954e+18  3.23374e+02  4.22360e+05  7.93121e-18  0.00000e+00  0.00000e+00  1.33205e-06
0238  5.44796e+18  4.03974e+02  5.01369e+05  5.96402e-18  0.00000e+00  0.00000e+00  1.32306e-06
0239  5.46637e+18  4.74282e+02  5.68113e+05  4.59291e-18  0.00000e+00  0.00000e+00  1.31416e-06
0240  5.48479e+18  5.33838e+02  6.22186e+05  3.76238e-18  0.00000e+00  0.00000e+00  1.30535e-06
0241  5.50320e+18  5.85112e+02  6.66117e+05  3.20994e-18  0.00000e+00  0.00000e+00  1.29663e-06
0242  5.52162e+18  6.30296e+02  7.02647e+05  2.81446e-18  0.00000e+00  0.00000e+00  1.28800e-06
0243  5.54004e+18  6.71133e+02  7.34091e+05  2.52886e-18  0.00000e+00  0.00000e+00  1.27945e-06
0244  5.55845e+18  7.08905e+02  7.61911e+05  2.32210e-18  0.00000e+00  0.00000e+00  1.27098e-06
0245  5.57687e+18  7.44335e+02  7.86921e+05  2.14804e-18  0.00000e+00  0.00000e+00  1.26260e-06
0246  5.59528e+18  7.77845e+02  8.09681e+05  1.99832e-18  0.00000e+00  0.00000e+00  1.25431e-06
0247  5.61370e+18  8.09769e+02  8.30643e+05  1.87416e-18  0.00000e+00  0.00000e+00  1.24609e-06
0248  5.63211e+18  8.40369e+02  8.50095e+05  1.76646e-18  0.00000e+00  0.00000e+00  1.23795e-06
0249  5.65053e+18  8.69802e+02  8.68238e+05  1.66971e-18  0.00000e+00  0.00000e+00  1.22990e-06
0250  5.66894e+18  8.98151e+02  8.85204e+05  1.58237e-18  0.00000e+00  0.00000e+00  1.22192e-06
0251  5.68736e+18  9.25555e+02  9.01160e+05  1.50299e-18  0.00000e+00  0.00000e+00  1.21402e-06
0252  5.70578e+18  9.52261e+02  9.16392e+05  1.44690e-18  0.00000e+00  0.00000e+00  1.20620e-06
0253  5.72419e+18  9.78395e+02  9.30903e+05  1.38652e-18  0.00000e+00  0.00000e+00  1.19845e-06
0254  5.74261e+18  1.00394e+03  9.44748e+05  1.33006e-18  0.00000e+00  0.00000e+00  1.19077e-06
0255  5.76102e+18  1.02889e+03  9.57981e+05  1.27721e-18  0.00000e+00  0.00000e+00  1.18317e-06
0256  5.77944e+18  1.05331e+03  9.70667e+05  1.22981e-18  0.00000e+00  0.00000e+00  1.17565e-06
0257  5.79785e+18  1.07727e+03  9.82878e+05  1.18647e-18  0.00000e+00  0.00000e+00  1.16819e-06
0258  5.81627e+18  1.10083e+03  9.94664e+05  1.14733e-18  0.00000e+00  0.00000e+00  1.16080e-06
0259  5.83468e+18  1.12402e+03  1.00606e+06  1.11002e-18  0.00000e+00  0.00000e+00  1.15349e-06
0260  5.85310e+18  1.14684e+03  1.01708e+06  1.07443e-18  0.00000e+00  0.00000e+00  1.14624e-06
0261  5.87152e+18  1.16931e+03  1.02776e+06  1.04047e-18  0.00000e+00  0.00000e+00  1.13906e-06
0262  5.88993e+18  1.19143e+03  1.03810e+06  1.00804e-18  0.00000e+00  0.00000e+00  1.13195e-06
0263  5.90835e+18  1.21319e+03  1.04814e+06  9.77080e-19  0.00000e+00  0.00000e+00  1.12490e-06
0264  5.92676e+18  1.23459e+03  1.05786e+06  9.47503e-19  0.00000e+00  0.00000e+00  1.11792e-06
0265  5.94518e+18  1.25570e+03  1.06734e+06  9.21023e-19  0.00000e+00  0.00000e+00  1.11101e-06
0266  5.96359e+18  1.27657e+03  1.07660e+06  8.97734e-19  0.00000e+00  0.00000e+00  1.10416e-06
0267  5.98201e+18  1.29723e+03  1.08564e+06  8.75097e-19  0.00000e+00  0.00000e+00  1.09737e-06
0268  6.00043e+18  1.31769e+03  1.09449e+06  8.53107e-19  0.00000e+00  0.00000e+00  1.09065e-06
0269  6.01884e+18  1.33794e+03  1.10316e+06  8.31756e-19  0.00000e+00  0.00000e+00  1.08398e-06
0270  6.03726e+18  1.35798e+03  1.11164e+06  8.11036e-19  0.00000e+00  0.00000e+00  1.07738e-06
0271  6.05567e+18  1.37780e+03  1.11995e+06  7.90935e-19  0.00000e+00  0.00000e+00  1.07084e-06
0272  6.07409e+18  1.39740e+03  1.12809e+06  7.71444e-19  0.00000e+00  0.00000e+00  1.06435e-06
0273  6.09250e+18  1.41679e+03  1.13608e+06  7.52547e-19  0.00000e+00  0.00000e+00  1.05793e-06
0274  6.11092e+18  1.43596e+03  1.14392e+06  7.34323e-19  0.00000e+00  0.00000e+00  1.05156e-06
0275  6.12933e+18  1.45493e+03  1.15162e+06  7.16896e-19  0.00000e+00  0.00000e+00  1.04525e-06
0276  6.14775e+18  1.47369e+03  1.15918e+06  6.99979e-19  0.00000e+00  0.00000e+00  1.03900e-06
0277  6.16617e+18  1.49224e+03  1.16663e+06  6.83562e-19  0.00000e+00  0.00000e+00  1.03280e-06
0278  6.18458e+18  1.51060e+03  1.17396e+06  6.68017e-19  0.00000e+00  0.00000e+00  1.02666e-06
0279  6.20300e+18  1.52877e+03  1.18119e+06  6.53131e-19  0.00000e+00  0.00000e+00  1.02057e-06
0280  6.22141e+18  1.54675e+03  1.18832e+06  6.38642e-19  0.00000e+00  0.00000e+00  1.01454e-06
0281  6.23983e+18  1.56454e+03  1.19536e+06  6.24543e-19  0.00000e+00  0.00000e+00  1.00856e-06
0282  6.25824e+18  1.58214e+03  1.20231e+06  6.10827e-19  0.00000e+00  0.00000e+00  1.00263e-06
0283  6.27666e+18  1.59953e+03  1.20917e+06  5.97486e-19  0.00000e+00  0.00000e+00  9.96760e-07
0284  6.29507e+18  1.61673e+03  1.21594e+06  5.84514e-19  0.00000e+00  0.00000e+00  9.90937e-07
0285  6.31349e+18  1.63371e+03  1.22263e+06  5.71901e-19  0.00000e+00  0.00000e+00  9.85164e-07
0286  6.33191e+18  1.65049e+03  1.22925e+06  5.59640e-19  0.00000e+00  0.00000e+00  9.79442e-07
0287  6.35032e+18  1.66705e+03  1.23578e+06  5.47722e-19  0.00000e+00  0.00000e+00  9.73770e-07
0288  6.36874e+18  1.68340e+03  1.24224e+06  5.36139e-19  0.00000e+00  0.00000e+00  9.68146e-07
0289  6.38715e+18  1.69953e+03  1.24862e+06  5.24883e-19  0.00000e+00  0.00000e+00  9.62572e-07
0290  6.40557e+18  1.71545e+03  1.25493e+06  5.13943e-19  0.00000e+00  0.00000e+00  9.57045e-07
0291  6.42398e+18  1.73114e+03  1.26116e+06  5.03313e-19  0.00000e+00  0.00000e+00  9.51566e-07
0292  6.44240e+18  1.74660e+03  1.26732e+06  4.92984e-19  0.00000e+00  0.00000e+00  9.46133e-07
0293  6.46081e+18  1.76184e+03  1.27341e+06  4.82948e-19  0.00000e+00  0.00000e+00  9.40747e-07
0294  6.47923e+18  1.77684e+03  1.27943e+06  4.73196e-19  0.00000e+00  0.00000e+00  9.35407e-07
0295  6.49765e+18  1.79161e+03  1.28538e+06  4.63722e-19  0.00000e+00  0.00000e+00  9.30113e-07
0296  6.51606e+18  1.80612e+03  1.29126e+06  4.53810e-19  0.00000e+00  0.00000e+00  9.24863e-07
0297  6.53448e+18  1.82040e+03  1.29707e+06  4.45724e-19  0.00000e+00  0.00000e+00  9.19657e-07
0298  6.55289e+18  1.83446e+03  1.30284e+06  4.37821e-19  0.00000e+00  0.00000e+00  9.14495e-07
0299  6.57131e+18  1.84833e+03  1.30854e+06  4.30096e-19  0.00000e+00  0.00000e+00  9.09377e-07
0300  6.58972e+18  1.86198e+03  1.31419e+06  4.22549e-19  0.00000e+00  0.00000e+00  9.04301e-07
0301  6.60814e+18  1.87542e+03  1.31978e+06  4.15175e-19  0.00000e+00  0.00000e+00  8.99268e-07
0302  6.62655e+18  1.88864e+03  1.32531e+06  4.07975e-19  0.00000e+00  0.00000e+00  8.94277e-07
0303  6.64497e+18  1.90162e+03  1.33078e+06  4.00945e-19  0.00000e+00  0.00000e+00  8.89327e-07
0304  6.66339e+18  1.91436e+03  1.33617e+06  3.94086e-19  0.00000e+00  0.00000e+00  8.84418e-07
0305  6.68180e+18  1.92684e+03  1.34150e+06  3.87183e-19  0.00000e+00  0.00000e+00  8.79550e-07
0306  6.70022e+18  1.93908e+03  1.34676e+06  3.80804e-19  0.00000e+00  0.00000e+00  8.74722e-07
0307  6.71863e+18  1.95106e+03  1.35197e+06  3.74574e-19  0.00000e+00  0.00000e+00  8.69933e-07
0308  6.73705e+18  1.96280e+03  1.35711e+06  3.68488e-19  0.00000e+00  0.00000e+00  8.65184e-07
0309  6.75546e+18  1.97426e+03  1.36220e+06  3.62546e-19  0.00000e+00  0.00000e+00  8.60473e-07
0310  6.77388e+18  1.98545e+03  1.36723e+06  3.56745e-19  0.00000e+00  0.00000e+00  8.55801e-07
0311  6.79229e+18  1.99637e+03  1.37220e+06  3.51084e-19  0.00000e+00  0.00000e+00  8.51167e-07
0312  6.81071e+18  2.00700e+03  1.37710e+06  3.45560e-19  0.00000e+00  0.00000e+00  8.46570e-07
0313  6.82913e+18  2.01734e+03  1.38195e+06  3.40170e-19  0.00000e+00  0.00000e+00  8.42010e-07
0314  6.84754e+18  2.02739e+03  1.38673e+06  3.34911e-19  0.00000e+00  0.00000e+00  8.37487e-07
0315  6.86596e+18  2.03716e+03  1.39145e+06  3.29780e-19  0.00000e+00  0.00000e+00  8.33001e-07
0316  6.88437e+18  2.04665e+03  1.39610e+06  3.24774e-19  0.00000e+00  0.00000e+00  8.28550e-07
0317  6.90279e+18  2.05587e+03  1.40070e+06  3.19889e-19  0.00000e+00  0.00000e+00  8.24135e-07
0318  6.92120e+18  2.06481e+03  1.40522e+06  3.15121e-19  0.00000e+00  0.00000e+00  8.19755e-07
0319  6.93962e+18  2.07348e+03  1.40969e+06  3.10467e-19  0.00000e+00  0.00000e+00  8.15410e-07
0320  6.95803e+18  2.08188e+03  1.41410e+06  3.05924e-19  0.00000e+00  0.00000e+00  8.11100e-07
0321  6.97645e+18  2.09003e+03  1.41846e+06  3.01488e-19  0.00000e+00  0.00000e+00  8.06824e-07
0322  6.99487e+18  2.09793e+03  1.42276e+06  2.97156e-19  0.00000e+00  0.00000e+00  8.02581e-07
0323  7.01328e+18  2.10558e+03  1.42701e+06  2.92924e-19  0.00000e+00  0.00000e+00  7.98371e-07
0324  7.03170e+18  2.11298e+03  1.43122e+06  2.88789e-19  0.00000e+00  0.00000e+00  7.94195e-07
0325  7.05011e+18  2.12016e+03  1.43538e+06  2.84747e-19  0.00000e+00  0.00000e+00  7.90052e-07
0326  7.06853e+18  2.12711e+03  1.43950e+06  2.80796e-19  0.00000e+00  0.00000e+00  7.85940e-07
0327  7.08694e+18  2.13386e+03  1.44358e+06  2.76931e-19  0.00000e+00  0.00000e+00  7.81861e-07
0328  7.10536e+18  2.14040e+03  1.44762e+06  2.73151e-19  0.00000e+00  0.00000e+00  7.77813e-07
0329  7.12378e+18  2.14674e+03  1.45163e+06  2.69451e-19  0.00000e+00  0.00000e+00  7.73797e-07
0330  7.14219e+18  2.15289e+03  1.45561e+06  2.65830e-19  0.00000e+00  0.00000e+00  7.69812e-07
0331  7.16061e+18  2.15885e+03  1.45957e+06  2.62284e-19  0.00000e+00  0.00000e+00  7.65858e-07
0332  7.17902e+18  2.16463e+03  1.46350e+06  2.58812e-19  0.00000e+00  0.00000e+00  7.61933e-07
0333  7.19744e+18  2.17022e+03  1.46742e+06  2.55412e-19  0.00000e+00  0.00000e+00  7.58039e-07
0334  7.21585e+18  2.17563e+03  1.47133e+06  2.52126e-19  0.00000e+00  0.00000e+00  7.54175e-07
0335  7.23427e+18  2.18087e+03  1.47523e+06  2.48912e-19  0.00000e+00  0.00000e+00  7.50340e-07
0336  7.25268e+18  2.18594e+03  1.47913e+06  2.45759e-19  0.00000e+00  0.00000e+00  7.46535e-07
0337  7.27110e+18  2.19086e+03  1.48302e+06  2.42666e-19  0.00000e+00  0.00000e+00  7.42758e-07
0338  7.28952e+18  2.19562e+03  1.48691e+06  2.39631e-19  0.00000e+00  0.00000e+00  7.39010e-07
0339  7.30793e+18  2.20024e+03  1.49080e+06  2.36651e-19  0.00000e+00  0.00000e+00  7.35290e-07
0340  7.32635e+18  2.20473e+03  1.49468e+06  2.33725e-19  0.00000e+00  0.00000e+00  7.31598e-07
0341  7.34476e+18  2.20910e+03  1.49856e+06  2.30851e-19  0.00000e+00  0.00000e+00  7.27934e-07
0342  7.36318e+18  2.21334e+03  1.50244e+06  2.28028e-19  0.00000e+00  0.00000e+00  7.24298e-07
0343  7.38159e+18  2.21747e+03  1.50631e+06  2.25255e-19  0.00000e+00  0.00000e+00  7.20688e-07
0344  7.40001e+18  2.22148e+03  1.51017e+06  2.22531e-19  0.00000e+00  0.00000e+00  7.17106e-07
0345  7.41842e+18  2.22537e+03  1.51404e+06  2.19853e-19  0.00000e+00  0.00000e+00  7.13550e-07
0346  7.43684e+18  2.22915e+03  1.51790e+06  2.17223e-19  0.00000e+00  0.00000e+00  7.10020e-07
0347  7.45526e+18  2.23281e+03  1.52176e+06  2.14638e-19  0.00000e+00  0.00000e+00  7.06517e-07
0348  7.47367e+18  2.23635e+03  1.52562e+06  2.12098e-19  0.00000e+00  0.00000e+00  7.03039e-07
0349  7.49209e+18  2.23977e+03  1.52947e+06  2.09602e-19  0.00000e+00  0.00000e+00  6.99587e-07
0350  7.51050e+18  2.24309e+03  1.53332e+06  2.07149e-19  0.00000e+00  0.00000e+00  6.96161e-07
0351  7.52892e+18  2.24629e+03  1.53717e+06  2.04737e-19  0.00000e+00  0.00000e+00  6.92759e-07
0352  7.54733e+18  2.24938e+03  1.54100e+06  2.02367e-19  0.00000e+00  0.00000e+00  6.89383e-07
0353  7.56575e+18  2.25237e+03  1.54482e+06  2.00038e-19  0.00000e+00  0.00000e+00  6.86031e-07
0354  7.58416e+18  2.25525e+03  1.54863e+06  1.97747e-19  0.00000e+00  0.00000e+00  6.82703e-07
0355  7.60258e+18  2.25801e+03  1.55242e+06  1.95496e-19  0.00000e+00  0.00000e+00  6.79400e-07
0356  7.62100e+18  2.26067e+03  1.55621e+06  1.93284e-19  0.00000e+00  0.00000e+00  6.76121e-07
0357  7.63941e+18  2.26321e+03  1.55998e+06  1.91108e-19  0.00000e+00  0.00000e+00  6.72865e-07
0358  7.65783e+18  2.26564e+03  1.56373e+06  1.88970e-19  0.00000e+00  0.00000e+00  6.69632e-07
0359  7.67624e+18  2.26796e+03  1.56748e+06  1.86868e-19  0.00000e+00  0.00000e+00  6.66423e-07
0360  7.69466e+18  2.27018e+03  1.57121e+06  1.84801e-19  0.00000e+00  0.00000e+00  6.63237e-07
0361  7.71307e+18  2.27230e+03  1.57492e+06  1.82782e-19  0.00000e+00  0.00000e+00  6.60074e-07
0362  7.73149e+18  2.27432e+03  1.57861e+06  1.80798e-19  0.00000e+00  0.00000e+00  6.56933e-07
0363  7.74990e+18  2.27624e+03  1.58229e+06  1.78847e-19  0.00000e+00  0.00000e+00  6.53815e-07
0364  7.76832e+18  2.27807e+03  1.58595e+06  1.76926e-19  0.00000e+00  0.00000e+00  6.50719e-07
0365  7.78674e+18  2.27981e+03  1.58958e+06  1.75037e-19  0.00000e+00  0.00000e+00  6.47644e-07
0366  7.80515e+18  2.28145e+03  1.59319e+06  1.73179e-19  0.00000e+00  0.00000e+00  6.44592e-07
0367  7.82357e+18  2.28299e+03  1.59678e+06  1.71350e-19  0.00000e+00  0.00000e+00  6.41561e-07
0368  7.84198e+18  2.28444e+03  1.60035e+06  1.69551e-19  0.00000e+00  0.00000e+00  6.38551e-07
0369  7.86040e+18  2.28579e+03  1.60390e+06  1.67781e-19  0.00000e+00  0.00000e+00  6.35563e-07
0370  7.87881e+18  2.28704e+03  1.60742e+06  1.66040e-19  0.00000e+00  0.00000e+00  6.32595e-07
0371  7.89723e+18  2.28820e+03  1.61092e+06  1.64326e-19  0.00000e+00  0.00000e+00  6.29648e-07
0372  7.91564e+18  2.28927e+03  1.61440e+06  1.62639e-19  0.00000e+00  0.00000e+00  6.26722e-07
0373  7.93406e+18  2.29024e+03  1.61785e+06  1.60978e-19  0.00000e+00  0.00000e+00  6.23816e-07
0374  7.95248e+18  2.29114e+03  1.62128e+06  1.59344e-19  0.00000e+00  0.00000e+00  6.20930e-07
0375  7.97089e+18  2.29194e+03  1.62468e+06  1.57734e-19  0.00000e+00  0.00000e+00  6.18064e-07
0376  7.98931e+18  2.29267e+03  1.62807e+06  1.56150e-19  0.00000e+00  0.00000e+00  6.15218e-07
0377  8.00772e+18  2.29331e+03  1.63143e+06  1.54590e-19  0.00000e+00  0.00000e+00  6.12392e-07
0378  8.02614e+18  2.29386e+03  1.63477e+06  1.53053e-19  0.00000e+00  0.00000e+00  6.09585e-07
0379  8.04455e+18  2.29432e+03  1.63810e+06  1.51541e-19  0.00000e+00  0.00000e+00  6.06797e-07
0380  8.06297e+18  2.29470e+03  1.64141e+06  1.50051e-19  0.00000e+00  0.00000e+00  6.04029e-07
0381  8.08139e+18  2.29499e+03  1.64471e+06  1.48583e-19  0.00000e+00  0.00000e+00  6.01279e-07
0382  8.09980e+18  2.29520e+03  1.64799e+06  1.47137e-19  0.00000e+00  0.00000e+00  5.98548e-07
0383  8.11822e+18  2.29533e+03  1.65126e+06  1.45713e-19  0.00000e+00  0.00000e+00  5.95835e-07
0384  8.13663e+18  2.29538e+03  1.65452e+06  1.44310e-19  0.00000e+00  0.00000e+00  5.93141e-07
0385  8.15505e+18  2.29534e+03  1.65777e+06  1.42928e-19  0.00000e+00  0.00000e+00  5.90466e-07
0386  8.17346e+18  2.29522e+03  1.66101e+06  1.41565e-19  0.00000e+00  0.00000e+00  5.87808e-07
0387  8.19188e+18  2.29505e+03  1.66423e+06  1.40222e-19  0.00000e+00  0.00000e+00  5.85168e-07
0388  8.21029e+18  2.29479e+03  1.66745e+06  1.38898e-19  0.00000e+00  0.00000e+00  5.82546e-07
0389  8.22871e+18  2.29445e+03  1.67066e+06  1.37594e-19  0.00000e+00  0.00000e+00  5.79941e-07
0390  8.24713e+18  2.29403e+03  1.67387e+06  1.36308e-19  0.00000e+00  0.00000e+00  5.77354e-07
0391  8.26554e+18  2.29355e+03  1.67706e+06  1.35039e-19  0.00000e+00  0.00000e+00  5.74784e-07
0392  8.28396e+18  2.29303e+03  1.68024e+06  1.33788e-19  0.00000e+00  0.00000e+00  5.72232e-07
0393  8.30237e+18  2.29246e+03  1.68340e+06  1.32553e-19  0.00000e+00  0.00000e+00  5.69696e-07
0394  8.32079e+18  2.29187e+03  1.68653e+06  1.31334e-19  0.00000e+00  0.00000e+00  5.67177e-07
0395  8.33920e+18  2.29128e+03  1.68963e+06  1.30130e-19  0.00000e+00  0.00000e+00  5.64675e-07
0396  8.35762e+18  2.29069e+03  1.69268e+06  1.28940e-19  0.00000e+00  0.00000e+00  5.62189e-07
0397  8.37603e+18  2.29013e+03  1.69569e+06  1.27763e-19  0.00000e+00  0.00000e+00  5.59720e-07
0398  8.39445e+18  2.28958e+03  1.69867e+06  1.26600e-19  0.00000e+00  0.00000e+00  5.57267e-07
0399  8.41287e+18  2.28904e+03  1.70160e+06  1.25451e-19  0.00000e+00  0.00000e+00  5.54830e-07
0400  8.43128e+18  2.28849e+03  1.70451e+06  1.24315e-19  0.00000e+00  0.00000e+00  5.52409e-07
0401  8.44970e+18  2.28792e+03  1.70740e+06  1.23193e-19  0.00000e+00  0.00000e+00  5.50003e-07
0402  8.46811e+18  2.28730e+03  1.71029e+06  1.22086e-19  0.00000e+00  0.00000e+00  5.47614e-07
0403  8.48653e+18  2.28662e+03  1.71318e+06  1.20993e-19  0.00000e+00  0.00000e+00  5.45240e-07
0404  8.50494e+18  2.28584e+03  1.71610e+06  1.19915e-19  0.00000e+00  0.00000e+00  5.42881e-07
0405  8.52336e+18  2.28497e+03  1.71904e+06  1.18852e-19  0.00000e+00  0.00000e+00  5.40538e-07
0406  8.54177e+18  2.28397e+03  1.72202e+06  1.17805e-19  0.00000e+00  0.00000e+00  5.38209e-07
0407  8.56019e+18  2.28285e+03  1.72504e+06  1.16773e-19  0.00000e+00  0.00000e+00  5.35896e-07
0408  8.57861e+18  2.28162e+03  1.72810e+06  1.15755e-19  0.00000e+00  0.00000e+00  5.33598e-07
0409  8.59702e+18  2.28028e+03  1.73120e+06  1.14752e-19  0.00000e+00  0.00000e+00  5.31314e-07
0410  8.61544e+18  2.27886e+03  1.73431e+06  1.13761e-19  0.00000e+00  0.00000e+00  5.29045e-07
0411  8.63385e+18  2.27739e+03  1.73743e+06  1.12783e-19  0.00000e+00  0.00000e+00  5.26791e-07
0412  8.65227e+18  2.27589e+03  1.74055e+06  1.11816e-19  0.00000e+00  0.00000e+00  5.24551e-07
0413  8.67068e+18  2.27439e+03  1.74365e+06  1.10860e-19  0.00000e+00  0.00000e+00  5.22325e-07
0414  8.68910e+18  2.27289e+03  1.74672e+06  1.09915e-19  0.00000e+00  0.00000e+00  5.20113e-07
0415  8.70751e+18  2.27142e+03  1.74977e+06  1.08979e-19  0.00000e+00  0.00000e+00  5.17916e-07
0416  8.72593e+18  2.26998e+03  1.75277e+06  1.08053e-19  0.00000e+00  0.00000e+00  5.15732e-07
0417  8.74435e+18  2.26859e+03  1.75573e+06  1.07135e-19  0.00000e+00  0.00000e+00  5.13562e-07
0418  8.76276e+18  2.26724e+03  1.75864e+06  1.06227e-19  0.00000e+00  0.00000e+00  5.11406e-07
0419  8.78118e+18  2.26595e+03  1.76149e+06  1.05327e-19  0.00000e+00  0.00000e+00  5.09263e-07
0420  8.79959e+18  2.26471e+03  1.76430e+06  1.04436e-19  0.00000e+00  0.00000e+00  5.07134e-07
0421  8.81801e+18  2.26353e+03  1.76705e+06  1.03554e-19  0.00000e+00  0.00000e+00  5.05018e-07
0422  8.83642e+18  2.26242e+03  1.76974e+06  1.02679e-19  0.00000e+00  0.00000e+00  5.02915e-07
0423  8.85484e+18  2.26139e+03  1.77239e+06  1.01812e-19  0.00000e+00  0.00000e+00  5.00825e-07
0424  8.87326e+18  2.26044e+03  1.77497e+06  1.00953e-19  0.00000e+00  0.00000e+00  4.98749e-07
0425  8.89167e+18  2.25957e+03  1.77752e+06  1.00101e-19  0.00000e+00  0.00000e+00  4.96685e-07
0426  8.91009e+18  2.25880e+03  1.78002e+06  9.92550e-20  0.00000e+00  0.00000e+00  4.94634e-07
0427  8.92850e+18  2.25817e+03  1.78246e+06  9.84154e-20  0.00000e+00  0.00000e+00  4.92595e-07
0428  8.94692e+18  2.25760e+03  1.78487e+06  9.75827e-20  0.00000e+00  0.00000e+00  4.90570e-07
0429  8.96533e+18  2.25711e+03  1.78725e+06  9.67570e-20  0.00000e+00  0.00000e+00  4.88556e-07
0430  8.98375e+18  2.25672e+03  1.78958e+06  9.59380e-20  0.00000e+00  0.00000e+00  4.86555e-07
0431  9.00216e+18  2.25646e+03  1.79183e+06  9.51252e-20  0.00000e+00  0.00000e+00  4.84567e-07
0432  9.02058e+18  2.25630e+03  1.79400e+06  9.43190e-20  0.00000e+00  0.00000e+00  4.82590e-07
0433  9.03900e+18  2.25624e+03  1.79608e+06  9.35201e-20  0.00000e+00  0.00000e+00  4.80626e-07
0434  9.05741e+18  2.25624e+03  1.79809e+06  9.27290e-20  0.00000e+00  0.00000e+00  4.78674e-07
0435  9.07583e+18  2.25628e+03  1.80001e+06  9.19462e-20  0.00000e+00  0.00000e+00  4.76733e-07
0436  9.09424e+18  2.25636e+03  1.80187e+06  9.11716e-20  0.00000e+00  0.00000e+00  4.74804e-07
0437  9.11266e+18  2.25648e+03  1.80367e+06  9.04050e-20  0.00000e+00  0.00000e+00  4.72887e-07
0438  9.13107e+18  2.25664e+03  1.80540e+06  8.96462e-20  0.00000e+00  0.00000e+00  4.70982e-07
0439  9.14949e+18  2.25684e+03  1.80708e+06  8.88948e-20  0.00000e+00  0.00000e+00  4.69088e-07
0440  9.16790e+18  2.25709e+03  1.80872e+06  8.81506e-20  0.00000e+00  0.00000e+00  4.67205e-07
0441  9.18632e+18  2.25738e+03  1.81032e+06  8.74135e-20  0.00000e+00  0.00000e+00  4.65334e-07
0442  9.20474e+18  2.25773e+03  1.81188e+06  8.66831e-20  0.00000e+00  0.00000e+00  4.63474e-07
0443  9.22315e+18  2.25812e+03  1.81342e+06  8.59594e-20  0.00000e+00  0.00000e+00  4.61625e-07
0444  9.24157e+18  2.25857e+03  1.81493e+06  8.52420e-20  0.00000e+00  0.00000e+00  4.59787e-07
0445  9.25998e+18  2.25908e+03  1.81642e+06  8.45307e-20  0.00000e+00  0.00000e+00  4.57960e-07
0446  9.27840e+18  2.25966e+03  1.81790e+06  8.38250e-20  0.00000e+00  0.00000e+00  4.56144e-07
0447  9.29681e+18  2.26032e+03  1.81938e+06  8.31246e-20  0.00000e+00  0.00000e+00  4.54338e-07
0448  9.31523e+18  2.26107e+03  1.82087e+06  8.24290e-20  0.00000e+00  0.00000e+00  4.52544e-07
0449  9.33364e+18  2.26193e+03  1.82238e+06  8.17377e-20  0.00000e+00  0.00000e+00  4.50760e-07
0450  9.35206e+18  2.26290e+03  1.82391e+06  8.10501e-20  0.00000e+00  0.00000e+00  4.48986e-07
0451  9.37048e+18  2.26400e+03  1.82550e+06  8.03656e-20  0.00000e+00  0.00000e+00  4.47223e-07
0452  9.38889e+18  2.26525e+03  1.82714e+06  7.96838e-20  0.00000e+00  0.00000e+00  4.45470e-07
0453  9.40731e+18  2.26667e+03  1.82885e+06  7.90041e-20  0.00000e+00  0.00000e+00  4.43728e-07
0454  9.42572e+18  2.26825e+03  1.83065e+06  7.83262e-20  0.00000e+00  0.00000e+00  4.41996e-07
0455  9.44414e+18  2.27002e+03  1.83254e+06  7.76498e-20  0.00000e+00  0.00000e+00  4.40274e-07
0456  9.46255e+18  2.27197e+03  1.83453e+06  7.69748e-20  0.00000e+00  0.00000e+00  4.38562e-07
0457  9.48097e+18  2.27411e+03  1.83663e+06  7.63012e-20  0.00000e+00  0.00000e+00  4.36860e-07
0458  9.49939e+18  2.27642e+03  1.83882e+06  7.56291e-20  0.00000e+00  0.00000e+00  4.35168e-07
0459  9.51780e+18  2.27890e+03  1.84110e+06  7.49592e-20  0.00000e+00  0.00000e+00  4.33485e-07
0460  9.53622e+18  2.28153e+03  1.84346e+06  7.42920e-20  0.00000e+00  0.00000e+00  4.31813e-07
0461  9.55463e+18  2.28427e+03  1.84586e+06  7.38113e-20  0.00000e+00  0.00000e+00  4.30150e-07
0462  9.57305e+18  2.28710e+03  1.84827e+06  7.31534e-20  0.00000e+00  0.00000e+00  4.28496e-07
0463  9.59146e+18  2.28994e+03  1.85066e+06  7.25021e-20  0.00000e+00  0.00000e+00  4.26853e-07
0464  9.60988e+18  2.29276e+03  1.85298e+06  7.18592e-20  0.00000e+00  0.00000e+00  4.25218e-07
0465  9.62829e+18  2.29546e+03  1.85519e+06  7.12268e-20  0.00000e+00  0.00000e+00  4.23593e-07
0466  9.64671e+18  2.29799e+03  1.85721e+06  7.06067e-20  0.00000e+00  0.00000e+00  4.21977e-07
0467  9.66513e+18  2.30028e+03  1.85901e+06  7.00009e-20  0.00000e+00  0.00000e+00  4.20371e-07
0468  9.68354e+18  2.30224e+03  1.86053e+06  6.94111e-20  0.00000e+00  0.00000e+00  4.18773e-07
0469  9.70196e+18  2.30384e+03  1.86172e+06  6.88388e-20  0.00000e+00  0.00000e+00  4.17185e-07
0470  9.72037e+18  2.30501e+03  1.86255e+06  6.82849e-20  0.00000e+00  0.00000e+00  4.15606e-07
0471  9.73879e+18  2.30574e+03  1.86299e+06  6.77498e-20  0.00000e+00  0.00000e+00  4.14036e-07
0472  9.75720e+18  2.30601e+03  1.86305e+06  6.72335e-20  0.00000e+00  0.00000e+00  4.12474e-07
0473  9.77562e+18  2.30585e+03  1.86272e+06  6.67351e-20  0.00000e+00  0.00000e+00  4.10922e-07
0474  9.79403e+18  2.30528e+03  1.86205e+06  6.62532e-20  0.00000e+00  0.00000e+00  4.09378e-07
0475  9.81245e+18  2.30435e+03  1.86108e+06  6.57862e-20  0.00000e+00  0.00000e+00  4.07843e-07
0476  9.83087e+18  2.30313e+03  1.85985e+06  6.53319e-20  0.00000e+00  0.00000e+00  4.06316e-07
0477  9.84928e+18  2.30169e+03  1.85842e+06  6.48879e-20  0.00000e+00  0.00000e+00  4.04798e-07
0478  9.86770e+18  2.30012e+03  1.85687e+06  6.44521e-20  0.00000e+00  0.00000e+00  4.03289e-07
0479  9.88611e+18  2.29847e+03  1.85524e+06  6.40222e-20  0.00000e+00  0.00000e+00  4.01788e-07
0480  9.90453e+18  2.29682e+03  1.85360e+06  6.35961e-20  0.00000e+00  0.00000e+00  4.00295e-07
0481  9.92294e+18  2.29524e+03  1.85199e+06  6.31721e-20  0.00000e+00  0.00000e+00  3.98810e-07
0482  9.94136e+18  2.29377e+03  1.85046e+06  6.27489e-20  0.00000e+00  0.00000e+00  3.97334e-07
0483  9.95977e+18  2.29246e+03  1.84905e+06  6.23253e-20  0.00000e+00  0.00000e+00  3.95866e-07
0484  9.97819e+18  2.29133e+03  1.84777e+06  6.19006e-20  0.00000e+00  0.00000e+00  3.94406e-07
0485  9.99661e+18  2.29039e+03  1.84664e+06  6.14744e-20  0.00000e+00  0.00000e+00  3.92955e-07
0486  1.00150e+19  2.28965e+03  1.84566e+06  6.10469e-20  0.00000e+00  0.00000e+00  3.91511e-07
0487  1.00334e+19  2.28910e+03  1.84483e+06  6.06183e-20  0.00000e+00  0.00000e+00  3.90075e-07
0488  1.00519e+19  2.28871e+03  1.84412e+06  6.01891e-20  0.00000e+00  0.00000e+00  3.88647e-07
0489  1.00703e+19  2.28847e+03  1.84352e+06  5.96147e-20  0.00000e+00  0.00000e+00  3.87227e-07
0490  1.00887e+19  2.28833e+03  1.84300e+06  5.91884e-20  0.00000e+00  0.00000e+00  3.85814e-07
0491  1.01071e+19  2.28826e+03  1.84253e+06  5.87642e-20  0.00000e+00  0.00000e+00  3.84410e-07
0492  1.01255e+19  2.28823e+03  1.84208e+06  5.83429e-20  0.00000e+00  0.00000e+00  3.83013e-07
0493  1.01439e+19  2.28819e+03  1.84163e+06  5.79255e-20  0.00000e+00  0.00000e+00  3.81623e-07
0494  1.01623e+19  2.28813e+03  1.84114e+06  5.75126e-20  0.00000e+00  0.00000e+00  3.80242e-07
0495  1.01808e+19  2.28801e+03  1.84061e+06  5.71049e-20  0.00000e+00  0.00000e+00  3.78867e-07
0496  1.01992e+19  2.28783e+03  1.84002e+06  5.67025e-20  0.00000e+00  0.00000e+00  3.77500e-07
0497  1.02176e+19  2.28756e+03  1.83936e+06  5.63057e-20  0.00000e+00  0.00000e+00  3.76141e-07
0498  1.02360e+19  2.28722e+03  1.83863e+06  5.59145e-20  0.00000e+00  0.00000e+00  3.74789e-07
0499  1.02544e+19  2.28680e+03  1.83783e+06  5.55287e-20  0.00000e+00  0.00000e+00  3.73444e-07
0500  1.02728e+19  2.28631e+03  1.83697e+06  5.51481e-20  0.00000e+00  0.00000e+00  3.72106e-07
0501  1.02913e+19  2.28576e+03  1.83606e+06  5.47723e-20  0.00000e+00  0.00000e+00  3.70775e-07
0502  1.03097e+19  2.28516e+03  1.83510e+06  5.44009e-20  0.00000e+00  0.00000e+00  3.69452e-07
0503  1.03281e+19  2.28452e+03  1.83410e+06  5.40337e-20  0.00000e+00  0.00000e+00  3.68136e-07
0504  1.03465e+19  2.28386e+03  1.83309e+06  5.36704e-20  0.00000e+00  0.00000e+00  3.66826e-07
0505  1.03649e+19  2.28318e+03  1.83205e+06  5.33106e-20  0.00000e+00  0.00000e+00  3.65524e-07
0506  1.03833e+19  2.28249e+03  1.83100e+06  5.29541e-20  0.00000e+00  0.00000e+00  3.64229e-07
0507  1.04017e+19  2.28180e+03  1.82995e+06  5.26009e-20  0.00000e+00  0.00000e+00  3.62940e-07
0508  1.04202e+19  2.28110e+03  1.82889e+06  5.22507e-20  0.00000e+00  0.00000e+00  3.61658e-07
0509  1.04386e+19  2.28041e+03  1.82783e+06  5.19036e-20  0.00000e+00  0.00000e+00  3.60383e-07
0510  1.04570e+19  2.27971e+03  1.82676e+06  5.15595e-20  0.00000e+00  0.00000e+00  3.59115e-07
0511  1.04754e+19  2.27900e+03  1.82569e+06  5.12184e-20  0.00000e+00  0.00000e+00  3.57854e-07
0512  1.04938e+19  2.27830e+03  1.82462e+06  5.08802e-20  0.00000e+00  0.00000e+00  3.56599e-07
0513  1.05122e+19  2.27758e+03  1.82355e+06  5.05451e-20  0.00000e+00  0.00000e+00  3.55350e-07
0514  1.05307e+19  2.27686e+03  1.82247e+06  5.02130e-20  0.00000e+00  0.00000e+00  3.54109e-07
0515  1.05491e+19  2.27612e+03  1.82138e+06  4.98840e-20  0.00000e+00  0.00000e+00  3.52873e-07
0516  1.05675e+19  2.27538e+03  1.82028e+06  4.95579e-20  0.00000e+00  0.00000e+00  3.51645e-07
0517  1.05859e+19  2.27462e+03  1.81918e+06  4.92349e-20  0.00000e+00  0.00000e+00  3.50422e-07
0518  1.06043e+19  2.27384e+03  1.81807e+06  4.89148e-20  0.00000e+00  0.00000e+00  3.49206e-07
0519  1.06227e+19  2.27306e+03  1.81695e+06  4.85976e-20  0.00000e+00  0.00000e+00  3.47996e-07
0520  1.06412e+19  2.27226e+03  1.81582e+06  4.82834e-20  0.00000e+00  0.00000e+00  3.46793e-07
0521  1.06596e+19  2.27145e+03  1.81468e+06  4.79720e-20  0.00000e+00  0.00000e+00  3.45596e-07
0522  1.06780e+19  2.27063e+03  1.81354e+06  4.76634e-20  0.00000e+00  0.00000e+00  3.44405e-07
0523  1.06964e+19  2.26980e+03  1.81238e+06  4.73576e-20  0.00000e+00  0.00000e+00  3.43220e-07
0524  1.07148e+19  2.26896e+03  1.81121e+06  4.70545e-20  0.00000e+00  0.00000e+00  3.42041e-07
0525  1.07332e+19  2.26812e+03  1.81004e+06  4.67541e-20  0.00000e+00  0.00000e+00  3.40868e-07
0526  1.07516e+19  2.26727e+03  1.80885e+06  4.64563e-20  0.00000e+00  0.00000e+00  3.39702e-07
0527  1.07701e+19  2.26641e+03  1.80766e+06  4.61612e-20  0.00000e+00  0.00000e+00  3.38541e-07
0528  1.07885e+19  2.26555e+03  1.80645e+06  4.58686e-20  0.00000e+00  0.00000e+00  3.37386e-07
0529  1.08069e+19  2.26469e+03  1.80524e+06  4.55785e-20  0.00000e+00  0.00000e+00  3.36237e-07
0530  1.08253e+19  2.26382e+03  1.80401e+06  4.52909e-20  0.00000e+00  0.00000e+00  3.35094e-07
0531  1.08437e+19  2.26295e+03  1.80277e+06  4.50058e-20  0.00000e+00  0.00000e+00  3.33957e-07
0532  1.08621e+19  2.26208e+03  1.80153e+06  4.47231e-20  0.00000e+00  0.00000e+00  3.32826e-07
0533  1.08806e+19  2.26120e+03  1.80027e+06  4.44429e-20  0.00000e+00  0.00000e+00  3.31700e-07
0534  1.08990e+19  2.26032e+03  1.79900e+06  4.41650e-20  0.00000e+00  0.00000e+00  3.30580e-07
0535  1.09174e+19  2.25944e+03  1.79772e+06  4.38895e-20  0.00000e+00  0.00000e+00  3.29466e-07
0536  1.09358e+19  2.25855e+03  1.79643e+06  4.36163e-20  0.00000e+00  0.00000e+00  3.28357e-07
0537  1.09542e+19  2.25766e+03  1.79513e+06  4.33455e-20  0.00000e+00  0.00000e+00  3.27254e-07
0538  1.09726e+19  2.25677e+03  1.79383e+06  4.30769e-20  0.00000e+00  0.00000e+00  3.26156e-07
0539  1.09910e+19  2.25588e+03  1.79251e+06  4.28107e-20  0.00000e+00  0.00000e+00  3.25064e-07
0540  1.10095e+19  2.25497e+03  1.79118e+06  4.25467e-20  0.00000e+00  0.00000e+00  3.23978e-07
0541  1.10279e+19  2.25406e+03  1.78984e+06  4.22850e-20  0.00000e+00  0.00000e+00  3.22897e-07
0542  1.10463e+19  2.25315e+03  1.78849e+06  4.20256e-20  0.00000e+00  0.00000e+00  3.21821e-07
0543  1.10647e+19  2.25222e+03  1.78713e+06  4.17684e-20  0.00000e+00  0.00000e+00  3.20751e-07
0544  1.10831e+19  2.25129e+03  1.78576e+06  4.15135e-20  0.00000e+00  0.00000e+00  3.19686e-07
0545  1.11015e+19  2.25034e+03  1.78437e+06  4.12608e-20  0.00000e+00  0.00000e+00  3.18626e-07
0546  1.11200e+19  2.24938e+03  1.78297e+06  4.10104e-20  0.00000e+00  0.00000e+00  3.17571e-07
0547  1.11384e+19  2.24841e+03  1.78155e+06  4.07623e-20  0.00000e+00  0.00000e+00  3.16522e-07
0548  1.11568e+19  2.24742e+03  1.78012e+06  4.05164e-20  0.00000e+00  0.00000e+00  3.15478e-07
0549  1.11752e+19  2.24642e+03  1.77867e+06  4.02728e-20  0.00000e+00  0.00000e+00  3.14439e-07
0550  1.11936e+19  2.24540e+03  1.77720e+06  4.00314e-20  0.00000e+00  0.00000e+00  3.13405e-07
0551  1.12120e+19  2.24437e+03  1.77571e+06  3.97921e-20  0.00000e+00  0.00000e+00  3.12377e-07
0552  1.12305e+19  2.24328e+03  1.77421e+06  3.95555e-20  0.00000e+00  0.00000e+00  3.11353e-07
0553  1.12489e+19  2.24237e+03  1.77265e+06  3.93191e-20  0.00000e+00  0.00000e+00  3.10335e-07
0554  1.12673e+19  2.24069e+03  1.77125e+06  3.90925e-20  0.00000e+00  0.00000e+00  3.09321e-07
0555  1.12857e+19  2.24316e+03  1.76877e+06  3.88260e-20  0.00000e+00  0.00000e+00  3.08312e-07
