# Athena++ data at time=1.590000e+13  cycle=1065461600  variables=prim 
# i       x1v         rho          press          vel1         vel2         vel3     
0002  1.13875e+18  2.14917e-18  8.97288e-06 -4.09800e+05  1.46607e-09  0.00000e+00
0003  1.15716e+18  9.91565e-19  5.45956e-06  2.43594e+05  7.93074e-03  0.00000e+00
0004  1.17558e+18  6.41286e-19  4.33775e-06  3.11370e+05  1.74215e-02  0.00000e+00
0005  1.19399e+18  4.31072e-19  3.63779e-06  4.31075e+05  2.60041e-02  0.00000e+00
0006  1.21241e+18  2.83179e-19  3.17893e-06  6.30627e+05  3.34733e-02  0.00000e+00
0007  1.23082e+18  1.70276e-19  2.89032e-06  9.60056e+05  4.01729e-02  0.00000e+00
0008  1.24924e+18  1.39930e-19  2.63488e-06  1.18967e+06  4.61857e-02  0.00000e+00
0009  1.26765e+18  1.25873e-19  2.48276e-06  1.25753e+06  5.17674e-02  0.00000e+00
0010  1.28607e+18  1.14905e-19  2.34262e-06  1.33327e+06  5.69943e-02  0.00000e+00
0011  1.30448e+18  1.06792e-19  2.21649e-06  1.39560e+06  6.19065e-02  0.00000e+00
0012  1.32290e+18  9.98068e-20  2.10580e-06  1.44948e+06  6.65447e-02  0.00000e+00
0013  1.34131e+18  9.33614e-20  2.00320e-06  1.50695e+06  7.09317e-02  0.00000e+00
0014  1.35973e+18  8.75135e-20  1.90930e-06  1.56415e+06  7.50887e-02  0.00000e+00
0015  1.37814e+18  8.24346e-20  1.82298e-06  1.61716e+06  7.90338e-02  0.00000e+00
0016  1.39656e+18  7.78874e-20  1.74446e-06  1.66616e+06  8.27865e-02  0.00000e+00
0017  1.41497e+18  7.36956e-20  1.67178e-06  1.71497e+06  8.63614e-02  0.00000e+00
0018  1.43339e+18  6.98516e-20  1.60473e-06  1.76261e+06  8.97739e-02  0.00000e+00
0019  1.45180e+18  6.67281e-20  1.54165e-06  1.80138e+06  9.30317e-02  0.00000e+00
0020  1.47022e+18  6.35916e-20  1.48572e-06  1.83968e+06  9.61544e-02  0.00000e+00
0021  1.48863e+18  6.04282e-20  1.43085e-06  1.88850e+06  9.91465e-02  0.00000e+00
0022  1.50705e+18  5.78120e-20  1.37948e-06  1.92879e+06  1.02014e-01  0.00000e+00
0023  1.52546e+18  5.53940e-20  1.33367e-06  1.96277e+06  1.04771e-01  0.00000e+00
0024  1.54388e+18  5.30245e-20  1.28950e-06  2.00186e+06  1.07423e-01  0.00000e+00
0027  1.56229e+18  5.07857e-20  1.24795e-06  2.04132e+06  1.09978e-01  0.00000e+00
0028  1.58071e+18  4.86844e-20  1.20901e-06  2.08011e+06  1.12440e-01  0.00000e+00
0029  1.59912e+18  4.67009e-20  1.17240e-06  2.11878e+06  1.14816e-01  0.00000e+00
0030  1.61754e+18  4.48176e-20  1.13789e-06  2.15780e+06  1.17112e-01  0.00000e+00
0031  1.63595e+18  4.30203e-20  1.10530e-06  2.19756e+06  1.19332e-01  0.00000e+00
0032  1.65437e+18  4.12975e-20  1.07453e-06  2.23832e+06  1.21482e-01  0.00000e+00
0033  1.67278e+18  3.96614e-20  1.04551e-06  2.27921e+06  1.23565e-01  0.00000e+00
0034  1.69120e+18  3.82031e-20  1.01821e-06  2.31567e+06  1.25586e-01  0.00000e+00
0035  1.70961e+18  3.69267e-20  9.93096e-07  2.34446e+06  1.27551e-01  0.00000e+00
0036  1.72803e+18  3.57835e-20  9.69619e-07  2.36822e+06  1.29464e-01  0.00000e+00
0037  1.74644e+18  3.46918e-20  9.47551e-07  2.39105e+06  1.31331e-01  0.00000e+00
0038  1.76486e+18  3.36109e-20  9.26263e-07  2.41657e+06  1.33152e-01  0.00000e+00
0039  1.78328e+18  3.25460e-20  9.05790e-07  2.44436e+06  1.34930e-01  0.00000e+00
0040  1.80169e+18  3.15063e-20  8.86179e-07  2.47369e+06  1.36668e-01  0.00000e+00
0041  1.82011e+18  3.04952e-20  8.67442e-07  2.50430e+06  1.38366e-01  0.00000e+00
0042  1.83852e+18  2.95105e-20  8.49589e-07  2.53573e+06  1.40028e-01  0.00000e+00
0043  1.85694e+18  2.86456e-20  8.32676e-07  2.56478e+06  1.41651e-01  0.00000e+00
0044  1.87535e+18  2.79838e-20  8.16490e-07  2.58404e+06  1.43242e-01  0.00000e+00
0045  1.89377e+18  2.71494e-20  8.01202e-07  2.59090e+06  1.44855e-01  0.00000e+00
0046  1.91218e+18  2.52556e-20  7.89959e-07  2.62631e+06  1.46495e-01  0.00000e+00
0047  1.93060e+18  2.42852e-20  7.74769e-07  2.71547e+06  1.47973e-01  0.00000e+00
0048  1.94901e+18  2.46874e-20  7.61037e-07  2.77893e+06  1.49186e-01  0.00000e+00
0049  1.96743e+18  2.60410e-20  7.43197e-07  2.74117e+06  1.50377e-01  0.00000e+00
0050  1.98584e+18  2.63075e-20  7.32501e-07  2.55820e+06  1.52004e-01  0.00000e+00
0051  2.00426e+18  2.23606e-20  7.23372e-07  2.30503e+06  1.54542e-01  0.00000e+00
0052  2.02267e+18  1.53254e-20  8.04174e-07  2.52072e+06  1.57755e-01  0.00000e+00
0053  2.04109e+18  1.72982e-20  7.46956e-07  3.27487e+06  1.57809e-01  0.00000e+00
0054  2.05951e+18  2.65802e-20  6.96746e-07  2.92103e+06  1.57386e-01  0.00000e+00
0055  2.07792e+18  2.94014e-20  7.13723e-07  2.49859e+06  1.57615e-01  0.00000e+00
0056  2.09634e+18  2.87820e-20  6.99797e-07  2.45753e+06  1.58888e-01  0.00000e+00
0057  2.11475e+18  2.79441e-20  6.83680e-07  2.44216e+06  1.61042e-01  0.00000e+00
0058  2.13317e+18  2.71354e-20  6.68245e-07  2.44291e+06  1.62920e-01  0.00000e+00
0059  2.15158e+18  2.63115e-20  6.52954e-07  2.44452e+06  1.64018e-01  0.00000e+00
0060  2.17000e+18  2.54029e-20  6.37169e-07  2.43943e+06  1.64776e-01  0.00000e+00
0061  2.18841e+18  2.44185e-20  6.21128e-07  2.42821e+06  1.65609e-01  0.00000e+00
0062  2.20683e+18  2.34997e-20  6.06278e-07  2.42428e+06  1.66683e-01  0.00000e+00
0063  2.22524e+18  2.26928e-20  5.92915e-07  2.43163e+06  1.67904e-01  0.00000e+00
0064  2.24366e+18  2.20911e-20  5.81460e-07  2.45488e+06  1.69045e-01  0.00000e+00
0065  2.26207e+18  2.17263e-20  5.71944e-07  2.49036e+06  1.70009e-01  0.00000e+00
0066  2.28049e+18  2.15397e-20  5.63937e-07  2.52766e+06  1.70875e-01  0.00000e+00
0067  2.29891e+18  2.14466e-20  5.56880e-07  2.55888e+06  1.71767e-01  0.00000e+00
0068  2.31732e+18  2.13720e-20  5.50252e-07  2.58266e+06  1.72758e-01  0.00000e+00
0069  2.33574e+18  2.12640e-20  5.43590e-07  2.60198e+06  1.73832e-01  0.00000e+00
0070  2.35415e+18  2.10779e-20  5.36411e-07  2.62182e+06  1.74886e-01  0.00000e+00
0071  2.37257e+18  2.07630e-20  5.28170e-07  2.64940e+06  1.75843e-01  0.00000e+00
0072  2.39098e+18  2.04589e-20  5.20317e-07  2.68463e+06  1.76852e-01  0.00000e+00
0073  2.40940e+18  1.98100e-20  5.09495e-07  2.62826e+06  1.78463e-01  0.00000e+00
0074  2.42781e+18  1.39496e-20  4.99104e-07  2.75442e+06  1.81428e-01  0.00000e+00
0075  2.44623e+18  6.70573e-21  5.00004e-07  3.66893e+06  1.85936e-01  0.00000e+00
0076  2.46464e+18  4.12711e-21  4.71569e-07  4.88174e+06  1.91630e-01  0.00000e+00
0077  2.48306e+18  3.27101e-21  4.63930e-07  5.40544e+06  1.97979e-01  0.00000e+00
0078  2.50147e+18  2.84972e-21  4.58900e-07  5.75896e+06  2.04627e-01  0.00000e+00
0079  2.51989e+18  2.58260e-21  4.54539e-07  6.04220e+06  2.11408e-01  0.00000e+00
0080  2.53831e+18  2.38675e-21  4.50505e-07  6.28418e+06  2.18275e-01  0.00000e+00
0081  2.55672e+18  2.22736e-21  4.46789e-07  6.50395e+06  2.25242e-01  0.00000e+00
0082  2.57514e+18  2.09063e-21  4.43437e-07  6.71515e+06  2.32344e-01  0.00000e+00
0083  2.59355e+18  1.96962e-21  4.40353e-07  6.92075e+06  2.39633e-01  0.00000e+00
0084  2.61197e+18  1.85996e-21  4.37558e-07  7.12253e+06  2.47162e-01  0.00000e+00
0085  2.63038e+18  1.75978e-21  4.34999e-07  7.31885e+06  2.54980e-01  0.00000e+00
0086  2.64880e+18  1.66733e-21  4.32657e-07  7.50664e+06  2.63130e-01  0.00000e+00
0087  2.66721e+18  1.58184e-21  4.30454e-07  7.68343e+06  2.71644e-01  0.00000e+00
0088  2.68563e+18  1.50259e-21  4.28372e-07  7.84699e+06  2.80542e-01  0.00000e+00
0089  2.70404e+18  1.42885e-21  4.26365e-07  7.99917e+06  2.89828e-01  0.00000e+00
0090  2.72246e+18  1.36056e-21  4.24425e-07  8.14082e+06  2.99484e-01  0.00000e+00
0091  2.74088e+18  1.29794e-21  4.22641e-07  8.26997e+06  3.09479e-01  0.00000e+00
0092  2.75929e+18  1.24094e-21  4.21017e-07  8.38744e+06  3.19764e-01  0.00000e+00
0093  2.77771e+18  1.18919e-21  4.19432e-07  8.49838e+06  3.30284e-01  0.00000e+00
0094  2.79612e+18  1.14239e-21  4.17866e-07  8.60457e+06  3.40983e-01  0.00000e+00
0095  2.81454e+18  1.10048e-21  4.16531e-07  8.69935e+06  3.51820e-01  0.00000e+00
0096  2.83295e+18  1.06304e-21  4.15501e-07  8.78106e+06  3.62779e-01  0.00000e+00
0097  2.85137e+18  1.02900e-21  4.14462e-07  8.86178e+06  3.73875e-01  0.00000e+00
0098  2.86978e+18  9.97420e-22  4.13154e-07  8.95238e+06  3.85154e-01  0.00000e+00
0099  2.88820e+18  9.68378e-22  4.12079e-07  9.03362e+06  3.96705e-01  0.00000e+00
0100  2.90661e+18  9.41639e-22  4.11683e-07  9.08370e+06  4.08698e-01  0.00000e+00
0101  2.92503e+18  9.16246e-22  4.11591e-07  9.12291e+06  4.21399e-01  0.00000e+00
0102  2.94345e+18  8.91935e-22  4.10738e-07  9.18973e+06  4.34876e-01  0.00000e+00
0103  2.96186e+18  8.64725e-22  4.08889e-07  9.28837e+06  4.48715e-01  0.00000e+00
0104  2.98028e+18  8.24479e-22  4.08533e-07  9.33465e+06  4.65173e-01  0.00000e+00
0105  2.99869e+18  7.99833e-22  4.09890e-07  9.28311e+06  4.93985e-01  0.00000e+00
0106  3.01711e+18  8.30460e-22  4.10653e-07  9.23646e+06  5.12699e-01  0.00000e+00
0107  3.03552e+18  1.43161e-21  4.07465e-07  9.40965e+06  4.95629e-01  0.00000e+00
0108  3.05394e+18  7.80973e-21  3.56032e-07  8.70952e+06  3.71810e-01  0.00000e+00
0109  3.07235e+18  1.82730e-20  3.91328e-07  6.54740e+06  2.33106e-01  0.00000e+00
0110  3.09077e+18  1.85682e-20  3.89289e-07  6.27366e+06  1.68321e-01  0.00000e+00
0111  3.10918e+18  1.80156e-20  3.80412e-07  6.31965e+06  1.56158e-01  0.00000e+00
0112  3.12760e+18  1.71031e-20  3.67412e-07  6.40829e+06  1.55662e-01  0.00000e+00
0113  3.14602e+18  1.61749e-20  3.54273e-07  6.49935e+06  1.55808e-01  0.00000e+00
0114  3.16443e+18  1.53149e-20  3.41457e-07  6.57723e+06  1.56419e-01  0.00000e+00
0115  3.18285e+18  1.45218e-20  3.29697e-07  6.64224e+06  1.57699e-01  0.00000e+00
0116  3.20126e+18  1.38158e-20  3.19173e-07  6.70261e+06  1.59577e-01  0.00000e+00
0117  3.21968e+18  1.31923e-20  3.08915e-07  6.74829e+06  1.61773e-01  0.00000e+00
0118  3.23809e+18  1.25981e-20  2.99560e-07  6.79972e+06  1.63964e-01  0.00000e+00
0119  3.25651e+18  1.20370e-20  2.91029e-07  6.84797e+06  1.65935e-01  0.00000e+00
0120  3.27492e+18  1.14791e-20  2.82899e-07  6.89843e+06  1.67611e-01  0.00000e+00
0121  3.29334e+18  1.09283e-20  2.75302e-07  6.95973e+06  1.69042e-01  0.00000e+00
0122  3.31176e+18  1.03001e-20  2.67742e-07  7.02469e+06  1.70366e-01  0.00000e+00
0123  3.33017e+18  9.15557e-21  2.58524e-07  7.08461e+06  1.71742e-01  0.00000e+00
0124  3.34859e+18  6.76434e-21  2.59576e-07  7.36818e+06  1.73213e-01  0.00000e+00
0125  3.36700e+18  4.11042e-21  2.40583e-07  8.62919e+06  1.74739e-01  0.00000e+00
0126  3.38542e+18  2.75954e-21  2.20232e-07  9.93108e+06  1.76337e-01  0.00000e+00
0127  3.40383e+18  2.16041e-21  2.09026e-07  1.08140e+07  1.77979e-01  0.00000e+00
0128  3.42225e+18  1.84370e-21  2.01129e-07  1.14727e+07  1.79625e-01  0.00000e+00
0129  3.44066e+18  1.64251e-21  1.94785e-07  1.20098e+07  1.81253e-01  0.00000e+00
0130  3.45908e+18  1.49747e-21  1.89202e-07  1.24801e+07  1.82852e-01  0.00000e+00
0131  3.47749e+18  1.38502e-21  1.84215e-07  1.29028e+07  1.84422e-01  0.00000e+00
0132  3.49591e+18  1.29331e-21  1.79691e-07  1.32916e+07  1.85964e-01  0.00000e+00
0133  3.51433e+18  1.21601e-21  1.75497e-07  1.36543e+07  1.87482e-01  0.00000e+00
0134  3.53274e+18  1.14888e-21  1.71606e-07  1.39962e+07  1.88983e-01  0.00000e+00
0135  3.55116e+18  1.08939e-21  1.67895e-07  1.43248e+07  1.90469e-01  0.00000e+00
0136  3.56957e+18  1.03632e-21  1.64395e-07  1.46392e+07  1.91943e-01  0.00000e+00
0137  3.58799e+18  9.88442e-22  1.61074e-07  1.49421e+07  1.93407e-01  0.00000e+00
0138  3.60640e+18  9.44940e-22  1.57906e-07  1.52346e+07  1.94862e-01  0.00000e+00
0139  3.62482e+18  9.05259e-22  1.54883e-07  1.55168e+07  1.96306e-01  0.00000e+00
0140  3.64323e+18  8.68956e-22  1.51996e-07  1.57894e+07  1.97738e-01  0.00000e+00
0141  3.66165e+18  8.35685e-22  1.49239e-07  1.60525e+07  1.99156e-01  0.00000e+00
0142  3.68007e+18  8.05074e-22  1.46605e-07  1.63068e+07  2.00557e-01  0.00000e+00
0143  3.69848e+18  7.76674e-22  1.44068e-07  1.65546e+07  2.01938e-01  0.00000e+00
0144  3.71690e+18  7.50179e-22  1.41614e-07  1.67976e+07  2.03299e-01  0.00000e+00
0145  3.73531e+18  7.25408e-22  1.39237e-07  1.70358e+07  2.04640e-01  0.00000e+00
0146  3.75373e+18  7.02210e-22  1.36939e-07  1.72691e+07  2.05962e-01  0.00000e+00
0147  3.77214e+18  6.80439e-22  1.34715e-07  1.74974e+07  2.07267e-01  0.00000e+00
0148  3.79056e+18  6.59956e-22  1.32564e-07  1.77207e+07  2.08561e-01  0.00000e+00
0149  3.80897e+18  6.40631e-22  1.30484e-07  1.79389e+07  2.09849e-01  0.00000e+00
0150  3.82739e+18  6.22340e-22  1.28474e-07  1.81518e+07  2.11138e-01  0.00000e+00
0151  3.84581e+18  6.04957e-22  1.26529e-07  1.83599e+07  2.12435e-01  0.00000e+00
0152  3.86422e+18  5.88386e-22  1.24646e-07  1.85632e+07  2.13746e-01  0.00000e+00
0153  3.88264e+18  5.72552e-22  1.22824e-07  1.87616e+07  2.15077e-01  0.00000e+00
0154  3.90105e+18  5.57390e-22  1.21062e-07  1.89552e+07  2.16432e-01  0.00000e+00
0155  3.91947e+18  5.42849e-22  1.19358e-07  1.91439e+07  2.17814e-01  0.00000e+00
0156  3.93788e+18  5.28900e-22  1.17710e-07  1.93278e+07  2.19222e-01  0.00000e+00
0157  3.95630e+18  5.15534e-22  1.16120e-07  1.95065e+07  2.20653e-01  0.00000e+00
0158  3.97471e+18  5.02753e-22  1.14588e-07  1.96798e+07  2.22100e-01  0.00000e+00
0159  3.99313e+18  4.90552e-22  1.13109e-07  1.98482e+07  2.23553e-01  0.00000e+00
0160  4.01155e+18  4.78936e-22  1.11679e-07  2.00118e+07  2.25000e-01  0.00000e+00
0161  4.02996e+18  4.67926e-22  1.10296e-07  2.01707e+07  2.26425e-01  0.00000e+00
0162  4.04838e+18  4.57518e-22  1.08958e-07  2.03250e+07  2.27811e-01  0.00000e+00
0163  4.06679e+18  4.47690e-22  1.07658e-07  2.04759e+07  2.29143e-01  0.00000e+00
0164  4.08521e+18  4.38441e-22  1.06394e-07  2.06234e+07  2.30404e-01  0.00000e+00
0165  4.10362e+18  4.29759e-22  1.05163e-07  2.07676e+07  2.31583e-01  0.00000e+00
0166  4.12204e+18  4.21621e-22  1.03964e-07  2.09087e+07  2.32673e-01  0.00000e+00
0167  4.14045e+18  4.13993e-22  1.02797e-07  2.10467e+07  2.33671e-01  0.00000e+00
0168  4.15887e+18  4.06829e-22  1.01659e-07  2.11817e+07  2.34580e-01  0.00000e+00
0169  4.17728e+18  4.00079e-22  1.00550e-07  2.13138e+07  2.35407e-01  0.00000e+00
0170  4.19570e+18  3.93690e-22  9.94681e-08  2.14431e+07  2.36165e-01  0.00000e+00
0171  4.21412e+18  3.87598e-22  9.84122e-08  2.15698e+07  2.36865e-01  0.00000e+00
0172  4.23253e+18  3.81753e-22  9.73790e-08  2.16942e+07  2.37523e-01  0.00000e+00
0173  4.25095e+18  3.76124e-22  9.63712e-08  2.18160e+07  2.38152e-01  0.00000e+00
0174  4.26936e+18  3.70676e-22  9.53884e-08  2.19351e+07  2.38765e-01  0.00000e+00
0175  4.28778e+18  3.65380e-22  9.44300e-08  2.20514e+07  2.39373e-01  0.00000e+00
0176  4.30619e+18  3.60216e-22  9.34956e-08  2.21650e+07  2.39987e-01  0.00000e+00
0177  4.32461e+18  3.55168e-22  9.25847e-08  2.22759e+07  2.40611e-01  0.00000e+00
0178  4.34302e+18  3.50228e-22  9.16966e-08  2.23842e+07  2.41251e-01  0.00000e+00
0179  4.36144e+18  3.45391e-22  9.08307e-08  2.24898e+07  2.41910e-01  0.00000e+00
0180  4.37986e+18  3.40659e-22  8.99862e-08  2.25929e+07  2.42588e-01  0.00000e+00
0181  4.39827e+18  3.36031e-22  8.91624e-08  2.26934e+07  2.43284e-01  0.00000e+00
0182  4.41669e+18  3.31513e-22  8.83586e-08  2.27915e+07  2.43995e-01  0.00000e+00
0183  4.43510e+18  3.27106e-22  8.75741e-08  2.28873e+07  2.44719e-01  0.00000e+00
0184  4.45352e+18  3.22816e-22  8.68084e-08  2.29806e+07  2.45452e-01  0.00000e+00
0185  4.47193e+18  3.18644e-22  8.60609e-08  2.30717e+07  2.46189e-01  0.00000e+00
0186  4.49035e+18  3.14592e-22  8.53309e-08  2.31605e+07  2.46927e-01  0.00000e+00
0187  4.50876e+18  3.10663e-22  8.46191e-08  2.32470e+07  2.47664e-01  0.00000e+00
0188  4.52718e+18  3.06858e-22  8.39263e-08  2.33309e+07  2.48397e-01  0.00000e+00
0189  4.54560e+18  3.03172e-22  8.32515e-08  2.34125e+07  2.49125e-01  0.00000e+00
0190  4.56401e+18  2.99602e-22  8.25937e-08  2.34917e+07  2.49845e-01  0.00000e+00
0191  4.58243e+18  2.96142e-22  8.19522e-08  2.35687e+07  2.50560e-01  0.00000e+00
0192  4.60084e+18  2.92787e-22  8.13267e-08  2.36436e+07  2.51268e-01  0.00000e+00
0193  4.61926e+18  2.89533e-22  8.07168e-08  2.37162e+07  2.51970e-01  0.00000e+00
0194  4.63767e+18  2.86375e-22  8.01221e-08  2.37868e+07  2.52667e-01  0.00000e+00
0195  4.65609e+18  2.83306e-22  7.95421e-08  2.38552e+07  2.53361e-01  0.00000e+00
0196  4.67450e+18  2.80323e-22  7.89762e-08  2.39217e+07  2.54052e-01  0.00000e+00
0197  4.69292e+18  2.77420e-22  7.84237e-08  2.39862e+07  2.54741e-01  0.00000e+00
0198  4.71134e+18  2.74593e-22  7.78840e-08  2.40489e+07  2.55430e-01  0.00000e+00
0199  4.72975e+18  2.71838e-22  7.73563e-08  2.41099e+07  2.56119e-01  0.00000e+00
0200  4.74817e+18  2.69150e-22  7.68400e-08  2.41692e+07  2.56809e-01  0.00000e+00
0201  4.76658e+18  2.66527e-22  7.63345e-08  2.42269e+07  2.57499e-01  0.00000e+00
0202  4.78500e+18  2.63967e-22  7.58396e-08  2.42831e+07  2.58192e-01  0.00000e+00
0203  4.80341e+18  2.61467e-22  7.53548e-08  2.43377e+07  2.58886e-01  0.00000e+00
0204  4.82183e+18  2.59026e-22  7.48802e-08  2.43908e+07  2.59582e-01  0.00000e+00
0205  4.84024e+18  2.56642e-22  7.44157e-08  2.44423e+07  2.60281e-01  0.00000e+00
0206  4.85866e+18  2.54314e-22  7.39615e-08  2.44922e+07  2.60982e-01  0.00000e+00
0207  4.87708e+18  2.52042e-22  7.35177e-08  2.45405e+07  2.61685e-01  0.00000e+00
0208  4.89549e+18  2.49825e-22  7.30843e-08  2.45871e+07  2.62391e-01  0.00000e+00
0209  4.91391e+18  2.47660e-22  7.26612e-08  2.46321e+07  2.63099e-01  0.00000e+00
0210  4.93232e+18  2.45547e-22  7.22483e-08  2.46754e+07  2.63811e-01  0.00000e+00
0211  4.95074e+18  2.43484e-22  7.18454e-08  2.47170e+07  2.64526e-01  0.00000e+00
0212  4.96915e+18  2.41470e-22  7.14520e-08  2.47570e+07  2.65244e-01  0.00000e+00
0213  4.98757e+18  2.39501e-22  7.10678e-08  2.47954e+07  2.65967e-01  0.00000e+00
0214  5.00598e+18  2.37577e-22  7.06921e-08  2.48324e+07  2.66693e-01  0.00000e+00
0215  5.02440e+18  2.35695e-22  7.03246e-08  2.48679e+07  2.67423e-01  0.00000e+00
0216  5.04282e+18  2.33854e-22  6.99647e-08  2.49021e+07  2.68157e-01  0.00000e+00
0217  5.06123e+18  2.32052e-22  6.96121e-08  2.49350e+07  2.68897e-01  0.00000e+00
0218  5.07965e+18  2.30286e-22  6.92664e-08  2.49667e+07  2.69641e-01  0.00000e+00
0219  5.09806e+18  2.28558e-22  6.89275e-08  2.49971e+07  2.70390e-01  0.00000e+00
0220  5.11648e+18  2.26865e-22  6.85953e-08  2.50262e+07  2.71144e-01  0.00000e+00
0221  5.13489e+18  2.25206e-22  6.82700e-08  2.50540e+07  2.71904e-01  0.00000e+00
0222  5.15331e+18  2.23583e-22  6.79517e-08  2.50805e+07  2.72669e-01  0.00000e+00
0223  5.17172e+18  2.21994e-22  6.76406e-08  2.51056e+07  2.73440e-01  0.00000e+00
0224  5.19014e+18  2.20438e-22  6.73368e-08  2.51292e+07  2.74217e-01  0.00000e+00
0225  5.20856e+18  2.18917e-22  6.70406e-08  2.51512e+07  2.75000e-01  0.00000e+00
0226  5.22697e+18  2.17428e-22  6.67518e-08  2.51717e+07  2.75789e-01  0.00000e+00
0227  5.24539e+18  2.15970e-22  6.64698e-08  2.51908e+07  2.76586e-01  0.00000e+00
0228  5.26380e+18  2.14540e-22  6.61936e-08  2.52087e+07  2.77388e-01  0.00000e+00
0229  5.28222e+18  2.13136e-22  6.59216e-08  2.52256e+07  2.78198e-01  0.00000e+00
0230  5.30063e+18  2.11753e-22  6.56523e-08  2.52419e+07  2.79015e-01  0.00000e+00
0231  5.31905e+18  2.10391e-22  6.53850e-08  2.52577e+07  2.79838e-01  0.00000e+00
0232  5.33746e+18  2.09047e-22  6.51192e-08  2.52731e+07  2.80669e-01  0.00000e+00
0233  5.35588e+18  2.07722e-22  6.48553e-08  2.52881e+07  2.81506e-01  0.00000e+00
0234  5.37430e+18  2.06416e-22  6.45939e-08  2.53024e+07  2.82350e-01  0.00000e+00
0235  5.39271e+18  2.05131e-22  6.43356e-08  2.53160e+07  2.83202e-01  0.00000e+00
0236  5.41113e+18  2.03867e-22  6.40809e-08  2.53288e+07  2.84061e-01  0.00000e+00
0237  5.42954e+18  2.02625e-22  6.38302e-08  2.53406e+07  2.84928e-01  0.00000e+00
0238  5.44796e+18  2.01404e-22  6.35839e-08  2.53514e+07  2.85802e-01  0.00000e+00
0239  5.46637e+18  2.00206e-22  6.33426e-08  2.53611e+07  2.86684e-01  0.00000e+00
0240  5.48479e+18  1.99031e-22  6.31071e-08  2.53695e+07  2.87575e-01  0.00000e+00
0241  5.50320e+18  1.97880e-22  6.28779e-08  2.53764e+07  2.88473e-01  0.00000e+00
0242  5.52162e+18  1.96754e-22  6.26552e-08  2.53818e+07  2.89380e-01  0.00000e+00
0243  5.54004e+18  1.95653e-22  6.24397e-08  2.53854e+07  2.90296e-01  0.00000e+00
0244  5.55845e+18  1.94578e-22  6.22322e-08  2.53876e+07  2.91221e-01  0.00000e+00
0245  5.57687e+18  1.93522e-22  6.20288e-08  2.53881e+07  2.92154e-01  0.00000e+00
0246  5.59528e+18  1.92486e-22  6.18304e-08  2.53875e+07  2.93097e-01  0.00000e+00
0247  5.61370e+18  1.91471e-22  6.16374e-08  2.53858e+07  2.94049e-01  0.00000e+00
0248  5.63211e+18  1.90475e-22  6.14492e-08  2.53830e+07  2.95011e-01  0.00000e+00
0249  5.65053e+18  1.89500e-22  6.12663e-08  2.53789e+07  2.95981e-01  0.00000e+00
0250  5.66894e+18  1.88545e-22  6.10895e-08  2.53733e+07  2.96960e-01  0.00000e+00
0251  5.68736e+18  1.87612e-22  6.09186e-08  2.53664e+07  2.97947e-01  0.00000e+00
0252  5.70578e+18  1.86699e-22  6.07528e-08  2.53582e+07  2.98943e-01  0.00000e+00
0253  5.72419e+18  1.85804e-22  6.05908e-08  2.53491e+07  2.99946e-01  0.00000e+00
0254  5.74261e+18  1.84923e-22  6.04312e-08  2.53394e+07  3.00956e-01  0.00000e+00
0255  5.76102e+18  1.84055e-22  6.02729e-08  2.53293e+07  3.01973e-01  0.00000e+00
0256  5.77944e+18  1.83199e-22  6.01150e-08  2.53192e+07  3.02996e-01  0.00000e+00
0257  5.79785e+18  1.82353e-22  5.99569e-08  2.53090e+07  3.04024e-01  0.00000e+00
0258  5.81627e+18  1.81518e-22  5.97984e-08  2.52991e+07  3.05057e-01  0.00000e+00
0259  5.83468e+18  1.80692e-22  5.96389e-08  2.52894e+07  3.06094e-01  0.00000e+00
0260  5.85310e+18  1.79874e-22  5.94782e-08  2.52803e+07  3.07135e-01  0.00000e+00
0261  5.87152e+18  1.79063e-22  5.93155e-08  2.52718e+07  3.08179e-01  0.00000e+00
0262  5.88993e+18  1.78259e-22  5.91503e-08  2.52643e+07  3.09225e-01  0.00000e+00
0263  5.90835e+18  1.77459e-22  5.89812e-08  2.52579e+07  3.10275e-01  0.00000e+00
0264  5.92676e+18  1.76660e-22  5.88074e-08  2.52532e+07  3.11326e-01  0.00000e+00
0265  5.94518e+18  1.75865e-22  5.86294e-08  2.52501e+07  3.12380e-01  0.00000e+00
0266  5.96359e+18  1.75071e-22  5.84469e-08  2.52481e+07  3.13435e-01  0.00000e+00
0267  5.98201e+18  1.74285e-22  5.82627e-08  2.52482e+07  3.14493e-01  0.00000e+00
0268  6.00043e+18  1.73497e-22  5.80727e-08  2.52497e+07  3.15553e-01  0.00000e+00
0269  6.01884e+18  1.72710e-22  5.78778e-08  2.52531e+07  3.16615e-01  0.00000e+00
0270  6.03726e+18  1.71925e-22  5.76791e-08  2.52582e+07  3.17681e-01  0.00000e+00
0271  6.05567e+18  1.71142e-22  5.74773e-08  2.52648e+07  3.18750e-01  0.00000e+00
0272  6.07409e+18  1.70361e-22  5.72725e-08  2.52729e+07  3.19823e-01  0.00000e+00
0273  6.09250e+18  1.69582e-22  5.70646e-08  2.52824e+07  3.20901e-01  0.00000e+00
0274  6.11092e+18  1.68804e-22  5.68536e-08  2.52933e+07  3.21984e-01  0.00000e+00
0275  6.12933e+18  1.68026e-22  5.66396e-08  2.53056e+07  3.23073e-01  0.00000e+00
0276  6.14775e+18  1.67247e-22  5.64223e-08  2.53193e+07  3.24169e-01  0.00000e+00
0277  6.16617e+18  1.66468e-22  5.62019e-08  2.53343e+07  3.25272e-01  0.00000e+00
0278  6.18458e+18  1.65689e-22  5.59782e-08  2.53506e+07  3.26383e-01  0.00000e+00
0279  6.20300e+18  1.64909e-22  5.57516e-08  2.53681e+07  3.27502e-01  0.00000e+00
0280  6.22141e+18  1.64129e-22  5.55222e-08  2.53869e+07  3.28629e-01  0.00000e+00
0281  6.23983e+18  1.63349e-22  5.52903e-08  2.54069e+07  3.29766e-01  0.00000e+00
0282  6.25824e+18  1.62570e-22  5.50564e-08  2.54282e+07  3.30912e-01  0.00000e+00
0283  6.27666e+18  1.61792e-22  5.48208e-08  2.54506e+07  3.32068e-01  0.00000e+00
0284  6.29507e+18  1.61015e-22  5.45837e-08  2.54742e+07  3.33234e-01  0.00000e+00
0285  6.31349e+18  1.60240e-22  5.43453e-08  2.54989e+07  3.34411e-01  0.00000e+00
0286  6.33191e+18  1.59466e-22  5.41057e-08  2.55246e+07  3.35598e-01  0.00000e+00
0287  6.35032e+18  1.58692e-22  5.38650e-08  2.55513e+07  3.36795e-01  0.00000e+00
0288  6.36874e+18  1.57920e-22  5.36230e-08  2.55789e+07  3.38004e-01  0.00000e+00
0289  6.38715e+18  1.57149e-22  5.33798e-08  2.56072e+07  3.39224e-01  0.00000e+00
0290  6.40557e+18  1.56378e-22  5.31352e-08  2.56362e+07  3.40456e-01  0.00000e+00
0291  6.42398e+18  1.55609e-22  5.28893e-08  2.56658e+07  3.41699e-01  0.00000e+00
0292  6.44240e+18  1.54842e-22  5.26422e-08  2.56959e+07  3.42953e-01  0.00000e+00
0293  6.46081e+18  1.54076e-22  5.23941e-08  2.57265e+07  3.44221e-01  0.00000e+00
0294  6.47923e+18  1.53313e-22  5.21453e-08  2.57573e+07  3.45502e-01  0.00000e+00
0295  6.49765e+18  1.52552e-22  5.18962e-08  2.57886e+07  3.46797e-01  0.00000e+00
0296  6.51606e+18  1.51793e-22  5.16471e-08  2.58201e+07  3.48108e-01  0.00000e+00
0297  6.53448e+18  1.51037e-22  5.13984e-08  2.58520e+07  3.49435e-01  0.00000e+00
0298  6.55289e+18  1.50283e-22  5.11506e-08  2.58843e+07  3.50780e-01  0.00000e+00
0299  6.57131e+18  1.49532e-22  5.09039e-08  2.59168e+07  3.52144e-01  0.00000e+00
0300  6.58972e+18  1.48784e-22  5.06586e-08  2.59497e+07  3.53528e-01  0.00000e+00
0301  6.60814e+18  1.48039e-22  5.04148e-08  2.59829e+07  3.54932e-01  0.00000e+00
0302  6.62655e+18  1.47297e-22  5.01727e-08  2.60164e+07  3.56359e-01  0.00000e+00
0303  6.64497e+18  1.46557e-22  4.99320e-08  2.60501e+07  3.57808e-01  0.00000e+00
0304  6.66339e+18  1.45820e-22  4.96928e-08  2.60838e+07  3.59280e-01  0.00000e+00
0305  6.68180e+18  1.45084e-22  4.94548e-08  2.61176e+07  3.60776e-01  0.00000e+00
0306  6.70022e+18  1.44349e-22  4.92178e-08  2.61513e+07  3.62295e-01  0.00000e+00
0307  6.71863e+18  1.43616e-22  4.89816e-08  2.61848e+07  3.63839e-01  0.00000e+00
0308  6.73705e+18  1.42884e-22  4.87461e-08  2.62181e+07  3.65406e-01  0.00000e+00
0309  6.75546e+18  1.42153e-22  4.85112e-08  2.62510e+07  3.66997e-01  0.00000e+00
0310  6.77388e+18  1.41424e-22  4.82768e-08  2.62836e+07  3.68610e-01  0.00000e+00
0311  6.79229e+18  1.40696e-22  4.80430e-08  2.63159e+07  3.70245e-01  0.00000e+00
0312  6.81071e+18  1.39971e-22  4.78100e-08  2.63478e+07  3.71901e-01  0.00000e+00
0313  6.82913e+18  1.39250e-22  4.75781e-08  2.63794e+07  3.73576e-01  0.00000e+00
0314  6.84754e+18  1.38533e-22  4.73475e-08  2.64108e+07  3.75268e-01  0.00000e+00
0315  6.86596e+18  1.37821e-22  4.71185e-08  2.64421e+07  3.76977e-01  0.00000e+00
0316  6.88437e+18  1.37116e-22  4.68916e-08  2.64734e+07  3.78700e-01  0.00000e+00
0317  6.90279e+18  1.36419e-22  4.66670e-08  2.65047e+07  3.80436e-01  0.00000e+00
0318  6.92120e+18  1.35730e-22  4.64449e-08  2.65361e+07  3.82182e-01  0.00000e+00
0319  6.93962e+18  1.35051e-22  4.62254e-08  2.65676e+07  3.83938e-01  0.00000e+00
0320  6.95803e+18  1.34382e-22  4.60087e-08  2.65992e+07  3.85701e-01  0.00000e+00
0321  6.97645e+18  1.33722e-22  4.57945e-08  2.66309e+07  3.87471e-01  0.00000e+00
0322  6.99487e+18  1.33073e-22  4.55829e-08  2.66626e+07  3.89244e-01  0.00000e+00
0323  7.01328e+18  1.32433e-22  4.53734e-08  2.66941e+07  3.91022e-01  0.00000e+00
0324  7.03170e+18  1.31803e-22  4.51658e-08  2.67255e+07  3.92802e-01  0.00000e+00
0325  7.05011e+18  1.31181e-22  4.49599e-08  2.67566e+07  3.94585e-01  0.00000e+00
0326  7.06853e+18  1.30568e-22  4.47554e-08  2.67873e+07  3.96370e-01  0.00000e+00
0327  7.08694e+18  1.29964e-22  4.45521e-08  2.68175e+07  3.98158e-01  0.00000e+00
0328  7.10536e+18  1.29366e-22  4.43501e-08  2.68471e+07  3.99949e-01  0.00000e+00
0329  7.12378e+18  1.28776e-22  4.41493e-08  2.68761e+07  4.01746e-01  0.00000e+00
0330  7.14219e+18  1.28193e-22  4.39498e-08  2.69045e+07  4.03550e-01  0.00000e+00
0331  7.16061e+18  1.27616e-22  4.37519e-08  2.69324e+07  4.05364e-01  0.00000e+00
0332  7.17902e+18  1.27046e-22  4.35556e-08  2.69599e+07  4.07190e-01  0.00000e+00
0333  7.19744e+18  1.26481e-22  4.33613e-08  2.69870e+07  4.09031e-01  0.00000e+00
0334  7.21585e+18  1.25921e-22  4.31692e-08  2.70139e+07  4.10891e-01  0.00000e+00
0335  7.23427e+18  1.25367e-22  4.29794e-08  2.70406e+07  4.12775e-01  0.00000e+00
0336  7.25268e+18  1.24816e-22  4.27921e-08  2.70673e+07  4.14687e-01  0.00000e+00
0337  7.27110e+18  1.24268e-22  4.26072e-08  2.70940e+07  4.16630e-01  0.00000e+00
0338  7.28952e+18  1.23722e-22  4.24247e-08  2.71207e+07  4.18611e-01  0.00000e+00
0339  7.30793e+18  1.23176e-22  4.22445e-08  2.71475e+07  4.20633e-01  0.00000e+00
0340  7.32635e+18  1.22630e-22  4.20663e-08  2.71742e+07  4.22701e-01  0.00000e+00
0341  7.34476e+18  1.22082e-22  4.18900e-08  2.72009e+07  4.24822e-01  0.00000e+00
0342  7.36318e+18  1.21531e-22  4.17153e-08  2.72273e+07  4.26998e-01  0.00000e+00
0343  7.38159e+18  1.20976e-22  4.15419e-08  2.72536e+07  4.29236e-01  0.00000e+00
0344  7.40001e+18  1.20416e-22  4.13696e-08  2.72795e+07  4.31539e-01  0.00000e+00
0345  7.41842e+18  1.19849e-22  4.11982e-08  2.73051e+07  4.33913e-01  0.00000e+00
0346  7.43684e+18  1.19276e-22  4.10277e-08  2.73302e+07  4.36361e-01  0.00000e+00
0347  7.45526e+18  1.18698e-22  4.08580e-08  2.73548e+07  4.38887e-01  0.00000e+00
0348  7.47367e+18  1.18113e-22  4.06892e-08  2.73790e+07  4.41495e-01  0.00000e+00
0349  7.49209e+18  1.17519e-22  4.05215e-08  2.74028e+07  4.44187e-01  0.00000e+00
0350  7.51050e+18  1.16909e-22  4.03549e-08  2.74263e+07  4.46969e-01  0.00000e+00
0351  7.52892e+18  1.16265e-22  4.01899e-08  2.74495e+07  4.49850e-01  0.00000e+00
0352  7.54733e+18  1.15562e-22  4.00265e-08  2.74725e+07  4.52852e-01  0.00000e+00
0353  7.56575e+18  1.14764e-22  3.98653e-08  2.74954e+07  4.56015e-01  0.00000e+00
0354  7.58416e+18  1.13876e-22  3.97064e-08  2.75181e+07  4.59417e-01  0.00000e+00
0355  7.60258e+18  1.13053e-22  3.95500e-08  2.75408e+07  4.63178e-01  0.00000e+00
0356  7.62100e+18  1.12636e-22  3.93958e-08  2.75634e+07  4.67434e-01  0.00000e+00
0357  7.63941e+18  1.12595e-22  3.92431e-08  2.75862e+07  4.72116e-01  0.00000e+00
0358  7.65783e+18  1.12634e-22  3.90916e-08  2.76090e+07  4.76358e-01  0.00000e+00
0359  7.67624e+18  1.12822e-22  3.89410e-08  2.76320e+07  4.78466e-01  0.00000e+00
0360  7.69466e+18  1.13328e-22  3.87908e-08  2.76550e+07  4.78680e-01  0.00000e+00
0361  7.71307e+18  1.14404e-22  3.86401e-08  2.76781e+07  4.78518e-01  0.00000e+00
0362  7.73149e+18  1.16406e-22  3.84878e-08  2.77014e+07  4.77770e-01  0.00000e+00
0363  7.74990e+18  1.19831e-22  3.83321e-08  2.77251e+07  4.75856e-01  0.00000e+00
0364  7.76832e+18  1.25329e-22  3.81706e-08  2.77493e+07  4.72112e-01  0.00000e+00
0365  7.78674e+18  1.33705e-22  3.80002e-08  2.77748e+07  4.65839e-01  0.00000e+00
0366  7.80515e+18  1.45857e-22  3.78162e-08  2.78020e+07  4.56379e-01  0.00000e+00
0367  7.82357e+18  1.62634e-22  3.76132e-08  2.78312e+07  4.43218e-01  0.00000e+00
0368  7.84198e+18  1.84588e-22  3.73853e-08  2.78629e+07  4.26091e-01  0.00000e+00
0369  7.86040e+18  2.11654e-22  3.71271e-08  2.78986e+07  4.05091e-01  0.00000e+00
0370  7.87881e+18  2.42783e-22  3.68346e-08  2.79415e+07  3.80764e-01  0.00000e+00
0371  7.89723e+18  2.75432e-22  3.65071e-08  2.79961e+07  3.54176e-01  0.00000e+00
0372  7.91564e+18  3.04782e-22  3.61452e-08  2.80661e+07  3.26846e-01  0.00000e+00
0373  7.93406e+18  3.24171e-22  3.57543e-08  2.81506e+07  3.00371e-01  0.00000e+00
0374  7.95248e+18  3.31111e-22  3.53493e-08  2.82440e+07  2.75794e-01  0.00000e+00
0375  7.97089e+18  3.31878e-22  3.49459e-08  2.83412e+07  2.53422e-01  0.00000e+00
0376  7.98931e+18  3.31824e-22  3.45500e-08  2.84398e+07  2.33221e-01  0.00000e+00
0377  8.00772e+18  3.31495e-22  3.41603e-08  2.85397e+07  2.15057e-01  0.00000e+00
0378  8.02614e+18  3.30639e-22  3.37753e-08  2.86408e+07  1.98752e-01  0.00000e+00
0379  8.04455e+18  3.29084e-22  3.33948e-08  2.87429e+07  1.84118e-01  0.00000e+00
0380  8.06297e+18  3.26780e-22  3.30197e-08  2.88458e+07  1.70968e-01  0.00000e+00
0381  8.08139e+18  3.23776e-22  3.26510e-08  2.89490e+07  1.59128e-01  0.00000e+00
0382  8.09980e+18  3.20183e-22  3.22897e-08  2.90523e+07  1.48447e-01  0.00000e+00
0383  8.11822e+18  3.16123e-22  3.19371e-08  2.91553e+07  1.38815e-01  0.00000e+00
0384  8.13663e+18  3.11699e-22  3.15920e-08  2.92579e+07  1.30237e-01  0.00000e+00
0385  8.15505e+18  3.06994e-22  3.12531e-08  2.93602e+07  1.22958e-01  0.00000e+00
0386  8.17346e+18  3.02067e-22  3.09192e-08  2.94620e+07  1.17585e-01  0.00000e+00
0387  8.19188e+18  2.96953e-22  3.05899e-08  2.95631e+07  1.14743e-01  0.00000e+00
0388  8.21029e+18  2.91668e-22  3.02651e-08  2.96631e+07  1.13970e-01  0.00000e+00
0389  8.22871e+18  2.86212e-22  2.99447e-08  2.97616e+07  1.13911e-01  0.00000e+00
0390  8.24713e+18  2.80573e-22  2.96291e-08  2.98584e+07  1.13919e-01  0.00000e+00
0391  8.26554e+18  2.74735e-22  2.93188e-08  2.99534e+07  1.13958e-01  0.00000e+00
0392  8.28396e+18  2.68686e-22  2.90146e-08  3.00462e+07  1.14059e-01  0.00000e+00
0393  8.30237e+18  2.62414e-22  2.87172e-08  3.01366e+07  1.14250e-01  0.00000e+00
0394  8.32079e+18  2.55915e-22  2.84271e-08  3.02245e+07  1.14558e-01  0.00000e+00
0395  8.33920e+18  2.49192e-22  2.81448e-08  3.03095e+07  1.15000e-01  0.00000e+00
0396  8.35762e+18  2.42268e-22  2.78704e-08  3.03917e+07  1.15593e-01  0.00000e+00
0397  8.37603e+18  2.35191e-22  2.76036e-08  3.04709e+07  1.16345e-01  0.00000e+00
0398  8.39445e+18  2.28039e-22  2.73444e-08  3.05469e+07  1.17257e-01  0.00000e+00
0399  8.41287e+18  2.20916e-22  2.70926e-08  3.06195e+07  1.18325e-01  0.00000e+00
0400  8.43128e+18  2.13939e-22  2.68478e-08  3.06888e+07  1.19533e-01  0.00000e+00
0401  8.44970e+18  2.07220e-22  2.66098e-08  3.07546e+07  1.20862e-01  0.00000e+00
0402  8.46811e+18  2.00864e-22  2.63786e-08  3.08176e+07  1.22281e-01  0.00000e+00
0403  8.48653e+18  1.94964e-22  2.61527e-08  3.08784e+07  1.23759e-01  0.00000e+00
0404  8.50494e+18  1.89585e-22  2.59322e-08  3.09370e+07  1.25260e-01  0.00000e+00
0405  8.52336e+18  1.84750e-22  2.57168e-08  3.09939e+07  1.26754e-01  0.00000e+00
0406  8.54177e+18  1.80434e-22  2.55060e-08  3.10493e+07  1.28216e-01  0.00000e+00
0407  8.56019e+18  1.76581e-22  2.52995e-08  3.11036e+07  1.29630e-01  0.00000e+00
0408  8.57861e+18  1.73114e-22  2.50970e-08  3.11571e+07  1.30991e-01  0.00000e+00
0409  8.59702e+18  1.69948e-22  2.48981e-08  3.12099e+07  1.32298e-01  0.00000e+00
0410  8.61544e+18  1.67008e-22  2.47027e-08  3.12622e+07  1.33560e-01  0.00000e+00
0411  8.63385e+18  1.64229e-22  2.45107e-08  3.13138e+07  1.34787e-01  0.00000e+00
0412  8.65227e+18  1.61566e-22  2.43220e-08  3.13650e+07  1.35989e-01  0.00000e+00
0413  8.67068e+18  1.58985e-22  2.41365e-08  3.14156e+07  1.37175e-01  0.00000e+00
0414  8.68910e+18  1.56470e-22  2.39541e-08  3.14657e+07  1.38355e-01  0.00000e+00
0415  8.70751e+18  1.54013e-22  2.37750e-08  3.15153e+07  1.39532e-01  0.00000e+00
0416  8.72593e+18  1.51615e-22  2.35989e-08  3.15643e+07  1.40709e-01  0.00000e+00
0417  8.74435e+18  1.49278e-22  2.34259e-08  3.16127e+07  1.41888e-01  0.00000e+00
0418  8.76276e+18  1.47009e-22  2.32561e-08  3.16607e+07  1.43067e-01  0.00000e+00
0419  8.78118e+18  1.44811e-22  2.30893e-08  3.17082e+07  1.44245e-01  0.00000e+00
0420  8.79959e+18  1.42688e-22  2.29255e-08  3.17552e+07  1.45421e-01  0.00000e+00
0421  8.81801e+18  1.40637e-22  2.27647e-08  3.18019e+07  1.46593e-01  0.00000e+00
0422  8.83642e+18  1.38658e-22  2.26067e-08  3.18484e+07  1.47759e-01  0.00000e+00
0423  8.85484e+18  1.36745e-22  2.24515e-08  3.18947e+07  1.48920e-01  0.00000e+00
0424  8.87326e+18  1.34895e-22  2.22990e-08  3.19408e+07  1.50074e-01  0.00000e+00
0425  8.89167e+18  1.33106e-22  2.21490e-08  3.19867e+07  1.51221e-01  0.00000e+00
0426  8.91009e+18  1.31371e-22  2.20016e-08  3.20325e+07  1.52362e-01  0.00000e+00
0427  8.92850e+18  1.29688e-22  2.18566e-08  3.20780e+07  1.53496e-01  0.00000e+00
0428  8.94692e+18  1.28052e-22  2.17138e-08  3.21233e+07  1.54624e-01  0.00000e+00
0429  8.96533e+18  1.26459e-22  2.15732e-08  3.21684e+07  1.55747e-01  0.00000e+00
0430  8.98375e+18  1.24906e-22  2.14346e-08  3.22132e+07  1.56865e-01  0.00000e+00
0431  9.00216e+18  1.23390e-22  2.12980e-08  3.22576e+07  1.57979e-01  0.00000e+00
0432  9.02058e+18  1.21908e-22  2.11633e-08  3.23018e+07  1.59089e-01  0.00000e+00
0433  9.03900e+18  1.20458e-22  2.10304e-08  3.23455e+07  1.60198e-01  0.00000e+00
0434  9.05741e+18  1.19039e-22  2.08993e-08  3.23889e+07  1.61305e-01  0.00000e+00
0435  9.07583e+18  1.17649e-22  2.07698e-08  3.24319e+07  1.62412e-01  0.00000e+00
0436  9.09424e+18  1.16287e-22  2.06419e-08  3.24744e+07  1.63519e-01  0.00000e+00
0437  9.11266e+18  1.14952e-22  2.05156e-08  3.25164e+07  1.64628e-01  0.00000e+00
0438  9.13107e+18  1.13644e-22  2.03908e-08  3.25580e+07  1.65738e-01  0.00000e+00
0439  9.14949e+18  1.12361e-22  2.02675e-08  3.25991e+07  1.66851e-01  0.00000e+00
0440  9.16790e+18  1.11105e-22  2.01456e-08  3.26396e+07  1.67965e-01  0.00000e+00
0441  9.18632e+18  1.09874e-22  2.00249e-08  3.26795e+07  1.69082e-01  0.00000e+00
0442  9.20474e+18  1.08667e-22  1.99054e-08  3.27188e+07  1.70201e-01  0.00000e+00
0443  9.22315e+18  1.07485e-22  1.97869e-08  3.27573e+07  1.71322e-01  0.00000e+00
0444  9.24157e+18  1.06325e-22  1.96694e-08  3.27951e+07  1.72444e-01  0.00000e+00
0445  9.25998e+18  1.05189e-22  1.95528e-08  3.28321e+07  1.73567e-01  0.00000e+00
0446  9.27840e+18  1.04074e-22  1.94368e-08  3.28683e+07  1.74691e-01  0.00000e+00
0447  9.29681e+18  1.02981e-22  1.93213e-08  3.29035e+07  1.75816e-01  0.00000e+00
0448  9.31523e+18  1.01908e-22  1.92063e-08  3.29378e+07  1.76941e-01  0.00000e+00
0449  9.33364e+18  1.00854e-22  1.90916e-08  3.29712e+07  1.78065e-01  0.00000e+00
0450  9.35206e+18  9.98192e-23  1.89771e-08  3.30034e+07  1.79189e-01  0.00000e+00
0451  9.37048e+18  9.88019e-23  1.88627e-08  3.30346e+07  1.80312e-01  0.00000e+00
0452  9.38889e+18  9.78018e-23  1.87482e-08  3.30647e+07  1.81434e-01  0.00000e+00
0453  9.40731e+18  9.68185e-23  1.86337e-08  3.30937e+07  1.82555e-01  0.00000e+00
0454  9.42572e+18  9.58514e-23  1.85191e-08  3.31215e+07  1.83674e-01  0.00000e+00
0455  9.44414e+18  9.49001e-23  1.84043e-08  3.31481e+07  1.84792e-01  0.00000e+00
0456  9.46255e+18  9.39643e-23  1.82893e-08  3.31736e+07  1.85907e-01  0.00000e+00
0457  9.48097e+18  9.30435e-23  1.81740e-08  3.31979e+07  1.87020e-01  0.00000e+00
0458  9.49939e+18  9.21374e-23  1.80585e-08  3.32210e+07  1.88129e-01  0.00000e+00
0459  9.51780e+18  9.12455e-23  1.79426e-08  3.32428e+07  1.89235e-01  0.00000e+00
0460  9.53622e+18  9.03674e-23  1.78264e-08  3.32635e+07  1.90338e-01  0.00000e+00
0461  9.55463e+18  8.95026e-23  1.77099e-08  3.32829e+07  1.91436e-01  0.00000e+00
0462  9.57305e+18  8.86508e-23  1.75930e-08  3.33010e+07  1.92530e-01  0.00000e+00
0463  9.59146e+18  8.78113e-23  1.74757e-08  3.33179e+07  1.93620e-01  0.00000e+00
0464  9.60988e+18  8.69836e-23  1.73580e-08  3.33334e+07  1.94705e-01  0.00000e+00
0465  9.62829e+18  8.61674e-23  1.72399e-08  3.33477e+07  1.95785e-01  0.00000e+00
0466  9.64671e+18  8.53622e-23  1.71215e-08  3.33606e+07  1.96861e-01  0.00000e+00
0467  9.66513e+18  8.45676e-23  1.70027e-08  3.33722e+07  1.97933e-01  0.00000e+00
0468  9.68354e+18  8.37833e-23  1.68835e-08  3.33825e+07  1.99001e-01  0.00000e+00
0469  9.70196e+18  8.30092e-23  1.67641e-08  3.33915e+07  2.00065e-01  0.00000e+00
0470  9.72037e+18  8.22450e-23  1.66445e-08  3.33993e+07  2.01125e-01  0.00000e+00
0471  9.73879e+18  8.14909e-23  1.65248e-08  3.34059e+07  2.02181e-01  0.00000e+00
0472  9.75720e+18  8.07470e-23  1.64051e-08  3.34115e+07  2.03235e-01  0.00000e+00
0473  9.77562e+18  8.00136e-23  1.62855e-08  3.34160e+07  2.04285e-01  0.00000e+00
0474  9.79403e+18  7.92906e-23  1.61662e-08  3.34197e+07  2.05332e-01  0.00000e+00
0475  9.81245e+18  7.85774e-23  1.60473e-08  3.34225e+07  2.06376e-01  0.00000e+00
0476  9.83087e+18  7.78737e-23  1.59290e-08  3.34247e+07  2.07418e-01  0.00000e+00
0477  9.84928e+18  7.71796e-23  1.58114e-08  3.34264e+07  2.08458e-01  0.00000e+00
0478  9.86770e+18  7.64953e-23  1.56948e-08  3.34278e+07  2.09496e-01  0.00000e+00
0479  9.88611e+18  7.58214e-23  1.55793e-08  3.34290e+07  2.10533e-01  0.00000e+00
0480  9.90453e+18  7.51583e-23  1.54650e-08  3.34301e+07  2.11568e-01  0.00000e+00
0481  9.92294e+18  7.45064e-23  1.53522e-08  3.34312e+07  2.12602e-01  0.00000e+00
0482  9.94136e+18  7.38659e-23  1.52410e-08  3.34326e+07  2.13635e-01  0.00000e+00
0483  9.95977e+18  7.32372e-23  1.51315e-08  3.34342e+07  2.14667e-01  0.00000e+00
0484  9.97819e+18  7.26203e-23  1.50238e-08  3.34362e+07  2.15699e-01  0.00000e+00
0485  9.99661e+18  7.20154e-23  1.49182e-08  3.34388e+07  2.16731e-01  0.00000e+00
0486  1.00150e+19  7.14226e-23  1.48146e-08  3.34420e+07  2.17763e-01  0.00000e+00
0487  1.00334e+19  7.08418e-23  1.47131e-08  3.34458e+07  2.18795e-01  0.00000e+00
0488  1.00519e+19  7.02730e-23  1.46139e-08  3.34504e+07  2.19828e-01  0.00000e+00
0489  1.00703e+19  6.97157e-23  1.45168e-08  3.34558e+07  2.20862e-01  0.00000e+00
0490  1.00887e+19  6.91697e-23  1.44218e-08  3.34618e+07  2.21897e-01  0.00000e+00
0491  1.01071e+19  6.86344e-23  1.43289e-08  3.34686e+07  2.22934e-01  0.00000e+00
0492  1.01255e+19  6.81093e-23  1.42381e-08  3.34760e+07  2.23972e-01  0.00000e+00
0493  1.01439e+19  6.75939e-23  1.41491e-08  3.34840e+07  2.25013e-01  0.00000e+00
0494  1.01623e+19  6.70875e-23  1.40619e-08  3.34926e+07  2.26057e-01  0.00000e+00
0495  1.01808e+19  6.65895e-23  1.39764e-08  3.35016e+07  2.27104e-01  0.00000e+00
0496  1.01992e+19  6.60996e-23  1.38925e-08  3.35109e+07  2.28155e-01  0.00000e+00
0497  1.02176e+19  6.56172e-23  1.38101e-08  3.35206e+07  2.29209e-01  0.00000e+00
0498  1.02360e+19  6.51420e-23  1.37292e-08  3.35306e+07  2.30266e-01  0.00000e+00
0499  1.02544e+19  6.46738e-23  1.36495e-08  3.35407e+07  2.31327e-01  0.00000e+00
0500  1.02728e+19  6.42124e-23  1.35712e-08  3.35511e+07  2.32391e-01  0.00000e+00
0501  1.02913e+19  6.37578e-23  1.34940e-08  3.35615e+07  2.33459e-01  0.00000e+00
0502  1.03097e+19  6.33099e-23  1.34180e-08  3.35721e+07  2.34528e-01  0.00000e+00
0503  1.03281e+19  6.28688e-23  1.33430e-08  3.35826e+07  2.35599e-01  0.00000e+00
0504  1.03465e+19  6.24345e-23  1.32690e-08  3.35933e+07  2.36671e-01  0.00000e+00
0505  1.03649e+19  6.20070e-23  1.31959e-08  3.36039e+07  2.37743e-01  0.00000e+00
0506  1.03833e+19  6.15864e-23  1.31237e-08  3.36146e+07  2.38815e-01  0.00000e+00
0507  1.04017e+19  6.11726e-23  1.30523e-08  3.36254e+07  2.39885e-01  0.00000e+00
0508  1.04202e+19  6.07657e-23  1.29818e-08  3.36361e+07  2.40953e-01  0.00000e+00
0509  1.04386e+19  6.03656e-23  1.29120e-08  3.36470e+07  2.42018e-01  0.00000e+00
0510  1.04570e+19  5.99722e-23  1.28431e-08  3.36580e+07  2.43080e-01  0.00000e+00
0511  1.04754e+19  5.95855e-23  1.27750e-08  3.36691e+07  2.44138e-01  0.00000e+00
0512  1.04938e+19  5.92054e-23  1.27078e-08  3.36803e+07  2.45192e-01  0.00000e+00
0513  1.05122e+19  5.88318e-23  1.26414e-08  3.36918e+07  2.46240e-01  0.00000e+00
0514  1.05307e+19  5.84649e-23  1.25759e-08  3.37035e+07  2.47283e-01  0.00000e+00
0515  1.05491e+19  5.81045e-23  1.25113e-08  3.37155e+07  2.48320e-01  0.00000e+00
0516  1.05675e+19  5.77506e-23  1.24475e-08  3.37277e+07  2.49350e-01  0.00000e+00
0517  1.05859e+19  5.74031e-23  1.23846e-08  3.37401e+07  2.50372e-01  0.00000e+00
0518  1.06043e+19  5.70621e-23  1.23226e-08  3.37528e+07  2.51388e-01  0.00000e+00
0519  1.06227e+19  5.67274e-23  1.22613e-08  3.37658e+07  2.52395e-01  0.00000e+00
0520  1.06412e+19  5.63989e-23  1.22009e-08  3.37789e+07  2.53395e-01  0.00000e+00
0521  1.06596e+19  5.60763e-23  1.21412e-08  3.37922e+07  2.54386e-01  0.00000e+00
0522  1.06780e+19  5.57595e-23  1.20822e-08  3.38057e+07  2.55370e-01  0.00000e+00
0523  1.06964e+19  5.54482e-23  1.20239e-08  3.38193e+07  2.56346e-01  0.00000e+00
0524  1.07148e+19  5.51423e-23  1.19662e-08  3.38329e+07  2.57315e-01  0.00000e+00
0525  1.07332e+19  5.48414e-23  1.19092e-08  3.38467e+07  2.58276e-01  0.00000e+00
0526  1.07516e+19  5.45454e-23  1.18527e-08  3.38606e+07  2.59232e-01  0.00000e+00
0527  1.07701e+19  5.42540e-23  1.17969e-08  3.38745e+07  2.60181e-01  0.00000e+00
0528  1.07885e+19  5.39670e-23  1.17416e-08  3.38885e+07  2.61125e-01  0.00000e+00
0529  1.08069e+19  5.36843e-23  1.16868e-08  3.39025e+07  2.62065e-01  0.00000e+00
0530  1.08253e+19  5.34058e-23  1.16326e-08  3.39167e+07  2.62999e-01  0.00000e+00
0531  1.08437e+19  5.31312e-23  1.15790e-08  3.39308e+07  2.63930e-01  0.00000e+00
0532  1.08621e+19  5.28606e-23  1.15259e-08  3.39451e+07  2.64858e-01  0.00000e+00
0533  1.08806e+19  5.25937e-23  1.14734e-08  3.39594e+07  2.65783e-01  0.00000e+00
0534  1.08990e+19  5.23304e-23  1.14214e-08  3.39737e+07  2.66706e-01  0.00000e+00
0535  1.09174e+19  5.20707e-23  1.13699e-08  3.39882e+07  2.67627e-01  0.00000e+00
0536  1.09358e+19  5.18145e-23  1.13190e-08  3.40026e+07  2.68547e-01  0.00000e+00
0537  1.09542e+19  5.15616e-23  1.12685e-08  3.40171e+07  2.69466e-01  0.00000e+00
0538  1.09726e+19  5.13118e-23  1.12186e-08  3.40317e+07  2.70385e-01  0.00000e+00
0539  1.09910e+19  5.10651e-23  1.11692e-08  3.40463e+07  2.71304e-01  0.00000e+00
0540  1.10095e+19  5.08214e-23  1.11203e-08  3.40610e+07  2.72224e-01  0.00000e+00
0541  1.10279e+19  5.05804e-23  1.10718e-08  3.40757e+07  2.73146e-01  0.00000e+00
0542  1.10463e+19  5.03421e-23  1.10238e-08  3.40904e+07  2.74069e-01  0.00000e+00
0543  1.10647e+19  5.01063e-23  1.09762e-08  3.41051e+07  2.74996e-01  0.00000e+00
0544  1.10831e+19  4.98729e-23  1.09291e-08  3.41199e+07  2.75927e-01  0.00000e+00
0545  1.11015e+19  4.96417e-23  1.08824e-08  3.41347e+07  2.76862e-01  0.00000e+00
0546  1.11200e+19  4.94125e-23  1.08361e-08  3.41495e+07  2.77803e-01  0.00000e+00
0547  1.11384e+19  4.91853e-23  1.07902e-08  3.41644e+07  2.78750e-01  0.00000e+00
0548  1.11568e+19  4.89600e-23  1.07447e-08  3.41793e+07  2.79704e-01  0.00000e+00
0549  1.11752e+19  4.87364e-23  1.06996e-08  3.41943e+07  2.80665e-01  0.00000e+00
0550  1.11936e+19  4.85144e-23  1.06549e-08  3.42093e+07  2.81635e-01  0.00000e+00
0551  1.12120e+19  4.82937e-23  1.06105e-08  3.42243e+07  2.82616e-01  0.00000e+00
0552  1.12305e+19  4.80759e-23  1.05668e-08  3.42392e+07  2.83600e-01  0.00000e+00
0553  1.12489e+19  4.78532e-23  1.05222e-08  3.42546e+07  2.84623e-01  0.00000e+00
0554  1.12673e+19  4.76574e-23  1.04831e-08  3.42683e+07  2.85538e-01  0.00000e+00
0555  1.12857e+19  4.73195e-23  1.04160e-08  3.42920e+07  2.87150e-01  0.00000e+00
