# Athena++ data at time=1.762000e+13  cycle=1180719081  variables=prim 
# i       x1v         rho          press          vel1         vel2         vel3     
0002  1.13875e+18  2.14917e-18  8.97288e-06 -4.09800e+05  1.46607e-09  0.00000e+00
0003  1.15716e+18  9.91565e-19  5.45956e-06  2.43594e+05  7.93075e-03  0.00000e+00
0004  1.17558e+18  6.41286e-19  4.33775e-06  3.11370e+05  1.74215e-02  0.00000e+00
0005  1.19399e+18  4.31072e-19  3.63779e-06  4.31074e+05  2.60041e-02  0.00000e+00
0006  1.21241e+18  2.83179e-19  3.17893e-06  6.30627e+05  3.34734e-02  0.00000e+00
0007  1.23082e+18  1.70276e-19  2.89032e-06  9.60056e+05  4.01730e-02  0.00000e+00
0008  1.24924e+18  1.39930e-19  2.63488e-06  1.18967e+06  4.61857e-02  0.00000e+00
0009  1.26765e+18  1.25873e-19  2.48276e-06  1.25753e+06  5.17674e-02  0.00000e+00
0010  1.28607e+18  1.14905e-19  2.34262e-06  1.33327e+06  5.69943e-02  0.00000e+00
0011  1.30448e+18  1.06792e-19  2.21649e-06  1.39560e+06  6.19065e-02  0.00000e+00
0012  1.32290e+18  9.98068e-20  2.10580e-06  1.44948e+06  6.65447e-02  0.00000e+00
0013  1.34131e+18  9.33614e-20  2.00320e-06  1.50695e+06  7.09317e-02  0.00000e+00
0014  1.35973e+18  8.75135e-20  1.90930e-06  1.56415e+06  7.50887e-02  0.00000e+00
0015  1.37814e+18  8.24346e-20  1.82298e-06  1.61716e+06  7.90338e-02  0.00000e+00
0016  1.39656e+18  7.78874e-20  1.74446e-06  1.66616e+06  8.27865e-02  0.00000e+00
0017  1.41497e+18  7.36956e-20  1.67178e-06  1.71497e+06  8.63614e-02  0.00000e+00
0018  1.43339e+18  6.98516e-20  1.60473e-06  1.76261e+06  8.97739e-02  0.00000e+00
0019  1.45180e+18  6.67281e-20  1.54165e-06  1.80138e+06  9.30317e-02  0.00000e+00
0020  1.47022e+18  6.35916e-20  1.48572e-06  1.83968e+06  9.61544e-02  0.00000e+00
0021  1.48863e+18  6.04282e-20  1.43089e-06  1.88849e+06  9.91465e-02  0.00000e+00
0022  1.50705e+18  5.78120e-20  1.37948e-06  1.92879e+06  1.02014e-01  0.00000e+00
0023  1.52546e+18  5.53940e-20  1.33367e-06  1.96277e+06  1.04771e-01  0.00000e+00
0024  1.54388e+18  5.30245e-20  1.28950e-06  2.00186e+06  1.07423e-01  0.00000e+00
0027  1.56229e+18  5.07857e-20  1.24795e-06  2.04132e+06  1.09978e-01  0.00000e+00
0028  1.58071e+18  4.86844e-20  1.20901e-06  2.08011e+06  1.12440e-01  0.00000e+00
0029  1.59912e+18  4.67009e-20  1.17240e-06  2.11878e+06  1.14816e-01  0.00000e+00
0030  1.61754e+18  4.48176e-20  1.13789e-06  2.15780e+06  1.17112e-01  0.00000e+00
0031  1.63595e+18  4.30203e-20  1.10530e-06  2.19756e+06  1.19333e-01  0.00000e+00
0032  1.65437e+18  4.12976e-20  1.07453e-06  2.23831e+06  1.21482e-01  0.00000e+00
0033  1.67278e+18  3.96614e-20  1.04551e-06  2.27920e+06  1.23565e-01  0.00000e+00
0034  1.69120e+18  3.82032e-20  1.01821e-06  2.31567e+06  1.25586e-01  0.00000e+00
0035  1.70961e+18  3.69267e-20  9.93096e-07  2.34445e+06  1.27551e-01  0.00000e+00
0036  1.72803e+18  3.57836e-20  9.69619e-07  2.36822e+06  1.29464e-01  0.00000e+00
0037  1.74644e+18  3.46919e-20  9.47552e-07  2.39104e+06  1.31331e-01  0.00000e+00
0038  1.76486e+18  3.36111e-20  9.26264e-07  2.41656e+06  1.33152e-01  0.00000e+00
0039  1.78328e+18  3.25466e-20  9.05792e-07  2.44433e+06  1.34930e-01  0.00000e+00
0040  1.80169e+18  3.15084e-20  8.86187e-07  2.47350e+06  1.36668e-01  0.00000e+00
0041  1.82011e+18  3.04989e-20  8.67452e-07  2.50374e+06  1.38367e-01  0.00000e+00
0042  1.83852e+18  2.95075e-20  8.49571e-07  2.53567e+06  1.40030e-01  0.00000e+00
0043  1.85694e+18  2.84916e-20  8.32598e-07  2.56976e+06  1.41657e-01  0.00000e+00
0044  1.87535e+18  2.77371e-20  8.16628e-07  2.60153e+06  1.43237e-01  0.00000e+00
0045  1.89377e+18  2.73399e-20  8.00766e-07  2.61918e+06  1.44765e-01  0.00000e+00
0046  1.91218e+18  2.67880e-20  7.85481e-07  2.61582e+06  1.46330e-01  0.00000e+00
0047  1.93060e+18  2.47431e-20  7.74828e-07  2.64680e+06  1.48032e-01  0.00000e+00
0048  1.94901e+18  2.29484e-20  7.61884e-07  2.73146e+06  1.49709e-01  0.00000e+00
0049  1.96743e+18  2.40006e-20  7.50472e-07  2.66131e+06  1.50983e-01  0.00000e+00
0050  1.98584e+18  2.87766e-20  7.48715e-07  2.38251e+06  1.52011e-01  0.00000e+00
0051  2.00426e+18  3.09774e-20  7.59750e-07  2.10685e+06  1.53342e-01  0.00000e+00
0052  2.02267e+18  3.07213e-20  7.49327e-07  2.12225e+06  1.55116e-01  0.00000e+00
0053  2.04109e+18  3.01486e-20  7.35590e-07  2.13880e+06  1.56982e-01  0.00000e+00
0054  2.05951e+18  2.93409e-20  7.19457e-07  2.15195e+06  1.58533e-01  0.00000e+00
0055  2.07792e+18  2.84806e-20  7.03000e-07  2.15033e+06  1.59794e-01  0.00000e+00
0056  2.09634e+18  2.77115e-20  6.87810e-07  2.14255e+06  1.61016e-01  0.00000e+00
0057  2.11475e+18  2.70652e-20  6.74120e-07  2.13730e+06  1.62357e-01  0.00000e+00
0058  2.13317e+18  2.65185e-20  6.61667e-07  2.13993e+06  1.63780e-01  0.00000e+00
0059  2.15158e+18  2.60377e-20  6.50049e-07  2.15261e+06  1.65149e-01  0.00000e+00
0060  2.17000e+18  2.55871e-20  6.38913e-07  2.17723e+06  1.66399e-01  0.00000e+00
0061  2.18841e+18  2.51378e-20  6.27972e-07  2.21228e+06  1.67560e-01  0.00000e+00
0062  2.20683e+18  2.46781e-20  6.17095e-07  2.24985e+06  1.68673e-01  0.00000e+00
0063  2.22524e+18  2.42355e-20  6.06460e-07  2.29800e+06  1.69841e-01  0.00000e+00
0064  2.24366e+18  2.38529e-20  5.96804e-07  2.37811e+06  1.71445e-01  0.00000e+00
0065  2.26207e+18  2.22805e-20  5.77082e-07  2.26772e+06  1.74398e-01  0.00000e+00
0066  2.28049e+18  1.21720e-20  6.27714e-07  2.47889e+06  1.79560e-01  0.00000e+00
0067  2.29891e+18  5.80349e-21  5.67435e-07  3.87237e+06  1.86819e-01  0.00000e+00
0068  2.31732e+18  3.98766e-21  5.50836e-07  4.53754e+06  1.95707e-01  0.00000e+00
0069  2.33574e+18  3.28596e-21  5.44517e-07  4.88790e+06  2.05520e-01  0.00000e+00
0070  2.35415e+18  2.89396e-21  5.38959e-07  5.16447e+06  2.15875e-01  0.00000e+00
0071  2.37257e+18  2.61726e-21  5.34224e-07  5.41011e+06  2.26660e-01  0.00000e+00
0072  2.39098e+18  2.39398e-21  5.30674e-07  5.64545e+06  2.37880e-01  0.00000e+00
0073  2.40940e+18  2.20435e-21  5.28104e-07  5.87487e+06  2.49597e-01  0.00000e+00
0074  2.42781e+18  2.03767e-21  5.25907e-07  6.10221e+06  2.61904e-01  0.00000e+00
0075  2.44623e+18  1.88819e-21  5.23217e-07  6.33717e+06  2.74901e-01  0.00000e+00
0076  2.46464e+18  1.75384e-21  5.20723e-07  6.55593e+06  2.88715e-01  0.00000e+00
0077  2.48306e+18  1.63332e-21  5.19404e-07  6.72752e+06  3.03543e-01  0.00000e+00
0078  2.50147e+18  1.52256e-21  5.18511e-07  6.86983e+06  3.19657e-01  0.00000e+00
0079  2.51989e+18  1.41683e-21  5.16111e-07  7.03766e+06  3.37371e-01  0.00000e+00
0080  2.53831e+18  1.31468e-21  5.12074e-07  7.24329e+06  3.57013e-01  0.00000e+00
0081  2.55672e+18  1.22024e-21  5.09642e-07  7.37633e+06  3.78939e-01  0.00000e+00
0082  2.57514e+18  1.13142e-21  5.09930e-07  7.43790e+06  4.03529e-01  0.00000e+00
0083  2.59355e+18  1.04035e-21  5.10318e-07  7.45279e+06  4.31730e-01  0.00000e+00
0084  2.61197e+18  9.50528e-22  5.08494e-07  7.53562e+06  4.66179e-01  0.00000e+00
0085  2.63038e+18  9.12854e-22  5.02363e-07  7.79522e+06  4.99071e-01  0.00000e+00
0086  2.64880e+18  9.31831e-22  4.97612e-07  7.92407e+06  5.03894e-01  0.00000e+00
0087  2.66721e+18  1.22796e-21  5.01029e-07  7.92009e+06  4.87936e-01  0.00000e+00
0088  2.68563e+18  4.61474e-21  5.18518e-07  7.79464e+06  3.73384e-01  0.00000e+00
0089  2.70404e+18  1.84076e-20  4.46423e-07  6.42834e+06  2.15040e-01  0.00000e+00
0090  2.72246e+18  2.23208e-20  4.82227e-07  5.46724e+06  1.64448e-01  0.00000e+00
0091  2.74088e+18  2.19282e-20  4.74568e-07  5.44189e+06  1.58940e-01  0.00000e+00
0092  2.75929e+18  2.13289e-20  4.64565e-07  5.42093e+06  1.58936e-01  0.00000e+00
0093  2.77771e+18  2.07579e-20  4.54837e-07  5.39149e+06  1.59348e-01  0.00000e+00
0094  2.79612e+18  2.02373e-20  4.45628e-07  5.35562e+06  1.60534e-01  0.00000e+00
0095  2.81454e+18  1.97277e-20  4.36620e-07  5.31792e+06  1.62556e-01  0.00000e+00
0096  2.83295e+18  1.92293e-20  4.27833e-07  5.27749e+06  1.65089e-01  0.00000e+00
0097  2.85137e+18  1.87702e-20  4.19631e-07  5.22708e+06  1.67669e-01  0.00000e+00
0098  2.86978e+18  1.83830e-20  4.12410e-07  5.16363e+06  1.70022e-01  0.00000e+00
0099  2.88820e+18  1.78931e-20  4.03866e-07  5.09744e+06  1.72103e-01  0.00000e+00
0100  2.90661e+18  1.72855e-20  3.93912e-07  5.09054e+06  1.73981e-01  0.00000e+00
0101  2.92503e+18  1.65075e-20  3.81380e-07  5.12118e+06  1.75694e-01  0.00000e+00
0102  2.94345e+18  1.55416e-20  3.66833e-07  5.19026e+06  1.77212e-01  0.00000e+00
0103  2.96186e+18  1.44786e-20  3.50834e-07  5.30873e+06  1.78529e-01  0.00000e+00
0104  2.98028e+18  1.33079e-20  3.35717e-07  5.42077e+06  1.79772e-01  0.00000e+00
0105  2.99869e+18  1.10970e-20  3.18647e-07  5.52689e+06  1.81172e-01  0.00000e+00
0106  3.01711e+18  7.09005e-21  3.23980e-07  6.01741e+06  1.82843e-01  0.00000e+00
0107  3.03552e+18  4.02089e-21  2.90316e-07  7.63231e+06  1.84790e-01  0.00000e+00
0108  3.05394e+18  2.80600e-21  2.71366e-07  8.75308e+06  1.87022e-01  0.00000e+00
0109  3.07235e+18  2.25884e-21  2.60883e-07  9.46254e+06  1.89486e-01  0.00000e+00
0110  3.09077e+18  1.94621e-21  2.53220e-07  9.98954e+06  1.92094e-01  0.00000e+00
0111  3.10918e+18  1.73915e-21  2.46751e-07  1.04249e+07  1.94724e-01  0.00000e+00
0112  3.12760e+18  1.59203e-21  2.40988e-07  1.08060e+07  1.97231e-01  0.00000e+00
0113  3.14602e+18  1.48274e-21  2.35711e-07  1.11511e+07  1.99509e-01  0.00000e+00
0114  3.16443e+18  1.39705e-21  2.30821e-07  1.14767e+07  2.01517e-01  0.00000e+00
0115  3.18285e+18  1.32688e-21  2.26184e-07  1.17877e+07  2.03281e-01  0.00000e+00
0116  3.20126e+18  1.26668e-21  2.21785e-07  1.20844e+07  2.04870e-01  0.00000e+00
0117  3.21968e+18  1.21287e-21  2.17577e-07  1.23692e+07  2.06356e-01  0.00000e+00
0118  3.23809e+18  1.16358e-21  2.13552e-07  1.26428e+07  2.07800e-01  0.00000e+00
0119  3.25651e+18  1.11768e-21  2.09720e-07  1.29061e+07  2.09245e-01  0.00000e+00
0120  3.27492e+18  1.07461e-21  2.06049e-07  1.31615e+07  2.10712e-01  0.00000e+00
0121  3.29334e+18  1.03430e-21  2.02541e-07  1.34087e+07  2.12207e-01  0.00000e+00
0122  3.31176e+18  9.96649e-22  1.99186e-07  1.36479e+07  2.13724e-01  0.00000e+00
0123  3.33017e+18  9.61458e-22  1.95959e-07  1.38803e+07  2.15252e-01  0.00000e+00
0124  3.34859e+18  9.28614e-22  1.92842e-07  1.41067e+07  2.16778e-01  0.00000e+00
0125  3.36700e+18  8.98034e-22  1.89838e-07  1.43271e+07  2.18293e-01  0.00000e+00
0126  3.38542e+18  8.69592e-22  1.86949e-07  1.45419e+07  2.19791e-01  0.00000e+00
0127  3.40383e+18  8.43108e-22  1.84181e-07  1.47517e+07  2.21270e-01  0.00000e+00
0128  3.42225e+18  8.18377e-22  1.81525e-07  1.49569e+07  2.22730e-01  0.00000e+00
0129  3.44066e+18  7.95226e-22  1.78977e-07  1.51574e+07  2.24173e-01  0.00000e+00
0130  3.45908e+18  7.73497e-22  1.76530e-07  1.53527e+07  2.25600e-01  0.00000e+00
0131  3.47749e+18  7.53051e-22  1.74177e-07  1.55427e+07  2.27015e-01  0.00000e+00
0132  3.49591e+18  7.33756e-22  1.71910e-07  1.57274e+07  2.28419e-01  0.00000e+00
0133  3.51433e+18  7.15521e-22  1.69727e-07  1.59071e+07  2.29813e-01  0.00000e+00
0134  3.53274e+18  6.98275e-22  1.67629e-07  1.60820e+07  2.31198e-01  0.00000e+00
0135  3.55116e+18  6.81955e-22  1.65616e-07  1.62522e+07  2.32577e-01  0.00000e+00
0136  3.56957e+18  6.66498e-22  1.63687e-07  1.64180e+07  2.33948e-01  0.00000e+00
0137  3.58799e+18  6.51843e-22  1.61838e-07  1.65792e+07  2.35314e-01  0.00000e+00
0138  3.60640e+18  6.37937e-22  1.60063e-07  1.67357e+07  2.36674e-01  0.00000e+00
0139  3.62482e+18  6.24702e-22  1.58360e-07  1.68873e+07  2.38030e-01  0.00000e+00
0140  3.64323e+18  6.12058e-22  1.56710e-07  1.70350e+07  2.39383e-01  0.00000e+00
0141  3.66165e+18  5.99995e-22  1.55119e-07  1.71778e+07  2.40732e-01  0.00000e+00
0142  3.68007e+18  5.88480e-22  1.53585e-07  1.73160e+07  2.42078e-01  0.00000e+00
0143  3.69848e+18  5.77487e-22  1.52109e-07  1.74496e+07  2.43423e-01  0.00000e+00
0144  3.71690e+18  5.66993e-22  1.50693e-07  1.75787e+07  2.44766e-01  0.00000e+00
0145  3.73531e+18  5.56977e-22  1.49337e-07  1.77035e+07  2.46109e-01  0.00000e+00
0146  3.75373e+18  5.47413e-22  1.48042e-07  1.78240e+07  2.47452e-01  0.00000e+00
0147  3.77214e+18  5.38282e-22  1.46808e-07  1.79399e+07  2.48796e-01  0.00000e+00
0148  3.79056e+18  5.29554e-22  1.45632e-07  1.80513e+07  2.50141e-01  0.00000e+00
0149  3.80897e+18  5.21199e-22  1.44503e-07  1.81585e+07  2.51489e-01  0.00000e+00
0150  3.82739e+18  5.13180e-22  1.43419e-07  1.82616e+07  2.52839e-01  0.00000e+00
0151  3.84581e+18  5.05457e-22  1.42368e-07  1.83613e+07  2.54191e-01  0.00000e+00
0152  3.86422e+18  4.98007e-22  1.41344e-07  1.84575e+07  2.55547e-01  0.00000e+00
0153  3.88264e+18  4.90811e-22  1.40344e-07  1.85502e+07  2.56907e-01  0.00000e+00
0154  3.90105e+18  4.83853e-22  1.39367e-07  1.86391e+07  2.58270e-01  0.00000e+00
0155  3.91947e+18  4.77123e-22  1.38413e-07  1.87243e+07  2.59637e-01  0.00000e+00
0156  3.93788e+18  4.70617e-22  1.37483e-07  1.88055e+07  2.61009e-01  0.00000e+00
0157  3.95630e+18  4.64331e-22  1.36579e-07  1.88828e+07  2.62385e-01  0.00000e+00
0158  3.97471e+18  4.58262e-22  1.35704e-07  1.89564e+07  2.63765e-01  0.00000e+00
0159  3.99313e+18  4.52408e-22  1.34860e-07  1.90266e+07  2.65151e-01  0.00000e+00
0160  4.01155e+18  4.46763e-22  1.34048e-07  1.90937e+07  2.66542e-01  0.00000e+00
0161  4.02996e+18  4.41319e-22  1.33269e-07  1.91581e+07  2.67939e-01  0.00000e+00
0162  4.04838e+18  4.36067e-22  1.32522e-07  1.92202e+07  2.69342e-01  0.00000e+00
0163  4.06679e+18  4.30997e-22  1.31803e-07  1.92803e+07  2.70752e-01  0.00000e+00
0164  4.08521e+18  4.26095e-22  1.31109e-07  1.93386e+07  2.72167e-01  0.00000e+00
0165  4.10362e+18  4.21349e-22  1.30438e-07  1.93951e+07  2.73589e-01  0.00000e+00
0166  4.12204e+18  4.16749e-22  1.29785e-07  1.94496e+07  2.75018e-01  0.00000e+00
0167  4.14045e+18  4.12285e-22  1.29150e-07  1.95017e+07  2.76454e-01  0.00000e+00
0168  4.15887e+18  4.07950e-22  1.28530e-07  1.95512e+07  2.77896e-01  0.00000e+00
0169  4.17728e+18  4.03740e-22  1.27924e-07  1.95977e+07  2.79344e-01  0.00000e+00
0170  4.19570e+18  3.99650e-22  1.27333e-07  1.96411e+07  2.80799e-01  0.00000e+00
0171  4.21412e+18  3.95677e-22  1.26757e-07  1.96812e+07  2.82261e-01  0.00000e+00
0172  4.23253e+18  3.91820e-22  1.26195e-07  1.97183e+07  2.83729e-01  0.00000e+00
0173  4.25095e+18  3.88075e-22  1.25649e-07  1.97527e+07  2.85204e-01  0.00000e+00
0174  4.26936e+18  3.84441e-22  1.25119e-07  1.97848e+07  2.86685e-01  0.00000e+00
0175  4.28778e+18  3.80913e-22  1.24604e-07  1.98151e+07  2.88172e-01  0.00000e+00
0176  4.30619e+18  3.77488e-22  1.24106e-07  1.98441e+07  2.89667e-01  0.00000e+00
0177  4.32461e+18  3.74163e-22  1.23622e-07  1.98722e+07  2.91168e-01  0.00000e+00
0178  4.34302e+18  3.70935e-22  1.23154e-07  1.98995e+07  2.92676e-01  0.00000e+00
0179  4.36144e+18  3.67799e-22  1.22700e-07  1.99261e+07  2.94192e-01  0.00000e+00
0180  4.37986e+18  3.64752e-22  1.22261e-07  1.99518e+07  2.95715e-01  0.00000e+00
0181  4.39827e+18  3.61790e-22  1.21835e-07  1.99763e+07  2.97247e-01  0.00000e+00
0182  4.41669e+18  3.58908e-22  1.21422e-07  1.99992e+07  2.98788e-01  0.00000e+00
0183  4.43510e+18  3.56101e-22  1.21020e-07  2.00204e+07  3.00338e-01  0.00000e+00
0184  4.45352e+18  3.53365e-22  1.20629e-07  2.00395e+07  3.01899e-01  0.00000e+00
0185  4.47193e+18  3.50695e-22  1.20246e-07  2.00564e+07  3.03470e-01  0.00000e+00
0186  4.49035e+18  3.48085e-22  1.19870e-07  2.00712e+07  3.05053e-01  0.00000e+00
0187  4.50876e+18  3.45532e-22  1.19500e-07  2.00841e+07  3.06648e-01  0.00000e+00
0188  4.52718e+18  3.43032e-22  1.19134e-07  2.00954e+07  3.08255e-01  0.00000e+00
0189  4.54560e+18  3.40581e-22  1.18773e-07  2.01054e+07  3.09875e-01  0.00000e+00
0190  4.56401e+18  3.38178e-22  1.18417e-07  2.01146e+07  3.11509e-01  0.00000e+00
0191  4.58243e+18  3.35825e-22  1.18066e-07  2.01232e+07  3.13157e-01  0.00000e+00
0192  4.60084e+18  3.33524e-22  1.17722e-07  2.01314e+07  3.14819e-01  0.00000e+00
0193  4.61926e+18  3.31276e-22  1.17387e-07  2.01393e+07  3.16495e-01  0.00000e+00
0194  4.63767e+18  3.29081e-22  1.17062e-07  2.01469e+07  3.18186e-01  0.00000e+00
0195  4.65609e+18  3.26939e-22  1.16746e-07  2.01540e+07  3.19893e-01  0.00000e+00
0196  4.67450e+18  3.24849e-22  1.16442e-07  2.01605e+07  3.21615e-01  0.00000e+00
0197  4.69292e+18  3.22808e-22  1.16147e-07  2.01663e+07  3.23354e-01  0.00000e+00
0198  4.71134e+18  3.20813e-22  1.15861e-07  2.01710e+07  3.25110e-01  0.00000e+00
0199  4.72975e+18  3.18859e-22  1.15581e-07  2.01746e+07  3.26883e-01  0.00000e+00
0200  4.74817e+18  3.16942e-22  1.15306e-07  2.01772e+07  3.28675e-01  0.00000e+00
0201  4.76658e+18  3.15054e-22  1.15032e-07  2.01786e+07  3.30487e-01  0.00000e+00
0202  4.78500e+18  3.13189e-22  1.14756e-07  2.01786e+07  3.32318e-01  0.00000e+00
0203  4.80341e+18  3.11352e-22  1.14480e-07  2.01779e+07  3.34170e-01  0.00000e+00
0204  4.82183e+18  3.09537e-22  1.14204e-07  2.01764e+07  3.36044e-01  0.00000e+00
0205  4.84024e+18  3.07744e-22  1.13927e-07  2.01744e+07  3.37941e-01  0.00000e+00
0206  4.85866e+18  3.05974e-22  1.13650e-07  2.01719e+07  3.39862e-01  0.00000e+00
0207  4.87708e+18  3.04229e-22  1.13377e-07  2.01691e+07  3.41808e-01  0.00000e+00
0208  4.89549e+18  3.02510e-22  1.13108e-07  2.01661e+07  3.43781e-01  0.00000e+00
0209  4.91391e+18  3.00820e-22  1.12845e-07  2.01628e+07  3.45782e-01  0.00000e+00
0210  4.93232e+18  2.99159e-22  1.12590e-07  2.01594e+07  3.47812e-01  0.00000e+00
0211  4.95074e+18  2.97526e-22  1.12342e-07  2.01559e+07  3.49872e-01  0.00000e+00
0212  4.96915e+18  2.95919e-22  1.12103e-07  2.01521e+07  3.51964e-01  0.00000e+00
0213  4.98757e+18  2.94337e-22  1.11870e-07  2.01481e+07  3.54089e-01  0.00000e+00
0214  5.00598e+18  2.92774e-22  1.11641e-07  2.01439e+07  3.56248e-01  0.00000e+00
0215  5.02440e+18  2.91228e-22  1.11415e-07  2.01393e+07  3.58442e-01  0.00000e+00
0216  5.04282e+18  2.89695e-22  1.11189e-07  2.01343e+07  3.60670e-01  0.00000e+00
0217  5.06123e+18  2.88171e-22  1.10962e-07  2.01289e+07  3.62934e-01  0.00000e+00
0218  5.07965e+18  2.86656e-22  1.10733e-07  2.01230e+07  3.65233e-01  0.00000e+00
0219  5.09806e+18  2.85149e-22  1.10500e-07  2.01167e+07  3.67568e-01  0.00000e+00
0220  5.11648e+18  2.83650e-22  1.10265e-07  2.01098e+07  3.69937e-01  0.00000e+00
0221  5.13489e+18  2.82162e-22  1.10028e-07  2.01024e+07  3.72341e-01  0.00000e+00
0222  5.15331e+18  2.80687e-22  1.09791e-07  2.00945e+07  3.74777e-01  0.00000e+00
0223  5.17172e+18  2.79228e-22  1.09555e-07  2.00863e+07  3.77246e-01  0.00000e+00
0224  5.19014e+18  2.77790e-22  1.09322e-07  2.00778e+07  3.79746e-01  0.00000e+00
0225  5.20856e+18  2.76374e-22  1.09093e-07  2.00692e+07  3.82276e-01  0.00000e+00
0226  5.22697e+18  2.74983e-22  1.08870e-07  2.00606e+07  3.84834e-01  0.00000e+00
0227  5.24539e+18  2.73618e-22  1.08651e-07  2.00520e+07  3.87420e-01  0.00000e+00
0228  5.26380e+18  2.72279e-22  1.08438e-07  2.00437e+07  3.90032e-01  0.00000e+00
0229  5.28222e+18  2.70965e-22  1.08229e-07  2.00356e+07  3.92669e-01  0.00000e+00
0230  5.30063e+18  2.69674e-22  1.08023e-07  2.00277e+07  3.95332e-01  0.00000e+00
0231  5.31905e+18  2.68400e-22  1.07819e-07  2.00200e+07  3.98018e-01  0.00000e+00
0232  5.33746e+18  2.67139e-22  1.07615e-07  2.00124e+07  4.00728e-01  0.00000e+00
0233  5.35588e+18  2.65891e-22  1.07410e-07  2.00049e+07  4.03463e-01  0.00000e+00
0234  5.37430e+18  2.64656e-22  1.07202e-07  1.99971e+07  4.06222e-01  0.00000e+00
0235  5.39271e+18  2.63432e-22  1.06993e-07  1.99891e+07  4.09007e-01  0.00000e+00
0236  5.41113e+18  2.62219e-22  1.06781e-07  1.99807e+07  4.11818e-01  0.00000e+00
0237  5.42954e+18  2.61016e-22  1.06567e-07  1.99718e+07  4.14658e-01  0.00000e+00
0238  5.44796e+18  2.59824e-22  1.06351e-07  1.99625e+07  4.17528e-01  0.00000e+00
0239  5.46637e+18  2.58642e-22  1.06136e-07  1.99528e+07  4.20430e-01  0.00000e+00
0240  5.48479e+18  2.57470e-22  1.05921e-07  1.99428e+07  4.23368e-01  0.00000e+00
0241  5.50320e+18  2.56308e-22  1.05708e-07  1.99327e+07  4.26344e-01  0.00000e+00
0242  5.52162e+18  2.55155e-22  1.05498e-07  1.99227e+07  4.29360e-01  0.00000e+00
0243  5.54004e+18  2.54013e-22  1.05291e-07  1.99130e+07  4.32419e-01  0.00000e+00
0244  5.55845e+18  2.52879e-22  1.05086e-07  1.99037e+07  4.35524e-01  0.00000e+00
0245  5.57687e+18  2.51755e-22  1.04883e-07  1.98950e+07  4.38677e-01  0.00000e+00
0246  5.59528e+18  2.50638e-22  1.04682e-07  1.98870e+07  4.41880e-01  0.00000e+00
0247  5.61370e+18  2.49528e-22  1.04482e-07  1.98795e+07  4.45135e-01  0.00000e+00
0248  5.63211e+18  2.48424e-22  1.04283e-07  1.98724e+07  4.48447e-01  0.00000e+00
0249  5.65053e+18  2.47324e-22  1.04084e-07  1.98656e+07  4.51818e-01  0.00000e+00
0250  5.66894e+18  2.46225e-22  1.03884e-07  1.98589e+07  4.55253e-01  0.00000e+00
0251  5.68736e+18  2.45121e-22  1.03682e-07  1.98521e+07  4.58754e-01  0.00000e+00
0252  5.70578e+18  2.44011e-22  1.03479e-07  1.98450e+07  4.62328e-01  0.00000e+00
0253  5.72419e+18  2.42898e-22  1.03275e-07  1.98376e+07  4.65979e-01  0.00000e+00
0254  5.74261e+18  2.41797e-22  1.03070e-07  1.98296e+07  4.69716e-01  0.00000e+00
0255  5.76102e+18  2.40705e-22  1.02864e-07  1.98211e+07  4.73534e-01  0.00000e+00
0256  5.77944e+18  2.39522e-22  1.02659e-07  1.98122e+07  4.77398e-01  0.00000e+00
0257  5.79785e+18  2.38027e-22  1.02455e-07  1.98028e+07  4.81284e-01  0.00000e+00
0258  5.81627e+18  2.36329e-22  1.02252e-07  1.97932e+07  4.85356e-01  0.00000e+00
0259  5.83468e+18  2.35663e-22  1.02053e-07  1.97836e+07  4.90194e-01  0.00000e+00
0260  5.85310e+18  2.35848e-22  1.01855e-07  1.97743e+07  4.96311e-01  0.00000e+00
0261  5.87152e+18  2.37494e-22  1.01657e-07  1.97654e+07  5.01092e-01  0.00000e+00
0262  5.88993e+18  2.44983e-22  1.01458e-07  1.97575e+07  5.01533e-01  0.00000e+00
0263  5.90835e+18  2.72937e-22  1.01252e-07  1.97518e+07  5.00070e-01  0.00000e+00
0264  5.92676e+18  3.68655e-22  1.00985e-07  1.97460e+07  4.93192e-01  0.00000e+00
0265  5.94518e+18  6.76358e-22  1.00629e-07  1.97344e+07  4.72840e-01  0.00000e+00
0266  5.96359e+18  1.55140e-21  9.79083e-08  1.96397e+07  4.26703e-01  0.00000e+00
0267  5.98201e+18  3.08014e-21  9.08595e-08  1.90364e+07  3.58082e-01  0.00000e+00
0268  6.00043e+18  3.76700e-21  9.00538e-08  1.82734e+07  2.88559e-01  0.00000e+00
0269  6.01884e+18  3.74309e-21  8.82721e-08  1.80417e+07  2.24885e-01  0.00000e+00
0270  6.03726e+18  3.59141e-21  8.55168e-08  1.80649e+07  1.72197e-01  0.00000e+00
0271  6.05567e+18  3.27291e-21  8.12903e-08  1.81636e+07  1.35487e-01  0.00000e+00
0272  6.07409e+18  2.81747e-21  7.70746e-08  1.83279e+07  1.16730e-01  0.00000e+00
0273  6.09250e+18  2.27892e-21  7.39043e-08  1.85974e+07  1.11257e-01  0.00000e+00
0274  6.11092e+18  1.74710e-21  7.05965e-08  1.90608e+07  1.10706e-01  0.00000e+00
0275  6.12933e+18  1.32340e-21  6.64632e-08  1.97012e+07  1.10733e-01  0.00000e+00
0276  6.14775e+18  1.04158e-21  6.26579e-08  2.03454e+07  1.10861e-01  0.00000e+00
0277  6.16617e+18  8.67351e-22  5.98353e-08  2.08771e+07  1.11129e-01  0.00000e+00
0278  6.18458e+18  7.56283e-22  5.77249e-08  2.13037e+07  1.11527e-01  0.00000e+00
0279  6.20300e+18  6.79898e-22  5.59813e-08  2.16644e+07  1.12026e-01  0.00000e+00
0280  6.22141e+18  6.23449e-22  5.44445e-08  2.19833e+07  1.12596e-01  0.00000e+00
0281  6.23983e+18  5.79421e-22  5.30545e-08  2.22716e+07  1.13215e-01  0.00000e+00
0282  6.25824e+18  5.43624e-22  5.17842e-08  2.25352e+07  1.13867e-01  0.00000e+00
0283  6.27666e+18  5.13484e-22  5.06142e-08  2.27796e+07  1.14542e-01  0.00000e+00
0284  6.29507e+18  4.87424e-22  4.95204e-08  2.30098e+07  1.15234e-01  0.00000e+00
0285  6.31349e+18  4.64504e-22  4.84899e-08  2.32282e+07  1.15939e-01  0.00000e+00
0286  6.33191e+18  4.44109e-22  4.75167e-08  2.34360e+07  1.16652e-01  0.00000e+00
0287  6.35032e+18  4.25781e-22  4.65957e-08  2.36342e+07  1.17372e-01  0.00000e+00
0288  6.36874e+18  4.09172e-22  4.57205e-08  2.38242e+07  1.18097e-01  0.00000e+00
0289  6.38715e+18  3.94023e-22  4.48864e-08  2.40068e+07  1.18824e-01  0.00000e+00
0290  6.40557e+18  3.80142e-22  4.40901e-08  2.41827e+07  1.19552e-01  0.00000e+00
0291  6.42398e+18  3.67373e-22  4.33285e-08  2.43522e+07  1.20280e-01  0.00000e+00
0292  6.44240e+18  3.55561e-22  4.25988e-08  2.45157e+07  1.21007e-01  0.00000e+00
0293  6.46081e+18  3.44551e-22  4.18989e-08  2.46747e+07  1.21731e-01  0.00000e+00
0294  6.47923e+18  3.34249e-22  4.12224e-08  2.48301e+07  1.22451e-01  0.00000e+00
0295  6.49765e+18  3.24601e-22  4.05694e-08  2.49815e+07  1.23167e-01  0.00000e+00
0296  6.51606e+18  3.15553e-22  3.99396e-08  2.51289e+07  1.23877e-01  0.00000e+00
0297  6.53448e+18  3.07047e-22  3.93316e-08  2.52725e+07  1.24581e-01  0.00000e+00
0298  6.55289e+18  2.99028e-22  3.87436e-08  2.54127e+07  1.25278e-01  0.00000e+00
0299  6.57131e+18  2.91453e-22  3.81743e-08  2.55497e+07  1.25968e-01  0.00000e+00
0300  6.58972e+18  2.84287e-22  3.76227e-08  2.56835e+07  1.26650e-01  0.00000e+00
0301  6.60814e+18  2.77499e-22  3.70880e-08  2.58144e+07  1.27324e-01  0.00000e+00
0302  6.62655e+18  2.71054e-22  3.65697e-08  2.59422e+07  1.27989e-01  0.00000e+00
0303  6.64497e+18  2.64922e-22  3.60667e-08  2.60674e+07  1.28647e-01  0.00000e+00
0304  6.66339e+18  2.59078e-22  3.55782e-08  2.61901e+07  1.29297e-01  0.00000e+00
0305  6.68180e+18  2.53501e-22  3.51036e-08  2.63103e+07  1.29939e-01  0.00000e+00
0306  6.70022e+18  2.48175e-22  3.46423e-08  2.64281e+07  1.30573e-01  0.00000e+00
0307  6.71863e+18  2.43079e-22  3.41939e-08  2.65435e+07  1.31199e-01  0.00000e+00
0308  6.73705e+18  2.38188e-22  3.37575e-08  2.66570e+07  1.31819e-01  0.00000e+00
0309  6.75546e+18  2.33485e-22  3.33318e-08  2.67687e+07  1.32432e-01  0.00000e+00
0310  6.77388e+18  2.28958e-22  3.29165e-08  2.68788e+07  1.33038e-01  0.00000e+00
0311  6.79229e+18  2.24600e-22  3.25114e-08  2.69873e+07  1.33639e-01  0.00000e+00
0312  6.81071e+18  2.20400e-22  3.21161e-08  2.70940e+07  1.34233e-01  0.00000e+00
0313  6.82913e+18  2.16352e-22  3.17306e-08  2.71991e+07  1.34823e-01  0.00000e+00
0314  6.84754e+18  2.12447e-22  3.13544e-08  2.73025e+07  1.35407e-01  0.00000e+00
0315  6.86596e+18  2.08678e-22  3.09872e-08  2.74042e+07  1.35987e-01  0.00000e+00
0316  6.88437e+18  2.05040e-22  3.06289e-08  2.75043e+07  1.36563e-01  0.00000e+00
0317  6.90279e+18  2.01526e-22  3.02792e-08  2.76027e+07  1.37134e-01  0.00000e+00
0318  6.92120e+18  1.98130e-22  2.99379e-08  2.76995e+07  1.37702e-01  0.00000e+00
0319  6.93962e+18  1.94846e-22  2.96047e-08  2.77946e+07  1.38266e-01  0.00000e+00
0320  6.95803e+18  1.91671e-22  2.92794e-08  2.78881e+07  1.38827e-01  0.00000e+00
0321  6.97645e+18  1.88599e-22  2.89618e-08  2.79800e+07  1.39385e-01  0.00000e+00
0322  6.99487e+18  1.85624e-22  2.86518e-08  2.80703e+07  1.39940e-01  0.00000e+00
0323  7.01328e+18  1.82742e-22  2.83489e-08  2.81590e+07  1.40493e-01  0.00000e+00
0324  7.03170e+18  1.79949e-22  2.80530e-08  2.82463e+07  1.41043e-01  0.00000e+00
0325  7.05011e+18  1.77240e-22  2.77640e-08  2.83320e+07  1.41590e-01  0.00000e+00
0326  7.06853e+18  1.74612e-22  2.74816e-08  2.84163e+07  1.42136e-01  0.00000e+00
0327  7.08694e+18  1.72061e-22  2.72057e-08  2.84990e+07  1.42679e-01  0.00000e+00
0328  7.10536e+18  1.69585e-22  2.69362e-08  2.85803e+07  1.43221e-01  0.00000e+00
0329  7.12378e+18  1.67180e-22  2.66730e-08  2.86602e+07  1.43760e-01  0.00000e+00
0330  7.14219e+18  1.64844e-22  2.64158e-08  2.87385e+07  1.44299e-01  0.00000e+00
0331  7.16061e+18  1.62575e-22  2.61646e-08  2.88154e+07  1.44835e-01  0.00000e+00
0332  7.17902e+18  1.60369e-22  2.59193e-08  2.88908e+07  1.45371e-01  0.00000e+00
0333  7.19744e+18  1.58225e-22  2.56797e-08  2.89647e+07  1.45905e-01  0.00000e+00
0334  7.21585e+18  1.56140e-22  2.54457e-08  2.90371e+07  1.46439e-01  0.00000e+00
0335  7.23427e+18  1.54113e-22  2.52173e-08  2.91080e+07  1.46971e-01  0.00000e+00
0336  7.25268e+18  1.52141e-22  2.49943e-08  2.91775e+07  1.47503e-01  0.00000e+00
0337  7.27110e+18  1.50223e-22  2.47766e-08  2.92454e+07  1.48035e-01  0.00000e+00
0338  7.28952e+18  1.48356e-22  2.45640e-08  2.93119e+07  1.48566e-01  0.00000e+00
0339  7.30793e+18  1.46538e-22  2.43565e-08  2.93769e+07  1.49097e-01  0.00000e+00
0340  7.32635e+18  1.44769e-22  2.41540e-08  2.94405e+07  1.49628e-01  0.00000e+00
0341  7.34476e+18  1.43045e-22  2.39561e-08  2.95027e+07  1.50159e-01  0.00000e+00
0342  7.36318e+18  1.41365e-22  2.37630e-08  2.95634e+07  1.50690e-01  0.00000e+00
0343  7.38159e+18  1.39729e-22  2.35743e-08  2.96227e+07  1.51221e-01  0.00000e+00
0344  7.40001e+18  1.38134e-22  2.33901e-08  2.96806e+07  1.51753e-01  0.00000e+00
0345  7.41842e+18  1.36578e-22  2.32101e-08  2.97372e+07  1.52286e-01  0.00000e+00
0346  7.43684e+18  1.35057e-22  2.30340e-08  2.97927e+07  1.52819e-01  0.00000e+00
0347  7.45526e+18  1.33571e-22  2.28617e-08  2.98471e+07  1.53352e-01  0.00000e+00
0348  7.47367e+18  1.32118e-22  2.26930e-08  2.99003e+07  1.53887e-01  0.00000e+00
0349  7.49209e+18  1.30698e-22  2.25280e-08  2.99524e+07  1.54422e-01  0.00000e+00
0350  7.51050e+18  1.29309e-22  2.23665e-08  3.00034e+07  1.54958e-01  0.00000e+00
0351  7.52892e+18  1.27951e-22  2.22085e-08  3.00534e+07  1.55495e-01  0.00000e+00
0352  7.54733e+18  1.26623e-22  2.20539e-08  3.01022e+07  1.56033e-01  0.00000e+00
0353  7.56575e+18  1.25324e-22  2.19026e-08  3.01500e+07  1.56571e-01  0.00000e+00
0354  7.58416e+18  1.24053e-22  2.17545e-08  3.01966e+07  1.57110e-01  0.00000e+00
0355  7.60258e+18  1.22810e-22  2.16097e-08  3.02422e+07  1.57650e-01  0.00000e+00
0356  7.62100e+18  1.21594e-22  2.14681e-08  3.02867e+07  1.58191e-01  0.00000e+00
0357  7.63941e+18  1.20404e-22  2.13295e-08  3.03301e+07  1.58732e-01  0.00000e+00
0358  7.65783e+18  1.19240e-22  2.11941e-08  3.03724e+07  1.59274e-01  0.00000e+00
0359  7.67624e+18  1.18102e-22  2.10617e-08  3.04136e+07  1.59817e-01  0.00000e+00
0360  7.69466e+18  1.16988e-22  2.09323e-08  3.04537e+07  1.60360e-01  0.00000e+00
0361  7.71307e+18  1.15898e-22  2.08058e-08  3.04927e+07  1.60903e-01  0.00000e+00
0362  7.73149e+18  1.14831e-22  2.06820e-08  3.05307e+07  1.61446e-01  0.00000e+00
0363  7.74990e+18  1.13787e-22  2.05609e-08  3.05676e+07  1.61990e-01  0.00000e+00
0364  7.76832e+18  1.12765e-22  2.04425e-08  3.06036e+07  1.62533e-01  0.00000e+00
0365  7.78674e+18  1.11764e-22  2.03265e-08  3.06386e+07  1.63076e-01  0.00000e+00
0366  7.80515e+18  1.10783e-22  2.02129e-08  3.06727e+07  1.63619e-01  0.00000e+00
0367  7.82357e+18  1.09823e-22  2.01017e-08  3.07059e+07  1.64161e-01  0.00000e+00
0368  7.84198e+18  1.08883e-22  1.99928e-08  3.07382e+07  1.64702e-01  0.00000e+00
0369  7.86040e+18  1.07963e-22  1.98860e-08  3.07696e+07  1.65242e-01  0.00000e+00
0370  7.87881e+18  1.07062e-22  1.97815e-08  3.08001e+07  1.65781e-01  0.00000e+00
0371  7.89723e+18  1.06178e-22  1.96792e-08  3.08297e+07  1.66318e-01  0.00000e+00
0372  7.91564e+18  1.05312e-22  1.95790e-08  3.08584e+07  1.66853e-01  0.00000e+00
0373  7.93406e+18  1.04464e-22  1.94810e-08  3.08863e+07  1.67386e-01  0.00000e+00
0374  7.95248e+18  1.03632e-22  1.93849e-08  3.09134e+07  1.67915e-01  0.00000e+00
0375  7.97089e+18  1.02817e-22  1.92909e-08  3.09396e+07  1.68442e-01  0.00000e+00
0376  7.98931e+18  1.02018e-22  1.91988e-08  3.09650e+07  1.68966e-01  0.00000e+00
0377  8.00772e+18  1.01235e-22  1.91084e-08  3.09897e+07  1.69486e-01  0.00000e+00
0378  8.02614e+18  1.00468e-22  1.90199e-08  3.10136e+07  1.70001e-01  0.00000e+00
0379  8.04455e+18  9.97172e-23  1.89330e-08  3.10368e+07  1.70512e-01  0.00000e+00
0380  8.06297e+18  9.89813e-23  1.88477e-08  3.10593e+07  1.71018e-01  0.00000e+00
0381  8.08139e+18  9.82607e-23  1.87642e-08  3.10811e+07  1.71519e-01  0.00000e+00
0382  8.09980e+18  9.75553e-23  1.86822e-08  3.11023e+07  1.72014e-01  0.00000e+00
0383  8.11822e+18  9.68647e-23  1.86018e-08  3.11227e+07  1.72503e-01  0.00000e+00
0384  8.13663e+18  9.61889e-23  1.85230e-08  3.11424e+07  1.72986e-01  0.00000e+00
0385  8.15505e+18  9.55275e-23  1.84457e-08  3.11614e+07  1.73463e-01  0.00000e+00
0386  8.17346e+18  9.48803e-23  1.83699e-08  3.11798e+07  1.73933e-01  0.00000e+00
0387  8.19188e+18  9.42468e-23  1.82956e-08  3.11975e+07  1.74396e-01  0.00000e+00
0388  8.21029e+18  9.36266e-23  1.82226e-08  3.12146e+07  1.74853e-01  0.00000e+00
0389  8.22871e+18  9.30192e-23  1.81509e-08  3.12312e+07  1.75303e-01  0.00000e+00
0390  8.24713e+18  9.24242e-23  1.80804e-08  3.12472e+07  1.75747e-01  0.00000e+00
0391  8.26554e+18  9.18412e-23  1.80112e-08  3.12626e+07  1.76184e-01  0.00000e+00
0392  8.28396e+18  9.12699e-23  1.79431e-08  3.12776e+07  1.76615e-01  0.00000e+00
0393  8.30237e+18  9.07098e-23  1.78762e-08  3.12920e+07  1.77041e-01  0.00000e+00
0394  8.32079e+18  9.01607e-23  1.78104e-08  3.13060e+07  1.77460e-01  0.00000e+00
0395  8.33920e+18  8.96223e-23  1.77457e-08  3.13194e+07  1.77874e-01  0.00000e+00
0396  8.35762e+18  8.90943e-23  1.76821e-08  3.13323e+07  1.78283e-01  0.00000e+00
0397  8.37603e+18  8.85764e-23  1.76196e-08  3.13447e+07  1.78687e-01  0.00000e+00
0398  8.39445e+18  8.80683e-23  1.75583e-08  3.13566e+07  1.79087e-01  0.00000e+00
0399  8.41287e+18  8.75696e-23  1.74980e-08  3.13679e+07  1.79484e-01  0.00000e+00
0400  8.43128e+18  8.70800e-23  1.74388e-08  3.13788e+07  1.79876e-01  0.00000e+00
0401  8.44970e+18  8.65993e-23  1.73806e-08  3.13891e+07  1.80266e-01  0.00000e+00
0402  8.46811e+18  8.61270e-23  1.73235e-08  3.13989e+07  1.80654e-01  0.00000e+00
0403  8.48653e+18  8.56629e-23  1.72674e-08  3.14083e+07  1.81039e-01  0.00000e+00
0404  8.50494e+18  8.52067e-23  1.72123e-08  3.14172e+07  1.81423e-01  0.00000e+00
0405  8.52336e+18  8.47581e-23  1.71581e-08  3.14255e+07  1.81805e-01  0.00000e+00
0406  8.54177e+18  8.43168e-23  1.71049e-08  3.14334e+07  1.82187e-01  0.00000e+00
0407  8.56019e+18  8.38827e-23  1.70527e-08  3.14408e+07  1.82569e-01  0.00000e+00
0408  8.57861e+18  8.34556e-23  1.70015e-08  3.14477e+07  1.82951e-01  0.00000e+00
0409  8.59702e+18  8.30352e-23  1.69513e-08  3.14540e+07  1.83334e-01  0.00000e+00
0410  8.61544e+18  8.26215e-23  1.69021e-08  3.14598e+07  1.83718e-01  0.00000e+00
0411  8.63385e+18  8.22142e-23  1.68538e-08  3.14651e+07  1.84104e-01  0.00000e+00
0412  8.65227e+18  8.18132e-23  1.68066e-08  3.14699e+07  1.84491e-01  0.00000e+00
0413  8.67068e+18  8.14183e-23  1.67603e-08  3.14741e+07  1.84880e-01  0.00000e+00
0414  8.68910e+18  8.10291e-23  1.67150e-08  3.14778e+07  1.85272e-01  0.00000e+00
0415  8.70751e+18  8.06451e-23  1.66704e-08  3.14811e+07  1.85667e-01  0.00000e+00
0416  8.72593e+18  8.02656e-23  1.66263e-08  3.14842e+07  1.86064e-01  0.00000e+00
0417  8.74435e+18  7.98901e-23  1.65826e-08  3.14871e+07  1.86465e-01  0.00000e+00
0418  8.76276e+18  7.95179e-23  1.65391e-08  3.14900e+07  1.86868e-01  0.00000e+00
0419  8.78118e+18  7.91484e-23  1.64956e-08  3.14929e+07  1.87275e-01  0.00000e+00
0420  8.79959e+18  7.87813e-23  1.64520e-08  3.14961e+07  1.87685e-01  0.00000e+00
0421  8.81801e+18  7.84166e-23  1.64082e-08  3.14995e+07  1.88097e-01  0.00000e+00
0422  8.83642e+18  7.80545e-23  1.63644e-08  3.15029e+07  1.88513e-01  0.00000e+00
0423  8.85484e+18  7.76955e-23  1.63208e-08  3.15064e+07  1.88932e-01  0.00000e+00
0424  8.87326e+18  7.73406e-23  1.62777e-08  3.15096e+07  1.89354e-01  0.00000e+00
0425  8.89167e+18  7.69909e-23  1.62354e-08  3.15123e+07  1.89779e-01  0.00000e+00
0426  8.91009e+18  7.66487e-23  1.61948e-08  3.15143e+07  1.90206e-01  0.00000e+00
0427  8.92850e+18  7.63137e-23  1.61558e-08  3.15148e+07  1.90636e-01  0.00000e+00
0428  8.94692e+18  7.59840e-23  1.61177e-08  3.15146e+07  1.91069e-01  0.00000e+00
0429  8.96533e+18  7.56608e-23  1.60811e-08  3.15137e+07  1.91504e-01  0.00000e+00
0430  8.98375e+18  7.53457e-23  1.60463e-08  3.15116e+07  1.91941e-01  0.00000e+00
0431  9.00216e+18  7.50391e-23  1.60138e-08  3.15081e+07  1.92381e-01  0.00000e+00
0432  9.02058e+18  7.47403e-23  1.59831e-08  3.15032e+07  1.92823e-01  0.00000e+00
0433  9.03900e+18  7.44479e-23  1.59538e-08  3.14975e+07  1.93268e-01  0.00000e+00
0434  9.05741e+18  7.41601e-23  1.59254e-08  3.14911e+07  1.93714e-01  0.00000e+00
0435  9.07583e+18  7.38756e-23  1.58973e-08  3.14846e+07  1.94163e-01  0.00000e+00
0436  9.09424e+18  7.35934e-23  1.58691e-08  3.14781e+07  1.94613e-01  0.00000e+00
0437  9.11266e+18  7.33127e-23  1.58407e-08  3.14719e+07  1.95066e-01  0.00000e+00
0438  9.13107e+18  7.30331e-23  1.58117e-08  3.14661e+07  1.95520e-01  0.00000e+00
0439  9.14949e+18  7.27541e-23  1.57821e-08  3.14609e+07  1.95975e-01  0.00000e+00
0440  9.16790e+18  7.24756e-23  1.57517e-08  3.14562e+07  1.96432e-01  0.00000e+00
0441  9.18632e+18  7.21975e-23  1.57206e-08  3.14522e+07  1.96890e-01  0.00000e+00
0442  9.20474e+18  7.19201e-23  1.56888e-08  3.14487e+07  1.97349e-01  0.00000e+00
0443  9.22315e+18  7.16432e-23  1.56562e-08  3.14458e+07  1.97809e-01  0.00000e+00
0444  9.24157e+18  7.13643e-23  1.56221e-08  3.14438e+07  1.98271e-01  0.00000e+00
0445  9.25998e+18  7.10843e-23  1.55866e-08  3.14435e+07  1.98733e-01  0.00000e+00
0446  9.27840e+18  7.08045e-23  1.55503e-08  3.14438e+07  1.99196e-01  0.00000e+00
0447  9.29681e+18  7.05250e-23  1.55133e-08  3.14445e+07  1.99659e-01  0.00000e+00
0448  9.31523e+18  7.02454e-23  1.54753e-08  3.14460e+07  2.00124e-01  0.00000e+00
0449  9.33364e+18  6.99655e-23  1.54364e-08  3.14483e+07  2.00590e-01  0.00000e+00
0450  9.35206e+18  6.96850e-23  1.53964e-08  3.14515e+07  2.01056e-01  0.00000e+00
0451  9.37048e+18  6.94036e-23  1.53554e-08  3.14557e+07  2.01523e-01  0.00000e+00
0452  9.38889e+18  6.91212e-23  1.53131e-08  3.14609e+07  2.01991e-01  0.00000e+00
0453  9.40731e+18  6.88376e-23  1.52695e-08  3.14671e+07  2.02460e-01  0.00000e+00
0454  9.42572e+18  6.85528e-23  1.52248e-08  3.14743e+07  2.02930e-01  0.00000e+00
0455  9.44414e+18  6.82671e-23  1.51790e-08  3.14825e+07  2.03401e-01  0.00000e+00
0456  9.46255e+18  6.79810e-23  1.51323e-08  3.14915e+07  2.03873e-01  0.00000e+00
0457  9.48097e+18  6.76948e-23  1.50848e-08  3.15013e+07  2.04346e-01  0.00000e+00
0458  9.49939e+18  6.74091e-23  1.50368e-08  3.15116e+07  2.04821e-01  0.00000e+00
0459  9.51780e+18  6.71239e-23  1.49883e-08  3.15224e+07  2.05296e-01  0.00000e+00
0460  9.53622e+18  6.68396e-23  1.49394e-08  3.15337e+07  2.05773e-01  0.00000e+00
0461  9.55463e+18  6.65560e-23  1.48902e-08  3.15454e+07  2.06251e-01  0.00000e+00
0462  9.57305e+18  6.62733e-23  1.48406e-08  3.15575e+07  2.06730e-01  0.00000e+00
0463  9.59146e+18  6.59915e-23  1.47907e-08  3.15701e+07  2.07211e-01  0.00000e+00
0464  9.60988e+18  6.57105e-23  1.47405e-08  3.15830e+07  2.07693e-01  0.00000e+00
0465  9.62829e+18  6.54305e-23  1.46900e-08  3.15963e+07  2.08177e-01  0.00000e+00
0466  9.64671e+18  6.51515e-23  1.46393e-08  3.16099e+07  2.08662e-01  0.00000e+00
0467  9.66513e+18  6.48735e-23  1.45884e-08  3.16239e+07  2.09149e-01  0.00000e+00
0468  9.68354e+18  6.45965e-23  1.45372e-08  3.16382e+07  2.09637e-01  0.00000e+00
0469  9.70196e+18  6.43205e-23  1.44859e-08  3.16529e+07  2.10128e-01  0.00000e+00
0470  9.72037e+18  6.40455e-23  1.44344e-08  3.16678e+07  2.10620e-01  0.00000e+00
0471  9.73879e+18  6.37715e-23  1.43828e-08  3.16831e+07  2.11114e-01  0.00000e+00
0472  9.75720e+18  6.34985e-23  1.43310e-08  3.16987e+07  2.11610e-01  0.00000e+00
0473  9.77562e+18  6.32264e-23  1.42790e-08  3.17145e+07  2.12108e-01  0.00000e+00
0474  9.79403e+18  6.29552e-23  1.42269e-08  3.17307e+07  2.12608e-01  0.00000e+00
0475  9.81245e+18  6.26851e-23  1.41747e-08  3.17471e+07  2.13111e-01  0.00000e+00
0476  9.83087e+18  6.24158e-23  1.41223e-08  3.17638e+07  2.13616e-01  0.00000e+00
0477  9.84928e+18  6.21476e-23  1.40698e-08  3.17808e+07  2.14123e-01  0.00000e+00
0478  9.86770e+18  6.18802e-23  1.40173e-08  3.17981e+07  2.14633e-01  0.00000e+00
0479  9.88611e+18  6.16139e-23  1.39647e-08  3.18156e+07  2.15145e-01  0.00000e+00
0480  9.90453e+18  6.13485e-23  1.39120e-08  3.18333e+07  2.15660e-01  0.00000e+00
0481  9.92294e+18  6.10841e-23  1.38592e-08  3.18513e+07  2.16177e-01  0.00000e+00
0482  9.94136e+18  6.08207e-23  1.38065e-08  3.18695e+07  2.16697e-01  0.00000e+00
0483  9.95977e+18  6.05583e-23  1.37536e-08  3.18879e+07  2.17219e-01  0.00000e+00
0484  9.97819e+18  6.02970e-23  1.37008e-08  3.19065e+07  2.17744e-01  0.00000e+00
0485  9.99661e+18  6.00368e-23  1.36480e-08  3.19253e+07  2.18271e-01  0.00000e+00
0486  1.00150e+19  5.97777e-23  1.35951e-08  3.19443e+07  2.18800e-01  0.00000e+00
0487  1.00334e+19  5.95198e-23  1.35423e-08  3.19635e+07  2.19332e-01  0.00000e+00
0488  1.00519e+19  5.92631e-23  1.34896e-08  3.19828e+07  2.19866e-01  0.00000e+00
0489  1.00703e+19  5.90076e-23  1.34369e-08  3.20022e+07  2.20402e-01  0.00000e+00
0490  1.00887e+19  5.87534e-23  1.33843e-08  3.20218e+07  2.20941e-01  0.00000e+00
0491  1.01071e+19  5.85004e-23  1.33318e-08  3.20414e+07  2.21481e-01  0.00000e+00
0492  1.01255e+19  5.82486e-23  1.32794e-08  3.20612e+07  2.22024e-01  0.00000e+00
0493  1.01439e+19  5.79981e-23  1.32272e-08  3.20810e+07  2.22569e-01  0.00000e+00
0494  1.01623e+19  5.77486e-23  1.31751e-08  3.21010e+07  2.23117e-01  0.00000e+00
0495  1.01808e+19  5.75003e-23  1.31231e-08  3.21209e+07  2.23666e-01  0.00000e+00
0496  1.01992e+19  5.72529e-23  1.30713e-08  3.21410e+07  2.24219e-01  0.00000e+00
0497  1.02176e+19  5.70065e-23  1.30197e-08  3.21610e+07  2.24774e-01  0.00000e+00
0498  1.02360e+19  5.67610e-23  1.29682e-08  3.21811e+07  2.25331e-01  0.00000e+00
0499  1.02544e+19  5.65166e-23  1.29170e-08  3.22012e+07  2.25892e-01  0.00000e+00
0500  1.02728e+19  5.62731e-23  1.28659e-08  3.22214e+07  2.26455e-01  0.00000e+00
0501  1.02913e+19  5.60309e-23  1.28150e-08  3.22415e+07  2.27020e-01  0.00000e+00
0502  1.03097e+19  5.57900e-23  1.27644e-08  3.22617e+07  2.27588e-01  0.00000e+00
0503  1.03281e+19  5.55505e-23  1.27139e-08  3.22818e+07  2.28157e-01  0.00000e+00
0504  1.03465e+19  5.53126e-23  1.26636e-08  3.23020e+07  2.28729e-01  0.00000e+00
0505  1.03649e+19  5.50765e-23  1.26136e-08  3.23222e+07  2.29302e-01  0.00000e+00
0506  1.03833e+19  5.48422e-23  1.25638e-08  3.23423e+07  2.29877e-01  0.00000e+00
0507  1.04017e+19  5.46098e-23  1.25142e-08  3.23625e+07  2.30454e-01  0.00000e+00
0508  1.04202e+19  5.43792e-23  1.24648e-08  3.23826e+07  2.31031e-01  0.00000e+00
0509  1.04386e+19  5.41504e-23  1.24156e-08  3.24028e+07  2.31611e-01  0.00000e+00
0510  1.04570e+19  5.39233e-23  1.23666e-08  3.24229e+07  2.32192e-01  0.00000e+00
0511  1.04754e+19  5.36979e-23  1.23178e-08  3.24430e+07  2.32775e-01  0.00000e+00
0512  1.04938e+19  5.34740e-23  1.22693e-08  3.24631e+07  2.33359e-01  0.00000e+00
0513  1.05122e+19  5.32516e-23  1.22210e-08  3.24832e+07  2.33946e-01  0.00000e+00
0514  1.05307e+19  5.30305e-23  1.21728e-08  3.25032e+07  2.34536e-01  0.00000e+00
0515  1.05491e+19  5.28108e-23  1.21249e-08  3.25233e+07  2.35128e-01  0.00000e+00
0516  1.05675e+19  5.25924e-23  1.20773e-08  3.25433e+07  2.35723e-01  0.00000e+00
0517  1.05859e+19  5.23752e-23  1.20298e-08  3.25633e+07  2.36321e-01  0.00000e+00
0518  1.06043e+19  5.21591e-23  1.19825e-08  3.25833e+07  2.36924e-01  0.00000e+00
0519  1.06227e+19  5.19439e-23  1.19355e-08  3.26032e+07  2.37532e-01  0.00000e+00
0520  1.06412e+19  5.17297e-23  1.18886e-08  3.26232e+07  2.38146e-01  0.00000e+00
0521  1.06596e+19  5.15161e-23  1.18420e-08  3.26431e+07  2.38767e-01  0.00000e+00
0522  1.06780e+19  5.13030e-23  1.17956e-08  3.26630e+07  2.39398e-01  0.00000e+00
0523  1.06964e+19  5.10902e-23  1.17494e-08  3.26829e+07  2.40038e-01  0.00000e+00
0524  1.07148e+19  5.08773e-23  1.17034e-08  3.27028e+07  2.40691e-01  0.00000e+00
0525  1.07332e+19  5.06642e-23  1.16576e-08  3.27226e+07  2.41357e-01  0.00000e+00
0526  1.07516e+19  5.04505e-23  1.16120e-08  3.27424e+07  2.42040e-01  0.00000e+00
0527  1.07701e+19  5.02361e-23  1.15667e-08  3.27622e+07  2.42740e-01  0.00000e+00
0528  1.07885e+19  5.00206e-23  1.15216e-08  3.27819e+07  2.43460e-01  0.00000e+00
0529  1.08069e+19  4.98038e-23  1.14767e-08  3.28016e+07  2.44201e-01  0.00000e+00
0530  1.08253e+19  4.95857e-23  1.14321e-08  3.28213e+07  2.44964e-01  0.00000e+00
0531  1.08437e+19  4.93662e-23  1.13877e-08  3.28409e+07  2.45750e-01  0.00000e+00
0532  1.08621e+19  4.91452e-23  1.13435e-08  3.28604e+07  2.46560e-01  0.00000e+00
0533  1.08806e+19  4.89229e-23  1.12996e-08  3.28799e+07  2.47393e-01  0.00000e+00
0534  1.08990e+19  4.86995e-23  1.12559e-08  3.28993e+07  2.48247e-01  0.00000e+00
0535  1.09174e+19  4.84753e-23  1.12125e-08  3.29187e+07  2.49121e-01  0.00000e+00
0536  1.09358e+19  4.82509e-23  1.11694e-08  3.29379e+07  2.50010e-01  0.00000e+00
0537  1.09542e+19  4.80270e-23  1.11265e-08  3.29571e+07  2.50911e-01  0.00000e+00
0538  1.09726e+19  4.78042e-23  1.10839e-08  3.29762e+07  2.51818e-01  0.00000e+00
0539  1.09910e+19  4.75834e-23  1.10416e-08  3.29952e+07  2.52725e-01  0.00000e+00
0540  1.10095e+19  4.73657e-23  1.09996e-08  3.30141e+07  2.53624e-01  0.00000e+00
0541  1.10279e+19  4.71520e-23  1.09578e-08  3.30329e+07  2.54507e-01  0.00000e+00
0542  1.10463e+19  4.69434e-23  1.09163e-08  3.30516e+07  2.55365e-01  0.00000e+00
0543  1.10647e+19  4.67409e-23  1.08750e-08  3.30703e+07  2.56191e-01  0.00000e+00
0544  1.10831e+19  4.65454e-23  1.08340e-08  3.30889e+07  2.56975e-01  0.00000e+00
0545  1.11015e+19  4.63577e-23  1.07932e-08  3.31074e+07  2.57712e-01  0.00000e+00
0546  1.11200e+19  4.61783e-23  1.07527e-08  3.31259e+07  2.58394e-01  0.00000e+00
0547  1.11384e+19  4.60074e-23  1.07124e-08  3.31443e+07  2.59018e-01  0.00000e+00
0548  1.11568e+19  4.58452e-23  1.06722e-08  3.31627e+07  2.59582e-01  0.00000e+00
0549  1.11752e+19  4.56913e-23  1.06323e-08  3.31811e+07  2.60087e-01  0.00000e+00
0550  1.11936e+19  4.55451e-23  1.05925e-08  3.31994e+07  2.60537e-01  0.00000e+00
0551  1.12120e+19  4.54057e-23  1.05529e-08  3.32178e+07  2.60937e-01  0.00000e+00
0552  1.12305e+19  4.52730e-23  1.05137e-08  3.32360e+07  2.61292e-01  0.00000e+00
0553  1.12489e+19  4.51413e-23  1.04735e-08  3.32548e+07  2.61623e-01  0.00000e+00
0554  1.12673e+19  4.50281e-23  1.04381e-08  3.32714e+07  2.61894e-01  0.00000e+00
0555  1.12857e+19  4.48347e-23  1.03767e-08  3.33004e+07  2.62340e-01  0.00000e+00
