# Athena++ data at time=1.656000e+13  cycle=1109688308  variables=prim 
# i       x1v         rho          press          vel1         vel2         vel3     
0002  1.13875e+18  2.14917e-18  8.97288e-06 -4.09800e+05  1.46607e-09  0.00000e+00
0003  1.15716e+18  9.91565e-19  5.45956e-06  2.43594e+05  7.93075e-03  0.00000e+00
0004  1.17558e+18  6.41286e-19  4.33775e-06  3.11370e+05  1.74215e-02  0.00000e+00
0005  1.19399e+18  4.31072e-19  3.63779e-06  4.31075e+05  2.60041e-02  0.00000e+00
0006  1.21241e+18  2.83179e-19  3.17893e-06  6.30627e+05  3.34733e-02  0.00000e+00
0007  1.23082e+18  1.70276e-19  2.89032e-06  9.60056e+05  4.01730e-02  0.00000e+00
0008  1.24924e+18  1.39930e-19  2.63488e-06  1.18967e+06  4.61857e-02  0.00000e+00
0009  1.26765e+18  1.25873e-19  2.48276e-06  1.25753e+06  5.17674e-02  0.00000e+00
0010  1.28607e+18  1.14905e-19  2.34262e-06  1.33327e+06  5.69943e-02  0.00000e+00
0011  1.30448e+18  1.06792e-19  2.21649e-06  1.39560e+06  6.19065e-02  0.00000e+00
0012  1.32290e+18  9.98068e-20  2.10580e-06  1.44948e+06  6.65447e-02  0.00000e+00
0013  1.34131e+18  9.33614e-20  2.00320e-06  1.50695e+06  7.09317e-02  0.00000e+00
0014  1.35973e+18  8.75135e-20  1.90930e-06  1.56415e+06  7.50887e-02  0.00000e+00
0015  1.37814e+18  8.24346e-20  1.82298e-06  1.61716e+06  7.90338e-02  0.00000e+00
0016  1.39656e+18  7.78874e-20  1.74446e-06  1.66616e+06  8.27865e-02  0.00000e+00
0017  1.41497e+18  7.36956e-20  1.67178e-06  1.71497e+06  8.63614e-02  0.00000e+00
0018  1.43339e+18  6.98516e-20  1.60473e-06  1.76261e+06  8.97739e-02  0.00000e+00
0019  1.45180e+18  6.67281e-20  1.54165e-06  1.80138e+06  9.30317e-02  0.00000e+00
0020  1.47022e+18  6.35916e-20  1.48572e-06  1.83968e+06  9.61544e-02  0.00000e+00
0021  1.48863e+18  6.04282e-20  1.43086e-06  1.88849e+06  9.91465e-02  0.00000e+00
0022  1.50705e+18  5.78120e-20  1.37948e-06  1.92879e+06  1.02014e-01  0.00000e+00
0023  1.52546e+18  5.53940e-20  1.33367e-06  1.96277e+06  1.04771e-01  0.00000e+00
0024  1.54388e+18  5.30245e-20  1.28950e-06  2.00186e+06  1.07423e-01  0.00000e+00
0027  1.56229e+18  5.07857e-20  1.24795e-06  2.04132e+06  1.09978e-01  0.00000e+00
0028  1.58071e+18  4.86844e-20  1.20901e-06  2.08011e+06  1.12440e-01  0.00000e+00
0029  1.59912e+18  4.67009e-20  1.17240e-06  2.11878e+06  1.14816e-01  0.00000e+00
0030  1.61754e+18  4.48176e-20  1.13789e-06  2.15780e+06  1.17112e-01  0.00000e+00
0031  1.63595e+18  4.30203e-20  1.10530e-06  2.19756e+06  1.19332e-01  0.00000e+00
0032  1.65437e+18  4.12975e-20  1.07453e-06  2.23832e+06  1.21482e-01  0.00000e+00
0033  1.67278e+18  3.96614e-20  1.04551e-06  2.27920e+06  1.23565e-01  0.00000e+00
0034  1.69120e+18  3.82031e-20  1.01821e-06  2.31567e+06  1.25586e-01  0.00000e+00
0035  1.70961e+18  3.69267e-20  9.93096e-07  2.34445e+06  1.27551e-01  0.00000e+00
0036  1.72803e+18  3.57835e-20  9.69619e-07  2.36822e+06  1.29464e-01  0.00000e+00
0037  1.74644e+18  3.46918e-20  9.47551e-07  2.39105e+06  1.31331e-01  0.00000e+00
0038  1.76486e+18  3.36109e-20  9.26263e-07  2.41657e+06  1.33152e-01  0.00000e+00
0039  1.78328e+18  3.25464e-20  9.05791e-07  2.44435e+06  1.34930e-01  0.00000e+00
0040  1.80169e+18  3.15087e-20  8.86187e-07  2.47360e+06  1.36668e-01  0.00000e+00
0041  1.82011e+18  3.05026e-20  8.67463e-07  2.50372e+06  1.38366e-01  0.00000e+00
0042  1.83852e+18  2.95440e-20  8.49643e-07  2.53362e+06  1.40028e-01  0.00000e+00
0043  1.85694e+18  2.86454e-20  8.32677e-07  2.56031e+06  1.41660e-01  0.00000e+00
0044  1.87535e+18  2.75859e-20  8.17145e-07  2.58686e+06  1.43275e-01  0.00000e+00
0045  1.89377e+18  2.64406e-20  8.03919e-07  2.63323e+06  1.44837e-01  0.00000e+00
0046  1.91218e+18  2.62852e-20  7.87162e-07  2.68114e+06  1.46286e-01  0.00000e+00
0047  1.93060e+18  2.62023e-20  7.70763e-07  2.67502e+06  1.47689e-01  0.00000e+00
0048  1.94901e+18  2.52909e-20  7.57824e-07  2.67356e+06  1.49255e-01  0.00000e+00
0049  1.96743e+18  2.27866e-20  7.47372e-07  2.70286e+06  1.51097e-01  0.00000e+00
0050  1.98584e+18  2.36598e-20  7.36977e-07  2.59339e+06  1.52870e-01  0.00000e+00
0051  2.00426e+18  2.93138e-20  7.44884e-07  2.16594e+06  1.53959e-01  0.00000e+00
0052  2.02267e+18  3.35963e-20  7.84975e-07  1.80978e+06  1.54963e-01  0.00000e+00
0053  2.04109e+18  3.25938e-20  7.66155e-07  1.82582e+06  1.57073e-01  0.00000e+00
0054  2.05951e+18  2.16866e-20  6.86692e-07  1.80318e+06  1.62417e-01  0.00000e+00
0055  2.07792e+18  7.60526e-21  7.50263e-07  1.94239e+06  1.73228e-01  0.00000e+00
0056  2.09634e+18  5.43151e-21  7.11200e-07  2.73760e+06  1.79346e-01  0.00000e+00
0057  2.11475e+18  6.08912e-21  7.15942e-07  3.56370e+06  1.77087e-01  0.00000e+00
0058  2.13317e+18  1.41417e-20  7.10851e-07  4.09185e+06  1.67145e-01  0.00000e+00
0059  2.15158e+18  2.86489e-20  6.83445e-07  3.59415e+06  1.61401e-01  0.00000e+00
0060  2.17000e+18  2.94109e-20  6.84611e-07  3.37465e+06  1.61059e-01  0.00000e+00
0061  2.18841e+18  2.84156e-20  6.67421e-07  3.35851e+06  1.61597e-01  0.00000e+00
0062  2.20683e+18  2.69358e-20  6.43235e-07  3.29672e+06  1.63144e-01  0.00000e+00
0063  2.22524e+18  2.52631e-20  6.18140e-07  3.17206e+06  1.65103e-01  0.00000e+00
0064  2.24366e+18  2.35745e-20  5.94569e-07  3.03117e+06  1.66661e-01  0.00000e+00
0065  2.26207e+18  2.22733e-20  5.76522e-07  2.93190e+06  1.67764e-01  0.00000e+00
0066  2.28049e+18  2.14507e-20  5.63518e-07  2.88995e+06  1.68706e-01  0.00000e+00
0067  2.29891e+18  2.08971e-20  5.52798e-07  2.88043e+06  1.69676e-01  0.00000e+00
0068  2.31732e+18  2.04245e-20  5.42930e-07  2.88094e+06  1.70707e-01  0.00000e+00
0069  2.33574e+18  1.99469e-20  5.33208e-07  2.88462e+06  1.71729e-01  0.00000e+00
0070  2.35415e+18  1.94546e-20  5.23594e-07  2.89077e+06  1.72668e-01  0.00000e+00
0071  2.37257e+18  1.89555e-20  5.14189e-07  2.89811e+06  1.73516e-01  0.00000e+00
0072  2.39098e+18  1.84693e-20  5.05326e-07  2.90725e+06  1.74312e-01  0.00000e+00
0073  2.40940e+18  1.80504e-20  4.97010e-07  2.91922e+06  1.75093e-01  0.00000e+00
0074  2.42781e+18  1.77474e-20  4.89369e-07  2.93241e+06  1.75877e-01  0.00000e+00
0075  2.44623e+18  1.75540e-20  4.82336e-07  2.94535e+06  1.76661e-01  0.00000e+00
0076  2.46464e+18  1.74171e-20  4.75716e-07  2.95782e+06  1.77436e-01  0.00000e+00
0077  2.48306e+18  1.72851e-20  4.69290e-07  2.97112e+06  1.78202e-01  0.00000e+00
0078  2.50147e+18  1.71238e-20  4.62944e-07  2.98682e+06  1.78960e-01  0.00000e+00
0079  2.51989e+18  1.69385e-20  4.56593e-07  3.00731e+06  1.79681e-01  0.00000e+00
0080  2.53831e+18  1.68153e-20  4.50942e-07  3.03412e+06  1.80379e-01  0.00000e+00
0081  2.55672e+18  1.64630e-20  4.43779e-07  2.99988e+06  1.81328e-01  0.00000e+00
0082  2.57514e+18  1.26817e-20  4.37267e-07  3.12721e+06  1.83050e-01  0.00000e+00
0083  2.59355e+18  6.67657e-21  4.37933e-07  4.07031e+06  1.85666e-01  0.00000e+00
0084  2.61197e+18  4.06474e-21  4.02180e-07  5.59494e+06  1.88894e-01  0.00000e+00
0085  2.63038e+18  3.17126e-21  3.90139e-07  6.32375e+06  1.92454e-01  0.00000e+00
0086  2.64880e+18  2.73457e-21  3.82563e-07  6.81756e+06  1.96167e-01  0.00000e+00
0087  2.66721e+18  2.46189e-21  3.76509e-07  7.21539e+06  1.99941e-01  0.00000e+00
0088  2.68563e+18  2.26481e-21  3.71380e-07  7.55695e+06  2.03740e-01  0.00000e+00
0089  2.70404e+18  2.11082e-21  3.66777e-07  7.86300e+06  2.07548e-01  0.00000e+00
0090  2.72246e+18  1.98592e-21  3.62632e-07  8.13752e+06  2.11359e-01  0.00000e+00
0091  2.74088e+18  1.87847e-21  3.59018e-07  8.39098e+06  2.15176e-01  0.00000e+00
0092  2.75929e+18  1.78364e-21  3.55443e-07  8.63728e+06  2.18997e-01  0.00000e+00
0093  2.77771e+18  1.69951e-21  3.52039e-07  8.87048e+06  2.22829e-01  0.00000e+00
0094  2.79612e+18  1.62383e-21  3.48726e-07  9.09106e+06  2.26679e-01  0.00000e+00
0095  2.81454e+18  1.55486e-21  3.45485e-07  9.29982e+06  2.30554e-01  0.00000e+00
0096  2.83295e+18  1.49162e-21  3.42308e-07  9.49872e+06  2.34463e-01  0.00000e+00
0097  2.85137e+18  1.43357e-21  3.39251e-07  9.68862e+06  2.38411e-01  0.00000e+00
0098  2.86978e+18  1.38023e-21  3.36356e-07  9.87083e+06  2.42406e-01  0.00000e+00
0099  2.88820e+18  1.33115e-21  3.33641e-07  1.00458e+07  2.46455e-01  0.00000e+00
0100  2.90661e+18  1.28563e-21  3.31117e-07  1.02143e+07  2.50562e-01  0.00000e+00
0101  2.92503e+18  1.24315e-21  3.28728e-07  1.03779e+07  2.54731e-01  0.00000e+00
0102  2.94345e+18  1.20344e-21  3.26467e-07  1.05361e+07  2.58967e-01  0.00000e+00
0103  2.96186e+18  1.16626e-21  3.24314e-07  1.06883e+07  2.63270e-01  0.00000e+00
0104  2.98028e+18  1.13139e-21  3.22255e-07  1.08344e+07  2.67645e-01  0.00000e+00
0105  2.99869e+18  1.09863e-21  3.20275e-07  1.09741e+07  2.72092e-01  0.00000e+00
0106  3.01711e+18  1.06780e-21  3.18360e-07  1.11070e+07  2.76613e-01  0.00000e+00
0107  3.03552e+18  1.03873e-21  3.16502e-07  1.12327e+07  2.81211e-01  0.00000e+00
0108  3.05394e+18  1.01128e-21  3.14696e-07  1.13511e+07  2.85887e-01  0.00000e+00
0109  3.07235e+18  9.85348e-22  3.12945e-07  1.14620e+07  2.90643e-01  0.00000e+00
0110  3.09077e+18  9.60832e-22  3.11256e-07  1.15658e+07  2.95478e-01  0.00000e+00
0111  3.10918e+18  9.37643e-22  3.09640e-07  1.16631e+07  3.00392e-01  0.00000e+00
0112  3.12760e+18  9.15708e-22  3.08105e-07  1.17548e+07  3.05384e-01  0.00000e+00
0113  3.14602e+18  8.94968e-22  3.06657e-07  1.18416e+07  3.10450e-01  0.00000e+00
0114  3.16443e+18  8.75350e-22  3.05295e-07  1.19240e+07  3.15584e-01  0.00000e+00
0115  3.18285e+18  8.56803e-22  3.04011e-07  1.20027e+07  3.20783e-01  0.00000e+00
0116  3.20126e+18  8.39277e-22  3.02798e-07  1.20776e+07  3.26038e-01  0.00000e+00
0117  3.21968e+18  8.22707e-22  3.01644e-07  1.21489e+07  3.31344e-01  0.00000e+00
0118  3.23809e+18  8.07032e-22  3.00541e-07  1.22169e+07  3.36696e-01  0.00000e+00
0119  3.25651e+18  7.92187e-22  2.99482e-07  1.22813e+07  3.42089e-01  0.00000e+00
0120  3.27492e+18  7.78112e-22  2.98460e-07  1.23420e+07  3.47520e-01  0.00000e+00
0121  3.29334e+18  7.64745e-22  2.97472e-07  1.23989e+07  3.52992e-01  0.00000e+00
0122  3.31176e+18  7.52024e-22  2.96514e-07  1.24516e+07  3.58506e-01  0.00000e+00
0123  3.33017e+18  7.39888e-22  2.95582e-07  1.25001e+07  3.64067e-01  0.00000e+00
0124  3.34859e+18  7.28275e-22  2.94672e-07  1.25441e+07  3.69685e-01  0.00000e+00
0125  3.36700e+18  7.17130e-22  2.93784e-07  1.25837e+07  3.75369e-01  0.00000e+00
0126  3.38542e+18  7.06404e-22  2.92918e-07  1.26193e+07  3.81134e-01  0.00000e+00
0127  3.40383e+18  6.96049e-22  2.92077e-07  1.26512e+07  3.86993e-01  0.00000e+00
0128  3.42225e+18  6.86022e-22  2.91264e-07  1.26801e+07  3.92963e-01  0.00000e+00
0129  3.44066e+18  6.76282e-22  2.90480e-07  1.27066e+07  3.99062e-01  0.00000e+00
0130  3.45908e+18  6.66789e-22  2.89727e-07  1.27312e+07  4.05310e-01  0.00000e+00
0131  3.47749e+18  6.57507e-22  2.89003e-07  1.27545e+07  4.11725e-01  0.00000e+00
0132  3.49591e+18  6.48404e-22  2.88310e-07  1.27766e+07  4.18327e-01  0.00000e+00
0133  3.51433e+18  6.39451e-22  2.87643e-07  1.27976e+07  4.25134e-01  0.00000e+00
0134  3.53274e+18  6.30631e-22  2.87003e-07  1.28173e+07  4.32167e-01  0.00000e+00
0135  3.55116e+18  6.21939e-22  2.86390e-07  1.28355e+07  4.39440e-01  0.00000e+00
0136  3.56957e+18  6.13329e-22  2.85797e-07  1.28522e+07  4.46961e-01  0.00000e+00
0137  3.58799e+18  6.04738e-22  2.85222e-07  1.28673e+07  4.54746e-01  0.00000e+00
0138  3.60640e+18  5.96437e-22  2.84680e-07  1.28795e+07  4.62854e-01  0.00000e+00
0139  3.62482e+18  5.88673e-22  2.84166e-07  1.28888e+07  4.71184e-01  0.00000e+00
0140  3.64323e+18  5.79427e-22  2.83628e-07  1.28981e+07  4.79366e-01  0.00000e+00
0141  3.66165e+18  5.66764e-22  2.83119e-07  1.29056e+07  4.88417e-01  0.00000e+00
0142  3.68007e+18  5.63829e-22  2.82699e-07  1.29016e+07  5.01942e-01  0.00000e+00
0143  3.69848e+18  5.77357e-22  2.82284e-07  1.28986e+07  5.10552e-01  0.00000e+00
0144  3.71690e+18  7.59121e-22  2.81444e-07  1.29324e+07  5.06468e-01  0.00000e+00
0145  3.73531e+18  2.55717e-21  2.78612e-07  1.27056e+07  4.65683e-01  0.00000e+00
0146  3.75373e+18  9.62174e-21  2.42852e-07  1.08177e+07  3.60868e-01  0.00000e+00
0147  3.77214e+18  1.25384e-20  2.62645e-07  9.33372e+06  2.57483e-01  0.00000e+00
0148  3.79056e+18  1.22848e-20  2.58053e-07  9.20300e+06  1.81808e-01  0.00000e+00
0149  3.80897e+18  1.16722e-20  2.49423e-07  9.23016e+06  1.47995e-01  0.00000e+00
0150  3.82739e+18  1.09488e-20  2.39621e-07  9.26770e+06  1.41248e-01  0.00000e+00
0151  3.84581e+18  1.02973e-20  2.30300e-07  9.27689e+06  1.40920e-01  0.00000e+00
0152  3.86422e+18  9.72653e-21  2.22153e-07  9.28076e+06  1.40987e-01  0.00000e+00
0153  3.88264e+18  9.21371e-21  2.14103e-07  9.29199e+06  1.41288e-01  0.00000e+00
0154  3.90105e+18  8.73572e-21  2.07070e-07  9.31123e+06  1.41999e-01  0.00000e+00
0155  3.91947e+18  8.27893e-21  2.00471e-07  9.34497e+06  1.43223e-01  0.00000e+00
0156  3.93788e+18  7.83860e-21  1.94451e-07  9.39487e+06  1.44953e-01  0.00000e+00
0157  3.95630e+18  7.41842e-21  1.89129e-07  9.46387e+06  1.47073e-01  0.00000e+00
0158  3.97471e+18  7.02118e-21  1.84556e-07  9.55377e+06  1.49403e-01  0.00000e+00
0159  3.99313e+18  6.57717e-21  1.80197e-07  9.64980e+06  1.51753e-01  0.00000e+00
0160  4.01155e+18  5.87905e-21  1.77412e-07  9.77546e+06  1.53956e-01  0.00000e+00
0161  4.02996e+18  4.69489e-21  1.75544e-07  1.01046e+07  1.55878e-01  0.00000e+00
0162  4.04838e+18  3.30082e-21  1.66584e-07  1.10154e+07  1.57495e-01  0.00000e+00
0163  4.06679e+18  2.34261e-21  1.53481e-07  1.21847e+07  1.58917e-01  0.00000e+00
0164  4.08521e+18  1.82512e-21  1.44282e-07  1.31157e+07  1.60243e-01  0.00000e+00
0165  4.10362e+18  1.53143e-21  1.37964e-07  1.38215e+07  1.61529e-01  0.00000e+00
0166  4.12204e+18  1.34346e-21  1.32983e-07  1.43927e+07  1.62799e-01  0.00000e+00
0167  4.14045e+18  1.21014e-21  1.28780e-07  1.48764e+07  1.64064e-01  0.00000e+00
0168  4.15887e+18  1.10789e-21  1.25087e-07  1.53040e+07  1.65328e-01  0.00000e+00
0169  4.17728e+18  1.02568e-21  1.21738e-07  1.56920e+07  1.66585e-01  0.00000e+00
0170  4.19570e+18  9.57648e-22  1.18674e-07  1.60486e+07  1.67830e-01  0.00000e+00
0171  4.21412e+18  9.00261e-22  1.15839e-07  1.63804e+07  1.69052e-01  0.00000e+00
0172  4.23253e+18  8.51304e-22  1.13193e-07  1.66907e+07  1.70241e-01  0.00000e+00
0173  4.25095e+18  8.08828e-22  1.10718e-07  1.69831e+07  1.71391e-01  0.00000e+00
0174  4.26936e+18  7.71220e-22  1.08363e-07  1.72651e+07  1.72495e-01  0.00000e+00
0175  4.28778e+18  7.37665e-22  1.06107e-07  1.75376e+07  1.73551e-01  0.00000e+00
0176  4.30619e+18  7.07494e-22  1.03952e-07  1.78008e+07  1.74560e-01  0.00000e+00
0177  4.32461e+18  6.80092e-22  1.01886e-07  1.80563e+07  1.75526e-01  0.00000e+00
0178  4.34302e+18  6.55000e-22  9.98991e-08  1.83047e+07  1.76455e-01  0.00000e+00
0179  4.36144e+18  6.31866e-22  9.79874e-08  1.85464e+07  1.77352e-01  0.00000e+00
0180  4.37986e+18  6.10405e-22  9.61469e-08  1.87816e+07  1.78224e-01  0.00000e+00
0181  4.39827e+18  5.90384e-22  9.43731e-08  1.90108e+07  1.79076e-01  0.00000e+00
0182  4.41669e+18  5.71634e-22  9.26615e-08  1.92344e+07  1.79914e-01  0.00000e+00
0183  4.43510e+18  5.53991e-22  9.10095e-08  1.94526e+07  1.80740e-01  0.00000e+00
0184  4.45352e+18  5.37291e-22  8.94071e-08  1.96669e+07  1.81557e-01  0.00000e+00
0185  4.47193e+18  5.21447e-22  8.78496e-08  1.98780e+07  1.82365e-01  0.00000e+00
0186  4.49035e+18  5.06410e-22  8.63366e-08  2.00855e+07  1.83165e-01  0.00000e+00
0187  4.50876e+18  4.92137e-22  8.48674e-08  2.02896e+07  1.83956e-01  0.00000e+00
0188  4.52718e+18  4.78591e-22  8.34411e-08  2.04901e+07  1.84737e-01  0.00000e+00
0189  4.54560e+18  4.65733e-22  8.20567e-08  2.06870e+07  1.85507e-01  0.00000e+00
0190  4.56401e+18  4.53526e-22  8.07129e-08  2.08804e+07  1.86263e-01  0.00000e+00
0191  4.58243e+18  4.41936e-22  7.94084e-08  2.10702e+07  1.87006e-01  0.00000e+00
0192  4.60084e+18  4.30921e-22  7.81419e-08  2.12566e+07  1.87734e-01  0.00000e+00
0193  4.61926e+18  4.20438e-22  7.69111e-08  2.14399e+07  1.88447e-01  0.00000e+00
0194  4.63767e+18  4.10449e-22  7.57134e-08  2.16202e+07  1.89144e-01  0.00000e+00
0195  4.65609e+18  4.00914e-22  7.45480e-08  2.17977e+07  1.89826e-01  0.00000e+00
0196  4.67450e+18  3.91799e-22  7.34129e-08  2.19727e+07  1.90493e-01  0.00000e+00
0197  4.69292e+18  3.83077e-22  7.23071e-08  2.21451e+07  1.91147e-01  0.00000e+00
0198  4.71134e+18  3.74721e-22  7.12302e-08  2.23150e+07  1.91787e-01  0.00000e+00
0199  4.72975e+18  3.66711e-22  7.01814e-08  2.24824e+07  1.92415e-01  0.00000e+00
0200  4.74817e+18  3.59024e-22  6.91603e-08  2.26472e+07  1.93032e-01  0.00000e+00
0201  4.76658e+18  3.51642e-22  6.81662e-08  2.28095e+07  1.93639e-01  0.00000e+00
0202  4.78500e+18  3.44547e-22  6.71986e-08  2.29691e+07  1.94238e-01  0.00000e+00
0203  4.80341e+18  3.37723e-22  6.62572e-08  2.31261e+07  1.94830e-01  0.00000e+00
0204  4.82183e+18  3.31155e-22  6.53416e-08  2.32805e+07  1.95415e-01  0.00000e+00
0205  4.84024e+18  3.24833e-22  6.44509e-08  2.34321e+07  1.95996e-01  0.00000e+00
0206  4.85866e+18  3.18740e-22  6.35856e-08  2.35810e+07  1.96573e-01  0.00000e+00
0207  4.87708e+18  3.12848e-22  6.27416e-08  2.37278e+07  1.97148e-01  0.00000e+00
0208  4.89549e+18  3.07141e-22  6.19168e-08  2.38730e+07  1.97721e-01  0.00000e+00
0209  4.91391e+18  3.01609e-22  6.11107e-08  2.40164e+07  1.98295e-01  0.00000e+00
0210  4.93232e+18  2.96245e-22  6.03232e-08  2.41581e+07  1.98870e-01  0.00000e+00
0211  4.95074e+18  2.91039e-22  5.95540e-08  2.42980e+07  1.99448e-01  0.00000e+00
0212  4.96915e+18  2.85985e-22  5.88026e-08  2.44361e+07  2.00030e-01  0.00000e+00
0213  4.98757e+18  2.81075e-22  5.80687e-08  2.45724e+07  2.00618e-01  0.00000e+00
0214  5.00598e+18  2.76301e-22  5.73518e-08  2.47068e+07  2.01212e-01  0.00000e+00
0215  5.02440e+18  2.71657e-22  5.66516e-08  2.48394e+07  2.01816e-01  0.00000e+00
0216  5.04282e+18  2.67136e-22  5.59676e-08  2.49701e+07  2.02429e-01  0.00000e+00
0217  5.06123e+18  2.62733e-22  5.52995e-08  2.50989e+07  2.03053e-01  0.00000e+00
0218  5.07965e+18  2.58443e-22  5.46472e-08  2.52258e+07  2.03688e-01  0.00000e+00
0219  5.09806e+18  2.54262e-22  5.40104e-08  2.53507e+07  2.04337e-01  0.00000e+00
0220  5.11648e+18  2.50185e-22  5.33887e-08  2.54736e+07  2.04998e-01  0.00000e+00
0221  5.13489e+18  2.46210e-22  5.27818e-08  2.55944e+07  2.05672e-01  0.00000e+00
0222  5.15331e+18  2.42334e-22  5.21893e-08  2.57133e+07  2.06359e-01  0.00000e+00
0223  5.17172e+18  2.38555e-22  5.16108e-08  2.58301e+07  2.07058e-01  0.00000e+00
0224  5.19014e+18  2.34870e-22  5.10458e-08  2.59449e+07  2.07766e-01  0.00000e+00
0225  5.20856e+18  2.31279e-22  5.04941e-08  2.60577e+07  2.08482e-01  0.00000e+00
0226  5.22697e+18  2.27780e-22  4.99549e-08  2.61687e+07  2.09204e-01  0.00000e+00
0227  5.24539e+18  2.24373e-22  4.94278e-08  2.62778e+07  2.09927e-01  0.00000e+00
0228  5.26380e+18  2.21060e-22  4.89124e-08  2.63852e+07  2.10648e-01  0.00000e+00
0229  5.28222e+18  2.17843e-22  4.84085e-08  2.64906e+07  2.11363e-01  0.00000e+00
0230  5.30063e+18  2.14722e-22  4.79159e-08  2.65943e+07  2.12068e-01  0.00000e+00
0231  5.31905e+18  2.11699e-22  4.74340e-08  2.66961e+07  2.12757e-01  0.00000e+00
0232  5.33746e+18  2.08774e-22  4.69627e-08  2.67961e+07  2.13427e-01  0.00000e+00
0233  5.35588e+18  2.05949e-22  4.65016e-08  2.68944e+07  2.14072e-01  0.00000e+00
0234  5.37430e+18  2.03222e-22  4.60504e-08  2.69909e+07  2.14690e-01  0.00000e+00
0235  5.39271e+18  2.00592e-22  4.56088e-08  2.70857e+07  2.15278e-01  0.00000e+00
0236  5.41113e+18  1.98056e-22  4.51766e-08  2.71788e+07  2.15833e-01  0.00000e+00
0237  5.42954e+18  1.95612e-22  4.47535e-08  2.72702e+07  2.16355e-01  0.00000e+00
0238  5.44796e+18  1.93256e-22  4.43393e-08  2.73599e+07  2.16843e-01  0.00000e+00
0239  5.46637e+18  1.90982e-22  4.39338e-08  2.74480e+07  2.17299e-01  0.00000e+00
0240  5.48479e+18  1.88786e-22  4.35368e-08  2.75344e+07  2.17725e-01  0.00000e+00
0241  5.50320e+18  1.86661e-22  4.31480e-08  2.76192e+07  2.18124e-01  0.00000e+00
0242  5.52162e+18  1.84601e-22  4.27675e-08  2.77023e+07  2.18499e-01  0.00000e+00
0243  5.54004e+18  1.82602e-22  4.23949e-08  2.77839e+07  2.18856e-01  0.00000e+00
0244  5.55845e+18  1.80656e-22  4.20301e-08  2.78638e+07  2.19198e-01  0.00000e+00
0245  5.57687e+18  1.78758e-22  4.16730e-08  2.79422e+07  2.19530e-01  0.00000e+00
0246  5.59528e+18  1.76904e-22  4.13233e-08  2.80190e+07  2.19857e-01  0.00000e+00
0247  5.61370e+18  1.75087e-22  4.09810e-08  2.80942e+07  2.20183e-01  0.00000e+00
0248  5.63211e+18  1.73305e-22  4.06457e-08  2.81680e+07  2.20511e-01  0.00000e+00
0249  5.65053e+18  1.71554e-22  4.03174e-08  2.82402e+07  2.20845e-01  0.00000e+00
0250  5.66894e+18  1.69831e-22  3.99958e-08  2.83109e+07  2.21188e-01  0.00000e+00
0251  5.68736e+18  1.68134e-22  3.96808e-08  2.83802e+07  2.21543e-01  0.00000e+00
0252  5.70578e+18  1.66461e-22  3.93722e-08  2.84481e+07  2.21910e-01  0.00000e+00
0253  5.72419e+18  1.64812e-22  3.90699e-08  2.85145e+07  2.22292e-01  0.00000e+00
0254  5.74261e+18  1.63186e-22  3.87739e-08  2.85795e+07  2.22689e-01  0.00000e+00
0255  5.76102e+18  1.61583e-22  3.84840e-08  2.86431e+07  2.23099e-01  0.00000e+00
0256  5.77944e+18  1.60005e-22  3.82003e-08  2.87052e+07  2.23524e-01  0.00000e+00
0257  5.79785e+18  1.58453e-22  3.79228e-08  2.87658e+07  2.23961e-01  0.00000e+00
0258  5.81627e+18  1.56927e-22  3.76513e-08  2.88250e+07  2.24407e-01  0.00000e+00
0259  5.83468e+18  1.55429e-22  3.73860e-08  2.88826e+07  2.24862e-01  0.00000e+00
0260  5.85310e+18  1.53962e-22  3.71265e-08  2.89388e+07  2.25321e-01  0.00000e+00
0261  5.87152e+18  1.52524e-22  3.68722e-08  2.89937e+07  2.25781e-01  0.00000e+00
0262  5.88993e+18  1.51118e-22  3.66232e-08  2.90472e+07  2.26239e-01  0.00000e+00
0263  5.90835e+18  1.49749e-22  3.63805e-08  2.90991e+07  2.26690e-01  0.00000e+00
0264  5.92676e+18  1.48417e-22  3.61439e-08  2.91493e+07  2.27132e-01  0.00000e+00
0265  5.94518e+18  1.47121e-22  3.59126e-08  2.91982e+07  2.27561e-01  0.00000e+00
0266  5.96359e+18  1.45861e-22  3.56862e-08  2.92458e+07  2.27973e-01  0.00000e+00
0267  5.98201e+18  1.44638e-22  3.54645e-08  2.92923e+07  2.28365e-01  0.00000e+00
0268  6.00043e+18  1.43453e-22  3.52473e-08  2.93376e+07  2.28735e-01  0.00000e+00
0269  6.01884e+18  1.42303e-22  3.50345e-08  2.93818e+07  2.29082e-01  0.00000e+00
0270  6.03726e+18  1.41190e-22  3.48260e-08  2.94248e+07  2.29405e-01  0.00000e+00
0271  6.05567e+18  1.40113e-22  3.46217e-08  2.94668e+07  2.29703e-01  0.00000e+00
0272  6.07409e+18  1.39069e-22  3.44217e-08  2.95076e+07  2.29978e-01  0.00000e+00
0273  6.09250e+18  1.38058e-22  3.42260e-08  2.95473e+07  2.30231e-01  0.00000e+00
0274  6.11092e+18  1.37077e-22  3.40344e-08  2.95858e+07  2.30463e-01  0.00000e+00
0275  6.12933e+18  1.36125e-22  3.38470e-08  2.96232e+07  2.30679e-01  0.00000e+00
0276  6.14775e+18  1.35200e-22  3.36637e-08  2.96594e+07  2.30881e-01  0.00000e+00
0277  6.16617e+18  1.34298e-22  3.34844e-08  2.96945e+07  2.31072e-01  0.00000e+00
0278  6.18458e+18  1.33417e-22  3.33090e-08  2.97285e+07  2.31255e-01  0.00000e+00
0279  6.20300e+18  1.32556e-22  3.31373e-08  2.97615e+07  2.31435e-01  0.00000e+00
0280  6.22141e+18  1.31711e-22  3.29692e-08  2.97934e+07  2.31614e-01  0.00000e+00
0281  6.23983e+18  1.30881e-22  3.28045e-08  2.98243e+07  2.31794e-01  0.00000e+00
0282  6.25824e+18  1.30064e-22  3.26430e-08  2.98543e+07  2.31980e-01  0.00000e+00
0283  6.27666e+18  1.29258e-22  3.24847e-08  2.98834e+07  2.32172e-01  0.00000e+00
0284  6.29507e+18  1.28462e-22  3.23293e-08  2.99116e+07  2.32374e-01  0.00000e+00
0285  6.31349e+18  1.27674e-22  3.21767e-08  2.99390e+07  2.32585e-01  0.00000e+00
0286  6.33191e+18  1.26892e-22  3.20270e-08  2.99656e+07  2.32808e-01  0.00000e+00
0287  6.35032e+18  1.26117e-22  3.18800e-08  2.99914e+07  2.33044e-01  0.00000e+00
0288  6.36874e+18  1.25348e-22  3.17358e-08  3.00163e+07  2.33292e-01  0.00000e+00
0289  6.38715e+18  1.24586e-22  3.15946e-08  3.00403e+07  2.33552e-01  0.00000e+00
0290  6.40557e+18  1.23833e-22  3.14563e-08  3.00635e+07  2.33823e-01  0.00000e+00
0291  6.42398e+18  1.23093e-22  3.13209e-08  3.00858e+07  2.34105e-01  0.00000e+00
0292  6.44240e+18  1.22366e-22  3.11887e-08  3.01070e+07  2.34396e-01  0.00000e+00
0293  6.46081e+18  1.21652e-22  3.10594e-08  3.01272e+07  2.34695e-01  0.00000e+00
0294  6.47923e+18  1.20951e-22  3.09332e-08  3.01464e+07  2.35001e-01  0.00000e+00
0295  6.49765e+18  1.20263e-22  3.08098e-08  3.01646e+07  2.35313e-01  0.00000e+00
0296  6.51606e+18  1.19586e-22  3.06892e-08  3.01819e+07  2.35629e-01  0.00000e+00
0297  6.53448e+18  1.18923e-22  3.05712e-08  3.01983e+07  2.35948e-01  0.00000e+00
0298  6.55289e+18  1.18271e-22  3.04556e-08  3.02138e+07  2.36270e-01  0.00000e+00
0299  6.57131e+18  1.17632e-22  3.03425e-08  3.02284e+07  2.36593e-01  0.00000e+00
0300  6.58972e+18  1.17005e-22  3.02316e-08  3.02423e+07  2.36917e-01  0.00000e+00
0301  6.60814e+18  1.16389e-22  3.01230e-08  3.02553e+07  2.37242e-01  0.00000e+00
0302  6.62655e+18  1.15786e-22  3.00165e-08  3.02676e+07  2.37568e-01  0.00000e+00
0303  6.64497e+18  1.15194e-22  2.99123e-08  3.02790e+07  2.37894e-01  0.00000e+00
0304  6.66339e+18  1.14614e-22  2.98104e-08  3.02896e+07  2.38221e-01  0.00000e+00
0305  6.68180e+18  1.14046e-22  2.97109e-08  3.02992e+07  2.38549e-01  0.00000e+00
0306  6.70022e+18  1.13489e-22  2.96141e-08  3.03078e+07  2.38878e-01  0.00000e+00
0307  6.71863e+18  1.12944e-22  2.95199e-08  3.03153e+07  2.39208e-01  0.00000e+00
0308  6.73705e+18  1.12409e-22  2.94281e-08  3.03219e+07  2.39541e-01  0.00000e+00
0309  6.75546e+18  1.11884e-22  2.93385e-08  3.03277e+07  2.39876e-01  0.00000e+00
0310  6.77388e+18  1.11368e-22  2.92506e-08  3.03327e+07  2.40213e-01  0.00000e+00
0311  6.79229e+18  1.10860e-22  2.91641e-08  3.03372e+07  2.40554e-01  0.00000e+00
0312  6.81071e+18  1.10357e-22  2.90786e-08  3.03414e+07  2.40898e-01  0.00000e+00
0313  6.82913e+18  1.09860e-22  2.89936e-08  3.03453e+07  2.41246e-01  0.00000e+00
0314  6.84754e+18  1.09368e-22  2.89090e-08  3.03491e+07  2.41597e-01  0.00000e+00
0315  6.86596e+18  1.08881e-22  2.88245e-08  3.03529e+07  2.41952e-01  0.00000e+00
0316  6.88437e+18  1.08397e-22  2.87404e-08  3.03566e+07  2.42310e-01  0.00000e+00
0317  6.90279e+18  1.07919e-22  2.86569e-08  3.03600e+07  2.42672e-01  0.00000e+00
0318  6.92120e+18  1.07447e-22  2.85742e-08  3.03632e+07  2.43037e-01  0.00000e+00
0319  6.93962e+18  1.06981e-22  2.84928e-08  3.03657e+07  2.43405e-01  0.00000e+00
0320  6.95803e+18  1.06522e-22  2.84128e-08  3.03677e+07  2.43776e-01  0.00000e+00
0321  6.97645e+18  1.06073e-22  2.83352e-08  3.03689e+07  2.44151e-01  0.00000e+00
0322  6.99487e+18  1.05629e-22  2.82587e-08  3.03690e+07  2.44528e-01  0.00000e+00
0323  7.01328e+18  1.05194e-22  2.81841e-08  3.03684e+07  2.44908e-01  0.00000e+00
0324  7.03170e+18  1.04768e-22  2.81124e-08  3.03667e+07  2.45291e-01  0.00000e+00
0325  7.05011e+18  1.04353e-22  2.80436e-08  3.03637e+07  2.45676e-01  0.00000e+00
0326  7.06853e+18  1.03949e-22  2.79780e-08  3.03592e+07  2.46063e-01  0.00000e+00
0327  7.08694e+18  1.03556e-22  2.79158e-08  3.03531e+07  2.46454e-01  0.00000e+00
0328  7.10536e+18  1.03174e-22  2.78572e-08  3.03453e+07  2.46846e-01  0.00000e+00
0329  7.12378e+18  1.02804e-22  2.78022e-08  3.03358e+07  2.47242e-01  0.00000e+00
0330  7.14219e+18  1.02445e-22  2.77507e-08  3.03247e+07  2.47639e-01  0.00000e+00
0331  7.16061e+18  1.02096e-22  2.77020e-08  3.03122e+07  2.48040e-01  0.00000e+00
0332  7.17902e+18  1.01753e-22  2.76552e-08  3.02988e+07  2.48443e-01  0.00000e+00
0333  7.19744e+18  1.01415e-22  2.76092e-08  3.02850e+07  2.48848e-01  0.00000e+00
0334  7.21585e+18  1.01077e-22  2.75630e-08  3.02712e+07  2.49256e-01  0.00000e+00
0335  7.23427e+18  1.00741e-22  2.75159e-08  3.02577e+07  2.49666e-01  0.00000e+00
0336  7.25268e+18  1.00403e-22  2.74673e-08  3.02449e+07  2.50078e-01  0.00000e+00
0337  7.27110e+18  1.00065e-22  2.74172e-08  3.02327e+07  2.50492e-01  0.00000e+00
0338  7.28952e+18  9.97263e-23  2.73655e-08  3.02211e+07  2.50908e-01  0.00000e+00
0339  7.30793e+18  9.93885e-23  2.73123e-08  3.02102e+07  2.51326e-01  0.00000e+00
0340  7.32635e+18  9.90516e-23  2.72577e-08  3.01999e+07  2.51745e-01  0.00000e+00
0341  7.34476e+18  9.87155e-23  2.72017e-08  3.01903e+07  2.52164e-01  0.00000e+00
0342  7.36318e+18  9.83798e-23  2.71441e-08  3.01812e+07  2.52585e-01  0.00000e+00
0343  7.38159e+18  9.80434e-23  2.70847e-08  3.01730e+07  2.53007e-01  0.00000e+00
0344  7.40001e+18  9.77054e-23  2.70231e-08  3.01658e+07  2.53431e-01  0.00000e+00
0345  7.41842e+18  9.73645e-23  2.69589e-08  3.01597e+07  2.53855e-01  0.00000e+00
0346  7.43684e+18  9.70202e-23  2.68917e-08  3.01550e+07  2.54280e-01  0.00000e+00
0347  7.45526e+18  9.66724e-23  2.68217e-08  3.01517e+07  2.54706e-01  0.00000e+00
0348  7.47367e+18  9.63228e-23  2.67495e-08  3.01494e+07  2.55133e-01  0.00000e+00
0349  7.49209e+18  9.59706e-23  2.66748e-08  3.01479e+07  2.55562e-01  0.00000e+00
0350  7.51050e+18  9.56169e-23  2.65981e-08  3.01480e+07  2.55991e-01  0.00000e+00
0351  7.52892e+18  9.52622e-23  2.65196e-08  3.01486e+07  2.56421e-01  0.00000e+00
0352  7.54733e+18  9.49068e-23  2.64397e-08  3.01499e+07  2.56852e-01  0.00000e+00
0353  7.56575e+18  9.45507e-23  2.63582e-08  3.01519e+07  2.57284e-01  0.00000e+00
0354  7.58416e+18  9.41935e-23  2.62751e-08  3.01548e+07  2.57718e-01  0.00000e+00
0355  7.60258e+18  9.38355e-23  2.61904e-08  3.01583e+07  2.58152e-01  0.00000e+00
0356  7.62100e+18  9.34771e-23  2.61045e-08  3.01626e+07  2.58589e-01  0.00000e+00
0357  7.63941e+18  9.31186e-23  2.60175e-08  3.01673e+07  2.59026e-01  0.00000e+00
0358  7.65783e+18  9.27602e-23  2.59294e-08  3.01727e+07  2.59465e-01  0.00000e+00
0359  7.67624e+18  9.24018e-23  2.58404e-08  3.01785e+07  2.59906e-01  0.00000e+00
0360  7.69466e+18  9.20432e-23  2.57503e-08  3.01849e+07  2.60349e-01  0.00000e+00
0361  7.71307e+18  9.16845e-23  2.56591e-08  3.01919e+07  2.60793e-01  0.00000e+00
0362  7.73149e+18  9.13256e-23  2.55670e-08  3.01994e+07  2.61238e-01  0.00000e+00
0363  7.74990e+18  9.09668e-23  2.54739e-08  3.02074e+07  2.61685e-01  0.00000e+00
0364  7.76832e+18  9.06081e-23  2.53799e-08  3.02160e+07  2.62134e-01  0.00000e+00
0365  7.78674e+18  9.02496e-23  2.52851e-08  3.02251e+07  2.62585e-01  0.00000e+00
0366  7.80515e+18  8.98916e-23  2.51896e-08  3.02347e+07  2.63037e-01  0.00000e+00
0367  7.82357e+18  8.95341e-23  2.50935e-08  3.02447e+07  2.63490e-01  0.00000e+00
0368  7.84198e+18  8.91772e-23  2.49968e-08  3.02552e+07  2.63944e-01  0.00000e+00
0369  7.86040e+18  8.88211e-23  2.48996e-08  3.02661e+07  2.64400e-01  0.00000e+00
0370  7.87881e+18  8.84659e-23  2.48019e-08  3.02774e+07  2.64858e-01  0.00000e+00
0371  7.89723e+18  8.81117e-23  2.47038e-08  3.02891e+07  2.65316e-01  0.00000e+00
0372  7.91564e+18  8.77585e-23  2.46054e-08  3.03012e+07  2.65775e-01  0.00000e+00
0373  7.93406e+18  8.74066e-23  2.45066e-08  3.03136e+07  2.66236e-01  0.00000e+00
0374  7.95248e+18  8.70558e-23  2.44077e-08  3.03264e+07  2.66698e-01  0.00000e+00
0375  7.97089e+18  8.67063e-23  2.43085e-08  3.03395e+07  2.67160e-01  0.00000e+00
0376  7.98931e+18  8.63583e-23  2.42091e-08  3.03529e+07  2.67624e-01  0.00000e+00
0377  8.00772e+18  8.60118e-23  2.41097e-08  3.03667e+07  2.68088e-01  0.00000e+00
0378  8.02614e+18  8.56669e-23  2.40103e-08  3.03807e+07  2.68554e-01  0.00000e+00
0379  8.04455e+18  8.53238e-23  2.39109e-08  3.03950e+07  2.69020e-01  0.00000e+00
0380  8.06297e+18  8.49827e-23  2.38117e-08  3.04095e+07  2.69488e-01  0.00000e+00
0381  8.08139e+18  8.46437e-23  2.37128e-08  3.04244e+07  2.69956e-01  0.00000e+00
0382  8.09980e+18  8.43069e-23  2.36142e-08  3.04394e+07  2.70426e-01  0.00000e+00
0383  8.11822e+18  8.39725e-23  2.35160e-08  3.04548e+07  2.70897e-01  0.00000e+00
0384  8.13663e+18  8.36407e-23  2.34183e-08  3.04703e+07  2.71368e-01  0.00000e+00
0385  8.15505e+18  8.33114e-23  2.33211e-08  3.04861e+07  2.71841e-01  0.00000e+00
0386  8.17346e+18  8.29849e-23  2.32245e-08  3.05021e+07  2.72315e-01  0.00000e+00
0387  8.19188e+18  8.26611e-23  2.31286e-08  3.05183e+07  2.72791e-01  0.00000e+00
0388  8.21029e+18  8.23402e-23  2.30334e-08  3.05347e+07  2.73267e-01  0.00000e+00
0389  8.22871e+18  8.20222e-23  2.29388e-08  3.05513e+07  2.73745e-01  0.00000e+00
0390  8.24713e+18  8.17071e-23  2.28451e-08  3.05681e+07  2.74225e-01  0.00000e+00
0391  8.26554e+18  8.13949e-23  2.27521e-08  3.05851e+07  2.74705e-01  0.00000e+00
0392  8.28396e+18  8.10857e-23  2.26599e-08  3.06023e+07  2.75187e-01  0.00000e+00
0393  8.30237e+18  8.07794e-23  2.25685e-08  3.06197e+07  2.75671e-01  0.00000e+00
0394  8.32079e+18  8.04759e-23  2.24778e-08  3.06372e+07  2.76155e-01  0.00000e+00
0395  8.33920e+18  8.01753e-23  2.23879e-08  3.06550e+07  2.76642e-01  0.00000e+00
0396  8.35762e+18  7.98774e-23  2.22987e-08  3.06729e+07  2.77129e-01  0.00000e+00
0397  8.37603e+18  7.95823e-23  2.22103e-08  3.06909e+07  2.77618e-01  0.00000e+00
0398  8.39445e+18  7.92897e-23  2.21225e-08  3.07090e+07  2.78109e-01  0.00000e+00
0399  8.41287e+18  7.89998e-23  2.20354e-08  3.07273e+07  2.78601e-01  0.00000e+00
0400  8.43128e+18  7.87123e-23  2.19489e-08  3.07456e+07  2.79094e-01  0.00000e+00
0401  8.44970e+18  7.84274e-23  2.18631e-08  3.07641e+07  2.79589e-01  0.00000e+00
0402  8.46811e+18  7.81448e-23  2.17778e-08  3.07825e+07  2.80085e-01  0.00000e+00
0403  8.48653e+18  7.78646e-23  2.16932e-08  3.08010e+07  2.80583e-01  0.00000e+00
0404  8.50494e+18  7.75867e-23  2.16091e-08  3.08196e+07  2.81082e-01  0.00000e+00
0405  8.52336e+18  7.73111e-23  2.15256e-08  3.08381e+07  2.81583e-01  0.00000e+00
0406  8.54177e+18  7.70378e-23  2.14427e-08  3.08567e+07  2.82085e-01  0.00000e+00
0407  8.56019e+18  7.67667e-23  2.13603e-08  3.08752e+07  2.82588e-01  0.00000e+00
0408  8.57861e+18  7.64978e-23  2.12785e-08  3.08937e+07  2.83094e-01  0.00000e+00
0409  8.59702e+18  7.62311e-23  2.11972e-08  3.09122e+07  2.83601e-01  0.00000e+00
0410  8.61544e+18  7.59666e-23  2.11166e-08  3.09307e+07  2.84110e-01  0.00000e+00
0411  8.63385e+18  7.57042e-23  2.10365e-08  3.09491e+07  2.84621e-01  0.00000e+00
0412  8.65227e+18  7.54440e-23  2.09570e-08  3.09674e+07  2.85134e-01  0.00000e+00
0413  8.67068e+18  7.51859e-23  2.08780e-08  3.09857e+07  2.85648e-01  0.00000e+00
0414  8.68910e+18  7.49299e-23  2.07996e-08  3.10039e+07  2.86165e-01  0.00000e+00
0415  8.70751e+18  7.46760e-23  2.07218e-08  3.10220e+07  2.86684e-01  0.00000e+00
0416  8.72593e+18  7.44240e-23  2.06445e-08  3.10400e+07  2.87205e-01  0.00000e+00
0417  8.74435e+18  7.41741e-23  2.05678e-08  3.10579e+07  2.87729e-01  0.00000e+00
0418  8.76276e+18  7.39261e-23  2.04916e-08  3.10757e+07  2.88255e-01  0.00000e+00
0419  8.78118e+18  7.36800e-23  2.04159e-08  3.10933e+07  2.88784e-01  0.00000e+00
0420  8.79959e+18  7.34358e-23  2.03408e-08  3.11108e+07  2.89315e-01  0.00000e+00
0421  8.81801e+18  7.31935e-23  2.02662e-08  3.11282e+07  2.89849e-01  0.00000e+00
0422  8.83642e+18  7.29531e-23  2.01921e-08  3.11454e+07  2.90386e-01  0.00000e+00
0423  8.85484e+18  7.27146e-23  2.01186e-08  3.11624e+07  2.90926e-01  0.00000e+00
0424  8.87326e+18  7.24778e-23  2.00457e-08  3.11792e+07  2.91469e-01  0.00000e+00
0425  8.89167e+18  7.22429e-23  1.99732e-08  3.11958e+07  2.92015e-01  0.00000e+00
0426  8.91009e+18  7.20097e-23  1.99013e-08  3.12122e+07  2.92564e-01  0.00000e+00
0427  8.92850e+18  7.17782e-23  1.98299e-08  3.12283e+07  2.93116e-01  0.00000e+00
0428  8.94692e+18  7.15484e-23  1.97589e-08  3.12443e+07  2.93671e-01  0.00000e+00
0429  8.96533e+18  7.13202e-23  1.96884e-08  3.12600e+07  2.94230e-01  0.00000e+00
0430  8.98375e+18  7.10935e-23  1.96183e-08  3.12755e+07  2.94792e-01  0.00000e+00
0431  9.00216e+18  7.08682e-23  1.95486e-08  3.12907e+07  2.95357e-01  0.00000e+00
0432  9.02058e+18  7.06444e-23  1.94793e-08  3.13057e+07  2.95926e-01  0.00000e+00
0433  9.03900e+18  7.04218e-23  1.94103e-08  3.13206e+07  2.96498e-01  0.00000e+00
0434  9.05741e+18  7.02005e-23  1.93416e-08  3.13352e+07  2.97074e-01  0.00000e+00
0435  9.07583e+18  6.99805e-23  1.92732e-08  3.13496e+07  2.97653e-01  0.00000e+00
0436  9.09424e+18  6.97615e-23  1.92051e-08  3.13639e+07  2.98236e-01  0.00000e+00
0437  9.11266e+18  6.95437e-23  1.91373e-08  3.13779e+07  2.98823e-01  0.00000e+00
0438  9.13107e+18  6.93270e-23  1.90697e-08  3.13918e+07  2.99413e-01  0.00000e+00
0439  9.14949e+18  6.91115e-23  1.90024e-08  3.14055e+07  3.00007e-01  0.00000e+00
0440  9.16790e+18  6.88970e-23  1.89353e-08  3.14190e+07  3.00604e-01  0.00000e+00
0441  9.18632e+18  6.86836e-23  1.88686e-08  3.14324e+07  3.01206e-01  0.00000e+00
0442  9.20474e+18  6.84714e-23  1.88021e-08  3.14456e+07  3.01811e-01  0.00000e+00
0443  9.22315e+18  6.82603e-23  1.87359e-08  3.14586e+07  3.02420e-01  0.00000e+00
0444  9.24157e+18  6.80505e-23  1.86700e-08  3.14715e+07  3.03032e-01  0.00000e+00
0445  9.25998e+18  6.78419e-23  1.86045e-08  3.14842e+07  3.03649e-01  0.00000e+00
0446  9.27840e+18  6.76345e-23  1.85393e-08  3.14968e+07  3.04269e-01  0.00000e+00
0447  9.29681e+18  6.74286e-23  1.84746e-08  3.15093e+07  3.04893e-01  0.00000e+00
0448  9.31523e+18  6.72239e-23  1.84102e-08  3.15216e+07  3.05520e-01  0.00000e+00
0449  9.33364e+18  6.70206e-23  1.83463e-08  3.15338e+07  3.06152e-01  0.00000e+00
0450  9.35206e+18  6.68188e-23  1.82828e-08  3.15459e+07  3.06787e-01  0.00000e+00
0451  9.37048e+18  6.66183e-23  1.82198e-08  3.15579e+07  3.07426e-01  0.00000e+00
0452  9.38889e+18  6.64193e-23  1.81573e-08  3.15698e+07  3.08068e-01  0.00000e+00
0453  9.40731e+18  6.62218e-23  1.80953e-08  3.15816e+07  3.08714e-01  0.00000e+00
0454  9.42572e+18  6.60258e-23  1.80338e-08  3.15934e+07  3.09364e-01  0.00000e+00
0455  9.44414e+18  6.58313e-23  1.79728e-08  3.16051e+07  3.10017e-01  0.00000e+00
0456  9.46255e+18  6.56384e-23  1.79124e-08  3.16168e+07  3.10673e-01  0.00000e+00
0457  9.48097e+18  6.54472e-23  1.78525e-08  3.16285e+07  3.11332e-01  0.00000e+00
0458  9.49939e+18  6.52577e-23  1.77931e-08  3.16401e+07  3.11993e-01  0.00000e+00
0459  9.51780e+18  6.50700e-23  1.77343e-08  3.16517e+07  3.12657e-01  0.00000e+00
0460  9.53622e+18  6.48842e-23  1.76761e-08  3.16634e+07  3.13324e-01  0.00000e+00
0461  9.55463e+18  6.47004e-23  1.76183e-08  3.16750e+07  3.13991e-01  0.00000e+00
0462  9.57305e+18  6.45186e-23  1.75612e-08  3.16867e+07  3.14661e-01  0.00000e+00
0463  9.59146e+18  6.43388e-23  1.75046e-08  3.16985e+07  3.15331e-01  0.00000e+00
0464  9.60988e+18  6.41610e-23  1.74485e-08  3.17103e+07  3.16003e-01  0.00000e+00
0465  9.62829e+18  6.39853e-23  1.73929e-08  3.17221e+07  3.16676e-01  0.00000e+00
0466  9.64671e+18  6.38116e-23  1.73378e-08  3.17339e+07  3.17349e-01  0.00000e+00
0467  9.66513e+18  6.36398e-23  1.72832e-08  3.17458e+07  3.18024e-01  0.00000e+00
0468  9.68354e+18  6.34700e-23  1.72291e-08  3.17577e+07  3.18699e-01  0.00000e+00
0469  9.70196e+18  6.33020e-23  1.71754e-08  3.17696e+07  3.19376e-01  0.00000e+00
0470  9.72037e+18  6.31359e-23  1.71222e-08  3.17815e+07  3.20054e-01  0.00000e+00
0471  9.73879e+18  6.29715e-23  1.70694e-08  3.17934e+07  3.20733e-01  0.00000e+00
0472  9.75720e+18  6.28089e-23  1.70171e-08  3.18053e+07  3.21414e-01  0.00000e+00
0473  9.77562e+18  6.26480e-23  1.69652e-08  3.18172e+07  3.22097e-01  0.00000e+00
0474  9.79403e+18  6.24889e-23  1.69137e-08  3.18290e+07  3.22782e-01  0.00000e+00
0475  9.81245e+18  6.23314e-23  1.68627e-08  3.18408e+07  3.23470e-01  0.00000e+00
0476  9.83087e+18  6.21756e-23  1.68121e-08  3.18526e+07  3.24160e-01  0.00000e+00
0477  9.84928e+18  6.20214e-23  1.67620e-08  3.18643e+07  3.24854e-01  0.00000e+00
0478  9.86770e+18  6.18688e-23  1.67123e-08  3.18760e+07  3.25551e-01  0.00000e+00
0479  9.88611e+18  6.17177e-23  1.66630e-08  3.18875e+07  3.26252e-01  0.00000e+00
0480  9.90453e+18  6.15680e-23  1.66141e-08  3.18990e+07  3.26957e-01  0.00000e+00
0481  9.92294e+18  6.14196e-23  1.65656e-08  3.19103e+07  3.27667e-01  0.00000e+00
0482  9.94136e+18  6.12725e-23  1.65175e-08  3.19215e+07  3.28381e-01  0.00000e+00
0483  9.95977e+18  6.11264e-23  1.64698e-08  3.19325e+07  3.29102e-01  0.00000e+00
0484  9.97819e+18  6.09815e-23  1.64224e-08  3.19434e+07  3.29828e-01  0.00000e+00
0485  9.99661e+18  6.08376e-23  1.63754e-08  3.19541e+07  3.30560e-01  0.00000e+00
0486  1.00150e+19  6.06946e-23  1.63287e-08  3.19646e+07  3.31299e-01  0.00000e+00
0487  1.00334e+19  6.05526e-23  1.62823e-08  3.19750e+07  3.32044e-01  0.00000e+00
0488  1.00519e+19  6.04115e-23  1.62363e-08  3.19852e+07  3.32797e-01  0.00000e+00
0489  1.00703e+19  6.02712e-23  1.61906e-08  3.19952e+07  3.33556e-01  0.00000e+00
0490  1.00887e+19  6.01319e-23  1.61453e-08  3.20051e+07  3.34323e-01  0.00000e+00
0491  1.01071e+19  5.99934e-23  1.61003e-08  3.20149e+07  3.35098e-01  0.00000e+00
0492  1.01255e+19  5.98558e-23  1.60557e-08  3.20245e+07  3.35881e-01  0.00000e+00
0493  1.01439e+19  5.97189e-23  1.60113e-08  3.20339e+07  3.36673e-01  0.00000e+00
0494  1.01623e+19  5.95827e-23  1.59673e-08  3.20432e+07  3.37473e-01  0.00000e+00
0495  1.01808e+19  5.94472e-23  1.59236e-08  3.20524e+07  3.38284e-01  0.00000e+00
0496  1.01992e+19  5.93122e-23  1.58802e-08  3.20613e+07  3.39104e-01  0.00000e+00
0497  1.02176e+19  5.91776e-23  1.58371e-08  3.20701e+07  3.39935e-01  0.00000e+00
0498  1.02360e+19  5.90433e-23  1.57942e-08  3.20787e+07  3.40778e-01  0.00000e+00
0499  1.02544e+19  5.89092e-23  1.57516e-08  3.20870e+07  3.41632e-01  0.00000e+00
0500  1.02728e+19  5.87753e-23  1.57092e-08  3.20952e+07  3.42500e-01  0.00000e+00
0501  1.02913e+19  5.86413e-23  1.56670e-08  3.21032e+07  3.43380e-01  0.00000e+00
0502  1.03097e+19  5.85074e-23  1.56250e-08  3.21111e+07  3.44275e-01  0.00000e+00
0503  1.03281e+19  5.83733e-23  1.55832e-08  3.21189e+07  3.45184e-01  0.00000e+00
0504  1.03465e+19  5.82390e-23  1.55416e-08  3.21265e+07  3.46108e-01  0.00000e+00
0505  1.03649e+19  5.81046e-23  1.55003e-08  3.21341e+07  3.47048e-01  0.00000e+00
0506  1.03833e+19  5.79701e-23  1.54592e-08  3.21417e+07  3.48003e-01  0.00000e+00
0507  1.04017e+19  5.78355e-23  1.54183e-08  3.21492e+07  3.48975e-01  0.00000e+00
0508  1.04202e+19  5.77009e-23  1.53778e-08  3.21567e+07  3.49964e-01  0.00000e+00
0509  1.04386e+19  5.75662e-23  1.53376e-08  3.21642e+07  3.50969e-01  0.00000e+00
0510  1.04570e+19  5.74316e-23  1.52977e-08  3.21717e+07  3.51992e-01  0.00000e+00
0511  1.04754e+19  5.72972e-23  1.52581e-08  3.21790e+07  3.53030e-01  0.00000e+00
0512  1.04938e+19  5.71629e-23  1.52189e-08  3.21863e+07  3.54085e-01  0.00000e+00
0513  1.05122e+19  5.70289e-23  1.51800e-08  3.21934e+07  3.55156e-01  0.00000e+00
0514  1.05307e+19  5.68953e-23  1.51415e-08  3.22003e+07  3.56243e-01  0.00000e+00
0515  1.05491e+19  5.67621e-23  1.51033e-08  3.22070e+07  3.57344e-01  0.00000e+00
0516  1.05675e+19  5.66294e-23  1.50654e-08  3.22135e+07  3.58460e-01  0.00000e+00
0517  1.05859e+19  5.64974e-23  1.50279e-08  3.22198e+07  3.59588e-01  0.00000e+00
0518  1.06043e+19  5.63662e-23  1.49907e-08  3.22258e+07  3.60729e-01  0.00000e+00
0519  1.06227e+19  5.62358e-23  1.49538e-08  3.22316e+07  3.61882e-01  0.00000e+00
0520  1.06412e+19  5.61064e-23  1.49172e-08  3.22371e+07  3.63045e-01  0.00000e+00
0521  1.06596e+19  5.59782e-23  1.48810e-08  3.22426e+07  3.64218e-01  0.00000e+00
0522  1.06780e+19  5.58511e-23  1.48450e-08  3.22478e+07  3.65400e-01  0.00000e+00
0523  1.06964e+19  5.57253e-23  1.48093e-08  3.22531e+07  3.66591e-01  0.00000e+00
0524  1.07148e+19  5.56008e-23  1.47739e-08  3.22582e+07  3.67789e-01  0.00000e+00
0525  1.07332e+19  5.54775e-23  1.47387e-08  3.22634e+07  3.68994e-01  0.00000e+00
0526  1.07516e+19  5.53554e-23  1.47037e-08  3.22686e+07  3.70207e-01  0.00000e+00
0527  1.07701e+19  5.52345e-23  1.46688e-08  3.22739e+07  3.71427e-01  0.00000e+00
0528  1.07885e+19  5.51145e-23  1.46341e-08  3.22792e+07  3.72655e-01  0.00000e+00
0529  1.08069e+19  5.49953e-23  1.45995e-08  3.22847e+07  3.73891e-01  0.00000e+00
0530  1.08253e+19  5.48767e-23  1.45648e-08  3.22902e+07  3.75137e-01  0.00000e+00
0531  1.08437e+19  5.47586e-23  1.45302e-08  3.22959e+07  3.76393e-01  0.00000e+00
0532  1.08621e+19  5.46406e-23  1.44954e-08  3.23017e+07  3.77662e-01  0.00000e+00
0533  1.08806e+19  5.45227e-23  1.44606e-08  3.23075e+07  3.78945e-01  0.00000e+00
0534  1.08990e+19  5.44045e-23  1.44257e-08  3.23136e+07  3.80244e-01  0.00000e+00
0535  1.09174e+19  5.42857e-23  1.43907e-08  3.23198e+07  3.81561e-01  0.00000e+00
0536  1.09358e+19  5.41656e-23  1.43555e-08  3.23261e+07  3.82900e-01  0.00000e+00
0537  1.09542e+19  5.40430e-23  1.43203e-08  3.23327e+07  3.84263e-01  0.00000e+00
0538  1.09726e+19  5.39155e-23  1.42850e-08  3.23395e+07  3.85656e-01  0.00000e+00
0539  1.09910e+19  5.37797e-23  1.42496e-08  3.23464e+07  3.87086e-01  0.00000e+00
0540  1.10095e+19  5.36313e-23  1.42142e-08  3.23537e+07  3.88562e-01  0.00000e+00
0541  1.10279e+19  5.34655e-23  1.41787e-08  3.23611e+07  3.90099e-01  0.00000e+00
0542  1.10463e+19  5.32817e-23  1.41432e-08  3.23688e+07  3.91716e-01  0.00000e+00
0543  1.10647e+19  5.30949e-23  1.41076e-08  3.23767e+07  3.93444e-01  0.00000e+00
0544  1.10831e+19  5.29527e-23  1.40720e-08  3.23849e+07  3.95325e-01  0.00000e+00
0545  1.11015e+19  5.29006e-23  1.40363e-08  3.23932e+07  3.97402e-01  0.00000e+00
0546  1.11200e+19  5.28981e-23  1.40003e-08  3.24018e+07  3.99676e-01  0.00000e+00
0547  1.11384e+19  5.29050e-23  1.39642e-08  3.24107e+07  4.01956e-01  0.00000e+00
0548  1.11568e+19  5.29345e-23  1.39278e-08  3.24198e+07  4.03659e-01  0.00000e+00
0549  1.11752e+19  5.30097e-23  1.38911e-08  3.24292e+07  4.04262e-01  0.00000e+00
0550  1.11936e+19  5.31614e-23  1.38542e-08  3.24388e+07  4.04287e-01  0.00000e+00
0551  1.12120e+19  5.34304e-23  1.38168e-08  3.24488e+07  4.04215e-01  0.00000e+00
0552  1.12305e+19  5.38624e-23  1.37794e-08  3.24590e+07  4.03927e-01  0.00000e+00
0553  1.12489e+19  5.45509e-23  1.37400e-08  3.24701e+07  4.03200e-01  0.00000e+00
0554  1.12673e+19  5.54074e-23  1.37051e-08  3.24799e+07  4.02059e-01  0.00000e+00
0555  1.12857e+19  5.79267e-23  1.36399e-08  3.25008e+07  3.97629e-01  0.00000e+00
