# Athena++ data at time=5.970000e+12  cycle=400050676  variables=uov 
# i       x1v         user_out_var0          user_out_var1          user_out_var2          user_out_var3          user_out_var4          user_out_var5      
0002  1.13875e+18  4.91745e+00  3.03478e+04  5.59999e-16  0.00000e+00  0.00000e+00  3.02826e-05
0003  1.15716e+18  1.03218e+01  4.00224e+04  8.70682e-17  0.00000e+00  0.00000e+00  2.93264e-05
0004  1.17558e+18  1.54636e+01  4.91676e+04  4.30157e-17  0.00000e+00  0.00000e+00  2.84148e-05
0005  1.19399e+18  2.23004e+01  6.13414e+04  6.27746e-17  0.00000e+00  0.00000e+00  2.75451e-05
0006  1.21241e+18  3.29235e+01  8.15990e+04  1.03476e-16  0.00000e+00  0.00000e+00  2.67147e-05
0007  1.23082e+18  5.31276e+01  1.23384e+05  1.29047e-16  0.00000e+00  0.00000e+00  2.59213e-05
0008  1.24924e+18  6.27572e+01  1.36872e+05  2.81811e-17  0.00000e+00  0.00000e+00  2.51628e-05
0009  1.26765e+18  6.77536e+01  1.43373e+05  2.26097e-17  0.00000e+00  0.00000e+00  2.44370e-05
0010  1.28607e+18  7.21109e+01  1.48194e+05  2.04177e-17  0.00000e+00  0.00000e+00  2.37422e-05
0011  1.30448e+18  7.54136e+01  1.50867e+05  1.48588e-17  0.00000e+00  0.00000e+00  2.30766e-05
0012  1.32290e+18  7.84609e+01  1.53364e+05  1.49510e-17  0.00000e+00  0.00000e+00  2.24386e-05
0013  1.34131e+18  8.15902e+01  1.55963e+05  1.49570e-17  0.00000e+00  0.00000e+00  2.18267e-05
0014  1.35973e+18  8.47007e+01  1.58586e+05  1.40253e-17  0.00000e+00  0.00000e+00  2.12395e-05
0015  1.37814e+18  8.75322e+01  1.60745e+05  1.22513e-17  0.00000e+00  0.00000e+00  2.06757e-05
0016  1.39656e+18  9.02154e+01  1.62802e+05  1.17374e-17  0.00000e+00  0.00000e+00  2.01340e-05
0017  1.41497e+18  9.28812e+01  1.64893e+05  1.14586e-17  0.00000e+00  0.00000e+00  1.96134e-05
0018  1.43339e+18  9.54909e+01  1.66991e+05  1.02843e-17  0.00000e+00  0.00000e+00  1.91126e-05
0019  1.45180e+18  9.74410e+01  1.67935e+05 -7.42924e-19  0.00000e+00  0.00000e+00  1.86309e-05
0020  1.47022e+18  9.97017e+01  1.69825e+05  1.02702e-17  0.00000e+00  0.00000e+00  1.81671e-05
0021  1.48863e+18  1.02341e+02  1.72118e+05 -1.14232e-16  0.00000e+00  0.00000e+00  1.77204e-05
0022  1.50705e+18  1.04374e+02  1.73445e+05  7.54706e-18  0.00000e+00  0.00000e+00  1.72900e-05
0023  1.52546e+18  1.06316e+02  1.75006e+05  8.08462e-18  0.00000e+00  0.00000e+00  1.68750e-05
0024  1.54388e+18  1.08433e+02  1.76771e+05  8.32895e-18  0.00000e+00  0.00000e+00  1.64749e-05
0027  1.56229e+18  1.10560e+02  1.78616e+05  8.09565e-18  0.00000e+00  0.00000e+00  1.60888e-05
0028  1.58071e+18  1.12660e+02  1.80511e+05  7.90187e-18  0.00000e+00  0.00000e+00  1.57161e-05
0029  1.59912e+18  1.14756e+02  1.82480e+05  7.80400e-18  0.00000e+00  0.00000e+00  1.53562e-05
0030  1.61754e+18  1.16871e+02  1.84551e+05  7.77268e-18  0.00000e+00  0.00000e+00  1.50085e-05
0031  1.63595e+18  1.19028e+02  1.86756e+05  7.80382e-18  0.00000e+00  0.00000e+00  1.46726e-05
0032  1.65437e+18  1.21248e+02  1.89129e+05  7.85276e-18  0.00000e+00  0.00000e+00  1.43477e-05
0033  1.67278e+18  1.23486e+02  1.91614e+05  7.56222e-18  0.00000e+00  0.00000e+00  1.40336e-05
0034  1.69120e+18  1.25423e+02  1.93733e+05  6.49703e-18  0.00000e+00  0.00000e+00  1.37296e-05
0035  1.70961e+18  1.26978e+02  1.95486e+05  5.64842e-18  0.00000e+00  0.00000e+00  1.34354e-05
0036  1.72803e+18  1.28256e+02  1.96962e+05  5.18929e-18  0.00000e+00  0.00000e+00  1.31506e-05
0037  1.74644e+18  1.29517e+02  1.98537e+05  5.35173e-18  0.00000e+00  0.00000e+00  1.28747e-05
0038  1.76486e+18  1.30907e+02  2.00317e+05  5.59854e-18  0.00000e+00  0.00000e+00  1.26074e-05
0039  1.78328e+18  1.32411e+02  2.02297e+05  5.73555e-18  0.00000e+00  0.00000e+00  1.23484e-05
0040  1.80169e+18  1.33991e+02  2.04438e+05  5.79319e-18  0.00000e+00  0.00000e+00  1.20973e-05
0041  1.82011e+18  1.35636e+02  2.06736e+05  5.87444e-18  0.00000e+00  0.00000e+00  1.18537e-05
0042  1.83852e+18  1.37392e+02  2.09267e+05  6.08052e-18  0.00000e+00  0.00000e+00  1.16174e-05
0043  1.85694e+18  1.39484e+02  2.12400e+05  6.21643e-18  0.00000e+00  0.00000e+00  1.13882e-05
0044  1.87535e+18  1.40611e+02  2.14212e+05  5.80010e-18  0.00000e+00  0.00000e+00  1.11656e-05
0045  1.89377e+18  1.39885e+02  2.13076e+05  2.77156e-18  0.00000e+00  0.00000e+00  1.09495e-05
0046  1.91218e+18  1.39751e+02  2.12899e+05  1.27416e-18  0.00000e+00  0.00000e+00  1.07396e-05
0047  1.93060e+18  1.47042e+02  2.25827e+05  6.31211e-18  0.00000e+00  0.00000e+00  1.05357e-05
0048  1.94901e+18  1.58731e+02  2.43534e+05  1.45259e-17  0.00000e+00  0.00000e+00  1.03376e-05
0049  1.96743e+18  1.55293e+02  2.38215e+05  6.60810e-18  0.00000e+00  0.00000e+00  1.01449e-05
0050  1.98584e+18  1.39038e+02  2.12408e+05 -2.44934e-17  0.00000e+00  0.00000e+00  9.95766e-06
0051  2.00426e+18  1.11417e+02  1.79781e+05 -3.99674e-17  0.00000e+00  0.00000e+00  9.77552e-06
0052  2.02267e+18  1.11302e+02  1.79672e+05 -3.80867e-17  0.00000e+00  0.00000e+00  9.59833e-06
0053  2.04109e+18  2.20493e+02  4.06153e+05  4.85813e-17  0.00000e+00  0.00000e+00  9.42591e-06
0054  2.05951e+18  4.23351e+02  7.29939e+05  1.00974e-16  0.00000e+00  0.00000e+00  9.25810e-06
0055  2.07792e+18  3.90308e+02  6.89054e+05  1.06008e-16  0.00000e+00  0.00000e+00  9.09473e-06
0056  2.09634e+18  2.01035e+02  3.37985e+05  6.58292e-17  0.00000e+00  0.00000e+00  8.93564e-06
0057  2.11475e+18  1.04256e+02  1.74260e+05 -9.85470e-17  0.00000e+00  0.00000e+00  8.78070e-06
0058  2.13317e+18  1.02454e+02  1.72163e+05 -2.21819e-17  0.00000e+00  0.00000e+00  8.62975e-06
0059  2.15158e+18  1.09610e+02  1.77946e+05 -1.18113e-17  0.00000e+00  0.00000e+00  8.48265e-06
0060  2.17000e+18  1.18837e+02  1.86745e+05 -8.91889e-18  0.00000e+00  0.00000e+00  8.33929e-06
0061  2.18841e+18  1.25374e+02  1.93774e+05 -2.17370e-18  0.00000e+00  0.00000e+00  8.19953e-06
0062  2.20683e+18  1.29142e+02  1.98089e+05  1.06407e-18  0.00000e+00  0.00000e+00  8.06326e-06
0063  2.22524e+18  1.31555e+02  2.01182e+05  1.65398e-18  0.00000e+00  0.00000e+00  7.93035e-06
0064  2.24366e+18  1.32961e+02  2.03022e+05  2.77759e-18  0.00000e+00  0.00000e+00  7.80071e-06
0065  2.26207e+18  1.33083e+02  2.03165e+05  3.36737e-18  0.00000e+00  0.00000e+00  7.67421e-06
0066  2.28049e+18  1.32410e+02  2.02250e+05  3.51848e-18  0.00000e+00  0.00000e+00  7.55077e-06
0067  2.29891e+18  1.31504e+02  2.01045e+05  3.56238e-18  0.00000e+00  0.00000e+00  7.43029e-06
0068  2.31732e+18  1.30679e+02  1.99963e+05  3.62152e-18  0.00000e+00  0.00000e+00  7.31266e-06
0069  2.33574e+18  1.30066e+02  1.99169e+05  3.64673e-18  0.00000e+00  0.00000e+00  7.19781e-06
0070  2.35415e+18  1.29682e+02  1.98679e+05  3.54577e-18  0.00000e+00  0.00000e+00  7.08564e-06
0071  2.37257e+18  1.29478e+02  1.98427e+05  3.26648e-18  0.00000e+00  0.00000e+00  6.97607e-06
0072  2.39098e+18  1.29387e+02  1.98324e+05  2.83275e-18  0.00000e+00  0.00000e+00  6.86902e-06
0073  2.40940e+18  1.29332e+02  1.98270e+05  2.34714e-18  0.00000e+00  0.00000e+00  6.76442e-06
0074  2.42781e+18  1.29196e+02  1.98110e+05  1.94077e-18  0.00000e+00  0.00000e+00  6.66219e-06
0075  2.44623e+18  1.28924e+02  1.97778e+05  1.64965e-18  0.00000e+00  0.00000e+00  6.56226e-06
0076  2.46464e+18  1.28647e+02  1.97438e+05  1.43825e-18  0.00000e+00  0.00000e+00  6.46456e-06
0077  2.48306e+18  1.28558e+02  1.97330e+05  1.31424e-18  0.00000e+00  0.00000e+00  6.36903e-06
0078  2.50147e+18  1.28701e+02  1.97508e+05  1.30083e-18  0.00000e+00  0.00000e+00  6.27560e-06
0079  2.51989e+18  1.29130e+02  1.98039e+05  1.42057e-18  0.00000e+00  0.00000e+00  6.18421e-06
0080  2.53831e+18  1.29864e+02  1.98959e+05  1.59754e-18  0.00000e+00  0.00000e+00  6.09480e-06
0081  2.55672e+18  1.30740e+02  2.00089e+05  1.50736e-18  0.00000e+00  0.00000e+00  6.00732e-06
0082  2.57514e+18  1.31284e+02  2.00815e+05  1.14565e-18  0.00000e+00  0.00000e+00  5.92171e-06
0083  2.59355e+18  1.30619e+02  1.99950e+05  1.07355e-18  0.00000e+00  0.00000e+00  5.83791e-06
0084  2.61197e+18  1.30091e+02  1.99250e+05  1.42374e-18  0.00000e+00  0.00000e+00  5.75588e-06
0085  2.63038e+18  1.40235e+02  2.14071e+05 -4.56085e-18  0.00000e+00  0.00000e+00  5.67557e-06
0086  2.64880e+18  2.21639e+02  3.62026e+05  7.70062e-17  0.00000e+00  0.00000e+00  5.59693e-06
0087  2.66721e+18  4.02539e+02  5.88039e+05  7.32251e-17  0.00000e+00  0.00000e+00  5.51991e-06
0088  2.68563e+18  5.57731e+02  7.81786e+05  3.94113e-17  0.00000e+00  0.00000e+00  5.44447e-06
0089  2.70404e+18  6.62612e+02  9.15388e+05  2.72715e-17  0.00000e+00  0.00000e+00  5.37056e-06
0090  2.72246e+18  7.40183e+02  1.01515e+06  2.22561e-17  0.00000e+00  0.00000e+00  5.29815e-06
0091  2.74088e+18  8.03955e+02  1.09687e+06  1.92561e-17  0.00000e+00  0.00000e+00  5.22720e-06
0092  2.75929e+18  8.59489e+02  1.16804e+06  1.72176e-17  0.00000e+00  0.00000e+00  5.15766e-06
0093  2.77771e+18  9.09017e+02  1.23174e+06  1.56533e-17  0.00000e+00  0.00000e+00  5.08950e-06
0094  2.79612e+18  9.54551e+02  1.29122e+06  1.46744e-17  0.00000e+00  0.00000e+00  5.02268e-06
0095  2.81454e+18  9.97270e+02  1.34753e+06  1.37709e-17  0.00000e+00  0.00000e+00  4.95717e-06
0096  2.83295e+18  1.03770e+03  1.40211e+06  1.31176e-17  0.00000e+00  0.00000e+00  4.89293e-06
0097  2.85137e+18  1.07637e+03  1.45531e+06  1.25608e-17  0.00000e+00  0.00000e+00  4.82993e-06
0098  2.86978e+18  1.11340e+03  1.50717e+06  1.20151e-17  0.00000e+00  0.00000e+00  4.76814e-06
0099  2.88820e+18  1.14878e+03  1.55772e+06  1.14877e-17  0.00000e+00  0.00000e+00  4.70753e-06
0100  2.90661e+18  1.18270e+03  1.60721e+06  1.10283e-17  0.00000e+00  0.00000e+00  4.64807e-06
0101  2.92503e+18  1.21530e+03  1.65563e+06  1.05977e-17  0.00000e+00  0.00000e+00  4.58973e-06
0102  2.94345e+18  1.24655e+03  1.70286e+06  1.01714e-17  0.00000e+00  0.00000e+00  4.53248e-06
0103  2.96186e+18  1.27669e+03  1.74920e+06  9.84451e-18  0.00000e+00  0.00000e+00  4.47629e-06
0104  2.98028e+18  1.30579e+03  1.79447e+06  9.51767e-18  0.00000e+00  0.00000e+00  4.42114e-06
0105  2.99869e+18  1.33389e+03  1.83878e+06  9.19448e-18  0.00000e+00  0.00000e+00  4.36701e-06
0106  3.01711e+18  1.36098e+03  1.88225e+06  8.93023e-18  0.00000e+00  0.00000e+00  4.31386e-06
0107  3.03552e+18  1.38689e+03  1.92482e+06  8.63404e-18  0.00000e+00  0.00000e+00  4.26168e-06
0108  3.05394e+18  1.41154e+03  1.96655e+06  8.34482e-18  0.00000e+00  0.00000e+00  4.21044e-06
0109  3.07235e+18  1.43486e+03  2.00747e+06  8.06394e-18  0.00000e+00  0.00000e+00  4.16011e-06
0110  3.09077e+18  1.45688e+03  2.04762e+06  7.79240e-18  0.00000e+00  0.00000e+00  4.11069e-06
0111  3.10918e+18  1.47762e+03  2.08701e+06  7.53077e-18  0.00000e+00  0.00000e+00  4.06214e-06
0112  3.12760e+18  1.49715e+03  2.12566e+06  7.27937e-18  0.00000e+00  0.00000e+00  4.01444e-06
0113  3.14602e+18  1.51559e+03  2.16362e+06  7.04547e-18  0.00000e+00  0.00000e+00  3.96758e-06
0114  3.16443e+18  1.53304e+03  2.20092e+06  6.82058e-18  0.00000e+00  0.00000e+00  3.92154e-06
0115  3.18285e+18  1.54958e+03  2.23757e+06  6.60436e-18  0.00000e+00  0.00000e+00  3.87629e-06
0116  3.20126e+18  1.56529e+03  2.27360e+06  6.39662e-18  0.00000e+00  0.00000e+00  3.83182e-06
0117  3.21968e+18  1.58023e+03  2.30905e+06  6.19711e-18  0.00000e+00  0.00000e+00  3.78811e-06
0118  3.23809e+18  1.59445e+03  2.34395e+06  6.00555e-18  0.00000e+00  0.00000e+00  3.74515e-06
0119  3.25651e+18  1.60799e+03  2.37834e+06  5.82160e-18  0.00000e+00  0.00000e+00  3.70291e-06
0120  3.27492e+18  1.62087e+03  2.41228e+06  5.64494e-18  0.00000e+00  0.00000e+00  3.66138e-06
0121  3.29334e+18  1.63309e+03  2.44583e+06  5.47523e-18  0.00000e+00  0.00000e+00  3.62055e-06
0122  3.31176e+18  1.64467e+03  2.47904e+06  5.31214e-18  0.00000e+00  0.00000e+00  3.58040e-06
0123  3.33017e+18  1.65560e+03  2.51199e+06  5.15537e-18  0.00000e+00  0.00000e+00  3.54091e-06
0124  3.34859e+18  1.66592e+03  2.54475e+06  5.00878e-18  0.00000e+00  0.00000e+00  3.50207e-06
0125  3.36700e+18  1.67565e+03  2.57732e+06  4.86027e-18  0.00000e+00  0.00000e+00  3.46386e-06
0126  3.38542e+18  1.68481e+03  2.60974e+06  4.71750e-18  0.00000e+00  0.00000e+00  3.42628e-06
0127  3.40383e+18  1.69344e+03  2.64202e+06  4.58018e-18  0.00000e+00  0.00000e+00  3.38931e-06
0128  3.42225e+18  1.70162e+03  2.67419e+06  4.44803e-18  0.00000e+00  0.00000e+00  3.35293e-06
0129  3.44066e+18  1.70939e+03  2.70627e+06  4.32078e-18  0.00000e+00  0.00000e+00  3.31713e-06
0130  3.45908e+18  1.71679e+03  2.73827e+06  4.19819e-18  0.00000e+00  0.00000e+00  3.28191e-06
0131  3.47749e+18  1.72387e+03  2.77020e+06  4.08003e-18  0.00000e+00  0.00000e+00  3.24724e-06
0132  3.49591e+18  1.73063e+03  2.80207e+06  3.96609e-18  0.00000e+00  0.00000e+00  3.21312e-06
0133  3.51433e+18  1.73711e+03  2.83387e+06  3.85621e-18  0.00000e+00  0.00000e+00  3.17953e-06
0134  3.53274e+18  1.74329e+03  2.86557e+06  3.75024e-18  0.00000e+00  0.00000e+00  3.14647e-06
0135  3.55116e+18  1.74916e+03  2.89712e+06  3.64804e-18  0.00000e+00  0.00000e+00  3.11392e-06
0136  3.56957e+18  1.75470e+03  2.92849e+06  3.54950e-18  0.00000e+00  0.00000e+00  3.08188e-06
0137  3.58799e+18  1.75988e+03  2.95960e+06  3.45450e-18  0.00000e+00  0.00000e+00  3.05032e-06
0138  3.60640e+18  1.76467e+03  2.99038e+06  3.36271e-18  0.00000e+00  0.00000e+00  3.01925e-06
0139  3.62482e+18  1.76901e+03  3.02079e+06  3.27395e-18  0.00000e+00  0.00000e+00  2.98865e-06
0140  3.64323e+18  1.77289e+03  3.05074e+06  3.18848e-18  0.00000e+00  0.00000e+00  2.95851e-06
0141  3.66165e+18  1.77628e+03  3.08022e+06  3.10619e-18  0.00000e+00  0.00000e+00  2.92883e-06
0142  3.68007e+18  1.77916e+03  3.10919e+06  3.02692e-18  0.00000e+00  0.00000e+00  2.89959e-06
0143  3.69848e+18  1.78154e+03  3.13765e+06  2.95056e-18  0.00000e+00  0.00000e+00  2.87079e-06
0144  3.71690e+18  1.78343e+03  3.16562e+06  2.87693e-18  0.00000e+00  0.00000e+00  2.84241e-06
0145  3.73531e+18  1.78487e+03  3.19314e+06  2.80588e-18  0.00000e+00  0.00000e+00  2.81445e-06
0146  3.75373e+18  1.78591e+03  3.22027e+06  2.73725e-18  0.00000e+00  0.00000e+00  2.78690e-06
0147  3.77214e+18  1.78660e+03  3.24708e+06  2.67041e-18  0.00000e+00  0.00000e+00  2.75976e-06
0148  3.79056e+18  1.78702e+03  3.27365e+06  2.60561e-18  0.00000e+00  0.00000e+00  2.73301e-06
0149  3.80897e+18  1.78720e+03  3.30014e+06  2.54277e-18  0.00000e+00  0.00000e+00  2.70665e-06
0150  3.82739e+18  1.78734e+03  3.32653e+06  2.48177e-18  0.00000e+00  0.00000e+00  2.68066e-06
0151  3.84581e+18  1.78739e+03  3.35306e+06  2.42246e-18  0.00000e+00  0.00000e+00  2.65505e-06
0152  3.86422e+18  1.78748e+03  3.37978e+06  2.36472e-18  0.00000e+00  0.00000e+00  2.62981e-06
0153  3.88264e+18  1.78778e+03  3.40697e+06  2.30836e-18  0.00000e+00  0.00000e+00  2.60492e-06
0154  3.90105e+18  1.78838e+03  3.43477e+06  2.25328e-18  0.00000e+00  0.00000e+00  2.58038e-06
0155  3.91947e+18  1.78877e+03  3.46220e+06  2.19994e-18  0.00000e+00  0.00000e+00  2.55619e-06
0156  3.93788e+18  1.78886e+03  3.48906e+06  2.14836e-18  0.00000e+00  0.00000e+00  2.53234e-06
0157  3.95630e+18  1.79285e+03  3.52362e+06  2.09472e-18  0.00000e+00  0.00000e+00  2.50882e-06
0158  3.97471e+18  1.80535e+03  3.57533e+06  2.02824e-18  0.00000e+00  0.00000e+00  2.48563e-06
0159  3.99313e+18  1.79930e+03  3.59060e+06  1.99320e-18  0.00000e+00  0.00000e+00  2.46275e-06
0160  4.01155e+18  1.76659e+03  3.55154e+06  1.97393e-18  0.00000e+00  0.00000e+00  2.44019e-06
0161  4.02996e+18  1.58247e+03  3.20573e+06  2.05857e-18  0.00000e+00  0.00000e+00  2.41794e-06
0162  4.04838e+18  8.73205e+02  1.78130e+06  1.08575e-18  0.00000e+00  0.00000e+00  2.39599e-06
0163  4.06679e+18  2.26649e+02  4.33122e+05  1.55609e-18  0.00000e+00  0.00000e+00  2.37434e-06
0164  4.08521e+18  8.89346e+01  1.68225e+05 -9.63236e-17  0.00000e+00  0.00000e+00  2.35299e-06
0165  4.10362e+18  7.93091e+01  1.54231e+05 -3.05516e-18  0.00000e+00  0.00000e+00  2.33191e-06
0166  4.12204e+18  8.02736e+01  1.54852e+05  3.94146e-19  0.00000e+00  0.00000e+00  2.31113e-06
0167  4.14045e+18  8.42461e+01  1.58032e+05  2.78769e-18  0.00000e+00  0.00000e+00  2.29061e-06
0168  4.15887e+18  8.99746e+01  1.62408e+05  2.75363e-18  0.00000e+00  0.00000e+00  2.27037e-06
0169  4.17728e+18  9.59028e+01  1.67107e+05  2.35570e-18  0.00000e+00  0.00000e+00  2.25040e-06
0170  4.19570e+18  1.01763e+02  1.71366e+05  2.48348e-18  0.00000e+00  0.00000e+00  2.23069e-06
0171  4.21412e+18  1.08026e+02  1.76104e+05  2.14206e-18  0.00000e+00  0.00000e+00  2.21123e-06
0172  4.23253e+18  1.15923e+02  1.83117e+05  2.45393e-18  0.00000e+00  0.00000e+00  2.19203e-06
0173  4.25095e+18  1.29216e+02  1.97320e+05  2.46225e-18  0.00000e+00  0.00000e+00  2.17308e-06
0174  4.26936e+18  1.58007e+02  2.37702e+05  5.80620e-18  0.00000e+00  0.00000e+00  2.15438e-06
0175  4.28778e+18  2.20324e+02  3.22522e+05  1.96719e-17  0.00000e+00  0.00000e+00  2.13591e-06
0176  4.30619e+18  3.19212e+02  4.34642e+05  1.87904e-17  0.00000e+00  0.00000e+00  2.11768e-06
0177  4.32461e+18  4.23983e+02  5.42833e+05  1.29056e-17  0.00000e+00  0.00000e+00  2.09968e-06
0178  4.34302e+18  5.12845e+02  6.31969e+05  9.35303e-18  0.00000e+00  0.00000e+00  2.08191e-06
0179  4.36144e+18  5.85302e+02  7.01400e+05  7.38098e-18  0.00000e+00  0.00000e+00  2.06437e-06
0180  4.37986e+18  6.46055e+02  7.56545e+05  6.14913e-18  0.00000e+00  0.00000e+00  2.04705e-06
0181  4.39827e+18  6.99262e+02  8.02727e+05  5.40184e-18  0.00000e+00  0.00000e+00  2.02994e-06
0182  4.41669e+18  7.47476e+02  8.42795e+05  4.84428e-18  0.00000e+00  0.00000e+00  2.01305e-06
0183  4.43510e+18  7.92049e+02  8.78515e+05  4.40011e-18  0.00000e+00  0.00000e+00  1.99637e-06
0184  4.45352e+18  8.33835e+02  9.10966e+05  4.04927e-18  0.00000e+00  0.00000e+00  1.97989e-06
0185  4.47193e+18  8.73243e+02  9.40680e+05  3.74784e-18  0.00000e+00  0.00000e+00  1.96362e-06
0186  4.49035e+18  9.10511e+02  9.67981e+05  3.48656e-18  0.00000e+00  0.00000e+00  1.94754e-06
0187  4.50876e+18  9.46173e+02  9.93604e+05  3.30320e-18  0.00000e+00  0.00000e+00  1.93167e-06
0188  4.52718e+18  9.80680e+02  1.01771e+06  3.13715e-18  0.00000e+00  0.00000e+00  1.91598e-06
0189  4.54560e+18  1.01402e+03  1.04042e+06  2.98480e-18  0.00000e+00  0.00000e+00  1.90049e-06
0190  4.56401e+18  1.04623e+03  1.06186e+06  2.84824e-18  0.00000e+00  0.00000e+00  1.88519e-06
0191  4.58243e+18  1.07740e+03  1.08213e+06  2.72810e-18  0.00000e+00  0.00000e+00  1.87006e-06
0192  4.60084e+18  1.10757e+03  1.10129e+06  2.61602e-18  0.00000e+00  0.00000e+00  1.85512e-06
0193  4.61926e+18  1.13677e+03  1.11941e+06  2.51138e-18  0.00000e+00  0.00000e+00  1.84036e-06
0194  4.63767e+18  1.16502e+03  1.13656e+06  2.41358e-18  0.00000e+00  0.00000e+00  1.82577e-06
0195  4.65609e+18  1.19239e+03  1.15282e+06  2.32398e-18  0.00000e+00  0.00000e+00  1.81136e-06
0196  4.67450e+18  1.21892e+03  1.16825e+06  2.24064e-18  0.00000e+00  0.00000e+00  1.79712e-06
0197  4.69292e+18  1.24467e+03  1.18293e+06  2.16208e-18  0.00000e+00  0.00000e+00  1.78304e-06
0198  4.71134e+18  1.26979e+03  1.19701e+06  2.09919e-18  0.00000e+00  0.00000e+00  1.76913e-06
0199  4.72975e+18  1.29441e+03  1.21052e+06  2.03919e-18  0.00000e+00  0.00000e+00  1.75538e-06
0200  4.74817e+18  1.31855e+03  1.22353e+06  1.98117e-18  0.00000e+00  0.00000e+00  1.74179e-06
0201  4.76658e+18  1.34224e+03  1.23607e+06  1.92509e-18  0.00000e+00  0.00000e+00  1.72836e-06
0202  4.78500e+18  1.36549e+03  1.24819e+06  1.87090e-18  0.00000e+00  0.00000e+00  1.71508e-06
0203  4.80341e+18  1.38833e+03  1.25991e+06  1.81857e-18  0.00000e+00  0.00000e+00  1.70195e-06
0204  4.82183e+18  1.41077e+03  1.27128e+06  1.76802e-18  0.00000e+00  0.00000e+00  1.68898e-06
0205  4.84024e+18  1.43283e+03  1.28232e+06  1.71921e-18  0.00000e+00  0.00000e+00  1.67615e-06
0206  4.85866e+18  1.45453e+03  1.29307e+06  1.67206e-18  0.00000e+00  0.00000e+00  1.66347e-06
0207  4.87708e+18  1.47587e+03  1.30355e+06  1.62653e-18  0.00000e+00  0.00000e+00  1.65093e-06
0208  4.89549e+18  1.49687e+03  1.31377e+06  1.58256e-18  0.00000e+00  0.00000e+00  1.63853e-06
0209  4.91391e+18  1.51756e+03  1.32378e+06  1.54162e-18  0.00000e+00  0.00000e+00  1.62627e-06
0210  4.93232e+18  1.53794e+03  1.33359e+06  1.50213e-18  0.00000e+00  0.00000e+00  1.61415e-06
0211  4.95074e+18  1.55803e+03  1.34321e+06  1.46351e-18  0.00000e+00  0.00000e+00  1.60217e-06
0212  4.96915e+18  1.57783e+03  1.35267e+06  1.42789e-18  0.00000e+00  0.00000e+00  1.59031e-06
0213  4.98757e+18  1.59737e+03  1.36197e+06  1.39322e-18  0.00000e+00  0.00000e+00  1.57859e-06
0214  5.00598e+18  1.61663e+03  1.37114e+06  1.35952e-18  0.00000e+00  0.00000e+00  1.56700e-06
0215  5.02440e+18  1.63559e+03  1.38016e+06  1.32677e-18  0.00000e+00  0.00000e+00  1.55553e-06
0216  5.04282e+18  1.65426e+03  1.38905e+06  1.29497e-18  0.00000e+00  0.00000e+00  1.54419e-06
0217  5.06123e+18  1.67263e+03  1.39780e+06  1.26411e-18  0.00000e+00  0.00000e+00  1.53298e-06
0218  5.07965e+18  1.69067e+03  1.40642e+06  1.23416e-18  0.00000e+00  0.00000e+00  1.52188e-06
0219  5.09806e+18  1.70840e+03  1.41491e+06  1.20512e-18  0.00000e+00  0.00000e+00  1.51091e-06
0220  5.11648e+18  1.72580e+03  1.42326e+06  1.17697e-18  0.00000e+00  0.00000e+00  1.50005e-06
0221  5.13489e+18  1.74286e+03  1.43149e+06  1.14968e-18  0.00000e+00  0.00000e+00  1.48931e-06
0222  5.15331e+18  1.75958e+03  1.43959e+06  1.12324e-18  0.00000e+00  0.00000e+00  1.47868e-06
0223  5.17172e+18  1.77596e+03  1.44757e+06  1.09762e-18  0.00000e+00  0.00000e+00  1.46817e-06
0224  5.19014e+18  1.79198e+03  1.45542e+06  1.07281e-18  0.00000e+00  0.00000e+00  1.45777e-06
0225  5.20856e+18  1.80761e+03  1.46315e+06  1.04716e-18  0.00000e+00  0.00000e+00  1.44748e-06
0226  5.22697e+18  1.82289e+03  1.47078e+06  1.02612e-18  0.00000e+00  0.00000e+00  1.43730e-06
0227  5.24539e+18  1.83786e+03  1.47832e+06  1.00559e-18  0.00000e+00  0.00000e+00  1.42723e-06
0228  5.26380e+18  1.85253e+03  1.48576e+06  9.85576e-19  0.00000e+00  0.00000e+00  1.41726e-06
0229  5.28222e+18  1.86689e+03  1.49312e+06  9.66060e-19  0.00000e+00  0.00000e+00  1.40739e-06
0230  5.30063e+18  1.88094e+03  1.50038e+06  9.47038e-19  0.00000e+00  0.00000e+00  1.39763e-06
0231  5.31905e+18  1.89468e+03  1.50756e+06  9.28501e-19  0.00000e+00  0.00000e+00  1.38797e-06
0232  5.33746e+18  1.90811e+03  1.51465e+06  9.10440e-19  0.00000e+00  0.00000e+00  1.37841e-06
0233  5.35588e+18  1.92122e+03  1.52166e+06  8.92846e-19  0.00000e+00  0.00000e+00  1.36894e-06
0234  5.37430e+18  1.93403e+03  1.52858e+06  8.75707e-19  0.00000e+00  0.00000e+00  1.35958e-06
0235  5.39271e+18  1.94654e+03  1.53542e+06  8.59014e-19  0.00000e+00  0.00000e+00  1.35031e-06
0236  5.41113e+18  1.95874e+03  1.54218e+06  8.42756e-19  0.00000e+00  0.00000e+00  1.34113e-06
0237  5.42954e+18  1.97062e+03  1.54888e+06  8.26922e-19  0.00000e+00  0.00000e+00  1.33205e-06
0238  5.44796e+18  1.98220e+03  1.55551e+06  8.11502e-19  0.00000e+00  0.00000e+00  1.32306e-06
0239  5.46637e+18  1.99345e+03  1.56209e+06  7.96486e-19  0.00000e+00  0.00000e+00  1.31416e-06
0240  5.48479e+18  2.00439e+03  1.56861e+06  7.81862e-19  0.00000e+00  0.00000e+00  1.30535e-06
0241  5.50320e+18  2.01501e+03  1.57509e+06  7.67699e-19  0.00000e+00  0.00000e+00  1.29663e-06
0242  5.52162e+18  2.02532e+03  1.58153e+06  7.53966e-19  0.00000e+00  0.00000e+00  1.28800e-06
0243  5.54004e+18  2.03533e+03  1.58793e+06  7.40583e-19  0.00000e+00  0.00000e+00  1.27945e-06
0244  5.55845e+18  2.04504e+03  1.59430e+06  7.27539e-19  0.00000e+00  0.00000e+00  1.27098e-06
0245  5.57687e+18  2.05446e+03  1.60063e+06  7.14823e-19  0.00000e+00  0.00000e+00  1.26260e-06
0246  5.59528e+18  2.06360e+03  1.60692e+06  7.02427e-19  0.00000e+00  0.00000e+00  1.25431e-06
0247  5.61370e+18  2.07247e+03  1.61318e+06  6.90340e-19  0.00000e+00  0.00000e+00  1.24609e-06
0248  5.63211e+18  2.08107e+03  1.61940e+06  6.78554e-19  0.00000e+00  0.00000e+00  1.23795e-06
0249  5.65053e+18  2.08940e+03  1.62559e+06  6.67060e-19  0.00000e+00  0.00000e+00  1.22990e-06
0250  5.66894e+18  2.09746e+03  1.63176e+06  6.55851e-19  0.00000e+00  0.00000e+00  1.22192e-06
0251  5.68736e+18  2.10524e+03  1.63790e+06  6.44919e-19  0.00000e+00  0.00000e+00  1.21402e-06
0252  5.70578e+18  2.11274e+03  1.64402e+06  6.34257e-19  0.00000e+00  0.00000e+00  1.20620e-06
0253  5.72419e+18  2.11997e+03  1.65013e+06  6.23857e-19  0.00000e+00  0.00000e+00  1.19845e-06
0254  5.74261e+18  2.12693e+03  1.65622e+06  6.13711e-19  0.00000e+00  0.00000e+00  1.19077e-06
0255  5.76102e+18  2.13364e+03  1.66230e+06  6.03810e-19  0.00000e+00  0.00000e+00  1.18317e-06
0256  5.77944e+18  2.14010e+03  1.66836e+06  5.94146e-19  0.00000e+00  0.00000e+00  1.17565e-06
0257  5.79785e+18  2.14632e+03  1.67439e+06  5.84710e-19  0.00000e+00  0.00000e+00  1.16819e-06
0258  5.81627e+18  2.15233e+03  1.68040e+06  5.75494e-19  0.00000e+00  0.00000e+00  1.16080e-06
0259  5.83468e+18  2.15812e+03  1.68639e+06  5.66493e-19  0.00000e+00  0.00000e+00  1.15349e-06
0260  5.85310e+18  2.16370e+03  1.69236e+06  5.57698e-19  0.00000e+00  0.00000e+00  1.14624e-06
0261  5.87152e+18  2.16906e+03  1.69831e+06  5.49106e-19  0.00000e+00  0.00000e+00  1.13906e-06
0262  5.88993e+18  2.17420e+03  1.70425e+06  5.40780e-19  0.00000e+00  0.00000e+00  1.13195e-06
0263  5.90835e+18  2.17912e+03  1.71020e+06  5.32684e-19  0.00000e+00  0.00000e+00  1.12490e-06
0264  5.92676e+18  2.18381e+03  1.71614e+06  5.24766e-19  0.00000e+00  0.00000e+00  1.11792e-06
0265  5.94518e+18  2.18828e+03  1.72210e+06  5.17022e-19  0.00000e+00  0.00000e+00  1.11101e-06
0266  5.96359e+18  2.19252e+03  1.72806e+06  5.09446e-19  0.00000e+00  0.00000e+00  1.10416e-06
0267  5.98201e+18  2.19654e+03  1.73403e+06  5.02036e-19  0.00000e+00  0.00000e+00  1.09737e-06
0268  6.00043e+18  2.20035e+03  1.74001e+06  4.94784e-19  0.00000e+00  0.00000e+00  1.09065e-06
0269  6.01884e+18  2.20396e+03  1.74600e+06  4.87686e-19  0.00000e+00  0.00000e+00  1.08398e-06
0270  6.03726e+18  2.20739e+03  1.75198e+06  4.80737e-19  0.00000e+00  0.00000e+00  1.07738e-06
0271  6.05567e+18  2.21063e+03  1.75795e+06  4.73932e-19  0.00000e+00  0.00000e+00  1.07084e-06
0272  6.07409e+18  2.21371e+03  1.76391e+06  4.67267e-19  0.00000e+00  0.00000e+00  1.06435e-06
0273  6.09250e+18  2.21662e+03  1.76987e+06  4.60739e-19  0.00000e+00  0.00000e+00  1.05793e-06
0274  6.11092e+18  2.21937e+03  1.77581e+06  4.54343e-19  0.00000e+00  0.00000e+00  1.05156e-06
0275  6.12933e+18  2.22195e+03  1.78175e+06  4.48078e-19  0.00000e+00  0.00000e+00  1.04525e-06
0276  6.14775e+18  2.22436e+03  1.78768e+06  4.41939e-19  0.00000e+00  0.00000e+00  1.03900e-06
0277  6.16617e+18  2.22660e+03  1.79361e+06  4.35925e-19  0.00000e+00  0.00000e+00  1.03280e-06
0278  6.18458e+18  2.22868e+03  1.79952e+06  4.30031e-19  0.00000e+00  0.00000e+00  1.02666e-06
0279  6.20300e+18  2.23060e+03  1.80543e+06  4.24253e-19  0.00000e+00  0.00000e+00  1.02057e-06
0280  6.22141e+18  2.23239e+03  1.81132e+06  4.18587e-19  0.00000e+00  0.00000e+00  1.01454e-06
0281  6.23983e+18  2.23406e+03  1.81718e+06  4.13031e-19  0.00000e+00  0.00000e+00  1.00856e-06
0282  6.25824e+18  2.23562e+03  1.82301e+06  4.07579e-19  0.00000e+00  0.00000e+00  1.00263e-06
0283  6.27666e+18  2.23708e+03  1.82881e+06  4.02230e-19  0.00000e+00  0.00000e+00  9.96760e-07
0284  6.29507e+18  2.23845e+03  1.83457e+06  3.96978e-19  0.00000e+00  0.00000e+00  9.90937e-07
0285  6.31349e+18  2.23975e+03  1.84033e+06  3.91817e-19  0.00000e+00  0.00000e+00  9.85164e-07
0286  6.33191e+18  2.24100e+03  1.84612e+06  3.87737e-19  0.00000e+00  0.00000e+00  9.79442e-07
0287  6.35032e+18  2.24216e+03  1.85190e+06  3.82769e-19  0.00000e+00  0.00000e+00  9.73770e-07
0288  6.36874e+18  2.24321e+03  1.85768e+06  3.77892e-19  0.00000e+00  0.00000e+00  9.68146e-07
0289  6.38715e+18  2.24414e+03  1.86345e+06  3.73104e-19  0.00000e+00  0.00000e+00  9.62572e-07
0290  6.40557e+18  2.24495e+03  1.86920e+06  3.68404e-19  0.00000e+00  0.00000e+00  9.57045e-07
0291  6.42398e+18  2.24565e+03  1.87494e+06  3.63790e-19  0.00000e+00  0.00000e+00  9.51566e-07
0292  6.44240e+18  2.24624e+03  1.88066e+06  3.59258e-19  0.00000e+00  0.00000e+00  9.46133e-07
0293  6.46081e+18  2.24673e+03  1.88636e+06  3.54807e-19  0.00000e+00  0.00000e+00  9.40747e-07
0294  6.47923e+18  2.24713e+03  1.89203e+06  3.50435e-19  0.00000e+00  0.00000e+00  9.35407e-07
0295  6.49765e+18  2.24745e+03  1.89767e+06  3.46138e-19  0.00000e+00  0.00000e+00  9.30113e-07
0296  6.51606e+18  2.24768e+03  1.90329e+06  3.41916e-19  0.00000e+00  0.00000e+00  9.24863e-07
0297  6.53448e+18  2.24785e+03  1.90886e+06  3.37765e-19  0.00000e+00  0.00000e+00  9.19657e-07
0298  6.55289e+18  2.24795e+03  1.91440e+06  3.33685e-19  0.00000e+00  0.00000e+00  9.14495e-07
0299  6.57131e+18  2.24798e+03  1.91992e+06  3.29673e-19  0.00000e+00  0.00000e+00  9.09377e-07
0300  6.58972e+18  2.24793e+03  1.92540e+06  3.25729e-19  0.00000e+00  0.00000e+00  9.04301e-07
0301  6.60814e+18  2.24782e+03  1.93086e+06  3.21850e-19  0.00000e+00  0.00000e+00  8.99268e-07
0302  6.62655e+18  2.24764e+03  1.93631e+06  3.18034e-19  0.00000e+00  0.00000e+00  8.94277e-07
0303  6.64497e+18  2.24741e+03  1.94174e+06  3.14280e-19  0.00000e+00  0.00000e+00  8.89327e-07
0304  6.66339e+18  2.24714e+03  1.94716e+06  3.10583e-19  0.00000e+00  0.00000e+00  8.84418e-07
0305  6.68180e+18  2.24685e+03  1.95258e+06  3.06943e-19  0.00000e+00  0.00000e+00  8.79550e-07
0306  6.70022e+18  2.24655e+03  1.95802e+06  3.03354e-19  0.00000e+00  0.00000e+00  8.74722e-07
0307  6.71863e+18  2.24625e+03  1.96348e+06  2.99815e-19  0.00000e+00  0.00000e+00  8.69933e-07
0308  6.73705e+18  2.24599e+03  1.96899e+06  2.96323e-19  0.00000e+00  0.00000e+00  8.65184e-07
0309  6.75546e+18  2.24577e+03  1.97456e+06  2.92873e-19  0.00000e+00  0.00000e+00  8.60473e-07
0310  6.77388e+18  2.24561e+03  1.98022e+06  2.89463e-19  0.00000e+00  0.00000e+00  8.55801e-07
0311  6.79229e+18  2.24555e+03  1.98598e+06  2.86090e-19  0.00000e+00  0.00000e+00  8.51167e-07
0312  6.81071e+18  2.24560e+03  1.99187e+06  2.82750e-19  0.00000e+00  0.00000e+00  8.46570e-07
0313  6.82913e+18  2.24578e+03  1.99791e+06  2.79441e-19  0.00000e+00  0.00000e+00  8.42010e-07
0314  6.84754e+18  2.24612e+03  2.00411e+06  2.76160e-19  0.00000e+00  0.00000e+00  8.37487e-07
0315  6.86596e+18  2.24662e+03  2.01049e+06  2.72906e-19  0.00000e+00  0.00000e+00  8.33001e-07
0316  6.88437e+18  2.24729e+03  2.01704e+06  2.69678e-19  0.00000e+00  0.00000e+00  8.28550e-07
0317  6.90279e+18  2.24814e+03  2.02377e+06  2.66476e-19  0.00000e+00  0.00000e+00  8.24135e-07
0318  6.92120e+18  2.24915e+03  2.03065e+06  2.63302e-19  0.00000e+00  0.00000e+00  8.19755e-07
0319  6.93962e+18  2.25028e+03  2.03768e+06  2.60160e-19  0.00000e+00  0.00000e+00  8.15410e-07
0320  6.95803e+18  2.25151e+03  2.04480e+06  2.57052e-19  0.00000e+00  0.00000e+00  8.11100e-07
0321  6.97645e+18  2.25278e+03  2.05196e+06  2.53985e-19  0.00000e+00  0.00000e+00  8.06824e-07
0322  6.99487e+18  2.25400e+03  2.05911e+06  2.50967e-19  0.00000e+00  0.00000e+00  8.02581e-07
0323  7.01328e+18  2.25510e+03  2.06618e+06  2.48003e-19  0.00000e+00  0.00000e+00  7.98371e-07
0324  7.03170e+18  2.25598e+03  2.07308e+06  2.45104e-19  0.00000e+00  0.00000e+00  7.94195e-07
0325  7.05011e+18  2.25655e+03  2.07972e+06  2.42277e-19  0.00000e+00  0.00000e+00  7.90052e-07
0326  7.06853e+18  2.25672e+03  2.08601e+06  2.39529e-19  0.00000e+00  0.00000e+00  7.85940e-07
0327  7.08694e+18  2.25640e+03  2.09187e+06  2.36866e-19  0.00000e+00  0.00000e+00  7.81861e-07
0328  7.10536e+18  2.25554e+03  2.09724e+06  2.34294e-19  0.00000e+00  0.00000e+00  7.77813e-07
0329  7.12378e+18  2.25408e+03  2.10206e+06  2.31813e-19  0.00000e+00  0.00000e+00  7.73797e-07
0330  7.14219e+18  2.25201e+03  2.10631e+06  2.29423e-19  0.00000e+00  0.00000e+00  7.69812e-07
0331  7.16061e+18  2.24936e+03  2.10999e+06  2.27119e-19  0.00000e+00  0.00000e+00  7.65858e-07
0332  7.17902e+18  2.24615e+03  2.11313e+06  2.24897e-19  0.00000e+00  0.00000e+00  7.61933e-07
0333  7.19744e+18  2.24245e+03  2.11580e+06  2.22748e-19  0.00000e+00  0.00000e+00  7.58039e-07
0334  7.21585e+18  2.23835e+03  2.11806e+06  2.20661e-19  0.00000e+00  0.00000e+00  7.54175e-07
0335  7.23427e+18  2.23394e+03  2.12001e+06  2.18627e-19  0.00000e+00  0.00000e+00  7.50340e-07
0336  7.25268e+18  2.22932e+03  2.12174e+06  2.16636e-19  0.00000e+00  0.00000e+00  7.46535e-07
0337  7.27110e+18  2.22460e+03  2.12336e+06  2.14677e-19  0.00000e+00  0.00000e+00  7.42758e-07
0338  7.28952e+18  2.21985e+03  2.12494e+06  2.12742e-19  0.00000e+00  0.00000e+00  7.39010e-07
0339  7.30793e+18  2.21516e+03  2.12657e+06  2.10824e-19  0.00000e+00  0.00000e+00  7.35290e-07
0340  7.32635e+18  2.21058e+03  2.12831e+06  2.08916e-19  0.00000e+00  0.00000e+00  7.31598e-07
0341  7.34476e+18  2.20618e+03  2.13022e+06  2.07015e-19  0.00000e+00  0.00000e+00  7.27934e-07
0342  7.36318e+18  2.20199e+03  2.13232e+06  2.05118e-19  0.00000e+00  0.00000e+00  7.24298e-07
0343  7.38159e+18  2.19801e+03  2.13462e+06  2.03224e-19  0.00000e+00  0.00000e+00  7.20688e-07
0344  7.40001e+18  2.19424e+03  2.13714e+06  2.01334e-19  0.00000e+00  0.00000e+00  7.17106e-07
0345  7.41842e+18  2.19066e+03  2.13984e+06  1.99450e-19  0.00000e+00  0.00000e+00  7.13550e-07
0346  7.43684e+18  2.18725e+03  2.14271e+06  1.97574e-19  0.00000e+00  0.00000e+00  7.10020e-07
0347  7.45526e+18  2.18397e+03  2.14570e+06  1.95709e-19  0.00000e+00  0.00000e+00  7.06517e-07
0348  7.47367e+18  2.18077e+03  2.14876e+06  1.93860e-19  0.00000e+00  0.00000e+00  7.03039e-07
0349  7.49209e+18  2.17760e+03  2.15186e+06  1.92029e-19  0.00000e+00  0.00000e+00  6.99587e-07
0350  7.51050e+18  2.17443e+03  2.15496e+06  1.90219e-19  0.00000e+00  0.00000e+00  6.96161e-07
0351  7.52892e+18  2.17120e+03  2.15801e+06  1.88434e-19  0.00000e+00  0.00000e+00  6.92759e-07
0352  7.54733e+18  2.16791e+03  2.16100e+06  1.86702e-19  0.00000e+00  0.00000e+00  6.89383e-07
0353  7.56575e+18  2.16452e+03  2.16390e+06  1.84997e-19  0.00000e+00  0.00000e+00  6.86031e-07
0354  7.58416e+18  2.16103e+03  2.16670e+06  1.83319e-19  0.00000e+00  0.00000e+00  6.82703e-07
0355  7.60258e+18  2.15745e+03  2.16939e+06  1.81667e-19  0.00000e+00  0.00000e+00  6.79400e-07
0356  7.62100e+18  2.15380e+03  2.17197e+06  1.80040e-19  0.00000e+00  0.00000e+00  6.76121e-07
0357  7.63941e+18  2.15011e+03  2.17442e+06  1.78437e-19  0.00000e+00  0.00000e+00  6.72865e-07
0358  7.65783e+18  2.14640e+03  2.17675e+06  1.76855e-19  0.00000e+00  0.00000e+00  6.69632e-07
0359  7.67624e+18  2.14268e+03  2.17898e+06  1.75294e-19  0.00000e+00  0.00000e+00  6.66423e-07
0360  7.69466e+18  2.13896e+03  2.18111e+06  1.73753e-19  0.00000e+00  0.00000e+00  6.63237e-07
0361  7.71307e+18  2.13525e+03  2.18316e+06  1.72230e-19  0.00000e+00  0.00000e+00  6.60074e-07
0362  7.73149e+18  2.13154e+03  2.18515e+06  1.70725e-19  0.00000e+00  0.00000e+00  6.56933e-07
0363  7.74990e+18  2.12783e+03  2.18710e+06  1.69237e-19  0.00000e+00  0.00000e+00  6.53815e-07
0364  7.76832e+18  2.12411e+03  2.18900e+06  1.67767e-19  0.00000e+00  0.00000e+00  6.50719e-07
0365  7.78674e+18  2.12039e+03  2.19089e+06  1.66313e-19  0.00000e+00  0.00000e+00  6.47644e-07
0366  7.80515e+18  2.11662e+03  2.19277e+06  1.64876e-19  0.00000e+00  0.00000e+00  6.44592e-07
0367  7.82357e+18  2.11281e+03  2.19466e+06  1.63457e-19  0.00000e+00  0.00000e+00  6.41561e-07
0368  7.84198e+18  2.10893e+03  2.19656e+06  1.62055e-19  0.00000e+00  0.00000e+00  6.38551e-07
0369  7.86040e+18  2.10497e+03  2.19849e+06  1.60671e-19  0.00000e+00  0.00000e+00  6.35563e-07
0370  7.87881e+18  2.10092e+03  2.20045e+06  1.59304e-19  0.00000e+00  0.00000e+00  6.32595e-07
0371  7.89723e+18  2.09681e+03  2.20242e+06  1.57954e-19  0.00000e+00  0.00000e+00  6.29648e-07
0372  7.91564e+18  2.09263e+03  2.20441e+06  1.56620e-19  0.00000e+00  0.00000e+00  6.26722e-07
0373  7.93406e+18  2.08841e+03  2.20638e+06  1.55301e-19  0.00000e+00  0.00000e+00  6.23816e-07
0374  7.95248e+18  2.08416e+03  2.20835e+06  1.53998e-19  0.00000e+00  0.00000e+00  6.20930e-07
0375  7.97089e+18  2.07989e+03  2.21030e+06  1.52709e-19  0.00000e+00  0.00000e+00  6.18064e-07
0376  7.98931e+18  2.07560e+03  2.21222e+06  1.51434e-19  0.00000e+00  0.00000e+00  6.15218e-07
0377  8.00772e+18  2.07131e+03  2.21411e+06  1.50172e-19  0.00000e+00  0.00000e+00  6.12392e-07
0378  8.02614e+18  2.06703e+03  2.21596e+06  1.48923e-19  0.00000e+00  0.00000e+00  6.09585e-07
0379  8.04455e+18  2.06277e+03  2.21777e+06  1.47687e-19  0.00000e+00  0.00000e+00  6.06797e-07
0380  8.06297e+18  2.05854e+03  2.21953e+06  1.46463e-19  0.00000e+00  0.00000e+00  6.04029e-07
0381  8.08139e+18  2.05433e+03  2.22123e+06  1.45252e-19  0.00000e+00  0.00000e+00  6.01279e-07
0382  8.09980e+18  2.05017e+03  2.22288e+06  1.44052e-19  0.00000e+00  0.00000e+00  5.98548e-07
0383  8.11822e+18  2.04605e+03  2.22446e+06  1.42863e-19  0.00000e+00  0.00000e+00  5.95835e-07
0384  8.13663e+18  2.04197e+03  2.22599e+06  1.41686e-19  0.00000e+00  0.00000e+00  5.93141e-07
0385  8.15505e+18  2.03793e+03  2.22745e+06  1.40521e-19  0.00000e+00  0.00000e+00  5.90466e-07
0386  8.17346e+18  2.03395e+03  2.22884e+06  1.39367e-19  0.00000e+00  0.00000e+00  5.87808e-07
0387  8.19188e+18  2.03001e+03  2.23017e+06  1.38223e-19  0.00000e+00  0.00000e+00  5.85168e-07
0388  8.21029e+18  2.02613e+03  2.23142e+06  1.37090e-19  0.00000e+00  0.00000e+00  5.82546e-07
0389  8.22871e+18  2.02232e+03  2.23260e+06  1.35968e-19  0.00000e+00  0.00000e+00  5.79941e-07
0390  8.24713e+18  2.01858e+03  2.23370e+06  1.34857e-19  0.00000e+00  0.00000e+00  5.77354e-07
0391  8.26554e+18  2.01487e+03  2.23474e+06  1.33756e-19  0.00000e+00  0.00000e+00  5.74784e-07
0392  8.28396e+18  2.01122e+03  2.23571e+06  1.32666e-19  0.00000e+00  0.00000e+00  5.72232e-07
0393  8.30237e+18  2.00766e+03  2.23659e+06  1.31585e-19  0.00000e+00  0.00000e+00  5.69696e-07
0394  8.32079e+18  2.00420e+03  2.23736e+06  1.30514e-19  0.00000e+00  0.00000e+00  5.67177e-07
0395  8.33920e+18  2.00083e+03  2.23804e+06  1.29453e-19  0.00000e+00  0.00000e+00  5.64675e-07
0396  8.35762e+18  1.99755e+03  2.23861e+06  1.28402e-19  0.00000e+00  0.00000e+00  5.62189e-07
0397  8.37603e+18  1.99436e+03  2.23909e+06  1.27360e-19  0.00000e+00  0.00000e+00  5.59720e-07
0398  8.39445e+18  1.99126e+03  2.23947e+06  1.26329e-19  0.00000e+00  0.00000e+00  5.57267e-07
0399  8.41287e+18  1.98824e+03  2.23976e+06  1.25307e-19  0.00000e+00  0.00000e+00  5.54830e-07
0400  8.43128e+18  1.98529e+03  2.23995e+06  1.24295e-19  0.00000e+00  0.00000e+00  5.52409e-07
0401  8.44970e+18  1.98243e+03  2.24005e+06  1.23292e-19  0.00000e+00  0.00000e+00  5.50003e-07
0402  8.46811e+18  1.97963e+03  2.24005e+06  1.22300e-19  0.00000e+00  0.00000e+00  5.47614e-07
0403  8.48653e+18  1.97689e+03  2.23998e+06  1.21317e-19  0.00000e+00  0.00000e+00  5.45240e-07
0404  8.50494e+18  1.97421e+03  2.23981e+06  1.20344e-19  0.00000e+00  0.00000e+00  5.42881e-07
0405  8.52336e+18  1.97159e+03  2.23957e+06  1.19381e-19  0.00000e+00  0.00000e+00  5.40538e-07
0406  8.54177e+18  1.96902e+03  2.23924e+06  1.18428e-19  0.00000e+00  0.00000e+00  5.38209e-07
0407  8.56019e+18  1.96650e+03  2.23884e+06  1.17485e-19  0.00000e+00  0.00000e+00  5.35896e-07
0408  8.57861e+18  1.96401e+03  2.23836e+06  1.16551e-19  0.00000e+00  0.00000e+00  5.33598e-07
0409  8.59702e+18  1.96157e+03  2.23780e+06  1.15627e-19  0.00000e+00  0.00000e+00  5.31314e-07
0410  8.61544e+18  1.95917e+03  2.23716e+06  1.14713e-19  0.00000e+00  0.00000e+00  5.29045e-07
0411  8.63385e+18  1.95681e+03  2.23643e+06  1.13808e-19  0.00000e+00  0.00000e+00  5.26791e-07
0412  8.65227e+18  1.95447e+03  2.23563e+06  1.12914e-19  0.00000e+00  0.00000e+00  5.24551e-07
0413  8.67068e+18  1.95217e+03  2.23473e+06  1.12028e-19  0.00000e+00  0.00000e+00  5.22325e-07
0414  8.68910e+18  1.94991e+03  2.23375e+06  1.11153e-19  0.00000e+00  0.00000e+00  5.20113e-07
0415  8.70751e+18  1.94767e+03  2.23269e+06  1.10287e-19  0.00000e+00  0.00000e+00  5.17916e-07
0416  8.72593e+18  1.94547e+03  2.23154e+06  1.09430e-19  0.00000e+00  0.00000e+00  5.15732e-07
0417  8.74435e+18  1.94330e+03  2.23031e+06  1.08582e-19  0.00000e+00  0.00000e+00  5.13562e-07
0418  8.76276e+18  1.94117e+03  2.22900e+06  1.07743e-19  0.00000e+00  0.00000e+00  5.11406e-07
0419  8.78118e+18  1.93907e+03  2.22762e+06  1.06913e-19  0.00000e+00  0.00000e+00  5.09263e-07
0420  8.79959e+18  1.93702e+03  2.22616e+06  1.06092e-19  0.00000e+00  0.00000e+00  5.07134e-07
0421  8.81801e+18  1.93500e+03  2.22464e+06  1.05278e-19  0.00000e+00  0.00000e+00  5.05018e-07
0422  8.83642e+18  1.93303e+03  2.22305e+06  1.04473e-19  0.00000e+00  0.00000e+00  5.02915e-07
0423  8.85484e+18  1.93111e+03  2.22140e+06  1.03676e-19  0.00000e+00  0.00000e+00  5.00825e-07
0424  8.87326e+18  1.92923e+03  2.21969e+06  1.02887e-19  0.00000e+00  0.00000e+00  4.98749e-07
0425  8.89167e+18  1.92740e+03  2.21792e+06  1.02105e-19  0.00000e+00  0.00000e+00  4.96685e-07
0426  8.91009e+18  1.92562e+03  2.21610e+06  1.01332e-19  0.00000e+00  0.00000e+00  4.94634e-07
0427  8.92850e+18  1.92388e+03  2.21423e+06  1.00565e-19  0.00000e+00  0.00000e+00  4.92595e-07
0428  8.94692e+18  1.92218e+03  2.21231e+06  9.98059e-20  0.00000e+00  0.00000e+00  4.90570e-07
0429  8.96533e+18  1.92053e+03  2.21035e+06  9.90542e-20  0.00000e+00  0.00000e+00  4.88556e-07
0430  8.98375e+18  1.91892e+03  2.20834e+06  9.83096e-20  0.00000e+00  0.00000e+00  4.86555e-07
0431  9.00216e+18  1.91735e+03  2.20629e+06  9.75721e-20  0.00000e+00  0.00000e+00  4.84567e-07
0432  9.02058e+18  1.91582e+03  2.20421e+06  9.68417e-20  0.00000e+00  0.00000e+00  4.82590e-07
0433  9.03900e+18  1.91432e+03  2.20209e+06  9.61182e-20  0.00000e+00  0.00000e+00  4.80626e-07
0434  9.05741e+18  1.91285e+03  2.19995e+06  9.54015e-20  0.00000e+00  0.00000e+00  4.78674e-07
0435  9.07583e+18  1.91142e+03  2.19778e+06  9.46915e-20  0.00000e+00  0.00000e+00  4.76733e-07
0436  9.09424e+18  1.91003e+03  2.19559e+06  9.39881e-20  0.00000e+00  0.00000e+00  4.74804e-07
0437  9.11266e+18  1.90867e+03  2.19338e+06  9.32910e-20  0.00000e+00  0.00000e+00  4.72887e-07
0438  9.13107e+18  1.90734e+03  2.19116e+06  9.26003e-20  0.00000e+00  0.00000e+00  4.70982e-07
0439  9.14949e+18  1.90605e+03  2.18893e+06  9.19156e-20  0.00000e+00  0.00000e+00  4.69088e-07
0440  9.16790e+18  1.90480e+03  2.18671e+06  9.12368e-20  0.00000e+00  0.00000e+00  4.67205e-07
0441  9.18632e+18  1.90359e+03  2.18449e+06  9.05636e-20  0.00000e+00  0.00000e+00  4.65334e-07
0442  9.20474e+18  1.90243e+03  2.18228e+06  8.98958e-20  0.00000e+00  0.00000e+00  4.63474e-07
0443  9.22315e+18  1.90132e+03  2.18010e+06  8.92330e-20  0.00000e+00  0.00000e+00  4.61625e-07
0444  9.24157e+18  1.90028e+03  2.17796e+06  8.85750e-20  0.00000e+00  0.00000e+00  4.59787e-07
0445  9.25998e+18  1.89930e+03  2.17586e+06  8.79214e-20  0.00000e+00  0.00000e+00  4.57960e-07
0446  9.27840e+18  1.89840e+03  2.17380e+06  8.72721e-20  0.00000e+00  0.00000e+00  4.56144e-07
0447  9.29681e+18  1.89758e+03  2.17181e+06  8.66268e-20  0.00000e+00  0.00000e+00  4.54338e-07
0448  9.31523e+18  1.89683e+03  2.16987e+06  8.59856e-20  0.00000e+00  0.00000e+00  4.52544e-07
0449  9.33364e+18  1.89616e+03  2.16799e+06  8.53484e-20  0.00000e+00  0.00000e+00  4.50760e-07
0450  9.35206e+18  1.89556e+03  2.16617e+06  8.47154e-20  0.00000e+00  0.00000e+00  4.48986e-07
0451  9.37048e+18  1.89502e+03  2.16439e+06  8.40866e-20  0.00000e+00  0.00000e+00  4.47223e-07
0452  9.38889e+18  1.89455e+03  2.16265e+06  8.34621e-20  0.00000e+00  0.00000e+00  4.45470e-07
0453  9.40731e+18  1.89413e+03  2.16095e+06  8.28418e-20  0.00000e+00  0.00000e+00  4.43728e-07
0454  9.42572e+18  1.89377e+03  2.15929e+06  8.22262e-20  0.00000e+00  0.00000e+00  4.41996e-07
0455  9.44414e+18  1.89345e+03  2.15766e+06  8.16151e-20  0.00000e+00  0.00000e+00  4.40274e-07
0456  9.46255e+18  1.89319e+03  2.15606e+06  8.10087e-20  0.00000e+00  0.00000e+00  4.38562e-07
0457  9.48097e+18  1.89297e+03  2.15448e+06  8.04070e-20  0.00000e+00  0.00000e+00  4.36860e-07
0458  9.49939e+18  1.89279e+03  2.15293e+06  7.98100e-20  0.00000e+00  0.00000e+00  4.35168e-07
0459  9.51780e+18  1.89264e+03  2.15140e+06  7.92179e-20  0.00000e+00  0.00000e+00  4.33485e-07
0460  9.53622e+18  1.89253e+03  2.14988e+06  7.86307e-20  0.00000e+00  0.00000e+00  4.31813e-07
0461  9.55463e+18  1.89245e+03  2.14837e+06  7.80485e-20  0.00000e+00  0.00000e+00  4.30150e-07
0462  9.57305e+18  1.89238e+03  2.14687e+06  7.74716e-20  0.00000e+00  0.00000e+00  4.28496e-07
0463  9.59146e+18  1.89232e+03  2.14536e+06  7.68999e-20  0.00000e+00  0.00000e+00  4.26853e-07
0464  9.60988e+18  1.89227e+03  2.14384e+06  7.63335e-20  0.00000e+00  0.00000e+00  4.25218e-07
0465  9.62829e+18  1.89222e+03  2.14231e+06  7.57727e-20  0.00000e+00  0.00000e+00  4.23593e-07
0466  9.64671e+18  1.89217e+03  2.14077e+06  7.52172e-20  0.00000e+00  0.00000e+00  4.21977e-07
0467  9.66513e+18  1.89212e+03  2.13921e+06  7.46673e-20  0.00000e+00  0.00000e+00  4.20371e-07
0468  9.68354e+18  1.89205e+03  2.13763e+06  7.41227e-20  0.00000e+00  0.00000e+00  4.18773e-07
0469  9.70196e+18  1.89198e+03  2.13604e+06  7.35837e-20  0.00000e+00  0.00000e+00  4.17185e-07
0470  9.72037e+18  1.89189e+03  2.13443e+06  7.30500e-20  0.00000e+00  0.00000e+00  4.15606e-07
0471  9.73879e+18  1.89178e+03  2.13280e+06  7.25217e-20  0.00000e+00  0.00000e+00  4.14036e-07
0472  9.75720e+18  1.89166e+03  2.13115e+06  7.19988e-20  0.00000e+00  0.00000e+00  4.12474e-07
0473  9.77562e+18  1.89153e+03  2.12950e+06  7.14806e-20  0.00000e+00  0.00000e+00  4.10922e-07
0474  9.79403e+18  1.89145e+03  2.12790e+06  7.09660e-20  0.00000e+00  0.00000e+00  4.09378e-07
0475  9.81245e+18  1.89151e+03  2.12647e+06  7.04521e-20  0.00000e+00  0.00000e+00  4.07843e-07
0476  9.83087e+18  1.89191e+03  2.12542e+06  6.99338e-20  0.00000e+00  0.00000e+00  4.06316e-07
0477  9.84928e+18  1.89292e+03  2.12506e+06  6.94036e-20  0.00000e+00  0.00000e+00  4.04798e-07
0478  9.86770e+18  1.89482e+03  2.12569e+06  6.88545e-20  0.00000e+00  0.00000e+00  4.03289e-07
0479  9.88611e+18  1.89741e+03  2.12710e+06  6.82921e-20  0.00000e+00  0.00000e+00  4.01788e-07
0480  9.90453e+18  1.89886e+03  2.12723e+06  6.77654e-20  0.00000e+00  0.00000e+00  4.00295e-07
0481  9.92294e+18  1.89588e+03  2.12239e+06  6.73604e-20  0.00000e+00  0.00000e+00  3.98810e-07
0482  9.94136e+18  1.88925e+03  2.11344e+06  6.70543e-20  0.00000e+00  0.00000e+00  3.97334e-07
0483  9.95977e+18  1.88193e+03  2.10368e+06  6.67682e-20  0.00000e+00  0.00000e+00  3.95866e-07
0484  9.97819e+18  1.87334e+03  2.09246e+06  6.65165e-20  0.00000e+00  0.00000e+00  3.94406e-07
0485  9.99661e+18  1.86197e+03  2.07810e+06  6.63363e-20  0.00000e+00  0.00000e+00  3.92955e-07
0486  1.00150e+19  1.84570e+03  2.05821e+06  6.62783e-20  0.00000e+00  0.00000e+00  3.91511e-07
0487  1.00334e+19  1.82167e+03  2.02959e+06  6.64068e-20  0.00000e+00  0.00000e+00  3.90075e-07
0488  1.00519e+19  1.78627e+03  1.98822e+06  6.71646e-20  0.00000e+00  0.00000e+00  3.88647e-07
0489  1.00703e+19  1.73548e+03  1.92957e+06  6.84750e-20  0.00000e+00  0.00000e+00  3.87227e-07
0490  1.00887e+19  1.66556e+03  1.84947e+06  7.04574e-20  0.00000e+00  0.00000e+00  3.85814e-07
0491  1.01071e+19  1.57438e+03  1.74557e+06  7.30882e-20  0.00000e+00  0.00000e+00  3.84410e-07
0492  1.01255e+19  1.46286e+03  1.61888e+06  7.68241e-20  0.00000e+00  0.00000e+00  3.83013e-07
0493  1.01439e+19  1.33575e+03  1.47471e+06  8.18889e-20  0.00000e+00  0.00000e+00  3.81623e-07
0494  1.01623e+19  1.20107e+03  1.32204e+06  8.87563e-20  0.00000e+00  0.00000e+00  3.80242e-07
0495  1.01808e+19  1.06806e+03  1.17116e+06  1.01661e-19  0.00000e+00  0.00000e+00  3.78867e-07
0496  1.01992e+19  9.44804e+02  1.03103e+06  1.19737e-19  0.00000e+00  0.00000e+00  3.77500e-07
0497  1.02176e+19  8.36844e+02  9.07848e+05  1.46941e-19  0.00000e+00  0.00000e+00  3.76141e-07
0498  1.02360e+19  7.47571e+02  8.05229e+05  1.81936e-19  0.00000e+00  0.00000e+00  3.74789e-07
0499  1.02544e+19  6.80170e+02  7.26483e+05  2.18908e-19  0.00000e+00  0.00000e+00  3.73444e-07
0500  1.02728e+19  6.38711e+02  6.75701e+05  2.49744e-19  0.00000e+00  0.00000e+00  3.72106e-07
0501  1.02913e+19  6.22337e+02  6.51548e+05  2.66631e-19  0.00000e+00  0.00000e+00  3.70775e-07
0502  1.03097e+19  6.18472e+02  6.40512e+05  2.72726e-19  0.00000e+00  0.00000e+00  3.69452e-07
0503  1.03281e+19  6.16396e+02  6.31389e+05  2.77286e-19  0.00000e+00  0.00000e+00  3.68136e-07
0504  1.03465e+19  6.14912e+02  6.22928e+05  2.81331e-19  0.00000e+00  0.00000e+00  3.66826e-07
0505  1.03649e+19  6.14487e+02  6.15564e+05  2.84410e-19  0.00000e+00  0.00000e+00  3.65524e-07
0506  1.03833e+19  6.15414e+02  6.09558e+05  2.86218e-19  0.00000e+00  0.00000e+00  3.64229e-07
0507  1.04017e+19  6.17789e+02  6.04984e+05  2.86636e-19  0.00000e+00  0.00000e+00  3.62940e-07
0508  1.04202e+19  6.21570e+02  6.01785e+05  2.85697e-19  0.00000e+00  0.00000e+00  3.61658e-07
0509  1.04386e+19  6.26635e+02  5.99825e+05  2.83533e-19  0.00000e+00  0.00000e+00  3.60383e-07
0510  1.04570e+19  6.32826e+02  5.98937e+05  2.80326e-19  0.00000e+00  0.00000e+00  3.59115e-07
0511  1.04754e+19  6.39979e+02  5.98953e+05  2.76269e-19  0.00000e+00  0.00000e+00  3.57854e-07
0512  1.04938e+19  6.47944e+02  5.99723e+05  2.71544e-19  0.00000e+00  0.00000e+00  3.56599e-07
0513  1.05122e+19  6.56604e+02  6.01141e+05  2.66297e-19  0.00000e+00  0.00000e+00  3.55350e-07
0514  1.05307e+19  6.65890e+02  6.03130e+05  2.61468e-19  0.00000e+00  0.00000e+00  3.54109e-07
0515  1.05491e+19  6.75764e+02  6.05627e+05  2.56284e-19  0.00000e+00  0.00000e+00  3.52873e-07
0516  1.05675e+19  6.86205e+02  6.08594e+05  2.50804e-19  0.00000e+00  0.00000e+00  3.51645e-07
0517  1.05859e+19  6.97203e+02  6.12014e+05  2.45067e-19  0.00000e+00  0.00000e+00  3.50422e-07
0518  1.06043e+19  7.08756e+02  6.15887e+05  2.39106e-19  0.00000e+00  0.00000e+00  3.49206e-07
0519  1.06227e+19  7.20876e+02  6.20223e+05  2.32946e-19  0.00000e+00  0.00000e+00  3.47996e-07
0520  1.06412e+19  7.33582e+02  6.25037e+05  2.26609e-19  0.00000e+00  0.00000e+00  3.46793e-07
0521  1.06596e+19  7.46896e+02  6.30346e+05  2.20115e-19  0.00000e+00  0.00000e+00  3.45596e-07
0522  1.06780e+19  7.60841e+02  6.36162e+05  2.13489e-19  0.00000e+00  0.00000e+00  3.44405e-07
0523  1.06964e+19  7.75433e+02  6.42497e+05  2.06757e-19  0.00000e+00  0.00000e+00  3.43220e-07
0524  1.07148e+19  7.90686e+02  6.49356e+05  2.00078e-19  0.00000e+00  0.00000e+00  3.42041e-07
0525  1.07332e+19  8.06606e+02  6.56739e+05  1.93220e-19  0.00000e+00  0.00000e+00  3.40868e-07
0526  1.07516e+19  8.23187e+02  6.64639e+05  1.86639e-19  0.00000e+00  0.00000e+00  3.39702e-07
0527  1.07701e+19  8.40401e+02  6.73027e+05  1.80068e-19  0.00000e+00  0.00000e+00  3.38541e-07
0528  1.07885e+19  8.58190e+02  6.81854e+05  1.73555e-19  0.00000e+00  0.00000e+00  3.37386e-07
0529  1.08069e+19  8.76461e+02  6.91048e+05  1.67151e-19  0.00000e+00  0.00000e+00  3.36237e-07
0530  1.08253e+19  8.95096e+02  7.00517e+05  1.60907e-19  0.00000e+00  0.00000e+00  3.35094e-07
0531  1.08437e+19  9.13960e+02  7.10155e+05  1.54873e-19  0.00000e+00  0.00000e+00  3.33957e-07
0532  1.08621e+19  9.32927e+02  7.19869e+05  1.49083e-19  0.00000e+00  0.00000e+00  3.32826e-07
0533  1.08806e+19  9.51859e+02  7.29560e+05  1.44796e-19  0.00000e+00  0.00000e+00  3.31700e-07
0534  1.08990e+19  9.70588e+02  7.39077e+05  1.39960e-19  0.00000e+00  0.00000e+00  3.30580e-07
0535  1.09174e+19  9.88934e+02  7.48294e+05  1.35409e-19  0.00000e+00  0.00000e+00  3.29466e-07
0536  1.09358e+19  1.00675e+03  7.57113e+05  1.31156e-19  0.00000e+00  0.00000e+00  3.28357e-07
0537  1.09542e+19  1.02392e+03  7.65464e+05  1.27199e-19  0.00000e+00  0.00000e+00  3.27254e-07
0538  1.09726e+19  1.04041e+03  7.73317e+05  1.23599e-19  0.00000e+00  0.00000e+00  3.26156e-07
0539  1.09910e+19  1.05621e+03  7.80670e+05  1.20355e-19  0.00000e+00  0.00000e+00  3.25064e-07
0540  1.10095e+19  1.07134e+03  7.87545e+05  1.17332e-19  0.00000e+00  0.00000e+00  3.23978e-07
0541  1.10279e+19  1.08586e+03  7.93986e+05  1.14505e-19  0.00000e+00  0.00000e+00  3.22897e-07
0542  1.10463e+19  1.09984e+03  8.00050e+05  1.11848e-19  0.00000e+00  0.00000e+00  3.21821e-07
0543  1.10647e+19  1.11334e+03  8.05796e+05  1.09339e-19  0.00000e+00  0.00000e+00  3.20751e-07
0544  1.10831e+19  1.12646e+03  8.11285e+05  1.06955e-19  0.00000e+00  0.00000e+00  3.19686e-07
0545  1.11015e+19  1.13925e+03  8.16570e+05  1.04679e-19  0.00000e+00  0.00000e+00  3.18626e-07
0546  1.11200e+19  1.15179e+03  8.21697e+05  1.02495e-19  0.00000e+00  0.00000e+00  3.17571e-07
0547  1.11384e+19  1.16411e+03  8.26701e+05  1.00391e-19  0.00000e+00  0.00000e+00  3.16522e-07
0548  1.11568e+19  1.17624e+03  8.31609e+05  9.83690e-20  0.00000e+00  0.00000e+00  3.15478e-07
0549  1.11752e+19  1.18823e+03  8.36438e+05  9.64240e-20  0.00000e+00  0.00000e+00  3.14439e-07
0550  1.11936e+19  1.20006e+03  8.41198e+05  9.45404e-20  0.00000e+00  0.00000e+00  3.13405e-07
0551  1.12120e+19  1.21178e+03  8.45899e+05  9.27125e-20  0.00000e+00  0.00000e+00  3.12377e-07
0552  1.12305e+19  1.22325e+03  8.50504e+05  9.09500e-20  0.00000e+00  0.00000e+00  3.11353e-07
0553  1.12489e+19  1.23502e+03  8.55176e+05  8.92024e-20  0.00000e+00  0.00000e+00  3.10335e-07
0554  1.12673e+19  1.24486e+03  8.59260e+05  8.76608e-20  0.00000e+00  0.00000e+00  3.09321e-07
0555  1.12857e+19  1.26459e+03  8.66214e+05  8.55953e-20  0.00000e+00  0.00000e+00  3.08312e-07
