# Athena++ data at time=4.240000e+12  cycle=284123093  variables=uov 
# i       x1v         user_out_var0          user_out_var1          user_out_var2          user_out_var3          user_out_var4          user_out_var5      
0002  1.13875e+18  4.91745e+00  3.03478e+04  5.59999e-16  0.00000e+00  0.00000e+00  3.02826e-05
0003  1.15716e+18  1.03218e+01  4.00223e+04  8.70667e-17  0.00000e+00  0.00000e+00  2.93264e-05
0004  1.17558e+18  1.54636e+01  4.91676e+04  4.30151e-17  0.00000e+00  0.00000e+00  2.84148e-05
0005  1.19399e+18  2.23004e+01  6.13414e+04  6.27736e-17  0.00000e+00  0.00000e+00  2.75451e-05
0006  1.21241e+18  3.29235e+01  8.15989e+04  1.03474e-16  0.00000e+00  0.00000e+00  2.67147e-05
0007  1.23082e+18  5.31275e+01  1.23384e+05  1.29045e-16  0.00000e+00  0.00000e+00  2.59213e-05
0008  1.24924e+18  6.27570e+01  1.36872e+05  2.81806e-17  0.00000e+00  0.00000e+00  2.51628e-05
0009  1.26765e+18  6.77534e+01  1.43373e+05  2.26096e-17  0.00000e+00  0.00000e+00  2.44370e-05
0010  1.28607e+18  7.21107e+01  1.48194e+05  2.04176e-17  0.00000e+00  0.00000e+00  2.37422e-05
0011  1.30448e+18  7.54135e+01  1.50867e+05  1.48585e-17  0.00000e+00  0.00000e+00  2.30766e-05
0012  1.32290e+18  7.84607e+01  1.53363e+05  1.49508e-17  0.00000e+00  0.00000e+00  2.24386e-05
0013  1.34131e+18  8.15901e+01  1.55963e+05  1.49568e-17  0.00000e+00  0.00000e+00  2.18267e-05
0014  1.35973e+18  8.47005e+01  1.58586e+05  1.40251e-17  0.00000e+00  0.00000e+00  2.12395e-05
0015  1.37814e+18  8.75320e+01  1.60745e+05  1.22511e-17  0.00000e+00  0.00000e+00  2.06757e-05
0016  1.39656e+18  9.02152e+01  1.62802e+05  1.17372e-17  0.00000e+00  0.00000e+00  2.01340e-05
0017  1.41497e+18  9.28810e+01  1.64893e+05  1.14584e-17  0.00000e+00  0.00000e+00  1.96134e-05
0018  1.43339e+18  9.54907e+01  1.66991e+05  1.02843e-17  0.00000e+00  0.00000e+00  1.91126e-05
0019  1.45180e+18  9.74409e+01  1.67935e+05 -8.06223e-19  0.00000e+00  0.00000e+00  1.86309e-05
0020  1.47022e+18  9.97016e+01  1.69825e+05  1.02699e-17  0.00000e+00  0.00000e+00  1.81671e-05
0021  1.48863e+18  1.02341e+02  1.72121e+05  4.40412e-17  0.00000e+00  0.00000e+00  1.77204e-05
0022  1.50705e+18  1.04374e+02  1.73445e+05  7.54627e-18  0.00000e+00  0.00000e+00  1.72900e-05
0023  1.52546e+18  1.06316e+02  1.75006e+05  8.08429e-18  0.00000e+00  0.00000e+00  1.68750e-05
0024  1.54388e+18  1.08433e+02  1.76771e+05  8.32892e-18  0.00000e+00  0.00000e+00  1.64749e-05
0027  1.56229e+18  1.10560e+02  1.78616e+05  8.09554e-18  0.00000e+00  0.00000e+00  1.60888e-05
0028  1.58071e+18  1.12660e+02  1.80511e+05  7.90171e-18  0.00000e+00  0.00000e+00  1.57161e-05
0029  1.59912e+18  1.14756e+02  1.82480e+05  7.80383e-18  0.00000e+00  0.00000e+00  1.53562e-05
0030  1.61754e+18  1.16871e+02  1.84551e+05  7.77252e-18  0.00000e+00  0.00000e+00  1.50085e-05
0031  1.63595e+18  1.19028e+02  1.86755e+05  7.80367e-18  0.00000e+00  0.00000e+00  1.46726e-05
0032  1.65437e+18  1.21248e+02  1.89129e+05  7.85262e-18  0.00000e+00  0.00000e+00  1.43477e-05
0033  1.67278e+18  1.23485e+02  1.91614e+05  7.56219e-18  0.00000e+00  0.00000e+00  1.40336e-05
0034  1.69120e+18  1.25422e+02  1.93733e+05  6.49701e-18  0.00000e+00  0.00000e+00  1.37296e-05
0035  1.70961e+18  1.26978e+02  1.95486e+05  5.64855e-18  0.00000e+00  0.00000e+00  1.34354e-05
0036  1.72803e+18  1.28256e+02  1.96962e+05  5.18947e-18  0.00000e+00  0.00000e+00  1.31506e-05
0037  1.74644e+18  1.29517e+02  1.98537e+05  5.35135e-18  0.00000e+00  0.00000e+00  1.28747e-05
0038  1.76486e+18  1.30907e+02  2.00317e+05  5.59875e-18  0.00000e+00  0.00000e+00  1.26074e-05
0039  1.78328e+18  1.32412e+02  2.02298e+05  5.74578e-18  0.00000e+00  0.00000e+00  1.23484e-05
0040  1.80169e+18  1.33993e+02  2.04441e+05  5.82066e-18  0.00000e+00  0.00000e+00  1.20973e-05
0041  1.82011e+18  1.35628e+02  2.06725e+05  5.82958e-18  0.00000e+00  0.00000e+00  1.18537e-05
0042  1.83852e+18  1.37235e+02  2.09044e+05  5.62125e-18  0.00000e+00  0.00000e+00  1.16174e-05
0043  1.85694e+18  1.38631e+02  2.11127e+05  4.96536e-18  0.00000e+00  0.00000e+00  1.13882e-05
0044  1.87535e+18  1.40712e+02  2.14404e+05  4.82987e-18  0.00000e+00  0.00000e+00  1.11656e-05
0045  1.89377e+18  1.45246e+02  2.22313e+05  1.10471e-17  0.00000e+00  0.00000e+00  1.09495e-05
0046  1.91218e+18  1.44126e+02  2.20388e+05  5.45277e-18  0.00000e+00  0.00000e+00  1.07396e-05
0047  1.93060e+18  1.41025e+02  2.15008e+05  1.39561e-18  0.00000e+00  0.00000e+00  1.05357e-05
0048  1.94901e+18  1.43213e+02  2.18847e+05  1.19159e-18  0.00000e+00  0.00000e+00  1.03376e-05
0049  1.96743e+18  1.40880e+02  2.15184e+05 -1.49828e-17  0.00000e+00  0.00000e+00  1.01449e-05
0050  1.98584e+18  1.23853e+02  1.92597e+05 -3.90375e-17  0.00000e+00  0.00000e+00  9.95766e-06
0051  2.00426e+18  1.11481e+02  1.79499e+05 -3.57241e-18  0.00000e+00  0.00000e+00  9.77552e-06
0052  2.02267e+18  1.09775e+02  1.77945e+05  8.04471e-19  0.00000e+00  0.00000e+00  9.59833e-06
0053  2.04109e+18  1.09514e+02  1.77686e+05  4.20218e-18  0.00000e+00  0.00000e+00  9.42591e-06
0054  2.05951e+18  1.09862e+02  1.77984e+05  4.53705e-18  0.00000e+00  0.00000e+00  9.25810e-06
0055  2.07792e+18  1.10032e+02  1.78136e+05  4.06151e-18  0.00000e+00  0.00000e+00  9.09473e-06
0056  2.09634e+18  1.09974e+02  1.78087e+05  3.64789e-18  0.00000e+00  0.00000e+00  8.93564e-06
0057  2.11475e+18  1.09745e+02  1.77893e+05  3.02419e-18  0.00000e+00  0.00000e+00  8.78070e-06
0058  2.13317e+18  1.09719e+02  1.77883e+05  1.76369e-18  0.00000e+00  0.00000e+00  8.62975e-06
0059  2.15158e+18  1.10051e+02  1.78177e+05  1.39274e-18  0.00000e+00  0.00000e+00  8.48265e-06
0060  2.17000e+18  1.10737e+02  1.78788e+05  9.92291e-19  0.00000e+00  0.00000e+00  8.33929e-06
0061  2.18841e+18  1.11125e+02  1.79169e+05 -1.73380e-18  0.00000e+00  0.00000e+00  8.19953e-06
0062  2.20683e+18  1.12361e+02  1.80272e+05 -4.63028e-19  0.00000e+00  0.00000e+00  8.06326e-06
0063  2.22524e+18  1.70199e+02  2.69068e+05 -5.54606e-18  0.00000e+00  0.00000e+00  7.93035e-06
0064  2.24366e+18  3.78008e+02  6.14887e+05  1.19449e-16  0.00000e+00  0.00000e+00  7.80071e-06
0065  2.26207e+18  6.00324e+02  9.52084e+05  4.32000e-17  0.00000e+00  0.00000e+00  7.67421e-06
0066  2.28049e+18  7.44961e+02  1.19212e+06  2.76119e-17  0.00000e+00  0.00000e+00  7.55077e-06
0067  2.29891e+18  8.48813e+02  1.37131e+06  2.30034e-17  0.00000e+00  0.00000e+00  7.43029e-06
0068  2.31732e+18  9.39928e+02  1.53119e+06  2.13348e-17  0.00000e+00  0.00000e+00  7.31266e-06
0069  2.33574e+18  1.03372e+03  1.69640e+06  2.17270e-17  0.00000e+00  0.00000e+00  7.19781e-06
0070  2.35415e+18  1.13491e+03  1.88058e+06  2.14575e-17  0.00000e+00  0.00000e+00  7.08564e-06
0071  2.37257e+18  1.24747e+03  2.09299e+06  2.05874e-17  0.00000e+00  0.00000e+00  6.97607e-06
0072  2.39098e+18  1.37951e+03  2.34054e+06  1.97690e-17  0.00000e+00  0.00000e+00  6.86902e-06
0073  2.40940e+18  1.53694e+03  2.62385e+06  1.83689e-17  0.00000e+00  0.00000e+00  6.76442e-06
0074  2.42781e+18  1.70900e+03  2.93767e+06  1.66371e-17  0.00000e+00  0.00000e+00  6.66219e-06
0075  2.44623e+18  1.86518e+03  3.25271e+06  1.50388e-17  0.00000e+00  0.00000e+00  6.56226e-06
0076  2.46464e+18  1.94430e+03  3.45480e+06  1.40829e-17  0.00000e+00  0.00000e+00  6.46456e-06
0077  2.48306e+18  1.92193e+03  3.47717e+06  1.36313e-17  0.00000e+00  0.00000e+00  6.36903e-06
0078  2.50147e+18  1.88606e+03  3.44208e+06  1.33141e-17  0.00000e+00  0.00000e+00  6.27560e-06
0079  2.51989e+18  1.76367e+03  3.21338e+06  1.35255e-17  0.00000e+00  0.00000e+00  6.18421e-06
0080  2.53831e+18  1.15093e+03  2.12305e+06  1.43092e-17  0.00000e+00  0.00000e+00  6.09480e-06
0081  2.55672e+18  2.79696e+02  5.29952e+05  4.93136e-17  0.00000e+00  0.00000e+00  6.00732e-06
0082  2.57514e+18  9.43128e+01  1.68017e+05 -1.91613e-16  0.00000e+00  0.00000e+00  5.92171e-06
0083  2.59355e+18  8.64046e+01  1.59893e+05  1.07525e-18  0.00000e+00  0.00000e+00  5.83791e-06
0084  2.61197e+18  8.67121e+01  1.60125e+05  9.80844e-19  0.00000e+00  0.00000e+00  5.75588e-06
0085  2.63038e+18  8.80041e+01  1.61102e+05  1.06184e-18  0.00000e+00  0.00000e+00  5.67557e-06
0086  2.64880e+18  8.94244e+01  1.62195e+05  5.33915e-19  0.00000e+00  0.00000e+00  5.59693e-06
0087  2.66721e+18  9.09595e+01  1.63390e+05  2.09108e-19  0.00000e+00  0.00000e+00  5.51991e-06
0088  2.68563e+18  9.26402e+01  1.64716e+05 -5.69542e-20  0.00000e+00  0.00000e+00  5.44447e-06
0089  2.70404e+18  9.43270e+01  1.66066e+05 -1.90569e-19  0.00000e+00  0.00000e+00  5.37056e-06
0090  2.72246e+18  9.58259e+01  1.67283e+05 -3.23841e-19  0.00000e+00  0.00000e+00  5.29815e-06
0091  2.74088e+18  9.71903e+01  1.67935e+05 -1.07986e-17  0.00000e+00  0.00000e+00  5.22720e-06
0092  2.75929e+18  9.87995e+01  1.69094e+05 -1.19708e-18  0.00000e+00  0.00000e+00  5.15766e-06
0093  2.77771e+18  1.00521e+02  1.70575e+05 -6.06253e-19  0.00000e+00  0.00000e+00  5.08950e-06
0094  2.79612e+18  1.01915e+02  1.71826e+05 -3.18931e-19  0.00000e+00  0.00000e+00  5.02268e-06
0095  2.81454e+18  1.03052e+02  1.72445e+05 -6.27436e-19  0.00000e+00  0.00000e+00  4.95717e-06
0096  2.83295e+18  1.04205e+02  1.73368e+05 -1.34124e-18  0.00000e+00  0.00000e+00  4.89293e-06
0097  2.85137e+18  1.05782e+02  1.74697e+05 -3.36010e-18  0.00000e+00  0.00000e+00  4.82993e-06
0098  2.86978e+18  1.10435e+02  1.78757e+05 -5.92408e-18  0.00000e+00  0.00000e+00  4.76814e-06
0099  2.88820e+18  1.25356e+02  1.93861e+05 -2.36467e-18  0.00000e+00  0.00000e+00  4.70753e-06
0100  2.90661e+18  1.85596e+02  2.95985e+05  2.18591e-17  0.00000e+00  0.00000e+00  4.64807e-06
0101  2.92503e+18  3.41491e+02  4.98826e+05  6.82444e-17  0.00000e+00  0.00000e+00  4.58973e-06
0102  2.94345e+18  4.96694e+02  6.76357e+05  3.79375e-17  0.00000e+00  0.00000e+00  4.53248e-06
0103  2.96186e+18  6.03347e+02  7.97448e+05  2.61780e-17  0.00000e+00  0.00000e+00  4.47629e-06
0104  2.98028e+18  6.82736e+02  8.85124e+05  2.06771e-17  0.00000e+00  0.00000e+00  4.42114e-06
0105  2.99869e+18  7.48855e+02  9.56571e+05  1.75882e-17  0.00000e+00  0.00000e+00  4.36701e-06
0106  3.01711e+18  8.07300e+02  1.01858e+06  1.54807e-17  0.00000e+00  0.00000e+00  4.31386e-06
0107  3.03552e+18  8.60551e+02  1.07397e+06  1.39846e-17  0.00000e+00  0.00000e+00  4.26168e-06
0108  3.05394e+18  9.09104e+02  1.12380e+06  1.27538e-17  0.00000e+00  0.00000e+00  4.21044e-06
0109  3.07235e+18  9.54140e+02  1.17016e+06  1.19636e-17  0.00000e+00  0.00000e+00  4.16011e-06
0110  3.09077e+18  9.96749e+02  1.21352e+06  1.12401e-17  0.00000e+00  0.00000e+00  4.11069e-06
0111  3.10918e+18  1.03694e+03  1.25457e+06  1.05844e-17  0.00000e+00  0.00000e+00  4.06214e-06
0112  3.12760e+18  1.07507e+03  1.29369e+06  1.00373e-17  0.00000e+00  0.00000e+00  4.01444e-06
0113  3.14602e+18  1.11139e+03  1.33095e+06  9.53001e-18  0.00000e+00  0.00000e+00  3.96758e-06
0114  3.16443e+18  1.14623e+03  1.36676e+06  9.10988e-18  0.00000e+00  0.00000e+00  3.92154e-06
0115  3.18285e+18  1.17994e+03  1.40120e+06  8.73008e-18  0.00000e+00  0.00000e+00  3.87629e-06
0116  3.20126e+18  1.21257e+03  1.43435e+06  8.36891e-18  0.00000e+00  0.00000e+00  3.83182e-06
0117  3.21968e+18  1.24410e+03  1.46619e+06  8.02649e-18  0.00000e+00  0.00000e+00  3.78811e-06
0118  3.23809e+18  1.27469e+03  1.49710e+06  7.75533e-18  0.00000e+00  0.00000e+00  3.74515e-06
0119  3.25651e+18  1.30443e+03  1.52712e+06  7.49492e-18  0.00000e+00  0.00000e+00  3.70291e-06
0120  3.27492e+18  1.33321e+03  1.55635e+06  7.24014e-18  0.00000e+00  0.00000e+00  3.66138e-06
0121  3.29334e+18  1.36102e+03  1.58491e+06  6.99917e-18  0.00000e+00  0.00000e+00  3.62055e-06
0122  3.31176e+18  1.38788e+03  1.61286e+06  6.77174e-18  0.00000e+00  0.00000e+00  3.58040e-06
0123  3.33017e+18  1.41383e+03  1.64022e+06  6.55016e-18  0.00000e+00  0.00000e+00  3.54091e-06
0124  3.34859e+18  1.43890e+03  1.66697e+06  6.33530e-18  0.00000e+00  0.00000e+00  3.50207e-06
0125  3.36700e+18  1.46313e+03  1.69309e+06  6.12766e-18  0.00000e+00  0.00000e+00  3.46386e-06
0126  3.38542e+18  1.48657e+03  1.71856e+06  5.92755e-18  0.00000e+00  0.00000e+00  3.42628e-06
0127  3.40383e+18  1.50924e+03  1.74338e+06  5.73853e-18  0.00000e+00  0.00000e+00  3.38931e-06
0128  3.42225e+18  1.53120e+03  1.76759e+06  5.56057e-18  0.00000e+00  0.00000e+00  3.35293e-06
0129  3.44066e+18  1.55246e+03  1.79122e+06  5.38893e-18  0.00000e+00  0.00000e+00  3.31713e-06
0130  3.45908e+18  1.57296e+03  1.81427e+06  5.22363e-18  0.00000e+00  0.00000e+00  3.28191e-06
0131  3.47749e+18  1.59271e+03  1.83683e+06  5.06455e-18  0.00000e+00  0.00000e+00  3.24724e-06
0132  3.49591e+18  1.61177e+03  1.85904e+06  4.93261e-18  0.00000e+00  0.00000e+00  3.21312e-06
0133  3.51433e+18  1.63008e+03  1.88087e+06  4.78757e-18  0.00000e+00  0.00000e+00  3.17953e-06
0134  3.53274e+18  1.64759e+03  1.90233e+06  4.64798e-18  0.00000e+00  0.00000e+00  3.14647e-06
0135  3.55116e+18  1.66433e+03  1.92343e+06  4.51373e-18  0.00000e+00  0.00000e+00  3.11392e-06
0136  3.56957e+18  1.68033e+03  1.94418e+06  4.38464e-18  0.00000e+00  0.00000e+00  3.08188e-06
0137  3.58799e+18  1.69563e+03  1.96457e+06  4.26054e-18  0.00000e+00  0.00000e+00  3.05032e-06
0138  3.60640e+18  1.71027e+03  1.98459e+06  4.14125e-18  0.00000e+00  0.00000e+00  3.01925e-06
0139  3.62482e+18  1.72428e+03  2.00425e+06  4.02658e-18  0.00000e+00  0.00000e+00  2.98865e-06
0140  3.64323e+18  1.73768e+03  2.02353e+06  3.91634e-18  0.00000e+00  0.00000e+00  2.95851e-06
0141  3.66165e+18  1.75046e+03  2.04246e+06  3.81036e-18  0.00000e+00  0.00000e+00  2.92883e-06
0142  3.68007e+18  1.76264e+03  2.06105e+06  3.70847e-18  0.00000e+00  0.00000e+00  2.89959e-06
0143  3.69848e+18  1.77420e+03  2.07931e+06  3.61051e-18  0.00000e+00  0.00000e+00  2.87079e-06
0144  3.71690e+18  1.78514e+03  2.09727e+06  3.51631e-18  0.00000e+00  0.00000e+00  2.84241e-06
0145  3.73531e+18  1.79546e+03  2.11496e+06  3.42571e-18  0.00000e+00  0.00000e+00  2.81445e-06
0146  3.75373e+18  1.80510e+03  2.13236e+06  3.33005e-18  0.00000e+00  0.00000e+00  2.78690e-06
0147  3.77214e+18  1.81405e+03  2.14958e+06  3.25123e-18  0.00000e+00  0.00000e+00  2.75976e-06
0148  3.79056e+18  1.82248e+03  2.16655e+06  3.17489e-18  0.00000e+00  0.00000e+00  2.73301e-06
0149  3.80897e+18  1.83036e+03  2.18328e+06  3.10088e-18  0.00000e+00  0.00000e+00  2.70665e-06
0150  3.82739e+18  1.83772e+03  2.19980e+06  3.02922e-18  0.00000e+00  0.00000e+00  2.68066e-06
0151  3.84581e+18  1.84458e+03  2.21611e+06  2.95983e-18  0.00000e+00  0.00000e+00  2.65505e-06
0152  3.86422e+18  1.85096e+03  2.23222e+06  2.89262e-18  0.00000e+00  0.00000e+00  2.62981e-06
0153  3.88264e+18  1.85689e+03  2.24812e+06  2.82751e-18  0.00000e+00  0.00000e+00  2.60492e-06
0154  3.90105e+18  1.86240e+03  2.26383e+06  2.76442e-18  0.00000e+00  0.00000e+00  2.58038e-06
0155  3.91947e+18  1.86751e+03  2.27933e+06  2.70327e-18  0.00000e+00  0.00000e+00  2.55619e-06
0156  3.93788e+18  1.87224e+03  2.29462e+06  2.64398e-18  0.00000e+00  0.00000e+00  2.53234e-06
0157  3.95630e+18  1.87660e+03  2.30970e+06  2.58650e-18  0.00000e+00  0.00000e+00  2.50882e-06
0158  3.97471e+18  1.88063e+03  2.32457e+06  2.53075e-18  0.00000e+00  0.00000e+00  2.48563e-06
0159  3.99313e+18  1.88433e+03  2.33923e+06  2.47666e-18  0.00000e+00  0.00000e+00  2.46275e-06
0160  4.01155e+18  1.88772e+03  2.35371e+06  2.42416e-18  0.00000e+00  0.00000e+00  2.44019e-06
0161  4.02996e+18  1.89079e+03  2.36801e+06  2.37318e-18  0.00000e+00  0.00000e+00  2.41794e-06
0162  4.04838e+18  1.89355e+03  2.38215e+06  2.32369e-18  0.00000e+00  0.00000e+00  2.39599e-06
0163  4.06679e+18  1.89597e+03  2.39617e+06  2.27560e-18  0.00000e+00  0.00000e+00  2.37434e-06
0164  4.08521e+18  1.89805e+03  2.41008e+06  2.22888e-18  0.00000e+00  0.00000e+00  2.35299e-06
0165  4.10362e+18  1.89979e+03  2.42390e+06  2.18348e-18  0.00000e+00  0.00000e+00  2.33191e-06
0166  4.12204e+18  1.90118e+03  2.43765e+06  2.13933e-18  0.00000e+00  0.00000e+00  2.31113e-06
0167  4.14045e+18  1.90225e+03  2.45133e+06  2.09639e-18  0.00000e+00  0.00000e+00  2.29061e-06
0168  4.15887e+18  1.90302e+03  2.46492e+06  2.05462e-18  0.00000e+00  0.00000e+00  2.27037e-06
0169  4.17728e+18  1.90351e+03  2.47842e+06  2.01398e-18  0.00000e+00  0.00000e+00  2.25040e-06
0170  4.19570e+18  1.90377e+03  2.49179e+06  1.97441e-18  0.00000e+00  0.00000e+00  2.23069e-06
0171  4.21412e+18  1.90382e+03  2.50501e+06  1.93590e-18  0.00000e+00  0.00000e+00  2.21123e-06
0172  4.23253e+18  1.90371e+03  2.51807e+06  1.89839e-18  0.00000e+00  0.00000e+00  2.19203e-06
0173  4.25095e+18  1.90345e+03  2.53095e+06  1.86185e-18  0.00000e+00  0.00000e+00  2.17308e-06
0174  4.26936e+18  1.90308e+03  2.54369e+06  1.82758e-18  0.00000e+00  0.00000e+00  2.15438e-06
0175  4.28778e+18  1.90259e+03  2.55627e+06  1.79246e-18  0.00000e+00  0.00000e+00  2.13591e-06
0176  4.30619e+18  1.90194e+03  2.56873e+06  1.75823e-18  0.00000e+00  0.00000e+00  2.11768e-06
0177  4.32461e+18  1.90113e+03  2.58108e+06  1.72485e-18  0.00000e+00  0.00000e+00  2.09968e-06
0178  4.34302e+18  1.90013e+03  2.59338e+06  1.69229e-18  0.00000e+00  0.00000e+00  2.08191e-06
0179  4.36144e+18  1.89893e+03  2.60563e+06  1.66052e-18  0.00000e+00  0.00000e+00  2.06437e-06
0180  4.37986e+18  1.89753e+03  2.61788e+06  1.62951e-18  0.00000e+00  0.00000e+00  2.04705e-06
0181  4.39827e+18  1.89592e+03  2.63014e+06  1.59923e-18  0.00000e+00  0.00000e+00  2.02994e-06
0182  4.41669e+18  1.89412e+03  2.64241e+06  1.56964e-18  0.00000e+00  0.00000e+00  2.01305e-06
0183  4.43510e+18  1.89216e+03  2.65469e+06  1.54073e-18  0.00000e+00  0.00000e+00  1.99637e-06
0184  4.45352e+18  1.89008e+03  2.66695e+06  1.51248e-18  0.00000e+00  0.00000e+00  1.97989e-06
0185  4.47193e+18  1.88792e+03  2.67918e+06  1.48486e-18  0.00000e+00  0.00000e+00  1.96362e-06
0186  4.49035e+18  1.88571e+03  2.69136e+06  1.45785e-18  0.00000e+00  0.00000e+00  1.94754e-06
0187  4.50876e+18  1.88348e+03  2.70346e+06  1.43144e-18  0.00000e+00  0.00000e+00  1.93167e-06
0188  4.52718e+18  1.88124e+03  2.71548e+06  1.40562e-18  0.00000e+00  0.00000e+00  1.91598e-06
0189  4.54560e+18  1.87901e+03  2.72741e+06  1.38036e-18  0.00000e+00  0.00000e+00  1.90049e-06
0190  4.56401e+18  1.87676e+03  2.73926e+06  1.35566e-18  0.00000e+00  0.00000e+00  1.88519e-06
0191  4.58243e+18  1.87450e+03  2.75105e+06  1.33149e-18  0.00000e+00  0.00000e+00  1.87006e-06
0192  4.60084e+18  1.87219e+03  2.76278e+06  1.30784e-18  0.00000e+00  0.00000e+00  1.85512e-06
0193  4.61926e+18  1.86981e+03  2.77450e+06  1.28470e-18  0.00000e+00  0.00000e+00  1.84036e-06
0194  4.63767e+18  1.86733e+03  2.78621e+06  1.26204e-18  0.00000e+00  0.00000e+00  1.82577e-06
0195  4.65609e+18  1.86474e+03  2.79792e+06  1.23986e-18  0.00000e+00  0.00000e+00  1.81136e-06
0196  4.67450e+18  1.86203e+03  2.80962e+06  1.21814e-18  0.00000e+00  0.00000e+00  1.79712e-06
0197  4.69292e+18  1.85920e+03  2.82131e+06  1.19687e-18  0.00000e+00  0.00000e+00  1.78304e-06
0198  4.71134e+18  1.85625e+03  2.83296e+06  1.17604e-18  0.00000e+00  0.00000e+00  1.76913e-06
0199  4.72975e+18  1.85320e+03  2.84456e+06  1.15565e-18  0.00000e+00  0.00000e+00  1.75538e-06
0200  4.74817e+18  1.85006e+03  2.85606e+06  1.13568e-18  0.00000e+00  0.00000e+00  1.74179e-06
0201  4.76658e+18  1.84684e+03  2.86746e+06  1.11613e-18  0.00000e+00  0.00000e+00  1.72836e-06
0202  4.78500e+18  1.84357e+03  2.87870e+06  1.09700e-18  0.00000e+00  0.00000e+00  1.71508e-06
0203  4.80341e+18  1.84025e+03  2.88978e+06  1.07826e-18  0.00000e+00  0.00000e+00  1.70195e-06
0204  4.82183e+18  1.83689e+03  2.90069e+06  1.05992e-18  0.00000e+00  0.00000e+00  1.68898e-06
0205  4.84024e+18  1.83348e+03  2.91142e+06  1.04196e-18  0.00000e+00  0.00000e+00  1.67615e-06
0206  4.85866e+18  1.83002e+03  2.92197e+06  1.02438e-18  0.00000e+00  0.00000e+00  1.66347e-06
0207  4.87708e+18  1.82651e+03  2.93236e+06  1.00716e-18  0.00000e+00  0.00000e+00  1.65093e-06
0208  4.89549e+18  1.82293e+03  2.94261e+06  9.90283e-19  0.00000e+00  0.00000e+00  1.63853e-06
0209  4.91391e+18  1.81928e+03  2.95273e+06  9.73743e-19  0.00000e+00  0.00000e+00  1.62627e-06
0210  4.93232e+18  1.81555e+03  2.96274e+06  9.57525e-19  0.00000e+00  0.00000e+00  1.61415e-06
0211  4.95074e+18  1.81174e+03  2.97266e+06  9.41619e-19  0.00000e+00  0.00000e+00  1.60217e-06
0212  4.96915e+18  1.80786e+03  2.98251e+06  9.25983e-19  0.00000e+00  0.00000e+00  1.59031e-06
0213  4.98757e+18  1.80395e+03  2.99238e+06  9.13673e-19  0.00000e+00  0.00000e+00  1.57859e-06
0214  5.00598e+18  1.80003e+03  3.00225e+06  8.99212e-19  0.00000e+00  0.00000e+00  1.56700e-06
0215  5.02440e+18  1.79610e+03  3.01212e+06  8.85009e-19  0.00000e+00  0.00000e+00  1.55553e-06
0216  5.04282e+18  1.79218e+03  3.02200e+06  8.71055e-19  0.00000e+00  0.00000e+00  1.54419e-06
0217  5.06123e+18  1.78828e+03  3.03190e+06  8.57341e-19  0.00000e+00  0.00000e+00  1.53298e-06
0218  5.07965e+18  1.78443e+03  3.04183e+06  8.43859e-19  0.00000e+00  0.00000e+00  1.52188e-06
0219  5.09806e+18  1.78065e+03  3.05179e+06  8.30600e-19  0.00000e+00  0.00000e+00  1.51091e-06
0220  5.11648e+18  1.77694e+03  3.06180e+06  8.17561e-19  0.00000e+00  0.00000e+00  1.50005e-06
0221  5.13489e+18  1.77330e+03  3.07183e+06  8.04736e-19  0.00000e+00  0.00000e+00  1.48931e-06
0222  5.15331e+18  1.76974e+03  3.08190e+06  7.92126e-19  0.00000e+00  0.00000e+00  1.47868e-06
0223  5.17172e+18  1.76623e+03  3.09199e+06  7.79727e-19  0.00000e+00  0.00000e+00  1.46817e-06
0224  5.19014e+18  1.76279e+03  3.10209e+06  7.67539e-19  0.00000e+00  0.00000e+00  1.45777e-06
0225  5.20856e+18  1.75939e+03  3.11221e+06  7.55556e-19  0.00000e+00  0.00000e+00  1.44748e-06
0226  5.22697e+18  1.75605e+03  3.12237e+06  7.43773e-19  0.00000e+00  0.00000e+00  1.43730e-06
0227  5.24539e+18  1.75277e+03  3.13259e+06  7.32182e-19  0.00000e+00  0.00000e+00  1.42723e-06
0228  5.26380e+18  1.74956e+03  3.14290e+06  7.20775e-19  0.00000e+00  0.00000e+00  1.41726e-06
0229  5.28222e+18  1.74643e+03  3.15333e+06  7.09546e-19  0.00000e+00  0.00000e+00  1.40739e-06
0230  5.30063e+18  1.74339e+03  3.16392e+06  6.98486e-19  0.00000e+00  0.00000e+00  1.39763e-06
0231  5.31905e+18  1.74046e+03  3.17470e+06  6.87587e-19  0.00000e+00  0.00000e+00  1.38797e-06
0232  5.33746e+18  1.73759e+03  3.18560e+06  6.76861e-19  0.00000e+00  0.00000e+00  1.37841e-06
0233  5.35588e+18  1.73462e+03  3.19633e+06  6.66347e-19  0.00000e+00  0.00000e+00  1.36894e-06
0234  5.37430e+18  1.73152e+03  3.20679e+06  6.56054e-19  0.00000e+00  0.00000e+00  1.35958e-06
0235  5.39271e+18  1.72907e+03  3.21847e+06  6.45764e-19  0.00000e+00  0.00000e+00  1.35031e-06
0236  5.41113e+18  1.72927e+03  3.23509e+06  6.34919e-19  0.00000e+00  0.00000e+00  1.34113e-06
0237  5.42954e+18  1.73079e+03  3.25424e+06  6.23905e-19  0.00000e+00  0.00000e+00  1.33205e-06
0238  5.44796e+18  1.72292e+03  3.25568e+06  6.15523e-19  0.00000e+00  0.00000e+00  1.32306e-06
0239  5.46637e+18  1.70843e+03  3.24436e+06  6.08901e-19  0.00000e+00  0.00000e+00  1.31416e-06
0240  5.48479e+18  1.67502e+03  3.19656e+06  6.06654e-19  0.00000e+00  0.00000e+00  1.30535e-06
0241  5.50320e+18  1.56702e+03  3.00490e+06  6.18583e-19  0.00000e+00  0.00000e+00  1.29663e-06
0242  5.52162e+18  1.25552e+03  2.41838e+06  6.24953e-19  0.00000e+00  0.00000e+00  1.28800e-06
0243  5.54004e+18  7.16626e+02  1.38528e+06  2.17846e-19  0.00000e+00  0.00000e+00  1.27945e-06
0244  5.55845e+18  2.90351e+02  5.53540e+05  2.12283e-18  0.00000e+00  0.00000e+00  1.27098e-06
0245  5.57687e+18  1.27216e+02  2.22262e+05 -2.40100e-17  0.00000e+00  0.00000e+00  1.26260e-06
0246  5.59528e+18  9.60426e+01  1.69522e+05 -8.50712e-18  0.00000e+00  0.00000e+00  1.25431e-06
0247  5.61370e+18  9.55604e+01  1.67487e+05 -1.33200e-18  0.00000e+00  0.00000e+00  1.24609e-06
0248  5.63211e+18  9.82819e+01  1.68428e+05  5.73693e-19  0.00000e+00  0.00000e+00  1.23795e-06
0249  5.65053e+18  1.05469e+02  1.73460e+05  1.83726e-18  0.00000e+00  0.00000e+00  1.22990e-06
0250  5.66894e+18  1.17528e+02  1.83808e+05  1.96913e-18  0.00000e+00  0.00000e+00  1.22192e-06
0251  5.68736e+18  1.36975e+02  2.05923e+05  1.92124e-18  0.00000e+00  0.00000e+00  1.21402e-06
0252  5.70578e+18  1.69895e+02  2.48144e+05  4.20671e-18  0.00000e+00  0.00000e+00  1.20620e-06
0253  5.72419e+18  2.23079e+02  3.12697e+05  7.33949e-18  0.00000e+00  0.00000e+00  1.19845e-06
0254  5.74261e+18  2.94764e+02  3.89669e+05  6.98301e-18  0.00000e+00  0.00000e+00  1.19077e-06
0255  5.76102e+18  3.71282e+02  4.65183e+05  5.44339e-18  0.00000e+00  0.00000e+00  1.18317e-06
0256  5.77944e+18  4.40532e+02  5.30913e+05  4.20330e-18  0.00000e+00  0.00000e+00  1.17565e-06
0257  5.79785e+18  4.99865e+02  5.85142e+05  3.41341e-18  0.00000e+00  0.00000e+00  1.16819e-06
0258  5.81627e+18  5.51139e+02  6.29583e+05  2.89150e-18  0.00000e+00  0.00000e+00  1.16080e-06
0259  5.83468e+18  5.96434e+02  6.66648e+05  2.52253e-18  0.00000e+00  0.00000e+00  1.15349e-06
0260  5.85310e+18  6.37301e+02  6.98381e+05  2.24392e-18  0.00000e+00  0.00000e+00  1.14624e-06
0261  5.87152e+18  6.74982e+02  7.26419e+05  2.03947e-18  0.00000e+00  0.00000e+00  1.13906e-06
0262  5.88993e+18  7.10369e+02  7.51717e+05  1.88322e-18  0.00000e+00  0.00000e+00  1.13195e-06
0263  5.90835e+18  7.43940e+02  7.74817e+05  1.74889e-18  0.00000e+00  0.00000e+00  1.12490e-06
0264  5.92676e+18  7.75970e+02  7.96099e+05  1.63214e-18  0.00000e+00  0.00000e+00  1.11792e-06
0265  5.94518e+18  8.06682e+02  8.15876e+05  1.53377e-18  0.00000e+00  0.00000e+00  1.11101e-06
0266  5.96359e+18  8.36255e+02  8.34349e+05  1.44750e-18  0.00000e+00  0.00000e+00  1.10416e-06
0267  5.98201e+18  8.64801e+02  8.51662e+05  1.37038e-18  0.00000e+00  0.00000e+00  1.09737e-06
0268  6.00043e+18  8.92371e+02  8.67908e+05  1.30051e-18  0.00000e+00  0.00000e+00  1.09065e-06
0269  6.01884e+18  9.19046e+02  8.83188e+05  1.23692e-18  0.00000e+00  0.00000e+00  1.08398e-06
0270  6.03726e+18  9.45015e+02  8.97749e+05  1.19017e-18  0.00000e+00  0.00000e+00  1.07738e-06
0271  6.05567e+18  9.70421e+02  9.11614e+05  1.14181e-18  0.00000e+00  0.00000e+00  1.07084e-06
0272  6.07409e+18  9.95260e+02  9.24827e+05  1.09659e-18  0.00000e+00  0.00000e+00  1.06435e-06
0273  6.09250e+18  1.01952e+03  9.37434e+05  1.05425e-18  0.00000e+00  0.00000e+00  1.05793e-06
0274  6.11092e+18  1.04324e+03  9.49495e+05  1.01531e-18  0.00000e+00  0.00000e+00  1.05156e-06
0275  6.12933e+18  1.06648e+03  9.61054e+05  9.80082e-19  0.00000e+00  0.00000e+00  1.04525e-06
0276  6.14775e+18  1.08925e+03  9.72140e+05  9.46727e-19  0.00000e+00  0.00000e+00  1.03900e-06
0277  6.16617e+18  1.11161e+03  9.82818e+05  9.15723e-19  0.00000e+00  0.00000e+00  1.03280e-06
0278  6.18458e+18  1.13360e+03  9.93126e+05  8.87428e-19  0.00000e+00  0.00000e+00  1.02666e-06
0279  6.20300e+18  1.15524e+03  1.00309e+06  8.60409e-19  0.00000e+00  0.00000e+00  1.02057e-06
0280  6.22141e+18  1.17654e+03  1.01273e+06  8.34591e-19  0.00000e+00  0.00000e+00  1.01454e-06
0281  6.23983e+18  1.19752e+03  1.02207e+06  8.09905e-19  0.00000e+00  0.00000e+00  1.00856e-06
0282  6.25824e+18  1.21817e+03  1.03112e+06  7.86295e-19  0.00000e+00  0.00000e+00  1.00263e-06
0283  6.27666e+18  1.23850e+03  1.03989e+06  7.63699e-19  0.00000e+00  0.00000e+00  9.96760e-07
0284  6.29507e+18  1.25856e+03  1.04844e+06  7.43921e-19  0.00000e+00  0.00000e+00  9.90937e-07
0285  6.31349e+18  1.27842e+03  1.05679e+06  7.25991e-19  0.00000e+00  0.00000e+00  9.85164e-07
0286  6.33191e+18  1.29807e+03  1.06495e+06  7.08551e-19  0.00000e+00  0.00000e+00  9.79442e-07
0287  6.35032e+18  1.31754e+03  1.07292e+06  6.91596e-19  0.00000e+00  0.00000e+00  9.73770e-07
0288  6.36874e+18  1.33680e+03  1.08071e+06  6.75120e-19  0.00000e+00  0.00000e+00  9.68146e-07
0289  6.38715e+18  1.35586e+03  1.08834e+06  6.59117e-19  0.00000e+00  0.00000e+00  9.62572e-07
0290  6.40557e+18  1.37471e+03  1.09581e+06  6.43581e-19  0.00000e+00  0.00000e+00  9.57045e-07
0291  6.42398e+18  1.39335e+03  1.10312e+06  6.28502e-19  0.00000e+00  0.00000e+00  9.51566e-07
0292  6.44240e+18  1.41177e+03  1.11027e+06  6.13872e-19  0.00000e+00  0.00000e+00  9.46133e-07
0293  6.46081e+18  1.42997e+03  1.11728e+06  5.99678e-19  0.00000e+00  0.00000e+00  9.40747e-07
0294  6.47923e+18  1.44796e+03  1.12415e+06  5.85912e-19  0.00000e+00  0.00000e+00  9.35407e-07
0295  6.49765e+18  1.46572e+03  1.13088e+06  5.72560e-19  0.00000e+00  0.00000e+00  9.30113e-07
0296  6.51606e+18  1.48325e+03  1.13747e+06  5.59614e-19  0.00000e+00  0.00000e+00  9.24863e-07
0297  6.53448e+18  1.50057e+03  1.14395e+06  5.47161e-19  0.00000e+00  0.00000e+00  9.19657e-07
0298  6.55289e+18  1.51770e+03  1.15032e+06  5.35633e-19  0.00000e+00  0.00000e+00  9.14495e-07
0299  6.57131e+18  1.53463e+03  1.15659e+06  5.24403e-19  0.00000e+00  0.00000e+00  9.09377e-07
0300  6.58972e+18  1.55138e+03  1.16276e+06  5.13466e-19  0.00000e+00  0.00000e+00  9.04301e-07
0301  6.60814e+18  1.56794e+03  1.16884e+06  5.02815e-19  0.00000e+00  0.00000e+00  8.99268e-07
0302  6.62655e+18  1.58431e+03  1.17483e+06  4.92444e-19  0.00000e+00  0.00000e+00  8.94277e-07
0303  6.64497e+18  1.60049e+03  1.18074e+06  4.82346e-19  0.00000e+00  0.00000e+00  8.89327e-07
0304  6.66339e+18  1.61648e+03  1.18657e+06  4.72515e-19  0.00000e+00  0.00000e+00  8.84418e-07
0305  6.68180e+18  1.63228e+03  1.19232e+06  4.62945e-19  0.00000e+00  0.00000e+00  8.79550e-07
0306  6.70022e+18  1.64788e+03  1.19801e+06  4.53628e-19  0.00000e+00  0.00000e+00  8.74722e-07
0307  6.71863e+18  1.66328e+03  1.20363e+06  4.44558e-19  0.00000e+00  0.00000e+00  8.69933e-07
0308  6.73705e+18  1.67849e+03  1.20918e+06  4.35730e-19  0.00000e+00  0.00000e+00  8.65184e-07
0309  6.75546e+18  1.69350e+03  1.21468e+06  4.27135e-19  0.00000e+00  0.00000e+00  8.60473e-07
0310  6.77388e+18  1.70831e+03  1.22012e+06  4.18769e-19  0.00000e+00  0.00000e+00  8.55801e-07
0311  6.79229e+18  1.72292e+03  1.22550e+06  4.10624e-19  0.00000e+00  0.00000e+00  8.51167e-07
0312  6.81071e+18  1.73733e+03  1.23084e+06  4.02695e-19  0.00000e+00  0.00000e+00  8.46570e-07
0313  6.82913e+18  1.75155e+03  1.23612e+06  3.94975e-19  0.00000e+00  0.00000e+00  8.42010e-07
0314  6.84754e+18  1.76556e+03  1.24136e+06  3.87458e-19  0.00000e+00  0.00000e+00  8.37487e-07
0315  6.86596e+18  1.77938e+03  1.24655e+06  3.80138e-19  0.00000e+00  0.00000e+00  8.33001e-07
0316  6.88437e+18  1.79300e+03  1.25170e+06  3.73011e-19  0.00000e+00  0.00000e+00  8.28550e-07
0317  6.90279e+18  1.80641e+03  1.25680e+06  3.65527e-19  0.00000e+00  0.00000e+00  8.24135e-07
0318  6.92120e+18  1.81962e+03  1.26186e+06  3.59399e-19  0.00000e+00  0.00000e+00  8.19755e-07
0319  6.93962e+18  1.83265e+03  1.26691e+06  3.53398e-19  0.00000e+00  0.00000e+00  8.15410e-07
0320  6.95803e+18  1.84552e+03  1.27193e+06  3.47521e-19  0.00000e+00  0.00000e+00  8.11100e-07
0321  6.97645e+18  1.85821e+03  1.27693e+06  3.41766e-19  0.00000e+00  0.00000e+00  8.06824e-07
0322  6.99487e+18  1.87071e+03  1.28192e+06  3.36133e-19  0.00000e+00  0.00000e+00  8.02581e-07
0323  7.01328e+18  1.88303e+03  1.28690e+06  3.30620e-19  0.00000e+00  0.00000e+00  7.98371e-07
0324  7.03170e+18  1.89516e+03  1.29186e+06  3.25225e-19  0.00000e+00  0.00000e+00  7.94195e-07
0325  7.05011e+18  1.90708e+03  1.29680e+06  3.19946e-19  0.00000e+00  0.00000e+00  7.90052e-07
0326  7.06853e+18  1.91881e+03  1.30174e+06  3.14781e-19  0.00000e+00  0.00000e+00  7.85940e-07
0327  7.08694e+18  1.93034e+03  1.30665e+06  3.09730e-19  0.00000e+00  0.00000e+00  7.81861e-07
0328  7.10536e+18  1.94167e+03  1.31155e+06  3.04789e-19  0.00000e+00  0.00000e+00  7.77813e-07
0329  7.12378e+18  1.95280e+03  1.31644e+06  2.99957e-19  0.00000e+00  0.00000e+00  7.73797e-07
0330  7.14219e+18  1.96373e+03  1.32130e+06  2.95231e-19  0.00000e+00  0.00000e+00  7.69812e-07
0331  7.16061e+18  1.97446e+03  1.32614e+06  2.90610e-19  0.00000e+00  0.00000e+00  7.65858e-07
0332  7.17902e+18  1.98497e+03  1.33096e+06  2.86092e-19  0.00000e+00  0.00000e+00  7.61933e-07
0333  7.19744e+18  1.99527e+03  1.33575e+06  2.81677e-19  0.00000e+00  0.00000e+00  7.58039e-07
0334  7.21585e+18  2.00534e+03  1.34051e+06  2.77196e-19  0.00000e+00  0.00000e+00  7.54175e-07
0335  7.23427e+18  2.01520e+03  1.34525e+06  2.73070e-19  0.00000e+00  0.00000e+00  7.50340e-07
0336  7.25268e+18  2.02485e+03  1.34997e+06  2.69032e-19  0.00000e+00  0.00000e+00  7.46535e-07
0337  7.27110e+18  2.03429e+03  1.35467e+06  2.65081e-19  0.00000e+00  0.00000e+00  7.42758e-07
0338  7.28952e+18  2.04353e+03  1.35935e+06  2.61215e-19  0.00000e+00  0.00000e+00  7.39010e-07
0339  7.30793e+18  2.05256e+03  1.36400e+06  2.57433e-19  0.00000e+00  0.00000e+00  7.35290e-07
0340  7.32635e+18  2.06139e+03  1.36861e+06  2.53733e-19  0.00000e+00  0.00000e+00  7.31598e-07
0341  7.34476e+18  2.07000e+03  1.37319e+06  2.50113e-19  0.00000e+00  0.00000e+00  7.27934e-07
0342  7.36318e+18  2.07841e+03  1.37773e+06  2.46574e-19  0.00000e+00  0.00000e+00  7.24298e-07
0343  7.38159e+18  2.08661e+03  1.38222e+06  2.43112e-19  0.00000e+00  0.00000e+00  7.20688e-07
0344  7.40001e+18  2.09458e+03  1.38667e+06  2.39727e-19  0.00000e+00  0.00000e+00  7.17106e-07
0345  7.41842e+18  2.10232e+03  1.39107e+06  2.36419e-19  0.00000e+00  0.00000e+00  7.13550e-07
0346  7.43684e+18  2.10983e+03  1.39543e+06  2.33185e-19  0.00000e+00  0.00000e+00  7.10020e-07
0347  7.45526e+18  2.11709e+03  1.39974e+06  2.30024e-19  0.00000e+00  0.00000e+00  7.06517e-07
0348  7.47367e+18  2.12412e+03  1.40401e+06  2.26935e-19  0.00000e+00  0.00000e+00  7.03039e-07
0349  7.49209e+18  2.13090e+03  1.40824e+06  2.23916e-19  0.00000e+00  0.00000e+00  6.99587e-07
0350  7.51050e+18  2.13744e+03  1.41241e+06  2.20965e-19  0.00000e+00  0.00000e+00  6.96161e-07
0351  7.52892e+18  2.14374e+03  1.41655e+06  2.18080e-19  0.00000e+00  0.00000e+00  6.92759e-07
0352  7.54733e+18  2.14982e+03  1.42063e+06  2.15259e-19  0.00000e+00  0.00000e+00  6.89383e-07
0353  7.56575e+18  2.15568e+03  1.42466e+06  2.12501e-19  0.00000e+00  0.00000e+00  6.86031e-07
0354  7.58416e+18  2.16133e+03  1.42865e+06  2.09802e-19  0.00000e+00  0.00000e+00  6.82703e-07
0355  7.60258e+18  2.16678e+03  1.43258e+06  2.07160e-19  0.00000e+00  0.00000e+00  6.79400e-07
0356  7.62100e+18  2.17203e+03  1.43646e+06  2.04583e-19  0.00000e+00  0.00000e+00  6.76121e-07
0357  7.63941e+18  2.17709e+03  1.44031e+06  2.02091e-19  0.00000e+00  0.00000e+00  6.72865e-07
0358  7.65783e+18  2.18197e+03  1.44410e+06  1.99650e-19  0.00000e+00  0.00000e+00  6.69632e-07
0359  7.67624e+18  2.18666e+03  1.44786e+06  1.97256e-19  0.00000e+00  0.00000e+00  6.66423e-07
0360  7.69466e+18  2.19118e+03  1.45159e+06  1.94909e-19  0.00000e+00  0.00000e+00  6.63237e-07
0361  7.71307e+18  2.19552e+03  1.45528e+06  1.92608e-19  0.00000e+00  0.00000e+00  6.60074e-07
0362  7.73149e+18  2.19971e+03  1.45894e+06  1.90350e-19  0.00000e+00  0.00000e+00  6.56933e-07
0363  7.74990e+18  2.20373e+03  1.46257e+06  1.88135e-19  0.00000e+00  0.00000e+00  6.53815e-07
0364  7.76832e+18  2.20760e+03  1.46618e+06  1.85960e-19  0.00000e+00  0.00000e+00  6.50719e-07
0365  7.78674e+18  2.21132e+03  1.46976e+06  1.83825e-19  0.00000e+00  0.00000e+00  6.47644e-07
0366  7.80515e+18  2.21491e+03  1.47332e+06  1.81729e-19  0.00000e+00  0.00000e+00  6.44592e-07
0367  7.82357e+18  2.21835e+03  1.47686e+06  1.79670e-19  0.00000e+00  0.00000e+00  6.41561e-07
0368  7.84198e+18  2.22167e+03  1.48038e+06  1.77646e-19  0.00000e+00  0.00000e+00  6.38551e-07
0369  7.86040e+18  2.22486e+03  1.48389e+06  1.75658e-19  0.00000e+00  0.00000e+00  6.35563e-07
0370  7.87881e+18  2.22793e+03  1.48739e+06  1.73704e-19  0.00000e+00  0.00000e+00  6.32595e-07
0371  7.89723e+18  2.23088e+03  1.49089e+06  1.71783e-19  0.00000e+00  0.00000e+00  6.29648e-07
0372  7.91564e+18  2.23373e+03  1.49437e+06  1.69893e-19  0.00000e+00  0.00000e+00  6.26722e-07
0373  7.93406e+18  2.23648e+03  1.49784e+06  1.68034e-19  0.00000e+00  0.00000e+00  6.23816e-07
0374  7.95248e+18  2.23913e+03  1.50131e+06  1.66205e-19  0.00000e+00  0.00000e+00  6.20930e-07
0375  7.97089e+18  2.24169e+03  1.50477e+06  1.64405e-19  0.00000e+00  0.00000e+00  6.18064e-07
0376  7.98931e+18  2.24417e+03  1.50823e+06  1.62633e-19  0.00000e+00  0.00000e+00  6.15218e-07
0377  8.00772e+18  2.24656e+03  1.51168e+06  1.60889e-19  0.00000e+00  0.00000e+00  6.12392e-07
0378  8.02614e+18  2.24887e+03  1.51513e+06  1.59172e-19  0.00000e+00  0.00000e+00  6.09585e-07
0379  8.04455e+18  2.25109e+03  1.51857e+06  1.57481e-19  0.00000e+00  0.00000e+00  6.06797e-07
0380  8.06297e+18  2.25323e+03  1.52202e+06  1.55816e-19  0.00000e+00  0.00000e+00  6.04029e-07
0381  8.08139e+18  2.25528e+03  1.52547e+06  1.54177e-19  0.00000e+00  0.00000e+00  6.01279e-07
0382  8.09980e+18  2.25725e+03  1.52891e+06  1.52562e-19  0.00000e+00  0.00000e+00  5.98548e-07
0383  8.11822e+18  2.25915e+03  1.53235e+06  1.50973e-19  0.00000e+00  0.00000e+00  5.95835e-07
0384  8.13663e+18  2.26096e+03  1.53579e+06  1.49407e-19  0.00000e+00  0.00000e+00  5.93141e-07
0385  8.15505e+18  2.26270e+03  1.53922e+06  1.47864e-19  0.00000e+00  0.00000e+00  5.90466e-07
0386  8.17346e+18  2.26436e+03  1.54264e+06  1.46345e-19  0.00000e+00  0.00000e+00  5.87808e-07
0387  8.19188e+18  2.26595e+03  1.54606e+06  1.44848e-19  0.00000e+00  0.00000e+00  5.85168e-07
0388  8.21029e+18  2.26747e+03  1.54946e+06  1.43374e-19  0.00000e+00  0.00000e+00  5.82546e-07
0389  8.22871e+18  2.26891e+03  1.55286e+06  1.41921e-19  0.00000e+00  0.00000e+00  5.79941e-07
0390  8.24713e+18  2.27027e+03  1.55625e+06  1.40491e-19  0.00000e+00  0.00000e+00  5.77354e-07
0391  8.26554e+18  2.27154e+03  1.55963e+06  1.39082e-19  0.00000e+00  0.00000e+00  5.74784e-07
0392  8.28396e+18  2.27273e+03  1.56300e+06  1.37694e-19  0.00000e+00  0.00000e+00  5.72232e-07
0393  8.30237e+18  2.27383e+03  1.56637e+06  1.36327e-19  0.00000e+00  0.00000e+00  5.69696e-07
0394  8.32079e+18  2.27485e+03  1.56974e+06  1.34981e-19  0.00000e+00  0.00000e+00  5.67177e-07
0395  8.33920e+18  2.27578e+03  1.57311e+06  1.33659e-19  0.00000e+00  0.00000e+00  5.64675e-07
0396  8.35762e+18  2.27662e+03  1.57647e+06  1.32363e-19  0.00000e+00  0.00000e+00  5.62189e-07
0397  8.37603e+18  2.27738e+03  1.57982e+06  1.31085e-19  0.00000e+00  0.00000e+00  5.59720e-07
0398  8.39445e+18  2.27804e+03  1.58317e+06  1.29827e-19  0.00000e+00  0.00000e+00  5.57267e-07
0399  8.41287e+18  2.27862e+03  1.58650e+06  1.28588e-19  0.00000e+00  0.00000e+00  5.54830e-07
0400  8.43128e+18  2.27911e+03  1.58983e+06  1.27367e-19  0.00000e+00  0.00000e+00  5.52409e-07
0401  8.44970e+18  2.27952e+03  1.59314e+06  1.26164e-19  0.00000e+00  0.00000e+00  5.50003e-07
0402  8.46811e+18  2.27983e+03  1.59644e+06  1.24979e-19  0.00000e+00  0.00000e+00  5.47614e-07
0403  8.48653e+18  2.28006e+03  1.59972e+06  1.23812e-19  0.00000e+00  0.00000e+00  5.45240e-07
0404  8.50494e+18  2.28023e+03  1.60298e+06  1.22660e-19  0.00000e+00  0.00000e+00  5.42881e-07
0405  8.52336e+18  2.28033e+03  1.60622e+06  1.21526e-19  0.00000e+00  0.00000e+00  5.40538e-07
0406  8.54177e+18  2.28034e+03  1.60944e+06  1.20407e-19  0.00000e+00  0.00000e+00  5.38209e-07
0407  8.56019e+18  2.28031e+03  1.61263e+06  1.19304e-19  0.00000e+00  0.00000e+00  5.35896e-07
0408  8.57861e+18  2.28025e+03  1.61579e+06  1.18215e-19  0.00000e+00  0.00000e+00  5.33598e-07
0409  8.59702e+18  2.28016e+03  1.61890e+06  1.17141e-19  0.00000e+00  0.00000e+00  5.31314e-07
0410  8.61544e+18  2.28008e+03  1.62195e+06  1.16079e-19  0.00000e+00  0.00000e+00  5.29045e-07
0411  8.63385e+18  2.27999e+03  1.62496e+06  1.15030e-19  0.00000e+00  0.00000e+00  5.26791e-07
0412  8.65227e+18  2.27989e+03  1.62793e+06  1.13995e-19  0.00000e+00  0.00000e+00  5.24551e-07
0413  8.67068e+18  2.27975e+03  1.63086e+06  1.12972e-19  0.00000e+00  0.00000e+00  5.22325e-07
0414  8.68910e+18  2.27957e+03  1.63377e+06  1.11963e-19  0.00000e+00  0.00000e+00  5.20113e-07
0415  8.70751e+18  2.27934e+03  1.63666e+06  1.10968e-19  0.00000e+00  0.00000e+00  5.17916e-07
0416  8.72593e+18  2.27901e+03  1.63954e+06  1.09987e-19  0.00000e+00  0.00000e+00  5.15732e-07
0417  8.74435e+18  2.27856e+03  1.64244e+06  1.09020e-19  0.00000e+00  0.00000e+00  5.13562e-07
0418  8.76276e+18  2.27798e+03  1.64537e+06  1.08069e-19  0.00000e+00  0.00000e+00  5.11406e-07
0419  8.78118e+18  2.27725e+03  1.64833e+06  1.07131e-19  0.00000e+00  0.00000e+00  5.09263e-07
0420  8.79959e+18  2.27636e+03  1.65132e+06  1.06209e-19  0.00000e+00  0.00000e+00  5.07134e-07
0421  8.81801e+18  2.27532e+03  1.65435e+06  1.05301e-19  0.00000e+00  0.00000e+00  5.05018e-07
0422  8.83642e+18  2.27416e+03  1.65740e+06  1.04406e-19  0.00000e+00  0.00000e+00  5.02915e-07
0423  8.85484e+18  2.27288e+03  1.66047e+06  1.03524e-19  0.00000e+00  0.00000e+00  5.00825e-07
0424  8.87326e+18  2.27153e+03  1.66355e+06  1.02653e-19  0.00000e+00  0.00000e+00  4.98749e-07
0425  8.89167e+18  2.27013e+03  1.66661e+06  1.01793e-19  0.00000e+00  0.00000e+00  4.96685e-07
0426  8.91009e+18  2.26871e+03  1.66966e+06  1.00944e-19  0.00000e+00  0.00000e+00  4.94634e-07
0427  8.92850e+18  2.26729e+03  1.67267e+06  1.00103e-19  0.00000e+00  0.00000e+00  4.92595e-07
0428  8.94692e+18  2.26588e+03  1.67565e+06  9.92717e-20  0.00000e+00  0.00000e+00  4.90570e-07
0429  8.96533e+18  2.26450e+03  1.67858e+06  9.84486e-20  0.00000e+00  0.00000e+00  4.88556e-07
0430  8.98375e+18  2.26316e+03  1.68147e+06  9.76336e-20  0.00000e+00  0.00000e+00  4.86555e-07
0431  9.00216e+18  2.26187e+03  1.68430e+06  9.68265e-20  0.00000e+00  0.00000e+00  4.84567e-07
0432  9.02058e+18  2.26062e+03  1.68708e+06  9.60270e-20  0.00000e+00  0.00000e+00  4.82590e-07
0433  9.03900e+18  2.25943e+03  1.68981e+06  9.52349e-20  0.00000e+00  0.00000e+00  4.80626e-07
0434  9.05741e+18  2.25830e+03  1.69248e+06  9.44499e-20  0.00000e+00  0.00000e+00  4.78674e-07
0435  9.07583e+18  2.25724e+03  1.69510e+06  9.36720e-20  0.00000e+00  0.00000e+00  4.76733e-07
0436  9.09424e+18  2.25625e+03  1.69766e+06  9.29011e-20  0.00000e+00  0.00000e+00  4.74804e-07
0437  9.11266e+18  2.25531e+03  1.70016e+06  9.21371e-20  0.00000e+00  0.00000e+00  4.72887e-07
0438  9.13107e+18  2.25451e+03  1.70258e+06  9.13784e-20  0.00000e+00  0.00000e+00  4.70982e-07
0439  9.14949e+18  2.25382e+03  1.70492e+06  9.06257e-20  0.00000e+00  0.00000e+00  4.69088e-07
0440  9.16790e+18  2.25320e+03  1.70720e+06  8.98796e-20  0.00000e+00  0.00000e+00  4.67205e-07
0441  9.18632e+18  2.25265e+03  1.70943e+06  8.91400e-20  0.00000e+00  0.00000e+00  4.65334e-07
0442  9.20474e+18  2.25218e+03  1.71161e+06  8.84067e-20  0.00000e+00  0.00000e+00  4.63474e-07
0443  9.22315e+18  2.25180e+03  1.71371e+06  8.76793e-20  0.00000e+00  0.00000e+00  4.61625e-07
0444  9.24157e+18  2.25153e+03  1.71574e+06  8.69575e-20  0.00000e+00  0.00000e+00  4.59787e-07
0445  9.25998e+18  2.25138e+03  1.71769e+06  8.62410e-20  0.00000e+00  0.00000e+00  4.57960e-07
0446  9.27840e+18  2.25135e+03  1.71957e+06  8.55300e-20  0.00000e+00  0.00000e+00  4.56144e-07
0447  9.29681e+18  2.25141e+03  1.72138e+06  8.48247e-20  0.00000e+00  0.00000e+00  4.54338e-07
0448  9.31523e+18  2.25156e+03  1.72312e+06  8.41253e-20  0.00000e+00  0.00000e+00  4.52544e-07
0449  9.33364e+18  2.25177e+03  1.72482e+06  8.34322e-20  0.00000e+00  0.00000e+00  4.50760e-07
0450  9.35206e+18  2.25203e+03  1.72646e+06  8.27454e-20  0.00000e+00  0.00000e+00  4.48986e-07
0451  9.37048e+18  2.25234e+03  1.72806e+06  8.20649e-20  0.00000e+00  0.00000e+00  4.47223e-07
0452  9.38889e+18  2.25271e+03  1.72962e+06  8.13906e-20  0.00000e+00  0.00000e+00  4.45470e-07
0453  9.40731e+18  2.25312e+03  1.73113e+06  8.07226e-20  0.00000e+00  0.00000e+00  4.43728e-07
0454  9.42572e+18  2.25359e+03  1.73261e+06  8.00605e-20  0.00000e+00  0.00000e+00  4.41996e-07
0455  9.44414e+18  2.25411e+03  1.73405e+06  7.94044e-20  0.00000e+00  0.00000e+00  4.40274e-07
0456  9.46255e+18  2.25468e+03  1.73546e+06  7.87540e-20  0.00000e+00  0.00000e+00  4.38562e-07
0457  9.48097e+18  2.25530e+03  1.73684e+06  7.81091e-20  0.00000e+00  0.00000e+00  4.36860e-07
0458  9.49939e+18  2.25598e+03  1.73821e+06  7.74696e-20  0.00000e+00  0.00000e+00  4.35168e-07
0459  9.51780e+18  2.25672e+03  1.73955e+06  7.68353e-20  0.00000e+00  0.00000e+00  4.33485e-07
0460  9.53622e+18  2.25753e+03  1.74088e+06  7.62062e-20  0.00000e+00  0.00000e+00  4.31813e-07
0461  9.55463e+18  2.25839e+03  1.74219e+06  7.55823e-20  0.00000e+00  0.00000e+00  4.30150e-07
0462  9.57305e+18  2.25930e+03  1.74347e+06  7.49637e-20  0.00000e+00  0.00000e+00  4.28496e-07
0463  9.59146e+18  2.26026e+03  1.74473e+06  7.43507e-20  0.00000e+00  0.00000e+00  4.26853e-07
0464  9.60988e+18  2.26125e+03  1.74596e+06  7.37433e-20  0.00000e+00  0.00000e+00  4.25218e-07
0465  9.62829e+18  2.26227e+03  1.74715e+06  7.31418e-20  0.00000e+00  0.00000e+00  4.23593e-07
0466  9.64671e+18  2.26331e+03  1.74829e+06  7.25465e-20  0.00000e+00  0.00000e+00  4.21977e-07
0467  9.66513e+18  2.26436e+03  1.74939e+06  7.19575e-20  0.00000e+00  0.00000e+00  4.20371e-07
0468  9.68354e+18  2.26542e+03  1.75044e+06  7.13746e-20  0.00000e+00  0.00000e+00  4.18773e-07
0469  9.70196e+18  2.26649e+03  1.75144e+06  7.07980e-20  0.00000e+00  0.00000e+00  4.17185e-07
0470  9.72037e+18  2.26757e+03  1.75239e+06  7.02273e-20  0.00000e+00  0.00000e+00  4.15606e-07
0471  9.73879e+18  2.26867e+03  1.75331e+06  6.96625e-20  0.00000e+00  0.00000e+00  4.14036e-07
0472  9.75720e+18  2.26978e+03  1.75418e+06  6.91033e-20  0.00000e+00  0.00000e+00  4.12474e-07
0473  9.77562e+18  2.27091e+03  1.75502e+06  6.85496e-20  0.00000e+00  0.00000e+00  4.10922e-07
0474  9.79403e+18  2.27206e+03  1.75583e+06  6.80012e-20  0.00000e+00  0.00000e+00  4.09378e-07
0475  9.81245e+18  2.27324e+03  1.75661e+06  6.74580e-20  0.00000e+00  0.00000e+00  4.07843e-07
0476  9.83087e+18  2.27443e+03  1.75736e+06  6.69199e-20  0.00000e+00  0.00000e+00  4.06316e-07
0477  9.84928e+18  2.27566e+03  1.75809e+06  6.63869e-20  0.00000e+00  0.00000e+00  4.04798e-07
0478  9.86770e+18  2.27690e+03  1.75880e+06  6.58586e-20  0.00000e+00  0.00000e+00  4.03289e-07
0479  9.88611e+18  2.27818e+03  1.75950e+06  6.53351e-20  0.00000e+00  0.00000e+00  4.01788e-07
0480  9.90453e+18  2.27949e+03  1.76019e+06  6.48160e-20  0.00000e+00  0.00000e+00  4.00295e-07
0481  9.92294e+18  2.28085e+03  1.76088e+06  6.43010e-20  0.00000e+00  0.00000e+00  3.98810e-07
0482  9.94136e+18  2.28225e+03  1.76157e+06  6.37899e-20  0.00000e+00  0.00000e+00  3.97334e-07
0483  9.95977e+18  2.28372e+03  1.76229e+06  6.32823e-20  0.00000e+00  0.00000e+00  3.95866e-07
0484  9.97819e+18  2.28526e+03  1.76304e+06  6.27777e-20  0.00000e+00  0.00000e+00  3.94406e-07
0485  9.99661e+18  2.28688e+03  1.76383e+06  6.22759e-20  0.00000e+00  0.00000e+00  3.92955e-07
0486  1.00150e+19  2.28861e+03  1.76468e+06  6.17763e-20  0.00000e+00  0.00000e+00  3.91511e-07
0487  1.00334e+19  2.29045e+03  1.76560e+06  6.12787e-20  0.00000e+00  0.00000e+00  3.90075e-07
0488  1.00519e+19  2.29241e+03  1.76660e+06  6.07826e-20  0.00000e+00  0.00000e+00  3.88647e-07
0489  1.00703e+19  2.29452e+03  1.76769e+06  6.02877e-20  0.00000e+00  0.00000e+00  3.87227e-07
0490  1.00887e+19  2.29676e+03  1.76887e+06  5.97939e-20  0.00000e+00  0.00000e+00  3.85814e-07
0491  1.01071e+19  2.29916e+03  1.77017e+06  5.93009e-20  0.00000e+00  0.00000e+00  3.84410e-07
0492  1.01255e+19  2.30172e+03  1.77157e+06  5.88088e-20  0.00000e+00  0.00000e+00  3.83013e-07
0493  1.01439e+19  2.30442e+03  1.77307e+06  5.83177e-20  0.00000e+00  0.00000e+00  3.81623e-07
0494  1.01623e+19  2.30726e+03  1.77468e+06  5.78280e-20  0.00000e+00  0.00000e+00  3.80242e-07
0495  1.01808e+19  2.31022e+03  1.77636e+06  5.73401e-20  0.00000e+00  0.00000e+00  3.78867e-07
0496  1.01992e+19  2.31327e+03  1.77811e+06  5.68548e-20  0.00000e+00  0.00000e+00  3.77500e-07
0497  1.02176e+19  2.31637e+03  1.77990e+06  5.63730e-20  0.00000e+00  0.00000e+00  3.76141e-07
0498  1.02360e+19  2.31949e+03  1.78169e+06  5.58958e-20  0.00000e+00  0.00000e+00  3.74789e-07
0499  1.02544e+19  2.32256e+03  1.78344e+06  5.54245e-20  0.00000e+00  0.00000e+00  3.73444e-07
0500  1.02728e+19  2.32552e+03  1.78511e+06  5.49604e-20  0.00000e+00  0.00000e+00  3.72106e-07
0501  1.02913e+19  2.32832e+03  1.78665e+06  5.45050e-20  0.00000e+00  0.00000e+00  3.70775e-07
0502  1.03097e+19  2.33089e+03  1.78801e+06  5.40597e-20  0.00000e+00  0.00000e+00  3.69452e-07
0503  1.03281e+19  2.33317e+03  1.78914e+06  5.36258e-20  0.00000e+00  0.00000e+00  3.68136e-07
0504  1.03465e+19  2.33509e+03  1.79001e+06  5.32044e-20  0.00000e+00  0.00000e+00  3.66826e-07
0505  1.03649e+19  2.33663e+03  1.79057e+06  5.27964e-20  0.00000e+00  0.00000e+00  3.65524e-07
0506  1.03833e+19  2.33773e+03  1.79079e+06  5.24022e-20  0.00000e+00  0.00000e+00  3.64229e-07
0507  1.04017e+19  2.33840e+03  1.79068e+06  5.20220e-20  0.00000e+00  0.00000e+00  3.62940e-07
0508  1.04202e+19  2.33863e+03  1.79023e+06  5.16553e-20  0.00000e+00  0.00000e+00  3.61658e-07
0509  1.04386e+19  2.33845e+03  1.78946e+06  5.13014e-20  0.00000e+00  0.00000e+00  3.60383e-07
0510  1.04570e+19  2.33790e+03  1.78840e+06  5.09591e-20  0.00000e+00  0.00000e+00  3.59115e-07
0511  1.04754e+19  2.33703e+03  1.78710e+06  5.06270e-20  0.00000e+00  0.00000e+00  3.57854e-07
0512  1.04938e+19  2.33592e+03  1.78559e+06  5.03035e-20  0.00000e+00  0.00000e+00  3.56599e-07
0513  1.05122e+19  2.33462e+03  1.78394e+06  4.99868e-20  0.00000e+00  0.00000e+00  3.55350e-07
0514  1.05307e+19  2.33321e+03  1.78220e+06  4.96752e-20  0.00000e+00  0.00000e+00  3.54109e-07
0515  1.05491e+19  2.33175e+03  1.78042e+06  4.93672e-20  0.00000e+00  0.00000e+00  3.52873e-07
0516  1.05675e+19  2.33033e+03  1.77864e+06  4.90613e-20  0.00000e+00  0.00000e+00  3.51645e-07
0517  1.05859e+19  2.32897e+03  1.77691e+06  4.87563e-20  0.00000e+00  0.00000e+00  3.50422e-07
0518  1.06043e+19  2.32775e+03  1.77527e+06  4.84512e-20  0.00000e+00  0.00000e+00  3.49206e-07
0519  1.06227e+19  2.32667e+03  1.77374e+06  4.81453e-20  0.00000e+00  0.00000e+00  3.47996e-07
0520  1.06412e+19  2.32578e+03  1.77234e+06  4.78381e-20  0.00000e+00  0.00000e+00  3.46793e-07
0521  1.06596e+19  2.32507e+03  1.77108e+06  4.75295e-20  0.00000e+00  0.00000e+00  3.45596e-07
0522  1.06780e+19  2.32455e+03  1.76996e+06  4.72194e-20  0.00000e+00  0.00000e+00  3.44405e-07
0523  1.06964e+19  2.32420e+03  1.76897e+06  4.69082e-20  0.00000e+00  0.00000e+00  3.43220e-07
0524  1.07148e+19  2.32401e+03  1.76810e+06  4.65964e-20  0.00000e+00  0.00000e+00  3.42041e-07
0525  1.07332e+19  2.32395e+03  1.76733e+06  4.62845e-20  0.00000e+00  0.00000e+00  3.40868e-07
0526  1.07516e+19  2.32398e+03  1.76663e+06  4.59733e-20  0.00000e+00  0.00000e+00  3.39702e-07
0527  1.07701e+19  2.32407e+03  1.76599e+06  4.56635e-20  0.00000e+00  0.00000e+00  3.38541e-07
0528  1.07885e+19  2.32418e+03  1.76537e+06  4.53558e-20  0.00000e+00  0.00000e+00  3.37386e-07
0529  1.08069e+19  2.32428e+03  1.76474e+06  4.50508e-20  0.00000e+00  0.00000e+00  3.36237e-07
0530  1.08253e+19  2.32434e+03  1.76410e+06  4.47491e-20  0.00000e+00  0.00000e+00  3.35094e-07
0531  1.08437e+19  2.32434e+03  1.76341e+06  4.44512e-20  0.00000e+00  0.00000e+00  3.33957e-07
0532  1.08621e+19  2.32426e+03  1.76268e+06  4.41572e-20  0.00000e+00  0.00000e+00  3.32826e-07
0533  1.08806e+19  2.32409e+03  1.76189e+06  4.38674e-20  0.00000e+00  0.00000e+00  3.31700e-07
0534  1.08990e+19  2.32383e+03  1.76103e+06  4.35817e-20  0.00000e+00  0.00000e+00  3.30580e-07
0535  1.09174e+19  2.32349e+03  1.76011e+06  4.33001e-20  0.00000e+00  0.00000e+00  3.29466e-07
0536  1.09358e+19  2.32306e+03  1.75914e+06  4.30223e-20  0.00000e+00  0.00000e+00  3.28357e-07
0537  1.09542e+19  2.32256e+03  1.75812e+06  4.27481e-20  0.00000e+00  0.00000e+00  3.27254e-07
0538  1.09726e+19  2.32200e+03  1.75706e+06  4.24773e-20  0.00000e+00  0.00000e+00  3.26156e-07
0539  1.09910e+19  2.32139e+03  1.75596e+06  4.22096e-20  0.00000e+00  0.00000e+00  3.25064e-07
0540  1.10095e+19  2.32074e+03  1.75484e+06  4.19448e-20  0.00000e+00  0.00000e+00  3.23978e-07
0541  1.10279e+19  2.32007e+03  1.75371e+06  4.16825e-20  0.00000e+00  0.00000e+00  3.22897e-07
0542  1.10463e+19  2.31938e+03  1.75256e+06  4.14227e-20  0.00000e+00  0.00000e+00  3.21821e-07
0543  1.10647e+19  2.31868e+03  1.75140e+06  4.11652e-20  0.00000e+00  0.00000e+00  3.20751e-07
0544  1.10831e+19  2.31797e+03  1.75024e+06  4.09098e-20  0.00000e+00  0.00000e+00  3.19686e-07
0545  1.11015e+19  2.31726e+03  1.74908e+06  4.06565e-20  0.00000e+00  0.00000e+00  3.18626e-07
0546  1.11200e+19  2.31655e+03  1.74792e+06  4.04052e-20  0.00000e+00  0.00000e+00  3.17571e-07
0547  1.11384e+19  2.31584e+03  1.74677e+06  4.01559e-20  0.00000e+00  0.00000e+00  3.16522e-07
0548  1.11568e+19  2.31513e+03  1.74561e+06  3.99086e-20  0.00000e+00  0.00000e+00  3.15478e-07
0549  1.11752e+19  2.31441e+03  1.74445e+06  3.96633e-20  0.00000e+00  0.00000e+00  3.14439e-07
0550  1.11936e+19  2.31369e+03  1.74328e+06  3.94201e-20  0.00000e+00  0.00000e+00  3.13405e-07
0551  1.12120e+19  2.31297e+03  1.74212e+06  3.91788e-20  0.00000e+00  0.00000e+00  3.12377e-07
0552  1.12305e+19  2.31220e+03  1.74095e+06  3.89400e-20  0.00000e+00  0.00000e+00  3.11353e-07
0553  1.12489e+19  2.31162e+03  1.73975e+06  3.87010e-20  0.00000e+00  0.00000e+00  3.10335e-07
0554  1.12673e+19  2.31023e+03  1.73868e+06  3.84730e-20  0.00000e+00  0.00000e+00  3.09321e-07
0555  1.12857e+19  2.31336e+03  1.73680e+06  3.81968e-20  0.00000e+00  0.00000e+00  3.08312e-07
