# Athena++ data at time=4.550000e+12  cycle=304896244  variables=uov 
# i       x1v         user_out_var0          user_out_var1          user_out_var2          user_out_var3          user_out_var4          user_out_var5      
0002  1.13875e+18  4.91745e+00  3.03478e+04  5.59999e-16  0.00000e+00  0.00000e+00  3.02826e-05
0003  1.15716e+18  1.03218e+01  4.00223e+04  8.70677e-17  0.00000e+00  0.00000e+00  2.93264e-05
0004  1.17558e+18  1.54636e+01  4.91676e+04  4.30155e-17  0.00000e+00  0.00000e+00  2.84148e-05
0005  1.19399e+18  2.23004e+01  6.13414e+04  6.27743e-17  0.00000e+00  0.00000e+00  2.75451e-05
0006  1.21241e+18  3.29235e+01  8.15990e+04  1.03476e-16  0.00000e+00  0.00000e+00  2.67147e-05
0007  1.23082e+18  5.31276e+01  1.23384e+05  1.29046e-16  0.00000e+00  0.00000e+00  2.59213e-05
0008  1.24924e+18  6.27571e+01  1.36872e+05  2.81810e-17  0.00000e+00  0.00000e+00  2.51628e-05
0009  1.26765e+18  6.77535e+01  1.43373e+05  2.26097e-17  0.00000e+00  0.00000e+00  2.44370e-05
0010  1.28607e+18  7.21108e+01  1.48194e+05  2.04176e-17  0.00000e+00  0.00000e+00  2.37422e-05
0011  1.30448e+18  7.54136e+01  1.50867e+05  1.48587e-17  0.00000e+00  0.00000e+00  2.30766e-05
0012  1.32290e+18  7.84608e+01  1.53364e+05  1.49510e-17  0.00000e+00  0.00000e+00  2.24386e-05
0013  1.34131e+18  8.15902e+01  1.55963e+05  1.49569e-17  0.00000e+00  0.00000e+00  2.18267e-05
0014  1.35973e+18  8.47006e+01  1.58586e+05  1.40252e-17  0.00000e+00  0.00000e+00  2.12395e-05
0015  1.37814e+18  8.75321e+01  1.60745e+05  1.22512e-17  0.00000e+00  0.00000e+00  2.06757e-05
0016  1.39656e+18  9.02153e+01  1.62802e+05  1.17373e-17  0.00000e+00  0.00000e+00  2.01340e-05
0017  1.41497e+18  9.28812e+01  1.64893e+05  1.14586e-17  0.00000e+00  0.00000e+00  1.96134e-05
0018  1.43339e+18  9.54908e+01  1.66991e+05  1.02843e-17  0.00000e+00  0.00000e+00  1.91126e-05
0019  1.45180e+18  9.74410e+01  1.67936e+05 -9.80778e-19  0.00000e+00  0.00000e+00  1.86309e-05
0020  1.47022e+18  9.97017e+01  1.69825e+05  1.02701e-17  0.00000e+00  0.00000e+00  1.81671e-05
0021  1.48863e+18  1.02341e+02  1.72117e+05 -1.13469e-16  0.00000e+00  0.00000e+00  1.77204e-05
0022  1.50705e+18  1.04374e+02  1.73445e+05  7.54678e-18  0.00000e+00  0.00000e+00  1.72900e-05
0023  1.52546e+18  1.06316e+02  1.75006e+05  8.08452e-18  0.00000e+00  0.00000e+00  1.68750e-05
0024  1.54388e+18  1.08433e+02  1.76771e+05  8.32894e-18  0.00000e+00  0.00000e+00  1.64749e-05
0027  1.56229e+18  1.10560e+02  1.78616e+05  8.09561e-18  0.00000e+00  0.00000e+00  1.60888e-05
0028  1.58071e+18  1.12660e+02  1.80511e+05  7.90182e-18  0.00000e+00  0.00000e+00  1.57161e-05
0029  1.59912e+18  1.14756e+02  1.82480e+05  7.80395e-18  0.00000e+00  0.00000e+00  1.53562e-05
0030  1.61754e+18  1.16871e+02  1.84551e+05  7.77264e-18  0.00000e+00  0.00000e+00  1.50085e-05
0031  1.63595e+18  1.19028e+02  1.86755e+05  7.80380e-18  0.00000e+00  0.00000e+00  1.46726e-05
0032  1.65437e+18  1.21248e+02  1.89129e+05  7.85274e-18  0.00000e+00  0.00000e+00  1.43477e-05
0033  1.67278e+18  1.23486e+02  1.91614e+05  7.56221e-18  0.00000e+00  0.00000e+00  1.40336e-05
0034  1.69120e+18  1.25423e+02  1.93733e+05  6.49701e-18  0.00000e+00  0.00000e+00  1.37296e-05
0035  1.70961e+18  1.26978e+02  1.95486e+05  5.64855e-18  0.00000e+00  0.00000e+00  1.34354e-05
0036  1.72803e+18  1.28256e+02  1.96962e+05  5.18958e-18  0.00000e+00  0.00000e+00  1.31506e-05
0037  1.74644e+18  1.29517e+02  1.98537e+05  5.35166e-18  0.00000e+00  0.00000e+00  1.28747e-05
0038  1.76486e+18  1.30907e+02  2.00318e+05  5.59820e-18  0.00000e+00  0.00000e+00  1.26074e-05
0039  1.78328e+18  1.32411e+02  2.02297e+05  5.74210e-18  0.00000e+00  0.00000e+00  1.23484e-05
0040  1.80169e+18  1.33990e+02  2.04437e+05  5.81353e-18  0.00000e+00  0.00000e+00  1.20973e-05
0041  1.82011e+18  1.35623e+02  2.06718e+05  5.82013e-18  0.00000e+00  0.00000e+00  1.18537e-05
0042  1.83852e+18  1.37237e+02  2.09048e+05  5.58776e-18  0.00000e+00  0.00000e+00  1.16174e-05
0043  1.85694e+18  1.38795e+02  2.11369e+05  5.26080e-18  0.00000e+00  0.00000e+00  1.13882e-05
0044  1.87535e+18  1.41464e+02  2.15664e+05  6.17314e-18  0.00000e+00  0.00000e+00  1.11656e-05
0045  1.89377e+18  1.44200e+02  2.20428e+05  9.49604e-18  0.00000e+00  0.00000e+00  1.09495e-05
0046  1.91218e+18  1.42118e+02  2.16860e+05  3.24924e-18  0.00000e+00  0.00000e+00  1.07396e-05
0047  1.93060e+18  1.40186e+02  2.13595e+05  8.83024e-19  0.00000e+00  0.00000e+00  1.05357e-05
0048  1.94901e+18  1.43563e+02  2.19443e+05  2.38657e-18  0.00000e+00  0.00000e+00  1.03376e-05
0049  1.96743e+18  1.53169e+02  2.34919e+05  4.01907e-18  0.00000e+00  0.00000e+00  1.01449e-05
0050  1.98584e+18  1.35999e+02  2.08177e+05 -3.89351e-17  0.00000e+00  0.00000e+00  9.95766e-06
0051  2.00426e+18  1.12567e+02  1.80649e+05 -2.00159e-17  0.00000e+00  0.00000e+00  9.77552e-06
0052  2.02267e+18  1.08945e+02  1.77226e+05  8.10630e-19  0.00000e+00  0.00000e+00  9.59833e-06
0053  2.04109e+18  1.08480e+02  1.76795e+05  4.45270e-18  0.00000e+00  0.00000e+00  9.42591e-06
0054  2.05951e+18  1.08628e+02  1.76917e+05  4.80258e-18  0.00000e+00  0.00000e+00  9.25810e-06
0055  2.07792e+18  1.08713e+02  1.76992e+05  4.28500e-18  0.00000e+00  0.00000e+00  9.09473e-06
0056  2.09634e+18  1.08785e+02  1.77061e+05  3.37764e-18  0.00000e+00  0.00000e+00  8.93564e-06
0057  2.11475e+18  1.09210e+02  1.77444e+05  1.72995e-18  0.00000e+00  0.00000e+00  8.78070e-06
0058  2.13317e+18  1.10026e+02  1.78160e+05  1.05459e-18  0.00000e+00  0.00000e+00  8.62975e-06
0059  2.15158e+18  1.10823e+02  1.78870e+05  4.67451e-19  0.00000e+00  0.00000e+00  8.48265e-06
0060  2.17000e+18  1.11536e+02  1.79493e+05  1.75261e-18  0.00000e+00  0.00000e+00  8.33929e-06
0061  2.18841e+18  1.12447e+02  1.80327e+05  1.30673e-18  0.00000e+00  0.00000e+00  8.19953e-06
0062  2.20683e+18  1.18217e+02  1.86210e+05 -1.47172e-17  0.00000e+00  0.00000e+00  8.06326e-06
0063  2.22524e+18  2.23362e+02  3.92176e+05  8.79653e-17  0.00000e+00  0.00000e+00  7.93035e-06
0064  2.24366e+18  4.64696e+02  7.49029e+05  7.65080e-17  0.00000e+00  0.00000e+00  7.80071e-06
0065  2.26207e+18  6.61799e+02  1.05764e+06  3.35403e-17  0.00000e+00  0.00000e+00  7.67421e-06
0066  2.28049e+18  7.90850e+02  1.27231e+06  2.52155e-17  0.00000e+00  0.00000e+00  7.55077e-06
0067  2.29891e+18  8.91687e+02  1.44416e+06  2.26148e-17  0.00000e+00  0.00000e+00  7.43029e-06
0068  2.31732e+18  9.90497e+02  1.61318e+06  2.23248e-17  0.00000e+00  0.00000e+00  7.31266e-06
0069  2.33574e+18  1.09669e+03  1.80017e+06  2.21367e-17  0.00000e+00  0.00000e+00  7.19781e-06
0070  2.35415e+18  1.21500e+03  2.01997e+06  2.14950e-17  0.00000e+00  0.00000e+00  7.08564e-06
0071  2.37257e+18  1.35453e+03  2.28462e+06  2.05409e-17  0.00000e+00  0.00000e+00  6.97607e-06
0072  2.39098e+18  1.52224e+03  2.59416e+06  1.90497e-17  0.00000e+00  0.00000e+00  6.86902e-06
0073  2.40940e+18  1.70305e+03  2.92402e+06  1.72060e-17  0.00000e+00  0.00000e+00  6.76442e-06
0074  2.42781e+18  1.84130e+03  3.20182e+06  1.56344e-17  0.00000e+00  0.00000e+00  6.66219e-06
0075  2.44623e+18  1.87786e+03  3.33006e+06  1.48380e-17  0.00000e+00  0.00000e+00  6.56226e-06
0076  2.46464e+18  1.84493e+03  3.33673e+06  1.43721e-17  0.00000e+00  0.00000e+00  6.46456e-06
0077  2.48306e+18  1.79599e+03  3.29226e+06  1.40878e-17  0.00000e+00  0.00000e+00  6.36903e-06
0078  2.50147e+18  1.65077e+03  3.02856e+06  1.45168e-17  0.00000e+00  0.00000e+00  6.27560e-06
0079  2.51989e+18  1.02182e+03  1.87986e+06  1.34746e-17  0.00000e+00  0.00000e+00  6.18421e-06
0080  2.53831e+18  2.43905e+02  4.45411e+05  5.27390e-17  0.00000e+00  0.00000e+00  6.09480e-06
0081  2.55672e+18  9.20621e+01  1.65889e+05 -1.32778e-16  0.00000e+00  0.00000e+00  6.00732e-06
0082  2.57514e+18  8.67916e+01  1.60189e+05  6.41575e-19  0.00000e+00  0.00000e+00  5.92171e-06
0083  2.59355e+18  8.72285e+01  1.60518e+05  7.37541e-19  0.00000e+00  0.00000e+00  5.83791e-06
0084  2.61197e+18  8.86077e+01  1.61567e+05  6.95051e-19  0.00000e+00  0.00000e+00  5.75588e-06
0085  2.63038e+18  9.00952e+01  1.62719e+05  1.67285e-19  0.00000e+00  0.00000e+00  5.67557e-06
0086  2.64880e+18  9.17513e+01  1.64014e+05 -4.28195e-20  0.00000e+00  0.00000e+00  5.59693e-06
0087  2.66721e+18  9.35654e+01  1.65453e+05 -7.58465e-20  0.00000e+00  0.00000e+00  5.51991e-06
0088  2.68563e+18  9.53195e+01  1.66866e+05 -3.11815e-20  0.00000e+00  0.00000e+00  5.44447e-06
0089  2.70404e+18  9.68659e+01  1.67935e+05  1.08782e-17  0.00000e+00  0.00000e+00  5.37056e-06
0090  2.72246e+18  9.84970e+01  1.68839e+05 -1.35361e-18  0.00000e+00  0.00000e+00  5.29815e-06
0091  2.74088e+18  1.00269e+02  1.70354e+05 -6.95888e-19  0.00000e+00  0.00000e+00  5.22720e-06
0092  2.75929e+18  1.01698e+02  1.71630e+05 -4.17737e-19  0.00000e+00  0.00000e+00  5.15766e-06
0093  2.77771e+18  1.02824e+02  1.72261e+05 -3.42992e-19  0.00000e+00  0.00000e+00  5.08950e-06
0094  2.79612e+18  1.04117e+02  1.73269e+05 -3.26286e-19  0.00000e+00  0.00000e+00  5.02268e-06
0095  2.81454e+18  1.06308e+02  1.75075e+05 -1.79931e-18  0.00000e+00  0.00000e+00  4.95717e-06
0096  2.83295e+18  1.10798e+02  1.79076e+05 -6.09028e-18  0.00000e+00  0.00000e+00  4.89293e-06
0097  2.85137e+18  1.18251e+02  1.86512e+05 -1.08125e-17  0.00000e+00  0.00000e+00  4.82993e-06
0098  2.86978e+18  1.28382e+02  1.97413e+05 -3.37956e-18  0.00000e+00  0.00000e+00  4.76814e-06
0099  2.88820e+18  1.52269e+02  2.32966e+05  4.09696e-18  0.00000e+00  0.00000e+00  4.70753e-06
0100  2.90661e+18  2.43244e+02  3.81543e+05  7.36630e-17  0.00000e+00  0.00000e+00  4.64807e-06
0101  2.92503e+18  4.03198e+02  5.69753e+05  5.48823e-17  0.00000e+00  0.00000e+00  4.58973e-06
0102  2.94345e+18  5.35436e+02  7.22610e+05  3.29775e-17  0.00000e+00  0.00000e+00  4.53248e-06
0103  2.96186e+18  6.33789e+02  8.33004e+05  2.37897e-17  0.00000e+00  0.00000e+00  4.47629e-06
0104  2.98028e+18  7.11062e+02  9.17611e+05  1.93982e-17  0.00000e+00  0.00000e+00  4.42114e-06
0105  2.99869e+18  7.75514e+02  9.86227e+05  1.66306e-17  0.00000e+00  0.00000e+00  4.36701e-06
0106  3.01711e+18  8.31723e+02  1.04583e+06  1.48869e-17  0.00000e+00  0.00000e+00  4.31386e-06
0107  3.03552e+18  8.82312e+02  1.09910e+06  1.34981e-17  0.00000e+00  0.00000e+00  4.26168e-06
0108  3.05394e+18  9.28483e+02  1.14744e+06  1.23508e-17  0.00000e+00  0.00000e+00  4.21044e-06
0109  3.07235e+18  9.71872e+02  1.19322e+06  1.16958e-17  0.00000e+00  0.00000e+00  4.16011e-06
0110  3.09077e+18  1.01318e+03  1.23620e+06  1.09941e-17  0.00000e+00  0.00000e+00  4.11069e-06
0111  3.10918e+18  1.05246e+03  1.27680e+06  1.03852e-17  0.00000e+00  0.00000e+00  4.06214e-06
0112  3.12760e+18  1.09004e+03  1.31531e+06  9.85673e-18  0.00000e+00  0.00000e+00  4.01444e-06
0113  3.14602e+18  1.12613e+03  1.35204e+06  9.38991e-18  0.00000e+00  0.00000e+00  3.96758e-06
0114  3.16443e+18  1.16091e+03  1.38735e+06  8.99961e-18  0.00000e+00  0.00000e+00  3.92154e-06
0115  3.18285e+18  1.19439e+03  1.42144e+06  8.62618e-18  0.00000e+00  0.00000e+00  3.87629e-06
0116  3.20126e+18  1.22649e+03  1.45444e+06  8.27016e-18  0.00000e+00  0.00000e+00  3.83182e-06
0117  3.21968e+18  1.25729e+03  1.48651e+06  7.95261e-18  0.00000e+00  0.00000e+00  3.78811e-06
0118  3.23809e+18  1.28704e+03  1.51782e+06  7.68552e-18  0.00000e+00  0.00000e+00  3.74515e-06
0119  3.25651e+18  1.31584e+03  1.54836e+06  7.42367e-18  0.00000e+00  0.00000e+00  3.70291e-06
0120  3.27492e+18  1.34376e+03  1.57814e+06  7.17243e-18  0.00000e+00  0.00000e+00  3.66138e-06
0121  3.29334e+18  1.37090e+03  1.60717e+06  6.94014e-18  0.00000e+00  0.00000e+00  3.62055e-06
0122  3.31176e+18  1.39728e+03  1.63543e+06  6.71363e-18  0.00000e+00  0.00000e+00  3.58040e-06
0123  3.33017e+18  1.42293e+03  1.66293e+06  6.49371e-18  0.00000e+00  0.00000e+00  3.54091e-06
0124  3.34859e+18  1.44781e+03  1.68969e+06  6.28089e-18  0.00000e+00  0.00000e+00  3.50207e-06
0125  3.36700e+18  1.47189e+03  1.71577e+06  6.07544e-18  0.00000e+00  0.00000e+00  3.46386e-06
0126  3.38542e+18  1.49512e+03  1.74120e+06  5.87750e-18  0.00000e+00  0.00000e+00  3.42628e-06
0127  3.40383e+18  1.51746e+03  1.76610e+06  5.69335e-18  0.00000e+00  0.00000e+00  3.38931e-06
0128  3.42225e+18  1.53892e+03  1.79052e+06  5.51697e-18  0.00000e+00  0.00000e+00  3.35293e-06
0129  3.44066e+18  1.55947e+03  1.81449e+06  5.34695e-18  0.00000e+00  0.00000e+00  3.31713e-06
0130  3.45908e+18  1.57915e+03  1.83805e+06  5.18320e-18  0.00000e+00  0.00000e+00  3.28191e-06
0131  3.47749e+18  1.59810e+03  1.86129e+06  5.04778e-18  0.00000e+00  0.00000e+00  3.24724e-06
0132  3.49591e+18  1.61629e+03  1.88412e+06  4.89868e-18  0.00000e+00  0.00000e+00  3.21312e-06
0133  3.51433e+18  1.63376e+03  1.90648e+06  4.75521e-18  0.00000e+00  0.00000e+00  3.17953e-06
0134  3.53274e+18  1.65055e+03  1.92837e+06  4.61722e-18  0.00000e+00  0.00000e+00  3.14647e-06
0135  3.55116e+18  1.66671e+03  1.94976e+06  4.48456e-18  0.00000e+00  0.00000e+00  3.11392e-06
0136  3.56957e+18  1.68226e+03  1.97063e+06  4.35705e-18  0.00000e+00  0.00000e+00  3.08188e-06
0137  3.58799e+18  1.69718e+03  1.99101e+06  4.23451e-18  0.00000e+00  0.00000e+00  3.05032e-06
0138  3.60640e+18  1.71146e+03  2.01094e+06  4.11675e-18  0.00000e+00  0.00000e+00  3.01925e-06
0139  3.62482e+18  1.72507e+03  2.03046e+06  4.00362e-18  0.00000e+00  0.00000e+00  2.98865e-06
0140  3.64323e+18  1.73797e+03  2.04962e+06  3.89493e-18  0.00000e+00  0.00000e+00  2.95851e-06
0141  3.66165e+18  1.75013e+03  2.06847e+06  3.79051e-18  0.00000e+00  0.00000e+00  2.92883e-06
0142  3.68007e+18  1.76154e+03  2.08706e+06  3.69019e-18  0.00000e+00  0.00000e+00  2.89959e-06
0143  3.69848e+18  1.77220e+03  2.10541e+06  3.59380e-18  0.00000e+00  0.00000e+00  2.87079e-06
0144  3.71690e+18  1.78215e+03  2.12352e+06  3.50113e-18  0.00000e+00  0.00000e+00  2.84241e-06
0145  3.73531e+18  1.79144e+03  2.14139e+06  3.41202e-18  0.00000e+00  0.00000e+00  2.81445e-06
0146  3.75373e+18  1.80012e+03  2.15902e+06  3.32626e-18  0.00000e+00  0.00000e+00  2.78690e-06
0147  3.77214e+18  1.80823e+03  2.17633e+06  3.23684e-18  0.00000e+00  0.00000e+00  2.75976e-06
0148  3.79056e+18  1.81582e+03  2.19339e+06  3.16126e-18  0.00000e+00  0.00000e+00  2.73301e-06
0149  3.80897e+18  1.82304e+03  2.21012e+06  3.08808e-18  0.00000e+00  0.00000e+00  2.70665e-06
0150  3.82739e+18  1.82989e+03  2.22654e+06  3.01721e-18  0.00000e+00  0.00000e+00  2.68066e-06
0151  3.84581e+18  1.83636e+03  2.24269e+06  2.94855e-18  0.00000e+00  0.00000e+00  2.65505e-06
0152  3.86422e+18  1.84243e+03  2.25860e+06  2.88202e-18  0.00000e+00  0.00000e+00  2.62981e-06
0153  3.88264e+18  1.84809e+03  2.27431e+06  2.81753e-18  0.00000e+00  0.00000e+00  2.60492e-06
0154  3.90105e+18  1.85332e+03  2.28987e+06  2.75500e-18  0.00000e+00  0.00000e+00  2.58038e-06
0155  3.91947e+18  1.85810e+03  2.30531e+06  2.69435e-18  0.00000e+00  0.00000e+00  2.55619e-06
0156  3.93788e+18  1.86242e+03  2.32065e+06  2.63552e-18  0.00000e+00  0.00000e+00  2.53234e-06
0157  3.95630e+18  1.86631e+03  2.33589e+06  2.57845e-18  0.00000e+00  0.00000e+00  2.50882e-06
0158  3.97471e+18  1.86978e+03  2.35102e+06  2.52305e-18  0.00000e+00  0.00000e+00  2.48563e-06
0159  3.99313e+18  1.87289e+03  2.36602e+06  2.46928e-18  0.00000e+00  0.00000e+00  2.46275e-06
0160  4.01155e+18  1.87567e+03  2.38088e+06  2.41707e-18  0.00000e+00  0.00000e+00  2.44019e-06
0161  4.02996e+18  1.87817e+03  2.39557e+06  2.36636e-18  0.00000e+00  0.00000e+00  2.41794e-06
0162  4.04838e+18  1.88041e+03  2.41008e+06  2.31709e-18  0.00000e+00  0.00000e+00  2.39599e-06
0163  4.06679e+18  1.88241e+03  2.42441e+06  2.26921e-18  0.00000e+00  0.00000e+00  2.37434e-06
0164  4.08521e+18  1.88418e+03  2.43857e+06  2.22267e-18  0.00000e+00  0.00000e+00  2.35299e-06
0165  4.10362e+18  1.88572e+03  2.45257e+06  2.17742e-18  0.00000e+00  0.00000e+00  2.33191e-06
0166  4.12204e+18  1.88703e+03  2.46641e+06  2.13341e-18  0.00000e+00  0.00000e+00  2.31113e-06
0167  4.14045e+18  1.88808e+03  2.48013e+06  2.09059e-18  0.00000e+00  0.00000e+00  2.29061e-06
0168  4.15887e+18  1.88888e+03  2.49374e+06  2.04893e-18  0.00000e+00  0.00000e+00  2.27037e-06
0169  4.17728e+18  1.88941e+03  2.50725e+06  2.00837e-18  0.00000e+00  0.00000e+00  2.25040e-06
0170  4.19570e+18  1.88969e+03  2.52069e+06  1.96888e-18  0.00000e+00  0.00000e+00  2.23069e-06
0171  4.21412e+18  1.88975e+03  2.53406e+06  1.93041e-18  0.00000e+00  0.00000e+00  2.21123e-06
0172  4.23253e+18  1.88959e+03  2.54739e+06  1.89420e-18  0.00000e+00  0.00000e+00  2.19203e-06
0173  4.25095e+18  1.88924e+03  2.56067e+06  1.85720e-18  0.00000e+00  0.00000e+00  2.17308e-06
0174  4.26936e+18  1.88870e+03  2.57388e+06  1.82113e-18  0.00000e+00  0.00000e+00  2.15438e-06
0175  4.28778e+18  1.88800e+03  2.58703e+06  1.78596e-18  0.00000e+00  0.00000e+00  2.13591e-06
0176  4.30619e+18  1.88716e+03  2.60013e+06  1.75165e-18  0.00000e+00  0.00000e+00  2.11768e-06
0177  4.32461e+18  1.88618e+03  2.61317e+06  1.71818e-18  0.00000e+00  0.00000e+00  2.09968e-06
0178  4.34302e+18  1.88509e+03  2.62617e+06  1.68550e-18  0.00000e+00  0.00000e+00  2.08191e-06
0179  4.36144e+18  1.88389e+03  2.63913e+06  1.65360e-18  0.00000e+00  0.00000e+00  2.06437e-06
0180  4.37986e+18  1.88260e+03  2.65205e+06  1.62244e-18  0.00000e+00  0.00000e+00  2.04705e-06
0181  4.39827e+18  1.88122e+03  2.66493e+06  1.59201e-18  0.00000e+00  0.00000e+00  2.02994e-06
0182  4.41669e+18  1.87976e+03  2.67778e+06  1.56228e-18  0.00000e+00  0.00000e+00  2.01305e-06
0183  4.43510e+18  1.87822e+03  2.69059e+06  1.53323e-18  0.00000e+00  0.00000e+00  1.99637e-06
0184  4.45352e+18  1.87661e+03  2.70336e+06  1.50484e-18  0.00000e+00  0.00000e+00  1.97989e-06
0185  4.47193e+18  1.87493e+03  2.71609e+06  1.47709e-18  0.00000e+00  0.00000e+00  1.96362e-06
0186  4.49035e+18  1.87318e+03  2.72879e+06  1.44997e-18  0.00000e+00  0.00000e+00  1.94754e-06
0187  4.50876e+18  1.87135e+03  2.74145e+06  1.42345e-18  0.00000e+00  0.00000e+00  1.93167e-06
0188  4.52718e+18  1.86943e+03  2.75408e+06  1.39752e-18  0.00000e+00  0.00000e+00  1.91598e-06
0189  4.54560e+18  1.86741e+03  2.76667e+06  1.37217e-18  0.00000e+00  0.00000e+00  1.90049e-06
0190  4.56401e+18  1.86527e+03  2.77923e+06  1.34737e-18  0.00000e+00  0.00000e+00  1.88519e-06
0191  4.58243e+18  1.86302e+03  2.79174e+06  1.32312e-18  0.00000e+00  0.00000e+00  1.87006e-06
0192  4.60084e+18  1.86062e+03  2.80422e+06  1.29940e-18  0.00000e+00  0.00000e+00  1.85512e-06
0193  4.61926e+18  1.85814e+03  2.81660e+06  1.27620e-18  0.00000e+00  0.00000e+00  1.84036e-06
0194  4.63767e+18  1.85552e+03  2.82890e+06  1.25351e-18  0.00000e+00  0.00000e+00  1.82577e-06
0195  4.65609e+18  1.85280e+03  2.84110e+06  1.23132e-18  0.00000e+00  0.00000e+00  1.81136e-06
0196  4.67450e+18  1.84997e+03  2.85316e+06  1.20961e-18  0.00000e+00  0.00000e+00  1.79712e-06
0197  4.69292e+18  1.84705e+03  2.86505e+06  1.18837e-18  0.00000e+00  0.00000e+00  1.78304e-06
0198  4.71134e+18  1.84404e+03  2.87676e+06  1.16761e-18  0.00000e+00  0.00000e+00  1.76913e-06
0199  4.72975e+18  1.84095e+03  2.88827e+06  1.14730e-18  0.00000e+00  0.00000e+00  1.75538e-06
0200  4.74817e+18  1.83778e+03  2.89956e+06  1.12744e-18  0.00000e+00  0.00000e+00  1.74179e-06
0201  4.76658e+18  1.83453e+03  2.91065e+06  1.10801e-18  0.00000e+00  0.00000e+00  1.72836e-06
0202  4.78500e+18  1.83119e+03  2.92153e+06  1.08900e-18  0.00000e+00  0.00000e+00  1.71508e-06
0203  4.80341e+18  1.82776e+03  2.93224e+06  1.07039e-18  0.00000e+00  0.00000e+00  1.70195e-06
0204  4.82183e+18  1.82423e+03  2.94280e+06  1.05216e-18  0.00000e+00  0.00000e+00  1.68898e-06
0205  4.84024e+18  1.82059e+03  2.95324e+06  1.03430e-18  0.00000e+00  0.00000e+00  1.67615e-06
0206  4.85866e+18  1.81685e+03  2.96359e+06  1.01679e-18  0.00000e+00  0.00000e+00  1.66347e-06
0207  4.87708e+18  1.81301e+03  2.97385e+06  9.99618e-19  0.00000e+00  0.00000e+00  1.65093e-06
0208  4.89549e+18  1.80908e+03  2.98407e+06  9.82731e-19  0.00000e+00  0.00000e+00  1.63853e-06
0209  4.91391e+18  1.80511e+03  2.99431e+06  9.66130e-19  0.00000e+00  0.00000e+00  1.62627e-06
0210  4.93232e+18  1.80115e+03  3.00460e+06  9.53559e-19  0.00000e+00  0.00000e+00  1.61415e-06
0211  4.95074e+18  1.79720e+03  3.01493e+06  9.38221e-19  0.00000e+00  0.00000e+00  1.60217e-06
0212  4.96915e+18  1.79329e+03  3.02528e+06  9.23148e-19  0.00000e+00  0.00000e+00  1.59031e-06
0213  4.98757e+18  1.78946e+03  3.03566e+06  9.08332e-19  0.00000e+00  0.00000e+00  1.57859e-06
0214  5.00598e+18  1.78571e+03  3.04607e+06  8.93767e-19  0.00000e+00  0.00000e+00  1.56700e-06
0215  5.02440e+18  1.78206e+03  3.05651e+06  8.79447e-19  0.00000e+00  0.00000e+00  1.55553e-06
0216  5.04282e+18  1.77851e+03  3.06697e+06  8.65371e-19  0.00000e+00  0.00000e+00  1.54419e-06
0217  5.06123e+18  1.77505e+03  3.07743e+06  8.51537e-19  0.00000e+00  0.00000e+00  1.53298e-06
0218  5.07965e+18  1.77166e+03  3.08789e+06  8.37945e-19  0.00000e+00  0.00000e+00  1.52188e-06
0219  5.09806e+18  1.76832e+03  3.09836e+06  8.24591e-19  0.00000e+00  0.00000e+00  1.51091e-06
0220  5.11648e+18  1.76503e+03  3.10885e+06  8.11468e-19  0.00000e+00  0.00000e+00  1.50005e-06
0221  5.13489e+18  1.76176e+03  3.11941e+06  7.98568e-19  0.00000e+00  0.00000e+00  1.48931e-06
0222  5.15331e+18  1.75854e+03  3.13007e+06  7.85879e-19  0.00000e+00  0.00000e+00  1.47868e-06
0223  5.17172e+18  1.75535e+03  3.14087e+06  7.73392e-19  0.00000e+00  0.00000e+00  1.46817e-06
0224  5.19014e+18  1.75222e+03  3.15184e+06  7.61100e-19  0.00000e+00  0.00000e+00  1.45777e-06
0225  5.20856e+18  1.74914e+03  3.16299e+06  7.48996e-19  0.00000e+00  0.00000e+00  1.44748e-06
0226  5.22697e+18  1.74614e+03  3.17433e+06  7.37076e-19  0.00000e+00  0.00000e+00  1.43730e-06
0227  5.24539e+18  1.74324e+03  3.18590e+06  7.25332e-19  0.00000e+00  0.00000e+00  1.42723e-06
0228  5.26380e+18  1.74043e+03  3.19761e+06  7.13773e-19  0.00000e+00  0.00000e+00  1.41726e-06
0229  5.28222e+18  1.73755e+03  3.20916e+06  7.02444e-19  0.00000e+00  0.00000e+00  1.40739e-06
0230  5.30063e+18  1.73452e+03  3.22034e+06  6.91372e-19  0.00000e+00  0.00000e+00  1.39763e-06
0231  5.31905e+18  1.73200e+03  3.23234e+06  6.80325e-19  0.00000e+00  0.00000e+00  1.38797e-06
0232  5.33746e+18  1.73194e+03  3.24884e+06  6.68772e-19  0.00000e+00  0.00000e+00  1.37841e-06
0233  5.35588e+18  1.73412e+03  3.26947e+06  6.56844e-19  0.00000e+00  0.00000e+00  1.36894e-06
0234  5.37430e+18  1.72768e+03  3.27374e+06  6.47505e-19  0.00000e+00  0.00000e+00  1.35958e-06
0235  5.39271e+18  1.71368e+03  3.26338e+06  6.40301e-19  0.00000e+00  0.00000e+00  1.35031e-06
0236  5.41113e+18  1.68266e+03  3.22006e+06  6.37389e-19  0.00000e+00  0.00000e+00  1.34113e-06
0237  5.42954e+18  1.58093e+03  3.04000e+06  6.48874e-19  0.00000e+00  0.00000e+00  1.33205e-06
0238  5.44796e+18  1.27636e+03  2.46548e+06  6.61812e-19  0.00000e+00  0.00000e+00  1.32306e-06
0239  5.46637e+18  7.29632e+02  1.41451e+06  2.35695e-19  0.00000e+00  0.00000e+00  1.31416e-06
0240  5.48479e+18  2.91296e+02  5.56768e+05  2.19451e-18  0.00000e+00  0.00000e+00  1.30535e-06
0241  5.50320e+18  1.25902e+02  2.20247e+05 -2.61314e-17  0.00000e+00  0.00000e+00  1.29663e-06
0242  5.52162e+18  9.50985e+01  1.68738e+05 -9.17501e-18  0.00000e+00  0.00000e+00  1.28800e-06
0243  5.54004e+18  9.46790e+01  1.66781e+05 -1.47566e-18  0.00000e+00  0.00000e+00  1.27945e-06
0244  5.55845e+18  9.74549e+01  1.67862e+05  2.31655e-18  0.00000e+00  0.00000e+00  1.27098e-06
0245  5.57687e+18  1.04556e+02  1.72760e+05  1.93043e-18  0.00000e+00  0.00000e+00  1.26260e-06
0246  5.59528e+18  1.16127e+02  1.82520e+05  2.00367e-18  0.00000e+00  0.00000e+00  1.25431e-06
0247  5.61370e+18  1.34437e+02  2.02877e+05  1.74625e-18  0.00000e+00  0.00000e+00  1.24609e-06
0248  5.63211e+18  1.65511e+02  2.42827e+05  4.05832e-18  0.00000e+00  0.00000e+00  1.23795e-06
0249  5.65053e+18  2.16800e+02  3.06087e+05  7.59391e-18  0.00000e+00  0.00000e+00  1.22990e-06
0250  5.66894e+18  2.88019e+02  3.83535e+05  7.42266e-18  0.00000e+00  0.00000e+00  1.22192e-06
0251  5.68736e+18  3.65863e+02  4.60795e+05  5.81889e-18  0.00000e+00  0.00000e+00  1.21402e-06
0252  5.70578e+18  4.37033e+02  5.28605e+05  4.46581e-18  0.00000e+00  0.00000e+00  1.20620e-06
0253  5.72419e+18  4.98035e+02  5.84644e+05  3.60058e-18  0.00000e+00  0.00000e+00  1.19845e-06
0254  5.74261e+18  5.50600e+02  6.30467e+05  3.03591e-18  0.00000e+00  0.00000e+00  1.19077e-06
0255  5.76102e+18  5.96887e+02  6.68544e+05  2.64020e-18  0.00000e+00  0.00000e+00  1.18317e-06
0256  5.77944e+18  6.38533e+02  7.01026e+05  2.34335e-18  0.00000e+00  0.00000e+00  1.17565e-06
0257  5.79785e+18  6.76852e+02  7.29641e+05  2.12813e-18  0.00000e+00  0.00000e+00  1.16819e-06
0258  5.81627e+18  7.12772e+02  7.55384e+05  1.96300e-18  0.00000e+00  0.00000e+00  1.16080e-06
0259  5.83468e+18  7.46790e+02  7.78827e+05  1.82164e-18  0.00000e+00  0.00000e+00  1.15349e-06
0260  5.85310e+18  7.79199e+02  8.00378e+05  1.69895e-18  0.00000e+00  0.00000e+00  1.14624e-06
0261  5.87152e+18  8.10240e+02  8.20364e+05  1.59652e-18  0.00000e+00  0.00000e+00  1.13906e-06
0262  5.88993e+18  8.40102e+02  8.38998e+05  1.50642e-18  0.00000e+00  0.00000e+00  1.13195e-06
0263  5.90835e+18  8.68896e+02  8.56430e+05  1.42574e-18  0.00000e+00  0.00000e+00  1.12490e-06
0264  5.92676e+18  8.96681e+02  8.72758e+05  1.35274e-18  0.00000e+00  0.00000e+00  1.11792e-06
0265  5.94518e+18  9.23562e+02  8.88112e+05  1.28632e-18  0.00000e+00  0.00000e+00  1.11101e-06
0266  5.96359e+18  9.49752e+02  9.02748e+05  1.23874e-18  0.00000e+00  0.00000e+00  1.10416e-06
0267  5.98201e+18  9.75373e+02  9.16673e+05  1.18816e-18  0.00000e+00  0.00000e+00  1.09737e-06
0268  6.00043e+18  1.00041e+03  9.29935e+05  1.14088e-18  0.00000e+00  0.00000e+00  1.09065e-06
0269  6.01884e+18  1.02487e+03  9.42586e+05  1.09661e-18  0.00000e+00  0.00000e+00  1.08398e-06
0270  6.03726e+18  1.04880e+03  9.54693e+05  1.05646e-18  0.00000e+00  0.00000e+00  1.07738e-06
0271  6.05567e+18  1.07224e+03  9.66292e+05  1.01959e-18  0.00000e+00  0.00000e+00  1.07084e-06
0272  6.07409e+18  1.09523e+03  9.77432e+05  9.84284e-19  0.00000e+00  0.00000e+00  1.06435e-06
0273  6.09250e+18  1.11784e+03  9.88171e+05  9.53172e-19  0.00000e+00  0.00000e+00  1.05793e-06
0274  6.11092e+18  1.14009e+03  9.98541e+05  9.23484e-19  0.00000e+00  0.00000e+00  1.05156e-06
0275  6.12933e+18  1.16200e+03  1.00857e+06  8.95134e-19  0.00000e+00  0.00000e+00  1.04525e-06
0276  6.14775e+18  1.18357e+03  1.01827e+06  8.68044e-19  0.00000e+00  0.00000e+00  1.03900e-06
0277  6.16617e+18  1.20481e+03  1.02767e+06  8.42148e-19  0.00000e+00  0.00000e+00  1.03280e-06
0278  6.18458e+18  1.22572e+03  1.03678e+06  8.17387e-19  0.00000e+00  0.00000e+00  1.02666e-06
0279  6.20300e+18  1.24633e+03  1.04562e+06  7.93637e-19  0.00000e+00  0.00000e+00  1.02057e-06
0280  6.22141e+18  1.26668e+03  1.05424e+06  7.74218e-19  0.00000e+00  0.00000e+00  1.01454e-06
0281  6.23983e+18  1.28684e+03  1.06266e+06  7.55327e-19  0.00000e+00  0.00000e+00  1.00856e-06
0282  6.25824e+18  1.30680e+03  1.07088e+06  7.36959e-19  0.00000e+00  0.00000e+00  1.00263e-06
0283  6.27666e+18  1.32657e+03  1.07892e+06  7.19109e-19  0.00000e+00  0.00000e+00  9.96760e-07
0284  6.29507e+18  1.34613e+03  1.08677e+06  7.01771e-19  0.00000e+00  0.00000e+00  9.90937e-07
0285  6.31349e+18  1.36548e+03  1.09446e+06  6.84938e-19  0.00000e+00  0.00000e+00  9.85164e-07
0286  6.33191e+18  1.38462e+03  1.10198e+06  6.68602e-19  0.00000e+00  0.00000e+00  9.79442e-07
0287  6.35032e+18  1.40355e+03  1.10933e+06  6.52754e-19  0.00000e+00  0.00000e+00  9.73770e-07
0288  6.36874e+18  1.42226e+03  1.11653e+06  6.37382e-19  0.00000e+00  0.00000e+00  9.68146e-07
0289  6.38715e+18  1.44076e+03  1.12358e+06  6.22475e-19  0.00000e+00  0.00000e+00  9.62572e-07
0290  6.40557e+18  1.45904e+03  1.13048e+06  6.08020e-19  0.00000e+00  0.00000e+00  9.57045e-07
0291  6.42398e+18  1.47710e+03  1.13724e+06  5.94006e-19  0.00000e+00  0.00000e+00  9.51566e-07
0292  6.44240e+18  1.49495e+03  1.14387e+06  5.80486e-19  0.00000e+00  0.00000e+00  9.46133e-07
0293  6.46081e+18  1.51260e+03  1.15039e+06  5.67902e-19  0.00000e+00  0.00000e+00  9.40747e-07
0294  6.47923e+18  1.53006e+03  1.15680e+06  5.55772e-19  0.00000e+00  0.00000e+00  9.35407e-07
0295  6.49765e+18  1.54734e+03  1.16310e+06  5.43958e-19  0.00000e+00  0.00000e+00  9.30113e-07
0296  6.51606e+18  1.56444e+03  1.16931e+06  5.32455e-19  0.00000e+00  0.00000e+00  9.24863e-07
0297  6.53448e+18  1.58135e+03  1.17543e+06  5.21255e-19  0.00000e+00  0.00000e+00  9.19657e-07
0298  6.55289e+18  1.59806e+03  1.18146e+06  5.10352e-19  0.00000e+00  0.00000e+00  9.14495e-07
0299  6.57131e+18  1.61459e+03  1.18742e+06  4.99740e-19  0.00000e+00  0.00000e+00  9.09377e-07
0300  6.58972e+18  1.63092e+03  1.19329e+06  4.89411e-19  0.00000e+00  0.00000e+00  9.04301e-07
0301  6.60814e+18  1.64706e+03  1.19909e+06  4.79358e-19  0.00000e+00  0.00000e+00  8.99268e-07
0302  6.62655e+18  1.66300e+03  1.20482e+06  4.69575e-19  0.00000e+00  0.00000e+00  8.94277e-07
0303  6.64497e+18  1.67875e+03  1.21049e+06  4.60053e-19  0.00000e+00  0.00000e+00  8.89327e-07
0304  6.66339e+18  1.69431e+03  1.21609e+06  4.50787e-19  0.00000e+00  0.00000e+00  8.84418e-07
0305  6.68180e+18  1.70967e+03  1.22163e+06  4.41769e-19  0.00000e+00  0.00000e+00  8.79550e-07
0306  6.70022e+18  1.72483e+03  1.22710e+06  4.32993e-19  0.00000e+00  0.00000e+00  8.74722e-07
0307  6.71863e+18  1.73980e+03  1.23253e+06  4.24451e-19  0.00000e+00  0.00000e+00  8.69933e-07
0308  6.73705e+18  1.75457e+03  1.23789e+06  4.16138e-19  0.00000e+00  0.00000e+00  8.65184e-07
0309  6.75546e+18  1.76915e+03  1.24321e+06  4.08046e-19  0.00000e+00  0.00000e+00  8.60473e-07
0310  6.77388e+18  1.78353e+03  1.24847e+06  4.00170e-19  0.00000e+00  0.00000e+00  8.55801e-07
0311  6.79229e+18  1.79769e+03  1.25368e+06  3.92506e-19  0.00000e+00  0.00000e+00  8.51167e-07
0312  6.81071e+18  1.81165e+03  1.25885e+06  3.84739e-19  0.00000e+00  0.00000e+00  8.46570e-07
0313  6.82913e+18  1.82542e+03  1.26398e+06  3.78153e-19  0.00000e+00  0.00000e+00  8.42010e-07
0314  6.84754e+18  1.83902e+03  1.26908e+06  3.71705e-19  0.00000e+00  0.00000e+00  8.37487e-07
0315  6.86596e+18  1.85245e+03  1.27416e+06  3.65393e-19  0.00000e+00  0.00000e+00  8.33001e-07
0316  6.88437e+18  1.86570e+03  1.27921e+06  3.59214e-19  0.00000e+00  0.00000e+00  8.28550e-07
0317  6.90279e+18  1.87878e+03  1.28423e+06  3.53167e-19  0.00000e+00  0.00000e+00  8.24135e-07
0318  6.92120e+18  1.89167e+03  1.28923e+06  3.47251e-19  0.00000e+00  0.00000e+00  8.19755e-07
0319  6.93962e+18  1.90438e+03  1.29421e+06  3.41463e-19  0.00000e+00  0.00000e+00  8.15410e-07
0320  6.95803e+18  1.91689e+03  1.29917e+06  3.35802e-19  0.00000e+00  0.00000e+00  8.11100e-07
0321  6.97645e+18  1.92920e+03  1.30410e+06  3.30266e-19  0.00000e+00  0.00000e+00  8.06824e-07
0322  6.99487e+18  1.94131e+03  1.30901e+06  3.24853e-19  0.00000e+00  0.00000e+00  8.02581e-07
0323  7.01328e+18  1.95322e+03  1.31389e+06  3.19561e-19  0.00000e+00  0.00000e+00  7.98371e-07
0324  7.03170e+18  1.96492e+03  1.31875e+06  3.14388e-19  0.00000e+00  0.00000e+00  7.94195e-07
0325  7.05011e+18  1.97641e+03  1.32359e+06  3.09332e-19  0.00000e+00  0.00000e+00  7.90052e-07
0326  7.06853e+18  1.98768e+03  1.32839e+06  3.04392e-19  0.00000e+00  0.00000e+00  7.85940e-07
0327  7.08694e+18  1.99871e+03  1.33317e+06  2.99566e-19  0.00000e+00  0.00000e+00  7.81861e-07
0328  7.10536e+18  2.00951e+03  1.33792e+06  2.94852e-19  0.00000e+00  0.00000e+00  7.77813e-07
0329  7.12378e+18  2.02007e+03  1.34263e+06  2.90118e-19  0.00000e+00  0.00000e+00  7.73797e-07
0330  7.14219e+18  2.03040e+03  1.34732e+06  2.85712e-19  0.00000e+00  0.00000e+00  7.69812e-07
0331  7.16061e+18  2.04050e+03  1.35198e+06  2.81404e-19  0.00000e+00  0.00000e+00  7.65858e-07
0332  7.17902e+18  2.05039e+03  1.35661e+06  2.77192e-19  0.00000e+00  0.00000e+00  7.61933e-07
0333  7.19744e+18  2.06005e+03  1.36122e+06  2.73075e-19  0.00000e+00  0.00000e+00  7.58039e-07
0334  7.21585e+18  2.06948e+03  1.36578e+06  2.69049e-19  0.00000e+00  0.00000e+00  7.54175e-07
0335  7.23427e+18  2.07868e+03  1.37031e+06  2.65114e-19  0.00000e+00  0.00000e+00  7.50340e-07
0336  7.25268e+18  2.08766e+03  1.37480e+06  2.61268e-19  0.00000e+00  0.00000e+00  7.46535e-07
0337  7.27110e+18  2.09640e+03  1.37923e+06  2.57510e-19  0.00000e+00  0.00000e+00  7.42758e-07
0338  7.28952e+18  2.10491e+03  1.38362e+06  2.53837e-19  0.00000e+00  0.00000e+00  7.39010e-07
0339  7.30793e+18  2.11319e+03  1.38796e+06  2.50249e-19  0.00000e+00  0.00000e+00  7.35290e-07
0340  7.32635e+18  2.12122e+03  1.39224e+06  2.46742e-19  0.00000e+00  0.00000e+00  7.31598e-07
0341  7.34476e+18  2.12902e+03  1.39647e+06  2.43316e-19  0.00000e+00  0.00000e+00  7.27934e-07
0342  7.36318e+18  2.13657e+03  1.40065e+06  2.39969e-19  0.00000e+00  0.00000e+00  7.24298e-07
0343  7.38159e+18  2.14387e+03  1.40479e+06  2.36699e-19  0.00000e+00  0.00000e+00  7.20688e-07
0344  7.40001e+18  2.15093e+03  1.40887e+06  2.33504e-19  0.00000e+00  0.00000e+00  7.17106e-07
0345  7.41842e+18  2.15774e+03  1.41291e+06  2.30382e-19  0.00000e+00  0.00000e+00  7.13550e-07
0346  7.43684e+18  2.16432e+03  1.41690e+06  2.27330e-19  0.00000e+00  0.00000e+00  7.10020e-07
0347  7.45526e+18  2.17065e+03  1.42085e+06  2.24347e-19  0.00000e+00  0.00000e+00  7.06517e-07
0348  7.47367e+18  2.17677e+03  1.42475e+06  2.21479e-19  0.00000e+00  0.00000e+00  7.03039e-07
0349  7.49209e+18  2.18266e+03  1.42861e+06  2.18676e-19  0.00000e+00  0.00000e+00  6.99587e-07
0350  7.51050e+18  2.18835e+03  1.43244e+06  2.15930e-19  0.00000e+00  0.00000e+00  6.96161e-07
0351  7.52892e+18  2.19383e+03  1.43622e+06  2.13241e-19  0.00000e+00  0.00000e+00  6.92759e-07
0352  7.54733e+18  2.19911e+03  1.43996e+06  2.10606e-19  0.00000e+00  0.00000e+00  6.89383e-07
0353  7.56575e+18  2.20421e+03  1.44368e+06  2.08024e-19  0.00000e+00  0.00000e+00  6.86031e-07
0354  7.58416e+18  2.20914e+03  1.44735e+06  2.05493e-19  0.00000e+00  0.00000e+00  6.82703e-07
0355  7.60258e+18  2.21388e+03  1.45100e+06  2.03011e-19  0.00000e+00  0.00000e+00  6.79400e-07
0356  7.62100e+18  2.21847e+03  1.45461e+06  2.00577e-19  0.00000e+00  0.00000e+00  6.76121e-07
0357  7.63941e+18  2.22289e+03  1.45820e+06  1.98189e-19  0.00000e+00  0.00000e+00  6.72865e-07
0358  7.65783e+18  2.22716e+03  1.46176e+06  1.95845e-19  0.00000e+00  0.00000e+00  6.69632e-07
0359  7.67624e+18  2.23127e+03  1.46531e+06  1.93545e-19  0.00000e+00  0.00000e+00  6.66423e-07
0360  7.69466e+18  2.23524e+03  1.46883e+06  1.91287e-19  0.00000e+00  0.00000e+00  6.63237e-07
0361  7.71307e+18  2.23906e+03  1.47235e+06  1.89071e-19  0.00000e+00  0.00000e+00  6.60074e-07
0362  7.73149e+18  2.24274e+03  1.47585e+06  1.86893e-19  0.00000e+00  0.00000e+00  6.56933e-07
0363  7.74990e+18  2.24629e+03  1.47935e+06  1.84754e-19  0.00000e+00  0.00000e+00  6.53815e-07
0364  7.76832e+18  2.24971e+03  1.48284e+06  1.82653e-19  0.00000e+00  0.00000e+00  6.50719e-07
0365  7.78674e+18  2.25301e+03  1.48632e+06  1.80587e-19  0.00000e+00  0.00000e+00  6.47644e-07
0366  7.80515e+18  2.25620e+03  1.48980e+06  1.78556e-19  0.00000e+00  0.00000e+00  6.44592e-07
0367  7.82357e+18  2.25928e+03  1.49327e+06  1.76558e-19  0.00000e+00  0.00000e+00  6.41561e-07
0368  7.84198e+18  2.26227e+03  1.49673e+06  1.74594e-19  0.00000e+00  0.00000e+00  6.38551e-07
0369  7.86040e+18  2.26516e+03  1.50019e+06  1.72661e-19  0.00000e+00  0.00000e+00  6.35563e-07
0370  7.87881e+18  2.26796e+03  1.50364e+06  1.70759e-19  0.00000e+00  0.00000e+00  6.32595e-07
0371  7.89723e+18  2.27067e+03  1.50710e+06  1.68887e-19  0.00000e+00  0.00000e+00  6.29648e-07
0372  7.91564e+18  2.27328e+03  1.51055e+06  1.67046e-19  0.00000e+00  0.00000e+00  6.26722e-07
0373  7.93406e+18  2.27579e+03  1.51400e+06  1.65233e-19  0.00000e+00  0.00000e+00  6.23816e-07
0374  7.95248e+18  2.27822e+03  1.51746e+06  1.63450e-19  0.00000e+00  0.00000e+00  6.20930e-07
0375  7.97089e+18  2.28054e+03  1.52092e+06  1.61694e-19  0.00000e+00  0.00000e+00  6.18064e-07
0376  7.98931e+18  2.28278e+03  1.52437e+06  1.59966e-19  0.00000e+00  0.00000e+00  6.15218e-07
0377  8.00772e+18  2.28492e+03  1.52783e+06  1.58266e-19  0.00000e+00  0.00000e+00  6.12392e-07
0378  8.02614e+18  2.28698e+03  1.53128e+06  1.56591e-19  0.00000e+00  0.00000e+00  6.09585e-07
0379  8.04455e+18  2.28896e+03  1.53472e+06  1.54943e-19  0.00000e+00  0.00000e+00  6.06797e-07
0380  8.06297e+18  2.29085e+03  1.53816e+06  1.53319e-19  0.00000e+00  0.00000e+00  6.04029e-07
0381  8.08139e+18  2.29267e+03  1.54159e+06  1.51721e-19  0.00000e+00  0.00000e+00  6.01279e-07
0382  8.09980e+18  2.29441e+03  1.54500e+06  1.50147e-19  0.00000e+00  0.00000e+00  5.98548e-07
0383  8.11822e+18  2.29607e+03  1.54841e+06  1.48597e-19  0.00000e+00  0.00000e+00  5.95835e-07
0384  8.13663e+18  2.29765e+03  1.55180e+06  1.47071e-19  0.00000e+00  0.00000e+00  5.93141e-07
0385  8.15505e+18  2.29915e+03  1.55518e+06  1.45568e-19  0.00000e+00  0.00000e+00  5.90466e-07
0386  8.17346e+18  2.30056e+03  1.55854e+06  1.44088e-19  0.00000e+00  0.00000e+00  5.87808e-07
0387  8.19188e+18  2.30188e+03  1.56190e+06  1.42631e-19  0.00000e+00  0.00000e+00  5.85168e-07
0388  8.21029e+18  2.30311e+03  1.56526e+06  1.41196e-19  0.00000e+00  0.00000e+00  5.82546e-07
0389  8.22871e+18  2.30424e+03  1.56861e+06  1.39783e-19  0.00000e+00  0.00000e+00  5.79941e-07
0390  8.24713e+18  2.30528e+03  1.57195e+06  1.38393e-19  0.00000e+00  0.00000e+00  5.77354e-07
0391  8.26554e+18  2.30624e+03  1.57529e+06  1.37034e-19  0.00000e+00  0.00000e+00  5.74784e-07
0392  8.28396e+18  2.30711e+03  1.57862e+06  1.35695e-19  0.00000e+00  0.00000e+00  5.72232e-07
0393  8.30237e+18  2.30789e+03  1.58194e+06  1.34376e-19  0.00000e+00  0.00000e+00  5.69696e-07
0394  8.32079e+18  2.30858e+03  1.58525e+06  1.33076e-19  0.00000e+00  0.00000e+00  5.67177e-07
0395  8.33920e+18  2.30919e+03  1.58855e+06  1.31797e-19  0.00000e+00  0.00000e+00  5.64675e-07
0396  8.35762e+18  2.30971e+03  1.59183e+06  1.30536e-19  0.00000e+00  0.00000e+00  5.62189e-07
0397  8.37603e+18  2.31013e+03  1.59510e+06  1.29295e-19  0.00000e+00  0.00000e+00  5.59720e-07
0398  8.39445e+18  2.31046e+03  1.59835e+06  1.28072e-19  0.00000e+00  0.00000e+00  5.57267e-07
0399  8.41287e+18  2.31069e+03  1.60160e+06  1.26868e-19  0.00000e+00  0.00000e+00  5.54830e-07
0400  8.43128e+18  2.31083e+03  1.60484e+06  1.25681e-19  0.00000e+00  0.00000e+00  5.52409e-07
0401  8.44970e+18  2.31089e+03  1.60806e+06  1.24512e-19  0.00000e+00  0.00000e+00  5.50003e-07
0402  8.46811e+18  2.31087e+03  1.61127e+06  1.23360e-19  0.00000e+00  0.00000e+00  5.47614e-07
0403  8.48653e+18  2.31075e+03  1.61446e+06  1.22226e-19  0.00000e+00  0.00000e+00  5.45240e-07
0404  8.50494e+18  2.31056e+03  1.61764e+06  1.21107e-19  0.00000e+00  0.00000e+00  5.42881e-07
0405  8.52336e+18  2.31032e+03  1.62079e+06  1.20003e-19  0.00000e+00  0.00000e+00  5.40538e-07
0406  8.54177e+18  2.31007e+03  1.62391e+06  1.18913e-19  0.00000e+00  0.00000e+00  5.38209e-07
0407  8.56019e+18  2.30981e+03  1.62697e+06  1.17837e-19  0.00000e+00  0.00000e+00  5.35896e-07
0408  8.57861e+18  2.30956e+03  1.62998e+06  1.16773e-19  0.00000e+00  0.00000e+00  5.33598e-07
0409  8.59702e+18  2.30931e+03  1.63295e+06  1.15722e-19  0.00000e+00  0.00000e+00  5.31314e-07
0410  8.61544e+18  2.30907e+03  1.63587e+06  1.14684e-19  0.00000e+00  0.00000e+00  5.29045e-07
0411  8.63385e+18  2.30881e+03  1.63875e+06  1.13658e-19  0.00000e+00  0.00000e+00  5.26791e-07
0412  8.65227e+18  2.30851e+03  1.64161e+06  1.12645e-19  0.00000e+00  0.00000e+00  5.24551e-07
0413  8.67068e+18  2.30816e+03  1.64446e+06  1.11646e-19  0.00000e+00  0.00000e+00  5.22325e-07
0414  8.68910e+18  2.30771e+03  1.64731e+06  1.10661e-19  0.00000e+00  0.00000e+00  5.20113e-07
0415  8.70751e+18  2.30716e+03  1.65017e+06  1.09691e-19  0.00000e+00  0.00000e+00  5.17916e-07
0416  8.72593e+18  2.30648e+03  1.65306e+06  1.08735e-19  0.00000e+00  0.00000e+00  5.15732e-07
0417  8.74435e+18  2.30564e+03  1.65598e+06  1.07794e-19  0.00000e+00  0.00000e+00  5.13562e-07
0418  8.76276e+18  2.30466e+03  1.65894e+06  1.06867e-19  0.00000e+00  0.00000e+00  5.11406e-07
0419  8.78118e+18  2.30353e+03  1.66193e+06  1.05955e-19  0.00000e+00  0.00000e+00  5.09263e-07
0420  8.79959e+18  2.30228e+03  1.66495e+06  1.05056e-19  0.00000e+00  0.00000e+00  5.07134e-07
0421  8.81801e+18  2.30093e+03  1.66799e+06  1.04170e-19  0.00000e+00  0.00000e+00  5.05018e-07
0422  8.83642e+18  2.29951e+03  1.67102e+06  1.03295e-19  0.00000e+00  0.00000e+00  5.02915e-07
0423  8.85484e+18  2.29805e+03  1.67405e+06  1.02430e-19  0.00000e+00  0.00000e+00  5.00825e-07
0424  8.87326e+18  2.29659e+03  1.67704e+06  1.01576e-19  0.00000e+00  0.00000e+00  4.98749e-07
0425  8.89167e+18  2.29513e+03  1.68000e+06  1.00730e-19  0.00000e+00  0.00000e+00  4.96685e-07
0426  8.91009e+18  2.29371e+03  1.68292e+06  9.98928e-20  0.00000e+00  0.00000e+00  4.94634e-07
0427  8.92850e+18  2.29233e+03  1.68579e+06  9.90638e-20  0.00000e+00  0.00000e+00  4.92595e-07
0428  8.94692e+18  2.29100e+03  1.68861e+06  9.82428e-20  0.00000e+00  0.00000e+00  4.90570e-07
0429  8.96533e+18  2.28972e+03  1.69138e+06  9.74293e-20  0.00000e+00  0.00000e+00  4.88556e-07
0430  8.98375e+18  2.28850e+03  1.69410e+06  9.66234e-20  0.00000e+00  0.00000e+00  4.86555e-07
0431  9.00216e+18  2.28733e+03  1.69676e+06  9.58248e-20  0.00000e+00  0.00000e+00  4.84567e-07
0432  9.02058e+18  2.28623e+03  1.69936e+06  9.50333e-20  0.00000e+00  0.00000e+00  4.82590e-07
0433  9.03900e+18  2.28521e+03  1.70192e+06  9.42488e-20  0.00000e+00  0.00000e+00  4.80626e-07
0434  9.05741e+18  2.28424e+03  1.70441e+06  9.34713e-20  0.00000e+00  0.00000e+00  4.78674e-07
0435  9.07583e+18  2.28333e+03  1.70686e+06  9.27010e-20  0.00000e+00  0.00000e+00  4.76733e-07
0436  9.09424e+18  2.28255e+03  1.70923e+06  9.19361e-20  0.00000e+00  0.00000e+00  4.74804e-07
0437  9.11266e+18  2.28185e+03  1.71153e+06  9.11776e-20  0.00000e+00  0.00000e+00  4.72887e-07
0438  9.13107e+18  2.28122e+03  1.71378e+06  9.04258e-20  0.00000e+00  0.00000e+00  4.70982e-07
0439  9.14949e+18  2.28065e+03  1.71598e+06  8.96808e-20  0.00000e+00  0.00000e+00  4.69088e-07
0440  9.16790e+18  2.28015e+03  1.71812e+06  8.89422e-20  0.00000e+00  0.00000e+00  4.67205e-07
0441  9.18632e+18  2.27974e+03  1.72020e+06  8.82096e-20  0.00000e+00  0.00000e+00  4.65334e-07
0442  9.20474e+18  2.27943e+03  1.72220e+06  8.74827e-20  0.00000e+00  0.00000e+00  4.63474e-07
0443  9.22315e+18  2.27924e+03  1.72413e+06  8.67613e-20  0.00000e+00  0.00000e+00  4.61625e-07
0444  9.24157e+18  2.27915e+03  1.72599e+06  8.60456e-20  0.00000e+00  0.00000e+00  4.59787e-07
0445  9.25998e+18  2.27915e+03  1.72777e+06  8.53359e-20  0.00000e+00  0.00000e+00  4.57960e-07
0446  9.27840e+18  2.27921e+03  1.72951e+06  8.46324e-20  0.00000e+00  0.00000e+00  4.56144e-07
0447  9.29681e+18  2.27934e+03  1.73119e+06  8.39352e-20  0.00000e+00  0.00000e+00  4.54338e-07
0448  9.31523e+18  2.27951e+03  1.73283e+06  8.32445e-20  0.00000e+00  0.00000e+00  4.52544e-07
0449  9.33364e+18  2.27973e+03  1.73442e+06  8.25601e-20  0.00000e+00  0.00000e+00  4.50760e-07
0450  9.35206e+18  2.28001e+03  1.73597e+06  8.18820e-20  0.00000e+00  0.00000e+00  4.48986e-07
0451  9.37048e+18  2.28033e+03  1.73748e+06  8.12099e-20  0.00000e+00  0.00000e+00  4.47223e-07
0452  9.38889e+18  2.28071e+03  1.73896e+06  8.05436e-20  0.00000e+00  0.00000e+00  4.45470e-07
0453  9.40731e+18  2.28115e+03  1.74042e+06  7.98831e-20  0.00000e+00  0.00000e+00  4.43728e-07
0454  9.42572e+18  2.28164e+03  1.74185e+06  7.92282e-20  0.00000e+00  0.00000e+00  4.41996e-07
0455  9.44414e+18  2.28219e+03  1.74326e+06  7.85785e-20  0.00000e+00  0.00000e+00  4.40274e-07
0456  9.46255e+18  2.28281e+03  1.74465e+06  7.79342e-20  0.00000e+00  0.00000e+00  4.38562e-07
0457  9.48097e+18  2.28348e+03  1.74602e+06  7.72951e-20  0.00000e+00  0.00000e+00  4.36860e-07
0458  9.49939e+18  2.28421e+03  1.74737e+06  7.66614e-20  0.00000e+00  0.00000e+00  4.35168e-07
0459  9.51780e+18  2.28499e+03  1.74870e+06  7.60332e-20  0.00000e+00  0.00000e+00  4.33485e-07
0460  9.53622e+18  2.28581e+03  1.75000e+06  7.54107e-20  0.00000e+00  0.00000e+00  4.31813e-07
0461  9.55463e+18  2.28667e+03  1.75126e+06  7.47942e-20  0.00000e+00  0.00000e+00  4.30150e-07
0462  9.57305e+18  2.28755e+03  1.75247e+06  7.41838e-20  0.00000e+00  0.00000e+00  4.28496e-07
0463  9.59146e+18  2.28844e+03  1.75364e+06  7.35798e-20  0.00000e+00  0.00000e+00  4.26853e-07
0464  9.60988e+18  2.28935e+03  1.75476e+06  7.29821e-20  0.00000e+00  0.00000e+00  4.25218e-07
0465  9.62829e+18  2.29027e+03  1.75582e+06  7.23906e-20  0.00000e+00  0.00000e+00  4.23593e-07
0466  9.64671e+18  2.29121e+03  1.75684e+06  7.18053e-20  0.00000e+00  0.00000e+00  4.21977e-07
0467  9.66513e+18  2.29216e+03  1.75782e+06  7.12260e-20  0.00000e+00  0.00000e+00  4.20371e-07
0468  9.68354e+18  2.29313e+03  1.75875e+06  7.06523e-20  0.00000e+00  0.00000e+00  4.18773e-07
0469  9.70196e+18  2.29413e+03  1.75965e+06  7.00842e-20  0.00000e+00  0.00000e+00  4.17185e-07
0470  9.72037e+18  2.29516e+03  1.76052e+06  6.95215e-20  0.00000e+00  0.00000e+00  4.15606e-07
0471  9.73879e+18  2.29622e+03  1.76136e+06  6.89638e-20  0.00000e+00  0.00000e+00  4.14036e-07
0472  9.75720e+18  2.29731e+03  1.76218e+06  6.84112e-20  0.00000e+00  0.00000e+00  4.12474e-07
0473  9.77562e+18  2.29844e+03  1.76297e+06  6.78634e-20  0.00000e+00  0.00000e+00  4.10922e-07
0474  9.79403e+18  2.29961e+03  1.76375e+06  6.73203e-20  0.00000e+00  0.00000e+00  4.09378e-07
0475  9.81245e+18  2.30083e+03  1.76453e+06  6.67815e-20  0.00000e+00  0.00000e+00  4.07843e-07
0476  9.83087e+18  2.30211e+03  1.76530e+06  6.62468e-20  0.00000e+00  0.00000e+00  4.06316e-07
0477  9.84928e+18  2.30344e+03  1.76609e+06  6.57158e-20  0.00000e+00  0.00000e+00  4.04798e-07
0478  9.86770e+18  2.30486e+03  1.76690e+06  6.51882e-20  0.00000e+00  0.00000e+00  4.03289e-07
0479  9.88611e+18  2.30636e+03  1.76774e+06  6.46636e-20  0.00000e+00  0.00000e+00  4.01788e-07
0480  9.90453e+18  2.30795e+03  1.76862e+06  6.41416e-20  0.00000e+00  0.00000e+00  4.00295e-07
0481  9.92294e+18  2.30967e+03  1.76957e+06  6.36217e-20  0.00000e+00  0.00000e+00  3.98810e-07
0482  9.94136e+18  2.31150e+03  1.77059e+06  6.31036e-20  0.00000e+00  0.00000e+00  3.97334e-07
0483  9.95977e+18  2.31348e+03  1.77169e+06  6.25870e-20  0.00000e+00  0.00000e+00  3.95866e-07
0484  9.97819e+18  2.31560e+03  1.77288e+06  6.20715e-20  0.00000e+00  0.00000e+00  3.94406e-07
0485  9.99661e+18  2.31787e+03  1.77417e+06  6.15571e-20  0.00000e+00  0.00000e+00  3.92955e-07
0486  1.00150e+19  2.32030e+03  1.77556e+06  6.10436e-20  0.00000e+00  0.00000e+00  3.91511e-07
0487  1.00334e+19  2.32288e+03  1.77706e+06  6.05312e-20  0.00000e+00  0.00000e+00  3.90075e-07
0488  1.00519e+19  2.32560e+03  1.77865e+06  6.00201e-20  0.00000e+00  0.00000e+00  3.88647e-07
0489  1.00703e+19  2.32846e+03  1.78034e+06  5.95108e-20  0.00000e+00  0.00000e+00  3.87227e-07
0490  1.00887e+19  2.33142e+03  1.78209e+06  5.90038e-20  0.00000e+00  0.00000e+00  3.85814e-07
0491  1.01071e+19  2.33446e+03  1.78389e+06  5.85000e-20  0.00000e+00  0.00000e+00  3.84410e-07
0492  1.01255e+19  2.33753e+03  1.78571e+06  5.80005e-20  0.00000e+00  0.00000e+00  3.83013e-07
0493  1.01439e+19  2.34058e+03  1.78752e+06  5.75065e-20  0.00000e+00  0.00000e+00  3.81623e-07
0494  1.01623e+19  2.34356e+03  1.78926e+06  5.70193e-20  0.00000e+00  0.00000e+00  3.80242e-07
0495  1.01808e+19  2.34641e+03  1.79090e+06  5.65404e-20  0.00000e+00  0.00000e+00  3.78867e-07
0496  1.01992e+19  2.34907e+03  1.79238e+06  5.60712e-20  0.00000e+00  0.00000e+00  3.77500e-07
0497  1.02176e+19  2.35146e+03  1.79366e+06  5.56131e-20  0.00000e+00  0.00000e+00  3.76141e-07
0498  1.02360e+19  2.35354e+03  1.79470e+06  5.51674e-20  0.00000e+00  0.00000e+00  3.74789e-07
0499  1.02544e+19  2.35525e+03  1.79546e+06  5.47351e-20  0.00000e+00  0.00000e+00  3.73444e-07
0500  1.02728e+19  2.35655e+03  1.79590e+06  5.43168e-20  0.00000e+00  0.00000e+00  3.72106e-07
0501  1.02913e+19  2.35742e+03  1.79601e+06  5.39129e-20  0.00000e+00  0.00000e+00  3.70775e-07
0502  1.03097e+19  2.35786e+03  1.79578e+06  5.35231e-20  0.00000e+00  0.00000e+00  3.69452e-07
0503  1.03281e+19  2.35788e+03  1.79523e+06  5.31470e-20  0.00000e+00  0.00000e+00  3.68136e-07
0504  1.03465e+19  2.35751e+03  1.79439e+06  5.27834e-20  0.00000e+00  0.00000e+00  3.66826e-07
0505  1.03649e+19  2.35679e+03  1.79327e+06  5.24312e-20  0.00000e+00  0.00000e+00  3.65524e-07
0506  1.03833e+19  2.35579e+03  1.79193e+06  5.20888e-20  0.00000e+00  0.00000e+00  3.64229e-07
0507  1.04017e+19  2.35457e+03  1.79043e+06  5.17544e-20  0.00000e+00  0.00000e+00  3.62940e-07
0508  1.04202e+19  2.35321e+03  1.78880e+06  5.14263e-20  0.00000e+00  0.00000e+00  3.61658e-07
0509  1.04386e+19  2.35176e+03  1.78710e+06  5.11028e-20  0.00000e+00  0.00000e+00  3.60383e-07
0510  1.04570e+19  2.35030e+03  1.78538e+06  5.07823e-20  0.00000e+00  0.00000e+00  3.59115e-07
0511  1.04754e+19  2.34889e+03  1.78369e+06  5.04636e-20  0.00000e+00  0.00000e+00  3.57854e-07
0512  1.04938e+19  2.34758e+03  1.78206e+06  5.01453e-20  0.00000e+00  0.00000e+00  3.56599e-07
0513  1.05122e+19  2.34640e+03  1.78053e+06  4.98268e-20  0.00000e+00  0.00000e+00  3.55350e-07
0514  1.05307e+19  2.34538e+03  1.77910e+06  4.95074e-20  0.00000e+00  0.00000e+00  3.54109e-07
0515  1.05491e+19  2.34454e+03  1.77781e+06  4.91866e-20  0.00000e+00  0.00000e+00  3.52873e-07
0516  1.05675e+19  2.34389e+03  1.77666e+06  4.88646e-20  0.00000e+00  0.00000e+00  3.51645e-07
0517  1.05859e+19  2.34340e+03  1.77563e+06  4.85415e-20  0.00000e+00  0.00000e+00  3.50422e-07
0518  1.06043e+19  2.34308e+03  1.77473e+06  4.82176e-20  0.00000e+00  0.00000e+00  3.49206e-07
0519  1.06227e+19  2.34290e+03  1.77393e+06  4.78934e-20  0.00000e+00  0.00000e+00  3.47996e-07
0520  1.06412e+19  2.34282e+03  1.77321e+06  4.75698e-20  0.00000e+00  0.00000e+00  3.46793e-07
0521  1.06596e+19  2.34282e+03  1.77255e+06  4.72472e-20  0.00000e+00  0.00000e+00  3.45596e-07
0522  1.06780e+19  2.34285e+03  1.77193e+06  4.69266e-20  0.00000e+00  0.00000e+00  3.44405e-07
0523  1.06964e+19  2.34289e+03  1.77131e+06  4.66086e-20  0.00000e+00  0.00000e+00  3.43220e-07
0524  1.07148e+19  2.34291e+03  1.77069e+06  4.62937e-20  0.00000e+00  0.00000e+00  3.42041e-07
0525  1.07332e+19  2.34287e+03  1.77002e+06  4.59826e-20  0.00000e+00  0.00000e+00  3.40868e-07
0526  1.07516e+19  2.34276e+03  1.76932e+06  4.56754e-20  0.00000e+00  0.00000e+00  3.39702e-07
0527  1.07701e+19  2.34257e+03  1.76856e+06  4.53725e-20  0.00000e+00  0.00000e+00  3.38541e-07
0528  1.07885e+19  2.34229e+03  1.76774e+06  4.50739e-20  0.00000e+00  0.00000e+00  3.37386e-07
0529  1.08069e+19  2.34192e+03  1.76686e+06  4.47796e-20  0.00000e+00  0.00000e+00  3.36237e-07
0530  1.08253e+19  2.34147e+03  1.76592e+06  4.44893e-20  0.00000e+00  0.00000e+00  3.35094e-07
0531  1.08437e+19  2.34094e+03  1.76494e+06  4.42029e-20  0.00000e+00  0.00000e+00  3.33957e-07
0532  1.08621e+19  2.34034e+03  1.76391e+06  4.39200e-20  0.00000e+00  0.00000e+00  3.32826e-07
0533  1.08806e+19  2.33969e+03  1.76285e+06  4.36405e-20  0.00000e+00  0.00000e+00  3.31700e-07
0534  1.08990e+19  2.33901e+03  1.76177e+06  4.33639e-20  0.00000e+00  0.00000e+00  3.30580e-07
0535  1.09174e+19  2.33829e+03  1.76067e+06  4.30902e-20  0.00000e+00  0.00000e+00  3.29466e-07
0536  1.09358e+19  2.33756e+03  1.75956e+06  4.28190e-20  0.00000e+00  0.00000e+00  3.28357e-07
0537  1.09542e+19  2.33682e+03  1.75844e+06  4.25501e-20  0.00000e+00  0.00000e+00  3.27254e-07
0538  1.09726e+19  2.33607e+03  1.75732e+06  4.22835e-20  0.00000e+00  0.00000e+00  3.26156e-07
0539  1.09910e+19  2.33532e+03  1.75621e+06  4.20190e-20  0.00000e+00  0.00000e+00  3.25064e-07
0540  1.10095e+19  2.33458e+03  1.75510e+06  4.17566e-20  0.00000e+00  0.00000e+00  3.23978e-07
0541  1.10279e+19  2.33383e+03  1.75399e+06  4.14963e-20  0.00000e+00  0.00000e+00  3.22897e-07
0542  1.10463e+19  2.33309e+03  1.75287e+06  4.12381e-20  0.00000e+00  0.00000e+00  3.21821e-07
0543  1.10647e+19  2.33234e+03  1.75176e+06  4.09820e-20  0.00000e+00  0.00000e+00  3.20751e-07
0544  1.10831e+19  2.33159e+03  1.75064e+06  4.07280e-20  0.00000e+00  0.00000e+00  3.19686e-07
0545  1.11015e+19  2.33084e+03  1.74952e+06  4.04762e-20  0.00000e+00  0.00000e+00  3.18626e-07
0546  1.11200e+19  2.33007e+03  1.74840e+06  4.02265e-20  0.00000e+00  0.00000e+00  3.17571e-07
0547  1.11384e+19  2.32930e+03  1.74726e+06  3.99789e-20  0.00000e+00  0.00000e+00  3.16522e-07
0548  1.11568e+19  2.32852e+03  1.74612e+06  3.97336e-20  0.00000e+00  0.00000e+00  3.15478e-07
0549  1.11752e+19  2.32772e+03  1.74496e+06  3.94903e-20  0.00000e+00  0.00000e+00  3.14439e-07
0550  1.11936e+19  2.32691e+03  1.74380e+06  3.92493e-20  0.00000e+00  0.00000e+00  3.13405e-07
0551  1.12120e+19  2.32610e+03  1.74263e+06  3.90102e-20  0.00000e+00  0.00000e+00  3.12377e-07
0552  1.12305e+19  2.32523e+03  1.74146e+06  3.87737e-20  0.00000e+00  0.00000e+00  3.11353e-07
0553  1.12489e+19  2.32455e+03  1.74025e+06  3.85370e-20  0.00000e+00  0.00000e+00  3.10335e-07
0554  1.12673e+19  2.32306e+03  1.73917e+06  3.83113e-20  0.00000e+00  0.00000e+00  3.09321e-07
0555  1.12857e+19  2.32606e+03  1.73728e+06  3.80375e-20  0.00000e+00  0.00000e+00  3.08312e-07
