# Athena++ data at time=1.663000e+13  cycle=1114379020  variables=uov 
# i       x1v         user_out_var0          user_out_var1          user_out_var2          user_out_var3          user_out_var4          user_out_var5      
0002  1.13875e+18  4.91745e+00  3.03478e+04  5.59999e-16  0.00000e+00  0.00000e+00  3.02826e-05
0003  1.15716e+18  1.03218e+01  4.00224e+04  8.70683e-17  0.00000e+00  0.00000e+00  2.93264e-05
0004  1.17558e+18  1.54636e+01  4.91676e+04  4.30157e-17  0.00000e+00  0.00000e+00  2.84148e-05
0005  1.19399e+18  2.23004e+01  6.13414e+04  6.27747e-17  0.00000e+00  0.00000e+00  2.75451e-05
0006  1.21241e+18  3.29236e+01  8.15990e+04  1.03476e-16  0.00000e+00  0.00000e+00  2.67147e-05
0007  1.23082e+18  5.31276e+01  1.23384e+05  1.29047e-16  0.00000e+00  0.00000e+00  2.59213e-05
0008  1.24924e+18  6.27572e+01  1.36872e+05  2.81812e-17  0.00000e+00  0.00000e+00  2.51628e-05
0009  1.26765e+18  6.77536e+01  1.43373e+05  2.26097e-17  0.00000e+00  0.00000e+00  2.44370e-05
0010  1.28607e+18  7.21109e+01  1.48194e+05  2.04176e-17  0.00000e+00  0.00000e+00  2.37422e-05
0011  1.30448e+18  7.54137e+01  1.50867e+05  1.48588e-17  0.00000e+00  0.00000e+00  2.30766e-05
0012  1.32290e+18  7.84609e+01  1.53364e+05  1.49510e-17  0.00000e+00  0.00000e+00  2.24386e-05
0013  1.34131e+18  8.15903e+01  1.55963e+05  1.49570e-17  0.00000e+00  0.00000e+00  2.18267e-05
0014  1.35973e+18  8.47007e+01  1.58586e+05  1.40253e-17  0.00000e+00  0.00000e+00  2.12395e-05
0015  1.37814e+18  8.75322e+01  1.60745e+05  1.22513e-17  0.00000e+00  0.00000e+00  2.06757e-05
0016  1.39656e+18  9.02154e+01  1.62802e+05  1.17374e-17  0.00000e+00  0.00000e+00  2.01340e-05
0017  1.41497e+18  9.28812e+01  1.64893e+05  1.14586e-17  0.00000e+00  0.00000e+00  1.96134e-05
0018  1.43339e+18  9.54909e+01  1.66991e+05  1.02843e-17  0.00000e+00  0.00000e+00  1.91126e-05
0019  1.45180e+18  9.74410e+01  1.67935e+05 -7.55098e-19  0.00000e+00  0.00000e+00  1.86309e-05
0020  1.47022e+18  9.97017e+01  1.69825e+05  1.02703e-17  0.00000e+00  0.00000e+00  1.81671e-05
0021  1.48863e+18  1.02341e+02  1.72119e+05  4.49893e-17  0.00000e+00  0.00000e+00  1.77204e-05
0022  1.50705e+18  1.04374e+02  1.73446e+05  7.54729e-18  0.00000e+00  0.00000e+00  1.72900e-05
0023  1.52546e+18  1.06316e+02  1.75006e+05  8.08459e-18  0.00000e+00  0.00000e+00  1.68750e-05
0024  1.54388e+18  1.08433e+02  1.76771e+05  8.32894e-18  0.00000e+00  0.00000e+00  1.64749e-05
0027  1.56229e+18  1.10560e+02  1.78616e+05  8.09565e-18  0.00000e+00  0.00000e+00  1.60888e-05
0028  1.58071e+18  1.12660e+02  1.80511e+05  7.90187e-18  0.00000e+00  0.00000e+00  1.57161e-05
0029  1.59912e+18  1.14756e+02  1.82480e+05  7.80400e-18  0.00000e+00  0.00000e+00  1.53562e-05
0030  1.61754e+18  1.16871e+02  1.84551e+05  7.77269e-18  0.00000e+00  0.00000e+00  1.50085e-05
0031  1.63595e+18  1.19028e+02  1.86756e+05  7.80383e-18  0.00000e+00  0.00000e+00  1.46726e-05
0032  1.65437e+18  1.21248e+02  1.89129e+05  7.85277e-18  0.00000e+00  0.00000e+00  1.43477e-05
0033  1.67278e+18  1.23486e+02  1.91614e+05  7.56223e-18  0.00000e+00  0.00000e+00  1.40336e-05
0034  1.69120e+18  1.25423e+02  1.93733e+05  6.49707e-18  0.00000e+00  0.00000e+00  1.37296e-05
0035  1.70961e+18  1.26978e+02  1.95486e+05  5.64848e-18  0.00000e+00  0.00000e+00  1.34354e-05
0036  1.72803e+18  1.28256e+02  1.96962e+05  5.18918e-18  0.00000e+00  0.00000e+00  1.31506e-05
0037  1.74644e+18  1.29517e+02  1.98537e+05  5.35109e-18  0.00000e+00  0.00000e+00  1.28747e-05
0038  1.76486e+18  1.30907e+02  2.00317e+05  5.59833e-18  0.00000e+00  0.00000e+00  1.26074e-05
0039  1.78328e+18  1.32411e+02  2.02298e+05  5.73983e-18  0.00000e+00  0.00000e+00  1.23484e-05
0040  1.80169e+18  1.33996e+02  2.04445e+05  5.80340e-18  0.00000e+00  0.00000e+00  1.20973e-05
0041  1.82011e+18  1.35648e+02  2.06752e+05  5.89562e-18  0.00000e+00  0.00000e+00  1.18537e-05
0042  1.83852e+18  1.37426e+02  2.09315e+05  6.17621e-18  0.00000e+00  0.00000e+00  1.16174e-05
0043  1.85694e+18  1.39407e+02  2.12282e+05  6.24435e-18  0.00000e+00  0.00000e+00  1.13882e-05
0044  1.87535e+18  1.39855e+02  2.13009e+05  3.99257e-18  0.00000e+00  0.00000e+00  1.11656e-05
0045  1.89377e+18  1.39345e+02  2.12249e+05  2.60817e-18  0.00000e+00  0.00000e+00  1.09495e-05
0046  1.91218e+18  1.41247e+02  2.15362e+05  2.66165e-18  0.00000e+00  0.00000e+00  1.07396e-05
0047  1.93060e+18  1.53148e+02  2.34554e+05  1.41942e-17  0.00000e+00  0.00000e+00  1.05357e-05
0048  1.94901e+18  1.56030e+02  2.39350e+05  8.38360e-18  0.00000e+00  0.00000e+00  1.03376e-05
0049  1.96743e+18  1.44628e+02  2.21920e+05 -1.60326e-17  0.00000e+00  0.00000e+00  1.01449e-05
0050  1.98584e+18  1.17918e+02  1.86141e+05 -4.38498e-17  0.00000e+00  0.00000e+00  9.95766e-06
0051  2.00426e+18  1.05705e+02  1.74556e+05 -3.56044e-18  0.00000e+00  0.00000e+00  9.77552e-06
0052  2.02267e+18  1.04821e+02  1.73819e+05 -1.04057e-19  0.00000e+00  0.00000e+00  9.59833e-06
0053  2.04109e+18  1.05624e+02  1.74452e+05  1.31851e-18  0.00000e+00  0.00000e+00  9.42591e-06
0054  2.05951e+18  1.07049e+02  1.75618e+05  1.47353e-18  0.00000e+00  0.00000e+00  9.25810e-06
0055  2.07792e+18  1.08503e+02  1.76838e+05  1.76770e-18  0.00000e+00  0.00000e+00  9.09473e-06
0056  2.09634e+18  1.09492e+02  1.77684e+05  2.05595e-18  0.00000e+00  0.00000e+00  8.93564e-06
0057  2.11475e+18  1.09983e+02  1.78108e+05  2.39698e-18  0.00000e+00  0.00000e+00  8.78070e-06
0058  2.13317e+18  1.10240e+02  1.78318e+05  3.60155e-18  0.00000e+00  0.00000e+00  8.62975e-06
0059  2.15158e+18  1.09692e+02  1.77877e+05  2.20658e-19  0.00000e+00  0.00000e+00  8.48265e-06
0060  2.17000e+18  1.12011e+02  1.80103e+05 -1.20245e-17  0.00000e+00  0.00000e+00  8.33929e-06
0061  2.18841e+18  2.05247e+02  3.57781e+05  3.43761e-17  0.00000e+00  0.00000e+00  8.19953e-06
0062  2.20683e+18  4.48037e+02  7.42527e+05  7.94140e-17  0.00000e+00  0.00000e+00  8.06326e-06
0063  2.22524e+18  6.71877e+02  1.10765e+06  3.03716e-17  0.00000e+00  0.00000e+00  7.93035e-06
0064  2.24366e+18  8.73938e+02  1.45841e+06  2.30754e-17  0.00000e+00  0.00000e+00  7.80071e-06
0065  2.26207e+18  1.10462e+03  1.86999e+06  2.44291e-17  0.00000e+00  0.00000e+00  7.67421e-06
0066  2.28049e+18  1.32444e+03  2.26183e+06  2.39028e-17  0.00000e+00  0.00000e+00  7.55077e-06
0067  2.29891e+18  1.40136e+03  2.40046e+06  2.28986e-17  0.00000e+00  0.00000e+00  7.43029e-06
0068  2.31732e+18  1.39318e+03  2.39822e+06  2.21367e-17  0.00000e+00  0.00000e+00  7.31266e-06
0069  2.33574e+18  1.35478e+03  2.36451e+06  2.13415e-17  0.00000e+00  0.00000e+00  7.19781e-06
0070  2.35415e+18  1.26958e+03  2.26594e+06  2.02689e-17  0.00000e+00  0.00000e+00  7.08564e-06
0071  2.37257e+18  1.04758e+03  1.90628e+06  1.78666e-17  0.00000e+00  0.00000e+00  6.97607e-06
0072  2.39098e+18  5.41822e+02  1.00453e+06  1.59944e-17  0.00000e+00  0.00000e+00  6.86902e-06
0073  2.40940e+18  1.50526e+02  2.36676e+05 -7.39862e-17  0.00000e+00  0.00000e+00  6.76442e-06
0074  2.42781e+18  9.13757e+01  1.64091e+05 -3.83367e-17  0.00000e+00  0.00000e+00  6.66219e-06
0075  2.44623e+18  9.17516e+01  1.64025e+05 -1.09225e-18  0.00000e+00  0.00000e+00  6.56226e-06
0076  2.46464e+18  9.34102e+01  1.65318e+05  9.47354e-19  0.00000e+00  0.00000e+00  6.46456e-06
0077  2.48306e+18  9.51237e+01  1.66703e+05  3.22211e-19  0.00000e+00  0.00000e+00  6.36903e-06
0078  2.50147e+18  9.65025e+01  1.67830e+05  1.18098e-19  0.00000e+00  0.00000e+00  6.27560e-06
0079  2.51989e+18  9.77837e+01  1.68229e+05 -8.84282e-19  0.00000e+00  0.00000e+00  6.18421e-06
0080  2.53831e+18  9.93565e+01  1.69545e+05 -2.93024e-20  0.00000e+00  0.00000e+00  6.09480e-06
0081  2.55672e+18  1.00933e+02  1.70925e+05  2.10201e-19  0.00000e+00  0.00000e+00  6.00732e-06
0082  2.57514e+18  1.02201e+02  1.72073e+05  4.19608e-19  0.00000e+00  0.00000e+00  5.92171e-06
0083  2.59355e+18  1.03310e+02  1.72632e+05 -1.72907e-19  0.00000e+00  0.00000e+00  5.83791e-06
0084  2.61197e+18  1.04413e+02  1.73493e+05  2.74901e-20  0.00000e+00  0.00000e+00  5.75588e-06
0085  2.63038e+18  1.05497e+02  1.74372e+05 -5.12974e-19  0.00000e+00  0.00000e+00  5.67557e-06
0086  2.64880e+18  1.06986e+02  1.75622e+05 -1.73806e-18  0.00000e+00  0.00000e+00  5.59693e-06
0087  2.66721e+18  1.09954e+02  1.78237e+05 -4.59733e-18  0.00000e+00  0.00000e+00  5.51991e-06
0088  2.68563e+18  1.15002e+02  1.83003e+05 -7.43981e-18  0.00000e+00  0.00000e+00  5.44447e-06
0089  2.70404e+18  1.21372e+02  1.89604e+05 -6.69220e-18  0.00000e+00  0.00000e+00  5.37056e-06
0090  2.72246e+18  1.32691e+02  2.02973e+05 -3.34495e-18  0.00000e+00  0.00000e+00  5.29815e-06
0091  2.74088e+18  1.92552e+02  3.09152e+05  3.70156e-17  0.00000e+00  0.00000e+00  5.22720e-06
0092  2.75929e+18  3.51565e+02  5.20965e+05  7.91881e-17  0.00000e+00  0.00000e+00  5.15766e-06
0093  2.77771e+18  5.13464e+02  7.15942e+05  4.19185e-17  0.00000e+00  0.00000e+00  5.08950e-06
0094  2.79612e+18  6.26733e+02  8.55188e+05  2.78894e-17  0.00000e+00  0.00000e+00  5.02268e-06
0095  2.81454e+18  7.09203e+02  9.56499e+05  2.19244e-17  0.00000e+00  0.00000e+00  4.95717e-06
0096  2.83295e+18  7.75546e+02  1.03786e+06  1.86544e-17  0.00000e+00  0.00000e+00  4.89293e-06
0097  2.85137e+18  8.32454e+02  1.10779e+06  1.65488e-17  0.00000e+00  0.00000e+00  4.82993e-06
0098  2.86978e+18  8.82938e+02  1.16959e+06  1.49641e-17  0.00000e+00  0.00000e+00  4.76814e-06
0099  2.88820e+18  9.28603e+02  1.22519e+06  1.37164e-17  0.00000e+00  0.00000e+00  4.70753e-06
0100  2.90661e+18  9.71268e+02  1.27766e+06  1.30107e-17  0.00000e+00  0.00000e+00  4.64807e-06
0101  2.92503e+18  1.01135e+03  1.32687e+06  1.22313e-17  0.00000e+00  0.00000e+00  4.58973e-06
0102  2.94345e+18  1.04902e+03  1.37396e+06  1.16498e-17  0.00000e+00  0.00000e+00  4.53248e-06
0103  2.96186e+18  1.08494e+03  1.41954e+06  1.11720e-17  0.00000e+00  0.00000e+00  4.47629e-06
0104  2.98028e+18  1.11929e+03  1.46384e+06  1.07062e-17  0.00000e+00  0.00000e+00  4.42114e-06
0105  2.99869e+18  1.15214e+03  1.50691e+06  1.02571e-17  0.00000e+00  0.00000e+00  4.36701e-06
0106  3.01711e+18  1.18352e+03  1.54868e+06  9.82787e-18  0.00000e+00  0.00000e+00  4.31386e-06
0107  3.03552e+18  1.21353e+03  1.58928e+06  9.43756e-18  0.00000e+00  0.00000e+00  4.26168e-06
0108  3.05394e+18  1.24230e+03  1.62875e+06  9.08494e-18  0.00000e+00  0.00000e+00  4.21044e-06
0109  3.07235e+18  1.27006e+03  1.66736e+06  8.79274e-18  0.00000e+00  0.00000e+00  4.16011e-06
0110  3.09077e+18  1.29696e+03  1.70511e+06  8.51697e-18  0.00000e+00  0.00000e+00  4.11069e-06
0111  3.10918e+18  1.32295e+03  1.74203e+06  8.24413e-18  0.00000e+00  0.00000e+00  4.06214e-06
0112  3.12760e+18  1.34799e+03  1.77814e+06  7.97617e-18  0.00000e+00  0.00000e+00  4.01444e-06
0113  3.14602e+18  1.37199e+03  1.81346e+06  7.71453e-18  0.00000e+00  0.00000e+00  3.96758e-06
0114  3.16443e+18  1.39502e+03  1.84827e+06  7.49239e-18  0.00000e+00  0.00000e+00  3.92154e-06
0115  3.18285e+18  1.41714e+03  1.88251e+06  7.25429e-18  0.00000e+00  0.00000e+00  3.87629e-06
0116  3.20126e+18  1.43827e+03  1.91626e+06  7.02303e-18  0.00000e+00  0.00000e+00  3.83182e-06
0117  3.21968e+18  1.45843e+03  1.94950e+06  6.79918e-18  0.00000e+00  0.00000e+00  3.78811e-06
0118  3.23809e+18  1.47765e+03  1.98223e+06  6.58308e-18  0.00000e+00  0.00000e+00  3.74515e-06
0119  3.25651e+18  1.49596e+03  2.01445e+06  6.37486e-18  0.00000e+00  0.00000e+00  3.70291e-06
0120  3.27492e+18  1.51341e+03  2.04619e+06  6.17999e-18  0.00000e+00  0.00000e+00  3.66138e-06
0121  3.29334e+18  1.53004e+03  2.07743e+06  5.99324e-18  0.00000e+00  0.00000e+00  3.62055e-06
0122  3.31176e+18  1.54587e+03  2.10817e+06  5.81325e-18  0.00000e+00  0.00000e+00  3.58040e-06
0123  3.33017e+18  1.56092e+03  2.13839e+06  5.63995e-18  0.00000e+00  0.00000e+00  3.54091e-06
0124  3.34859e+18  1.57521e+03  2.16807e+06  5.47317e-18  0.00000e+00  0.00000e+00  3.50207e-06
0125  3.36700e+18  1.58875e+03  2.19720e+06  5.31247e-18  0.00000e+00  0.00000e+00  3.46386e-06
0126  3.38542e+18  1.60155e+03  2.22578e+06  5.15805e-18  0.00000e+00  0.00000e+00  3.42628e-06
0127  3.40383e+18  1.61361e+03  2.25381e+06  5.00972e-18  0.00000e+00  0.00000e+00  3.38931e-06
0128  3.42225e+18  1.62492e+03  2.28130e+06  4.86723e-18  0.00000e+00  0.00000e+00  3.35293e-06
0129  3.44066e+18  1.63548e+03  2.30830e+06  4.73035e-18  0.00000e+00  0.00000e+00  3.31713e-06
0130  3.45908e+18  1.64529e+03  2.33482e+06  4.59886e-18  0.00000e+00  0.00000e+00  3.28191e-06
0131  3.47749e+18  1.65434e+03  2.36091e+06  4.47250e-18  0.00000e+00  0.00000e+00  3.24724e-06
0132  3.49591e+18  1.66263e+03  2.38659e+06  4.35106e-18  0.00000e+00  0.00000e+00  3.21312e-06
0133  3.51433e+18  1.67020e+03  2.41188e+06  4.23429e-18  0.00000e+00  0.00000e+00  3.17953e-06
0134  3.53274e+18  1.67706e+03  2.43682e+06  4.12197e-18  0.00000e+00  0.00000e+00  3.14647e-06
0135  3.55116e+18  1.68328e+03  2.46138e+06  4.01389e-18  0.00000e+00  0.00000e+00  3.11392e-06
0136  3.56957e+18  1.68891e+03  2.48558e+06  3.90983e-18  0.00000e+00  0.00000e+00  3.08188e-06
0137  3.58799e+18  1.69403e+03  2.50940e+06  3.80960e-18  0.00000e+00  0.00000e+00  3.05032e-06
0138  3.60640e+18  1.69870e+03  2.53285e+06  3.71297e-18  0.00000e+00  0.00000e+00  3.01925e-06
0139  3.62482e+18  1.70300e+03  2.55594e+06  3.62190e-18  0.00000e+00  0.00000e+00  2.98865e-06
0140  3.64323e+18  1.70696e+03  2.57866e+06  3.53026e-18  0.00000e+00  0.00000e+00  2.95851e-06
0141  3.66165e+18  1.71062e+03  2.60106e+06  3.44180e-18  0.00000e+00  0.00000e+00  2.92883e-06
0142  3.68007e+18  1.71399e+03  2.62318e+06  3.35635e-18  0.00000e+00  0.00000e+00  2.89959e-06
0143  3.69848e+18  1.71707e+03  2.64509e+06  3.27373e-18  0.00000e+00  0.00000e+00  2.87079e-06
0144  3.71690e+18  1.71987e+03  2.66687e+06  3.19378e-18  0.00000e+00  0.00000e+00  2.84241e-06
0145  3.73531e+18  1.72238e+03  2.68861e+06  3.11635e-18  0.00000e+00  0.00000e+00  2.81445e-06
0146  3.75373e+18  1.72459e+03  2.71035e+06  3.04129e-18  0.00000e+00  0.00000e+00  2.78690e-06
0147  3.77214e+18  1.72654e+03  2.73214e+06  2.96849e-18  0.00000e+00  0.00000e+00  2.75976e-06
0148  3.79056e+18  1.72823e+03  2.75402e+06  2.89784e-18  0.00000e+00  0.00000e+00  2.73301e-06
0149  3.80897e+18  1.72971e+03  2.77597e+06  2.82925e-18  0.00000e+00  0.00000e+00  2.70665e-06
0150  3.82739e+18  1.73101e+03  2.79799e+06  2.76263e-18  0.00000e+00  0.00000e+00  2.68066e-06
0151  3.84581e+18  1.73218e+03  2.82006e+06  2.69792e-18  0.00000e+00  0.00000e+00  2.65505e-06
0152  3.86422e+18  1.73325e+03  2.84214e+06  2.63504e-18  0.00000e+00  0.00000e+00  2.62981e-06
0153  3.88264e+18  1.73426e+03  2.86422e+06  2.57395e-18  0.00000e+00  0.00000e+00  2.60492e-06
0154  3.90105e+18  1.73521e+03  2.88630e+06  2.51457e-18  0.00000e+00  0.00000e+00  2.58038e-06
0155  3.91947e+18  1.73611e+03  2.90835e+06  2.45685e-18  0.00000e+00  0.00000e+00  2.55619e-06
0156  3.93788e+18  1.73697e+03  2.93041e+06  2.40073e-18  0.00000e+00  0.00000e+00  2.53234e-06
0157  3.95630e+18  1.73776e+03  2.95247e+06  2.34616e-18  0.00000e+00  0.00000e+00  2.50882e-06
0158  3.97471e+18  1.73849e+03  2.97455e+06  2.29308e-18  0.00000e+00  0.00000e+00  2.48563e-06
0159  3.99313e+18  1.73913e+03  2.99669e+06  2.24117e-18  0.00000e+00  0.00000e+00  2.46275e-06
0160  4.01155e+18  1.73968e+03  3.01889e+06  2.19061e-18  0.00000e+00  0.00000e+00  2.44019e-06
0161  4.02996e+18  1.74017e+03  3.04112e+06  2.14141e-18  0.00000e+00  0.00000e+00  2.41794e-06
0162  4.04838e+18  1.74054e+03  3.06345e+06  2.09350e-18  0.00000e+00  0.00000e+00  2.39599e-06
0163  4.06679e+18  1.74082e+03  3.08585e+06  2.04686e-18  0.00000e+00  0.00000e+00  2.37434e-06
0164  4.08521e+18  1.74101e+03  3.10830e+06  2.00145e-18  0.00000e+00  0.00000e+00  2.35299e-06
0165  4.10362e+18  1.74110e+03  3.13078e+06  1.95723e-18  0.00000e+00  0.00000e+00  2.33191e-06
0166  4.12204e+18  1.74108e+03  3.15325e+06  1.91419e-18  0.00000e+00  0.00000e+00  2.31113e-06
0167  4.14045e+18  1.74093e+03  3.17568e+06  1.87230e-18  0.00000e+00  0.00000e+00  2.29061e-06
0168  4.15887e+18  1.74064e+03  3.19802e+06  1.83154e-18  0.00000e+00  0.00000e+00  2.27037e-06
0169  4.17728e+18  1.74017e+03  3.22021e+06  1.79190e-18  0.00000e+00  0.00000e+00  2.25040e-06
0170  4.19570e+18  1.73950e+03  3.24221e+06  1.75309e-18  0.00000e+00  0.00000e+00  2.23069e-06
0171  4.21412e+18  1.73860e+03  3.26396e+06  1.71531e-18  0.00000e+00  0.00000e+00  2.21123e-06
0172  4.23253e+18  1.73747e+03  3.28541e+06  1.67858e-18  0.00000e+00  0.00000e+00  2.19203e-06
0173  4.25095e+18  1.73609e+03  3.30651e+06  1.64290e-18  0.00000e+00  0.00000e+00  2.17308e-06
0174  4.26936e+18  1.73448e+03  3.32726e+06  1.60821e-18  0.00000e+00  0.00000e+00  2.15438e-06
0175  4.28778e+18  1.73274e+03  3.34778e+06  1.57444e-18  0.00000e+00  0.00000e+00  2.13591e-06
0176  4.30619e+18  1.73083e+03  3.36796e+06  1.54158e-18  0.00000e+00  0.00000e+00  2.11768e-06
0177  4.32461e+18  1.72832e+03  3.38696e+06  1.50987e-18  0.00000e+00  0.00000e+00  2.09968e-06
0178  4.34302e+18  1.72560e+03  3.40548e+06  1.47903e-18  0.00000e+00  0.00000e+00  2.08191e-06
0179  4.36144e+18  1.72613e+03  3.43042e+06  1.44704e-18  0.00000e+00  0.00000e+00  2.06437e-06
0180  4.37986e+18  1.73060e+03  3.46334e+06  1.41365e-18  0.00000e+00  0.00000e+00  2.04705e-06
0181  4.39827e+18  1.72024e+03  3.46663e+06  1.38914e-18  0.00000e+00  0.00000e+00  2.02994e-06
0182  4.41669e+18  1.69221e+03  3.43361e+06  1.37410e-18  0.00000e+00  0.00000e+00  2.01305e-06
0183  4.43510e+18  1.55242e+03  3.17216e+06  1.40504e-18  0.00000e+00  0.00000e+00  1.99637e-06
0184  4.45352e+18  9.83337e+02  2.02208e+06  1.06792e-18  0.00000e+00  0.00000e+00  1.97989e-06
0185  4.47193e+18  2.96308e+02  5.95364e+05  3.01992e-18  0.00000e+00  0.00000e+00  1.96362e-06
0186  4.49035e+18  9.86217e+01  1.82540e+05 -8.98951e-17  0.00000e+00  0.00000e+00  1.94754e-06
0187  4.50876e+18  7.69179e+01  1.52469e+05 -5.30379e-18  0.00000e+00  0.00000e+00  1.93167e-06
0188  4.52718e+18  7.72954e+01  1.52426e+05 -1.91202e-19  0.00000e+00  0.00000e+00  1.91598e-06
0189  4.54560e+18  7.97934e+01  1.54352e+05  1.54700e-18  0.00000e+00  0.00000e+00  1.90049e-06
0190  4.56401e+18  8.41247e+01  1.57935e+05  1.83263e-18  0.00000e+00  0.00000e+00  1.88519e-06
0191  4.58243e+18  8.91031e+01  1.61775e+05  1.58025e-18  0.00000e+00  0.00000e+00  1.87006e-06
0192  4.60084e+18  9.42666e+01  1.65817e+05  1.43134e-18  0.00000e+00  0.00000e+00  1.85512e-06
0193  4.61926e+18  9.97608e+01  1.69729e+05  9.67371e-19  0.00000e+00  0.00000e+00  1.84036e-06
0194  4.63767e+18  1.05965e+02  1.74373e+05  1.66367e-18  0.00000e+00  0.00000e+00  1.82577e-06
0195  4.65609e+18  1.13890e+02  1.81101e+05  1.99316e-18  0.00000e+00  0.00000e+00  1.81136e-06
0196  4.67450e+18  1.26569e+02  1.94011e+05  2.31189e-18  0.00000e+00  0.00000e+00  1.79712e-06
0197  4.69292e+18  1.51752e+02  2.27484e+05  4.74629e-18  0.00000e+00  0.00000e+00  1.78304e-06
0198  4.71134e+18  2.03214e+02  2.96783e+05  1.29573e-17  0.00000e+00  0.00000e+00  1.76913e-06
0199  4.72975e+18  2.87322e+02  3.93605e+05  1.44599e-17  0.00000e+00  0.00000e+00  1.75538e-06
0200  4.74817e+18  3.83964e+02  4.93048e+05  1.06428e-17  0.00000e+00  0.00000e+00  1.74179e-06
0201  4.76658e+18  4.70551e+02  5.78748e+05  7.67710e-18  0.00000e+00  0.00000e+00  1.72836e-06
0202  4.78500e+18  5.42548e+02  6.47091e+05  6.02025e-18  0.00000e+00  0.00000e+00  1.71508e-06
0203  4.80341e+18  6.03035e+02  7.01303e+05  4.99323e-18  0.00000e+00  0.00000e+00  1.70195e-06
0204  4.82183e+18  6.55446e+02  7.45699e+05  4.28695e-18  0.00000e+00  0.00000e+00  1.68898e-06
0205  4.84024e+18  7.02442e+02  7.83633e+05  3.84990e-18  0.00000e+00  0.00000e+00  1.67615e-06
0206  4.85866e+18  7.45559e+02  8.16804e+05  3.49860e-18  0.00000e+00  0.00000e+00  1.66347e-06
0207  4.87708e+18  7.85604e+02  8.46309e+05  3.21047e-18  0.00000e+00  0.00000e+00  1.65093e-06
0208  4.89549e+18  8.23147e+02  8.72883e+05  2.98413e-18  0.00000e+00  0.00000e+00  1.63853e-06
0209  4.91391e+18  8.58537e+02  8.96951e+05  2.78819e-18  0.00000e+00  0.00000e+00  1.62627e-06
0210  4.93232e+18  8.91946e+02  9.18787e+05  2.61724e-18  0.00000e+00  0.00000e+00  1.61415e-06
0211  4.95074e+18  9.23582e+02  9.38660e+05  2.46678e-18  0.00000e+00  0.00000e+00  1.60217e-06
0212  4.96915e+18  9.53840e+02  9.57043e+05  2.36273e-18  0.00000e+00  0.00000e+00  1.59031e-06
0213  4.98757e+18  9.82949e+02  9.73995e+05  2.25187e-18  0.00000e+00  0.00000e+00  1.57859e-06
0214  5.00598e+18  1.01098e+03  9.89732e+05  2.16018e-18  0.00000e+00  0.00000e+00  1.56700e-06
0215  5.02440e+18  1.03809e+03  1.00441e+06  2.07568e-18  0.00000e+00  0.00000e+00  1.55553e-06
0216  5.04282e+18  1.06443e+03  1.01818e+06  2.00174e-18  0.00000e+00  0.00000e+00  1.54419e-06
0217  5.06123e+18  1.09011e+03  1.03116e+06  1.93189e-18  0.00000e+00  0.00000e+00  1.53298e-06
0218  5.07965e+18  1.11520e+03  1.04344e+06  1.86574e-18  0.00000e+00  0.00000e+00  1.52188e-06
0219  5.09806e+18  1.13975e+03  1.05511e+06  1.80295e-18  0.00000e+00  0.00000e+00  1.51091e-06
0220  5.11648e+18  1.16382e+03  1.06624e+06  1.74324e-18  0.00000e+00  0.00000e+00  1.50005e-06
0221  5.13489e+18  1.18746e+03  1.07690e+06  1.68635e-18  0.00000e+00  0.00000e+00  1.48931e-06
0222  5.15331e+18  1.21069e+03  1.08713e+06  1.63208e-18  0.00000e+00  0.00000e+00  1.47868e-06
0223  5.17172e+18  1.23355e+03  1.09698e+06  1.58026e-18  0.00000e+00  0.00000e+00  1.46817e-06
0224  5.19014e+18  1.25609e+03  1.10651e+06  1.53396e-18  0.00000e+00  0.00000e+00  1.45777e-06
0225  5.20856e+18  1.27844e+03  1.11577e+06  1.49342e-18  0.00000e+00  0.00000e+00  1.44748e-06
0226  5.22697e+18  1.30066e+03  1.12479e+06  1.45390e-18  0.00000e+00  0.00000e+00  1.43730e-06
0227  5.24539e+18  1.32273e+03  1.13358e+06  1.41541e-18  0.00000e+00  0.00000e+00  1.42723e-06
0228  5.26380e+18  1.34468e+03  1.14216e+06  1.37797e-18  0.00000e+00  0.00000e+00  1.41726e-06
0229  5.28222e+18  1.36650e+03  1.15055e+06  1.34225e-18  0.00000e+00  0.00000e+00  1.40739e-06
0230  5.30063e+18  1.38822e+03  1.15877e+06  1.30744e-18  0.00000e+00  0.00000e+00  1.39763e-06
0231  5.31905e+18  1.40982e+03  1.16682e+06  1.27354e-18  0.00000e+00  0.00000e+00  1.38797e-06
0232  5.33746e+18  1.43131e+03  1.17472e+06  1.24054e-18  0.00000e+00  0.00000e+00  1.37841e-06
0233  5.35588e+18  1.45270e+03  1.18248e+06  1.20842e-18  0.00000e+00  0.00000e+00  1.36894e-06
0234  5.37430e+18  1.47399e+03  1.19012e+06  1.17718e-18  0.00000e+00  0.00000e+00  1.35958e-06
0235  5.39271e+18  1.49517e+03  1.19765e+06  1.14680e-18  0.00000e+00  0.00000e+00  1.35031e-06
0236  5.41113e+18  1.51627e+03  1.20508e+06  1.11824e-18  0.00000e+00  0.00000e+00  1.34113e-06
0237  5.42954e+18  1.53731e+03  1.21242e+06  1.09062e-18  0.00000e+00  0.00000e+00  1.33205e-06
0238  5.44796e+18  1.55830e+03  1.21968e+06  1.06367e-18  0.00000e+00  0.00000e+00  1.32306e-06
0239  5.46637e+18  1.57923e+03  1.22687e+06  1.03740e-18  0.00000e+00  0.00000e+00  1.31416e-06
0240  5.48479e+18  1.60009e+03  1.23400e+06  1.01179e-18  0.00000e+00  0.00000e+00  1.30535e-06
0241  5.50320e+18  1.62090e+03  1.24106e+06  9.86833e-19  0.00000e+00  0.00000e+00  1.29663e-06
0242  5.52162e+18  1.64163e+03  1.24806e+06  9.62533e-19  0.00000e+00  0.00000e+00  1.28800e-06
0243  5.54004e+18  1.66228e+03  1.25501e+06  9.38877e-19  0.00000e+00  0.00000e+00  1.27945e-06
0244  5.55845e+18  1.68284e+03  1.26191e+06  9.15861e-19  0.00000e+00  0.00000e+00  1.27098e-06
0245  5.57687e+18  1.70329e+03  1.26874e+06  8.93479e-19  0.00000e+00  0.00000e+00  1.26260e-06
0246  5.59528e+18  1.72361e+03  1.27552e+06  8.71725e-19  0.00000e+00  0.00000e+00  1.25431e-06
0247  5.61370e+18  1.74379e+03  1.28223e+06  8.50595e-19  0.00000e+00  0.00000e+00  1.24609e-06
0248  5.63211e+18  1.76382e+03  1.28886e+06  8.30082e-19  0.00000e+00  0.00000e+00  1.23795e-06
0249  5.65053e+18  1.78365e+03  1.29541e+06  8.10181e-19  0.00000e+00  0.00000e+00  1.22990e-06
0250  5.66894e+18  1.80328e+03  1.30184e+06  7.90896e-19  0.00000e+00  0.00000e+00  1.22192e-06
0251  5.68736e+18  1.82268e+03  1.30819e+06  7.72683e-19  0.00000e+00  0.00000e+00  1.21402e-06
0252  5.70578e+18  1.84191e+03  1.31442e+06  7.56417e-19  0.00000e+00  0.00000e+00  1.20620e-06
0253  5.72419e+18  1.86097e+03  1.32051e+06  7.40546e-19  0.00000e+00  0.00000e+00  1.19845e-06
0254  5.74261e+18  1.87983e+03  1.32647e+06  7.25073e-19  0.00000e+00  0.00000e+00  1.19077e-06
0255  5.76102e+18  1.89846e+03  1.33227e+06  7.10003e-19  0.00000e+00  0.00000e+00  1.18317e-06
0256  5.77944e+18  1.91683e+03  1.33790e+06  6.95339e-19  0.00000e+00  0.00000e+00  1.17565e-06
0257  5.79785e+18  1.93493e+03  1.34335e+06  6.80801e-19  0.00000e+00  0.00000e+00  1.16819e-06
0258  5.81627e+18  1.95276e+03  1.34863e+06  6.67194e-19  0.00000e+00  0.00000e+00  1.16080e-06
0259  5.83468e+18  1.97031e+03  1.35373e+06  6.53943e-19  0.00000e+00  0.00000e+00  1.15349e-06
0260  5.85310e+18  1.98757e+03  1.35866e+06  6.41043e-19  0.00000e+00  0.00000e+00  1.14624e-06
0261  5.87152e+18  2.00455e+03  1.36342e+06  6.28486e-19  0.00000e+00  0.00000e+00  1.13906e-06
0262  5.88993e+18  2.02125e+03  1.36802e+06  6.16264e-19  0.00000e+00  0.00000e+00  1.13195e-06
0263  5.90835e+18  2.03767e+03  1.37245e+06  6.04367e-19  0.00000e+00  0.00000e+00  1.12490e-06
0264  5.92676e+18  2.05382e+03  1.37674e+06  5.92784e-19  0.00000e+00  0.00000e+00  1.11792e-06
0265  5.94518e+18  2.06971e+03  1.38090e+06  5.81502e-19  0.00000e+00  0.00000e+00  1.11101e-06
0266  5.96359e+18  2.08536e+03  1.38493e+06  5.70511e-19  0.00000e+00  0.00000e+00  1.10416e-06
0267  5.98201e+18  2.10078e+03  1.38885e+06  5.59798e-19  0.00000e+00  0.00000e+00  1.09737e-06
0268  6.00043e+18  2.11599e+03  1.39268e+06  5.49352e-19  0.00000e+00  0.00000e+00  1.09065e-06
0269  6.01884e+18  2.13100e+03  1.39642e+06  5.39162e-19  0.00000e+00  0.00000e+00  1.08398e-06
0270  6.03726e+18  2.14582e+03  1.40009e+06  5.29217e-19  0.00000e+00  0.00000e+00  1.07738e-06
0271  6.05567e+18  2.16047e+03  1.40371e+06  5.19508e-19  0.00000e+00  0.00000e+00  1.07084e-06
0272  6.07409e+18  2.17497e+03  1.40728e+06  5.10102e-19  0.00000e+00  0.00000e+00  1.06435e-06
0273  6.09250e+18  2.18932e+03  1.41081e+06  5.01110e-19  0.00000e+00  0.00000e+00  1.05793e-06
0274  6.11092e+18  2.20355e+03  1.41431e+06  4.92309e-19  0.00000e+00  0.00000e+00  1.05156e-06
0275  6.12933e+18  2.21768e+03  1.41777e+06  4.83691e-19  0.00000e+00  0.00000e+00  1.04525e-06
0276  6.14775e+18  2.23169e+03  1.42121e+06  4.75254e-19  0.00000e+00  0.00000e+00  1.03900e-06
0277  6.16617e+18  2.24560e+03  1.42462e+06  4.66993e-19  0.00000e+00  0.00000e+00  1.03280e-06
0278  6.18458e+18  2.25939e+03  1.42801e+06  4.58905e-19  0.00000e+00  0.00000e+00  1.02666e-06
0279  6.20300e+18  2.27307e+03  1.43138e+06  4.50988e-19  0.00000e+00  0.00000e+00  1.02057e-06
0280  6.22141e+18  2.28663e+03  1.43472e+06  4.43238e-19  0.00000e+00  0.00000e+00  1.01454e-06
0281  6.23983e+18  2.30005e+03  1.43804e+06  4.35654e-19  0.00000e+00  0.00000e+00  1.00856e-06
0282  6.25824e+18  2.31335e+03  1.44132e+06  4.28234e-19  0.00000e+00  0.00000e+00  1.00263e-06
0283  6.27666e+18  2.32649e+03  1.44458e+06  4.20975e-19  0.00000e+00  0.00000e+00  9.96760e-07
0284  6.29507e+18  2.33949e+03  1.44781e+06  4.13875e-19  0.00000e+00  0.00000e+00  9.90937e-07
0285  6.31349e+18  2.35233e+03  1.45099e+06  4.06932e-19  0.00000e+00  0.00000e+00  9.85164e-07
0286  6.33191e+18  2.36499e+03  1.45414e+06  4.00144e-19  0.00000e+00  0.00000e+00  9.79442e-07
0287  6.35032e+18  2.37749e+03  1.45724e+06  3.93509e-19  0.00000e+00  0.00000e+00  9.73770e-07
0288  6.36874e+18  2.38980e+03  1.46030e+06  3.87024e-19  0.00000e+00  0.00000e+00  9.68146e-07
0289  6.38715e+18  2.40192e+03  1.46330e+06  3.80687e-19  0.00000e+00  0.00000e+00  9.62572e-07
0290  6.40557e+18  2.41386e+03  1.46626e+06  3.74494e-19  0.00000e+00  0.00000e+00  9.57045e-07
0291  6.42398e+18  2.42559e+03  1.46917e+06  3.68443e-19  0.00000e+00  0.00000e+00  9.51566e-07
0292  6.44240e+18  2.43713e+03  1.47202e+06  3.62530e-19  0.00000e+00  0.00000e+00  9.46133e-07
0293  6.46081e+18  2.44846e+03  1.47482e+06  3.56753e-19  0.00000e+00  0.00000e+00  9.40747e-07
0294  6.47923e+18  2.45959e+03  1.47758e+06  3.51108e-19  0.00000e+00  0.00000e+00  9.35407e-07
0295  6.49765e+18  2.47051e+03  1.48028e+06  3.45592e-19  0.00000e+00  0.00000e+00  9.30113e-07
0296  6.51606e+18  2.48123e+03  1.48294e+06  3.40202e-19  0.00000e+00  0.00000e+00  9.24863e-07
0297  6.53448e+18  2.49174e+03  1.48556e+06  3.34934e-19  0.00000e+00  0.00000e+00  9.19657e-07
0298  6.55289e+18  2.50206e+03  1.48813e+06  3.29785e-19  0.00000e+00  0.00000e+00  9.14495e-07
0299  6.57131e+18  2.51217e+03  1.49067e+06  3.24752e-19  0.00000e+00  0.00000e+00  9.09377e-07
0300  6.58972e+18  2.52209e+03  1.49316e+06  3.19829e-19  0.00000e+00  0.00000e+00  9.04301e-07
0301  6.60814e+18  2.53182e+03  1.49563e+06  3.15016e-19  0.00000e+00  0.00000e+00  8.99268e-07
0302  6.62655e+18  2.54135e+03  1.49806e+06  3.10308e-19  0.00000e+00  0.00000e+00  8.94277e-07
0303  6.64497e+18  2.55068e+03  1.50048e+06  3.05704e-19  0.00000e+00  0.00000e+00  8.89327e-07
0304  6.66339e+18  2.55980e+03  1.50288e+06  3.01201e-19  0.00000e+00  0.00000e+00  8.84418e-07
0305  6.68180e+18  2.56870e+03  1.50528e+06  2.96798e-19  0.00000e+00  0.00000e+00  8.79550e-07
0306  6.70022e+18  2.57739e+03  1.50767e+06  2.92491e-19  0.00000e+00  0.00000e+00  8.74722e-07
0307  6.71863e+18  2.58586e+03  1.51007e+06  2.88279e-19  0.00000e+00  0.00000e+00  8.69933e-07
0308  6.73705e+18  2.59413e+03  1.51246e+06  2.84157e-19  0.00000e+00  0.00000e+00  8.65184e-07
0309  6.75546e+18  2.60222e+03  1.51485e+06  2.80121e-19  0.00000e+00  0.00000e+00  8.60473e-07
0310  6.77388e+18  2.61014e+03  1.51724e+06  2.76168e-19  0.00000e+00  0.00000e+00  8.55801e-07
0311  6.79229e+18  2.61786e+03  1.51962e+06  2.71914e-19  0.00000e+00  0.00000e+00  8.51167e-07
0312  6.81071e+18  2.62537e+03  1.52202e+06  2.68341e-19  0.00000e+00  0.00000e+00  8.46570e-07
0313  6.82913e+18  2.63271e+03  1.52444e+06  2.64832e-19  0.00000e+00  0.00000e+00  8.42010e-07
0314  6.84754e+18  2.63990e+03  1.52687e+06  2.61386e-19  0.00000e+00  0.00000e+00  8.37487e-07
0315  6.86596e+18  2.64695e+03  1.52931e+06  2.57999e-19  0.00000e+00  0.00000e+00  8.33001e-07
0316  6.88437e+18  2.65388e+03  1.53175e+06  2.54671e-19  0.00000e+00  0.00000e+00  8.28550e-07
0317  6.90279e+18  2.66067e+03  1.53421e+06  2.51400e-19  0.00000e+00  0.00000e+00  8.24135e-07
0318  6.92120e+18  2.66734e+03  1.53670e+06  2.48185e-19  0.00000e+00  0.00000e+00  8.19755e-07
0319  6.93962e+18  2.67387e+03  1.53920e+06  2.45025e-19  0.00000e+00  0.00000e+00  8.15410e-07
0320  6.95803e+18  2.68027e+03  1.54173e+06  2.41919e-19  0.00000e+00  0.00000e+00  8.11100e-07
0321  6.97645e+18  2.68656e+03  1.54429e+06  2.38864e-19  0.00000e+00  0.00000e+00  8.06824e-07
0322  6.99487e+18  2.69273e+03  1.54688e+06  2.35860e-19  0.00000e+00  0.00000e+00  8.02581e-07
0323  7.01328e+18  2.69880e+03  1.54951e+06  2.32905e-19  0.00000e+00  0.00000e+00  7.98371e-07
0324  7.03170e+18  2.70477e+03  1.55218e+06  2.29997e-19  0.00000e+00  0.00000e+00  7.94195e-07
0325  7.05011e+18  2.71066e+03  1.55489e+06  2.27135e-19  0.00000e+00  0.00000e+00  7.90052e-07
0326  7.06853e+18  2.71646e+03  1.55764e+06  2.24317e-19  0.00000e+00  0.00000e+00  7.85940e-07
0327  7.08694e+18  2.72220e+03  1.56044e+06  2.21542e-19  0.00000e+00  0.00000e+00  7.81861e-07
0328  7.10536e+18  2.72789e+03  1.56330e+06  2.18809e-19  0.00000e+00  0.00000e+00  7.77813e-07
0329  7.12378e+18  2.73351e+03  1.56621e+06  2.16116e-19  0.00000e+00  0.00000e+00  7.73797e-07
0330  7.14219e+18  2.73909e+03  1.56917e+06  2.13463e-19  0.00000e+00  0.00000e+00  7.69812e-07
0331  7.16061e+18  2.74461e+03  1.57220e+06  2.10851e-19  0.00000e+00  0.00000e+00  7.65858e-07
0332  7.17902e+18  2.75008e+03  1.57529e+06  2.08287e-19  0.00000e+00  0.00000e+00  7.61933e-07
0333  7.19744e+18  2.75548e+03  1.57845e+06  2.05761e-19  0.00000e+00  0.00000e+00  7.58039e-07
0334  7.21585e+18  2.76082e+03  1.58167e+06  2.03272e-19  0.00000e+00  0.00000e+00  7.54175e-07
0335  7.23427e+18  2.76608e+03  1.58495e+06  2.00821e-19  0.00000e+00  0.00000e+00  7.50340e-07
0336  7.25268e+18  2.77125e+03  1.58829e+06  1.98408e-19  0.00000e+00  0.00000e+00  7.46535e-07
0337  7.27110e+18  2.77632e+03  1.59170e+06  1.96032e-19  0.00000e+00  0.00000e+00  7.42758e-07
0338  7.28952e+18  2.78129e+03  1.59515e+06  1.93694e-19  0.00000e+00  0.00000e+00  7.39010e-07
0339  7.30793e+18  2.78613e+03  1.59865e+06  1.91394e-19  0.00000e+00  0.00000e+00  7.35290e-07
0340  7.32635e+18  2.79084e+03  1.60219e+06  1.89131e-19  0.00000e+00  0.00000e+00  7.31598e-07
0341  7.34476e+18  2.79541e+03  1.60575e+06  1.86908e-19  0.00000e+00  0.00000e+00  7.27934e-07
0342  7.36318e+18  2.79981e+03  1.60932e+06  1.84723e-19  0.00000e+00  0.00000e+00  7.24298e-07
0343  7.38159e+18  2.80403e+03  1.61289e+06  1.82578e-19  0.00000e+00  0.00000e+00  7.20688e-07
0344  7.40001e+18  2.80804e+03  1.61645e+06  1.80473e-19  0.00000e+00  0.00000e+00  7.17106e-07
0345  7.41842e+18  2.81182e+03  1.61998e+06  1.78409e-19  0.00000e+00  0.00000e+00  7.13550e-07
0346  7.43684e+18  2.81535e+03  1.62346e+06  1.76386e-19  0.00000e+00  0.00000e+00  7.10020e-07
0347  7.45526e+18  2.81860e+03  1.62690e+06  1.74406e-19  0.00000e+00  0.00000e+00  7.06517e-07
0348  7.47367e+18  2.82153e+03  1.63027e+06  1.72469e-19  0.00000e+00  0.00000e+00  7.03039e-07
0349  7.49209e+18  2.82412e+03  1.63358e+06  1.70575e-19  0.00000e+00  0.00000e+00  6.99587e-07
0350  7.51050e+18  2.82637e+03  1.63680e+06  1.68724e-19  0.00000e+00  0.00000e+00  6.96161e-07
0351  7.52892e+18  2.82825e+03  1.63994e+06  1.66917e-19  0.00000e+00  0.00000e+00  6.92759e-07
0352  7.54733e+18  2.82977e+03  1.64298e+06  1.65152e-19  0.00000e+00  0.00000e+00  6.89383e-07
0353  7.56575e+18  2.83094e+03  1.64591e+06  1.63427e-19  0.00000e+00  0.00000e+00  6.86031e-07
0354  7.58416e+18  2.83179e+03  1.64874e+06  1.61741e-19  0.00000e+00  0.00000e+00  6.82703e-07
0355  7.60258e+18  2.83234e+03  1.65146e+06  1.60093e-19  0.00000e+00  0.00000e+00  6.79400e-07
0356  7.62100e+18  2.83264e+03  1.65406e+06  1.58478e-19  0.00000e+00  0.00000e+00  6.76121e-07
0357  7.63941e+18  2.83270e+03  1.65656e+06  1.56896e-19  0.00000e+00  0.00000e+00  6.72865e-07
0358  7.65783e+18  2.83257e+03  1.65895e+06  1.55344e-19  0.00000e+00  0.00000e+00  6.69632e-07
0359  7.67624e+18  2.83227e+03  1.66126e+06  1.53821e-19  0.00000e+00  0.00000e+00  6.66423e-07
0360  7.69466e+18  2.83182e+03  1.66350e+06  1.52323e-19  0.00000e+00  0.00000e+00  6.63237e-07
0361  7.71307e+18  2.83123e+03  1.66570e+06  1.50850e-19  0.00000e+00  0.00000e+00  6.60074e-07
0362  7.73149e+18  2.83053e+03  1.66787e+06  1.49400e-19  0.00000e+00  0.00000e+00  6.56933e-07
0363  7.74990e+18  2.82971e+03  1.67005e+06  1.47972e-19  0.00000e+00  0.00000e+00  6.53815e-07
0364  7.76832e+18  2.82875e+03  1.67227e+06  1.46565e-19  0.00000e+00  0.00000e+00  6.50719e-07
0365  7.78674e+18  2.82757e+03  1.67459e+06  1.45182e-19  0.00000e+00  0.00000e+00  6.47644e-07
0366  7.80515e+18  2.82623e+03  1.67701e+06  1.43819e-19  0.00000e+00  0.00000e+00  6.44592e-07
0367  7.82357e+18  2.82487e+03  1.67949e+06  1.42472e-19  0.00000e+00  0.00000e+00  6.41561e-07
0368  7.84198e+18  2.82344e+03  1.68207e+06  1.41141e-19  0.00000e+00  0.00000e+00  6.38551e-07
0369  7.86040e+18  2.82191e+03  1.68478e+06  1.39827e-19  0.00000e+00  0.00000e+00  6.35563e-07
0370  7.87881e+18  2.82023e+03  1.68764e+06  1.38531e-19  0.00000e+00  0.00000e+00  6.32595e-07
0371  7.89723e+18  2.81837e+03  1.69068e+06  1.37253e-19  0.00000e+00  0.00000e+00  6.29648e-07
0372  7.91564e+18  2.81633e+03  1.69389e+06  1.35993e-19  0.00000e+00  0.00000e+00  6.26722e-07
0373  7.93406e+18  2.81415e+03  1.69725e+06  1.34749e-19  0.00000e+00  0.00000e+00  6.23816e-07
0374  7.95248e+18  2.81188e+03  1.70075e+06  1.33521e-19  0.00000e+00  0.00000e+00  6.20930e-07
0375  7.97089e+18  2.80958e+03  1.70433e+06  1.32305e-19  0.00000e+00  0.00000e+00  6.18064e-07
0376  7.98931e+18  2.80733e+03  1.70797e+06  1.31101e-19  0.00000e+00  0.00000e+00  6.15218e-07
0377  8.00772e+18  2.80518e+03  1.71161e+06  1.29907e-19  0.00000e+00  0.00000e+00  6.12392e-07
0378  8.02614e+18  2.80314e+03  1.71523e+06  1.28723e-19  0.00000e+00  0.00000e+00  6.09585e-07
0379  8.04455e+18  2.80123e+03  1.71880e+06  1.27548e-19  0.00000e+00  0.00000e+00  6.06797e-07
0380  8.06297e+18  2.79942e+03  1.72230e+06  1.26385e-19  0.00000e+00  0.00000e+00  6.04029e-07
0381  8.08139e+18  2.79769e+03  1.72571e+06  1.25234e-19  0.00000e+00  0.00000e+00  6.01279e-07
0382  8.09980e+18  2.79600e+03  1.72903e+06  1.24097e-19  0.00000e+00  0.00000e+00  5.98548e-07
0383  8.11822e+18  2.79431e+03  1.73224e+06  1.22974e-19  0.00000e+00  0.00000e+00  5.95835e-07
0384  8.13663e+18  2.79262e+03  1.73531e+06  1.21866e-19  0.00000e+00  0.00000e+00  5.93141e-07
0385  8.15505e+18  2.79093e+03  1.73822e+06  1.20773e-19  0.00000e+00  0.00000e+00  5.90466e-07
0386  8.17346e+18  2.78927e+03  1.74093e+06  1.19695e-19  0.00000e+00  0.00000e+00  5.87808e-07
0387  8.19188e+18  2.78764e+03  1.74342e+06  1.18632e-19  0.00000e+00  0.00000e+00  5.85168e-07
0388  8.21029e+18  2.78601e+03  1.74570e+06  1.17584e-19  0.00000e+00  0.00000e+00  5.82546e-07
0389  8.22871e+18  2.78424e+03  1.74781e+06  1.16554e-19  0.00000e+00  0.00000e+00  5.79941e-07
0390  8.24713e+18  2.78234e+03  1.74974e+06  1.15543e-19  0.00000e+00  0.00000e+00  5.77354e-07
0391  8.26554e+18  2.78035e+03  1.75149e+06  1.14549e-19  0.00000e+00  0.00000e+00  5.74784e-07
0392  8.28396e+18  2.77829e+03  1.75304e+06  1.13570e-19  0.00000e+00  0.00000e+00  5.72232e-07
0393  8.30237e+18  2.77618e+03  1.75441e+06  1.12606e-19  0.00000e+00  0.00000e+00  5.69696e-07
0394  8.32079e+18  2.77400e+03  1.75563e+06  1.11657e-19  0.00000e+00  0.00000e+00  5.67177e-07
0395  8.33920e+18  2.77176e+03  1.75670e+06  1.10722e-19  0.00000e+00  0.00000e+00  5.64675e-07
0396  8.35762e+18  2.76949e+03  1.75766e+06  1.09800e-19  0.00000e+00  0.00000e+00  5.62189e-07
0397  8.37603e+18  2.76719e+03  1.75852e+06  1.08890e-19  0.00000e+00  0.00000e+00  5.59720e-07
0398  8.39445e+18  2.76490e+03  1.75929e+06  1.07990e-19  0.00000e+00  0.00000e+00  5.57267e-07
0399  8.41287e+18  2.76263e+03  1.76000e+06  1.07100e-19  0.00000e+00  0.00000e+00  5.54830e-07
0400  8.43128e+18  2.76040e+03  1.76067e+06  1.06219e-19  0.00000e+00  0.00000e+00  5.52409e-07
0401  8.44970e+18  2.75825e+03  1.76131e+06  1.05345e-19  0.00000e+00  0.00000e+00  5.50003e-07
0402  8.46811e+18  2.75619e+03  1.76194e+06  1.04478e-19  0.00000e+00  0.00000e+00  5.47614e-07
0403  8.48653e+18  2.75424e+03  1.76257e+06  1.03618e-19  0.00000e+00  0.00000e+00  5.45240e-07
0404  8.50494e+18  2.75242e+03  1.76321e+06  1.02762e-19  0.00000e+00  0.00000e+00  5.42881e-07
0405  8.52336e+18  2.75073e+03  1.76387e+06  1.01912e-19  0.00000e+00  0.00000e+00  5.40538e-07
0406  8.54177e+18  2.74919e+03  1.76456e+06  1.01066e-19  0.00000e+00  0.00000e+00  5.38209e-07
0407  8.56019e+18  2.74780e+03  1.76528e+06  1.00225e-19  0.00000e+00  0.00000e+00  5.35896e-07
0408  8.57861e+18  2.74655e+03  1.76603e+06  9.93886e-20  0.00000e+00  0.00000e+00  5.33598e-07
0409  8.59702e+18  2.74543e+03  1.76681e+06  9.85571e-20  0.00000e+00  0.00000e+00  5.31314e-07
0410  8.61544e+18  2.74443e+03  1.76763e+06  9.77311e-20  0.00000e+00  0.00000e+00  5.29045e-07
0411  8.63385e+18  2.74353e+03  1.76845e+06  9.69109e-20  0.00000e+00  0.00000e+00  5.26791e-07
0412  8.65227e+18  2.74271e+03  1.76929e+06  9.60974e-20  0.00000e+00  0.00000e+00  5.24551e-07
0413  8.67068e+18  2.74195e+03  1.77011e+06  9.52910e-20  0.00000e+00  0.00000e+00  5.22325e-07
0414  8.68910e+18  2.74122e+03  1.77092e+06  9.44925e-20  0.00000e+00  0.00000e+00  5.20113e-07
0415  8.70751e+18  2.74051e+03  1.77170e+06  9.37023e-20  0.00000e+00  0.00000e+00  5.17916e-07
0416  8.72593e+18  2.73981e+03  1.77245e+06  9.29208e-20  0.00000e+00  0.00000e+00  5.15732e-07
0417  8.74435e+18  2.73909e+03  1.77315e+06  9.21483e-20  0.00000e+00  0.00000e+00  5.13562e-07
0418  8.76276e+18  2.73835e+03  1.77380e+06  9.13850e-20  0.00000e+00  0.00000e+00  5.11406e-07
0419  8.78118e+18  2.73758e+03  1.77440e+06  9.06308e-20  0.00000e+00  0.00000e+00  5.09263e-07
0420  8.79959e+18  2.73679e+03  1.77496e+06  8.98856e-20  0.00000e+00  0.00000e+00  5.07134e-07
0421  8.81801e+18  2.73597e+03  1.77547e+06  8.91494e-20  0.00000e+00  0.00000e+00  5.05018e-07
0422  8.83642e+18  2.73512e+03  1.77594e+06  8.84219e-20  0.00000e+00  0.00000e+00  5.02915e-07
0423  8.85484e+18  2.73424e+03  1.77637e+06  8.77028e-20  0.00000e+00  0.00000e+00  5.00825e-07
0424  8.87326e+18  2.73334e+03  1.77676e+06  8.69921e-20  0.00000e+00  0.00000e+00  4.98749e-07
0425  8.89167e+18  2.73243e+03  1.77712e+06  8.62894e-20  0.00000e+00  0.00000e+00  4.96685e-07
0426  8.91009e+18  2.73149e+03  1.77746e+06  8.55947e-20  0.00000e+00  0.00000e+00  4.94634e-07
0427  8.92850e+18  2.73053e+03  1.77776e+06  8.49077e-20  0.00000e+00  0.00000e+00  4.92595e-07
0428  8.94692e+18  2.72956e+03  1.77805e+06  8.42283e-20  0.00000e+00  0.00000e+00  4.90570e-07
0429  8.96533e+18  2.72857e+03  1.77831e+06  8.35564e-20  0.00000e+00  0.00000e+00  4.88556e-07
0430  8.98375e+18  2.72756e+03  1.77855e+06  8.28917e-20  0.00000e+00  0.00000e+00  4.86555e-07
0431  9.00216e+18  2.72654e+03  1.77878e+06  8.22341e-20  0.00000e+00  0.00000e+00  4.84567e-07
0432  9.02058e+18  2.72552e+03  1.77899e+06  8.15835e-20  0.00000e+00  0.00000e+00  4.82590e-07
0433  9.03900e+18  2.72448e+03  1.77919e+06  8.09397e-20  0.00000e+00  0.00000e+00  4.80626e-07
0434  9.05741e+18  2.72344e+03  1.77938e+06  8.03025e-20  0.00000e+00  0.00000e+00  4.78674e-07
0435  9.07583e+18  2.72239e+03  1.77956e+06  7.96720e-20  0.00000e+00  0.00000e+00  4.76733e-07
0436  9.09424e+18  2.72133e+03  1.77973e+06  7.90479e-20  0.00000e+00  0.00000e+00  4.74804e-07
0437  9.11266e+18  2.72027e+03  1.77989e+06  7.84302e-20  0.00000e+00  0.00000e+00  4.72887e-07
0438  9.13107e+18  2.71920e+03  1.78003e+06  7.78189e-20  0.00000e+00  0.00000e+00  4.70982e-07
0439  9.14949e+18  2.71812e+03  1.78017e+06  7.72139e-20  0.00000e+00  0.00000e+00  4.69088e-07
0440  9.16790e+18  2.71703e+03  1.78029e+06  7.66151e-20  0.00000e+00  0.00000e+00  4.67205e-07
0441  9.18632e+18  2.71593e+03  1.78041e+06  7.60226e-20  0.00000e+00  0.00000e+00  4.65334e-07
0442  9.20474e+18  2.71482e+03  1.78050e+06  7.54362e-20  0.00000e+00  0.00000e+00  4.63474e-07
0443  9.22315e+18  2.71369e+03  1.78059e+06  7.48558e-20  0.00000e+00  0.00000e+00  4.61625e-07
0444  9.24157e+18  2.71256e+03  1.78067e+06  7.42815e-20  0.00000e+00  0.00000e+00  4.59787e-07
0445  9.25998e+18  2.71141e+03  1.78074e+06  7.37130e-20  0.00000e+00  0.00000e+00  4.57960e-07
0446  9.27840e+18  2.71025e+03  1.78080e+06  7.31502e-20  0.00000e+00  0.00000e+00  4.56144e-07
0447  9.29681e+18  2.70909e+03  1.78085e+06  7.25931e-20  0.00000e+00  0.00000e+00  4.54338e-07
0448  9.31523e+18  2.70791e+03  1.78090e+06  7.20415e-20  0.00000e+00  0.00000e+00  4.52544e-07
0449  9.33364e+18  2.70674e+03  1.78095e+06  7.14954e-20  0.00000e+00  0.00000e+00  4.50760e-07
0450  9.35206e+18  2.70555e+03  1.78100e+06  7.09546e-20  0.00000e+00  0.00000e+00  4.48986e-07
0451  9.37048e+18  2.70435e+03  1.78104e+06  7.04192e-20  0.00000e+00  0.00000e+00  4.47223e-07
0452  9.38889e+18  2.70314e+03  1.78108e+06  6.98892e-20  0.00000e+00  0.00000e+00  4.45470e-07
0453  9.40731e+18  2.70192e+03  1.78112e+06  6.93645e-20  0.00000e+00  0.00000e+00  4.43728e-07
0454  9.42572e+18  2.70067e+03  1.78115e+06  6.88451e-20  0.00000e+00  0.00000e+00  4.41996e-07
0455  9.44414e+18  2.69941e+03  1.78117e+06  6.83311e-20  0.00000e+00  0.00000e+00  4.40274e-07
0456  9.46255e+18  2.69813e+03  1.78119e+06  6.78224e-20  0.00000e+00  0.00000e+00  4.38562e-07
0457  9.48097e+18  2.69683e+03  1.78119e+06  6.73189e-20  0.00000e+00  0.00000e+00  4.36860e-07
0458  9.49939e+18  2.69550e+03  1.78118e+06  6.68208e-20  0.00000e+00  0.00000e+00  4.35168e-07
0459  9.51780e+18  2.69414e+03  1.78116e+06  6.63279e-20  0.00000e+00  0.00000e+00  4.33485e-07
0460  9.53622e+18  2.69274e+03  1.78112e+06  6.58403e-20  0.00000e+00  0.00000e+00  4.31813e-07
0461  9.55463e+18  2.69131e+03  1.78107e+06  6.53579e-20  0.00000e+00  0.00000e+00  4.30150e-07
0462  9.57305e+18  2.68984e+03  1.78101e+06  6.48809e-20  0.00000e+00  0.00000e+00  4.28496e-07
0463  9.59146e+18  2.68832e+03  1.78092e+06  6.44092e-20  0.00000e+00  0.00000e+00  4.26853e-07
0464  9.60988e+18  2.68676e+03  1.78082e+06  6.39427e-20  0.00000e+00  0.00000e+00  4.25218e-07
0465  9.62829e+18  2.68515e+03  1.78070e+06  6.34813e-20  0.00000e+00  0.00000e+00  4.23593e-07
0466  9.64671e+18  2.68350e+03  1.78057e+06  6.30251e-20  0.00000e+00  0.00000e+00  4.21977e-07
0467  9.66513e+18  2.68181e+03  1.78042e+06  6.25737e-20  0.00000e+00  0.00000e+00  4.20371e-07
0468  9.68354e+18  2.68008e+03  1.78026e+06  6.21272e-20  0.00000e+00  0.00000e+00  4.18773e-07
0469  9.70196e+18  2.67831e+03  1.78009e+06  6.16854e-20  0.00000e+00  0.00000e+00  4.17185e-07
0470  9.72037e+18  2.67650e+03  1.77992e+06  6.12482e-20  0.00000e+00  0.00000e+00  4.15606e-07
0471  9.73879e+18  2.67466e+03  1.77974e+06  6.08155e-20  0.00000e+00  0.00000e+00  4.14036e-07
0472  9.75720e+18  2.67280e+03  1.77955e+06  6.03871e-20  0.00000e+00  0.00000e+00  4.12474e-07
0473  9.77562e+18  2.67090e+03  1.77936e+06  5.99631e-20  0.00000e+00  0.00000e+00  4.10922e-07
0474  9.79403e+18  2.66897e+03  1.77917e+06  5.95434e-20  0.00000e+00  0.00000e+00  4.09378e-07
0475  9.81245e+18  2.66701e+03  1.77897e+06  5.91279e-20  0.00000e+00  0.00000e+00  4.07843e-07
0476  9.83087e+18  2.66503e+03  1.77876e+06  5.87165e-20  0.00000e+00  0.00000e+00  4.06316e-07
0477  9.84928e+18  2.66302e+03  1.77854e+06  5.83091e-20  0.00000e+00  0.00000e+00  4.04798e-07
0478  9.86770e+18  2.66099e+03  1.77832e+06  5.79058e-20  0.00000e+00  0.00000e+00  4.03289e-07
0479  9.88611e+18  2.65893e+03  1.77810e+06  5.75064e-20  0.00000e+00  0.00000e+00  4.01788e-07
0480  9.90453e+18  2.65685e+03  1.77786e+06  5.71108e-20  0.00000e+00  0.00000e+00  4.00295e-07
0481  9.92294e+18  2.65476e+03  1.77762e+06  5.67190e-20  0.00000e+00  0.00000e+00  3.98810e-07
0482  9.94136e+18  2.65265e+03  1.77738e+06  5.63310e-20  0.00000e+00  0.00000e+00  3.97334e-07
0483  9.95977e+18  2.65053e+03  1.77712e+06  5.59465e-20  0.00000e+00  0.00000e+00  3.95866e-07
0484  9.97819e+18  2.64839e+03  1.77687e+06  5.55657e-20  0.00000e+00  0.00000e+00  3.94406e-07
0485  9.99661e+18  2.64623e+03  1.77661e+06  5.51883e-20  0.00000e+00  0.00000e+00  3.92955e-07
0486  1.00150e+19  2.64406e+03  1.77634e+06  5.48145e-20  0.00000e+00  0.00000e+00  3.91511e-07
0487  1.00334e+19  2.64188e+03  1.77607e+06  5.44442e-20  0.00000e+00  0.00000e+00  3.90075e-07
0488  1.00519e+19  2.63968e+03  1.77579e+06  5.40773e-20  0.00000e+00  0.00000e+00  3.88647e-07
0489  1.00703e+19  2.63746e+03  1.77551e+06  5.37137e-20  0.00000e+00  0.00000e+00  3.87227e-07
0490  1.00887e+19  2.63523e+03  1.77523e+06  5.33535e-20  0.00000e+00  0.00000e+00  3.85814e-07
0491  1.01071e+19  2.63299e+03  1.77494e+06  5.29967e-20  0.00000e+00  0.00000e+00  3.84410e-07
0492  1.01255e+19  2.63073e+03  1.77464e+06  5.26431e-20  0.00000e+00  0.00000e+00  3.83013e-07
0493  1.01439e+19  2.62845e+03  1.77435e+06  5.22927e-20  0.00000e+00  0.00000e+00  3.81623e-07
0494  1.01623e+19  2.62615e+03  1.77405e+06  5.19456e-20  0.00000e+00  0.00000e+00  3.80242e-07
0495  1.01808e+19  2.62384e+03  1.77374e+06  5.16016e-20  0.00000e+00  0.00000e+00  3.78867e-07
0496  1.01992e+19  2.62151e+03  1.77343e+06  5.12608e-20  0.00000e+00  0.00000e+00  3.77500e-07
0497  1.02176e+19  2.61916e+03  1.77312e+06  5.09231e-20  0.00000e+00  0.00000e+00  3.76141e-07
0498  1.02360e+19  2.61679e+03  1.77281e+06  5.05885e-20  0.00000e+00  0.00000e+00  3.74789e-07
0499  1.02544e+19  2.61440e+03  1.77250e+06  5.02570e-20  0.00000e+00  0.00000e+00  3.73444e-07
0500  1.02728e+19  2.61199e+03  1.77218e+06  5.00329e-20  0.00000e+00  0.00000e+00  3.72106e-07
0501  1.02913e+19  2.60954e+03  1.77185e+06  4.97202e-20  0.00000e+00  0.00000e+00  3.70775e-07
0502  1.03097e+19  2.60707e+03  1.77152e+06  4.94107e-20  0.00000e+00  0.00000e+00  3.69452e-07
0503  1.03281e+19  2.60457e+03  1.77119e+06  4.91041e-20  0.00000e+00  0.00000e+00  3.68136e-07
0504  1.03465e+19  2.60205e+03  1.77086e+06  4.88004e-20  0.00000e+00  0.00000e+00  3.66826e-07
0505  1.03649e+19  2.59952e+03  1.77052e+06  4.84995e-20  0.00000e+00  0.00000e+00  3.65524e-07
0506  1.03833e+19  2.59696e+03  1.77017e+06  4.82013e-20  0.00000e+00  0.00000e+00  3.64229e-07
0507  1.04017e+19  2.59440e+03  1.76982e+06  4.79059e-20  0.00000e+00  0.00000e+00  3.62940e-07
0508  1.04202e+19  2.59182e+03  1.76947e+06  4.76131e-20  0.00000e+00  0.00000e+00  3.61658e-07
0509  1.04386e+19  2.58924e+03  1.76911e+06  4.73228e-20  0.00000e+00  0.00000e+00  3.60383e-07
0510  1.04570e+19  2.58665e+03  1.76873e+06  4.70350e-20  0.00000e+00  0.00000e+00  3.59115e-07
0511  1.04754e+19  2.58405e+03  1.76836e+06  4.67497e-20  0.00000e+00  0.00000e+00  3.57854e-07
0512  1.04938e+19  2.58145e+03  1.76797e+06  4.64669e-20  0.00000e+00  0.00000e+00  3.56599e-07
0513  1.05122e+19  2.57884e+03  1.76757e+06  4.61865e-20  0.00000e+00  0.00000e+00  3.55350e-07
0514  1.05307e+19  2.57622e+03  1.76717e+06  4.59085e-20  0.00000e+00  0.00000e+00  3.54109e-07
0515  1.05491e+19  2.57359e+03  1.76677e+06  4.56330e-20  0.00000e+00  0.00000e+00  3.52873e-07
0516  1.05675e+19  2.57095e+03  1.76635e+06  4.53598e-20  0.00000e+00  0.00000e+00  3.51645e-07
0517  1.05859e+19  2.56831e+03  1.76594e+06  4.50890e-20  0.00000e+00  0.00000e+00  3.50422e-07
0518  1.06043e+19  2.56565e+03  1.76551e+06  4.48205e-20  0.00000e+00  0.00000e+00  3.49206e-07
0519  1.06227e+19  2.56298e+03  1.76509e+06  4.45543e-20  0.00000e+00  0.00000e+00  3.47996e-07
0520  1.06412e+19  2.56031e+03  1.76465e+06  4.42904e-20  0.00000e+00  0.00000e+00  3.46793e-07
0521  1.06596e+19  2.55762e+03  1.76421e+06  4.40288e-20  0.00000e+00  0.00000e+00  3.45596e-07
0522  1.06780e+19  2.55492e+03  1.76377e+06  4.37695e-20  0.00000e+00  0.00000e+00  3.44405e-07
0523  1.06964e+19  2.55222e+03  1.76332e+06  4.35123e-20  0.00000e+00  0.00000e+00  3.43220e-07
0524  1.07148e+19  2.54950e+03  1.76287e+06  4.32574e-20  0.00000e+00  0.00000e+00  3.42041e-07
0525  1.07332e+19  2.54677e+03  1.76241e+06  4.30047e-20  0.00000e+00  0.00000e+00  3.40868e-07
0526  1.07516e+19  2.54402e+03  1.76195e+06  4.27541e-20  0.00000e+00  0.00000e+00  3.39702e-07
0527  1.07701e+19  2.54127e+03  1.76148e+06  4.25057e-20  0.00000e+00  0.00000e+00  3.38541e-07
0528  1.07885e+19  2.53850e+03  1.76101e+06  4.22595e-20  0.00000e+00  0.00000e+00  3.37386e-07
0529  1.08069e+19  2.53572e+03  1.76053e+06  4.20153e-20  0.00000e+00  0.00000e+00  3.36237e-07
0530  1.08253e+19  2.53292e+03  1.76005e+06  4.17733e-20  0.00000e+00  0.00000e+00  3.35094e-07
0531  1.08437e+19  2.53012e+03  1.75957e+06  4.15333e-20  0.00000e+00  0.00000e+00  3.33957e-07
0532  1.08621e+19  2.52730e+03  1.75908e+06  4.12954e-20  0.00000e+00  0.00000e+00  3.32826e-07
0533  1.08806e+19  2.52447e+03  1.75859e+06  4.10594e-20  0.00000e+00  0.00000e+00  3.31700e-07
0534  1.08990e+19  2.52162e+03  1.75810e+06  4.08255e-20  0.00000e+00  0.00000e+00  3.30580e-07
0535  1.09174e+19  2.51877e+03  1.75760e+06  4.05935e-20  0.00000e+00  0.00000e+00  3.29466e-07
0536  1.09358e+19  2.51591e+03  1.75710e+06  4.03634e-20  0.00000e+00  0.00000e+00  3.28357e-07
0537  1.09542e+19  2.51304e+03  1.75660e+06  4.01352e-20  0.00000e+00  0.00000e+00  3.27254e-07
0538  1.09726e+19  2.51016e+03  1.75609e+06  3.99089e-20  0.00000e+00  0.00000e+00  3.26156e-07
0539  1.09910e+19  2.50727e+03  1.75558e+06  3.96844e-20  0.00000e+00  0.00000e+00  3.25064e-07
0540  1.10095e+19  2.50437e+03  1.75507e+06  3.94617e-20  0.00000e+00  0.00000e+00  3.23978e-07
0541  1.10279e+19  2.50147e+03  1.75455e+06  3.92408e-20  0.00000e+00  0.00000e+00  3.22897e-07
0542  1.10463e+19  2.49856e+03  1.75403e+06  3.90217e-20  0.00000e+00  0.00000e+00  3.21821e-07
0543  1.10647e+19  2.49565e+03  1.75351e+06  3.88043e-20  0.00000e+00  0.00000e+00  3.20751e-07
0544  1.10831e+19  2.49273e+03  1.75298e+06  3.85886e-20  0.00000e+00  0.00000e+00  3.19686e-07
0545  1.11015e+19  2.48980e+03  1.75246e+06  3.83746e-20  0.00000e+00  0.00000e+00  3.18626e-07
0546  1.11200e+19  2.48687e+03  1.75193e+06  3.81623e-20  0.00000e+00  0.00000e+00  3.17571e-07
0547  1.11384e+19  2.48394e+03  1.75139e+06  3.79516e-20  0.00000e+00  0.00000e+00  3.16522e-07
0548  1.11568e+19  2.48101e+03  1.75086e+06  3.77424e-20  0.00000e+00  0.00000e+00  3.15478e-07
0549  1.11752e+19  2.47808e+03  1.75031e+06  3.75348e-20  0.00000e+00  0.00000e+00  3.14439e-07
0550  1.11936e+19  2.47515e+03  1.74977e+06  3.73288e-20  0.00000e+00  0.00000e+00  3.13405e-07
0551  1.12120e+19  2.47223e+03  1.74922e+06  3.71242e-20  0.00000e+00  0.00000e+00  3.12377e-07
0552  1.12305e+19  2.46928e+03  1.74867e+06  3.69215e-20  0.00000e+00  0.00000e+00  3.11353e-07
0553  1.12489e+19  2.46649e+03  1.74809e+06  3.67184e-20  0.00000e+00  0.00000e+00  3.10335e-07
0554  1.12673e+19  2.46309e+03  1.74758e+06  3.65239e-20  0.00000e+00  0.00000e+00  3.09321e-07
0555  1.12857e+19  2.46315e+03  1.74667e+06  3.62907e-20  0.00000e+00  0.00000e+00  3.08312e-07
