# Athena++ data at time=1.363000e+13  cycle=913348529  variables=uov 
# i       x1v         user_out_var0          user_out_var1          user_out_var2          user_out_var3          user_out_var4          user_out_var5      
0002  1.13875e+18  4.91745e+00  3.03478e+04  5.59999e-16  0.00000e+00  0.00000e+00  3.02826e-05
0003  1.15716e+18  1.03218e+01  4.00224e+04  8.70682e-17  0.00000e+00  0.00000e+00  2.93264e-05
0004  1.17558e+18  1.54636e+01  4.91676e+04  4.30157e-17  0.00000e+00  0.00000e+00  2.84148e-05
0005  1.19399e+18  2.23004e+01  6.13414e+04  6.27747e-17  0.00000e+00  0.00000e+00  2.75451e-05
0006  1.21241e+18  3.29236e+01  8.15990e+04  1.03476e-16  0.00000e+00  0.00000e+00  2.67147e-05
0007  1.23082e+18  5.31276e+01  1.23384e+05  1.29047e-16  0.00000e+00  0.00000e+00  2.59213e-05
0008  1.24924e+18  6.27572e+01  1.36872e+05  2.81812e-17  0.00000e+00  0.00000e+00  2.51628e-05
0009  1.26765e+18  6.77536e+01  1.43373e+05  2.26097e-17  0.00000e+00  0.00000e+00  2.44370e-05
0010  1.28607e+18  7.21109e+01  1.48194e+05  2.04176e-17  0.00000e+00  0.00000e+00  2.37422e-05
0011  1.30448e+18  7.54137e+01  1.50867e+05  1.48588e-17  0.00000e+00  0.00000e+00  2.30766e-05
0012  1.32290e+18  7.84609e+01  1.53364e+05  1.49511e-17  0.00000e+00  0.00000e+00  2.24386e-05
0013  1.34131e+18  8.15903e+01  1.55963e+05  1.49570e-17  0.00000e+00  0.00000e+00  2.18267e-05
0014  1.35973e+18  8.47007e+01  1.58586e+05  1.40253e-17  0.00000e+00  0.00000e+00  2.12395e-05
0015  1.37814e+18  8.75322e+01  1.60745e+05  1.22513e-17  0.00000e+00  0.00000e+00  2.06757e-05
0016  1.39656e+18  9.02154e+01  1.62802e+05  1.17374e-17  0.00000e+00  0.00000e+00  2.01340e-05
0017  1.41497e+18  9.28812e+01  1.64893e+05  1.14586e-17  0.00000e+00  0.00000e+00  1.96134e-05
0018  1.43339e+18  9.54909e+01  1.66991e+05  1.02843e-17  0.00000e+00  0.00000e+00  1.91126e-05
0019  1.45180e+18  9.74410e+01  1.67935e+05 -8.00506e-19  0.00000e+00  0.00000e+00  1.86309e-05
0020  1.47022e+18  9.97017e+01  1.69825e+05  1.02704e-17  0.00000e+00  0.00000e+00  1.81671e-05
0021  1.48863e+18  1.02341e+02  1.72116e+05  4.64690e-17  0.00000e+00  0.00000e+00  1.77204e-05
0022  1.50705e+18  1.04374e+02  1.73446e+05  7.54732e-18  0.00000e+00  0.00000e+00  1.72900e-05
0023  1.52546e+18  1.06316e+02  1.75006e+05  8.08461e-18  0.00000e+00  0.00000e+00  1.68750e-05
0024  1.54388e+18  1.08433e+02  1.76771e+05  8.32895e-18  0.00000e+00  0.00000e+00  1.64749e-05
0027  1.56229e+18  1.10560e+02  1.78616e+05  8.09566e-18  0.00000e+00  0.00000e+00  1.60888e-05
0028  1.58071e+18  1.12661e+02  1.80512e+05  7.90189e-18  0.00000e+00  0.00000e+00  1.57161e-05
0029  1.59912e+18  1.14756e+02  1.82480e+05  7.80401e-18  0.00000e+00  0.00000e+00  1.53562e-05
0030  1.61754e+18  1.16871e+02  1.84551e+05  7.77269e-18  0.00000e+00  0.00000e+00  1.50085e-05
0031  1.63595e+18  1.19028e+02  1.86756e+05  7.80383e-18  0.00000e+00  0.00000e+00  1.46726e-05
0032  1.65437e+18  1.21248e+02  1.89129e+05  7.85276e-18  0.00000e+00  0.00000e+00  1.43477e-05
0033  1.67278e+18  1.23486e+02  1.91614e+05  7.56219e-18  0.00000e+00  0.00000e+00  1.40336e-05
0034  1.69120e+18  1.25423e+02  1.93733e+05  6.49700e-18  0.00000e+00  0.00000e+00  1.37296e-05
0035  1.70961e+18  1.26978e+02  1.95486e+05  5.64837e-18  0.00000e+00  0.00000e+00  1.34354e-05
0036  1.72803e+18  1.28256e+02  1.96962e+05  5.18914e-18  0.00000e+00  0.00000e+00  1.31506e-05
0037  1.74644e+18  1.29517e+02  1.98537e+05  5.35140e-18  0.00000e+00  0.00000e+00  1.28747e-05
0038  1.76486e+18  1.30907e+02  2.00317e+05  5.59846e-18  0.00000e+00  0.00000e+00  1.26074e-05
0039  1.78328e+18  1.32411e+02  2.02297e+05  5.73661e-18  0.00000e+00  0.00000e+00  1.23484e-05
0040  1.80169e+18  1.33992e+02  2.04440e+05  5.79510e-18  0.00000e+00  0.00000e+00  1.20973e-05
0041  1.82011e+18  1.35640e+02  2.06741e+05  5.88212e-18  0.00000e+00  0.00000e+00  1.18537e-05
0042  1.83852e+18  1.37406e+02  2.09287e+05  6.12635e-18  0.00000e+00  0.00000e+00  1.16174e-05
0043  1.85694e+18  1.39486e+02  2.12403e+05  6.24652e-18  0.00000e+00  0.00000e+00  1.13882e-05
0044  1.87535e+18  1.40360e+02  2.13799e+05  5.26885e-18  0.00000e+00  0.00000e+00  1.11656e-05
0045  1.89377e+18  1.39655e+02  2.12723e+05  2.69710e-18  0.00000e+00  0.00000e+00  1.09495e-05
0046  1.91218e+18  1.40034e+02  2.13333e+05  1.43823e-18  0.00000e+00  0.00000e+00  1.07396e-05
0047  1.93060e+18  1.47913e+02  2.27299e+05  1.38877e-17  0.00000e+00  0.00000e+00  1.05357e-05
0048  1.94901e+18  1.58996e+02  2.43967e+05  1.46709e-17  0.00000e+00  0.00000e+00  1.03376e-05
0049  1.96743e+18  1.55164e+02  2.37895e+05  9.53602e-18  0.00000e+00  0.00000e+00  1.01449e-05
0050  1.98584e+18  1.46048e+02  2.23941e+05  5.20205e-18  0.00000e+00  0.00000e+00  9.95766e-06
0051  2.00426e+18  1.41977e+02  2.16771e+05 -2.78547e-18  0.00000e+00  0.00000e+00  9.77552e-06
0052  2.02267e+18  1.44934e+02  2.22118e+05 -3.05592e-18  0.00000e+00  0.00000e+00  9.59833e-06
0053  2.04109e+18  1.35846e+02  2.07583e+05 -1.92970e-17  0.00000e+00  0.00000e+00  9.42591e-06
0054  2.05951e+18  1.23717e+02  1.92011e+05 -6.15170e-18  0.00000e+00  0.00000e+00  9.25810e-06
0055  2.07792e+18  1.21280e+02  1.89202e+05  6.36658e-19  0.00000e+00  0.00000e+00  9.09473e-06
0056  2.09634e+18  1.20925e+02  1.88765e+05  3.76605e-18  0.00000e+00  0.00000e+00  8.93564e-06
0057  2.11475e+18  1.21984e+02  1.89912e+05  4.68165e-18  0.00000e+00  0.00000e+00  8.78070e-06
0058  2.13317e+18  1.22797e+02  1.90827e+05  4.38297e-18  0.00000e+00  0.00000e+00  8.62975e-06
0059  2.15158e+18  1.23137e+02  1.91215e+05  4.08295e-18  0.00000e+00  0.00000e+00  8.48265e-06
0060  2.17000e+18  1.23245e+02  1.91337e+05  3.70292e-18  0.00000e+00  0.00000e+00  8.33929e-06
0061  2.18841e+18  1.23268e+02  1.91364e+05  3.41918e-18  0.00000e+00  0.00000e+00  8.19953e-06
0062  2.20683e+18  1.23264e+02  1.91362e+05  3.18588e-18  0.00000e+00  0.00000e+00  8.06326e-06
0063  2.22524e+18  1.23335e+02  1.91441e+05  2.92793e-18  0.00000e+00  0.00000e+00  7.93035e-06
0064  2.24366e+18  1.23618e+02  1.91751e+05  2.56583e-18  0.00000e+00  0.00000e+00  7.80071e-06
0065  2.26207e+18  1.24231e+02  1.92420e+05  2.22284e-18  0.00000e+00  0.00000e+00  7.67421e-06
0066  2.28049e+18  1.25205e+02  1.93490e+05  2.06065e-18  0.00000e+00  0.00000e+00  7.55077e-06
0067  2.29891e+18  1.26473e+02  1.94904e+05  2.07439e-18  0.00000e+00  0.00000e+00  7.43029e-06
0068  2.31732e+18  1.27853e+02  1.96476e+05  2.21396e-18  0.00000e+00  0.00000e+00  7.31266e-06
0069  2.33574e+18  1.29154e+02  1.98048e+05  2.55931e-18  0.00000e+00  0.00000e+00  7.19781e-06
0070  2.35415e+18  1.30161e+02  1.99311e+05  2.95614e-18  0.00000e+00  0.00000e+00  7.08564e-06
0071  2.37257e+18  1.30688e+02  1.99982e+05  3.10831e-18  0.00000e+00  0.00000e+00  6.97607e-06
0072  2.39098e+18  1.30722e+02  2.00026e+05  3.01189e-18  0.00000e+00  0.00000e+00  6.86902e-06
0073  2.40940e+18  1.30385e+02  1.99595e+05  2.80367e-18  0.00000e+00  0.00000e+00  6.76442e-06
0074  2.42781e+18  1.29847e+02  1.98910e+05  2.62403e-18  0.00000e+00  0.00000e+00  6.66219e-06
0075  2.44623e+18  1.29283e+02  1.98194e+05  2.53735e-18  0.00000e+00  0.00000e+00  6.56226e-06
0076  2.46464e+18  1.28829e+02  1.97621e+05  2.52567e-18  0.00000e+00  0.00000e+00  6.46456e-06
0077  2.48306e+18  1.28565e+02  1.97289e+05  2.49896e-18  0.00000e+00  0.00000e+00  6.36903e-06
0078  2.50147e+18  1.28516e+02  1.97232e+05  2.33440e-18  0.00000e+00  0.00000e+00  6.27560e-06
0079  2.51989e+18  1.28634e+02  1.97393e+05  1.95735e-18  0.00000e+00  0.00000e+00  6.18421e-06
0080  2.53831e+18  1.28899e+02  1.97755e+05  1.24193e-18  0.00000e+00  0.00000e+00  6.09480e-06
0081  2.55672e+18  1.29247e+02  1.98213e+05  7.73707e-19  0.00000e+00  0.00000e+00  6.00732e-06
0082  2.57514e+18  1.29006e+02  1.97916e+05  6.05246e-19  0.00000e+00  0.00000e+00  5.92171e-06
0083  2.59355e+18  1.28534e+02  1.97332e+05  4.46937e-19  0.00000e+00  0.00000e+00  5.83791e-06
0084  2.61197e+18  1.31652e+02  2.01505e+05 -2.60140e-18  0.00000e+00  0.00000e+00  5.75588e-06
0085  2.63038e+18  1.85177e+02  2.95556e+05  3.07838e-17  0.00000e+00  0.00000e+00  5.67557e-06
0086  2.64880e+18  3.47323e+02  5.24852e+05  9.03421e-17  0.00000e+00  0.00000e+00  5.59693e-06
0087  2.66721e+18  5.20295e+02  7.42323e+05  4.49504e-17  0.00000e+00  0.00000e+00  5.51991e-06
0088  2.68563e+18  6.37836e+02  8.95942e+05  2.90145e-17  0.00000e+00  0.00000e+00  5.44447e-06
0089  2.70404e+18  7.20895e+02  1.00567e+06  2.28409e-17  0.00000e+00  0.00000e+00  5.37056e-06
0090  2.72246e+18  7.86402e+02  1.09281e+06  1.95100e-17  0.00000e+00  0.00000e+00  5.29815e-06
0091  2.74088e+18  8.42131e+02  1.16834e+06  1.73496e-17  0.00000e+00  0.00000e+00  5.22720e-06
0092  2.75929e+18  8.91421e+02  1.23630e+06  1.57011e-17  0.00000e+00  0.00000e+00  5.15766e-06
0093  2.77771e+18  9.35993e+02  1.29861e+06  1.43399e-17  0.00000e+00  0.00000e+00  5.08950e-06
0094  2.79612e+18  9.77854e+02  1.35842e+06  1.37145e-17  0.00000e+00  0.00000e+00  5.02268e-06
0095  2.81454e+18  1.01784e+03  1.41580e+06  1.30785e-17  0.00000e+00  0.00000e+00  4.95717e-06
0096  2.83295e+18  1.05629e+03  1.47144e+06  1.25137e-17  0.00000e+00  0.00000e+00  4.89293e-06
0097  2.85137e+18  1.09333e+03  1.52568e+06  1.19954e-17  0.00000e+00  0.00000e+00  4.82993e-06
0098  2.86978e+18  1.12889e+03  1.57866e+06  1.14995e-17  0.00000e+00  0.00000e+00  4.76814e-06
0099  2.88820e+18  1.16304e+03  1.63069e+06  1.10790e-17  0.00000e+00  0.00000e+00  4.70753e-06
0100  2.90661e+18  1.19581e+03  1.68180e+06  1.06598e-17  0.00000e+00  0.00000e+00  4.64807e-06
0101  2.92503e+18  1.22718e+03  1.73195e+06  1.02484e-17  0.00000e+00  0.00000e+00  4.58973e-06
0102  2.94345e+18  1.25717e+03  1.78105e+06  9.86661e-18  0.00000e+00  0.00000e+00  4.53248e-06
0103  2.96186e+18  1.28598e+03  1.82933e+06  9.54796e-18  0.00000e+00  0.00000e+00  4.47629e-06
0104  2.98028e+18  1.31379e+03  1.87705e+06  9.28412e-18  0.00000e+00  0.00000e+00  4.42114e-06
0105  2.99869e+18  1.34054e+03  1.92401e+06  8.98625e-18  0.00000e+00  0.00000e+00  4.36701e-06
0106  3.01711e+18  1.36617e+03  1.97015e+06  8.69192e-18  0.00000e+00  0.00000e+00  4.31386e-06
0107  3.03552e+18  1.39072e+03  2.01540e+06  8.40365e-18  0.00000e+00  0.00000e+00  4.26168e-06
0108  3.05394e+18  1.41422e+03  2.05973e+06  8.12311e-18  0.00000e+00  0.00000e+00  4.21044e-06
0109  3.07235e+18  1.43670e+03  2.10316e+06  7.85132e-18  0.00000e+00  0.00000e+00  4.16011e-06
0110  3.09077e+18  1.45821e+03  2.14573e+06  7.58880e-18  0.00000e+00  0.00000e+00  4.11069e-06
0111  3.10918e+18  1.47876e+03  2.18750e+06  7.33530e-18  0.00000e+00  0.00000e+00  4.06214e-06
0112  3.12760e+18  1.49835e+03  2.22857e+06  7.09097e-18  0.00000e+00  0.00000e+00  4.01444e-06
0113  3.14602e+18  1.51705e+03  2.26910e+06  6.86389e-18  0.00000e+00  0.00000e+00  3.96758e-06
0114  3.16443e+18  1.53490e+03  2.30916e+06  6.64508e-18  0.00000e+00  0.00000e+00  3.92154e-06
0115  3.18285e+18  1.55195e+03  2.34886e+06  6.43402e-18  0.00000e+00  0.00000e+00  3.87629e-06
0116  3.20126e+18  1.56827e+03  2.38828e+06  6.23058e-18  0.00000e+00  0.00000e+00  3.83182e-06
0117  3.21968e+18  1.58392e+03  2.42748e+06  6.03455e-18  0.00000e+00  0.00000e+00  3.78811e-06
0118  3.23809e+18  1.59896e+03  2.46655e+06  5.84568e-18  0.00000e+00  0.00000e+00  3.74515e-06
0119  3.25651e+18  1.61347e+03  2.50556e+06  5.66370e-18  0.00000e+00  0.00000e+00  3.70291e-06
0120  3.27492e+18  1.62754e+03  2.54461e+06  5.49306e-18  0.00000e+00  0.00000e+00  3.66138e-06
0121  3.29334e+18  1.64121e+03  2.58373e+06  5.31930e-18  0.00000e+00  0.00000e+00  3.62055e-06
0122  3.31176e+18  1.65454e+03  2.62295e+06  5.15198e-18  0.00000e+00  0.00000e+00  3.58040e-06
0123  3.33017e+18  1.66761e+03  2.66232e+06  4.99082e-18  0.00000e+00  0.00000e+00  3.54091e-06
0124  3.34859e+18  1.68048e+03  2.70187e+06  4.83551e-18  0.00000e+00  0.00000e+00  3.50207e-06
0125  3.36700e+18  1.69321e+03  2.74164e+06  4.68578e-18  0.00000e+00  0.00000e+00  3.46386e-06
0126  3.38542e+18  1.70582e+03  2.78165e+06  4.54137e-18  0.00000e+00  0.00000e+00  3.42628e-06
0127  3.40383e+18  1.71832e+03  2.82191e+06  4.40208e-18  0.00000e+00  0.00000e+00  3.38931e-06
0128  3.42225e+18  1.73069e+03  2.86244e+06  4.26771e-18  0.00000e+00  0.00000e+00  3.35293e-06
0129  3.44066e+18  1.74290e+03  2.90323e+06  4.13810e-18  0.00000e+00  0.00000e+00  3.31713e-06
0130  3.45908e+18  1.75487e+03  2.94425e+06  4.01312e-18  0.00000e+00  0.00000e+00  3.28191e-06
0131  3.47749e+18  1.76654e+03  2.98543e+06  3.89251e-18  0.00000e+00  0.00000e+00  3.24724e-06
0132  3.49591e+18  1.77782e+03  3.02668e+06  3.77565e-18  0.00000e+00  0.00000e+00  3.21312e-06
0133  3.51433e+18  1.78866e+03  3.06791e+06  3.66324e-18  0.00000e+00  0.00000e+00  3.17953e-06
0134  3.53274e+18  1.79897e+03  3.10896e+06  3.55525e-18  0.00000e+00  0.00000e+00  3.14647e-06
0135  3.55116e+18  1.80868e+03  3.14963e+06  3.44294e-18  0.00000e+00  0.00000e+00  3.11392e-06
0136  3.56957e+18  1.81781e+03  3.18997e+06  3.34968e-18  0.00000e+00  0.00000e+00  3.08188e-06
0137  3.58799e+18  1.82641e+03  3.22992e+06  3.25951e-18  0.00000e+00  0.00000e+00  3.05032e-06
0138  3.60640e+18  1.83449e+03  3.26946e+06  3.17166e-18  0.00000e+00  0.00000e+00  3.01925e-06
0139  3.62482e+18  1.84210e+03  3.30858e+06  3.08689e-18  0.00000e+00  0.00000e+00  2.98865e-06
0140  3.64323e+18  1.84934e+03  3.34740e+06  3.00500e-18  0.00000e+00  0.00000e+00  2.95851e-06
0141  3.66165e+18  1.85647e+03  3.38629e+06  2.92574e-18  0.00000e+00  0.00000e+00  2.92883e-06
0142  3.68007e+18  1.86351e+03  3.42528e+06  2.84899e-18  0.00000e+00  0.00000e+00  2.89959e-06
0143  3.69848e+18  1.86983e+03  3.46313e+06  2.77517e-18  0.00000e+00  0.00000e+00  2.87079e-06
0144  3.71690e+18  1.87588e+03  3.50068e+06  2.70382e-18  0.00000e+00  0.00000e+00  2.84241e-06
0145  3.73531e+18  1.88772e+03  3.54944e+06  2.63025e-18  0.00000e+00  0.00000e+00  2.81445e-06
0146  3.75373e+18  1.91157e+03  3.62135e+06  2.55000e-18  0.00000e+00  0.00000e+00  2.78690e-06
0147  3.77214e+18  1.91154e+03  3.64849e+06  2.48968e-18  0.00000e+00  0.00000e+00  2.75976e-06
0148  3.79056e+18  1.87861e+03  3.61255e+06  2.45348e-18  0.00000e+00  0.00000e+00  2.73301e-06
0149  3.80897e+18  1.72083e+03  3.33470e+06  2.53551e-18  0.00000e+00  0.00000e+00  2.70665e-06
0150  3.82739e+18  1.11645e+03  2.17708e+06  2.55536e-18  0.00000e+00  0.00000e+00  2.68066e-06
0151  3.84581e+18  3.64196e+02  7.06655e+05  5.54450e-18  0.00000e+00  0.00000e+00  2.65505e-06
0152  3.86422e+18  1.18692e+02  2.03184e+05 -9.49277e-17  0.00000e+00  0.00000e+00  2.62981e-06
0153  3.88264e+18  8.96412e+01  1.63014e+05 -1.07637e-17  0.00000e+00  0.00000e+00  2.60492e-06
0154  3.90105e+18  9.03449e+01  1.62944e+05 -4.79797e-19  0.00000e+00  0.00000e+00  2.58038e-06
0155  3.91947e+18  9.46370e+01  1.66123e+05  2.57534e-18  0.00000e+00  0.00000e+00  2.55619e-06
0156  3.93788e+18  1.01652e+02  1.71237e+05  3.50263e-18  0.00000e+00  0.00000e+00  2.53234e-06
0157  3.95630e+18  1.10002e+02  1.77837e+05  2.33505e-18  0.00000e+00  0.00000e+00  2.50882e-06
0158  3.97471e+18  1.22463e+02  1.89833e+05  3.30347e-18  0.00000e+00  0.00000e+00  2.48563e-06
0159  3.99313e+18  1.49085e+02  2.26309e+05  4.29049e-18  0.00000e+00  0.00000e+00  2.46275e-06
0160  4.01155e+18  2.11601e+02  3.15562e+05  2.34210e-17  0.00000e+00  0.00000e+00  2.44019e-06
0161  4.02996e+18  3.19949e+02  4.42892e+05  2.35807e-17  0.00000e+00  0.00000e+00  2.41794e-06
0162  4.04838e+18  4.36876e+02  5.67849e+05  1.53486e-17  0.00000e+00  0.00000e+00  2.39599e-06
0163  4.06679e+18  5.33082e+02  6.68762e+05  1.08003e-17  0.00000e+00  0.00000e+00  2.37434e-06
0164  4.08521e+18  6.08481e+02  7.44759e+05  8.45656e-18  0.00000e+00  0.00000e+00  2.35299e-06
0165  4.10362e+18  6.69876e+02  8.03917e+05  7.07089e-18  0.00000e+00  0.00000e+00  2.33191e-06
0166  4.12204e+18  7.22679e+02  8.52798e+05  6.24202e-18  0.00000e+00  0.00000e+00  2.31113e-06
0167  4.14045e+18  7.69826e+02  8.94946e+05  5.60315e-18  0.00000e+00  0.00000e+00  2.29061e-06
0168  4.15887e+18  8.12925e+02  9.32491e+05  5.10957e-18  0.00000e+00  0.00000e+00  2.27037e-06
0169  4.17728e+18  8.52927e+02  9.66561e+05  4.70478e-18  0.00000e+00  0.00000e+00  2.25040e-06
0170  4.19570e+18  8.90406e+02  9.97928e+05  4.37095e-18  0.00000e+00  0.00000e+00  2.23069e-06
0171  4.21412e+18  9.25925e+02  1.02719e+06  4.09198e-18  0.00000e+00  0.00000e+00  2.21123e-06
0172  4.23253e+18  9.60103e+02  1.05507e+06  3.90871e-18  0.00000e+00  0.00000e+00  2.19203e-06
0173  4.25095e+18  9.93129e+02  1.08160e+06  3.71233e-18  0.00000e+00  0.00000e+00  2.17308e-06
0174  4.26936e+18  1.02498e+03  1.10691e+06  3.53143e-18  0.00000e+00  0.00000e+00  2.15438e-06
0175  4.28778e+18  1.05578e+03  1.13118e+06  3.37268e-18  0.00000e+00  0.00000e+00  2.13591e-06
0176  4.30619e+18  1.08564e+03  1.15454e+06  3.23177e-18  0.00000e+00  0.00000e+00  2.11768e-06
0177  4.32461e+18  1.11466e+03  1.17708e+06  3.10192e-18  0.00000e+00  0.00000e+00  2.09968e-06
0178  4.34302e+18  1.14287e+03  1.19886e+06  2.97953e-18  0.00000e+00  0.00000e+00  2.08191e-06
0179  4.36144e+18  1.17028e+03  1.21993e+06  2.86412e-18  0.00000e+00  0.00000e+00  2.06437e-06
0180  4.37986e+18  1.19691e+03  1.24034e+06  2.75525e-18  0.00000e+00  0.00000e+00  2.04705e-06
0181  4.39827e+18  1.22275e+03  1.26010e+06  2.65254e-18  0.00000e+00  0.00000e+00  2.02994e-06
0182  4.41669e+18  1.24787e+03  1.27929e+06  2.55656e-18  0.00000e+00  0.00000e+00  2.01305e-06
0183  4.43510e+18  1.27239e+03  1.29801e+06  2.47954e-18  0.00000e+00  0.00000e+00  1.99637e-06
0184  4.45352e+18  1.29637e+03  1.31630e+06  2.40505e-18  0.00000e+00  0.00000e+00  1.97989e-06
0185  4.47193e+18  1.31981e+03  1.33415e+06  2.33310e-18  0.00000e+00  0.00000e+00  1.96362e-06
0186  4.49035e+18  1.34276e+03  1.35164e+06  2.26677e-18  0.00000e+00  0.00000e+00  1.94754e-06
0187  4.50876e+18  1.36526e+03  1.36880e+06  2.20518e-18  0.00000e+00  0.00000e+00  1.93167e-06
0188  4.52718e+18  1.38731e+03  1.38564e+06  2.14523e-18  0.00000e+00  0.00000e+00  1.91598e-06
0189  4.54560e+18  1.40891e+03  1.40215e+06  2.08699e-18  0.00000e+00  0.00000e+00  1.90049e-06
0190  4.56401e+18  1.43004e+03  1.41836e+06  2.03050e-18  0.00000e+00  0.00000e+00  1.88519e-06
0191  4.58243e+18  1.45071e+03  1.43426e+06  1.97577e-18  0.00000e+00  0.00000e+00  1.87006e-06
0192  4.60084e+18  1.47089e+03  1.44987e+06  1.92281e-18  0.00000e+00  0.00000e+00  1.85512e-06
0193  4.61926e+18  1.49059e+03  1.46518e+06  1.87161e-18  0.00000e+00  0.00000e+00  1.84036e-06
0194  4.63767e+18  1.50980e+03  1.48022e+06  1.82323e-18  0.00000e+00  0.00000e+00  1.82577e-06
0195  4.65609e+18  1.52856e+03  1.49501e+06  1.77725e-18  0.00000e+00  0.00000e+00  1.81136e-06
0196  4.67450e+18  1.54685e+03  1.50953e+06  1.73269e-18  0.00000e+00  0.00000e+00  1.79712e-06
0197  4.69292e+18  1.56468e+03  1.52380e+06  1.68955e-18  0.00000e+00  0.00000e+00  1.78304e-06
0198  4.71134e+18  1.58204e+03  1.53782e+06  1.64779e-18  0.00000e+00  0.00000e+00  1.76913e-06
0199  4.72975e+18  1.59892e+03  1.55159e+06  1.60740e-18  0.00000e+00  0.00000e+00  1.75538e-06
0200  4.74817e+18  1.61533e+03  1.56510e+06  1.56836e-18  0.00000e+00  0.00000e+00  1.74179e-06
0201  4.76658e+18  1.63127e+03  1.57837e+06  1.53109e-18  0.00000e+00  0.00000e+00  1.72836e-06
0202  4.78500e+18  1.64674e+03  1.59141e+06  1.49547e-18  0.00000e+00  0.00000e+00  1.71508e-06
0203  4.80341e+18  1.66176e+03  1.60421e+06  1.46099e-18  0.00000e+00  0.00000e+00  1.70195e-06
0204  4.82183e+18  1.67632e+03  1.61678e+06  1.42760e-18  0.00000e+00  0.00000e+00  1.68898e-06
0205  4.84024e+18  1.69041e+03  1.62911e+06  1.39530e-18  0.00000e+00  0.00000e+00  1.67615e-06
0206  4.85866e+18  1.70405e+03  1.64122e+06  1.36405e-18  0.00000e+00  0.00000e+00  1.66347e-06
0207  4.87708e+18  1.71723e+03  1.65311e+06  1.33381e-18  0.00000e+00  0.00000e+00  1.65093e-06
0208  4.89549e+18  1.72996e+03  1.66477e+06  1.30456e-18  0.00000e+00  0.00000e+00  1.63853e-06
0209  4.91391e+18  1.74224e+03  1.67622e+06  1.27625e-18  0.00000e+00  0.00000e+00  1.62627e-06
0210  4.93232e+18  1.75409e+03  1.68745e+06  1.24887e-18  0.00000e+00  0.00000e+00  1.61415e-06
0211  4.95074e+18  1.76552e+03  1.69847e+06  1.22237e-18  0.00000e+00  0.00000e+00  1.60217e-06
0212  4.96915e+18  1.77652e+03  1.70928e+06  1.19672e-18  0.00000e+00  0.00000e+00  1.59031e-06
0213  4.98757e+18  1.78711e+03  1.71990e+06  1.17189e-18  0.00000e+00  0.00000e+00  1.57859e-06
0214  5.00598e+18  1.79731e+03  1.73033e+06  1.14785e-18  0.00000e+00  0.00000e+00  1.56700e-06
0215  5.02440e+18  1.80708e+03  1.74057e+06  1.12243e-18  0.00000e+00  0.00000e+00  1.55553e-06
0216  5.04282e+18  1.81648e+03  1.75064e+06  1.10149e-18  0.00000e+00  0.00000e+00  1.54419e-06
0217  5.06123e+18  1.82554e+03  1.76055e+06  1.08109e-18  0.00000e+00  0.00000e+00  1.53298e-06
0218  5.07965e+18  1.83428e+03  1.77032e+06  1.06122e-18  0.00000e+00  0.00000e+00  1.52188e-06
0219  5.09806e+18  1.84272e+03  1.77995e+06  1.04185e-18  0.00000e+00  0.00000e+00  1.51091e-06
0220  5.11648e+18  1.85086e+03  1.78945e+06  1.02297e-18  0.00000e+00  0.00000e+00  1.50005e-06
0221  5.13489e+18  1.85871e+03  1.79883e+06  1.00457e-18  0.00000e+00  0.00000e+00  1.48931e-06
0222  5.15331e+18  1.86630e+03  1.80811e+06  9.86620e-19  0.00000e+00  0.00000e+00  1.47868e-06
0223  5.17172e+18  1.87362e+03  1.81728e+06  9.69117e-19  0.00000e+00  0.00000e+00  1.46817e-06
0224  5.19014e+18  1.88068e+03  1.82634e+06  9.52046e-19  0.00000e+00  0.00000e+00  1.45777e-06
0225  5.20856e+18  1.88751e+03  1.83533e+06  9.35385e-19  0.00000e+00  0.00000e+00  1.44748e-06
0226  5.22697e+18  1.89417e+03  1.84430e+06  9.22170e-19  0.00000e+00  0.00000e+00  1.43730e-06
0227  5.24539e+18  1.90066e+03  1.85323e+06  9.06359e-19  0.00000e+00  0.00000e+00  1.42723e-06
0228  5.26380e+18  1.90696e+03  1.86212e+06  8.90908e-19  0.00000e+00  0.00000e+00  1.41726e-06
0229  5.28222e+18  1.91307e+03  1.87095e+06  8.75810e-19  0.00000e+00  0.00000e+00  1.40739e-06
0230  5.30063e+18  1.91899e+03  1.87973e+06  8.61055e-19  0.00000e+00  0.00000e+00  1.39763e-06
0231  5.31905e+18  1.92472e+03  1.88848e+06  8.46633e-19  0.00000e+00  0.00000e+00  1.38797e-06
0232  5.33746e+18  1.93029e+03  1.89718e+06  8.32532e-19  0.00000e+00  0.00000e+00  1.37841e-06
0233  5.35588e+18  1.93569e+03  1.90586e+06  8.18744e-19  0.00000e+00  0.00000e+00  1.36894e-06
0234  5.37430e+18  1.94094e+03  1.91450e+06  8.05259e-19  0.00000e+00  0.00000e+00  1.35958e-06
0235  5.39271e+18  1.94603e+03  1.92313e+06  7.92066e-19  0.00000e+00  0.00000e+00  1.35031e-06
0236  5.41113e+18  1.95098e+03  1.93174e+06  7.79159e-19  0.00000e+00  0.00000e+00  1.34113e-06
0237  5.42954e+18  1.95579e+03  1.94033e+06  7.66528e-19  0.00000e+00  0.00000e+00  1.33205e-06
0238  5.44796e+18  1.96047e+03  1.94891e+06  7.54166e-19  0.00000e+00  0.00000e+00  1.32306e-06
0239  5.46637e+18  1.96501e+03  1.95748e+06  7.42066e-19  0.00000e+00  0.00000e+00  1.31416e-06
0240  5.48479e+18  1.96942e+03  1.96603e+06  7.30222e-19  0.00000e+00  0.00000e+00  1.30535e-06
0241  5.50320e+18  1.97371e+03  1.97456e+06  7.18627e-19  0.00000e+00  0.00000e+00  1.29663e-06
0242  5.52162e+18  1.97786e+03  1.98308e+06  7.07277e-19  0.00000e+00  0.00000e+00  1.28800e-06
0243  5.54004e+18  1.98189e+03  1.99157e+06  6.96167e-19  0.00000e+00  0.00000e+00  1.27945e-06
0244  5.55845e+18  1.98577e+03  2.00002e+06  6.85292e-19  0.00000e+00  0.00000e+00  1.27098e-06
0245  5.57687e+18  1.98952e+03  2.00844e+06  6.74649e-19  0.00000e+00  0.00000e+00  1.26260e-06
0246  5.59528e+18  1.99312e+03  2.01680e+06  6.64235e-19  0.00000e+00  0.00000e+00  1.25431e-06
0247  5.61370e+18  1.99655e+03  2.02512e+06  6.54045e-19  0.00000e+00  0.00000e+00  1.24609e-06
0248  5.63211e+18  1.99982e+03  2.03337e+06  6.44078e-19  0.00000e+00  0.00000e+00  1.23795e-06
0249  5.65053e+18  2.00291e+03  2.04155e+06  6.34329e-19  0.00000e+00  0.00000e+00  1.22990e-06
0250  5.66894e+18  2.00582e+03  2.04965e+06  6.24795e-19  0.00000e+00  0.00000e+00  1.22192e-06
0251  5.68736e+18  2.00853e+03  2.05766e+06  6.15472e-19  0.00000e+00  0.00000e+00  1.21402e-06
0252  5.70578e+18  2.01106e+03  2.06558e+06  6.06355e-19  0.00000e+00  0.00000e+00  1.20620e-06
0253  5.72419e+18  2.01340e+03  2.07341e+06  5.97441e-19  0.00000e+00  0.00000e+00  1.19845e-06
0254  5.74261e+18  2.01554e+03  2.08114e+06  5.88724e-19  0.00000e+00  0.00000e+00  1.19077e-06
0255  5.76102e+18  2.01749e+03  2.08878e+06  5.80198e-19  0.00000e+00  0.00000e+00  1.18317e-06
0256  5.77944e+18  2.01926e+03  2.09632e+06  5.71858e-19  0.00000e+00  0.00000e+00  1.17565e-06
0257  5.79785e+18  2.02085e+03  2.10377e+06  5.63697e-19  0.00000e+00  0.00000e+00  1.16819e-06
0258  5.81627e+18  2.02227e+03  2.11114e+06  5.55709e-19  0.00000e+00  0.00000e+00  1.16080e-06
0259  5.83468e+18  2.02353e+03  2.11844e+06  5.47888e-19  0.00000e+00  0.00000e+00  1.15349e-06
0260  5.85310e+18  2.02463e+03  2.12567e+06  5.40228e-19  0.00000e+00  0.00000e+00  1.14624e-06
0261  5.87152e+18  2.02559e+03  2.13284e+06  5.32723e-19  0.00000e+00  0.00000e+00  1.13906e-06
0262  5.88993e+18  2.02640e+03  2.13997e+06  5.25368e-19  0.00000e+00  0.00000e+00  1.13195e-06
0263  5.90835e+18  2.02707e+03  2.14706e+06  5.18159e-19  0.00000e+00  0.00000e+00  1.12490e-06
0264  5.92676e+18  2.02761e+03  2.15412e+06  5.11089e-19  0.00000e+00  0.00000e+00  1.11792e-06
0265  5.94518e+18  2.02802e+03  2.16115e+06  5.04157e-19  0.00000e+00  0.00000e+00  1.11101e-06
0266  5.96359e+18  2.02831e+03  2.16815e+06  4.97350e-19  0.00000e+00  0.00000e+00  1.10416e-06
0267  5.98201e+18  2.02851e+03  2.17509e+06  4.90668e-19  0.00000e+00  0.00000e+00  1.09737e-06
0268  6.00043e+18  2.02863e+03  2.18197e+06  4.84110e-19  0.00000e+00  0.00000e+00  1.09065e-06
0269  6.01884e+18  2.02870e+03  2.18876e+06  4.77672e-19  0.00000e+00  0.00000e+00  1.08398e-06
0270  6.03726e+18  2.02873e+03  2.19545e+06  4.71351e-19  0.00000e+00  0.00000e+00  1.07738e-06
0271  6.05567e+18  2.02870e+03  2.20205e+06  4.65146e-19  0.00000e+00  0.00000e+00  1.07084e-06
0272  6.07409e+18  2.02861e+03  2.20855e+06  4.59054e-19  0.00000e+00  0.00000e+00  1.06435e-06
0273  6.09250e+18  2.02845e+03  2.21497e+06  4.53075e-19  0.00000e+00  0.00000e+00  1.05793e-06
0274  6.11092e+18  2.02819e+03  2.22130e+06  4.47206e-19  0.00000e+00  0.00000e+00  1.05156e-06
0275  6.12933e+18  2.02784e+03  2.22757e+06  4.41445e-19  0.00000e+00  0.00000e+00  1.04525e-06
0276  6.14775e+18  2.02739e+03  2.23379e+06  4.35789e-19  0.00000e+00  0.00000e+00  1.03900e-06
0277  6.16617e+18  2.02685e+03  2.23995e+06  4.30236e-19  0.00000e+00  0.00000e+00  1.03280e-06
0278  6.18458e+18  2.02620e+03  2.24608e+06  4.24781e-19  0.00000e+00  0.00000e+00  1.02666e-06
0279  6.20300e+18  2.02546e+03  2.25221e+06  4.19421e-19  0.00000e+00  0.00000e+00  1.02057e-06
0280  6.22141e+18  2.02463e+03  2.25834e+06  4.14151e-19  0.00000e+00  0.00000e+00  1.01454e-06
0281  6.23983e+18  2.02373e+03  2.26451e+06  4.08968e-19  0.00000e+00  0.00000e+00  1.00856e-06
0282  6.25824e+18  2.02275e+03  2.27074e+06  4.03866e-19  0.00000e+00  0.00000e+00  1.00263e-06
0283  6.27666e+18  2.02170e+03  2.27707e+06  3.98842e-19  0.00000e+00  0.00000e+00  9.96760e-07
0284  6.29507e+18  2.02063e+03  2.28350e+06  3.93891e-19  0.00000e+00  0.00000e+00  9.90937e-07
0285  6.31349e+18  2.01948e+03  2.29011e+06  3.89010e-19  0.00000e+00  0.00000e+00  9.85164e-07
0286  6.33191e+18  2.01827e+03  2.29693e+06  3.84195e-19  0.00000e+00  0.00000e+00  9.79442e-07
0287  6.35032e+18  2.01704e+03  2.30395e+06  3.79442e-19  0.00000e+00  0.00000e+00  9.73770e-07
0288  6.36874e+18  2.01585e+03  2.31118e+06  3.74745e-19  0.00000e+00  0.00000e+00  9.68146e-07
0289  6.38715e+18  2.01474e+03  2.31859e+06  3.70100e-19  0.00000e+00  0.00000e+00  9.62572e-07
0290  6.40557e+18  2.01376e+03  2.32618e+06  3.65504e-19  0.00000e+00  0.00000e+00  9.57045e-07
0291  6.42398e+18  2.01293e+03  2.33392e+06  3.60956e-19  0.00000e+00  0.00000e+00  9.51566e-07
0292  6.44240e+18  2.01227e+03  2.34180e+06  3.56455e-19  0.00000e+00  0.00000e+00  9.46133e-07
0293  6.46081e+18  2.01178e+03  2.34980e+06  3.52001e-19  0.00000e+00  0.00000e+00  9.40747e-07
0294  6.47923e+18  2.01144e+03  2.35790e+06  3.47597e-19  0.00000e+00  0.00000e+00  9.35407e-07
0295  6.49765e+18  2.01125e+03  2.36608e+06  3.43246e-19  0.00000e+00  0.00000e+00  9.30113e-07
0296  6.51606e+18  2.01115e+03  2.37429e+06  3.38951e-19  0.00000e+00  0.00000e+00  9.24863e-07
0297  6.53448e+18  2.01112e+03  2.38248e+06  3.34718e-19  0.00000e+00  0.00000e+00  9.19657e-07
0298  6.55289e+18  2.01110e+03  2.39060e+06  3.30552e-19  0.00000e+00  0.00000e+00  9.14495e-07
0299  6.57131e+18  2.01104e+03  2.39858e+06  3.26459e-19  0.00000e+00  0.00000e+00  9.09377e-07
0300  6.58972e+18  2.01090e+03  2.40634e+06  3.22444e-19  0.00000e+00  0.00000e+00  9.04301e-07
0301  6.60814e+18  2.01064e+03  2.41379e+06  3.18513e-19  0.00000e+00  0.00000e+00  8.99268e-07
0302  6.62655e+18  2.01021e+03  2.42086e+06  3.14671e-19  0.00000e+00  0.00000e+00  8.94277e-07
0303  6.64497e+18  2.00954e+03  2.42749e+06  3.10922e-19  0.00000e+00  0.00000e+00  8.89327e-07
0304  6.66339e+18  2.00865e+03  2.43359e+06  3.07269e-19  0.00000e+00  0.00000e+00  8.84418e-07
0305  6.68180e+18  2.00751e+03  2.43912e+06  3.03710e-19  0.00000e+00  0.00000e+00  8.79550e-07
0306  6.70022e+18  2.00609e+03  2.44407e+06  3.00246e-19  0.00000e+00  0.00000e+00  8.74722e-07
0307  6.71863e+18  2.00441e+03  2.44843e+06  2.96874e-19  0.00000e+00  0.00000e+00  8.69933e-07
0308  6.73705e+18  2.00247e+03  2.45223e+06  2.93590e-19  0.00000e+00  0.00000e+00  8.65184e-07
0309  6.75546e+18  2.00030e+03  2.45552e+06  2.90387e-19  0.00000e+00  0.00000e+00  8.60473e-07
0310  6.77388e+18  1.99795e+03  2.45836e+06  2.87258e-19  0.00000e+00  0.00000e+00  8.55801e-07
0311  6.79229e+18  1.99545e+03  2.46081e+06  2.84195e-19  0.00000e+00  0.00000e+00  8.51167e-07
0312  6.81071e+18  1.99289e+03  2.46296e+06  2.81189e-19  0.00000e+00  0.00000e+00  8.46570e-07
0313  6.82913e+18  1.99030e+03  2.46488e+06  2.78233e-19  0.00000e+00  0.00000e+00  8.42010e-07
0314  6.84754e+18  1.98777e+03  2.46665e+06  2.75318e-19  0.00000e+00  0.00000e+00  8.37487e-07
0315  6.86596e+18  1.98533e+03  2.46835e+06  2.72438e-19  0.00000e+00  0.00000e+00  8.33001e-07
0316  6.88437e+18  1.98305e+03  2.47004e+06  2.69587e-19  0.00000e+00  0.00000e+00  8.28550e-07
0317  6.90279e+18  1.98096e+03  2.47175e+06  2.66761e-19  0.00000e+00  0.00000e+00  8.24135e-07
0318  6.92120e+18  1.97908e+03  2.47354e+06  2.63958e-19  0.00000e+00  0.00000e+00  8.19755e-07
0319  6.93962e+18  1.97741e+03  2.47539e+06  2.61177e-19  0.00000e+00  0.00000e+00  8.15410e-07
0320  6.95803e+18  1.97597e+03  2.47733e+06  2.58418e-19  0.00000e+00  0.00000e+00  8.11100e-07
0321  6.97645e+18  1.97472e+03  2.47931e+06  2.55683e-19  0.00000e+00  0.00000e+00  8.06824e-07
0322  6.99487e+18  1.97363e+03  2.48132e+06  2.52975e-19  0.00000e+00  0.00000e+00  8.02581e-07
0323  7.01328e+18  1.97268e+03  2.48331e+06  2.50296e-19  0.00000e+00  0.00000e+00  7.98371e-07
0324  7.03170e+18  1.97182e+03  2.48524e+06  2.47650e-19  0.00000e+00  0.00000e+00  7.94195e-07
0325  7.05011e+18  1.97102e+03  2.48707e+06  2.45040e-19  0.00000e+00  0.00000e+00  7.90052e-07
0326  7.06853e+18  1.97023e+03  2.48876e+06  2.42468e-19  0.00000e+00  0.00000e+00  7.85940e-07
0327  7.08694e+18  1.96944e+03  2.49028e+06  2.39937e-19  0.00000e+00  0.00000e+00  7.81861e-07
0328  7.10536e+18  1.96861e+03  2.49159e+06  2.37448e-19  0.00000e+00  0.00000e+00  7.77813e-07
0329  7.12378e+18  1.96773e+03  2.49268e+06  2.35001e-19  0.00000e+00  0.00000e+00  7.73797e-07
0330  7.14219e+18  1.96678e+03  2.49354e+06  2.32597e-19  0.00000e+00  0.00000e+00  7.69812e-07
0331  7.16061e+18  1.96577e+03  2.49416e+06  2.30234e-19  0.00000e+00  0.00000e+00  7.65858e-07
0332  7.17902e+18  1.96468e+03  2.49456e+06  2.27913e-19  0.00000e+00  0.00000e+00  7.61933e-07
0333  7.19744e+18  1.96353e+03  2.49475e+06  2.25632e-19  0.00000e+00  0.00000e+00  7.58039e-07
0334  7.21585e+18  1.96231e+03  2.49473e+06  2.23388e-19  0.00000e+00  0.00000e+00  7.54175e-07
0335  7.23427e+18  1.96104e+03  2.49453e+06  2.21181e-19  0.00000e+00  0.00000e+00  7.50340e-07
0336  7.25268e+18  1.95972e+03  2.49417e+06  2.19009e-19  0.00000e+00  0.00000e+00  7.46535e-07
0337  7.27110e+18  1.95837e+03  2.49366e+06  2.16870e-19  0.00000e+00  0.00000e+00  7.42758e-07
0338  7.28952e+18  1.95699e+03  2.49304e+06  2.14762e-19  0.00000e+00  0.00000e+00  7.39010e-07
0339  7.30793e+18  1.95559e+03  2.49233e+06  2.12683e-19  0.00000e+00  0.00000e+00  7.35290e-07
0340  7.32635e+18  1.95420e+03  2.49156e+06  2.10632e-19  0.00000e+00  0.00000e+00  7.31598e-07
0341  7.34476e+18  1.95282e+03  2.49074e+06  2.08606e-19  0.00000e+00  0.00000e+00  7.27934e-07
0342  7.36318e+18  1.95147e+03  2.48991e+06  2.06604e-19  0.00000e+00  0.00000e+00  7.24298e-07
0343  7.38159e+18  1.95017e+03  2.48909e+06  2.04625e-19  0.00000e+00  0.00000e+00  7.20688e-07
0344  7.40001e+18  1.94894e+03  2.48831e+06  2.02665e-19  0.00000e+00  0.00000e+00  7.17106e-07
0345  7.41842e+18  1.94778e+03  2.48758e+06  2.00725e-19  0.00000e+00  0.00000e+00  7.13550e-07
0346  7.43684e+18  1.94672e+03  2.48694e+06  1.98802e-19  0.00000e+00  0.00000e+00  7.10020e-07
0347  7.45526e+18  1.94577e+03  2.48640e+06  1.96895e-19  0.00000e+00  0.00000e+00  7.06517e-07
0348  7.47367e+18  1.94494e+03  2.48599e+06  1.95003e-19  0.00000e+00  0.00000e+00  7.03039e-07
0349  7.49209e+18  1.94424e+03  2.48571e+06  1.93124e-19  0.00000e+00  0.00000e+00  6.99587e-07
0350  7.51050e+18  1.94369e+03  2.48560e+06  1.91259e-19  0.00000e+00  0.00000e+00  6.96161e-07
0351  7.52892e+18  1.94329e+03  2.48565e+06  1.89406e-19  0.00000e+00  0.00000e+00  6.92759e-07
0352  7.54733e+18  1.94305e+03  2.48590e+06  1.87565e-19  0.00000e+00  0.00000e+00  6.89383e-07
0353  7.56575e+18  1.94298e+03  2.48634e+06  1.85735e-19  0.00000e+00  0.00000e+00  6.86031e-07
0354  7.58416e+18  1.94308e+03  2.48699e+06  1.83915e-19  0.00000e+00  0.00000e+00  6.82703e-07
0355  7.60258e+18  1.94335e+03  2.48784e+06  1.82106e-19  0.00000e+00  0.00000e+00  6.79400e-07
0356  7.62100e+18  1.94379e+03  2.48890e+06  1.80308e-19  0.00000e+00  0.00000e+00  6.76121e-07
0357  7.63941e+18  1.94439e+03  2.49017e+06  1.78520e-19  0.00000e+00  0.00000e+00  6.72865e-07
0358  7.65783e+18  1.94521e+03  2.49172e+06  1.76740e-19  0.00000e+00  0.00000e+00  6.69632e-07
0359  7.67624e+18  1.94640e+03  2.49375e+06  1.74957e-19  0.00000e+00  0.00000e+00  6.66423e-07
0360  7.69466e+18  1.94828e+03  2.49667e+06  1.73150e-19  0.00000e+00  0.00000e+00  6.63237e-07
0361  7.71307e+18  1.95139e+03  2.50120e+06  1.71285e-19  0.00000e+00  0.00000e+00  6.60074e-07
0362  7.73149e+18  1.95632e+03  2.50807e+06  1.69325e-19  0.00000e+00  0.00000e+00  6.56933e-07
0363  7.74990e+18  1.96260e+03  2.51675e+06  1.67301e-19  0.00000e+00  0.00000e+00  6.53815e-07
0364  7.76832e+18  1.96612e+03  2.52191e+06  1.65480e-19  0.00000e+00  0.00000e+00  6.50719e-07
0365  7.78674e+18  1.96127e+03  2.51636e+06  1.64208e-19  0.00000e+00  0.00000e+00  6.47644e-07
0366  7.80515e+18  1.95199e+03  2.50510e+06  1.63226e-19  0.00000e+00  0.00000e+00  6.44592e-07
0367  7.82357e+18  1.94123e+03  2.49188e+06  1.62341e-19  0.00000e+00  0.00000e+00  6.41561e-07
0368  7.84198e+18  1.92633e+03  2.47331e+06  1.61710e-19  0.00000e+00  0.00000e+00  6.38551e-07
0369  7.86040e+18  1.90318e+03  2.44406e+06  1.61566e-19  0.00000e+00  0.00000e+00  6.35563e-07
0370  7.87881e+18  1.86603e+03  2.39665e+06  1.62208e-19  0.00000e+00  0.00000e+00  6.32595e-07
0371  7.89723e+18  1.80769e+03  2.32179e+06  1.63926e-19  0.00000e+00  0.00000e+00  6.29648e-07
0372  7.91564e+18  1.72091e+03  2.21001e+06  1.69839e-19  0.00000e+00  0.00000e+00  6.26722e-07
0373  7.93406e+18  1.60115e+03  2.05530e+06  1.77778e-19  0.00000e+00  0.00000e+00  6.23816e-07
0374  7.95248e+18  1.45024e+03  1.85993e+06  1.87413e-19  0.00000e+00  0.00000e+00  6.20930e-07
0375  7.97089e+18  1.27851e+03  1.63714e+06  1.97225e-19  0.00000e+00  0.00000e+00  6.18064e-07
0376  7.98931e+18  1.10247e+03  1.40823e+06  2.14765e-19  0.00000e+00  0.00000e+00  6.15218e-07
0377  8.00772e+18  9.38789e+02  1.19477e+06  2.44334e-19  0.00000e+00  0.00000e+00  6.12392e-07
0378  8.02614e+18  7.99086e+02  1.01183e+06  3.11731e-19  0.00000e+00  0.00000e+00  6.09585e-07
0379  8.04455e+18  6.89121e+02  8.66779e+05  4.10873e-19  0.00000e+00  0.00000e+00  6.06797e-07
0380  8.06297e+18  6.11981e+02  7.63366e+05  5.28477e-19  0.00000e+00  0.00000e+00  6.04029e-07
0381  8.08139e+18  5.69723e+02  7.03654e+05  6.23118e-19  0.00000e+00  0.00000e+00  6.01279e-07
0382  8.09980e+18  5.55844e+02  6.79035e+05  6.64659e-19  0.00000e+00  0.00000e+00  5.98548e-07
0383  8.11822e+18  5.52611e+02  6.67522e+05  6.81760e-19  0.00000e+00  0.00000e+00  5.95835e-07
0384  8.13663e+18  5.50445e+02  6.57466e+05  6.96167e-19  0.00000e+00  0.00000e+00  5.93141e-07
0385  8.15505e+18  5.49282e+02  6.48753e+05  7.09084e-19  0.00000e+00  0.00000e+00  5.90466e-07
0386  8.17346e+18  5.49629e+02  6.41924e+05  7.16501e-19  0.00000e+00  0.00000e+00  5.87808e-07
0387  8.19188e+18  5.51699e+02  6.37207e+05  7.19112e-19  0.00000e+00  0.00000e+00  5.85168e-07
0388  8.21029e+18  5.55488e+02  6.34572e+05  7.16867e-19  0.00000e+00  0.00000e+00  5.82546e-07
0389  8.22871e+18  5.60858e+02  6.33832e+05  7.10192e-19  0.00000e+00  0.00000e+00  5.79941e-07
0390  8.24713e+18  5.67618e+02  6.34748e+05  6.99735e-19  0.00000e+00  0.00000e+00  5.77354e-07
0391  8.26554e+18  5.75579e+02  6.37093e+05  6.86172e-19  0.00000e+00  0.00000e+00  5.74784e-07
0392  8.28396e+18  5.84595e+02  6.40697e+05  6.70082e-19  0.00000e+00  0.00000e+00  5.72232e-07
0393  8.30237e+18  5.94575e+02  6.45459e+05  6.51909e-19  0.00000e+00  0.00000e+00  5.69696e-07
0394  8.32079e+18  6.05485e+02  6.51335e+05  6.31983e-19  0.00000e+00  0.00000e+00  5.67177e-07
0395  8.33920e+18  6.17335e+02  6.58344e+05  6.09429e-19  0.00000e+00  0.00000e+00  5.64675e-07
0396  8.35762e+18  6.30183e+02  6.66553e+05  5.86518e-19  0.00000e+00  0.00000e+00  5.62189e-07
0397  8.37603e+18  6.44130e+02  6.76053e+05  5.62332e-19  0.00000e+00  0.00000e+00  5.59720e-07
0398  8.39445e+18  6.59321e+02  6.86995e+05  5.37656e-19  0.00000e+00  0.00000e+00  5.57267e-07
0399  8.41287e+18  6.75916e+02  6.99526e+05  5.14717e-19  0.00000e+00  0.00000e+00  5.54830e-07
0400  8.43128e+18  6.94039e+02  7.13738e+05  4.90699e-19  0.00000e+00  0.00000e+00  5.52409e-07
0401  8.44970e+18  7.13742e+02  7.29676e+05  4.65880e-19  0.00000e+00  0.00000e+00  5.50003e-07
0402  8.46811e+18  7.34998e+02  7.47311e+05  4.40624e-19  0.00000e+00  0.00000e+00  5.47614e-07
0403  8.48653e+18  7.57684e+02  7.66519e+05  4.15370e-19  0.00000e+00  0.00000e+00  5.45240e-07
0404  8.50494e+18  7.81570e+02  7.87064e+05  3.90750e-19  0.00000e+00  0.00000e+00  5.42881e-07
0405  8.52336e+18  8.06296e+02  8.08582e+05  3.68153e-19  0.00000e+00  0.00000e+00  5.40538e-07
0406  8.54177e+18  8.31365e+02  8.30568e+05  3.46938e-19  0.00000e+00  0.00000e+00  5.38209e-07
0407  8.56019e+18  8.56179e+02  8.52424e+05  3.27605e-19  0.00000e+00  0.00000e+00  5.35896e-07
0408  8.57861e+18  8.80118e+02  8.73542e+05  3.10119e-19  0.00000e+00  0.00000e+00  5.33598e-07
0409  8.59702e+18  9.02659e+02  8.93404e+05  2.94582e-19  0.00000e+00  0.00000e+00  5.31314e-07
0410  8.61544e+18  9.23491e+02  9.11707e+05  2.80929e-19  0.00000e+00  0.00000e+00  5.29045e-07
0411  8.63385e+18  9.42543e+02  9.28404e+05  2.68954e-19  0.00000e+00  0.00000e+00  5.26791e-07
0412  8.65227e+18  9.59904e+02  9.43548e+05  2.62063e-19  0.00000e+00  0.00000e+00  5.24551e-07
0413  8.67068e+18  9.75768e+02  9.57325e+05  2.53515e-19  0.00000e+00  0.00000e+00  5.22325e-07
0414  8.68910e+18  9.90416e+02  9.70014e+05  2.45772e-19  0.00000e+00  0.00000e+00  5.20113e-07
0415  8.70751e+18  1.00417e+03  9.81922e+05  2.38695e-19  0.00000e+00  0.00000e+00  5.17916e-07
0416  8.72593e+18  1.01731e+03  9.93310e+05  2.32565e-19  0.00000e+00  0.00000e+00  5.15732e-07
0417  8.74435e+18  1.03006e+03  1.00437e+06  2.26748e-19  0.00000e+00  0.00000e+00  5.13562e-07
0418  8.76276e+18  1.04255e+03  1.01523e+06  2.21358e-19  0.00000e+00  0.00000e+00  5.11406e-07
0419  8.78118e+18  1.05487e+03  1.02595e+06  2.16291e-19  0.00000e+00  0.00000e+00  5.09263e-07
0420  8.79959e+18  1.06705e+03  1.03656e+06  2.11400e-19  0.00000e+00  0.00000e+00  5.07134e-07
0421  8.81801e+18  1.07906e+03  1.04707e+06  2.06677e-19  0.00000e+00  0.00000e+00  5.05018e-07
0422  8.83642e+18  1.09087e+03  1.05744e+06  2.02121e-19  0.00000e+00  0.00000e+00  5.02915e-07
0423  8.85484e+18  1.10245e+03  1.06768e+06  1.97728e-19  0.00000e+00  0.00000e+00  5.00825e-07
0424  8.87326e+18  1.11377e+03  1.07777e+06  1.93496e-19  0.00000e+00  0.00000e+00  4.98749e-07
0425  8.89167e+18  1.12479e+03  1.08770e+06  1.89421e-19  0.00000e+00  0.00000e+00  4.96685e-07
0426  8.91009e+18  1.13552e+03  1.09747e+06  1.85496e-19  0.00000e+00  0.00000e+00  4.94634e-07
0427  8.92850e+18  1.14597e+03  1.10707e+06  1.81717e-19  0.00000e+00  0.00000e+00  4.92595e-07
0428  8.94692e+18  1.15616e+03  1.11649e+06  1.78076e-19  0.00000e+00  0.00000e+00  4.90570e-07
0429  8.96533e+18  1.16613e+03  1.12574e+06  1.74566e-19  0.00000e+00  0.00000e+00  4.88556e-07
0430  8.98375e+18  1.17590e+03  1.13481e+06  1.71180e-19  0.00000e+00  0.00000e+00  4.86555e-07
0431  9.00216e+18  1.18552e+03  1.14370e+06  1.67937e-19  0.00000e+00  0.00000e+00  4.84567e-07
0432  9.02058e+18  1.19502e+03  1.15240e+06  1.64891e-19  0.00000e+00  0.00000e+00  4.82590e-07
0433  9.03900e+18  1.20442e+03  1.16091e+06  1.61944e-19  0.00000e+00  0.00000e+00  4.80626e-07
0434  9.05741e+18  1.21376e+03  1.16924e+06  1.59089e-19  0.00000e+00  0.00000e+00  4.78674e-07
0435  9.07583e+18  1.22307e+03  1.17738e+06  1.56320e-19  0.00000e+00  0.00000e+00  4.76733e-07
0436  9.09424e+18  1.23238e+03  1.18537e+06  1.53629e-19  0.00000e+00  0.00000e+00  4.74804e-07
0437  9.11266e+18  1.24173e+03  1.19322e+06  1.51007e-19  0.00000e+00  0.00000e+00  4.72887e-07
0438  9.13107e+18  1.25116e+03  1.20098e+06  1.48620e-19  0.00000e+00  0.00000e+00  4.70982e-07
0439  9.14949e+18  1.26070e+03  1.20865e+06  1.46445e-19  0.00000e+00  0.00000e+00  4.69088e-07
0440  9.16790e+18  1.27038e+03  1.21622e+06  1.44311e-19  0.00000e+00  0.00000e+00  4.67205e-07
0441  9.18632e+18  1.28018e+03  1.22367e+06  1.42217e-19  0.00000e+00  0.00000e+00  4.65334e-07
0442  9.20474e+18  1.29009e+03  1.23098e+06  1.40165e-19  0.00000e+00  0.00000e+00  4.63474e-07
0443  9.22315e+18  1.30009e+03  1.23814e+06  1.38154e-19  0.00000e+00  0.00000e+00  4.61625e-07
0444  9.24157e+18  1.31015e+03  1.24512e+06  1.36186e-19  0.00000e+00  0.00000e+00  4.59787e-07
0445  9.25998e+18  1.32024e+03  1.25192e+06  1.34260e-19  0.00000e+00  0.00000e+00  4.57960e-07
0446  9.27840e+18  1.33038e+03  1.25852e+06  1.32375e-19  0.00000e+00  0.00000e+00  4.56144e-07
0447  9.29681e+18  1.34055e+03  1.26493e+06  1.30531e-19  0.00000e+00  0.00000e+00  4.54338e-07
0448  9.31523e+18  1.35074e+03  1.27113e+06  1.28726e-19  0.00000e+00  0.00000e+00  4.52544e-07
0449  9.33364e+18  1.36095e+03  1.27713e+06  1.26959e-19  0.00000e+00  0.00000e+00  4.50760e-07
0450  9.35206e+18  1.37117e+03  1.28294e+06  1.25228e-19  0.00000e+00  0.00000e+00  4.48986e-07
0451  9.37048e+18  1.38138e+03  1.28856e+06  1.23533e-19  0.00000e+00  0.00000e+00  4.47223e-07
0452  9.38889e+18  1.39158e+03  1.29399e+06  1.21871e-19  0.00000e+00  0.00000e+00  4.45470e-07
0453  9.40731e+18  1.40177e+03  1.29924e+06  1.20243e-19  0.00000e+00  0.00000e+00  4.43728e-07
0454  9.42572e+18  1.41193e+03  1.30431e+06  1.18646e-19  0.00000e+00  0.00000e+00  4.41996e-07
0455  9.44414e+18  1.42206e+03  1.30922e+06  1.17080e-19  0.00000e+00  0.00000e+00  4.40274e-07
0456  9.46255e+18  1.43216e+03  1.31396e+06  1.15544e-19  0.00000e+00  0.00000e+00  4.38562e-07
0457  9.48097e+18  1.44223e+03  1.31854e+06  1.14037e-19  0.00000e+00  0.00000e+00  4.36860e-07
0458  9.49939e+18  1.45225e+03  1.32296e+06  1.12558e-19  0.00000e+00  0.00000e+00  4.35168e-07
0459  9.51780e+18  1.46224e+03  1.32724e+06  1.11105e-19  0.00000e+00  0.00000e+00  4.33485e-07
0460  9.53622e+18  1.47218e+03  1.33139e+06  1.09678e-19  0.00000e+00  0.00000e+00  4.31813e-07
0461  9.55463e+18  1.48209e+03  1.33542e+06  1.08275e-19  0.00000e+00  0.00000e+00  4.30150e-07
0462  9.57305e+18  1.49194e+03  1.33937e+06  1.06894e-19  0.00000e+00  0.00000e+00  4.28496e-07
0463  9.59146e+18  1.50173e+03  1.34328e+06  1.05531e-19  0.00000e+00  0.00000e+00  4.26853e-07
0464  9.60988e+18  1.51146e+03  1.34713e+06  1.04295e-19  0.00000e+00  0.00000e+00  4.25218e-07
0465  9.62829e+18  1.52114e+03  1.35094e+06  1.03073e-19  0.00000e+00  0.00000e+00  4.23593e-07
0466  9.64671e+18  1.53074e+03  1.35470e+06  1.01865e-19  0.00000e+00  0.00000e+00  4.21977e-07
0467  9.66513e+18  1.54023e+03  1.35842e+06  1.00673e-19  0.00000e+00  0.00000e+00  4.20371e-07
0468  9.68354e+18  1.54960e+03  1.36210e+06  9.94965e-20  0.00000e+00  0.00000e+00  4.18773e-07
0469  9.70196e+18  1.55884e+03  1.36575e+06  9.83363e-20  0.00000e+00  0.00000e+00  4.17185e-07
0470  9.72037e+18  1.56795e+03  1.36935e+06  9.71926e-20  0.00000e+00  0.00000e+00  4.15606e-07
0471  9.73879e+18  1.57692e+03  1.37291e+06  9.60654e-20  0.00000e+00  0.00000e+00  4.14036e-07
0472  9.75720e+18  1.58577e+03  1.37643e+06  9.49548e-20  0.00000e+00  0.00000e+00  4.12474e-07
0473  9.77562e+18  1.59450e+03  1.37991e+06  9.38605e-20  0.00000e+00  0.00000e+00  4.10922e-07
0474  9.79403e+18  1.60311e+03  1.38335e+06  9.27824e-20  0.00000e+00  0.00000e+00  4.09378e-07
0475  9.81245e+18  1.61162e+03  1.38673e+06  9.17201e-20  0.00000e+00  0.00000e+00  4.07843e-07
0476  9.83087e+18  1.62004e+03  1.39007e+06  9.06733e-20  0.00000e+00  0.00000e+00  4.06316e-07
0477  9.84928e+18  1.62838e+03  1.39336e+06  8.96417e-20  0.00000e+00  0.00000e+00  4.04798e-07
0478  9.86770e+18  1.63664e+03  1.39659e+06  8.86251e-20  0.00000e+00  0.00000e+00  4.03289e-07
0479  9.88611e+18  1.64484e+03  1.39977e+06  8.76230e-20  0.00000e+00  0.00000e+00  4.01788e-07
0480  9.90453e+18  1.65298e+03  1.40289e+06  8.66353e-20  0.00000e+00  0.00000e+00  4.00295e-07
0481  9.92294e+18  1.66105e+03  1.40595e+06  8.56617e-20  0.00000e+00  0.00000e+00  3.98810e-07
0482  9.94136e+18  1.66907e+03  1.40896e+06  8.47021e-20  0.00000e+00  0.00000e+00  3.97334e-07
0483  9.95977e+18  1.67702e+03  1.41192e+06  8.37563e-20  0.00000e+00  0.00000e+00  3.95866e-07
0484  9.97819e+18  1.68491e+03  1.41483e+06  8.28242e-20  0.00000e+00  0.00000e+00  3.94406e-07
0485  9.99661e+18  1.69273e+03  1.41768e+06  8.19057e-20  0.00000e+00  0.00000e+00  3.92955e-07
0486  1.00150e+19  1.70048e+03  1.42049e+06  8.10007e-20  0.00000e+00  0.00000e+00  3.91511e-07
0487  1.00334e+19  1.70816e+03  1.42325e+06  8.01091e-20  0.00000e+00  0.00000e+00  3.90075e-07
0488  1.00519e+19  1.71575e+03  1.42597e+06  7.92308e-20  0.00000e+00  0.00000e+00  3.88647e-07
0489  1.00703e+19  1.72325e+03  1.42865e+06  7.83658e-20  0.00000e+00  0.00000e+00  3.87227e-07
0490  1.00887e+19  1.73067e+03  1.43130e+06  7.75139e-20  0.00000e+00  0.00000e+00  3.85814e-07
0491  1.01071e+19  1.73799e+03  1.43390e+06  7.66751e-20  0.00000e+00  0.00000e+00  3.84410e-07
0492  1.01255e+19  1.74522e+03  1.43647e+06  7.58490e-20  0.00000e+00  0.00000e+00  3.83013e-07
0493  1.01439e+19  1.75237e+03  1.43900e+06  7.50355e-20  0.00000e+00  0.00000e+00  3.81623e-07
0494  1.01623e+19  1.75943e+03  1.44150e+06  7.42342e-20  0.00000e+00  0.00000e+00  3.80242e-07
0495  1.01808e+19  1.76640e+03  1.44396e+06  7.34451e-20  0.00000e+00  0.00000e+00  3.78867e-07
0496  1.01992e+19  1.77329e+03  1.44639e+06  7.26676e-20  0.00000e+00  0.00000e+00  3.77500e-07
0497  1.02176e+19  1.78011e+03  1.44880e+06  7.19014e-20  0.00000e+00  0.00000e+00  3.76141e-07
0498  1.02360e+19  1.78686e+03  1.45117e+06  7.11463e-20  0.00000e+00  0.00000e+00  3.74789e-07
0499  1.02544e+19  1.79355e+03  1.45352e+06  7.04018e-20  0.00000e+00  0.00000e+00  3.73444e-07
0500  1.02728e+19  1.80018e+03  1.45584e+06  6.96681e-20  0.00000e+00  0.00000e+00  3.72106e-07
0501  1.02913e+19  1.80674e+03  1.45813e+06  6.88287e-20  0.00000e+00  0.00000e+00  3.70775e-07
0502  1.03097e+19  1.81325e+03  1.46039e+06  6.81791e-20  0.00000e+00  0.00000e+00  3.69452e-07
0503  1.03281e+19  1.81972e+03  1.46263e+06  6.75367e-20  0.00000e+00  0.00000e+00  3.68136e-07
0504  1.03465e+19  1.82614e+03  1.46486e+06  6.69012e-20  0.00000e+00  0.00000e+00  3.66826e-07
0505  1.03649e+19  1.83252e+03  1.46706e+06  6.62727e-20  0.00000e+00  0.00000e+00  3.65524e-07
0506  1.03833e+19  1.83885e+03  1.46925e+06  6.56512e-20  0.00000e+00  0.00000e+00  3.64229e-07
0507  1.04017e+19  1.84513e+03  1.47141e+06  6.50367e-20  0.00000e+00  0.00000e+00  3.62940e-07
0508  1.04202e+19  1.85136e+03  1.47354e+06  6.44292e-20  0.00000e+00  0.00000e+00  3.61658e-07
0509  1.04386e+19  1.85754e+03  1.47566e+06  6.38286e-20  0.00000e+00  0.00000e+00  3.60383e-07
0510  1.04570e+19  1.86367e+03  1.47775e+06  6.32350e-20  0.00000e+00  0.00000e+00  3.59115e-07
0511  1.04754e+19  1.86974e+03  1.47982e+06  6.26482e-20  0.00000e+00  0.00000e+00  3.57854e-07
0512  1.04938e+19  1.87577e+03  1.48187e+06  6.20682e-20  0.00000e+00  0.00000e+00  3.56599e-07
0513  1.05122e+19  1.88174e+03  1.48390e+06  6.14948e-20  0.00000e+00  0.00000e+00  3.55350e-07
0514  1.05307e+19  1.88767e+03  1.48591e+06  6.09281e-20  0.00000e+00  0.00000e+00  3.54109e-07
0515  1.05491e+19  1.89355e+03  1.48790e+06  6.03679e-20  0.00000e+00  0.00000e+00  3.52873e-07
0516  1.05675e+19  1.89937e+03  1.48987e+06  5.98142e-20  0.00000e+00  0.00000e+00  3.51645e-07
0517  1.05859e+19  1.90515e+03  1.49181e+06  5.92670e-20  0.00000e+00  0.00000e+00  3.50422e-07
0518  1.06043e+19  1.91087e+03  1.49374e+06  5.87262e-20  0.00000e+00  0.00000e+00  3.49206e-07
0519  1.06227e+19  1.91654e+03  1.49565e+06  5.81918e-20  0.00000e+00  0.00000e+00  3.47996e-07
0520  1.06412e+19  1.92216e+03  1.49753e+06  5.76638e-20  0.00000e+00  0.00000e+00  3.46793e-07
0521  1.06596e+19  1.92771e+03  1.49939e+06  5.71422e-20  0.00000e+00  0.00000e+00  3.45596e-07
0522  1.06780e+19  1.93321e+03  1.50122e+06  5.66271e-20  0.00000e+00  0.00000e+00  3.44405e-07
0523  1.06964e+19  1.93864e+03  1.50301e+06  5.61184e-20  0.00000e+00  0.00000e+00  3.43220e-07
0524  1.07148e+19  1.94401e+03  1.50478e+06  5.56162e-20  0.00000e+00  0.00000e+00  3.42041e-07
0525  1.07332e+19  1.94930e+03  1.50650e+06  5.51207e-20  0.00000e+00  0.00000e+00  3.40868e-07
0526  1.07516e+19  1.95451e+03  1.50818e+06  5.46317e-20  0.00000e+00  0.00000e+00  3.39702e-07
0527  1.07701e+19  1.95964e+03  1.50982e+06  5.41495e-20  0.00000e+00  0.00000e+00  3.38541e-07
0528  1.07885e+19  1.96469e+03  1.51140e+06  5.36740e-20  0.00000e+00  0.00000e+00  3.37386e-07
0529  1.08069e+19  1.96965e+03  1.51293e+06  5.32053e-20  0.00000e+00  0.00000e+00  3.36237e-07
0530  1.08253e+19  1.97451e+03  1.51439e+06  5.27434e-20  0.00000e+00  0.00000e+00  3.35094e-07
0531  1.08437e+19  1.97928e+03  1.51580e+06  5.22883e-20  0.00000e+00  0.00000e+00  3.33957e-07
0532  1.08621e+19  1.98395e+03  1.51714e+06  5.18399e-20  0.00000e+00  0.00000e+00  3.32826e-07
0533  1.08806e+19  1.98852e+03  1.51841e+06  5.13983e-20  0.00000e+00  0.00000e+00  3.31700e-07
0534  1.08990e+19  1.99299e+03  1.51962e+06  5.09633e-20  0.00000e+00  0.00000e+00  3.30580e-07
0535  1.09174e+19  1.99736e+03  1.52076e+06  5.05348e-20  0.00000e+00  0.00000e+00  3.29466e-07
0536  1.09358e+19  2.00163e+03  1.52184e+06  5.01127e-20  0.00000e+00  0.00000e+00  3.28357e-07
0537  1.09542e+19  2.00580e+03  1.52285e+06  4.96968e-20  0.00000e+00  0.00000e+00  3.27254e-07
0538  1.09726e+19  2.00988e+03  1.52380e+06  4.92872e-20  0.00000e+00  0.00000e+00  3.26156e-07
0539  1.09910e+19  2.01387e+03  1.52468e+06  4.88835e-20  0.00000e+00  0.00000e+00  3.25064e-07
0540  1.10095e+19  2.01776e+03  1.52551e+06  4.84857e-20  0.00000e+00  0.00000e+00  3.23978e-07
0541  1.10279e+19  2.02157e+03  1.52627e+06  4.80938e-20  0.00000e+00  0.00000e+00  3.22897e-07
0542  1.10463e+19  2.02528e+03  1.52698e+06  4.77075e-20  0.00000e+00  0.00000e+00  3.21821e-07
0543  1.10647e+19  2.02890e+03  1.52763e+06  4.73267e-20  0.00000e+00  0.00000e+00  3.20751e-07
0544  1.10831e+19  2.03243e+03  1.52823e+06  4.69514e-20  0.00000e+00  0.00000e+00  3.19686e-07
0545  1.11015e+19  2.03588e+03  1.52877e+06  4.65814e-20  0.00000e+00  0.00000e+00  3.18626e-07
0546  1.11200e+19  2.03925e+03  1.52926e+06  4.62165e-20  0.00000e+00  0.00000e+00  3.17571e-07
0547  1.11384e+19  2.04255e+03  1.52971e+06  4.58566e-20  0.00000e+00  0.00000e+00  3.16522e-07
0548  1.11568e+19  2.04577e+03  1.53011e+06  4.55014e-20  0.00000e+00  0.00000e+00  3.15478e-07
0549  1.11752e+19  2.04894e+03  1.53048e+06  4.51505e-20  0.00000e+00  0.00000e+00  3.14439e-07
0550  1.11936e+19  2.05205e+03  1.53082e+06  4.48039e-20  0.00000e+00  0.00000e+00  3.13405e-07
0551  1.12120e+19  2.05514e+03  1.53114e+06  4.44609e-20  0.00000e+00  0.00000e+00  3.12377e-07
0552  1.12305e+19  2.05813e+03  1.53145e+06  4.41224e-20  0.00000e+00  0.00000e+00  3.11353e-07
0553  1.12489e+19  2.06140e+03  1.53177e+06  4.37828e-20  0.00000e+00  0.00000e+00  3.10335e-07
0554  1.12673e+19  2.06351e+03  1.53205e+06  4.34635e-20  0.00000e+00  0.00000e+00  3.09321e-07
0555  1.12857e+19  2.07220e+03  1.53259e+06  4.30487e-20  0.00000e+00  0.00000e+00  3.08312e-07
