# Athena++ data at time=1.526000e+13  cycle=1022575095  variables=uov 
# i       x1v         user_out_var0          user_out_var1          user_out_var2          user_out_var3          user_out_var4          user_out_var5      
0002  1.13875e+18  4.91745e+00  3.03478e+04  5.59999e-16  0.00000e+00  0.00000e+00  3.02826e-05
0003  1.15716e+18  1.03218e+01  4.00224e+04  8.70682e-17  0.00000e+00  0.00000e+00  2.93264e-05
0004  1.17558e+18  1.54636e+01  4.91676e+04  4.30157e-17  0.00000e+00  0.00000e+00  2.84148e-05
0005  1.19399e+18  2.23004e+01  6.13414e+04  6.27746e-17  0.00000e+00  0.00000e+00  2.75451e-05
0006  1.21241e+18  3.29236e+01  8.15990e+04  1.03476e-16  0.00000e+00  0.00000e+00  2.67147e-05
0007  1.23082e+18  5.31276e+01  1.23384e+05  1.29047e-16  0.00000e+00  0.00000e+00  2.59213e-05
0008  1.24924e+18  6.27572e+01  1.36872e+05  2.81812e-17  0.00000e+00  0.00000e+00  2.51628e-05
0009  1.26765e+18  6.77536e+01  1.43373e+05  2.26097e-17  0.00000e+00  0.00000e+00  2.44370e-05
0010  1.28607e+18  7.21109e+01  1.48194e+05  2.04176e-17  0.00000e+00  0.00000e+00  2.37422e-05
0011  1.30448e+18  7.54137e+01  1.50867e+05  1.48588e-17  0.00000e+00  0.00000e+00  2.30766e-05
0012  1.32290e+18  7.84609e+01  1.53364e+05  1.49510e-17  0.00000e+00  0.00000e+00  2.24386e-05
0013  1.34131e+18  8.15903e+01  1.55963e+05  1.49570e-17  0.00000e+00  0.00000e+00  2.18267e-05
0014  1.35973e+18  8.47007e+01  1.58586e+05  1.40253e-17  0.00000e+00  0.00000e+00  2.12395e-05
0015  1.37814e+18  8.75322e+01  1.60745e+05  1.22513e-17  0.00000e+00  0.00000e+00  2.06757e-05
0016  1.39656e+18  9.02154e+01  1.62802e+05  1.17374e-17  0.00000e+00  0.00000e+00  2.01340e-05
0017  1.41497e+18  9.28812e+01  1.64893e+05  1.14586e-17  0.00000e+00  0.00000e+00  1.96134e-05
0018  1.43339e+18  9.54909e+01  1.66991e+05  1.02843e-17  0.00000e+00  0.00000e+00  1.91126e-05
0019  1.45180e+18  9.74410e+01  1.67936e+05 -8.42291e-19  0.00000e+00  0.00000e+00  1.86309e-05
0020  1.47022e+18  9.97017e+01  1.69825e+05  1.02703e-17  0.00000e+00  0.00000e+00  1.81671e-05
0021  1.48863e+18  1.02341e+02  1.72120e+05  4.45118e-17  0.00000e+00  0.00000e+00  1.77204e-05
0022  1.50705e+18  1.04374e+02  1.73445e+05  7.54725e-18  0.00000e+00  0.00000e+00  1.72900e-05
0023  1.52546e+18  1.06316e+02  1.75006e+05  8.08459e-18  0.00000e+00  0.00000e+00  1.68750e-05
0024  1.54388e+18  1.08433e+02  1.76771e+05  8.32895e-18  0.00000e+00  0.00000e+00  1.64749e-05
0027  1.56229e+18  1.10560e+02  1.78616e+05  8.09565e-18  0.00000e+00  0.00000e+00  1.60888e-05
0028  1.58071e+18  1.12660e+02  1.80511e+05  7.90187e-18  0.00000e+00  0.00000e+00  1.57161e-05
0029  1.59912e+18  1.14756e+02  1.82480e+05  7.80400e-18  0.00000e+00  0.00000e+00  1.53562e-05
0030  1.61754e+18  1.16871e+02  1.84551e+05  7.77269e-18  0.00000e+00  0.00000e+00  1.50085e-05
0031  1.63595e+18  1.19028e+02  1.86756e+05  7.80384e-18  0.00000e+00  0.00000e+00  1.46726e-05
0032  1.65437e+18  1.21248e+02  1.89129e+05  7.85276e-18  0.00000e+00  0.00000e+00  1.43477e-05
0033  1.67278e+18  1.23486e+02  1.91614e+05  7.56218e-18  0.00000e+00  0.00000e+00  1.40336e-05
0034  1.69120e+18  1.25423e+02  1.93733e+05  6.49700e-18  0.00000e+00  0.00000e+00  1.37296e-05
0035  1.70961e+18  1.26978e+02  1.95486e+05  5.64857e-18  0.00000e+00  0.00000e+00  1.34354e-05
0036  1.72803e+18  1.28257e+02  1.96963e+05  5.18965e-18  0.00000e+00  0.00000e+00  1.31506e-05
0037  1.74644e+18  1.29518e+02  1.98537e+05  5.35177e-18  0.00000e+00  0.00000e+00  1.28747e-05
0038  1.76486e+18  1.30907e+02  2.00318e+05  5.59827e-18  0.00000e+00  0.00000e+00  1.26074e-05
0039  1.78328e+18  1.32411e+02  2.02298e+05  5.74232e-18  0.00000e+00  0.00000e+00  1.23484e-05
0040  1.80169e+18  1.33990e+02  2.04437e+05  5.81452e-18  0.00000e+00  0.00000e+00  1.20973e-05
0041  1.82011e+18  1.35623e+02  2.06719e+05  5.82175e-18  0.00000e+00  0.00000e+00  1.18537e-05
0042  1.83852e+18  1.37235e+02  2.09045e+05  5.58933e-18  0.00000e+00  0.00000e+00  1.16174e-05
0043  1.85694e+18  1.38764e+02  2.11323e+05  5.20204e-18  0.00000e+00  0.00000e+00  1.13882e-05
0044  1.87535e+18  1.41321e+02  2.15422e+05  5.89973e-18  0.00000e+00  0.00000e+00  1.11656e-05
0045  1.89377e+18  1.44406e+02  2.20795e+05  9.90688e-18  0.00000e+00  0.00000e+00  1.09495e-05
0046  1.91218e+18  1.42505e+02  2.17525e+05  3.83984e-18  0.00000e+00  0.00000e+00  1.07396e-05
0047  1.93060e+18  1.39999e+02  2.13298e+05  4.75552e-19  0.00000e+00  0.00000e+00  1.05357e-05
0048  1.94901e+18  1.40619e+02  2.14322e+05  1.12205e-18  0.00000e+00  0.00000e+00  1.03376e-05
0049  1.96743e+18  1.54838e+02  2.37469e+05  6.97756e-18  0.00000e+00  0.00000e+00  1.01449e-05
0050  1.98584e+18  1.68505e+02  2.62664e+05  2.43231e-17  0.00000e+00  0.00000e+00  9.95766e-06
0051  2.00426e+18  1.60753e+02  2.47697e+05 -3.78262e-18  0.00000e+00  0.00000e+00  9.77552e-06
0052  2.02267e+18  1.27306e+02  1.96903e+05 -6.02310e-17  0.00000e+00  0.00000e+00  9.59833e-06
0053  2.04109e+18  1.04964e+02  1.73999e+05 -8.31364e-18  0.00000e+00  0.00000e+00  9.42591e-06
0054  2.05951e+18  1.03152e+02  1.72505e+05  1.10854e-19  0.00000e+00  0.00000e+00  9.25810e-06
0055  2.07792e+18  1.02875e+02  1.72279e+05  1.52628e-18  0.00000e+00  0.00000e+00  9.09473e-06
0056  2.09634e+18  1.03831e+02  1.73014e+05  2.43437e-18  0.00000e+00  0.00000e+00  8.93564e-06
0057  2.11475e+18  1.05872e+02  1.74644e+05  2.20684e-18  0.00000e+00  0.00000e+00  8.78070e-06
0058  2.13317e+18  1.16205e+02  1.84265e+05 -2.40998e-17  0.00000e+00  0.00000e+00  8.62975e-06
0059  2.15158e+18  2.52366e+02  4.61679e+05  1.11286e-16  0.00000e+00  0.00000e+00  8.48265e-06
0060  2.17000e+18  5.79245e+02  9.69392e+05  4.28626e-17  0.00000e+00  0.00000e+00  8.33929e-06
0061  2.18841e+18  8.03202e+02  1.34460e+06  2.51271e-17  0.00000e+00  0.00000e+00  8.19953e-06
0062  2.20683e+18  8.12328e+02  1.36148e+06  2.42339e-17  0.00000e+00  0.00000e+00  8.06326e-06
0063  2.22524e+18  7.80406e+02  1.31543e+06  2.31569e-17  0.00000e+00  0.00000e+00  7.93035e-06
0064  2.24366e+18  6.67490e+02  1.14563e+06  2.36547e-17  0.00000e+00  0.00000e+00  7.80071e-06
0065  2.26207e+18  3.51847e+02  6.54642e+05  7.05224e-17  0.00000e+00  0.00000e+00  7.67421e-06
0066  2.28049e+18  1.28069e+02  1.99595e+05 -9.65867e-17  0.00000e+00  0.00000e+00  7.55077e-06
0067  2.29891e+18  9.77578e+01  1.68309e+05 -1.17670e-17  0.00000e+00  0.00000e+00  7.43029e-06
0068  2.31732e+18  9.79952e+01  1.68385e+05  7.03655e-19  0.00000e+00  0.00000e+00  7.31266e-06
0069  2.33574e+18  9.90704e+01  1.69279e+05  1.92757e-18  0.00000e+00  0.00000e+00  7.19781e-06
0070  2.35415e+18  1.00485e+02  1.70510e+05  1.64371e-18  0.00000e+00  0.00000e+00  7.08564e-06
0071  2.37257e+18  1.01937e+02  1.71825e+05  1.05261e-18  0.00000e+00  0.00000e+00  6.97607e-06
0072  2.39098e+18  1.03686e+02  1.72933e+05 -7.64478e-19  0.00000e+00  0.00000e+00  6.86902e-06
0073  2.40940e+18  1.06832e+02  1.75515e+05 -3.79758e-18  0.00000e+00  0.00000e+00  6.76442e-06
0074  2.42781e+18  1.12545e+02  1.80606e+05 -8.21297e-18  0.00000e+00  0.00000e+00  6.66219e-06
0075  2.44623e+18  1.20205e+02  1.88288e+05 -8.67306e-18  0.00000e+00  0.00000e+00  6.56226e-06
0076  2.46464e+18  1.26035e+02  1.94580e+05 -3.26929e-18  0.00000e+00  0.00000e+00  6.46456e-06
0077  2.48306e+18  1.28331e+02  1.97085e+05  3.80458e-19  0.00000e+00  0.00000e+00  6.36903e-06
0078  2.50147e+18  1.28777e+02  1.97604e+05  1.26112e-18  0.00000e+00  0.00000e+00  6.27560e-06
0079  2.51989e+18  1.29002e+02  1.97874e+05  1.51203e-18  0.00000e+00  0.00000e+00  6.18421e-06
0080  2.53831e+18  1.29417e+02  1.98386e+05  1.71931e-18  0.00000e+00  0.00000e+00  6.09480e-06
0081  2.55672e+18  1.30032e+02  1.99165e+05  1.73578e-18  0.00000e+00  0.00000e+00  6.00732e-06
0082  2.57514e+18  1.30496e+02  1.99780e+05  1.34383e-18  0.00000e+00  0.00000e+00  5.92171e-06
0083  2.59355e+18  1.30902e+02  2.00318e+05  1.06032e-18  0.00000e+00  0.00000e+00  5.83791e-06
0084  2.61197e+18  1.30813e+02  2.00223e+05  6.50653e-19  0.00000e+00  0.00000e+00  5.75588e-06
0085  2.63038e+18  1.30047e+02  1.99264e+05  1.10506e-19  0.00000e+00  0.00000e+00  5.67557e-06
0086  2.64880e+18  1.30341e+02  1.99595e+05  9.13865e-19  0.00000e+00  0.00000e+00  5.59693e-06
0087  2.66721e+18  1.49990e+02  2.29274e+05  7.16942e-18  0.00000e+00  0.00000e+00  5.51991e-06
0088  2.68563e+18  2.53956e+02  4.05480e+05  9.59692e-17  0.00000e+00  0.00000e+00  5.44447e-06
0089  2.70404e+18  4.38507e+02  6.27395e+05  6.12036e-17  0.00000e+00  0.00000e+00  5.37056e-06
0090  2.72246e+18  5.78625e+02  8.02664e+05  3.54510e-17  0.00000e+00  0.00000e+00  5.29815e-06
0091  2.74088e+18  6.76314e+02  9.23895e+05  2.56939e-17  0.00000e+00  0.00000e+00  5.22720e-06
0092  2.75929e+18  7.51168e+02  1.01574e+06  2.13195e-17  0.00000e+00  0.00000e+00  5.15766e-06
0093  2.77771e+18  8.13327e+02  1.09154e+06  1.86570e-17  0.00000e+00  0.00000e+00  5.08950e-06
0094  2.79612e+18  8.67404e+02  1.15797e+06  1.67459e-17  0.00000e+00  0.00000e+00  5.02268e-06
0095  2.81454e+18  9.15455e+02  1.21791e+06  1.52616e-17  0.00000e+00  0.00000e+00  4.95717e-06
0096  2.83295e+18  9.59680e+02  1.27426e+06  1.43462e-17  0.00000e+00  0.00000e+00  4.89293e-06
0097  2.85137e+18  1.00111e+03  1.32729e+06  1.34411e-17  0.00000e+00  0.00000e+00  4.82993e-06
0098  2.86978e+18  1.04016e+03  1.37826e+06  1.27605e-17  0.00000e+00  0.00000e+00  4.76814e-06
0099  2.88820e+18  1.07750e+03  1.42760e+06  1.22213e-17  0.00000e+00  0.00000e+00  4.70753e-06
0100  2.90661e+18  1.11332e+03  1.47547e+06  1.16971e-17  0.00000e+00  0.00000e+00  4.64807e-06
0101  2.92503e+18  1.14774e+03  1.52197e+06  1.11929e-17  0.00000e+00  0.00000e+00  4.58973e-06
0102  2.94345e+18  1.18085e+03  1.56712e+06  1.07115e-17  0.00000e+00  0.00000e+00  4.53248e-06
0103  2.96186e+18  1.21278e+03  1.61117e+06  1.02977e-17  0.00000e+00  0.00000e+00  4.47629e-06
0104  2.98028e+18  1.24356e+03  1.65410e+06  9.90124e-18  0.00000e+00  0.00000e+00  4.42114e-06
0105  2.99869e+18  1.27330e+03  1.69635e+06  9.57655e-18  0.00000e+00  0.00000e+00  4.36701e-06
0106  3.01711e+18  1.30208e+03  1.73797e+06  9.26483e-18  0.00000e+00  0.00000e+00  4.31386e-06
0107  3.03552e+18  1.32981e+03  1.77902e+06  8.95480e-18  0.00000e+00  0.00000e+00  4.26168e-06
0108  3.05394e+18  1.35641e+03  1.81944e+06  8.64961e-18  0.00000e+00  0.00000e+00  4.21044e-06
0109  3.07235e+18  1.38202e+03  1.85949e+06  8.39169e-18  0.00000e+00  0.00000e+00  4.16011e-06
0110  3.09077e+18  1.40666e+03  1.89898e+06  8.11298e-18  0.00000e+00  0.00000e+00  4.11069e-06
0111  3.10918e+18  1.43025e+03  1.93790e+06  7.84189e-18  0.00000e+00  0.00000e+00  4.06214e-06
0112  3.12760e+18  1.45280e+03  1.97618e+06  7.57947e-18  0.00000e+00  0.00000e+00  4.01444e-06
0113  3.14602e+18  1.47430e+03  2.01378e+06  7.32631e-18  0.00000e+00  0.00000e+00  3.96758e-06
0114  3.16443e+18  1.49479e+03  2.05069e+06  7.08277e-18  0.00000e+00  0.00000e+00  3.92154e-06
0115  3.18285e+18  1.51429e+03  2.08690e+06  6.85542e-18  0.00000e+00  0.00000e+00  3.87629e-06
0116  3.20126e+18  1.53288e+03  2.12239e+06  6.63839e-18  0.00000e+00  0.00000e+00  3.83182e-06
0117  3.21968e+18  1.55055e+03  2.15717e+06  6.42966e-18  0.00000e+00  0.00000e+00  3.78811e-06
0118  3.23809e+18  1.56731e+03  2.19122e+06  6.22864e-18  0.00000e+00  0.00000e+00  3.74515e-06
0119  3.25651e+18  1.58317e+03  2.22459e+06  6.03559e-18  0.00000e+00  0.00000e+00  3.70291e-06
0120  3.27492e+18  1.59813e+03  2.25730e+06  5.85036e-18  0.00000e+00  0.00000e+00  3.66138e-06
0121  3.29334e+18  1.61219e+03  2.28943e+06  5.67267e-18  0.00000e+00  0.00000e+00  3.62055e-06
0122  3.31176e+18  1.62536e+03  2.32101e+06  5.50222e-18  0.00000e+00  0.00000e+00  3.58040e-06
0123  3.33017e+18  1.63765e+03  2.35210e+06  5.33871e-18  0.00000e+00  0.00000e+00  3.54091e-06
0124  3.34859e+18  1.64911e+03  2.38275e+06  5.18181e-18  0.00000e+00  0.00000e+00  3.50207e-06
0125  3.36700e+18  1.65977e+03  2.41300e+06  5.03121e-18  0.00000e+00  0.00000e+00  3.46386e-06
0126  3.38542e+18  1.66969e+03  2.44289e+06  4.88660e-18  0.00000e+00  0.00000e+00  3.42628e-06
0127  3.40383e+18  1.67891e+03  2.47245e+06  4.74768e-18  0.00000e+00  0.00000e+00  3.38931e-06
0128  3.42225e+18  1.68749e+03  2.50168e+06  4.61416e-18  0.00000e+00  0.00000e+00  3.35293e-06
0129  3.44066e+18  1.69550e+03  2.53063e+06  4.48575e-18  0.00000e+00  0.00000e+00  3.31713e-06
0130  3.45908e+18  1.70299e+03  2.55931e+06  4.36447e-18  0.00000e+00  0.00000e+00  3.28191e-06
0131  3.47749e+18  1.71000e+03  2.58766e+06  4.24306e-18  0.00000e+00  0.00000e+00  3.24724e-06
0132  3.49591e+18  1.71658e+03  2.61570e+06  4.12625e-18  0.00000e+00  0.00000e+00  3.21312e-06
0133  3.51433e+18  1.72277e+03  2.64342e+06  4.01382e-18  0.00000e+00  0.00000e+00  3.17953e-06
0134  3.53274e+18  1.72862e+03  2.67083e+06  3.90553e-18  0.00000e+00  0.00000e+00  3.14647e-06
0135  3.55116e+18  1.73413e+03  2.69797e+06  3.80117e-18  0.00000e+00  0.00000e+00  3.11392e-06
0136  3.56957e+18  1.73933e+03  2.72487e+06  3.70053e-18  0.00000e+00  0.00000e+00  3.08188e-06
0137  3.58799e+18  1.74419e+03  2.75160e+06  3.60340e-18  0.00000e+00  0.00000e+00  3.05032e-06
0138  3.60640e+18  1.74873e+03  2.77823e+06  3.50960e-18  0.00000e+00  0.00000e+00  3.01925e-06
0139  3.62482e+18  1.75294e+03  2.80484e+06  3.41893e-18  0.00000e+00  0.00000e+00  2.98865e-06
0140  3.64323e+18  1.75682e+03  2.83148e+06  3.33123e-18  0.00000e+00  0.00000e+00  2.95851e-06
0141  3.66165e+18  1.76040e+03  2.85821e+06  3.24634e-18  0.00000e+00  0.00000e+00  2.92883e-06
0142  3.68007e+18  1.76371e+03  2.88505e+06  3.16412e-18  0.00000e+00  0.00000e+00  2.89959e-06
0143  3.69848e+18  1.76678e+03  2.91201e+06  3.08446e-18  0.00000e+00  0.00000e+00  2.87079e-06
0144  3.71690e+18  1.76966e+03  2.93907e+06  3.00724e-18  0.00000e+00  0.00000e+00  2.84241e-06
0145  3.73531e+18  1.77238e+03  2.96621e+06  2.93238e-18  0.00000e+00  0.00000e+00  2.81445e-06
0146  3.75373e+18  1.77496e+03  2.99336e+06  2.85955e-18  0.00000e+00  0.00000e+00  2.78690e-06
0147  3.77214e+18  1.77741e+03  3.02045e+06  2.78879e-18  0.00000e+00  0.00000e+00  2.75976e-06
0148  3.79056e+18  1.77974e+03  3.04740e+06  2.72026e-18  0.00000e+00  0.00000e+00  2.73301e-06
0149  3.80897e+18  1.78192e+03  3.07414e+06  2.65391e-18  0.00000e+00  0.00000e+00  2.70665e-06
0150  3.82739e+18  1.78392e+03  3.10060e+06  2.58971e-18  0.00000e+00  0.00000e+00  2.68066e-06
0151  3.84581e+18  1.78570e+03  3.12670e+06  2.52761e-18  0.00000e+00  0.00000e+00  2.65505e-06
0152  3.86422e+18  1.78721e+03  3.15240e+06  2.46756e-18  0.00000e+00  0.00000e+00  2.62981e-06
0153  3.88264e+18  1.78838e+03  3.17769e+06  2.40949e-18  0.00000e+00  0.00000e+00  2.60492e-06
0154  3.90105e+18  1.78924e+03  3.20248e+06  2.35337e-18  0.00000e+00  0.00000e+00  2.58038e-06
0155  3.91947e+18  1.78969e+03  3.22686e+06  2.29904e-18  0.00000e+00  0.00000e+00  2.55619e-06
0156  3.93788e+18  1.78973e+03  3.25082e+06  2.24608e-18  0.00000e+00  0.00000e+00  2.53234e-06
0157  3.95630e+18  1.78940e+03  3.27440e+06  2.19482e-18  0.00000e+00  0.00000e+00  2.50882e-06
0158  3.97471e+18  1.78872e+03  3.29764e+06  2.14514e-18  0.00000e+00  0.00000e+00  2.48563e-06
0159  3.99313e+18  1.78775e+03  3.32059e+06  2.09695e-18  0.00000e+00  0.00000e+00  2.46275e-06
0160  4.01155e+18  1.78656e+03  3.34332e+06  2.05015e-18  0.00000e+00  0.00000e+00  2.44019e-06
0161  4.02996e+18  1.78521e+03  3.36588e+06  2.00465e-18  0.00000e+00  0.00000e+00  2.41794e-06
0162  4.04838e+18  1.78379e+03  3.38839e+06  1.96035e-18  0.00000e+00  0.00000e+00  2.39599e-06
0163  4.06679e+18  1.78246e+03  3.41109e+06  1.91710e-18  0.00000e+00  0.00000e+00  2.37434e-06
0164  4.08521e+18  1.78123e+03  3.43395e+06  1.87489e-18  0.00000e+00  0.00000e+00  2.35299e-06
0165  4.10362e+18  1.77963e+03  3.45606e+06  1.83405e-18  0.00000e+00  0.00000e+00  2.33191e-06
0166  4.12204e+18  1.77805e+03  3.47816e+06  1.79423e-18  0.00000e+00  0.00000e+00  2.31113e-06
0167  4.14045e+18  1.78074e+03  3.50862e+06  1.75229e-18  0.00000e+00  0.00000e+00  2.29061e-06
0168  4.15887e+18  1.78922e+03  3.55071e+06  1.70733e-18  0.00000e+00  0.00000e+00  2.27037e-06
0169  4.17728e+18  1.77905e+03  3.55589e+06  1.67667e-18  0.00000e+00  0.00000e+00  2.25040e-06
0170  4.19570e+18  1.74625e+03  3.51479e+06  1.66180e-18  0.00000e+00  0.00000e+00  2.23069e-06
0171  4.21412e+18  1.57518e+03  3.19302e+06  1.72420e-18  0.00000e+00  0.00000e+00  2.21123e-06
0172  4.23253e+18  9.32710e+02  1.90213e+06  1.11697e-18  0.00000e+00  0.00000e+00  2.19203e-06
0173  4.25095e+18  2.68253e+02  5.27687e+05  4.21902e-18  0.00000e+00  0.00000e+00  2.17308e-06
0174  4.26936e+18  9.73970e+01  1.78403e+05 -8.98524e-17  0.00000e+00  0.00000e+00  2.15438e-06
0175  4.28778e+18  8.13598e+01  1.56043e+05 -3.95407e-18  0.00000e+00  0.00000e+00  2.13591e-06
0176  4.30619e+18  8.21561e+01  1.56440e+05  1.11869e-19  0.00000e+00  0.00000e+00  2.11768e-06
0177  4.32461e+18  8.61398e+01  1.59473e+05  2.86244e-18  0.00000e+00  0.00000e+00  2.09968e-06
0178  4.34302e+18  9.23629e+01  1.64230e+05  2.59558e-18  0.00000e+00  0.00000e+00  2.08191e-06
0179  4.36144e+18  9.87749e+01  1.68871e+05  1.35865e-18  0.00000e+00  0.00000e+00  2.06437e-06
0180  4.37986e+18  1.04929e+02  1.73608e+05  1.74958e-18  0.00000e+00  0.00000e+00  2.04705e-06
0181  4.39827e+18  1.11620e+02  1.79187e+05  1.86012e-18  0.00000e+00  0.00000e+00  2.02994e-06
0182  4.41669e+18  1.20833e+02  1.87993e+05  2.41461e-18  0.00000e+00  0.00000e+00  2.01305e-06
0183  4.43510e+18  1.37736e+02  2.08739e+05  2.02668e-18  0.00000e+00  0.00000e+00  1.99637e-06
0184  4.45352e+18  1.74132e+02  2.60617e+05  8.75699e-18  0.00000e+00  0.00000e+00  1.97989e-06
0185  4.47193e+18  2.44841e+02  3.50549e+05  1.78519e-17  0.00000e+00  0.00000e+00  1.96362e-06
0186  4.49035e+18  3.42472e+02  4.56020e+05  1.49959e-17  0.00000e+00  0.00000e+00  1.94754e-06
0187  4.50876e+18  4.37972e+02  5.52489e+05  1.05429e-17  0.00000e+00  0.00000e+00  1.93167e-06
0188  4.52718e+18  5.17800e+02  6.30677e+05  7.94658e-18  0.00000e+00  0.00000e+00  1.91598e-06
0189  4.54560e+18  5.83662e+02  6.92038e+05  6.42494e-18  0.00000e+00  0.00000e+00  1.90049e-06
0190  4.56401e+18  6.39698e+02  7.41413e+05  5.43628e-18  0.00000e+00  0.00000e+00  1.88519e-06
0191  4.58243e+18  6.89319e+02  7.83226e+05  4.80010e-18  0.00000e+00  0.00000e+00  1.87006e-06
0192  4.60084e+18  7.34703e+02  8.19877e+05  4.33042e-18  0.00000e+00  0.00000e+00  1.85512e-06
0193  4.61926e+18  7.76973e+02  8.52782e+05  3.94611e-18  0.00000e+00  0.00000e+00  1.84036e-06
0194  4.63767e+18  8.16857e+02  8.82900e+05  3.64009e-18  0.00000e+00  0.00000e+00  1.82577e-06
0195  4.65609e+18  8.54796e+02  9.10750e+05  3.37792e-18  0.00000e+00  0.00000e+00  1.81136e-06
0196  4.67450e+18  8.90976e+02  9.36613e+05  3.14807e-18  0.00000e+00  0.00000e+00  1.79712e-06
0197  4.69292e+18  9.25625e+02  9.60784e+05  2.94472e-18  0.00000e+00  0.00000e+00  1.78304e-06
0198  4.71134e+18  9.59202e+02  9.83802e+05  2.80453e-18  0.00000e+00  0.00000e+00  1.76913e-06
0199  4.72975e+18  9.91958e+02  1.00573e+06  2.66934e-18  0.00000e+00  0.00000e+00  1.75538e-06
0200  4.74817e+18  1.02390e+03  1.02668e+06  2.54406e-18  0.00000e+00  0.00000e+00  1.74179e-06
0201  4.76658e+18  1.05510e+03  1.04678e+06  2.43296e-18  0.00000e+00  0.00000e+00  1.72836e-06
0202  4.78500e+18  1.08561e+03  1.06606e+06  2.33170e-18  0.00000e+00  0.00000e+00  1.71508e-06
0203  4.80341e+18  1.11544e+03  1.08457e+06  2.23653e-18  0.00000e+00  0.00000e+00  1.70195e-06
0204  4.82183e+18  1.14457e+03  1.10234e+06  2.14710e-18  0.00000e+00  0.00000e+00  1.68898e-06
0205  4.84024e+18  1.17300e+03  1.11936e+06  2.06309e-18  0.00000e+00  0.00000e+00  1.67615e-06
0206  4.85866e+18  1.20070e+03  1.13566e+06  1.98416e-18  0.00000e+00  0.00000e+00  1.66347e-06
0207  4.87708e+18  1.22768e+03  1.15126e+06  1.91138e-18  0.00000e+00  0.00000e+00  1.65093e-06
0208  4.89549e+18  1.25400e+03  1.16623e+06  1.84687e-18  0.00000e+00  0.00000e+00  1.63853e-06
0209  4.91391e+18  1.27977e+03  1.18064e+06  1.79293e-18  0.00000e+00  0.00000e+00  1.62627e-06
0210  4.93232e+18  1.30504e+03  1.19449e+06  1.74085e-18  0.00000e+00  0.00000e+00  1.61415e-06
0211  4.95074e+18  1.32978e+03  1.20781e+06  1.69065e-18  0.00000e+00  0.00000e+00  1.60217e-06
0212  4.96915e+18  1.35401e+03  1.22061e+06  1.64230e-18  0.00000e+00  0.00000e+00  1.59031e-06
0213  4.98757e+18  1.37771e+03  1.23290e+06  1.59579e-18  0.00000e+00  0.00000e+00  1.57859e-06
0214  5.00598e+18  1.40089e+03  1.24472e+06  1.55106e-18  0.00000e+00  0.00000e+00  1.56700e-06
0215  5.02440e+18  1.42355e+03  1.25607e+06  1.50806e-18  0.00000e+00  0.00000e+00  1.55553e-06
0216  5.04282e+18  1.44572e+03  1.26699e+06  1.46672e-18  0.00000e+00  0.00000e+00  1.54419e-06
0217  5.06123e+18  1.46739e+03  1.27751e+06  1.42698e-18  0.00000e+00  0.00000e+00  1.53298e-06
0218  5.07965e+18  1.48859e+03  1.28764e+06  1.38876e-18  0.00000e+00  0.00000e+00  1.52188e-06
0219  5.09806e+18  1.50934e+03  1.29742e+06  1.35273e-18  0.00000e+00  0.00000e+00  1.51091e-06
0220  5.11648e+18  1.52968e+03  1.30688e+06  1.31873e-18  0.00000e+00  0.00000e+00  1.50005e-06
0221  5.13489e+18  1.54963e+03  1.31605e+06  1.28585e-18  0.00000e+00  0.00000e+00  1.48931e-06
0222  5.15331e+18  1.56920e+03  1.32495e+06  1.25407e-18  0.00000e+00  0.00000e+00  1.47868e-06
0223  5.17172e+18  1.58839e+03  1.33361e+06  1.22333e-18  0.00000e+00  0.00000e+00  1.46817e-06
0224  5.19014e+18  1.60722e+03  1.34203e+06  1.19313e-18  0.00000e+00  0.00000e+00  1.45777e-06
0225  5.20856e+18  1.62571e+03  1.35027e+06  1.16536e-18  0.00000e+00  0.00000e+00  1.44748e-06
0226  5.22697e+18  1.64390e+03  1.35832e+06  1.13840e-18  0.00000e+00  0.00000e+00  1.43730e-06
0227  5.24539e+18  1.66178e+03  1.36623e+06  1.11221e-18  0.00000e+00  0.00000e+00  1.42723e-06
0228  5.26380e+18  1.67937e+03  1.37399e+06  1.08678e-18  0.00000e+00  0.00000e+00  1.41726e-06
0229  5.28222e+18  1.69667e+03  1.38162e+06  1.06208e-18  0.00000e+00  0.00000e+00  1.40739e-06
0230  5.30063e+18  1.71370e+03  1.38912e+06  1.03810e-18  0.00000e+00  0.00000e+00  1.39763e-06
0231  5.31905e+18  1.73044e+03  1.39652e+06  1.01480e-18  0.00000e+00  0.00000e+00  1.38797e-06
0232  5.33746e+18  1.74692e+03  1.40381e+06  9.92182e-19  0.00000e+00  0.00000e+00  1.37841e-06
0233  5.35588e+18  1.76313e+03  1.41099e+06  9.70217e-19  0.00000e+00  0.00000e+00  1.36894e-06
0234  5.37430e+18  1.77907e+03  1.41809e+06  9.48886e-19  0.00000e+00  0.00000e+00  1.35958e-06
0235  5.39271e+18  1.79473e+03  1.42510e+06  9.28177e-19  0.00000e+00  0.00000e+00  1.35031e-06
0236  5.41113e+18  1.81009e+03  1.43201e+06  9.07008e-19  0.00000e+00  0.00000e+00  1.34113e-06
0237  5.42954e+18  1.82519e+03  1.43885e+06  8.89363e-19  0.00000e+00  0.00000e+00  1.33205e-06
0238  5.44796e+18  1.84006e+03  1.44563e+06  8.72115e-19  0.00000e+00  0.00000e+00  1.32306e-06
0239  5.46637e+18  1.85470e+03  1.45235e+06  8.55258e-19  0.00000e+00  0.00000e+00  1.31416e-06
0240  5.48479e+18  1.86910e+03  1.45901e+06  8.38792e-19  0.00000e+00  0.00000e+00  1.30535e-06
0241  5.50320e+18  1.88325e+03  1.46560e+06  8.22712e-19  0.00000e+00  0.00000e+00  1.29663e-06
0242  5.52162e+18  1.89716e+03  1.47214e+06  8.07014e-19  0.00000e+00  0.00000e+00  1.28800e-06
0243  5.54004e+18  1.91080e+03  1.47862e+06  7.91694e-19  0.00000e+00  0.00000e+00  1.27945e-06
0244  5.55845e+18  1.92418e+03  1.48503e+06  7.76746e-19  0.00000e+00  0.00000e+00  1.27098e-06
0245  5.57687e+18  1.93731e+03  1.49138e+06  7.62164e-19  0.00000e+00  0.00000e+00  1.26260e-06
0246  5.59528e+18  1.95017e+03  1.49766e+06  7.47942e-19  0.00000e+00  0.00000e+00  1.25431e-06
0247  5.61370e+18  1.96277e+03  1.50388e+06  7.34073e-19  0.00000e+00  0.00000e+00  1.24609e-06
0248  5.63211e+18  1.97510e+03  1.51003e+06  7.20549e-19  0.00000e+00  0.00000e+00  1.23795e-06
0249  5.65053e+18  1.98716e+03  1.51612e+06  7.07365e-19  0.00000e+00  0.00000e+00  1.22990e-06
0250  5.66894e+18  1.99893e+03  1.52215e+06  6.94514e-19  0.00000e+00  0.00000e+00  1.22192e-06
0251  5.68736e+18  2.01043e+03  1.52812e+06  6.81988e-19  0.00000e+00  0.00000e+00  1.21402e-06
0252  5.70578e+18  2.02163e+03  1.53403e+06  6.69781e-19  0.00000e+00  0.00000e+00  1.20620e-06
0253  5.72419e+18  2.03253e+03  1.53989e+06  6.57885e-19  0.00000e+00  0.00000e+00  1.19845e-06
0254  5.74261e+18  2.04313e+03  1.54570e+06  6.46294e-19  0.00000e+00  0.00000e+00  1.19077e-06
0255  5.76102e+18  2.05344e+03  1.55147e+06  6.35000e-19  0.00000e+00  0.00000e+00  1.18317e-06
0256  5.77944e+18  2.06345e+03  1.55718e+06  6.23993e-19  0.00000e+00  0.00000e+00  1.17565e-06
0257  5.79785e+18  2.07316e+03  1.56285e+06  6.13267e-19  0.00000e+00  0.00000e+00  1.16819e-06
0258  5.81627e+18  2.08260e+03  1.56847e+06  6.02812e-19  0.00000e+00  0.00000e+00  1.16080e-06
0259  5.83468e+18  2.09176e+03  1.57403e+06  5.92659e-19  0.00000e+00  0.00000e+00  1.15349e-06
0260  5.85310e+18  2.10066e+03  1.57955e+06  5.82805e-19  0.00000e+00  0.00000e+00  1.14624e-06
0261  5.87152e+18  2.10930e+03  1.58502e+06  5.73193e-19  0.00000e+00  0.00000e+00  1.13906e-06
0262  5.88993e+18  2.11769e+03  1.59045e+06  5.63813e-19  0.00000e+00  0.00000e+00  1.13195e-06
0263  5.90835e+18  2.12583e+03  1.59583e+06  5.54661e-19  0.00000e+00  0.00000e+00  1.12490e-06
0264  5.92676e+18  2.13371e+03  1.60119e+06  5.45730e-19  0.00000e+00  0.00000e+00  1.11792e-06
0265  5.94518e+18  2.14132e+03  1.60651e+06  5.37015e-19  0.00000e+00  0.00000e+00  1.11101e-06
0266  5.96359e+18  2.14867e+03  1.61181e+06  5.28510e-19  0.00000e+00  0.00000e+00  1.10416e-06
0267  5.98201e+18  2.15575e+03  1.61709e+06  5.20209e-19  0.00000e+00  0.00000e+00  1.09737e-06
0268  6.00043e+18  2.16257e+03  1.62235e+06  5.12108e-19  0.00000e+00  0.00000e+00  1.09065e-06
0269  6.01884e+18  2.16912e+03  1.62761e+06  5.04200e-19  0.00000e+00  0.00000e+00  1.08398e-06
0270  6.03726e+18  2.17542e+03  1.63285e+06  4.96566e-19  0.00000e+00  0.00000e+00  1.07738e-06
0271  6.05567e+18  2.18147e+03  1.63809e+06  4.89143e-19  0.00000e+00  0.00000e+00  1.07084e-06
0272  6.07409e+18  2.18729e+03  1.64331e+06  4.81886e-19  0.00000e+00  0.00000e+00  1.06435e-06
0273  6.09250e+18  2.19288e+03  1.64852e+06  4.74788e-19  0.00000e+00  0.00000e+00  1.05793e-06
0274  6.11092e+18  2.19824e+03  1.65372e+06  4.67847e-19  0.00000e+00  0.00000e+00  1.05156e-06
0275  6.12933e+18  2.20338e+03  1.65891e+06  4.61057e-19  0.00000e+00  0.00000e+00  1.04525e-06
0276  6.14775e+18  2.20830e+03  1.66410e+06  4.54414e-19  0.00000e+00  0.00000e+00  1.03900e-06
0277  6.16617e+18  2.21299e+03  1.66928e+06  4.47915e-19  0.00000e+00  0.00000e+00  1.03280e-06
0278  6.18458e+18  2.21747e+03  1.67447e+06  4.41556e-19  0.00000e+00  0.00000e+00  1.02666e-06
0279  6.20300e+18  2.22174e+03  1.67965e+06  4.35333e-19  0.00000e+00  0.00000e+00  1.02057e-06
0280  6.22141e+18  2.22579e+03  1.68483e+06  4.29242e-19  0.00000e+00  0.00000e+00  1.01454e-06
0281  6.23983e+18  2.22965e+03  1.69002e+06  4.23278e-19  0.00000e+00  0.00000e+00  1.00856e-06
0282  6.25824e+18  2.23331e+03  1.69520e+06  4.17438e-19  0.00000e+00  0.00000e+00  1.00263e-06
0283  6.27666e+18  2.23680e+03  1.70037e+06  4.11717e-19  0.00000e+00  0.00000e+00  9.96760e-07
0284  6.29507e+18  2.24012e+03  1.70554e+06  4.06112e-19  0.00000e+00  0.00000e+00  9.90937e-07
0285  6.31349e+18  2.24328e+03  1.71070e+06  4.00618e-19  0.00000e+00  0.00000e+00  9.85164e-07
0286  6.33191e+18  2.24630e+03  1.71585e+06  3.95232e-19  0.00000e+00  0.00000e+00  9.79442e-07
0287  6.35032e+18  2.24918e+03  1.72098e+06  3.89951e-19  0.00000e+00  0.00000e+00  9.73770e-07
0288  6.36874e+18  2.25193e+03  1.72610e+06  3.84771e-19  0.00000e+00  0.00000e+00  9.68146e-07
0289  6.38715e+18  2.25454e+03  1.73120e+06  3.79690e-19  0.00000e+00  0.00000e+00  9.62572e-07
0290  6.40557e+18  2.25702e+03  1.73630e+06  3.74707e-19  0.00000e+00  0.00000e+00  9.57045e-07
0291  6.42398e+18  2.25936e+03  1.74140e+06  3.69818e-19  0.00000e+00  0.00000e+00  9.51566e-07
0292  6.44240e+18  2.26157e+03  1.74649e+06  3.65022e-19  0.00000e+00  0.00000e+00  9.46133e-07
0293  6.46081e+18  2.26362e+03  1.75159e+06  3.60318e-19  0.00000e+00  0.00000e+00  9.40747e-07
0294  6.47923e+18  2.26555e+03  1.75669e+06  3.55701e-19  0.00000e+00  0.00000e+00  9.35407e-07
0295  6.49765e+18  2.26733e+03  1.76178e+06  3.51171e-19  0.00000e+00  0.00000e+00  9.30113e-07
0296  6.51606e+18  2.26899e+03  1.76688e+06  3.46725e-19  0.00000e+00  0.00000e+00  9.24863e-07
0297  6.53448e+18  2.27053e+03  1.77196e+06  3.42361e-19  0.00000e+00  0.00000e+00  9.19657e-07
0298  6.55289e+18  2.27194e+03  1.77705e+06  3.38076e-19  0.00000e+00  0.00000e+00  9.14495e-07
0299  6.57131e+18  2.27324e+03  1.78212e+06  3.33868e-19  0.00000e+00  0.00000e+00  9.09377e-07
0300  6.58972e+18  2.27443e+03  1.78718e+06  3.29736e-19  0.00000e+00  0.00000e+00  9.04301e-07
0301  6.60814e+18  2.27551e+03  1.79223e+06  3.25678e-19  0.00000e+00  0.00000e+00  8.99268e-07
0302  6.62655e+18  2.27649e+03  1.79727e+06  3.21692e-19  0.00000e+00  0.00000e+00  8.94277e-07
0303  6.64497e+18  2.27737e+03  1.80228e+06  3.17775e-19  0.00000e+00  0.00000e+00  8.89327e-07
0304  6.66339e+18  2.27816e+03  1.80728e+06  3.13927e-19  0.00000e+00  0.00000e+00  8.84418e-07
0305  6.68180e+18  2.27885e+03  1.81226e+06  3.10146e-19  0.00000e+00  0.00000e+00  8.79550e-07
0306  6.70022e+18  2.27946e+03  1.81722e+06  3.06430e-19  0.00000e+00  0.00000e+00  8.74722e-07
0307  6.71863e+18  2.27997e+03  1.82215e+06  3.02777e-19  0.00000e+00  0.00000e+00  8.69933e-07
0308  6.73705e+18  2.28040e+03  1.82706e+06  2.99187e-19  0.00000e+00  0.00000e+00  8.65184e-07
0309  6.75546e+18  2.28074e+03  1.83196e+06  2.95657e-19  0.00000e+00  0.00000e+00  8.60473e-07
0310  6.77388e+18  2.28103e+03  1.83687e+06  2.92183e-19  0.00000e+00  0.00000e+00  8.55801e-07
0311  6.79229e+18  2.28128e+03  1.84182e+06  2.88759e-19  0.00000e+00  0.00000e+00  8.51167e-07
0312  6.81071e+18  2.28149e+03  1.84679e+06  2.86100e-19  0.00000e+00  0.00000e+00  8.46570e-07
0313  6.82913e+18  2.28163e+03  1.85175e+06  2.82792e-19  0.00000e+00  0.00000e+00  8.42010e-07
0314  6.84754e+18  2.28169e+03  1.85669e+06  2.79540e-19  0.00000e+00  0.00000e+00  8.37487e-07
0315  6.86596e+18  2.28166e+03  1.86160e+06  2.76342e-19  0.00000e+00  0.00000e+00  8.33001e-07
0316  6.88437e+18  2.28156e+03  1.86648e+06  2.73197e-19  0.00000e+00  0.00000e+00  8.28550e-07
0317  6.90279e+18  2.28138e+03  1.87133e+06  2.70103e-19  0.00000e+00  0.00000e+00  8.24135e-07
0318  6.92120e+18  2.28113e+03  1.87615e+06  2.67058e-19  0.00000e+00  0.00000e+00  8.19755e-07
0319  6.93962e+18  2.28082e+03  1.88095e+06  2.64062e-19  0.00000e+00  0.00000e+00  8.15410e-07
0320  6.95803e+18  2.28045e+03  1.88572e+06  2.61113e-19  0.00000e+00  0.00000e+00  8.11100e-07
0321  6.97645e+18  2.28003e+03  1.89046e+06  2.58210e-19  0.00000e+00  0.00000e+00  8.06824e-07
0322  6.99487e+18  2.27954e+03  1.89518e+06  2.55352e-19  0.00000e+00  0.00000e+00  8.02581e-07
0323  7.01328e+18  2.27899e+03  1.89988e+06  2.52538e-19  0.00000e+00  0.00000e+00  7.98371e-07
0324  7.03170e+18  2.27839e+03  1.90456e+06  2.49768e-19  0.00000e+00  0.00000e+00  7.94195e-07
0325  7.05011e+18  2.27772e+03  1.90923e+06  2.47039e-19  0.00000e+00  0.00000e+00  7.90052e-07
0326  7.06853e+18  2.27701e+03  1.91388e+06  2.44352e-19  0.00000e+00  0.00000e+00  7.85940e-07
0327  7.08694e+18  2.27624e+03  1.91853e+06  2.41705e-19  0.00000e+00  0.00000e+00  7.81861e-07
0328  7.10536e+18  2.27544e+03  1.92316e+06  2.39096e-19  0.00000e+00  0.00000e+00  7.77813e-07
0329  7.12378e+18  2.27462e+03  1.92780e+06  2.36523e-19  0.00000e+00  0.00000e+00  7.73797e-07
0330  7.14219e+18  2.27378e+03  1.93244e+06  2.33985e-19  0.00000e+00  0.00000e+00  7.69812e-07
0331  7.16061e+18  2.27295e+03  1.93709e+06  2.31480e-19  0.00000e+00  0.00000e+00  7.65858e-07
0332  7.17902e+18  2.27213e+03  1.94177e+06  2.29005e-19  0.00000e+00  0.00000e+00  7.61933e-07
0333  7.19744e+18  2.27136e+03  1.94648e+06  2.26560e-19  0.00000e+00  0.00000e+00  7.58039e-07
0334  7.21585e+18  2.27064e+03  1.95124e+06  2.24141e-19  0.00000e+00  0.00000e+00  7.54175e-07
0335  7.23427e+18  2.26999e+03  1.95608e+06  2.21746e-19  0.00000e+00  0.00000e+00  7.50340e-07
0336  7.25268e+18  2.26943e+03  1.96101e+06  2.19374e-19  0.00000e+00  0.00000e+00  7.46535e-07
0337  7.27110e+18  2.26899e+03  1.96604e+06  2.17022e-19  0.00000e+00  0.00000e+00  7.42758e-07
0338  7.28952e+18  2.26867e+03  1.97121e+06  2.14689e-19  0.00000e+00  0.00000e+00  7.39010e-07
0339  7.30793e+18  2.26849e+03  1.97652e+06  2.12374e-19  0.00000e+00  0.00000e+00  7.35290e-07
0340  7.32635e+18  2.26845e+03  1.98200e+06  2.10074e-19  0.00000e+00  0.00000e+00  7.31598e-07
0341  7.34476e+18  2.26859e+03  1.98764e+06  2.07790e-19  0.00000e+00  0.00000e+00  7.27934e-07
0342  7.36318e+18  2.26887e+03  1.99346e+06  2.05522e-19  0.00000e+00  0.00000e+00  7.24298e-07
0343  7.38159e+18  2.26930e+03  1.99944e+06  2.03270e-19  0.00000e+00  0.00000e+00  7.20688e-07
0344  7.40001e+18  2.26986e+03  2.00558e+06  2.01036e-19  0.00000e+00  0.00000e+00  7.17106e-07
0345  7.41842e+18  2.27052e+03  2.01183e+06  1.98822e-19  0.00000e+00  0.00000e+00  7.13550e-07
0346  7.43684e+18  2.27125e+03  2.01817e+06  1.96632e-19  0.00000e+00  0.00000e+00  7.10020e-07
0347  7.45526e+18  2.27197e+03  2.02453e+06  1.94471e-19  0.00000e+00  0.00000e+00  7.06517e-07
0348  7.47367e+18  2.27263e+03  2.03087e+06  1.92343e-19  0.00000e+00  0.00000e+00  7.03039e-07
0349  7.49209e+18  2.27315e+03  2.03710e+06  1.90254e-19  0.00000e+00  0.00000e+00  6.99587e-07
0350  7.51050e+18  2.27343e+03  2.04316e+06  1.88211e-19  0.00000e+00  0.00000e+00  6.96161e-07
0351  7.52892e+18  2.27339e+03  2.04895e+06  1.86219e-19  0.00000e+00  0.00000e+00  6.92759e-07
0352  7.54733e+18  2.27293e+03  2.05441e+06  1.84285e-19  0.00000e+00  0.00000e+00  6.89383e-07
0353  7.56575e+18  2.27199e+03  2.05945e+06  1.82412e-19  0.00000e+00  0.00000e+00  6.86031e-07
0354  7.58416e+18  2.27049e+03  2.06404e+06  1.80603e-19  0.00000e+00  0.00000e+00  6.82703e-07
0355  7.60258e+18  2.26841e+03  2.06811e+06  1.78860e-19  0.00000e+00  0.00000e+00  6.79400e-07
0356  7.62100e+18  2.26573e+03  2.07167e+06  1.77182e-19  0.00000e+00  0.00000e+00  6.76121e-07
0357  7.63941e+18  2.26248e+03  2.07472e+06  1.75565e-19  0.00000e+00  0.00000e+00  6.72865e-07
0358  7.65783e+18  2.25872e+03  2.07729e+06  1.74004e-19  0.00000e+00  0.00000e+00  6.69632e-07
0359  7.67624e+18  2.25454e+03  2.07942e+06  1.72492e-19  0.00000e+00  0.00000e+00  6.66423e-07
0360  7.69466e+18  2.25003e+03  2.08117e+06  1.71021e-19  0.00000e+00  0.00000e+00  6.63237e-07
0361  7.71307e+18  2.24532e+03  2.08263e+06  1.69584e-19  0.00000e+00  0.00000e+00  6.60074e-07
0362  7.73149e+18  2.24049e+03  2.08387e+06  1.68171e-19  0.00000e+00  0.00000e+00  6.56933e-07
0363  7.74990e+18  2.23566e+03  2.08499e+06  1.66776e-19  0.00000e+00  0.00000e+00  6.53815e-07
0364  7.76832e+18  2.23089e+03  2.08607e+06  1.65394e-19  0.00000e+00  0.00000e+00  6.50719e-07
0365  7.78674e+18  2.22624e+03  2.08718e+06  1.64020e-19  0.00000e+00  0.00000e+00  6.47644e-07
0366  7.80515e+18  2.22175e+03  2.08840e+06  1.62649e-19  0.00000e+00  0.00000e+00  6.44592e-07
0367  7.82357e+18  2.21747e+03  2.08978e+06  1.61280e-19  0.00000e+00  0.00000e+00  6.41561e-07
0368  7.84198e+18  2.21338e+03  2.09135e+06  1.59912e-19  0.00000e+00  0.00000e+00  6.38551e-07
0369  7.86040e+18  2.20950e+03  2.09314e+06  1.58544e-19  0.00000e+00  0.00000e+00  6.35563e-07
0370  7.87881e+18  2.20578e+03  2.09515e+06  1.57178e-19  0.00000e+00  0.00000e+00  6.32595e-07
0371  7.89723e+18  2.20219e+03  2.09739e+06  1.55816e-19  0.00000e+00  0.00000e+00  6.29648e-07
0372  7.91564e+18  2.19869e+03  2.09983e+06  1.54460e-19  0.00000e+00  0.00000e+00  6.26722e-07
0373  7.93406e+18  2.19522e+03  2.10243e+06  1.53113e-19  0.00000e+00  0.00000e+00  6.23816e-07
0374  7.95248e+18  2.19177e+03  2.10514e+06  1.51777e-19  0.00000e+00  0.00000e+00  6.20930e-07
0375  7.97089e+18  2.18829e+03  2.10792e+06  1.50455e-19  0.00000e+00  0.00000e+00  6.18064e-07
0376  7.98931e+18  2.18477e+03  2.11071e+06  1.49148e-19  0.00000e+00  0.00000e+00  6.15218e-07
0377  8.00772e+18  2.18119e+03  2.11346e+06  1.47859e-19  0.00000e+00  0.00000e+00  6.12392e-07
0378  8.02614e+18  2.17753e+03  2.11613e+06  1.46587e-19  0.00000e+00  0.00000e+00  6.09585e-07
0379  8.04455e+18  2.17380e+03  2.11871e+06  1.45334e-19  0.00000e+00  0.00000e+00  6.06797e-07
0380  8.06297e+18  2.16999e+03  2.12117e+06  1.44106e-19  0.00000e+00  0.00000e+00  6.04029e-07
0381  8.08139e+18  2.16612e+03  2.12350e+06  1.42913e-19  0.00000e+00  0.00000e+00  6.01279e-07
0382  8.09980e+18  2.16221e+03  2.12571e+06  1.41738e-19  0.00000e+00  0.00000e+00  5.98548e-07
0383  8.11822e+18  2.15826e+03  2.12780e+06  1.40577e-19  0.00000e+00  0.00000e+00  5.95835e-07
0384  8.13663e+18  2.15432e+03  2.12978e+06  1.39431e-19  0.00000e+00  0.00000e+00  5.93141e-07
0385  8.15505e+18  2.15038e+03  2.13166e+06  1.38298e-19  0.00000e+00  0.00000e+00  5.90466e-07
0386  8.17346e+18  2.14648e+03  2.13346e+06  1.37177e-19  0.00000e+00  0.00000e+00  5.87808e-07
0387  8.19188e+18  2.14261e+03  2.13518e+06  1.36067e-19  0.00000e+00  0.00000e+00  5.85168e-07
0388  8.21029e+18  2.13880e+03  2.13684e+06  1.34967e-19  0.00000e+00  0.00000e+00  5.82546e-07
0389  8.22871e+18  2.13506e+03  2.13843e+06  1.33877e-19  0.00000e+00  0.00000e+00  5.79941e-07
0390  8.24713e+18  2.13138e+03  2.13996e+06  1.32796e-19  0.00000e+00  0.00000e+00  5.77354e-07
0391  8.26554e+18  2.12777e+03  2.14144e+06  1.31725e-19  0.00000e+00  0.00000e+00  5.74784e-07
0392  8.28396e+18  2.12425e+03  2.14284e+06  1.30662e-19  0.00000e+00  0.00000e+00  5.72232e-07
0393  8.30237e+18  2.12078e+03  2.14419e+06  1.29609e-19  0.00000e+00  0.00000e+00  5.69696e-07
0394  8.32079e+18  2.11735e+03  2.14549e+06  1.28566e-19  0.00000e+00  0.00000e+00  5.67177e-07
0395  8.33920e+18  2.11401e+03  2.14671e+06  1.27533e-19  0.00000e+00  0.00000e+00  5.64675e-07
0396  8.35762e+18  2.11076e+03  2.14784e+06  1.26507e-19  0.00000e+00  0.00000e+00  5.62189e-07
0397  8.37603e+18  2.10761e+03  2.14886e+06  1.25490e-19  0.00000e+00  0.00000e+00  5.59720e-07
0398  8.39445e+18  2.10455e+03  2.14979e+06  1.24482e-19  0.00000e+00  0.00000e+00  5.57267e-07
0399  8.41287e+18  2.10158e+03  2.15063e+06  1.23483e-19  0.00000e+00  0.00000e+00  5.54830e-07
0400  8.43128e+18  2.09869e+03  2.15138e+06  1.22493e-19  0.00000e+00  0.00000e+00  5.52409e-07
0401  8.44970e+18  2.09588e+03  2.15205e+06  1.21511e-19  0.00000e+00  0.00000e+00  5.50003e-07
0402  8.46811e+18  2.09315e+03  2.15263e+06  1.20539e-19  0.00000e+00  0.00000e+00  5.47614e-07
0403  8.48653e+18  2.09050e+03  2.15312e+06  1.19575e-19  0.00000e+00  0.00000e+00  5.45240e-07
0404  8.50494e+18  2.08791e+03  2.15354e+06  1.18620e-19  0.00000e+00  0.00000e+00  5.42881e-07
0405  8.52336e+18  2.08539e+03  2.15389e+06  1.17673e-19  0.00000e+00  0.00000e+00  5.40538e-07
0406  8.54177e+18  2.08293e+03  2.15416e+06  1.16736e-19  0.00000e+00  0.00000e+00  5.38209e-07
0407  8.56019e+18  2.08052e+03  2.15437e+06  1.15807e-19  0.00000e+00  0.00000e+00  5.35896e-07
0408  8.57861e+18  2.07816e+03  2.15451e+06  1.14888e-19  0.00000e+00  0.00000e+00  5.33598e-07
0409  8.59702e+18  2.07586e+03  2.15459e+06  1.13977e-19  0.00000e+00  0.00000e+00  5.31314e-07
0410  8.61544e+18  2.07360e+03  2.15461e+06  1.13075e-19  0.00000e+00  0.00000e+00  5.29045e-07
0411  8.63385e+18  2.07138e+03  2.15457e+06  1.12181e-19  0.00000e+00  0.00000e+00  5.26791e-07
0412  8.65227e+18  2.06922e+03  2.15447e+06  1.11296e-19  0.00000e+00  0.00000e+00  5.24551e-07
0413  8.67068e+18  2.06709e+03  2.15431e+06  1.10420e-19  0.00000e+00  0.00000e+00  5.22325e-07
0414  8.68910e+18  2.06501e+03  2.15409e+06  1.09552e-19  0.00000e+00  0.00000e+00  5.20113e-07
0415  8.70751e+18  2.06298e+03  2.15381e+06  1.08692e-19  0.00000e+00  0.00000e+00  5.17916e-07
0416  8.72593e+18  2.06099e+03  2.15348e+06  1.07840e-19  0.00000e+00  0.00000e+00  5.15732e-07
0417  8.74435e+18  2.05905e+03  2.15309e+06  1.06997e-19  0.00000e+00  0.00000e+00  5.13562e-07
0418  8.76276e+18  2.05715e+03  2.15264e+06  1.06161e-19  0.00000e+00  0.00000e+00  5.11406e-07
0419  8.78118e+18  2.05530e+03  2.15213e+06  1.05334e-19  0.00000e+00  0.00000e+00  5.09263e-07
0420  8.79959e+18  2.05349e+03  2.15156e+06  1.04515e-19  0.00000e+00  0.00000e+00  5.07134e-07
0421  8.81801e+18  2.05172e+03  2.15094e+06  1.03703e-19  0.00000e+00  0.00000e+00  5.05018e-07
0422  8.83642e+18  2.04999e+03  2.15025e+06  1.02900e-19  0.00000e+00  0.00000e+00  5.02915e-07
0423  8.85484e+18  2.04830e+03  2.14949e+06  1.02105e-19  0.00000e+00  0.00000e+00  5.00825e-07
0424  8.87326e+18  2.04664e+03  2.14868e+06  1.01317e-19  0.00000e+00  0.00000e+00  4.98749e-07
0425  8.89167e+18  2.04502e+03  2.14779e+06  1.00537e-19  0.00000e+00  0.00000e+00  4.96685e-07
0426  8.91009e+18  2.04342e+03  2.14684e+06  9.97657e-20  0.00000e+00  0.00000e+00  4.94634e-07
0427  8.92850e+18  2.04186e+03  2.14582e+06  9.90019e-20  0.00000e+00  0.00000e+00  4.92595e-07
0428  8.94692e+18  2.04032e+03  2.14473e+06  9.82461e-20  0.00000e+00  0.00000e+00  4.90570e-07
0429  8.96533e+18  2.03880e+03  2.14357e+06  9.74982e-20  0.00000e+00  0.00000e+00  4.88556e-07
0430  8.98375e+18  2.03731e+03  2.14234e+06  9.67580e-20  0.00000e+00  0.00000e+00  4.86555e-07
0431  9.00216e+18  2.03583e+03  2.14105e+06  9.60257e-20  0.00000e+00  0.00000e+00  4.84567e-07
0432  9.02058e+18  2.03437e+03  2.13969e+06  9.53010e-20  0.00000e+00  0.00000e+00  4.82590e-07
0433  9.03900e+18  2.03292e+03  2.13827e+06  9.45839e-20  0.00000e+00  0.00000e+00  4.80626e-07
0434  9.05741e+18  2.03149e+03  2.13679e+06  9.38744e-20  0.00000e+00  0.00000e+00  4.78674e-07
0435  9.07583e+18  2.03007e+03  2.13526e+06  9.31723e-20  0.00000e+00  0.00000e+00  4.76733e-07
0436  9.09424e+18  2.02865e+03  2.13367e+06  9.24776e-20  0.00000e+00  0.00000e+00  4.74804e-07
0437  9.11266e+18  2.02725e+03  2.13202e+06  9.17901e-20  0.00000e+00  0.00000e+00  4.72887e-07
0438  9.13107e+18  2.02585e+03  2.13033e+06  9.11098e-20  0.00000e+00  0.00000e+00  4.70982e-07
0439  9.14949e+18  2.02446e+03  2.12859e+06  9.04366e-20  0.00000e+00  0.00000e+00  4.69088e-07
0440  9.16790e+18  2.02307e+03  2.12680e+06  8.97703e-20  0.00000e+00  0.00000e+00  4.67205e-07
0441  9.18632e+18  2.02168e+03  2.12497e+06  8.91110e-20  0.00000e+00  0.00000e+00  4.65334e-07
0442  9.20474e+18  2.02030e+03  2.12310e+06  8.84584e-20  0.00000e+00  0.00000e+00  4.63474e-07
0443  9.22315e+18  2.01892e+03  2.12119e+06  8.78125e-20  0.00000e+00  0.00000e+00  4.61625e-07
0444  9.24157e+18  2.01755e+03  2.11925e+06  8.71732e-20  0.00000e+00  0.00000e+00  4.59787e-07
0445  9.25998e+18  2.01618e+03  2.11727e+06  8.65402e-20  0.00000e+00  0.00000e+00  4.57960e-07
0446  9.27840e+18  2.01482e+03  2.11527e+06  8.59134e-20  0.00000e+00  0.00000e+00  4.56144e-07
0447  9.29681e+18  2.01347e+03  2.11324e+06  8.52927e-20  0.00000e+00  0.00000e+00  4.54338e-07
0448  9.31523e+18  2.01212e+03  2.11118e+06  8.46779e-20  0.00000e+00  0.00000e+00  4.52544e-07
0449  9.33364e+18  2.01079e+03  2.10911e+06  8.40689e-20  0.00000e+00  0.00000e+00  4.50760e-07
0450  9.35206e+18  2.00947e+03  2.10701e+06  8.34656e-20  0.00000e+00  0.00000e+00  4.48986e-07
0451  9.37048e+18  2.00816e+03  2.10491e+06  8.28679e-20  0.00000e+00  0.00000e+00  4.47223e-07
0452  9.38889e+18  2.00686e+03  2.10278e+06  8.22757e-20  0.00000e+00  0.00000e+00  4.45470e-07
0453  9.40731e+18  2.00558e+03  2.10064e+06  8.16889e-20  0.00000e+00  0.00000e+00  4.43728e-07
0454  9.42572e+18  2.00431e+03  2.09849e+06  8.11075e-20  0.00000e+00  0.00000e+00  4.41996e-07
0455  9.44414e+18  2.00305e+03  2.09633e+06  8.05313e-20  0.00000e+00  0.00000e+00  4.40274e-07
0456  9.46255e+18  2.00181e+03  2.09415e+06  7.99603e-20  0.00000e+00  0.00000e+00  4.38562e-07
0457  9.48097e+18  2.00058e+03  2.09196e+06  7.93945e-20  0.00000e+00  0.00000e+00  4.36860e-07
0458  9.49939e+18  1.99937e+03  2.08976e+06  7.88338e-20  0.00000e+00  0.00000e+00  4.35168e-07
0459  9.51780e+18  1.99817e+03  2.08755e+06  7.82781e-20  0.00000e+00  0.00000e+00  4.33485e-07
0460  9.53622e+18  1.99699e+03  2.08533e+06  7.77273e-20  0.00000e+00  0.00000e+00  4.31813e-07
0461  9.55463e+18  1.99582e+03  2.08310e+06  7.71814e-20  0.00000e+00  0.00000e+00  4.30150e-07
0462  9.57305e+18  1.99467e+03  2.08086e+06  7.66402e-20  0.00000e+00  0.00000e+00  4.28496e-07
0463  9.59146e+18  1.99354e+03  2.07862e+06  7.61036e-20  0.00000e+00  0.00000e+00  4.26853e-07
0464  9.60988e+18  1.99242e+03  2.07639e+06  7.55716e-20  0.00000e+00  0.00000e+00  4.25218e-07
0465  9.62829e+18  1.99133e+03  2.07415e+06  7.50439e-20  0.00000e+00  0.00000e+00  4.23593e-07
0466  9.64671e+18  1.99027e+03  2.07192e+06  7.45206e-20  0.00000e+00  0.00000e+00  4.21977e-07
0467  9.66513e+18  1.98923e+03  2.06969e+06  7.40014e-20  0.00000e+00  0.00000e+00  4.20371e-07
0468  9.68354e+18  1.98822e+03  2.06748e+06  7.34862e-20  0.00000e+00  0.00000e+00  4.18773e-07
0469  9.70196e+18  1.98724e+03  2.06529e+06  7.29750e-20  0.00000e+00  0.00000e+00  4.17185e-07
0470  9.72037e+18  1.98629e+03  2.06312e+06  7.24675e-20  0.00000e+00  0.00000e+00  4.15606e-07
0471  9.73879e+18  1.98537e+03  2.06097e+06  7.19637e-20  0.00000e+00  0.00000e+00  4.14036e-07
0472  9.75720e+18  1.98450e+03  2.05885e+06  7.14634e-20  0.00000e+00  0.00000e+00  4.12474e-07
0473  9.77562e+18  1.98366e+03  2.05676e+06  7.09666e-20  0.00000e+00  0.00000e+00  4.10922e-07
0474  9.79403e+18  1.98286e+03  2.05471e+06  7.04731e-20  0.00000e+00  0.00000e+00  4.09378e-07
0475  9.81245e+18  1.98211e+03  2.05270e+06  6.99828e-20  0.00000e+00  0.00000e+00  4.07843e-07
0476  9.83087e+18  1.98140e+03  2.05074e+06  6.94955e-20  0.00000e+00  0.00000e+00  4.06316e-07
0477  9.84928e+18  1.98075e+03  2.04883e+06  6.90111e-20  0.00000e+00  0.00000e+00  4.04798e-07
0478  9.86770e+18  1.98014e+03  2.04697e+06  6.85296e-20  0.00000e+00  0.00000e+00  4.03289e-07
0479  9.88611e+18  1.97959e+03  2.04517e+06  6.80509e-20  0.00000e+00  0.00000e+00  4.01788e-07
0480  9.90453e+18  1.97910e+03  2.04342e+06  6.75749e-20  0.00000e+00  0.00000e+00  4.00295e-07
0481  9.92294e+18  1.97866e+03  2.04172e+06  6.71017e-20  0.00000e+00  0.00000e+00  3.98810e-07
0482  9.94136e+18  1.97827e+03  2.04007e+06  6.66313e-20  0.00000e+00  0.00000e+00  3.97334e-07
0483  9.95977e+18  1.97793e+03  2.03847e+06  6.61639e-20  0.00000e+00  0.00000e+00  3.95866e-07
0484  9.97819e+18  1.97763e+03  2.03689e+06  6.56997e-20  0.00000e+00  0.00000e+00  3.94406e-07
0485  9.99661e+18  1.97737e+03  2.03535e+06  6.52387e-20  0.00000e+00  0.00000e+00  3.92955e-07
0486  1.00150e+19  1.97714e+03  2.03383e+06  6.47811e-20  0.00000e+00  0.00000e+00  3.91511e-07
0487  1.00334e+19  1.97693e+03  2.03231e+06  6.43270e-20  0.00000e+00  0.00000e+00  3.90075e-07
0488  1.00519e+19  1.97673e+03  2.03081e+06  6.38767e-20  0.00000e+00  0.00000e+00  3.88647e-07
0489  1.00703e+19  1.97656e+03  2.02931e+06  6.34302e-20  0.00000e+00  0.00000e+00  3.87227e-07
0490  1.00887e+19  1.97639e+03  2.02781e+06  6.29875e-20  0.00000e+00  0.00000e+00  3.85814e-07
0491  1.01071e+19  1.97622e+03  2.02629e+06  6.25488e-20  0.00000e+00  0.00000e+00  3.84410e-07
0492  1.01255e+19  1.97606e+03  2.02477e+06  6.21141e-20  0.00000e+00  0.00000e+00  3.83013e-07
0493  1.01439e+19  1.97589e+03  2.02323e+06  6.16834e-20  0.00000e+00  0.00000e+00  3.81623e-07
0494  1.01623e+19  1.97571e+03  2.02167e+06  6.12569e-20  0.00000e+00  0.00000e+00  3.80242e-07
0495  1.01808e+19  1.97552e+03  2.02010e+06  6.08346e-20  0.00000e+00  0.00000e+00  3.78867e-07
0496  1.01992e+19  1.97531e+03  2.01850e+06  6.04165e-20  0.00000e+00  0.00000e+00  3.77500e-07
0497  1.02176e+19  1.97509e+03  2.01687e+06  6.00025e-20  0.00000e+00  0.00000e+00  3.76141e-07
0498  1.02360e+19  1.97485e+03  2.01522e+06  5.95927e-20  0.00000e+00  0.00000e+00  3.74789e-07
0499  1.02544e+19  1.97459e+03  2.01354e+06  5.91871e-20  0.00000e+00  0.00000e+00  3.73444e-07
0500  1.02728e+19  1.97431e+03  2.01185e+06  5.87854e-20  0.00000e+00  0.00000e+00  3.72106e-07
0501  1.02913e+19  1.97401e+03  2.01012e+06  5.83878e-20  0.00000e+00  0.00000e+00  3.70775e-07
0502  1.03097e+19  1.97370e+03  2.00839e+06  5.79940e-20  0.00000e+00  0.00000e+00  3.69452e-07
0503  1.03281e+19  1.97338e+03  2.00664e+06  5.76036e-20  0.00000e+00  0.00000e+00  3.68136e-07
0504  1.03465e+19  1.97310e+03  2.00493e+06  5.72158e-20  0.00000e+00  0.00000e+00  3.66826e-07
0505  1.03649e+19  1.97293e+03  2.00331e+06  5.68290e-20  0.00000e+00  0.00000e+00  3.65524e-07
0506  1.03833e+19  1.97298e+03  2.00193e+06  5.64400e-20  0.00000e+00  0.00000e+00  3.64229e-07
0507  1.04017e+19  1.97346e+03  2.00097e+06  5.60443e-20  0.00000e+00  0.00000e+00  3.62940e-07
0508  1.04202e+19  1.97461e+03  2.00069e+06  5.56359e-20  0.00000e+00  0.00000e+00  3.61658e-07
0509  1.04386e+19  1.97664e+03  2.00129e+06  5.52107e-20  0.00000e+00  0.00000e+00  3.60383e-07
0510  1.04570e+19  1.97914e+03  2.00238e+06  5.47781e-20  0.00000e+00  0.00000e+00  3.59115e-07
0511  1.04754e+19  1.98013e+03  2.00194e+06  5.43847e-20  0.00000e+00  0.00000e+00  3.57854e-07
0512  1.04938e+19  1.97672e+03  1.99703e+06  5.40968e-20  0.00000e+00  0.00000e+00  3.56599e-07
0513  1.05122e+19  1.97010e+03  1.98886e+06  5.38851e-20  0.00000e+00  0.00000e+00  3.55350e-07
0514  1.05307e+19  1.96292e+03  1.98010e+06  5.36876e-20  0.00000e+00  0.00000e+00  3.54109e-07
0515  1.05491e+19  1.95469e+03  1.97026e+06  5.35154e-20  0.00000e+00  0.00000e+00  3.52873e-07
0516  1.05675e+19  1.94421e+03  1.95812e+06  5.33950e-20  0.00000e+00  0.00000e+00  3.51645e-07
0517  1.05859e+19  1.92986e+03  1.94203e+06  5.33619e-20  0.00000e+00  0.00000e+00  3.50422e-07
0518  1.06043e+19  1.90951e+03  1.91986e+06  5.34616e-20  0.00000e+00  0.00000e+00  3.49206e-07
0519  1.06227e+19  1.88052e+03  1.88893e+06  5.37483e-20  0.00000e+00  0.00000e+00  3.47996e-07
0520  1.06412e+19  1.83993e+03  1.84625e+06  5.42786e-20  0.00000e+00  0.00000e+00  3.46793e-07
0521  1.06596e+19  1.78477e+03  1.78885e+06  5.52728e-20  0.00000e+00  0.00000e+00  3.45596e-07
0522  1.06780e+19  1.71278e+03  1.71444e+06  5.71945e-20  0.00000e+00  0.00000e+00  3.44405e-07
0523  1.06964e+19  1.62322e+03  1.62226e+06  5.97408e-20  0.00000e+00  0.00000e+00  3.43220e-07
0524  1.07148e+19  1.51771e+03  1.51397e+06  6.30499e-20  0.00000e+00  0.00000e+00  3.42041e-07
0525  1.07332e+19  1.40048e+03  1.39383e+06  6.74934e-20  0.00000e+00  0.00000e+00  3.40868e-07
0526  1.07516e+19  1.27780e+03  1.26815e+06  7.33753e-20  0.00000e+00  0.00000e+00  3.39702e-07
0527  1.07701e+19  1.15658e+03  1.14388e+06  8.25870e-20  0.00000e+00  0.00000e+00  3.38541e-07
0528  1.07885e+19  1.04291e+03  1.02712e+06  9.50193e-20  0.00000e+00  0.00000e+00  3.37386e-07
0529  1.08069e+19  9.41274e+02  9.22340e+05  1.10681e-19  0.00000e+00  0.00000e+00  3.36237e-07
0530  1.08253e+19  8.54823e+02  8.32656e+05  1.32619e-19  0.00000e+00  0.00000e+00  3.35094e-07
0531  1.08437e+19  7.86741e+02  7.61091e+05  1.55064e-19  0.00000e+00  0.00000e+00  3.33957e-07
0532  1.08621e+19  7.41398e+02  7.11713e+05  1.74480e-19  0.00000e+00  0.00000e+00  3.32826e-07
0533  1.08806e+19  7.20448e+02  6.85838e+05  1.85140e-19  0.00000e+00  0.00000e+00  3.31700e-07
0534  1.08990e+19  7.14718e+02  6.74481e+05  1.88965e-19  0.00000e+00  0.00000e+00  3.30580e-07
0535  1.09174e+19  7.12294e+02  6.66283e+05  1.91218e-19  0.00000e+00  0.00000e+00  3.29466e-07
0536  1.09358e+19  7.10258e+02  6.58483e+05  1.93296e-19  0.00000e+00  0.00000e+00  3.28357e-07
0537  1.09542e+19  7.08993e+02  6.51407e+05  1.95314e-19  0.00000e+00  0.00000e+00  3.27254e-07
0538  1.09726e+19  7.08805e+02  6.45306e+05  1.96474e-19  0.00000e+00  0.00000e+00  3.26156e-07
0539  1.09910e+19  7.09859e+02  6.40316e+05  1.96999e-19  0.00000e+00  0.00000e+00  3.25064e-07
0540  1.10095e+19  7.12186e+02  6.36458e+05  1.96862e-19  0.00000e+00  0.00000e+00  3.23978e-07
0541  1.10279e+19  7.15724e+02  6.33666e+05  1.96094e-19  0.00000e+00  0.00000e+00  3.22897e-07
0542  1.10463e+19  7.20356e+02  6.31827e+05  1.94762e-19  0.00000e+00  0.00000e+00  3.21821e-07
0543  1.10647e+19  7.25940e+02  6.30807e+05  1.92949e-19  0.00000e+00  0.00000e+00  3.20751e-07
0544  1.10831e+19  7.32336e+02  6.30479e+05  1.90740e-19  0.00000e+00  0.00000e+00  3.19686e-07
0545  1.11015e+19  7.39417e+02  6.30728e+05  1.88214e-19  0.00000e+00  0.00000e+00  3.18626e-07
0546  1.11200e+19  7.47075e+02  6.31459e+05  1.85439e-19  0.00000e+00  0.00000e+00  3.17571e-07
0547  1.11384e+19  7.55223e+02  6.32596e+05  1.82469e-19  0.00000e+00  0.00000e+00  3.16522e-07
0548  1.11568e+19  7.63796e+02  6.34080e+05  1.79349e-19  0.00000e+00  0.00000e+00  3.15478e-07
0549  1.11752e+19  7.72745e+02  6.35869e+05  1.76112e-19  0.00000e+00  0.00000e+00  3.14439e-07
0550  1.11936e+19  7.82036e+02  6.37934e+05  1.72785e-19  0.00000e+00  0.00000e+00  3.13405e-07
0551  1.12120e+19  7.91684e+02  6.40271e+05  1.69503e-19  0.00000e+00  0.00000e+00  3.12377e-07
0552  1.12305e+19  8.01583e+02  6.42849e+05  1.66207e-19  0.00000e+00  0.00000e+00  3.11353e-07
0553  1.12489e+19  8.12218e+02  6.45787e+05  1.62762e-19  0.00000e+00  0.00000e+00  3.10335e-07
0554  1.12673e+19  8.21624e+02  6.48593e+05  1.59595e-19  0.00000e+00  0.00000e+00  3.09321e-07
0555  1.12857e+19  8.40757e+02  6.54175e+05  1.54176e-19  0.00000e+00  0.00000e+00  3.08312e-07
