# Athena++ data at time=1.560000e+13  cycle=1045358551  variables=prim 
# i       x1v         rho          press          vel1         vel2         vel3     
0002  1.13875e+18  2.14917e-18  8.97288e-06 -4.09800e+05  1.46607e-09  0.00000e+00
0003  1.15716e+18  9.91565e-19  5.45956e-06  2.43594e+05  7.93075e-03  0.00000e+00
0004  1.17558e+18  6.41286e-19  4.33775e-06  3.11370e+05  1.74215e-02  0.00000e+00
0005  1.19399e+18  4.31072e-19  3.63779e-06  4.31074e+05  2.60041e-02  0.00000e+00
0006  1.21241e+18  2.83179e-19  3.17893e-06  6.30627e+05  3.34734e-02  0.00000e+00
0007  1.23082e+18  1.70276e-19  2.89032e-06  9.60056e+05  4.01730e-02  0.00000e+00
0008  1.24924e+18  1.39930e-19  2.63488e-06  1.18967e+06  4.61857e-02  0.00000e+00
0009  1.26765e+18  1.25873e-19  2.48276e-06  1.25753e+06  5.17674e-02  0.00000e+00
0010  1.28607e+18  1.14905e-19  2.34262e-06  1.33326e+06  5.69943e-02  0.00000e+00
0011  1.30448e+18  1.06792e-19  2.21649e-06  1.39560e+06  6.19065e-02  0.00000e+00
0012  1.32290e+18  9.98068e-20  2.10580e-06  1.44948e+06  6.65447e-02  0.00000e+00
0013  1.34131e+18  9.33614e-20  2.00320e-06  1.50695e+06  7.09317e-02  0.00000e+00
0014  1.35973e+18  8.75135e-20  1.90930e-06  1.56415e+06  7.50887e-02  0.00000e+00
0015  1.37814e+18  8.24346e-20  1.82298e-06  1.61716e+06  7.90338e-02  0.00000e+00
0016  1.39656e+18  7.78874e-20  1.74446e-06  1.66616e+06  8.27865e-02  0.00000e+00
0017  1.41497e+18  7.36956e-20  1.67178e-06  1.71497e+06  8.63614e-02  0.00000e+00
0018  1.43339e+18  6.98516e-20  1.60473e-06  1.76261e+06  8.97739e-02  0.00000e+00
0019  1.45180e+18  6.67281e-20  1.54165e-06  1.80138e+06  9.30317e-02  0.00000e+00
0020  1.47022e+18  6.35916e-20  1.48572e-06  1.83968e+06  9.61544e-02  0.00000e+00
0021  1.48863e+18  6.04282e-20  1.43089e-06  1.88849e+06  9.91465e-02  0.00000e+00
0022  1.50705e+18  5.78120e-20  1.37948e-06  1.92879e+06  1.02014e-01  0.00000e+00
0023  1.52546e+18  5.53940e-20  1.33367e-06  1.96277e+06  1.04771e-01  0.00000e+00
0024  1.54388e+18  5.30245e-20  1.28950e-06  2.00186e+06  1.07423e-01  0.00000e+00
0027  1.56229e+18  5.07857e-20  1.24795e-06  2.04132e+06  1.09978e-01  0.00000e+00
0028  1.58071e+18  4.86844e-20  1.20901e-06  2.08011e+06  1.12440e-01  0.00000e+00
0029  1.59912e+18  4.67009e-20  1.17240e-06  2.11878e+06  1.14816e-01  0.00000e+00
0030  1.61754e+18  4.48176e-20  1.13789e-06  2.15780e+06  1.17112e-01  0.00000e+00
0031  1.63595e+18  4.30203e-20  1.10530e-06  2.19756e+06  1.19333e-01  0.00000e+00
0032  1.65437e+18  4.12975e-20  1.07453e-06  2.23832e+06  1.21482e-01  0.00000e+00
0033  1.67278e+18  3.96614e-20  1.04551e-06  2.27921e+06  1.23565e-01  0.00000e+00
0034  1.69120e+18  3.82031e-20  1.01821e-06  2.31567e+06  1.25586e-01  0.00000e+00
0035  1.70961e+18  3.69267e-20  9.93096e-07  2.34446e+06  1.27551e-01  0.00000e+00
0036  1.72803e+18  3.57835e-20  9.69619e-07  2.36822e+06  1.29464e-01  0.00000e+00
0037  1.74644e+18  3.46918e-20  9.47551e-07  2.39105e+06  1.31331e-01  0.00000e+00
0038  1.76486e+18  3.36110e-20  9.26263e-07  2.41656e+06  1.33152e-01  0.00000e+00
0039  1.78328e+18  3.25465e-20  9.05792e-07  2.44433e+06  1.34930e-01  0.00000e+00
0040  1.80169e+18  3.15082e-20  8.86186e-07  2.47351e+06  1.36668e-01  0.00000e+00
0041  1.82011e+18  3.04988e-20  8.67452e-07  2.50376e+06  1.38367e-01  0.00000e+00
0042  1.83852e+18  2.95063e-20  8.49568e-07  2.53577e+06  1.40029e-01  0.00000e+00
0043  1.85694e+18  2.84948e-20  8.32595e-07  2.57027e+06  1.41656e-01  0.00000e+00
0044  1.87535e+18  2.77790e-20  8.16532e-07  2.60085e+06  1.43235e-01  0.00000e+00
0045  1.89377e+18  2.73742e-20  8.00768e-07  2.61445e+06  1.44769e-01  0.00000e+00
0046  1.91218e+18  2.67370e-20  7.85596e-07  2.60970e+06  1.46352e-01  0.00000e+00
0047  1.93060e+18  2.47601e-20  7.75101e-07  2.63141e+06  1.48071e-01  0.00000e+00
0048  1.94901e+18  2.27338e-20  7.61441e-07  2.72342e+06  1.49696e-01  0.00000e+00
0049  1.96743e+18  2.28593e-20  7.46604e-07  2.82524e+06  1.50910e-01  0.00000e+00
0050  1.98584e+18  2.36572e-20  7.33879e-07  2.87578e+06  1.51856e-01  0.00000e+00
0051  2.00426e+18  2.44562e-20  7.15988e-07  2.81865e+06  1.52981e-01  0.00000e+00
0052  2.02267e+18  2.64784e-20  7.12215e-07  2.56241e+06  1.54743e-01  0.00000e+00
0053  2.04109e+18  2.87928e-20  7.21582e-07  2.22929e+06  1.56889e-01  0.00000e+00
0054  2.05951e+18  2.85860e-20  7.11450e-07  2.13885e+06  1.58374e-01  0.00000e+00
0055  2.07792e+18  2.82336e-20  7.00328e-07  2.12082e+06  1.59268e-01  0.00000e+00
0056  2.09634e+18  2.76775e-20  6.87325e-07  2.14067e+06  1.60120e-01  0.00000e+00
0057  2.11475e+18  2.70721e-20  6.74051e-07  2.17788e+06  1.61256e-01  0.00000e+00
0058  2.13317e+18  2.65036e-20  6.61374e-07  2.22328e+06  1.62687e-01  0.00000e+00
0059  2.15158e+18  2.59553e-20  6.49098e-07  2.27345e+06  1.64143e-01  0.00000e+00
0060  2.17000e+18  2.54252e-20  6.37205e-07  2.32398e+06  1.65407e-01  0.00000e+00
0061  2.18841e+18  2.49276e-20  6.25825e-07  2.37034e+06  1.66515e-01  0.00000e+00
0062  2.20683e+18  2.44752e-20  6.15066e-07  2.40988e+06  1.67616e-01  0.00000e+00
0063  2.22524e+18  2.40689e-20  6.04924e-07  2.44186e+06  1.68807e-01  0.00000e+00
0064  2.24366e+18  2.36564e-20  5.94894e-07  2.46261e+06  1.70068e-01  0.00000e+00
0065  2.26207e+18  2.31722e-20  5.84301e-07  2.46870e+06  1.71302e-01  0.00000e+00
0066  2.28049e+18  2.26429e-20  5.73421e-07  2.46636e+06  1.72442e-01  0.00000e+00
0067  2.29891e+18  2.20882e-20  5.62466e-07  2.46213e+06  1.73503e-01  0.00000e+00
0068  2.31732e+18  2.15290e-20  5.51660e-07  2.46505e+06  1.74539e-01  0.00000e+00
0069  2.33574e+18  2.09592e-20  5.40969e-07  2.47853e+06  1.75567e-01  0.00000e+00
0070  2.35415e+18  2.04338e-20  5.30887e-07  2.50470e+06  1.76553e-01  0.00000e+00
0071  2.37257e+18  1.99675e-20  5.21503e-07  2.53693e+06  1.77444e-01  0.00000e+00
0072  2.39098e+18  1.96169e-20  5.13111e-07  2.57457e+06  1.78277e-01  0.00000e+00
0073  2.40940e+18  1.94729e-20  5.06605e-07  2.62497e+06  1.79302e-01  0.00000e+00
0074  2.42781e+18  1.89074e-20  4.97244e-07  2.55674e+06  1.81138e-01  0.00000e+00
0075  2.44623e+18  1.26618e-20  5.05556e-07  2.72799e+06  1.84455e-01  0.00000e+00
0076  2.46464e+18  6.18476e-21  4.86859e-07  3.90584e+06  1.89184e-01  0.00000e+00
0077  2.48306e+18  3.98918e-21  4.62473e-07  4.96365e+06  1.94998e-01  0.00000e+00
0078  2.50147e+18  3.20039e-21  4.55171e-07  5.48193e+06  2.01528e-01  0.00000e+00
0079  2.51989e+18  2.78694e-21  4.49891e-07  5.83986e+06  2.08542e-01  0.00000e+00
0080  2.53831e+18  2.51367e-21  4.45238e-07  6.12857e+06  2.15921e-01  0.00000e+00
0081  2.55672e+18  2.30859e-21  4.41000e-07  6.37868e+06  2.23598e-01  0.00000e+00
0082  2.57514e+18  2.14025e-21  4.37245e-07  6.61154e+06  2.31517e-01  0.00000e+00
0083  2.59355e+18  1.99734e-21  4.33721e-07  6.83768e+06  2.39640e-01  0.00000e+00
0084  2.61197e+18  1.87335e-21  4.30665e-07  7.05495e+06  2.47962e-01  0.00000e+00
0085  2.63038e+18  1.76394e-21  4.27890e-07  7.26517e+06  2.56510e-01  0.00000e+00
0086  2.64880e+18  1.66574e-21  4.25366e-07  7.46504e+06  2.65345e-01  0.00000e+00
0087  2.66721e+18  1.57626e-21  4.22982e-07  7.65338e+06  2.74548e-01  0.00000e+00
0088  2.68563e+18  1.49331e-21  4.20682e-07  7.82972e+06  2.84212e-01  0.00000e+00
0089  2.70404e+18  1.41544e-21  4.18437e-07  7.99537e+06  2.94426e-01  0.00000e+00
0090  2.72246e+18  1.34219e-21  4.16256e-07  8.15071e+06  3.05266e-01  0.00000e+00
0091  2.74088e+18  1.27353e-21  4.14134e-07  8.29692e+06  3.16780e-01  0.00000e+00
0092  2.75929e+18  1.20950e-21  4.12054e-07  8.43554e+06  3.28988e-01  0.00000e+00
0093  2.77771e+18  1.15028e-21  4.10099e-07  8.56483e+06  3.41886e-01  0.00000e+00
0094  2.79612e+18  1.09609e-21  4.08357e-07  8.68204e+06  3.55458e-01  0.00000e+00
0095  2.81454e+18  1.04655e-21  4.06734e-07  8.79121e+06  3.69702e-01  0.00000e+00
0096  2.83295e+18  1.00094e-21  4.05079e-07  8.89911e+06  3.84648e-01  0.00000e+00
0097  2.85137e+18  9.59034e-22  4.03620e-07  8.99812e+06  4.00389e-01  0.00000e+00
0098  2.86978e+18  9.21013e-22  4.02648e-07  9.07546e+06  4.17086e-01  0.00000e+00
0099  2.88820e+18  8.86157e-22  4.01896e-07  9.14348e+06  4.34876e-01  0.00000e+00
0100  2.90661e+18  8.49860e-22  4.00693e-07  9.22885e+06  4.53986e-01  0.00000e+00
0101  2.92503e+18  8.00004e-22  3.99388e-07  9.31548e+06  4.76431e-01  0.00000e+00
0102  2.94345e+18  7.42782e-22  3.99013e-07  9.35565e+06  5.09934e-01  0.00000e+00
0103  2.96186e+18  7.37537e-22  3.99124e-07  9.36716e+06  5.51629e-01  0.00000e+00
0104  2.98028e+18  7.99141e-22  3.98532e-07  9.40740e+06  5.57143e-01  0.00000e+00
0105  2.99869e+18  1.43236e-21  3.95437e-07  9.59185e+06  5.26826e-01  0.00000e+00
0106  3.01711e+18  6.05556e-21  3.77049e-07  9.29577e+06  3.80782e-01  0.00000e+00
0107  3.03552e+18  1.54398e-20  3.61824e-07  7.73510e+06  2.26683e-01  0.00000e+00
0108  3.05394e+18  1.62946e-20  3.64994e-07  7.13583e+06  1.67342e-01  0.00000e+00
0109  3.07235e+18  1.58208e-20  3.56920e-07  7.14531e+06  1.58423e-01  0.00000e+00
0110  3.09077e+18  1.49482e-20  3.44046e-07  7.19068e+06  1.58158e-01  0.00000e+00
0111  3.10918e+18  1.40714e-20  3.30460e-07  7.22753e+06  1.58266e-01  0.00000e+00
0112  3.12760e+18  1.32428e-20  3.17888e-07  7.26466e+06  1.58694e-01  0.00000e+00
0113  3.14602e+18  1.24406e-20  3.06591e-07  7.31827e+06  1.59626e-01  0.00000e+00
0114  3.16443e+18  1.13493e-20  2.93829e-07  7.34749e+06  1.61157e-01  0.00000e+00
0115  3.18285e+18  9.12444e-21  2.85065e-07  7.40431e+06  1.63224e-01  0.00000e+00
0116  3.20126e+18  5.65739e-21  2.82472e-07  8.03039e+06  1.65574e-01  0.00000e+00
0117  3.21968e+18  3.39830e-21  2.58327e-07  9.40014e+06  1.68156e-01  0.00000e+00
0118  3.23809e+18  2.48015e-21  2.46151e-07  1.02727e+07  1.70931e-01  0.00000e+00
0119  3.25651e+18  2.05728e-21  2.39068e-07  1.08377e+07  1.73813e-01  0.00000e+00
0120  3.27492e+18  1.81563e-21  2.33824e-07  1.12608e+07  1.76738e-01  0.00000e+00
0121  3.29334e+18  1.65222e-21  2.29359e-07  1.16117e+07  1.79670e-01  0.00000e+00
0122  3.31176e+18  1.52945e-21  2.25416e-07  1.19174e+07  1.82588e-01  0.00000e+00
0123  3.33017e+18  1.43152e-21  2.21841e-07  1.21922e+07  1.85481e-01  0.00000e+00
0124  3.34859e+18  1.35067e-21  2.18571e-07  1.24420e+07  1.88341e-01  0.00000e+00
0125  3.36700e+18  1.28159e-21  2.15581e-07  1.26722e+07  1.91168e-01  0.00000e+00
0126  3.38542e+18  1.22100e-21  2.12732e-07  1.28908e+07  1.93959e-01  0.00000e+00
0127  3.40383e+18  1.16751e-21  2.10057e-07  1.30964e+07  1.96719e-01  0.00000e+00
0128  3.42225e+18  1.11973e-21  2.07546e-07  1.32905e+07  1.99449e-01  0.00000e+00
0129  3.44066e+18  1.07641e-21  2.05166e-07  1.34762e+07  2.02154e-01  0.00000e+00
0130  3.45908e+18  1.03683e-21  2.02895e-07  1.36546e+07  2.04837e-01  0.00000e+00
0131  3.47749e+18  1.00053e-21  2.00730e-07  1.38257e+07  2.07501e-01  0.00000e+00
0132  3.49591e+18  9.67119e-22  1.98665e-07  1.39896e+07  2.10150e-01  0.00000e+00
0133  3.51433e+18  9.36293e-22  1.96697e-07  1.41466e+07  2.12786e-01  0.00000e+00
0134  3.53274e+18  9.07766e-22  1.94819e-07  1.42967e+07  2.15414e-01  0.00000e+00
0135  3.55116e+18  8.81258e-22  1.93026e-07  1.44403e+07  2.18037e-01  0.00000e+00
0136  3.56957e+18  8.56481e-22  1.91311e-07  1.45781e+07  2.20660e-01  0.00000e+00
0137  3.58799e+18  8.33184e-22  1.89664e-07  1.47112e+07  2.23285e-01  0.00000e+00
0138  3.60640e+18  8.11222e-22  1.88079e-07  1.48397e+07  2.25918e-01  0.00000e+00
0139  3.62482e+18  7.90481e-22  1.86556e-07  1.49637e+07  2.28563e-01  0.00000e+00
0140  3.64323e+18  7.70863e-22  1.85093e-07  1.50830e+07  2.31224e-01  0.00000e+00
0141  3.66165e+18  7.52275e-22  1.83687e-07  1.51978e+07  2.33904e-01  0.00000e+00
0142  3.68007e+18  7.34648e-22  1.82337e-07  1.53081e+07  2.36608e-01  0.00000e+00
0143  3.69848e+18  7.17877e-22  1.81038e-07  1.54140e+07  2.39340e-01  0.00000e+00
0144  3.71690e+18  7.01860e-22  1.79791e-07  1.55160e+07  2.42103e-01  0.00000e+00
0145  3.73531e+18  6.86565e-22  1.78589e-07  1.56142e+07  2.44900e-01  0.00000e+00
0146  3.75373e+18  6.71957e-22  1.77435e-07  1.57082e+07  2.47732e-01  0.00000e+00
0147  3.77214e+18  6.57996e-22  1.76326e-07  1.57982e+07  2.50601e-01  0.00000e+00
0148  3.79056e+18  6.44647e-22  1.75260e-07  1.58843e+07  2.53507e-01  0.00000e+00
0149  3.80897e+18  6.31880e-22  1.74235e-07  1.59666e+07  2.56451e-01  0.00000e+00
0150  3.82739e+18  6.19661e-22  1.73249e-07  1.60451e+07  2.59431e-01  0.00000e+00
0151  3.84581e+18  6.07961e-22  1.72300e-07  1.61202e+07  2.62444e-01  0.00000e+00
0152  3.86422e+18  5.96761e-22  1.71385e-07  1.61919e+07  2.65490e-01  0.00000e+00
0153  3.88264e+18  5.86040e-22  1.70503e-07  1.62602e+07  2.68566e-01  0.00000e+00
0154  3.90105e+18  5.75777e-22  1.69653e-07  1.63254e+07  2.71670e-01  0.00000e+00
0155  3.91947e+18  5.65950e-22  1.68833e-07  1.63875e+07  2.74802e-01  0.00000e+00
0156  3.93788e+18  5.56536e-22  1.68041e-07  1.64466e+07  2.77960e-01  0.00000e+00
0157  3.95630e+18  5.47507e-22  1.67276e-07  1.65028e+07  2.81148e-01  0.00000e+00
0158  3.97471e+18  5.38835e-22  1.66536e-07  1.65563e+07  2.84369e-01  0.00000e+00
0159  3.99313e+18  5.30489e-22  1.65821e-07  1.66070e+07  2.87626e-01  0.00000e+00
0160  4.01155e+18  5.22436e-22  1.65128e-07  1.66552e+07  2.90928e-01  0.00000e+00
0161  4.02996e+18  5.14643e-22  1.64458e-07  1.67009e+07  2.94282e-01  0.00000e+00
0162  4.04838e+18  5.07077e-22  1.63808e-07  1.67441e+07  2.97699e-01  0.00000e+00
0163  4.06679e+18  4.99707e-22  1.63178e-07  1.67851e+07  3.01190e-01  0.00000e+00
0164  4.08521e+18  4.92506e-22  1.62567e-07  1.68239e+07  3.04765e-01  0.00000e+00
0165  4.10362e+18  4.85447e-22  1.61973e-07  1.68606e+07  3.08434e-01  0.00000e+00
0166  4.12204e+18  4.78514e-22  1.61398e-07  1.68951e+07  3.12208e-01  0.00000e+00
0167  4.14045e+18  4.71695e-22  1.60838e-07  1.69277e+07  3.16092e-01  0.00000e+00
0168  4.15887e+18  4.64983e-22  1.60294e-07  1.69584e+07  3.20088e-01  0.00000e+00
0169  4.17728e+18  4.58381e-22  1.59765e-07  1.69872e+07  3.24196e-01  0.00000e+00
0170  4.19570e+18  4.51904e-22  1.59251e-07  1.70142e+07  3.28407e-01  0.00000e+00
0171  4.21412e+18  4.45578e-22  1.58750e-07  1.70395e+07  3.32709e-01  0.00000e+00
0172  4.23253e+18  4.39429e-22  1.58262e-07  1.70631e+07  3.37082e-01  0.00000e+00
0173  4.25095e+18  4.33490e-22  1.57787e-07  1.70851e+07  3.41502e-01  0.00000e+00
0174  4.26936e+18  4.27789e-22  1.57324e-07  1.71055e+07  3.45941e-01  0.00000e+00
0175  4.28778e+18  4.22355e-22  1.56871e-07  1.71244e+07  3.50369e-01  0.00000e+00
0176  4.30619e+18  4.17208e-22  1.56429e-07  1.71420e+07  3.54760e-01  0.00000e+00
0177  4.32461e+18  4.12357e-22  1.55997e-07  1.71583e+07  3.59091e-01  0.00000e+00
0178  4.34302e+18  4.07800e-22  1.55574e-07  1.71734e+07  3.63348e-01  0.00000e+00
0179  4.36144e+18  4.03521e-22  1.55159e-07  1.71874e+07  3.67527e-01  0.00000e+00
0180  4.37986e+18  3.99493e-22  1.54751e-07  1.72003e+07  3.71634e-01  0.00000e+00
0181  4.39827e+18  3.95676e-22  1.54351e-07  1.72123e+07  3.75687e-01  0.00000e+00
0182  4.41669e+18  3.92028e-22  1.53958e-07  1.72234e+07  3.79711e-01  0.00000e+00
0183  4.43510e+18  3.88502e-22  1.53572e-07  1.72337e+07  3.83739e-01  0.00000e+00
0184  4.45352e+18  3.85055e-22  1.53191e-07  1.72432e+07  3.87808e-01  0.00000e+00
0185  4.47193e+18  3.81648e-22  1.52816e-07  1.72519e+07  3.91951e-01  0.00000e+00
0186  4.49035e+18  3.78248e-22  1.52447e-07  1.72599e+07  3.96202e-01  0.00000e+00
0187  4.50876e+18  3.74834e-22  1.52083e-07  1.72671e+07  4.00586e-01  0.00000e+00
0188  4.52718e+18  3.71395e-22  1.51725e-07  1.72737e+07  4.05121e-01  0.00000e+00
0189  4.54560e+18  3.67936e-22  1.51372e-07  1.72797e+07  4.09815e-01  0.00000e+00
0190  4.56401e+18  3.64472e-22  1.51023e-07  1.72849e+07  4.14666e-01  0.00000e+00
0191  4.58243e+18  3.61014e-22  1.50680e-07  1.72893e+07  4.19660e-01  0.00000e+00
0192  4.60084e+18  3.57582e-22  1.50342e-07  1.72932e+07  4.24774e-01  0.00000e+00
0193  4.61926e+18  3.54202e-22  1.50008e-07  1.72965e+07  4.29979e-01  0.00000e+00
0194  4.63767e+18  3.50902e-22  1.49678e-07  1.72994e+07  4.35239e-01  0.00000e+00
0195  4.65609e+18  3.47710e-22  1.49351e-07  1.73019e+07  4.40517e-01  0.00000e+00
0196  4.67450e+18  3.44648e-22  1.49026e-07  1.73041e+07  4.45774e-01  0.00000e+00
0197  4.69292e+18  3.41736e-22  1.48702e-07  1.73062e+07  4.50979e-01  0.00000e+00
0198  4.71134e+18  3.38987e-22  1.48379e-07  1.73082e+07  4.56104e-01  0.00000e+00
0199  4.72975e+18  3.36402e-22  1.48057e-07  1.73100e+07  4.61130e-01  0.00000e+00
0200  4.74817e+18  3.33975e-22  1.47738e-07  1.73115e+07  4.66049e-01  0.00000e+00
0201  4.76658e+18  3.31703e-22  1.47421e-07  1.73128e+07  4.70868e-01  0.00000e+00
0202  4.78500e+18  3.29606e-22  1.47108e-07  1.73137e+07  4.75611e-01  0.00000e+00
0203  4.80341e+18  3.27666e-22  1.46800e-07  1.73142e+07  4.80290e-01  0.00000e+00
0204  4.82183e+18  3.25652e-22  1.46493e-07  1.73142e+07  4.84881e-01  0.00000e+00
0205  4.84024e+18  3.23079e-22  1.46191e-07  1.73138e+07  4.89409e-01  0.00000e+00
0206  4.85866e+18  3.20261e-22  1.45895e-07  1.73129e+07  4.94291e-01  0.00000e+00
0207  4.87708e+18  3.19531e-22  1.45602e-07  1.73118e+07  5.00598e-01  0.00000e+00
0208  4.89549e+18  3.20283e-22  1.45307e-07  1.73106e+07  5.08172e-01  0.00000e+00
0209  4.91391e+18  3.25920e-22  1.45014e-07  1.73097e+07  5.11208e-01  0.00000e+00
0210  4.93232e+18  3.52608e-22  1.44714e-07  1.73112e+07  5.10349e-01  0.00000e+00
0211  4.95074e+18  4.61821e-22  1.44333e-07  1.73150e+07  5.04076e-01  0.00000e+00
0212  4.96915e+18  8.74349e-22  1.43804e-07  1.73080e+07  4.81499e-01  0.00000e+00
0213  4.98757e+18  2.22169e-21  1.38792e-07  1.71880e+07  4.24465e-01  0.00000e+00
0214  5.00598e+18  4.60209e-21  1.27961e-07  1.63963e+07  3.39890e-01  0.00000e+00
0215  5.02440e+18  5.41450e-21  1.27957e-07  1.55854e+07  2.58265e-01  0.00000e+00
0216  5.04282e+18  5.33841e-21  1.25628e-07  1.54354e+07  1.90157e-01  0.00000e+00
0217  5.06123e+18  5.04442e-21  1.20938e-07  1.54809e+07  1.45594e-01  0.00000e+00
0218  5.07965e+18  4.49484e-21  1.14177e-07  1.55988e+07  1.26799e-01  0.00000e+00
0219  5.09806e+18  3.72469e-21  1.08902e-07  1.57845e+07  1.23150e-01  0.00000e+00
0220  5.11648e+18  2.82483e-21  1.05036e-07  1.61683e+07  1.23026e-01  0.00000e+00
0221  5.13489e+18  2.02068e-21  9.88853e-08  1.68873e+07  1.23123e-01  0.00000e+00
0222  5.15331e+18  1.48589e-21  9.19243e-08  1.77307e+07  1.23424e-01  0.00000e+00
0223  5.17172e+18  1.18174e-21  8.69249e-08  1.84166e+07  1.23940e-01  0.00000e+00
0224  5.19014e+18  1.00510e-21  8.35440e-08  1.89334e+07  1.24626e-01  0.00000e+00
0225  5.20856e+18  8.91668e-22  8.08788e-08  1.93532e+07  1.25427e-01  0.00000e+00
0226  5.22697e+18  8.11522e-22  7.85705e-08  1.97155e+07  1.26299e-01  0.00000e+00
0227  5.24539e+18  7.50542e-22  7.65131e-08  2.00375e+07  1.27216e-01  0.00000e+00
0228  5.26380e+18  7.01457e-22  7.46438e-08  2.03315e+07  1.28158e-01  0.00000e+00
0229  5.28222e+18  6.60442e-22  7.29145e-08  2.06046e+07  1.29115e-01  0.00000e+00
0230  5.30063e+18  6.25322e-22  7.13044e-08  2.08603e+07  1.30080e-01  0.00000e+00
0231  5.31905e+18  5.94677e-22  6.97990e-08  2.11012e+07  1.31050e-01  0.00000e+00
0232  5.33746e+18  5.67568e-22  6.83818e-08  2.13297e+07  1.32019e-01  0.00000e+00
0233  5.35588e+18  5.43372e-22  6.70433e-08  2.15472e+07  1.32987e-01  0.00000e+00
0234  5.37430e+18  5.21618e-22  6.57752e-08  2.17544e+07  1.33950e-01  0.00000e+00
0235  5.39271e+18  5.01859e-22  6.45729e-08  2.19526e+07  1.34908e-01  0.00000e+00
0236  5.41113e+18  4.83736e-22  6.34242e-08  2.21444e+07  1.35857e-01  0.00000e+00
0237  5.42954e+18  4.67058e-22  6.23216e-08  2.23302e+07  1.36798e-01  0.00000e+00
0238  5.44796e+18  4.51653e-22  6.12661e-08  2.25098e+07  1.37729e-01  0.00000e+00
0239  5.46637e+18  4.37345e-22  6.02537e-08  2.26841e+07  1.38649e-01  0.00000e+00
0240  5.48479e+18  4.23995e-22  5.92791e-08  2.28537e+07  1.39558e-01  0.00000e+00
0241  5.50320e+18  4.11502e-22  5.83396e-08  2.30191e+07  1.40456e-01  0.00000e+00
0242  5.52162e+18  3.99785e-22  5.74335e-08  2.31802e+07  1.41343e-01  0.00000e+00
0243  5.54004e+18  3.88775e-22  5.65594e-08  2.33373e+07  1.42219e-01  0.00000e+00
0244  5.55845e+18  3.78408e-22  5.57155e-08  2.34903e+07  1.43084e-01  0.00000e+00
0245  5.57687e+18  3.68629e-22  5.49006e-08  2.36394e+07  1.43939e-01  0.00000e+00
0246  5.59528e+18  3.59391e-22  5.41133e-08  2.37847e+07  1.44785e-01  0.00000e+00
0247  5.61370e+18  3.50647e-22  5.33521e-08  2.39263e+07  1.45622e-01  0.00000e+00
0248  5.63211e+18  3.42340e-22  5.26160e-08  2.40645e+07  1.46451e-01  0.00000e+00
0249  5.65053e+18  3.34423e-22  5.19017e-08  2.42001e+07  1.47272e-01  0.00000e+00
0250  5.66894e+18  3.26864e-22  5.12081e-08  2.43330e+07  1.48087e-01  0.00000e+00
0251  5.68736e+18  3.19639e-22  5.05348e-08  2.44633e+07  1.48896e-01  0.00000e+00
0252  5.70578e+18  3.12724e-22  4.98809e-08  2.45911e+07  1.49698e-01  0.00000e+00
0253  5.72419e+18  3.06101e-22  4.92459e-08  2.47164e+07  1.50496e-01  0.00000e+00
0254  5.74261e+18  2.99754e-22  4.86291e-08  2.48392e+07  1.51290e-01  0.00000e+00
0255  5.76102e+18  2.93666e-22  4.80299e-08  2.49595e+07  1.52079e-01  0.00000e+00
0256  5.77944e+18  2.87823e-22  4.74477e-08  2.50773e+07  1.52864e-01  0.00000e+00
0257  5.79785e+18  2.82212e-22  4.68819e-08  2.51927e+07  1.53646e-01  0.00000e+00
0258  5.81627e+18  2.76821e-22  4.63321e-08  2.53057e+07  1.54425e-01  0.00000e+00
0259  5.83468e+18  2.71639e-22  4.57977e-08  2.54162e+07  1.55201e-01  0.00000e+00
0260  5.85310e+18  2.66653e-22  4.52782e-08  2.55243e+07  1.55974e-01  0.00000e+00
0261  5.87152e+18  2.61853e-22  4.47733e-08  2.56300e+07  1.56745e-01  0.00000e+00
0262  5.88993e+18  2.57227e-22  4.42823e-08  2.57335e+07  1.57513e-01  0.00000e+00
0263  5.90835e+18  2.52767e-22  4.38049e-08  2.58348e+07  1.58280e-01  0.00000e+00
0264  5.92676e+18  2.48466e-22  4.33407e-08  2.59338e+07  1.59044e-01  0.00000e+00
0265  5.94518e+18  2.44317e-22  4.28895e-08  2.60305e+07  1.59807e-01  0.00000e+00
0266  5.96359e+18  2.40312e-22  4.24508e-08  2.61249e+07  1.60568e-01  0.00000e+00
0267  5.98201e+18  2.36444e-22  4.20242e-08  2.62171e+07  1.61327e-01  0.00000e+00
0268  6.00043e+18  2.32708e-22  4.16094e-08  2.63072e+07  1.62085e-01  0.00000e+00
0269  6.01884e+18  2.29097e-22  4.12058e-08  2.63951e+07  1.62841e-01  0.00000e+00
0270  6.03726e+18  2.25605e-22  4.08130e-08  2.64809e+07  1.63596e-01  0.00000e+00
0271  6.05567e+18  2.22226e-22  4.04307e-08  2.65647e+07  1.64349e-01  0.00000e+00
0272  6.07409e+18  2.18956e-22  4.00585e-08  2.66465e+07  1.65101e-01  0.00000e+00
0273  6.09250e+18  2.15789e-22  3.96960e-08  2.67263e+07  1.65852e-01  0.00000e+00
0274  6.11092e+18  2.12722e-22  3.93430e-08  2.68041e+07  1.66602e-01  0.00000e+00
0275  6.12933e+18  2.09748e-22  3.89993e-08  2.68800e+07  1.67351e-01  0.00000e+00
0276  6.14775e+18  2.06863e-22  3.86646e-08  2.69540e+07  1.68099e-01  0.00000e+00
0277  6.16617e+18  2.04063e-22  3.83387e-08  2.70262e+07  1.68846e-01  0.00000e+00
0278  6.18458e+18  2.01346e-22  3.80215e-08  2.70965e+07  1.69592e-01  0.00000e+00
0279  6.20300e+18  1.98708e-22  3.77128e-08  2.71649e+07  1.70336e-01  0.00000e+00
0280  6.22141e+18  1.96148e-22  3.74125e-08  2.72314e+07  1.71080e-01  0.00000e+00
0281  6.23983e+18  1.93661e-22  3.71205e-08  2.72959e+07  1.71823e-01  0.00000e+00
0282  6.25824e+18  1.91243e-22  3.68361e-08  2.73589e+07  1.72565e-01  0.00000e+00
0283  6.27666e+18  1.88888e-22  3.65589e-08  2.74202e+07  1.73305e-01  0.00000e+00
0284  6.29507e+18  1.86597e-22  3.62887e-08  2.74800e+07  1.74045e-01  0.00000e+00
0285  6.31349e+18  1.84365e-22  3.60256e-08  2.75382e+07  1.74783e-01  0.00000e+00
0286  6.33191e+18  1.82193e-22  3.57693e-08  2.75948e+07  1.75519e-01  0.00000e+00
0287  6.35032e+18  1.80079e-22  3.55197e-08  2.76498e+07  1.76255e-01  0.00000e+00
0288  6.36874e+18  1.78020e-22  3.52768e-08  2.77032e+07  1.76988e-01  0.00000e+00
0289  6.38715e+18  1.76016e-22  3.50405e-08  2.77549e+07  1.77720e-01  0.00000e+00
0290  6.40557e+18  1.74065e-22  3.48105e-08  2.78051e+07  1.78449e-01  0.00000e+00
0291  6.42398e+18  1.72165e-22  3.45867e-08  2.78537e+07  1.79177e-01  0.00000e+00
0292  6.44240e+18  1.70315e-22  3.43688e-08  2.79008e+07  1.79902e-01  0.00000e+00
0293  6.46081e+18  1.68514e-22  3.41566e-08  2.79464e+07  1.80624e-01  0.00000e+00
0294  6.47923e+18  1.66758e-22  3.39498e-08  2.79906e+07  1.81344e-01  0.00000e+00
0295  6.49765e+18  1.65047e-22  3.37481e-08  2.80335e+07  1.82060e-01  0.00000e+00
0296  6.51606e+18  1.63380e-22  3.35513e-08  2.80750e+07  1.82772e-01  0.00000e+00
0297  6.53448e+18  1.61755e-22  3.33592e-08  2.81153e+07  1.83481e-01  0.00000e+00
0298  6.55289e+18  1.60170e-22  3.31715e-08  2.81543e+07  1.84186e-01  0.00000e+00
0299  6.57131e+18  1.58625e-22  3.29880e-08  2.81923e+07  1.84885e-01  0.00000e+00
0300  6.58972e+18  1.57118e-22  3.28087e-08  2.82291e+07  1.85580e-01  0.00000e+00
0301  6.60814e+18  1.55649e-22  3.26332e-08  2.82648e+07  1.86269e-01  0.00000e+00
0302  6.62655e+18  1.54217e-22  3.24617e-08  2.82994e+07  1.86951e-01  0.00000e+00
0303  6.64497e+18  1.52820e-22  3.22939e-08  2.83329e+07  1.87628e-01  0.00000e+00
0304  6.66339e+18  1.51460e-22  3.21299e-08  2.83653e+07  1.88298e-01  0.00000e+00
0305  6.68180e+18  1.50133e-22  3.19697e-08  2.83967e+07  1.88960e-01  0.00000e+00
0306  6.70022e+18  1.48841e-22  3.18131e-08  2.84270e+07  1.89615e-01  0.00000e+00
0307  6.71863e+18  1.47582e-22  3.16600e-08  2.84562e+07  1.90263e-01  0.00000e+00
0308  6.73705e+18  1.46355e-22  3.15105e-08  2.84843e+07  1.90903e-01  0.00000e+00
0309  6.75546e+18  1.45159e-22  3.13642e-08  2.85115e+07  1.91535e-01  0.00000e+00
0310  6.77388e+18  1.43992e-22  3.12213e-08  2.85376e+07  1.92160e-01  0.00000e+00
0311  6.79229e+18  1.42855e-22  3.10814e-08  2.85628e+07  1.92776e-01  0.00000e+00
0312  6.81071e+18  1.41745e-22  3.09446e-08  2.85871e+07  1.93386e-01  0.00000e+00
0313  6.82913e+18  1.40662e-22  3.08108e-08  2.86104e+07  1.93988e-01  0.00000e+00
0314  6.84754e+18  1.39606e-22  3.06800e-08  2.86328e+07  1.94583e-01  0.00000e+00
0315  6.86596e+18  1.38574e-22  3.05519e-08  2.86544e+07  1.95172e-01  0.00000e+00
0316  6.88437e+18  1.37566e-22  3.04266e-08  2.86750e+07  1.95754e-01  0.00000e+00
0317  6.90279e+18  1.36581e-22  3.03039e-08  2.86948e+07  1.96331e-01  0.00000e+00
0318  6.92120e+18  1.35619e-22  3.01837e-08  2.87138e+07  1.96903e-01  0.00000e+00
0319  6.93962e+18  1.34677e-22  3.00659e-08  2.87321e+07  1.97470e-01  0.00000e+00
0320  6.95803e+18  1.33756e-22  2.99506e-08  2.87495e+07  1.98033e-01  0.00000e+00
0321  6.97645e+18  1.32854e-22  2.98375e-08  2.87662e+07  1.98593e-01  0.00000e+00
0322  6.99487e+18  1.31971e-22  2.97267e-08  2.87822e+07  1.99151e-01  0.00000e+00
0323  7.01328e+18  1.31105e-22  2.96180e-08  2.87974e+07  1.99706e-01  0.00000e+00
0324  7.03170e+18  1.30257e-22  2.95114e-08  2.88119e+07  2.00260e-01  0.00000e+00
0325  7.05011e+18  1.29424e-22  2.94067e-08  2.88258e+07  2.00813e-01  0.00000e+00
0326  7.06853e+18  1.28607e-22  2.93039e-08  2.88391e+07  2.01366e-01  0.00000e+00
0327  7.08694e+18  1.27804e-22  2.92029e-08  2.88518e+07  2.01920e-01  0.00000e+00
0328  7.10536e+18  1.27014e-22  2.91036e-08  2.88639e+07  2.02475e-01  0.00000e+00
0329  7.12378e+18  1.26238e-22  2.90058e-08  2.88755e+07  2.03032e-01  0.00000e+00
0330  7.14219e+18  1.25474e-22  2.89095e-08  2.88866e+07  2.03591e-01  0.00000e+00
0331  7.16061e+18  1.24721e-22  2.88145e-08  2.88972e+07  2.04153e-01  0.00000e+00
0332  7.17902e+18  1.23979e-22  2.87209e-08  2.89074e+07  2.04718e-01  0.00000e+00
0333  7.19744e+18  1.23248e-22  2.86284e-08  2.89173e+07  2.05287e-01  0.00000e+00
0334  7.21585e+18  1.22527e-22  2.85371e-08  2.89267e+07  2.05859e-01  0.00000e+00
0335  7.23427e+18  1.21816e-22  2.84468e-08  2.89359e+07  2.06435e-01  0.00000e+00
0336  7.25268e+18  1.21115e-22  2.83575e-08  2.89447e+07  2.07014e-01  0.00000e+00
0337  7.27110e+18  1.20422e-22  2.82691e-08  2.89532e+07  2.07598e-01  0.00000e+00
0338  7.28952e+18  1.19739e-22  2.81816e-08  2.89614e+07  2.08186e-01  0.00000e+00
0339  7.30793e+18  1.19064e-22  2.80949e-08  2.89694e+07  2.08777e-01  0.00000e+00
0340  7.32635e+18  1.18398e-22  2.80091e-08  2.89771e+07  2.09372e-01  0.00000e+00
0341  7.34476e+18  1.17741e-22  2.79241e-08  2.89845e+07  2.09970e-01  0.00000e+00
0342  7.36318e+18  1.17093e-22  2.78398e-08  2.89918e+07  2.10571e-01  0.00000e+00
0343  7.38159e+18  1.16453e-22  2.77563e-08  2.89988e+07  2.11176e-01  0.00000e+00
0344  7.40001e+18  1.15822e-22  2.76735e-08  2.90055e+07  2.11782e-01  0.00000e+00
0345  7.41842e+18  1.15199e-22  2.75913e-08  2.90121e+07  2.12391e-01  0.00000e+00
0346  7.43684e+18  1.14584e-22  2.75098e-08  2.90185e+07  2.13002e-01  0.00000e+00
0347  7.45526e+18  1.13978e-22  2.74290e-08  2.90247e+07  2.13615e-01  0.00000e+00
0348  7.47367e+18  1.13380e-22  2.73488e-08  2.90307e+07  2.14230e-01  0.00000e+00
0349  7.49209e+18  1.12791e-22  2.72692e-08  2.90365e+07  2.14845e-01  0.00000e+00
0350  7.51050e+18  1.12210e-22  2.71904e-08  2.90421e+07  2.15462e-01  0.00000e+00
0351  7.52892e+18  1.11637e-22  2.71124e-08  2.90474e+07  2.16079e-01  0.00000e+00
0352  7.54733e+18  1.11073e-22  2.70352e-08  2.90524e+07  2.16698e-01  0.00000e+00
0353  7.56575e+18  1.10517e-22  2.69588e-08  2.90571e+07  2.17317e-01  0.00000e+00
0354  7.58416e+18  1.09970e-22  2.68833e-08  2.90616e+07  2.17937e-01  0.00000e+00
0355  7.60258e+18  1.09431e-22  2.68087e-08  2.90657e+07  2.18558e-01  0.00000e+00
0356  7.62100e+18  1.08900e-22  2.67350e-08  2.90695e+07  2.19179e-01  0.00000e+00
0357  7.63941e+18  1.08377e-22  2.66620e-08  2.90730e+07  2.19801e-01  0.00000e+00
0358  7.65783e+18  1.07862e-22  2.65899e-08  2.90763e+07  2.20425e-01  0.00000e+00
0359  7.67624e+18  1.07354e-22  2.65187e-08  2.90792e+07  2.21049e-01  0.00000e+00
0360  7.69466e+18  1.06854e-22  2.64482e-08  2.90818e+07  2.21676e-01  0.00000e+00
0361  7.71307e+18  1.06360e-22  2.63786e-08  2.90842e+07  2.22304e-01  0.00000e+00
0362  7.73149e+18  1.05874e-22  2.63098e-08  2.90862e+07  2.22934e-01  0.00000e+00
0363  7.74990e+18  1.05393e-22  2.62419e-08  2.90879e+07  2.23567e-01  0.00000e+00
0364  7.76832e+18  1.04918e-22  2.61747e-08  2.90894e+07  2.24203e-01  0.00000e+00
0365  7.78674e+18  1.04448e-22  2.61085e-08  2.90905e+07  2.24843e-01  0.00000e+00
0366  7.80515e+18  1.03982e-22  2.60431e-08  2.90912e+07  2.25487e-01  0.00000e+00
0367  7.82357e+18  1.03521e-22  2.59788e-08  2.90917e+07  2.26137e-01  0.00000e+00
0368  7.84198e+18  1.03063e-22  2.59150e-08  2.90917e+07  2.26791e-01  0.00000e+00
0369  7.86040e+18  1.02609e-22  2.58520e-08  2.90915e+07  2.27451e-01  0.00000e+00
0370  7.87881e+18  1.02159e-22  2.57897e-08  2.90911e+07  2.28117e-01  0.00000e+00
0371  7.89723e+18  1.01715e-22  2.57279e-08  2.90905e+07  2.28789e-01  0.00000e+00
0372  7.91564e+18  1.01273e-22  2.56658e-08  2.90901e+07  2.29466e-01  0.00000e+00
0373  7.93406e+18  1.00835e-22  2.56034e-08  2.90902e+07  2.30150e-01  0.00000e+00
0374  7.95248e+18  1.00401e-22  2.55404e-08  2.90906e+07  2.30841e-01  0.00000e+00
0375  7.97089e+18  9.99690e-23  2.54768e-08  2.90913e+07  2.31538e-01  0.00000e+00
0376  7.98931e+18  9.95390e-23  2.54128e-08  2.90924e+07  2.32242e-01  0.00000e+00
0377  8.00772e+18  9.91108e-23  2.53485e-08  2.90936e+07  2.32954e-01  0.00000e+00
0378  8.02614e+18  9.86847e-23  2.52842e-08  2.90950e+07  2.33673e-01  0.00000e+00
0379  8.04455e+18  9.82616e-23  2.52202e-08  2.90963e+07  2.34399e-01  0.00000e+00
0380  8.06297e+18  9.78422e-23  2.51568e-08  2.90974e+07  2.35133e-01  0.00000e+00
0381  8.08139e+18  9.74282e-23  2.50947e-08  2.90981e+07  2.35873e-01  0.00000e+00
0382  8.09980e+18  9.70186e-23  2.50334e-08  2.90981e+07  2.36622e-01  0.00000e+00
0383  8.11822e+18  9.66143e-23  2.49733e-08  2.90977e+07  2.37377e-01  0.00000e+00
0384  8.13663e+18  9.62169e-23  2.49152e-08  2.90966e+07  2.38139e-01  0.00000e+00
0385  8.15505e+18  9.58270e-23  2.48592e-08  2.90944e+07  2.38909e-01  0.00000e+00
0386  8.17346e+18  9.54444e-23  2.48054e-08  2.90912e+07  2.39686e-01  0.00000e+00
0387  8.19188e+18  9.50688e-23  2.47536e-08  2.90871e+07  2.40469e-01  0.00000e+00
0388  8.21029e+18  9.46996e-23  2.47034e-08  2.90822e+07  2.41259e-01  0.00000e+00
0389  8.22871e+18  9.43359e-23  2.46546e-08  2.90766e+07  2.42055e-01  0.00000e+00
0390  8.24713e+18  9.39768e-23  2.46066e-08  2.90707e+07  2.42858e-01  0.00000e+00
0391  8.26554e+18  9.36214e-23  2.45592e-08  2.90645e+07  2.43666e-01  0.00000e+00
0392  8.28396e+18  9.32690e-23  2.45118e-08  2.90584e+07  2.44480e-01  0.00000e+00
0393  8.30237e+18  9.29188e-23  2.44643e-08  2.90524e+07  2.45299e-01  0.00000e+00
0394  8.32079e+18  9.25703e-23  2.44163e-08  2.90467e+07  2.46123e-01  0.00000e+00
0395  8.33920e+18  9.22232e-23  2.43676e-08  2.90415e+07  2.46952e-01  0.00000e+00
0396  8.35762e+18  9.18772e-23  2.43181e-08  2.90367e+07  2.47784e-01  0.00000e+00
0397  8.37603e+18  9.15320e-23  2.42676e-08  2.90324e+07  2.48619e-01  0.00000e+00
0398  8.39445e+18  9.11874e-23  2.42160e-08  2.90288e+07  2.49457e-01  0.00000e+00
0399  8.41287e+18  9.08437e-23  2.41634e-08  2.90259e+07  2.50298e-01  0.00000e+00
0400  8.43128e+18  9.05011e-23  2.41099e-08  2.90235e+07  2.51141e-01  0.00000e+00
0401  8.44970e+18  9.01603e-23  2.40556e-08  2.90215e+07  2.51985e-01  0.00000e+00
0402  8.46811e+18  8.98191e-23  2.39997e-08  2.90202e+07  2.52831e-01  0.00000e+00
0403  8.48653e+18  8.94788e-23  2.39427e-08  2.90202e+07  2.53677e-01  0.00000e+00
0404  8.50494e+18  8.91402e-23  2.38849e-08  2.90204e+07  2.54524e-01  0.00000e+00
0405  8.52336e+18  8.88030e-23  2.38262e-08  2.90212e+07  2.55371e-01  0.00000e+00
0406  8.54177e+18  8.84665e-23  2.37663e-08  2.90227e+07  2.56218e-01  0.00000e+00
0407  8.56019e+18  8.81300e-23  2.37049e-08  2.90251e+07  2.57067e-01  0.00000e+00
0408  8.57861e+18  8.77931e-23  2.36419e-08  2.90284e+07  2.57916e-01  0.00000e+00
0409  8.59702e+18  8.74555e-23  2.35773e-08  2.90327e+07  2.58767e-01  0.00000e+00
0410  8.61544e+18  8.71170e-23  2.35111e-08  2.90381e+07  2.59620e-01  0.00000e+00
0411  8.63385e+18  8.67776e-23  2.34433e-08  2.90443e+07  2.60478e-01  0.00000e+00
0412  8.65227e+18  8.64369e-23  2.33742e-08  2.90515e+07  2.61341e-01  0.00000e+00
0413  8.67068e+18  8.60946e-23  2.33036e-08  2.90596e+07  2.62211e-01  0.00000e+00
0414  8.68910e+18  8.57504e-23  2.32319e-08  2.90685e+07  2.63091e-01  0.00000e+00
0415  8.70751e+18  8.54039e-23  2.31589e-08  2.90781e+07  2.63984e-01  0.00000e+00
0416  8.72593e+18  8.50546e-23  2.30850e-08  2.90885e+07  2.64893e-01  0.00000e+00
0417  8.74435e+18  8.47019e-23  2.30101e-08  2.90996e+07  2.65821e-01  0.00000e+00
0418  8.76276e+18  8.43454e-23  2.29344e-08  2.91113e+07  2.66772e-01  0.00000e+00
0419  8.78118e+18  8.39842e-23  2.28580e-08  2.91235e+07  2.67748e-01  0.00000e+00
0420  8.79959e+18  8.36180e-23  2.27810e-08  2.91363e+07  2.68755e-01  0.00000e+00
0421  8.81801e+18  8.32462e-23  2.27034e-08  2.91496e+07  2.69795e-01  0.00000e+00
0422  8.83642e+18  8.28683e-23  2.26253e-08  2.91633e+07  2.70870e-01  0.00000e+00
0423  8.85484e+18  8.24840e-23  2.25467e-08  2.91775e+07  2.71984e-01  0.00000e+00
0424  8.87326e+18  8.20933e-23  2.24677e-08  2.91921e+07  2.73137e-01  0.00000e+00
0425  8.89167e+18  8.16963e-23  2.23884e-08  2.92072e+07  2.74330e-01  0.00000e+00
0426  8.91009e+18  8.12935e-23  2.23086e-08  2.92226e+07  2.75560e-01  0.00000e+00
0427  8.92850e+18  8.08856e-23  2.22285e-08  2.92385e+07  2.76826e-01  0.00000e+00
0428  8.94692e+18  8.04740e-23  2.21481e-08  2.92548e+07  2.78122e-01  0.00000e+00
0429  8.96533e+18  8.00602e-23  2.20674e-08  2.92714e+07  2.79442e-01  0.00000e+00
0430  8.98375e+18  7.96462e-23  2.19864e-08  2.92885e+07  2.80777e-01  0.00000e+00
0431  9.00216e+18  7.92342e-23  2.19051e-08  2.93059e+07  2.82116e-01  0.00000e+00
0432  9.02058e+18  7.88268e-23  2.18235e-08  2.93238e+07  2.83448e-01  0.00000e+00
0433  9.03900e+18  7.84267e-23  2.17417e-08  2.93420e+07  2.84760e-01  0.00000e+00
0434  9.05741e+18  7.80364e-23  2.16596e-08  2.93606e+07  2.86038e-01  0.00000e+00
0435  9.07583e+18  7.76586e-23  2.15773e-08  2.93796e+07  2.87268e-01  0.00000e+00
0436  9.09424e+18  7.72953e-23  2.14948e-08  2.93990e+07  2.88440e-01  0.00000e+00
0437  9.11266e+18  7.69481e-23  2.14120e-08  2.94187e+07  2.89542e-01  0.00000e+00
0438  9.13107e+18  7.66180e-23  2.13289e-08  2.94389e+07  2.90568e-01  0.00000e+00
0439  9.14949e+18  7.63052e-23  2.12456e-08  2.94594e+07  2.91515e-01  0.00000e+00
0440  9.16790e+18  7.60089e-23  2.11621e-08  2.94803e+07  2.92384e-01  0.00000e+00
0441  9.18632e+18  7.57279e-23  2.10784e-08  2.95016e+07  2.93179e-01  0.00000e+00
0442  9.20474e+18  7.54602e-23  2.09944e-08  2.95232e+07  2.93909e-01  0.00000e+00
0443  9.22315e+18  7.52033e-23  2.09103e-08  2.95452e+07  2.94584e-01  0.00000e+00
0444  9.24157e+18  7.49545e-23  2.08259e-08  2.95675e+07  2.95218e-01  0.00000e+00
0445  9.25998e+18  7.47112e-23  2.07415e-08  2.95902e+07  2.95825e-01  0.00000e+00
0446  9.27840e+18  7.44706e-23  2.06569e-08  2.96132e+07  2.96416e-01  0.00000e+00
0447  9.29681e+18  7.42303e-23  2.05722e-08  2.96364e+07  2.97005e-01  0.00000e+00
0448  9.31523e+18  7.39884e-23  2.04875e-08  2.96599e+07  2.97602e-01  0.00000e+00
0449  9.33364e+18  7.37431e-23  2.04028e-08  2.96837e+07  2.98217e-01  0.00000e+00
0450  9.35206e+18  7.34932e-23  2.03181e-08  2.97077e+07  2.98857e-01  0.00000e+00
0451  9.37048e+18  7.32381e-23  2.02335e-08  2.97319e+07  2.99527e-01  0.00000e+00
0452  9.38889e+18  7.29775e-23  2.01490e-08  2.97563e+07  3.00229e-01  0.00000e+00
0453  9.40731e+18  7.27117e-23  2.00647e-08  2.97809e+07  3.00965e-01  0.00000e+00
0454  9.42572e+18  7.24414e-23  1.99805e-08  2.98056e+07  3.01732e-01  0.00000e+00
0455  9.44414e+18  7.21674e-23  1.98966e-08  2.98304e+07  3.02527e-01  0.00000e+00
0456  9.46255e+18  7.18910e-23  1.98128e-08  2.98554e+07  3.03345e-01  0.00000e+00
0457  9.48097e+18  7.16136e-23  1.97294e-08  2.98805e+07  3.04180e-01  0.00000e+00
0458  9.49939e+18  7.13365e-23  1.96462e-08  2.99056e+07  3.05027e-01  0.00000e+00
0459  9.51780e+18  7.10609e-23  1.95633e-08  2.99309e+07  3.05877e-01  0.00000e+00
0460  9.53622e+18  7.07879e-23  1.94807e-08  2.99563e+07  3.06727e-01  0.00000e+00
0461  9.55463e+18  7.05183e-23  1.93984e-08  2.99817e+07  3.07570e-01  0.00000e+00
0462  9.57305e+18  7.02527e-23  1.93164e-08  3.00072e+07  3.08404e-01  0.00000e+00
0463  9.59146e+18  6.99913e-23  1.92348e-08  3.00328e+07  3.09226e-01  0.00000e+00
0464  9.60988e+18  6.97343e-23  1.91534e-08  3.00585e+07  3.10036e-01  0.00000e+00
0465  9.62829e+18  6.94814e-23  1.90723e-08  3.00843e+07  3.10833e-01  0.00000e+00
0466  9.64671e+18  6.92323e-23  1.89915e-08  3.01102e+07  3.11619e-01  0.00000e+00
0467  9.66513e+18  6.89868e-23  1.89111e-08  3.01361e+07  3.12394e-01  0.00000e+00
0468  9.68354e+18  6.87443e-23  1.88309e-08  3.01621e+07  3.13162e-01  0.00000e+00
0469  9.70196e+18  6.85045e-23  1.87511e-08  3.01882e+07  3.13923e-01  0.00000e+00
0470  9.72037e+18  6.82670e-23  1.86716e-08  3.02144e+07  3.14680e-01  0.00000e+00
0471  9.73879e+18  6.80315e-23  1.85924e-08  3.02407e+07  3.15434e-01  0.00000e+00
0472  9.75720e+18  6.77978e-23  1.85135e-08  3.02670e+07  3.16186e-01  0.00000e+00
0473  9.77562e+18  6.75657e-23  1.84350e-08  3.02935e+07  3.16938e-01  0.00000e+00
0474  9.79403e+18  6.73352e-23  1.83568e-08  3.03200e+07  3.17690e-01  0.00000e+00
0475  9.81245e+18  6.71062e-23  1.82789e-08  3.03465e+07  3.18441e-01  0.00000e+00
0476  9.83087e+18  6.68788e-23  1.82013e-08  3.03732e+07  3.19192e-01  0.00000e+00
0477  9.84928e+18  6.66530e-23  1.81241e-08  3.03999e+07  3.19944e-01  0.00000e+00
0478  9.86770e+18  6.64288e-23  1.80472e-08  3.04267e+07  3.20694e-01  0.00000e+00
0479  9.88611e+18  6.62063e-23  1.79707e-08  3.04536e+07  3.21445e-01  0.00000e+00
0480  9.90453e+18  6.59855e-23  1.78945e-08  3.04805e+07  3.22194e-01  0.00000e+00
0481  9.92294e+18  6.57664e-23  1.78187e-08  3.05075e+07  3.22943e-01  0.00000e+00
0482  9.94136e+18  6.55491e-23  1.77432e-08  3.05345e+07  3.23690e-01  0.00000e+00
0483  9.95977e+18  6.53335e-23  1.76681e-08  3.05616e+07  3.24437e-01  0.00000e+00
0484  9.97819e+18  6.51196e-23  1.75934e-08  3.05888e+07  3.25184e-01  0.00000e+00
0485  9.99661e+18  6.49076e-23  1.75191e-08  3.06160e+07  3.25930e-01  0.00000e+00
0486  1.00150e+19  6.46972e-23  1.74451e-08  3.06432e+07  3.26676e-01  0.00000e+00
0487  1.00334e+19  6.44886e-23  1.73716e-08  3.06704e+07  3.27423e-01  0.00000e+00
0488  1.00519e+19  6.42817e-23  1.72986e-08  3.06977e+07  3.28170e-01  0.00000e+00
0489  1.00703e+19  6.40765e-23  1.72259e-08  3.07249e+07  3.28918e-01  0.00000e+00
0490  1.00887e+19  6.38730e-23  1.71537e-08  3.07522e+07  3.29668e-01  0.00000e+00
0491  1.01071e+19  6.36712e-23  1.70819e-08  3.07794e+07  3.30419e-01  0.00000e+00
0492  1.01255e+19  6.34709e-23  1.70106e-08  3.08067e+07  3.31172e-01  0.00000e+00
0493  1.01439e+19  6.32722e-23  1.69397e-08  3.08339e+07  3.31927e-01  0.00000e+00
0494  1.01623e+19  6.30749e-23  1.68692e-08  3.08611e+07  3.32685e-01  0.00000e+00
0495  1.01808e+19  6.28790e-23  1.67991e-08  3.08884e+07  3.33446e-01  0.00000e+00
0496  1.01992e+19  6.26845e-23  1.67294e-08  3.09156e+07  3.34209e-01  0.00000e+00
0497  1.02176e+19  6.24911e-23  1.66602e-08  3.09428e+07  3.34977e-01  0.00000e+00
0498  1.02360e+19  6.22990e-23  1.65913e-08  3.09701e+07  3.35748e-01  0.00000e+00
0499  1.02544e+19  6.21079e-23  1.65228e-08  3.09974e+07  3.36523e-01  0.00000e+00
0500  1.02728e+19  6.19179e-23  1.64546e-08  3.10247e+07  3.37302e-01  0.00000e+00
0501  1.02913e+19  6.17289e-23  1.63868e-08  3.10521e+07  3.38085e-01  0.00000e+00
0502  1.03097e+19  6.15407e-23  1.63193e-08  3.10795e+07  3.38874e-01  0.00000e+00
0503  1.03281e+19  6.13534e-23  1.62521e-08  3.11069e+07  3.39668e-01  0.00000e+00
0504  1.03465e+19  6.11669e-23  1.61853e-08  3.11344e+07  3.40468e-01  0.00000e+00
0505  1.03649e+19  6.09812e-23  1.61188e-08  3.11620e+07  3.41273e-01  0.00000e+00
0506  1.03833e+19  6.07961e-23  1.60526e-08  3.11896e+07  3.42086e-01  0.00000e+00
0507  1.04017e+19  6.06116e-23  1.59867e-08  3.12172e+07  3.42906e-01  0.00000e+00
0508  1.04202e+19  6.04275e-23  1.59211e-08  3.12449e+07  3.43734e-01  0.00000e+00
0509  1.04386e+19  6.02440e-23  1.58559e-08  3.12726e+07  3.44571e-01  0.00000e+00
0510  1.04570e+19  6.00608e-23  1.57909e-08  3.13004e+07  3.45417e-01  0.00000e+00
0511  1.04754e+19  5.98778e-23  1.57263e-08  3.13282e+07  3.46273e-01  0.00000e+00
0512  1.04938e+19  5.96951e-23  1.56620e-08  3.13560e+07  3.47141e-01  0.00000e+00
0513  1.05122e+19  5.95125e-23  1.55981e-08  3.13838e+07  3.48020e-01  0.00000e+00
0514  1.05307e+19  5.93299e-23  1.55345e-08  3.14117e+07  3.48911e-01  0.00000e+00
0515  1.05491e+19  5.91474e-23  1.54712e-08  3.14395e+07  3.49815e-01  0.00000e+00
0516  1.05675e+19  5.89647e-23  1.54083e-08  3.14674e+07  3.50733e-01  0.00000e+00
0517  1.05859e+19  5.87819e-23  1.53457e-08  3.14952e+07  3.51665e-01  0.00000e+00
0518  1.06043e+19  5.85988e-23  1.52834e-08  3.15231e+07  3.52612e-01  0.00000e+00
0519  1.06227e+19  5.84154e-23  1.52215e-08  3.15509e+07  3.53573e-01  0.00000e+00
0520  1.06412e+19  5.82316e-23  1.51599e-08  3.15788e+07  3.54550e-01  0.00000e+00
0521  1.06596e+19  5.80473e-23  1.50986e-08  3.16066e+07  3.55542e-01  0.00000e+00
0522  1.06780e+19  5.78624e-23  1.50377e-08  3.16344e+07  3.56549e-01  0.00000e+00
0523  1.06964e+19  5.76769e-23  1.49770e-08  3.16622e+07  3.57571e-01  0.00000e+00
0524  1.07148e+19  5.74908e-23  1.49167e-08  3.16900e+07  3.58608e-01  0.00000e+00
0525  1.07332e+19  5.73042e-23  1.48566e-08  3.17179e+07  3.59660e-01  0.00000e+00
0526  1.07516e+19  5.71171e-23  1.47968e-08  3.17457e+07  3.60725e-01  0.00000e+00
0527  1.07701e+19  5.69296e-23  1.47374e-08  3.17735e+07  3.61804e-01  0.00000e+00
0528  1.07885e+19  5.67421e-23  1.46782e-08  3.18013e+07  3.62894e-01  0.00000e+00
0529  1.08069e+19  5.65546e-23  1.46193e-08  3.18292e+07  3.63996e-01  0.00000e+00
0530  1.08253e+19  5.63676e-23  1.45607e-08  3.18570e+07  3.65107e-01  0.00000e+00
0531  1.08437e+19  5.61812e-23  1.45023e-08  3.18848e+07  3.66227e-01  0.00000e+00
0532  1.08621e+19  5.59957e-23  1.44443e-08  3.19126e+07  3.67354e-01  0.00000e+00
0533  1.08806e+19  5.58113e-23  1.43865e-08  3.19405e+07  3.68488e-01  0.00000e+00
0534  1.08990e+19  5.56283e-23  1.43291e-08  3.19682e+07  3.69628e-01  0.00000e+00
0535  1.09174e+19  5.54466e-23  1.42719e-08  3.19960e+07  3.70772e-01  0.00000e+00
0536  1.09358e+19  5.52664e-23  1.42150e-08  3.20238e+07  3.71920e-01  0.00000e+00
0537  1.09542e+19  5.50877e-23  1.41584e-08  3.20515e+07  3.73072e-01  0.00000e+00
0538  1.09726e+19  5.49105e-23  1.41021e-08  3.20791e+07  3.74227e-01  0.00000e+00
0539  1.09910e+19  5.47348e-23  1.40461e-08  3.21068e+07  3.75386e-01  0.00000e+00
0540  1.10095e+19  5.45604e-23  1.39903e-08  3.21344e+07  3.76547e-01  0.00000e+00
0541  1.10279e+19  5.43874e-23  1.39349e-08  3.21619e+07  3.77712e-01  0.00000e+00
0542  1.10463e+19  5.42157e-23  1.38798e-08  3.21894e+07  3.78882e-01  0.00000e+00
0543  1.10647e+19  5.40453e-23  1.38250e-08  3.22168e+07  3.80055e-01  0.00000e+00
0544  1.10831e+19  5.38760e-23  1.37705e-08  3.22441e+07  3.81234e-01  0.00000e+00
0545  1.11015e+19  5.37080e-23  1.37163e-08  3.22714e+07  3.82418e-01  0.00000e+00
0546  1.11200e+19  5.35411e-23  1.36625e-08  3.22985e+07  3.83609e-01  0.00000e+00
0547  1.11384e+19  5.33748e-23  1.36089e-08  3.23256e+07  3.84808e-01  0.00000e+00
0548  1.11568e+19  5.32085e-23  1.35557e-08  3.23526e+07  3.86016e-01  0.00000e+00
0549  1.11752e+19  5.30405e-23  1.35028e-08  3.23794e+07  3.87236e-01  0.00000e+00
0550  1.11936e+19  5.28681e-23  1.34503e-08  3.24062e+07  3.88472e-01  0.00000e+00
0551  1.12120e+19  5.26874e-23  1.33981e-08  3.24328e+07  3.89731e-01  0.00000e+00
0552  1.12305e+19  5.24927e-23  1.33465e-08  3.24592e+07  3.91015e-01  0.00000e+00
0553  1.12489e+19  5.22812e-23  1.32937e-08  3.24862e+07  3.92384e-01  0.00000e+00
0554  1.12673e+19  5.20573e-23  1.32475e-08  3.25100e+07  3.93654e-01  0.00000e+00
0555  1.12857e+19  5.18128e-23  1.31672e-08  3.25514e+07  3.96109e-01  0.00000e+00
