# Athena++ data at time=1.951000e+13  cycle=1307368291  variables=prim 
# i       x1v         rho          press          vel1         vel2         vel3     
0002  1.13875e+18  2.14917e-18  8.97288e-06 -4.09800e+05  1.46607e-09  0.00000e+00
0003  1.15716e+18  9.91565e-19  5.45956e-06  2.43594e+05  7.93075e-03  0.00000e+00
0004  1.17558e+18  6.41286e-19  4.33775e-06  3.11370e+05  1.74215e-02  0.00000e+00
0005  1.19399e+18  4.31072e-19  3.63779e-06  4.31074e+05  2.60041e-02  0.00000e+00
0006  1.21241e+18  2.83179e-19  3.17893e-06  6.30627e+05  3.34734e-02  0.00000e+00
0007  1.23082e+18  1.70276e-19  2.89032e-06  9.60056e+05  4.01730e-02  0.00000e+00
0008  1.24924e+18  1.39930e-19  2.63488e-06  1.18967e+06  4.61857e-02  0.00000e+00
0009  1.26765e+18  1.25873e-19  2.48276e-06  1.25753e+06  5.17674e-02  0.00000e+00
0010  1.28607e+18  1.14905e-19  2.34262e-06  1.33326e+06  5.69943e-02  0.00000e+00
0011  1.30448e+18  1.06792e-19  2.21649e-06  1.39560e+06  6.19065e-02  0.00000e+00
0012  1.32290e+18  9.98068e-20  2.10580e-06  1.44948e+06  6.65447e-02  0.00000e+00
0013  1.34131e+18  9.33614e-20  2.00320e-06  1.50695e+06  7.09317e-02  0.00000e+00
0014  1.35973e+18  8.75135e-20  1.90930e-06  1.56415e+06  7.50887e-02  0.00000e+00
0015  1.37814e+18  8.24346e-20  1.82298e-06  1.61716e+06  7.90338e-02  0.00000e+00
0016  1.39656e+18  7.78874e-20  1.74446e-06  1.66616e+06  8.27865e-02  0.00000e+00
0017  1.41497e+18  7.36956e-20  1.67178e-06  1.71497e+06  8.63614e-02  0.00000e+00
0018  1.43339e+18  6.98516e-20  1.60473e-06  1.76261e+06  8.97739e-02  0.00000e+00
0019  1.45180e+18  6.67281e-20  1.54165e-06  1.80138e+06  9.30317e-02  0.00000e+00
0020  1.47022e+18  6.35916e-20  1.48572e-06  1.83968e+06  9.61544e-02  0.00000e+00
0021  1.48863e+18  6.04282e-20  1.43087e-06  1.88849e+06  9.91465e-02  0.00000e+00
0022  1.50705e+18  5.78120e-20  1.37948e-06  1.92879e+06  1.02014e-01  0.00000e+00
0023  1.52546e+18  5.53940e-20  1.33367e-06  1.96277e+06  1.04771e-01  0.00000e+00
0024  1.54388e+18  5.30245e-20  1.28950e-06  2.00186e+06  1.07423e-01  0.00000e+00
0027  1.56229e+18  5.07857e-20  1.24795e-06  2.04132e+06  1.09978e-01  0.00000e+00
0028  1.58071e+18  4.86844e-20  1.20901e-06  2.08011e+06  1.12440e-01  0.00000e+00
0029  1.59912e+18  4.67009e-20  1.17240e-06  2.11878e+06  1.14816e-01  0.00000e+00
0030  1.61754e+18  4.48176e-20  1.13789e-06  2.15780e+06  1.17112e-01  0.00000e+00
0031  1.63595e+18  4.30203e-20  1.10530e-06  2.19756e+06  1.19333e-01  0.00000e+00
0032  1.65437e+18  4.12975e-20  1.07453e-06  2.23832e+06  1.21482e-01  0.00000e+00
0033  1.67278e+18  3.96614e-20  1.04551e-06  2.27920e+06  1.23565e-01  0.00000e+00
0034  1.69120e+18  3.82031e-20  1.01821e-06  2.31567e+06  1.25586e-01  0.00000e+00
0035  1.70961e+18  3.69267e-20  9.93096e-07  2.34445e+06  1.27551e-01  0.00000e+00
0036  1.72803e+18  3.57835e-20  9.69619e-07  2.36822e+06  1.29464e-01  0.00000e+00
0037  1.74644e+18  3.46918e-20  9.47551e-07  2.39105e+06  1.31331e-01  0.00000e+00
0038  1.76486e+18  3.36110e-20  9.26263e-07  2.41657e+06  1.33152e-01  0.00000e+00
0039  1.78328e+18  3.25468e-20  9.05793e-07  2.44432e+06  1.34930e-01  0.00000e+00
0040  1.80169e+18  3.15097e-20  8.86190e-07  2.47348e+06  1.36668e-01  0.00000e+00
0041  1.82011e+18  3.05026e-20  8.67462e-07  2.50356e+06  1.38367e-01  0.00000e+00
0042  1.83852e+18  2.95292e-20  8.49614e-07  2.53430e+06  1.40029e-01  0.00000e+00
0043  1.85694e+18  2.85485e-20  8.32617e-07  2.56448e+06  1.41662e-01  0.00000e+00
0044  1.87535e+18  2.74890e-20  8.17400e-07  2.60103e+06  1.43258e-01  0.00000e+00
0045  1.89377e+18  2.69841e-20  8.01656e-07  2.63790e+06  1.44784e-01  0.00000e+00
0046  1.91218e+18  2.67605e-20  7.85498e-07  2.64561e+06  1.46250e-01  0.00000e+00
0047  1.93060e+18  2.62183e-20  7.70730e-07  2.63601e+06  1.47804e-01  0.00000e+00
0048  1.94901e+18  2.39907e-20  7.60543e-07  2.65569e+06  1.49583e-01  0.00000e+00
0049  1.96743e+18  2.16269e-20  7.50067e-07  2.75466e+06  1.51343e-01  0.00000e+00
0050  1.98584e+18  2.18036e-20  7.34807e-07  2.86076e+06  1.52617e-01  0.00000e+00
0051  2.00426e+18  2.46327e-20  7.17512e-07  2.70243e+06  1.53389e-01  0.00000e+00
0052  2.02267e+18  2.89556e-20  7.31323e-07  2.39598e+06  1.54337e-01  0.00000e+00
0053  2.04109e+18  2.92746e-20  7.26051e-07  2.30514e+06  1.55846e-01  0.00000e+00
0054  2.05951e+18  2.89062e-20  7.14681e-07  2.29888e+06  1.57712e-01  0.00000e+00
0055  2.07792e+18  2.81325e-20  6.99256e-07  2.30271e+06  1.59325e-01  0.00000e+00
0056  2.09634e+18  2.72679e-20  6.83227e-07  2.29691e+06  1.60503e-01  0.00000e+00
0057  2.11475e+18  2.64776e-20  6.68225e-07  2.28984e+06  1.61511e-01  0.00000e+00
0058  2.13317e+18  2.57816e-20  6.54422e-07  2.29254e+06  1.62607e-01  0.00000e+00
0059  2.15158e+18  2.51485e-20  6.41429e-07  2.30804e+06  1.63861e-01  0.00000e+00
0060  2.17000e+18  2.45810e-20  6.29270e-07  2.33748e+06  1.65157e-01  0.00000e+00
0061  2.18841e+18  2.40627e-20  6.17772e-07  2.37564e+06  1.66349e-01  0.00000e+00
0062  2.20683e+18  2.35869e-20  6.06850e-07  2.41658e+06  1.67416e-01  0.00000e+00
0063  2.22524e+18  2.31642e-20  5.96571e-07  2.45575e+06  1.68436e-01  0.00000e+00
0064  2.24366e+18  2.28051e-20  5.87003e-07  2.48983e+06  1.69494e-01  0.00000e+00
0065  2.26207e+18  2.25141e-20  5.78184e-07  2.51707e+06  1.70616e-01  0.00000e+00
0066  2.28049e+18  2.22632e-20  5.69891e-07  2.53524e+06  1.71763e-01  0.00000e+00
0067  2.29891e+18  2.19777e-20  5.61452e-07  2.54200e+06  1.72855e-01  0.00000e+00
0068  2.31732e+18  2.16383e-20  5.52659e-07  2.54122e+06  1.73835e-01  0.00000e+00
0069  2.33574e+18  2.13297e-20  5.44318e-07  2.53310e+06  1.74813e-01  0.00000e+00
0070  2.35415e+18  2.08124e-20  5.34044e-07  2.51349e+06  1.76258e-01  0.00000e+00
0071  2.37257e+18  1.61887e-20  5.13517e-07  2.56100e+06  1.78965e-01  0.00000e+00
0072  2.39098e+18  7.88414e-21  5.40186e-07  3.16277e+06  1.83334e-01  0.00000e+00
0073  2.40940e+18  4.52006e-21  4.92779e-07  4.60859e+06  1.88901e-01  0.00000e+00
0074  2.42781e+18  3.51396e-21  4.85113e-07  5.23078e+06  1.95142e-01  0.00000e+00
0075  2.44623e+18  3.03365e-21  4.80249e-07  5.62726e+06  2.01771e-01  0.00000e+00
0076  2.46464e+18  2.73011e-21  4.75595e-07  5.93993e+06  2.08655e-01  0.00000e+00
0077  2.48306e+18  2.50831e-21  4.71256e-07  6.20569e+06  2.15750e-01  0.00000e+00
0078  2.50147e+18  2.32779e-21  4.67285e-07  6.44547e+06  2.23059e-01  0.00000e+00
0079  2.51989e+18  2.17266e-21  4.63644e-07  6.67018e+06  2.30598e-01  0.00000e+00
0080  2.53831e+18  2.03538e-21  4.60194e-07  6.88101e+06  2.38385e-01  0.00000e+00
0081  2.55672e+18  1.91209e-21  4.56932e-07  7.08141e+06  2.46432e-01  0.00000e+00
0082  2.57514e+18  1.80101e-21  4.53910e-07  7.27280e+06  2.54748e-01  0.00000e+00
0083  2.59355e+18  1.70091e-21  4.51222e-07  7.45678e+06  2.63327e-01  0.00000e+00
0084  2.61197e+18  1.61101e-21  4.48823e-07  7.63391e+06  2.72156e-01  0.00000e+00
0085  2.63038e+18  1.52990e-21  4.46709e-07  7.80519e+06  2.81212e-01  0.00000e+00
0086  2.64880e+18  1.45661e-21  4.44737e-07  7.97226e+06  2.90471e-01  0.00000e+00
0087  2.66721e+18  1.39054e-21  4.42910e-07  8.13167e+06  2.99908e-01  0.00000e+00
0088  2.68563e+18  1.33099e-21  4.41235e-07  8.27993e+06  3.09513e-01  0.00000e+00
0089  2.70404e+18  1.27700e-21  4.39610e-07  8.41787e+06  3.19291e-01  0.00000e+00
0090  2.72246e+18  1.22756e-21  4.37916e-07  8.54873e+06  3.29260e-01  0.00000e+00
0091  2.74088e+18  1.18218e-21  4.36279e-07  8.66863e+06  3.39453e-01  0.00000e+00
0092  2.75929e+18  1.14060e-21  4.34956e-07  8.76929e+06  3.49921e-01  0.00000e+00
0093  2.77771e+18  1.10208e-21  4.33859e-07  8.85445e+06  3.60723e-01  0.00000e+00
0094  2.79612e+18  1.06560e-21  4.32582e-07  8.93916e+06  3.71914e-01  0.00000e+00
0095  2.81454e+18  1.03087e-21  4.31106e-07  9.02516e+06  3.83544e-01  0.00000e+00
0096  2.83295e+18  9.98698e-22  4.30153e-07  9.08901e+06  3.95666e-01  0.00000e+00
0097  2.85137e+18  9.68591e-22  4.29732e-07  9.12231e+06  4.08364e-01  0.00000e+00
0098  2.86978e+18  9.39538e-22  4.29254e-07  9.15495e+06  4.21795e-01  0.00000e+00
0099  2.88820e+18  9.11780e-22  4.27666e-07  9.23509e+06  4.35947e-01  0.00000e+00
0100  2.90661e+18  8.84255e-22  4.25899e-07  9.31579e+06  4.50207e-01  0.00000e+00
0101  2.92503e+18  8.46575e-22  4.26032e-07  9.33734e+06  4.66079e-01  0.00000e+00
0102  2.94345e+18  8.18636e-22  4.27436e-07  9.28423e+06  4.92548e-01  0.00000e+00
0103  2.96186e+18  8.38526e-22  4.27422e-07  9.29322e+06  5.12602e-01  0.00000e+00
0104  2.98028e+18  1.30899e-21  4.22771e-07  9.56057e+06  4.99457e-01  0.00000e+00
0105  2.99869e+18  7.09760e-21  3.84025e-07  8.90056e+06  3.83208e-01  0.00000e+00
0106  3.01711e+18  1.89185e-20  4.06578e-07  6.60080e+06  2.38444e-01  0.00000e+00
0107  3.03552e+18  1.95355e-20  4.07045e-07  6.20837e+06  1.69040e-01  0.00000e+00
0108  3.05394e+18  1.89831e-20  3.98128e-07  6.25213e+06  1.55382e-01  0.00000e+00
0109  3.07235e+18  1.79907e-20  3.83973e-07  6.34232e+06  1.54773e-01  0.00000e+00
0110  3.09077e+18  1.69331e-20  3.69270e-07  6.44362e+06  1.54916e-01  0.00000e+00
0111  3.10918e+18  1.59417e-20  3.54678e-07  6.53801e+06  1.55528e-01  0.00000e+00
0112  3.12760e+18  1.50491e-20  3.41560e-07  6.61603e+06  1.56819e-01  0.00000e+00
0113  3.14602e+18  1.42741e-20  3.29780e-07  6.68472e+06  1.58706e-01  0.00000e+00
0114  3.16443e+18  1.36000e-20  3.19138e-07  6.73322e+06  1.60888e-01  0.00000e+00
0115  3.18285e+18  1.29669e-20  3.09153e-07  6.78578e+06  1.63029e-01  0.00000e+00
0116  3.20126e+18  1.23667e-20  3.00115e-07  6.83241e+06  1.64917e-01  0.00000e+00
0117  3.21968e+18  1.17718e-20  2.91567e-07  6.88137e+06  1.66503e-01  0.00000e+00
0118  3.23809e+18  1.11979e-20  2.83766e-07  6.94151e+06  1.67862e-01  0.00000e+00
0119  3.25651e+18  1.05630e-20  2.76234e-07  7.00416e+06  1.69146e-01  0.00000e+00
0120  3.27492e+18  9.40871e-21  2.67288e-07  7.05954e+06  1.70523e-01  0.00000e+00
0121  3.29334e+18  6.95741e-21  2.69203e-07  7.33776e+06  1.72030e-01  0.00000e+00
0122  3.31176e+18  4.22005e-21  2.49555e-07  8.61300e+06  1.73610e-01  0.00000e+00
0123  3.33017e+18  2.83430e-21  2.28701e-07  9.92530e+06  1.75279e-01  0.00000e+00
0124  3.34859e+18  2.22094e-21  2.17373e-07  1.08079e+07  1.77005e-01  0.00000e+00
0125  3.36700e+18  1.89569e-21  2.09402e-07  1.14614e+07  1.78754e-01  0.00000e+00
0126  3.38542e+18  1.68830e-21  2.03032e-07  1.19917e+07  1.80503e-01  0.00000e+00
0127  3.40383e+18  1.53864e-21  1.97447e-07  1.24537e+07  1.82241e-01  0.00000e+00
0128  3.42225e+18  1.42249e-21  1.92481e-07  1.28667e+07  1.83964e-01  0.00000e+00
0129  3.44066e+18  1.32775e-21  1.87965e-07  1.32458e+07  1.85668e-01  0.00000e+00
0130  3.45908e+18  1.24808e-21  1.83781e-07  1.35977e+07  1.87353e-01  0.00000e+00
0131  3.47749e+18  1.17908e-21  1.79902e-07  1.39289e+07  1.89019e-01  0.00000e+00
0132  3.49591e+18  1.11825e-21  1.76214e-07  1.42461e+07  1.90665e-01  0.00000e+00
0133  3.51433e+18  1.06420e-21  1.72736e-07  1.45493e+07  1.92293e-01  0.00000e+00
0134  3.53274e+18  1.01563e-21  1.69434e-07  1.48406e+07  1.93902e-01  0.00000e+00
0135  3.55116e+18  9.71684e-22  1.66287e-07  1.51209e+07  1.95494e-01  0.00000e+00
0136  3.56957e+18  9.31745e-22  1.63290e-07  1.53907e+07  1.97068e-01  0.00000e+00
0137  3.58799e+18  8.95298e-22  1.60436e-07  1.56503e+07  1.98628e-01  0.00000e+00
0138  3.60640e+18  8.61932e-22  1.57714e-07  1.59001e+07  2.00175e-01  0.00000e+00
0139  3.62482e+18  8.31151e-22  1.55119e-07  1.61407e+07  2.01713e-01  0.00000e+00
0140  3.64323e+18  8.02429e-22  1.52618e-07  1.63755e+07  2.03246e-01  0.00000e+00
0141  3.66165e+18  7.75491e-22  1.50203e-07  1.66049e+07  2.04781e-01  0.00000e+00
0142  3.68007e+18  7.50149e-22  1.47874e-07  1.68289e+07  2.06325e-01  0.00000e+00
0143  3.69848e+18  7.26227e-22  1.45629e-07  1.70472e+07  2.07887e-01  0.00000e+00
0144  3.71690e+18  7.03567e-22  1.43467e-07  1.72597e+07  2.09475e-01  0.00000e+00
0145  3.73531e+18  6.82031e-22  1.41384e-07  1.74662e+07  2.11099e-01  0.00000e+00
0146  3.75373e+18  6.61508e-22  1.39379e-07  1.76667e+07  2.12765e-01  0.00000e+00
0147  3.77214e+18  6.41910e-22  1.37450e-07  1.78612e+07  2.14479e-01  0.00000e+00
0148  3.79056e+18  6.23155e-22  1.35593e-07  1.80499e+07  2.16240e-01  0.00000e+00
0149  3.80897e+18  6.05205e-22  1.33803e-07  1.82332e+07  2.18043e-01  0.00000e+00
0150  3.82739e+18  5.88075e-22  1.32081e-07  1.84109e+07  2.19878e-01  0.00000e+00
0151  3.84581e+18  5.71809e-22  1.30425e-07  1.85829e+07  2.21725e-01  0.00000e+00
0152  3.86422e+18  5.56463e-22  1.28833e-07  1.87492e+07  2.23562e-01  0.00000e+00
0153  3.88264e+18  5.42092e-22  1.27305e-07  1.89097e+07  2.25358e-01  0.00000e+00
0154  3.90105e+18  5.28736e-22  1.25836e-07  1.90645e+07  2.27086e-01  0.00000e+00
0155  3.91947e+18  5.16411e-22  1.24425e-07  1.92138e+07  2.28716e-01  0.00000e+00
0156  3.93788e+18  5.05096e-22  1.23067e-07  1.93579e+07  2.30226e-01  0.00000e+00
0157  3.95630e+18  4.94736e-22  1.21758e-07  1.94971e+07  2.31602e-01  0.00000e+00
0158  3.97471e+18  4.85245e-22  1.20496e-07  1.96316e+07  2.32843e-01  0.00000e+00
0159  3.99313e+18  4.76518e-22  1.19273e-07  1.97620e+07  2.33956e-01  0.00000e+00
0160  4.01155e+18  4.68468e-22  1.18104e-07  1.98867e+07  2.34957e-01  0.00000e+00
0161  4.02996e+18  4.60909e-22  1.16967e-07  2.00085e+07  2.35870e-01  0.00000e+00
0162  4.04838e+18  4.53727e-22  1.15856e-07  2.01278e+07  2.36718e-01  0.00000e+00
0163  4.06679e+18  4.46851e-22  1.14776e-07  2.02440e+07  2.37527e-01  0.00000e+00
0164  4.08521e+18  4.40210e-22  1.13728e-07  2.03569e+07  2.38319e-01  0.00000e+00
0165  4.10362e+18  4.33753e-22  1.12712e-07  2.04664e+07  2.39113e-01  0.00000e+00
0166  4.12204e+18  4.27442e-22  1.11728e-07  2.05726e+07  2.39922e-01  0.00000e+00
0167  4.14045e+18  4.21256e-22  1.10775e-07  2.06752e+07  2.40758e-01  0.00000e+00
0168  4.15887e+18  4.15187e-22  1.09854e-07  2.07744e+07  2.41625e-01  0.00000e+00
0169  4.17728e+18  4.09237e-22  1.08961e-07  2.08702e+07  2.42527e-01  0.00000e+00
0170  4.19570e+18  4.03413e-22  1.08097e-07  2.09628e+07  2.43462e-01  0.00000e+00
0171  4.21412e+18  3.97727e-22  1.07259e-07  2.10523e+07  2.44424e-01  0.00000e+00
0172  4.23253e+18  3.92189e-22  1.06445e-07  2.11388e+07  2.45409e-01  0.00000e+00
0173  4.25095e+18  3.86812e-22  1.05655e-07  2.12225e+07  2.46409e-01  0.00000e+00
0174  4.26936e+18  3.81605e-22  1.04887e-07  2.13033e+07  2.47417e-01  0.00000e+00
0175  4.28778e+18  3.76574e-22  1.04141e-07  2.13814e+07  2.48429e-01  0.00000e+00
0176  4.30619e+18  3.71723e-22  1.03418e-07  2.14566e+07  2.49438e-01  0.00000e+00
0177  4.32461e+18  3.67051e-22  1.02717e-07  2.15289e+07  2.50443e-01  0.00000e+00
0178  4.34302e+18  3.62554e-22  1.02039e-07  2.15982e+07  2.51440e-01  0.00000e+00
0179  4.36144e+18  3.58227e-22  1.01384e-07  2.16645e+07  2.52431e-01  0.00000e+00
0180  4.37986e+18  3.54059e-22  1.00751e-07  2.17279e+07  2.53414e-01  0.00000e+00
0181  4.39827e+18  3.50040e-22  1.00139e-07  2.17883e+07  2.54392e-01  0.00000e+00
0182  4.41669e+18  3.46158e-22  9.95461e-08  2.18461e+07  2.55366e-01  0.00000e+00
0183  4.43510e+18  3.42402e-22  9.89707e-08  2.19014e+07  2.56338e-01  0.00000e+00
0184  4.45352e+18  3.38760e-22  9.84110e-08  2.19545e+07  2.57309e-01  0.00000e+00
0185  4.47193e+18  3.35225e-22  9.78654e-08  2.20055e+07  2.58282e-01  0.00000e+00
0186  4.49035e+18  3.31789e-22  9.73331e-08  2.20545e+07  2.59256e-01  0.00000e+00
0187  4.50876e+18  3.28448e-22  9.68139e-08  2.21015e+07  2.60234e-01  0.00000e+00
0188  4.52718e+18  3.25199e-22  9.63077e-08  2.21466e+07  2.61215e-01  0.00000e+00
0189  4.54560e+18  3.22039e-22  9.58152e-08  2.21897e+07  2.62200e-01  0.00000e+00
0190  4.56401e+18  3.18968e-22  9.53368e-08  2.22306e+07  2.63190e-01  0.00000e+00
0191  4.58243e+18  3.15983e-22  9.48729e-08  2.22692e+07  2.64184e-01  0.00000e+00
0192  4.60084e+18  3.13082e-22  9.44233e-08  2.23057e+07  2.65183e-01  0.00000e+00
0193  4.61926e+18  3.10262e-22  9.39874e-08  2.23400e+07  2.66187e-01  0.00000e+00
0194  4.63767e+18  3.07518e-22  9.35642e-08  2.23722e+07  2.67196e-01  0.00000e+00
0195  4.65609e+18  3.04845e-22  9.31522e-08  2.24027e+07  2.68211e-01  0.00000e+00
0196  4.67450e+18  3.02239e-22  9.27499e-08  2.24315e+07  2.69231e-01  0.00000e+00
0197  4.69292e+18  2.99696e-22  9.23561e-08  2.24588e+07  2.70258e-01  0.00000e+00
0198  4.71134e+18  2.97211e-22  9.19698e-08  2.24849e+07  2.71290e-01  0.00000e+00
0199  4.72975e+18  2.94783e-22  9.15905e-08  2.25096e+07  2.72329e-01  0.00000e+00
0200  4.74817e+18  2.92409e-22  9.12183e-08  2.25332e+07  2.73375e-01  0.00000e+00
0201  4.76658e+18  2.90091e-22  9.08535e-08  2.25554e+07  2.74426e-01  0.00000e+00
0202  4.78500e+18  2.87826e-22  9.04967e-08  2.25762e+07  2.75485e-01  0.00000e+00
0203  4.80341e+18  2.85614e-22  9.01483e-08  2.25954e+07  2.76550e-01  0.00000e+00
0204  4.82183e+18  2.83456e-22  8.98086e-08  2.26132e+07  2.77623e-01  0.00000e+00
0205  4.84024e+18  2.81348e-22  8.94772e-08  2.26295e+07  2.78703e-01  0.00000e+00
0206  4.85866e+18  2.79289e-22  8.91537e-08  2.26443e+07  2.79790e-01  0.00000e+00
0207  4.87708e+18  2.77276e-22  8.88370e-08  2.26578e+07  2.80884e-01  0.00000e+00
0208  4.89549e+18  2.75305e-22  8.85262e-08  2.26701e+07  2.81987e-01  0.00000e+00
0209  4.91391e+18  2.73375e-22  8.82202e-08  2.26815e+07  2.83097e-01  0.00000e+00
0210  4.93232e+18  2.71482e-22  8.79182e-08  2.26920e+07  2.84215e-01  0.00000e+00
0211  4.95074e+18  2.69625e-22  8.76197e-08  2.27016e+07  2.85341e-01  0.00000e+00
0212  4.96915e+18  2.67802e-22  8.73246e-08  2.27105e+07  2.86476e-01  0.00000e+00
0213  4.98757e+18  2.66013e-22  8.70330e-08  2.27186e+07  2.87619e-01  0.00000e+00
0214  5.00598e+18  2.64257e-22  8.67452e-08  2.27259e+07  2.88770e-01  0.00000e+00
0215  5.02440e+18  2.62535e-22  8.64618e-08  2.27321e+07  2.89931e-01  0.00000e+00
0216  5.04282e+18  2.60845e-22  8.61830e-08  2.27374e+07  2.91100e-01  0.00000e+00
0217  5.06123e+18  2.59188e-22  8.59090e-08  2.27416e+07  2.92278e-01  0.00000e+00
0218  5.07965e+18  2.57563e-22  8.56396e-08  2.27448e+07  2.93464e-01  0.00000e+00
0219  5.09806e+18  2.55968e-22  8.53740e-08  2.27470e+07  2.94660e-01  0.00000e+00
0220  5.11648e+18  2.54404e-22  8.51130e-08  2.27484e+07  2.95864e-01  0.00000e+00
0221  5.13489e+18  2.52866e-22  8.48538e-08  2.27488e+07  2.97076e-01  0.00000e+00
0222  5.15331e+18  2.51353e-22  8.45968e-08  2.27486e+07  2.98297e-01  0.00000e+00
0223  5.17172e+18  2.49866e-22  8.43419e-08  2.27479e+07  2.99525e-01  0.00000e+00
0224  5.19014e+18  2.48404e-22  8.40886e-08  2.27467e+07  3.00761e-01  0.00000e+00
0225  5.20856e+18  2.46965e-22  8.38365e-08  2.27449e+07  3.02003e-01  0.00000e+00
0226  5.22697e+18  2.45550e-22  8.35859e-08  2.27426e+07  3.03253e-01  0.00000e+00
0227  5.24539e+18  2.44158e-22  8.33368e-08  2.27398e+07  3.04508e-01  0.00000e+00
0228  5.26380e+18  2.42790e-22  8.30893e-08  2.27364e+07  3.05770e-01  0.00000e+00
0229  5.28222e+18  2.41445e-22  8.28435e-08  2.27324e+07  3.07037e-01  0.00000e+00
0230  5.30063e+18  2.40123e-22  8.25993e-08  2.27278e+07  3.08310e-01  0.00000e+00
0231  5.31905e+18  2.38824e-22  8.23566e-08  2.27228e+07  3.09588e-01  0.00000e+00
0232  5.33746e+18  2.37546e-22  8.21154e-08  2.27173e+07  3.10871e-01  0.00000e+00
0233  5.35588e+18  2.36290e-22  8.18757e-08  2.27113e+07  3.12159e-01  0.00000e+00
0234  5.37430e+18  2.35054e-22  8.16373e-08  2.27050e+07  3.13453e-01  0.00000e+00
0235  5.39271e+18  2.33839e-22  8.14001e-08  2.26983e+07  3.14751e-01  0.00000e+00
0236  5.41113e+18  2.32641e-22  8.11639e-08  2.26913e+07  3.16055e-01  0.00000e+00
0237  5.42954e+18  2.31462e-22  8.09287e-08  2.26840e+07  3.17365e-01  0.00000e+00
0238  5.44796e+18  2.30301e-22  8.06949e-08  2.26764e+07  3.18680e-01  0.00000e+00
0239  5.46637e+18  2.29159e-22  8.04626e-08  2.26685e+07  3.20002e-01  0.00000e+00
0240  5.48479e+18  2.28037e-22  8.02325e-08  2.26602e+07  3.21330e-01  0.00000e+00
0241  5.50320e+18  2.26934e-22  8.00049e-08  2.26516e+07  3.22666e-01  0.00000e+00
0242  5.52162e+18  2.25850e-22  7.97803e-08  2.26427e+07  3.24009e-01  0.00000e+00
0243  5.54004e+18  2.24787e-22  7.95590e-08  2.26335e+07  3.25361e-01  0.00000e+00
0244  5.55845e+18  2.23743e-22  7.93414e-08  2.26239e+07  3.26722e-01  0.00000e+00
0245  5.57687e+18  2.22718e-22  7.91276e-08  2.26142e+07  3.28092e-01  0.00000e+00
0246  5.59528e+18  2.21712e-22  7.89176e-08  2.26043e+07  3.29472e-01  0.00000e+00
0247  5.61370e+18  2.20724e-22  7.87113e-08  2.25944e+07  3.30864e-01  0.00000e+00
0248  5.63211e+18  2.19753e-22  7.85084e-08  2.25846e+07  3.32266e-01  0.00000e+00
0249  5.65053e+18  2.18797e-22  7.83088e-08  2.25749e+07  3.33681e-01  0.00000e+00
0250  5.66894e+18  2.17857e-22  7.81122e-08  2.25654e+07  3.35109e-01  0.00000e+00
0251  5.68736e+18  2.16931e-22  7.79183e-08  2.25561e+07  3.36549e-01  0.00000e+00
0252  5.70578e+18  2.16019e-22  7.77272e-08  2.25472e+07  3.38002e-01  0.00000e+00
0253  5.72419e+18  2.15120e-22  7.75385e-08  2.25385e+07  3.39469e-01  0.00000e+00
0254  5.74261e+18  2.14235e-22  7.73524e-08  2.25302e+07  3.40950e-01  0.00000e+00
0255  5.76102e+18  2.13363e-22  7.71690e-08  2.25220e+07  3.42444e-01  0.00000e+00
0256  5.77944e+18  2.12504e-22  7.69882e-08  2.25140e+07  3.43953e-01  0.00000e+00
0257  5.79785e+18  2.11658e-22  7.68101e-08  2.25062e+07  3.45476e-01  0.00000e+00
0258  5.81627e+18  2.10824e-22  7.66344e-08  2.24985e+07  3.47014e-01  0.00000e+00
0259  5.83468e+18  2.10001e-22  7.64606e-08  2.24910e+07  3.48567e-01  0.00000e+00
0260  5.85310e+18  2.09188e-22  7.62881e-08  2.24839e+07  3.50137e-01  0.00000e+00
0261  5.87152e+18  2.08384e-22  7.61168e-08  2.24771e+07  3.51723e-01  0.00000e+00
0262  5.88993e+18  2.07588e-22  7.59465e-08  2.24708e+07  3.53326e-01  0.00000e+00
0263  5.90835e+18  2.06800e-22  7.57775e-08  2.24649e+07  3.54949e-01  0.00000e+00
0264  5.92676e+18  2.06020e-22  7.56098e-08  2.24593e+07  3.56590e-01  0.00000e+00
0265  5.94518e+18  2.05247e-22  7.54437e-08  2.24541e+07  3.58253e-01  0.00000e+00
0266  5.96359e+18  2.04481e-22  7.52790e-08  2.24491e+07  3.59938e-01  0.00000e+00
0267  5.98201e+18  2.03721e-22  7.51156e-08  2.24443e+07  3.61646e-01  0.00000e+00
0268  6.00043e+18  2.02966e-22  7.49532e-08  2.24396e+07  3.63379e-01  0.00000e+00
0269  6.01884e+18  2.02215e-22  7.47916e-08  2.24349e+07  3.65138e-01  0.00000e+00
0270  6.03726e+18  2.01467e-22  7.46304e-08  2.24302e+07  3.66924e-01  0.00000e+00
0271  6.05567e+18  2.00720e-22  7.44693e-08  2.24253e+07  3.68738e-01  0.00000e+00
0272  6.07409e+18  1.99975e-22  7.43084e-08  2.24203e+07  3.70582e-01  0.00000e+00
0273  6.09250e+18  1.99232e-22  7.41474e-08  2.24152e+07  3.72456e-01  0.00000e+00
0274  6.11092e+18  1.98489e-22  7.39866e-08  2.24098e+07  3.74362e-01  0.00000e+00
0275  6.12933e+18  1.97747e-22  7.38260e-08  2.24044e+07  3.76300e-01  0.00000e+00
0276  6.14775e+18  1.97007e-22  7.36659e-08  2.23989e+07  3.78269e-01  0.00000e+00
0277  6.16617e+18  1.96269e-22  7.35064e-08  2.23935e+07  3.80271e-01  0.00000e+00
0278  6.18458e+18  1.95533e-22  7.33475e-08  2.23883e+07  3.82305e-01  0.00000e+00
0279  6.20300e+18  1.94799e-22  7.31891e-08  2.23835e+07  3.84372e-01  0.00000e+00
0280  6.22141e+18  1.94068e-22  7.30312e-08  2.23790e+07  3.86469e-01  0.00000e+00
0281  6.23983e+18  1.93340e-22  7.28740e-08  2.23749e+07  3.88597e-01  0.00000e+00
0282  6.25824e+18  1.92616e-22  7.27176e-08  2.23712e+07  3.90754e-01  0.00000e+00
0283  6.27666e+18  1.91897e-22  7.25619e-08  2.23677e+07  3.92939e-01  0.00000e+00
0284  6.29507e+18  1.91183e-22  7.24069e-08  2.23643e+07  3.95151e-01  0.00000e+00
0285  6.31349e+18  1.90471e-22  7.22523e-08  2.23609e+07  3.97388e-01  0.00000e+00
0286  6.33191e+18  1.89761e-22  7.20976e-08  2.23576e+07  3.99648e-01  0.00000e+00
0287  6.35032e+18  1.89055e-22  7.19423e-08  2.23541e+07  4.01930e-01  0.00000e+00
0288  6.36874e+18  1.88352e-22  7.17861e-08  2.23504e+07  4.04232e-01  0.00000e+00
0289  6.38715e+18  1.87653e-22  7.16286e-08  2.23465e+07  4.06553e-01  0.00000e+00
0290  6.40557e+18  1.86960e-22  7.14696e-08  2.23425e+07  4.08890e-01  0.00000e+00
0291  6.42398e+18  1.86271e-22  7.13092e-08  2.23382e+07  4.11244e-01  0.00000e+00
0292  6.44240e+18  1.85588e-22  7.11476e-08  2.23339e+07  4.13613e-01  0.00000e+00
0293  6.46081e+18  1.84912e-22  7.09851e-08  2.23296e+07  4.15997e-01  0.00000e+00
0294  6.47923e+18  1.84242e-22  7.08224e-08  2.23254e+07  4.18396e-01  0.00000e+00
0295  6.49765e+18  1.83581e-22  7.06601e-08  2.23214e+07  4.20811e-01  0.00000e+00
0296  6.51606e+18  1.82929e-22  7.04986e-08  2.23177e+07  4.23242e-01  0.00000e+00
0297  6.53448e+18  1.82284e-22  7.03386e-08  2.23144e+07  4.25692e-01  0.00000e+00
0298  6.55289e+18  1.81648e-22  7.01804e-08  2.23115e+07  4.28163e-01  0.00000e+00
0299  6.57131e+18  1.81020e-22  7.00239e-08  2.23090e+07  4.30658e-01  0.00000e+00
0300  6.58972e+18  1.80397e-22  6.98690e-08  2.23068e+07  4.33180e-01  0.00000e+00
0301  6.60814e+18  1.79778e-22  6.97154e-08  2.23049e+07  4.35732e-01  0.00000e+00
0302  6.62655e+18  1.79161e-22  6.95627e-08  2.23032e+07  4.38319e-01  0.00000e+00
0303  6.64497e+18  1.78545e-22  6.94103e-08  2.23016e+07  4.40944e-01  0.00000e+00
0304  6.66339e+18  1.77927e-22  6.92576e-08  2.23000e+07  4.43611e-01  0.00000e+00
0305  6.68180e+18  1.77305e-22  6.91041e-08  2.22984e+07  4.46323e-01  0.00000e+00
0306  6.70022e+18  1.76678e-22  6.89496e-08  2.22967e+07  4.49083e-01  0.00000e+00
0307  6.71863e+18  1.76048e-22  6.87940e-08  2.22949e+07  4.51895e-01  0.00000e+00
0308  6.73705e+18  1.75418e-22  6.86371e-08  2.22929e+07  4.54762e-01  0.00000e+00
0309  6.75546e+18  1.74792e-22  6.84794e-08  2.22909e+07  4.57685e-01  0.00000e+00
0310  6.77388e+18  1.74157e-22  6.83211e-08  2.22888e+07  4.60663e-01  0.00000e+00
0311  6.79229e+18  1.73465e-22  6.81628e-08  2.22868e+07  4.63682e-01  0.00000e+00
0312  6.81071e+18  1.72628e-22  6.80051e-08  2.22850e+07  4.66744e-01  0.00000e+00
0313  6.82913e+18  1.71658e-22  6.78488e-08  2.22833e+07  4.69918e-01  0.00000e+00
0314  6.84754e+18  1.71026e-22  6.76940e-08  2.22819e+07  4.73436e-01  0.00000e+00
0315  6.86596e+18  1.70980e-22  6.75401e-08  2.22809e+07  4.77677e-01  0.00000e+00
0316  6.88437e+18  1.71173e-22  6.73874e-08  2.22804e+07  4.82532e-01  0.00000e+00
0317  6.90279e+18  1.72140e-22  6.72354e-08  2.22804e+07  4.85762e-01  0.00000e+00
0318  6.92120e+18  1.75252e-22  6.70816e-08  2.22810e+07  4.86092e-01  0.00000e+00
0319  6.93962e+18  1.83705e-22  6.69228e-08  2.22824e+07  4.85515e-01  0.00000e+00
0320  6.95803e+18  2.04685e-22  6.67546e-08  2.22858e+07  4.82914e-01  0.00000e+00
0321  6.97645e+18  2.53372e-22  6.65439e-08  2.22875e+07  4.76103e-01  0.00000e+00
0322  6.99487e+18  3.59546e-22  6.62699e-08  2.22873e+07  4.61985e-01  0.00000e+00
0323  7.01328e+18  5.77575e-22  6.59913e-08  2.23134e+07  4.36284e-01  0.00000e+00
0324  7.03170e+18  9.90507e-22  6.52915e-08  2.23776e+07  3.94994e-01  0.00000e+00
0325  7.05011e+18  1.60019e-21  6.26269e-08  2.23461e+07  3.40955e-01  0.00000e+00
0326  7.06853e+18  2.01318e-21  5.99301e-08  2.21490e+07  2.85832e-01  0.00000e+00
0327  7.08694e+18  2.03998e-21  5.79397e-08  2.19567e+07  2.35695e-01  0.00000e+00
0328  7.10536e+18  1.98112e-21  5.63912e-08  2.19564e+07  1.92744e-01  0.00000e+00
0329  7.12378e+18  1.79132e-21  5.43121e-08  2.20744e+07  1.59070e-01  0.00000e+00
0330  7.14219e+18  1.48723e-21  5.15024e-08  2.23966e+07  1.35021e-01  0.00000e+00
0331  7.16061e+18  1.16396e-21  4.83279e-08  2.29036e+07  1.19336e-01  0.00000e+00
0332  7.17902e+18  9.03924e-22  4.53819e-08  2.34717e+07  1.10365e-01  0.00000e+00
0333  7.19744e+18  7.26604e-22  4.31031e-08  2.39756e+07  1.06584e-01  0.00000e+00
0334  7.21585e+18  6.12667e-22  4.14408e-08  2.43780e+07  1.05812e-01  0.00000e+00
0335  7.23427e+18  5.38110e-22  4.01503e-08  2.47026e+07  1.05793e-01  0.00000e+00
0336  7.25268e+18  4.86554e-22  3.90564e-08  2.49788e+07  1.05827e-01  0.00000e+00
0337  7.27110e+18  4.48692e-22  3.80813e-08  2.52242e+07  1.05924e-01  0.00000e+00
0338  7.28952e+18  4.19399e-22  3.71918e-08  2.54470e+07  1.06093e-01  0.00000e+00
0339  7.30793e+18  3.95718e-22  3.63718e-08  2.56522e+07  1.06329e-01  0.00000e+00
0340  7.32635e+18  3.75848e-22  3.56107e-08  2.58438e+07  1.06620e-01  0.00000e+00
0341  7.34476e+18  3.58693e-22  3.48951e-08  2.60256e+07  1.06957e-01  0.00000e+00
0342  7.36318e+18  3.43595e-22  3.42178e-08  2.61994e+07  1.07327e-01  0.00000e+00
0343  7.38159e+18  3.30129e-22  3.35751e-08  2.63659e+07  1.07725e-01  0.00000e+00
0344  7.40001e+18  3.17989e-22  3.29640e-08  2.65258e+07  1.08143e-01  0.00000e+00
0345  7.41842e+18  3.06941e-22  3.23812e-08  2.66800e+07  1.08578e-01  0.00000e+00
0346  7.43684e+18  2.96811e-22  3.18237e-08  2.68292e+07  1.09025e-01  0.00000e+00
0347  7.45526e+18  2.87470e-22  3.12892e-08  2.69738e+07  1.09482e-01  0.00000e+00
0348  7.47367e+18  2.78815e-22  3.07761e-08  2.71140e+07  1.09947e-01  0.00000e+00
0349  7.49209e+18  2.70765e-22  3.02830e-08  2.72501e+07  1.10420e-01  0.00000e+00
0350  7.51050e+18  2.63242e-22  2.98081e-08  2.73823e+07  1.10898e-01  0.00000e+00
0351  7.52892e+18  2.56165e-22  2.93511e-08  2.75111e+07  1.11382e-01  0.00000e+00
0352  7.54733e+18  2.49471e-22  2.89082e-08  2.76376e+07  1.11871e-01  0.00000e+00
0353  7.56575e+18  2.43131e-22  2.84791e-08  2.77616e+07  1.12364e-01  0.00000e+00
0354  7.58416e+18  2.37121e-22  2.80637e-08  2.78829e+07  1.12861e-01  0.00000e+00
0355  7.60258e+18  2.31416e-22  2.76616e-08  2.80016e+07  1.13361e-01  0.00000e+00
0356  7.62100e+18  2.25991e-22  2.72722e-08  2.81178e+07  1.13864e-01  0.00000e+00
0357  7.63941e+18  2.20823e-22  2.68945e-08  2.82316e+07  1.14370e-01  0.00000e+00
0358  7.65783e+18  2.15892e-22  2.65278e-08  2.83433e+07  1.14877e-01  0.00000e+00
0359  7.67624e+18  2.11184e-22  2.61717e-08  2.84528e+07  1.15386e-01  0.00000e+00
0360  7.69466e+18  2.06684e-22  2.58257e-08  2.85603e+07  1.15897e-01  0.00000e+00
0361  7.71307e+18  2.02380e-22  2.54896e-08  2.86656e+07  1.16408e-01  0.00000e+00
0362  7.73149e+18  1.98258e-22  2.51628e-08  2.87689e+07  1.16920e-01  0.00000e+00
0363  7.74990e+18  1.94307e-22  2.48450e-08  2.88702e+07  1.17433e-01  0.00000e+00
0364  7.76832e+18  1.90517e-22  2.45358e-08  2.89696e+07  1.17945e-01  0.00000e+00
0365  7.78674e+18  1.86878e-22  2.42349e-08  2.90670e+07  1.18458e-01  0.00000e+00
0366  7.80515e+18  1.83382e-22  2.39419e-08  2.91625e+07  1.18971e-01  0.00000e+00
0367  7.82357e+18  1.80018e-22  2.36566e-08  2.92562e+07  1.19484e-01  0.00000e+00
0368  7.84198e+18  1.76775e-22  2.33785e-08  2.93482e+07  1.19996e-01  0.00000e+00
0369  7.86040e+18  1.73644e-22  2.31072e-08  2.94388e+07  1.20508e-01  0.00000e+00
0370  7.87881e+18  1.70618e-22  2.28421e-08  2.95280e+07  1.21019e-01  0.00000e+00
0371  7.89723e+18  1.67690e-22  2.25833e-08  2.96160e+07  1.21529e-01  0.00000e+00
0372  7.91564e+18  1.64855e-22  2.23305e-08  2.97027e+07  1.22037e-01  0.00000e+00
0373  7.93406e+18  1.62109e-22  2.20835e-08  2.97881e+07  1.22544e-01  0.00000e+00
0374  7.95248e+18  1.59450e-22  2.18422e-08  2.98722e+07  1.23048e-01  0.00000e+00
0375  7.97089e+18  1.56872e-22  2.16065e-08  2.99551e+07  1.23551e-01  0.00000e+00
0376  7.98931e+18  1.54375e-22  2.13761e-08  3.00367e+07  1.24051e-01  0.00000e+00
0377  8.00772e+18  1.51954e-22  2.11511e-08  3.01170e+07  1.24548e-01  0.00000e+00
0378  8.02614e+18  1.49608e-22  2.09313e-08  3.01960e+07  1.25043e-01  0.00000e+00
0379  8.04455e+18  1.47334e-22  2.07165e-08  3.02737e+07  1.25534e-01  0.00000e+00
0380  8.06297e+18  1.45128e-22  2.05066e-08  3.03500e+07  1.26022e-01  0.00000e+00
0381  8.08139e+18  1.42990e-22  2.03016e-08  3.04250e+07  1.26506e-01  0.00000e+00
0382  8.09980e+18  1.40915e-22  2.01013e-08  3.04987e+07  1.26987e-01  0.00000e+00
0383  8.11822e+18  1.38903e-22  1.99056e-08  3.05711e+07  1.27464e-01  0.00000e+00
0384  8.13663e+18  1.36950e-22  1.97143e-08  3.06421e+07  1.27937e-01  0.00000e+00
0385  8.15505e+18  1.35053e-22  1.95274e-08  3.07119e+07  1.28406e-01  0.00000e+00
0386  8.17346e+18  1.33211e-22  1.93446e-08  3.07805e+07  1.28871e-01  0.00000e+00
0387  8.19188e+18  1.31420e-22  1.91659e-08  3.08478e+07  1.29332e-01  0.00000e+00
0388  8.21029e+18  1.29681e-22  1.89913e-08  3.09139e+07  1.29789e-01  0.00000e+00
0389  8.22871e+18  1.27989e-22  1.88205e-08  3.09789e+07  1.30243e-01  0.00000e+00
0390  8.24713e+18  1.26345e-22  1.86535e-08  3.10426e+07  1.30692e-01  0.00000e+00
0391  8.26554e+18  1.24746e-22  1.84902e-08  3.11051e+07  1.31138e-01  0.00000e+00
0392  8.28396e+18  1.23190e-22  1.83305e-08  3.11665e+07  1.31580e-01  0.00000e+00
0393  8.30237e+18  1.21676e-22  1.81744e-08  3.12267e+07  1.32018e-01  0.00000e+00
0394  8.32079e+18  1.20203e-22  1.80217e-08  3.12857e+07  1.32453e-01  0.00000e+00
0395  8.33920e+18  1.18769e-22  1.78724e-08  3.13436e+07  1.32885e-01  0.00000e+00
0396  8.35762e+18  1.17372e-22  1.77264e-08  3.14003e+07  1.33314e-01  0.00000e+00
0397  8.37603e+18  1.16011e-22  1.75837e-08  3.14558e+07  1.33741e-01  0.00000e+00
0398  8.39445e+18  1.14686e-22  1.74440e-08  3.15102e+07  1.34164e-01  0.00000e+00
0399  8.41287e+18  1.13394e-22  1.73073e-08  3.15635e+07  1.34585e-01  0.00000e+00
0400  8.43128e+18  1.12134e-22  1.71735e-08  3.16157e+07  1.35004e-01  0.00000e+00
0401  8.44970e+18  1.10905e-22  1.70426e-08  3.16668e+07  1.35421e-01  0.00000e+00
0402  8.46811e+18  1.09706e-22  1.69144e-08  3.17168e+07  1.35835e-01  0.00000e+00
0403  8.48653e+18  1.08536e-22  1.67889e-08  3.17658e+07  1.36248e-01  0.00000e+00
0404  8.50494e+18  1.07394e-22  1.66661e-08  3.18137e+07  1.36660e-01  0.00000e+00
0405  8.52336e+18  1.06280e-22  1.65458e-08  3.18605e+07  1.37070e-01  0.00000e+00
0406  8.54177e+18  1.05192e-22  1.64281e-08  3.19063e+07  1.37479e-01  0.00000e+00
0407  8.56019e+18  1.04129e-22  1.63130e-08  3.19509e+07  1.37886e-01  0.00000e+00
0408  8.57861e+18  1.03092e-22  1.62003e-08  3.19945e+07  1.38293e-01  0.00000e+00
0409  8.59702e+18  1.02079e-22  1.60902e-08  3.20369e+07  1.38699e-01  0.00000e+00
0410  8.61544e+18  1.01087e-22  1.59824e-08  3.20783e+07  1.39104e-01  0.00000e+00
0411  8.63385e+18  1.00117e-22  1.58769e-08  3.21188e+07  1.39509e-01  0.00000e+00
0412  8.65227e+18  9.91666e-23  1.57735e-08  3.21584e+07  1.39913e-01  0.00000e+00
0413  8.67068e+18  9.82362e-23  1.56723e-08  3.21970e+07  1.40317e-01  0.00000e+00
0414  8.68910e+18  9.73249e-23  1.55731e-08  3.22346e+07  1.40721e-01  0.00000e+00
0415  8.70751e+18  9.64322e-23  1.54759e-08  3.22714e+07  1.41124e-01  0.00000e+00
0416  8.72593e+18  9.55576e-23  1.53805e-08  3.23073e+07  1.41528e-01  0.00000e+00
0417  8.74435e+18  9.47006e-23  1.52871e-08  3.23424e+07  1.41931e-01  0.00000e+00
0418  8.76276e+18  9.38606e-23  1.51954e-08  3.23765e+07  1.42335e-01  0.00000e+00
0419  8.78118e+18  9.30374e-23  1.51055e-08  3.24099e+07  1.42740e-01  0.00000e+00
0420  8.79959e+18  9.22304e-23  1.50173e-08  3.24424e+07  1.43144e-01  0.00000e+00
0421  8.81801e+18  9.14393e-23  1.49309e-08  3.24740e+07  1.43549e-01  0.00000e+00
0422  8.83642e+18  9.06638e-23  1.48461e-08  3.25048e+07  1.43955e-01  0.00000e+00
0423  8.85484e+18  8.99036e-23  1.47630e-08  3.25347e+07  1.44361e-01  0.00000e+00
0424  8.87326e+18  8.91581e-23  1.46816e-08  3.25638e+07  1.44768e-01  0.00000e+00
0425  8.89167e+18  8.84271e-23  1.46018e-08  3.25921e+07  1.45175e-01  0.00000e+00
0426  8.91009e+18  8.77102e-23  1.45235e-08  3.26195e+07  1.45584e-01  0.00000e+00
0427  8.92850e+18  8.70071e-23  1.44468e-08  3.26462e+07  1.45994e-01  0.00000e+00
0428  8.94692e+18  8.63173e-23  1.43716e-08  3.26720e+07  1.46405e-01  0.00000e+00
0429  8.96533e+18  8.56405e-23  1.42979e-08  3.26971e+07  1.46817e-01  0.00000e+00
0430  8.98375e+18  8.49764e-23  1.42256e-08  3.27214e+07  1.47230e-01  0.00000e+00
0431  9.00216e+18  8.43247e-23  1.41548e-08  3.27450e+07  1.47645e-01  0.00000e+00
0432  9.02058e+18  8.36849e-23  1.40854e-08  3.27678e+07  1.48061e-01  0.00000e+00
0433  9.03900e+18  8.30568e-23  1.40173e-08  3.27898e+07  1.48479e-01  0.00000e+00
0434  9.05741e+18  8.24400e-23  1.39505e-08  3.28112e+07  1.48899e-01  0.00000e+00
0435  9.07583e+18  8.18341e-23  1.38850e-08  3.28318e+07  1.49321e-01  0.00000e+00
0436  9.09424e+18  8.12388e-23  1.38207e-08  3.28518e+07  1.49744e-01  0.00000e+00
0437  9.11266e+18  8.06538e-23  1.37576e-08  3.28711e+07  1.50170e-01  0.00000e+00
0438  9.13107e+18  8.00788e-23  1.36957e-08  3.28897e+07  1.50597e-01  0.00000e+00
0439  9.14949e+18  7.95136e-23  1.36349e-08  3.29077e+07  1.51027e-01  0.00000e+00
0440  9.16790e+18  7.89579e-23  1.35752e-08  3.29249e+07  1.51458e-01  0.00000e+00
0441  9.18632e+18  7.84116e-23  1.35166e-08  3.29415e+07  1.51892e-01  0.00000e+00
0442  9.20474e+18  7.78744e-23  1.34592e-08  3.29575e+07  1.52328e-01  0.00000e+00
0443  9.22315e+18  7.73461e-23  1.34027e-08  3.29728e+07  1.52767e-01  0.00000e+00
0444  9.24157e+18  7.68265e-23  1.33474e-08  3.29874e+07  1.53208e-01  0.00000e+00
0445  9.25998e+18  7.63154e-23  1.32930e-08  3.30014e+07  1.53651e-01  0.00000e+00
0446  9.27840e+18  7.58125e-23  1.32396e-08  3.30148e+07  1.54096e-01  0.00000e+00
0447  9.29681e+18  7.53176e-23  1.31871e-08  3.30276e+07  1.54543e-01  0.00000e+00
0448  9.31523e+18  7.48305e-23  1.31356e-08  3.30398e+07  1.54993e-01  0.00000e+00
0449  9.33364e+18  7.43512e-23  1.30850e-08  3.30514e+07  1.55445e-01  0.00000e+00
0450  9.35206e+18  7.38796e-23  1.30353e-08  3.30625e+07  1.55900e-01  0.00000e+00
0451  9.37048e+18  7.34154e-23  1.29866e-08  3.30729e+07  1.56356e-01  0.00000e+00
0452  9.38889e+18  7.29589e-23  1.29388e-08  3.30827e+07  1.56815e-01  0.00000e+00
0453  9.40731e+18  7.25097e-23  1.28920e-08  3.30918e+07  1.57275e-01  0.00000e+00
0454  9.42572e+18  7.20680e-23  1.28461e-08  3.31003e+07  1.57738e-01  0.00000e+00
0455  9.44414e+18  7.16337e-23  1.28011e-08  3.31081e+07  1.58202e-01  0.00000e+00
0456  9.46255e+18  7.12065e-23  1.27572e-08  3.31153e+07  1.58668e-01  0.00000e+00
0457  9.48097e+18  7.07865e-23  1.27141e-08  3.31218e+07  1.59136e-01  0.00000e+00
0458  9.49939e+18  7.03735e-23  1.26720e-08  3.31276e+07  1.59606e-01  0.00000e+00
0459  9.51780e+18  6.99673e-23  1.26308e-08  3.31328e+07  1.60076e-01  0.00000e+00
0460  9.53622e+18  6.95679e-23  1.25904e-08  3.31374e+07  1.60548e-01  0.00000e+00
0461  9.55463e+18  6.91751e-23  1.25508e-08  3.31415e+07  1.61021e-01  0.00000e+00
0462  9.57305e+18  6.87885e-23  1.25121e-08  3.31449e+07  1.61495e-01  0.00000e+00
0463  9.59146e+18  6.84080e-23  1.24740e-08  3.31479e+07  1.61970e-01  0.00000e+00
0464  9.60988e+18  6.80330e-23  1.24365e-08  3.31504e+07  1.62445e-01  0.00000e+00
0465  9.62829e+18  6.76633e-23  1.23996e-08  3.31526e+07  1.62921e-01  0.00000e+00
0466  9.64671e+18  6.72982e-23  1.23630e-08  3.31546e+07  1.63396e-01  0.00000e+00
0467  9.66513e+18  6.69372e-23  1.23266e-08  3.31565e+07  1.63872e-01  0.00000e+00
0468  9.68354e+18  6.65795e-23  1.22904e-08  3.31583e+07  1.64347e-01  0.00000e+00
0469  9.70196e+18  6.62248e-23  1.22543e-08  3.31601e+07  1.64821e-01  0.00000e+00
0470  9.72037e+18  6.58731e-23  1.22183e-08  3.31620e+07  1.65295e-01  0.00000e+00
0471  9.73879e+18  6.55249e-23  1.21825e-08  3.31638e+07  1.65766e-01  0.00000e+00
0472  9.75720e+18  6.51812e-23  1.21470e-08  3.31654e+07  1.66237e-01  0.00000e+00
0473  9.77562e+18  6.48437e-23  1.21124e-08  3.31665e+07  1.66704e-01  0.00000e+00
0474  9.79403e+18  6.45121e-23  1.20786e-08  3.31667e+07  1.67170e-01  0.00000e+00
0475  9.81245e+18  6.41859e-23  1.20454e-08  3.31666e+07  1.67632e-01  0.00000e+00
0476  9.83087e+18  6.38661e-23  1.20129e-08  3.31659e+07  1.68092e-01  0.00000e+00
0477  9.84928e+18  6.35539e-23  1.19817e-08  3.31642e+07  1.68547e-01  0.00000e+00
0478  9.86770e+18  6.32500e-23  1.19520e-08  3.31614e+07  1.68999e-01  0.00000e+00
0479  9.88611e+18  6.29548e-23  1.19238e-08  3.31573e+07  1.69446e-01  0.00000e+00
0480  9.90453e+18  6.26678e-23  1.18971e-08  3.31519e+07  1.69890e-01  0.00000e+00
0481  9.92294e+18  6.23883e-23  1.18716e-08  3.31456e+07  1.70329e-01  0.00000e+00
0482  9.94136e+18  6.21151e-23  1.18469e-08  3.31385e+07  1.70763e-01  0.00000e+00
0483  9.95977e+18  6.18472e-23  1.18228e-08  3.31311e+07  1.71192e-01  0.00000e+00
0484  9.97819e+18  6.15834e-23  1.17989e-08  3.31235e+07  1.71617e-01  0.00000e+00
0485  9.99661e+18  6.13227e-23  1.17748e-08  3.31161e+07  1.72037e-01  0.00000e+00
0486  1.00150e+19  6.10645e-23  1.17504e-08  3.31091e+07  1.72451e-01  0.00000e+00
0487  1.00334e+19  6.08082e-23  1.17256e-08  3.31026e+07  1.72861e-01  0.00000e+00
0488  1.00519e+19  6.05538e-23  1.17002e-08  3.30966e+07  1.73266e-01  0.00000e+00
0489  1.00703e+19  6.03010e-23  1.16744e-08  3.30912e+07  1.73667e-01  0.00000e+00
0490  1.00887e+19  6.00496e-23  1.16480e-08  3.30864e+07  1.74063e-01  0.00000e+00
0491  1.01071e+19  5.97994e-23  1.16210e-08  3.30822e+07  1.74454e-01  0.00000e+00
0492  1.01255e+19  5.95500e-23  1.15932e-08  3.30789e+07  1.74842e-01  0.00000e+00
0493  1.01439e+19  5.93007e-23  1.15646e-08  3.30764e+07  1.75225e-01  0.00000e+00
0494  1.01623e+19  5.90504e-23  1.15348e-08  3.30750e+07  1.75605e-01  0.00000e+00
0495  1.01808e+19  5.88007e-23  1.15043e-08  3.30748e+07  1.75981e-01  0.00000e+00
0496  1.01992e+19  5.85528e-23  1.14736e-08  3.30750e+07  1.76355e-01  0.00000e+00
0497  1.02176e+19  5.83063e-23  1.14425e-08  3.30755e+07  1.76726e-01  0.00000e+00
0498  1.02360e+19  5.80604e-23  1.14108e-08  3.30766e+07  1.77094e-01  0.00000e+00
0499  1.02544e+19  5.78144e-23  1.13784e-08  3.30786e+07  1.77460e-01  0.00000e+00
0500  1.02728e+19  5.75682e-23  1.13452e-08  3.30816e+07  1.77825e-01  0.00000e+00
0501  1.02913e+19  5.73214e-23  1.13111e-08  3.30854e+07  1.78188e-01  0.00000e+00
0502  1.03097e+19  5.70743e-23  1.12763e-08  3.30902e+07  1.78551e-01  0.00000e+00
0503  1.03281e+19  5.68271e-23  1.12409e-08  3.30958e+07  1.78913e-01  0.00000e+00
0504  1.03465e+19  5.65800e-23  1.12049e-08  3.31021e+07  1.79274e-01  0.00000e+00
0505  1.03649e+19  5.63332e-23  1.11685e-08  3.31091e+07  1.79636e-01  0.00000e+00
0506  1.03833e+19  5.60869e-23  1.11317e-08  3.31166e+07  1.79997e-01  0.00000e+00
0507  1.04017e+19  5.58413e-23  1.10946e-08  3.31246e+07  1.80360e-01  0.00000e+00
0508  1.04202e+19  5.55966e-23  1.10573e-08  3.31330e+07  1.80723e-01  0.00000e+00
0509  1.04386e+19  5.53528e-23  1.10199e-08  3.31417e+07  1.81088e-01  0.00000e+00
0510  1.04570e+19  5.51099e-23  1.09824e-08  3.31507e+07  1.81453e-01  0.00000e+00
0511  1.04754e+19  5.48680e-23  1.09448e-08  3.31601e+07  1.81821e-01  0.00000e+00
0512  1.04938e+19  5.46271e-23  1.09070e-08  3.31698e+07  1.82190e-01  0.00000e+00
0513  1.05122e+19  5.43871e-23  1.08692e-08  3.31798e+07  1.82560e-01  0.00000e+00
0514  1.05307e+19  5.41480e-23  1.08312e-08  3.31902e+07  1.82933e-01  0.00000e+00
0515  1.05491e+19  5.39098e-23  1.07932e-08  3.32008e+07  1.83308e-01  0.00000e+00
0516  1.05675e+19  5.36726e-23  1.07551e-08  3.32117e+07  1.83684e-01  0.00000e+00
0517  1.05859e+19  5.34363e-23  1.07170e-08  3.32230e+07  1.84063e-01  0.00000e+00
0518  1.06043e+19  5.32010e-23  1.06788e-08  3.32345e+07  1.84443e-01  0.00000e+00
0519  1.06227e+19  5.29668e-23  1.06405e-08  3.32463e+07  1.84825e-01  0.00000e+00
0520  1.06412e+19  5.27335e-23  1.06022e-08  3.32584e+07  1.85209e-01  0.00000e+00
0521  1.06596e+19  5.25014e-23  1.05639e-08  3.32707e+07  1.85594e-01  0.00000e+00
0522  1.06780e+19  5.22703e-23  1.05255e-08  3.32834e+07  1.85981e-01  0.00000e+00
0523  1.06964e+19  5.20404e-23  1.04871e-08  3.32963e+07  1.86370e-01  0.00000e+00
0524  1.07148e+19  5.18117e-23  1.04487e-08  3.33094e+07  1.86759e-01  0.00000e+00
0525  1.07332e+19  5.15842e-23  1.04103e-08  3.33228e+07  1.87150e-01  0.00000e+00
0526  1.07516e+19  5.13578e-23  1.03719e-08  3.33364e+07  1.87541e-01  0.00000e+00
0527  1.07701e+19  5.11327e-23  1.03335e-08  3.33503e+07  1.87934e-01  0.00000e+00
0528  1.07885e+19  5.09089e-23  1.02951e-08  3.33644e+07  1.88327e-01  0.00000e+00
0529  1.08069e+19  5.06863e-23  1.02568e-08  3.33787e+07  1.88720e-01  0.00000e+00
0530  1.08253e+19  5.04651e-23  1.02185e-08  3.33932e+07  1.89114e-01  0.00000e+00
0531  1.08437e+19  5.02451e-23  1.01802e-08  3.34079e+07  1.89509e-01  0.00000e+00
0532  1.08621e+19  5.00264e-23  1.01420e-08  3.34228e+07  1.89903e-01  0.00000e+00
0533  1.08806e+19  4.98091e-23  1.01039e-08  3.34379e+07  1.90298e-01  0.00000e+00
0534  1.08990e+19  4.95932e-23  1.00658e-08  3.34532e+07  1.90692e-01  0.00000e+00
0535  1.09174e+19  4.93786e-23  1.00278e-08  3.34686e+07  1.91087e-01  0.00000e+00
0536  1.09358e+19  4.91656e-23  9.98988e-09  3.34841e+07  1.91481e-01  0.00000e+00
0537  1.09542e+19  4.89540e-23  9.95208e-09  3.34998e+07  1.91875e-01  0.00000e+00
0538  1.09726e+19  4.87439e-23  9.91439e-09  3.35157e+07  1.92268e-01  0.00000e+00
0539  1.09910e+19  4.85354e-23  9.87683e-09  3.35316e+07  1.92661e-01  0.00000e+00
0540  1.10095e+19  4.83285e-23  9.83940e-09  3.35477e+07  1.93054e-01  0.00000e+00
0541  1.10279e+19  4.81232e-23  9.80211e-09  3.35638e+07  1.93445e-01  0.00000e+00
0542  1.10463e+19  4.79196e-23  9.76496e-09  3.35800e+07  1.93837e-01  0.00000e+00
0543  1.10647e+19  4.77176e-23  9.72797e-09  3.35963e+07  1.94227e-01  0.00000e+00
0544  1.10831e+19  4.75172e-23  9.69114e-09  3.36126e+07  1.94617e-01  0.00000e+00
0545  1.11015e+19  4.73184e-23  9.65447e-09  3.36290e+07  1.95006e-01  0.00000e+00
0546  1.11200e+19  4.71212e-23  9.61797e-09  3.36455e+07  1.95395e-01  0.00000e+00
0547  1.11384e+19  4.69257e-23  9.58165e-09  3.36620e+07  1.95784e-01  0.00000e+00
0548  1.11568e+19  4.67317e-23  9.54549e-09  3.36786e+07  1.96172e-01  0.00000e+00
0549  1.11752e+19  4.65392e-23  9.50951e-09  3.36952e+07  1.96559e-01  0.00000e+00
0550  1.11936e+19  4.63484e-23  9.47371e-09  3.37118e+07  1.96946e-01  0.00000e+00
0551  1.12120e+19  4.61587e-23  9.43804e-09  3.37284e+07  1.97334e-01  0.00000e+00
0552  1.12305e+19  4.59718e-23  9.40278e-09  3.37450e+07  1.97719e-01  0.00000e+00
0553  1.12489e+19  4.57809e-23  9.36667e-09  3.37621e+07  1.98115e-01  0.00000e+00
0554  1.12673e+19  4.56133e-23  9.33489e-09  3.37773e+07  1.98466e-01  0.00000e+00
0555  1.12857e+19  4.53247e-23  9.27996e-09  3.38036e+07  1.99074e-01  0.00000e+00
