# Athena++ data at time=1.269000e+13  cycle=850358975  variables=uov 
# i       x1v         user_out_var0          user_out_var1          user_out_var2          user_out_var3          user_out_var4          user_out_var5      
0002  1.13875e+18  4.91745e+00  3.03478e+04  5.59999e-16  0.00000e+00  0.00000e+00  3.02826e-05
0003  1.15716e+18  1.03218e+01  4.00224e+04  8.70682e-17  0.00000e+00  0.00000e+00  2.93264e-05
0004  1.17558e+18  1.54636e+01  4.91676e+04  4.30157e-17  0.00000e+00  0.00000e+00  2.84148e-05
0005  1.19399e+18  2.23004e+01  6.13414e+04  6.27747e-17  0.00000e+00  0.00000e+00  2.75451e-05
0006  1.21241e+18  3.29236e+01  8.15990e+04  1.03476e-16  0.00000e+00  0.00000e+00  2.67147e-05
0007  1.23082e+18  5.31276e+01  1.23384e+05  1.29047e-16  0.00000e+00  0.00000e+00  2.59213e-05
0008  1.24924e+18  6.27572e+01  1.36872e+05  2.81812e-17  0.00000e+00  0.00000e+00  2.51628e-05
0009  1.26765e+18  6.77536e+01  1.43373e+05  2.26097e-17  0.00000e+00  0.00000e+00  2.44370e-05
0010  1.28607e+18  7.21109e+01  1.48194e+05  2.04176e-17  0.00000e+00  0.00000e+00  2.37422e-05
0011  1.30448e+18  7.54137e+01  1.50867e+05  1.48588e-17  0.00000e+00  0.00000e+00  2.30766e-05
0012  1.32290e+18  7.84609e+01  1.53364e+05  1.49510e-17  0.00000e+00  0.00000e+00  2.24386e-05
0013  1.34131e+18  8.15903e+01  1.55963e+05  1.49570e-17  0.00000e+00  0.00000e+00  2.18267e-05
0014  1.35973e+18  8.47007e+01  1.58586e+05  1.40253e-17  0.00000e+00  0.00000e+00  2.12395e-05
0015  1.37814e+18  8.75322e+01  1.60745e+05  1.22512e-17  0.00000e+00  0.00000e+00  2.06757e-05
0016  1.39656e+18  9.02154e+01  1.62802e+05  1.17374e-17  0.00000e+00  0.00000e+00  2.01340e-05
0017  1.41497e+18  9.28812e+01  1.64893e+05  1.14586e-17  0.00000e+00  0.00000e+00  1.96134e-05
0018  1.43339e+18  9.54909e+01  1.66991e+05  1.02843e-17  0.00000e+00  0.00000e+00  1.91126e-05
0019  1.45180e+18  9.74410e+01  1.67935e+05 -8.23540e-19  0.00000e+00  0.00000e+00  1.86309e-05
0020  1.47022e+18  9.97017e+01  1.69825e+05  1.02703e-17  0.00000e+00  0.00000e+00  1.81671e-05
0021  1.48863e+18  1.02341e+02  1.72118e+05  4.57614e-17  0.00000e+00  0.00000e+00  1.77204e-05
0022  1.50705e+18  1.04374e+02  1.73445e+05  7.54730e-18  0.00000e+00  0.00000e+00  1.72900e-05
0023  1.52546e+18  1.06316e+02  1.75006e+05  8.08458e-18  0.00000e+00  0.00000e+00  1.68750e-05
0024  1.54388e+18  1.08433e+02  1.76771e+05  8.32894e-18  0.00000e+00  0.00000e+00  1.64749e-05
0027  1.56229e+18  1.10560e+02  1.78616e+05  8.09565e-18  0.00000e+00  0.00000e+00  1.60888e-05
0028  1.58071e+18  1.12660e+02  1.80511e+05  7.90188e-18  0.00000e+00  0.00000e+00  1.57161e-05
0029  1.59912e+18  1.14756e+02  1.82480e+05  7.80401e-18  0.00000e+00  0.00000e+00  1.53562e-05
0030  1.61754e+18  1.16871e+02  1.84551e+05  7.77271e-18  0.00000e+00  0.00000e+00  1.50085e-05
0031  1.63595e+18  1.19028e+02  1.86756e+05  7.80386e-18  0.00000e+00  0.00000e+00  1.46726e-05
0032  1.65437e+18  1.21248e+02  1.89129e+05  7.85280e-18  0.00000e+00  0.00000e+00  1.43477e-05
0033  1.67278e+18  1.23486e+02  1.91614e+05  7.56224e-18  0.00000e+00  0.00000e+00  1.40336e-05
0034  1.69120e+18  1.25423e+02  1.93733e+05  6.49705e-18  0.00000e+00  0.00000e+00  1.37296e-05
0035  1.70961e+18  1.26978e+02  1.95486e+05  5.64838e-18  0.00000e+00  0.00000e+00  1.34354e-05
0036  1.72803e+18  1.28256e+02  1.96962e+05  5.18909e-18  0.00000e+00  0.00000e+00  1.31506e-05
0037  1.74644e+18  1.29517e+02  1.98537e+05  5.35136e-18  0.00000e+00  0.00000e+00  1.28747e-05
0038  1.76486e+18  1.30907e+02  2.00317e+05  5.59851e-18  0.00000e+00  0.00000e+00  1.26074e-05
0039  1.78328e+18  1.32410e+02  2.02297e+05  5.73611e-18  0.00000e+00  0.00000e+00  1.23484e-05
0040  1.80169e+18  1.33991e+02  2.04439e+05  5.79238e-18  0.00000e+00  0.00000e+00  1.20973e-05
0041  1.82011e+18  1.35638e+02  2.06739e+05  5.88052e-18  0.00000e+00  0.00000e+00  1.18537e-05
0042  1.83852e+18  1.37404e+02  2.09284e+05  6.13807e-18  0.00000e+00  0.00000e+00  1.16174e-05
0043  1.85694e+18  1.39524e+02  2.12460e+05  6.26848e-18  0.00000e+00  0.00000e+00  1.13882e-05
0044  1.87535e+18  1.40489e+02  2.14014e+05  5.37000e-18  0.00000e+00  0.00000e+00  1.11656e-05
0045  1.89377e+18  1.39756e+02  2.12878e+05  2.70771e-18  0.00000e+00  0.00000e+00  1.09495e-05
0046  1.91218e+18  1.40537e+02  2.14165e+05  1.91262e-18  0.00000e+00  0.00000e+00  1.07396e-05
0047  1.93060e+18  1.48320e+02  2.27296e+05  7.81004e-18  0.00000e+00  0.00000e+00  1.05357e-05
0048  1.94901e+18  1.50980e+02  2.31552e+05  2.17278e-18  0.00000e+00  0.00000e+00  1.03376e-05
0049  1.96743e+18  1.32133e+02  2.02732e+05 -4.01856e-17  0.00000e+00  0.00000e+00  1.01449e-05
0050  1.98584e+18  1.12045e+02  1.80088e+05 -1.20147e-17  0.00000e+00  0.00000e+00  9.95766e-06
0051  2.00426e+18  1.09397e+02  1.77618e+05  6.84240e-19  0.00000e+00  0.00000e+00  9.77552e-06
0052  2.02267e+18  1.08736e+02  1.77019e+05  3.95987e-18  0.00000e+00  0.00000e+00  9.59833e-06
0053  2.04109e+18  1.09049e+02  1.77289e+05  3.69907e-18  0.00000e+00  0.00000e+00  9.42591e-06
0054  2.05951e+18  1.09731e+02  1.77897e+05  1.72765e-18  0.00000e+00  0.00000e+00  9.25810e-06
0055  2.07792e+18  1.10548e+02  1.78622e+05  9.67767e-19  0.00000e+00  0.00000e+00  9.09473e-06
0056  2.09634e+18  1.11310e+02  1.79305e+05  5.96712e-19  0.00000e+00  0.00000e+00  8.93564e-06
0057  2.11475e+18  1.11898e+02  1.79830e+05  1.19162e-18  0.00000e+00  0.00000e+00  8.78070e-06
0058  2.13317e+18  1.12270e+02  1.80164e+05  1.53153e-18  0.00000e+00  0.00000e+00  8.62975e-06
0059  2.15158e+18  1.12596e+02  1.80452e+05  2.33656e-18  0.00000e+00  0.00000e+00  8.48265e-06
0060  2.17000e+18  1.12901e+02  1.80722e+05  3.11434e-18  0.00000e+00  0.00000e+00  8.33929e-06
0061  2.18841e+18  1.13188e+02  1.80982e+05  3.42092e-18  0.00000e+00  0.00000e+00  8.19953e-06
0062  2.20683e+18  1.13472e+02  1.81246e+05  3.35287e-18  0.00000e+00  0.00000e+00  8.06326e-06
0063  2.22524e+18  1.13585e+02  1.81323e+05  5.12475e-18  0.00000e+00  0.00000e+00  7.93035e-06
0064  2.24366e+18  1.13601e+02  1.81369e+05  3.00480e-18  0.00000e+00  0.00000e+00  7.80071e-06
0065  2.26207e+18  1.20551e+02  1.88684e+05 -1.28849e-17  0.00000e+00  0.00000e+00  7.67421e-06
0066  2.28049e+18  2.24062e+02  3.91583e+05  8.51552e-17  0.00000e+00  0.00000e+00  7.55077e-06
0067  2.29891e+18  4.60310e+02  7.36224e+05  7.31164e-17  0.00000e+00  0.00000e+00  7.43029e-06
0068  2.31732e+18  6.52574e+02  1.03227e+06  3.24350e-17  0.00000e+00  0.00000e+00  7.31266e-06
0069  2.33574e+18  7.77189e+02  1.23537e+06  2.44108e-17  0.00000e+00  0.00000e+00  7.19781e-06
0070  2.35415e+18  8.68432e+02  1.39064e+06  2.13051e-17  0.00000e+00  0.00000e+00  7.08564e-06
0071  2.37257e+18  9.46164e+02  1.52949e+06  2.02800e-17  0.00000e+00  0.00000e+00  6.97607e-06
0072  2.39098e+18  1.02017e+03  1.66434e+06  1.98726e-17  0.00000e+00  0.00000e+00  6.86902e-06
0073  2.40940e+18  1.09400e+03  1.80161e+06  1.94656e-17  0.00000e+00  0.00000e+00  6.76442e-06
0074  2.42781e+18  1.16797e+03  1.94748e+06  1.89409e-17  0.00000e+00  0.00000e+00  6.66219e-06
0075  2.44623e+18  1.24426e+03  2.10535e+06  1.81346e-17  0.00000e+00  0.00000e+00  6.56226e-06
0076  2.46464e+18  1.32944e+03  2.27695e+06  1.74799e-17  0.00000e+00  0.00000e+00  6.46456e-06
0077  2.48306e+18  1.42865e+03  2.46355e+06  1.66599e-17  0.00000e+00  0.00000e+00  6.36903e-06
0078  2.50147e+18  1.53720e+03  2.67283e+06  1.56192e-17  0.00000e+00  0.00000e+00  6.27560e-06
0079  2.51989e+18  1.65278e+03  2.91463e+06  1.44411e-17  0.00000e+00  0.00000e+00  6.18421e-06
0080  2.53831e+18  1.78280e+03  3.19532e+06  1.31561e-17  0.00000e+00  0.00000e+00  6.09480e-06
0081  2.55672e+18  1.93872e+03  3.52243e+06  1.20336e-17  0.00000e+00  0.00000e+00  6.00732e-06
0082  2.57514e+18  2.11705e+03  3.86020e+06  1.09590e-17  0.00000e+00  0.00000e+00  5.92171e-06
0083  2.59355e+18  2.18593e+03  3.99662e+06  1.03527e-17  0.00000e+00  0.00000e+00  5.83791e-06
0084  2.61197e+18  2.11000e+03  3.89859e+06  1.03044e-17  0.00000e+00  0.00000e+00  5.75588e-06
0085  2.63038e+18  1.62390e+03  3.07721e+06  1.17352e-17  0.00000e+00  0.00000e+00  5.67557e-06
0086  2.64880e+18  4.58724e+02  9.08311e+05  7.15545e-18  0.00000e+00  0.00000e+00  5.59693e-06
0087  2.66721e+18  1.07377e+02  1.81357e+05 -2.11307e-16  0.00000e+00  0.00000e+00  5.51991e-06
0088  2.68563e+18  8.28882e+01  1.57122e+05 -5.47317e-18  0.00000e+00  0.00000e+00  5.44447e-06
0089  2.70404e+18  8.31531e+01  1.57289e+05 -2.75425e-19  0.00000e+00  0.00000e+00  5.37056e-06
0090  2.72246e+18  8.39443e+01  1.57950e+05  4.34868e-19  0.00000e+00  0.00000e+00  5.29815e-06
0091  2.74088e+18  8.51269e+01  1.58930e+05  1.61904e-18  0.00000e+00  0.00000e+00  5.22720e-06
0092  2.75929e+18  8.67606e+01  1.60139e+05  2.40879e-18  0.00000e+00  0.00000e+00  5.15766e-06
0093  2.77771e+18  8.92375e+01  1.62000e+05  3.76052e-18  0.00000e+00  0.00000e+00  5.08950e-06
0094  2.79612e+18  9.27147e+01  1.64689e+05  4.77987e-18  0.00000e+00  0.00000e+00  5.02268e-06
0095  2.81454e+18  9.67560e+01  1.67921e+05  5.65066e-18  0.00000e+00  0.00000e+00  4.95717e-06
0096  2.83295e+18  1.00866e+02  1.70783e+05  3.37377e-18  0.00000e+00  0.00000e+00  4.89293e-06
0097  2.85137e+18  1.05177e+02  1.73996e+05  3.46779e-18  0.00000e+00  0.00000e+00  4.82993e-06
0098  2.86978e+18  1.09706e+02  1.77780e+05  3.05202e-18  0.00000e+00  0.00000e+00  4.76814e-06
0099  2.88820e+18  1.14208e+02  1.81847e+05  3.24471e-18  0.00000e+00  0.00000e+00  4.70753e-06
0100  2.90661e+18  1.19739e+02  1.87373e+05  3.18977e-18  0.00000e+00  0.00000e+00  4.64807e-06
0101  2.92503e+18  1.36133e+02  2.07328e+05  2.04694e-18  0.00000e+00  0.00000e+00  4.58973e-06
0102  2.94345e+18  2.01993e+02  3.20243e+05  4.57698e-17  0.00000e+00  0.00000e+00  4.53248e-06
0103  2.96186e+18  3.56074e+02  5.13753e+05  6.24164e-17  0.00000e+00  0.00000e+00  4.47629e-06
0104  2.98028e+18  5.11349e+02  6.96670e+05  3.38816e-17  0.00000e+00  0.00000e+00  4.42114e-06
0105  2.99869e+18  6.24423e+02  8.29050e+05  2.28218e-17  0.00000e+00  0.00000e+00  4.36701e-06
0106  3.01711e+18  7.07859e+02  9.24651e+05  1.80832e-17  0.00000e+00  0.00000e+00  4.31386e-06
0107  3.03552e+18  7.74621e+02  9.99325e+05  1.53938e-17  0.00000e+00  0.00000e+00  4.26168e-06
0108  3.05394e+18  8.31804e+02  1.06279e+06  1.37312e-17  0.00000e+00  0.00000e+00  4.21044e-06
0109  3.07235e+18  8.82906e+02  1.11913e+06  1.24268e-17  0.00000e+00  0.00000e+00  4.16011e-06
0110  3.09077e+18  9.30217e+02  1.17110e+06  1.13702e-17  0.00000e+00  0.00000e+00  4.11069e-06
0111  3.10918e+18  9.75795e+02  1.22141e+06  1.07617e-17  0.00000e+00  0.00000e+00  4.06214e-06
0112  3.12760e+18  1.02025e+03  1.27051e+06  1.00841e-17  0.00000e+00  0.00000e+00  4.01444e-06
0113  3.14602e+18  1.06393e+03  1.31916e+06  9.49632e-18  0.00000e+00  0.00000e+00  3.96758e-06
0114  3.16443e+18  1.10732e+03  1.36802e+06  9.01841e-18  0.00000e+00  0.00000e+00  3.92154e-06
0115  3.18285e+18  1.15051e+03  1.41705e+06  8.59934e-18  0.00000e+00  0.00000e+00  3.87629e-06
0116  3.20126e+18  1.19294e+03  1.46561e+06  8.19461e-18  0.00000e+00  0.00000e+00  3.83182e-06
0117  3.21968e+18  1.23378e+03  1.51265e+06  7.81122e-18  0.00000e+00  0.00000e+00  3.78811e-06
0118  3.23809e+18  1.27230e+03  1.55742e+06  7.50075e-18  0.00000e+00  0.00000e+00  3.74515e-06
0119  3.25651e+18  1.30796e+03  1.59914e+06  7.24437e-18  0.00000e+00  0.00000e+00  3.70291e-06
0120  3.27492e+18  1.34027e+03  1.63724e+06  7.00300e-18  0.00000e+00  0.00000e+00  3.66138e-06
0121  3.29334e+18  1.36908e+03  1.67155e+06  6.77144e-18  0.00000e+00  0.00000e+00  3.62055e-06
0122  3.31176e+18  1.39466e+03  1.70234e+06  6.55155e-18  0.00000e+00  0.00000e+00  3.58040e-06
0123  3.33017e+18  1.41757e+03  1.73025e+06  6.34318e-18  0.00000e+00  0.00000e+00  3.54091e-06
0124  3.34859e+18  1.43847e+03  1.75604e+06  6.14502e-18  0.00000e+00  0.00000e+00  3.50207e-06
0125  3.36700e+18  1.45802e+03  1.78052e+06  5.95540e-18  0.00000e+00  0.00000e+00  3.46386e-06
0126  3.38542e+18  1.47673e+03  1.80437e+06  5.77281e-18  0.00000e+00  0.00000e+00  3.42628e-06
0127  3.40383e+18  1.49494e+03  1.82806e+06  5.59620e-18  0.00000e+00  0.00000e+00  3.38931e-06
0128  3.42225e+18  1.51299e+03  1.85209e+06  5.45275e-18  0.00000e+00  0.00000e+00  3.35293e-06
0129  3.44066e+18  1.53100e+03  1.87647e+06  5.29494e-18  0.00000e+00  0.00000e+00  3.31713e-06
0130  3.45908e+18  1.54886e+03  1.90117e+06  5.14106e-18  0.00000e+00  0.00000e+00  3.28191e-06
0131  3.47749e+18  1.56647e+03  1.92603e+06  4.99144e-18  0.00000e+00  0.00000e+00  3.24724e-06
0132  3.49591e+18  1.58370e+03  1.95084e+06  4.84641e-18  0.00000e+00  0.00000e+00  3.21312e-06
0133  3.51433e+18  1.60039e+03  1.97542e+06  4.70629e-18  0.00000e+00  0.00000e+00  3.17953e-06
0134  3.53274e+18  1.61643e+03  1.99958e+06  4.57126e-18  0.00000e+00  0.00000e+00  3.14647e-06
0135  3.55116e+18  1.63171e+03  2.02322e+06  4.44142e-18  0.00000e+00  0.00000e+00  3.11392e-06
0136  3.56957e+18  1.64619e+03  2.04629e+06  4.31671e-18  0.00000e+00  0.00000e+00  3.08188e-06
0137  3.58799e+18  1.65985e+03  2.06876e+06  4.19701e-18  0.00000e+00  0.00000e+00  3.05032e-06
0138  3.60640e+18  1.67272e+03  2.09067e+06  4.08211e-18  0.00000e+00  0.00000e+00  3.01925e-06
0139  3.62482e+18  1.68484e+03  2.11206e+06  3.97179e-18  0.00000e+00  0.00000e+00  2.98865e-06
0140  3.64323e+18  1.69625e+03  2.13297e+06  3.86579e-18  0.00000e+00  0.00000e+00  2.95851e-06
0141  3.66165e+18  1.70698e+03  2.15348e+06  3.76388e-18  0.00000e+00  0.00000e+00  2.92883e-06
0142  3.68007e+18  1.71708e+03  2.17361e+06  3.66573e-18  0.00000e+00  0.00000e+00  2.89959e-06
0143  3.69848e+18  1.72660e+03  2.19340e+06  3.57116e-18  0.00000e+00  0.00000e+00  2.87079e-06
0144  3.71690e+18  1.73556e+03  2.21287e+06  3.48008e-18  0.00000e+00  0.00000e+00  2.84241e-06
0145  3.73531e+18  1.74403e+03  2.23203e+06  3.39232e-18  0.00000e+00  0.00000e+00  2.81445e-06
0146  3.75373e+18  1.75204e+03  2.25086e+06  3.30771e-18  0.00000e+00  0.00000e+00  2.78690e-06
0147  3.77214e+18  1.75963e+03  2.26939e+06  3.22610e-18  0.00000e+00  0.00000e+00  2.75976e-06
0148  3.79056e+18  1.76679e+03  2.28763e+06  3.14736e-18  0.00000e+00  0.00000e+00  2.73301e-06
0149  3.80897e+18  1.77353e+03  2.30560e+06  3.07136e-18  0.00000e+00  0.00000e+00  2.70665e-06
0150  3.82739e+18  1.77985e+03  2.32335e+06  2.99797e-18  0.00000e+00  0.00000e+00  2.68066e-06
0151  3.84581e+18  1.78574e+03  2.34090e+06  2.92708e-18  0.00000e+00  0.00000e+00  2.65505e-06
0152  3.86422e+18  1.79121e+03  2.35827e+06  2.85858e-18  0.00000e+00  0.00000e+00  2.62981e-06
0153  3.88264e+18  1.79629e+03  2.37548e+06  2.79234e-18  0.00000e+00  0.00000e+00  2.60492e-06
0154  3.90105e+18  1.80100e+03  2.39254e+06  2.72826e-18  0.00000e+00  0.00000e+00  2.58038e-06
0155  3.91947e+18  1.80534e+03  2.40941e+06  2.65900e-18  0.00000e+00  0.00000e+00  2.55619e-06
0156  3.93788e+18  1.80932e+03  2.42618e+06  2.60092e-18  0.00000e+00  0.00000e+00  2.53234e-06
0157  3.95630e+18  1.81306e+03  2.44279e+06  2.54449e-18  0.00000e+00  0.00000e+00  2.50882e-06
0158  3.97471e+18  1.81658e+03  2.45925e+06  2.48965e-18  0.00000e+00  0.00000e+00  2.48563e-06
0159  3.99313e+18  1.81990e+03  2.47557e+06  2.43634e-18  0.00000e+00  0.00000e+00  2.46275e-06
0160  4.01155e+18  1.82303e+03  2.49175e+06  2.38450e-18  0.00000e+00  0.00000e+00  2.44019e-06
0161  4.02996e+18  1.82596e+03  2.50782e+06  2.33409e-18  0.00000e+00  0.00000e+00  2.41794e-06
0162  4.04838e+18  1.82868e+03  2.52380e+06  2.28505e-18  0.00000e+00  0.00000e+00  2.39599e-06
0163  4.06679e+18  1.83119e+03  2.53974e+06  2.23918e-18  0.00000e+00  0.00000e+00  2.37434e-06
0164  4.08521e+18  1.83348e+03  2.55564e+06  2.19203e-18  0.00000e+00  0.00000e+00  2.35299e-06
0165  4.10362e+18  1.83553e+03  2.57150e+06  2.14615e-18  0.00000e+00  0.00000e+00  2.33191e-06
0166  4.12204e+18  1.83734e+03  2.58732e+06  2.10148e-18  0.00000e+00  0.00000e+00  2.31113e-06
0167  4.14045e+18  1.83894e+03  2.60308e+06  2.05800e-18  0.00000e+00  0.00000e+00  2.29061e-06
0168  4.15887e+18  1.84033e+03  2.61875e+06  2.01567e-18  0.00000e+00  0.00000e+00  2.27037e-06
0169  4.17728e+18  1.84153e+03  2.63431e+06  1.97446e-18  0.00000e+00  0.00000e+00  2.25040e-06
0170  4.19570e+18  1.84256e+03  2.64975e+06  1.93434e-18  0.00000e+00  0.00000e+00  2.23069e-06
0171  4.21412e+18  1.84342e+03  2.66504e+06  1.89528e-18  0.00000e+00  0.00000e+00  2.21123e-06
0172  4.23253e+18  1.84410e+03  2.68019e+06  1.85724e-18  0.00000e+00  0.00000e+00  2.19203e-06
0173  4.25095e+18  1.84460e+03  2.69518e+06  1.82019e-18  0.00000e+00  0.00000e+00  2.17308e-06
0174  4.26936e+18  1.84489e+03  2.71003e+06  1.78411e-18  0.00000e+00  0.00000e+00  2.15438e-06
0175  4.28778e+18  1.84496e+03  2.72472e+06  1.74896e-18  0.00000e+00  0.00000e+00  2.13591e-06
0176  4.30619e+18  1.84479e+03  2.73928e+06  1.71471e-18  0.00000e+00  0.00000e+00  2.11768e-06
0177  4.32461e+18  1.84436e+03  2.75369e+06  1.68133e-18  0.00000e+00  0.00000e+00  2.09968e-06
0178  4.34302e+18  1.84368e+03  2.76797e+06  1.64880e-18  0.00000e+00  0.00000e+00  2.08191e-06
0179  4.36144e+18  1.84273e+03  2.78210e+06  1.61707e-18  0.00000e+00  0.00000e+00  2.06437e-06
0180  4.37986e+18  1.84153e+03  2.79607e+06  1.58613e-18  0.00000e+00  0.00000e+00  2.04705e-06
0181  4.39827e+18  1.84009e+03  2.80988e+06  1.55596e-18  0.00000e+00  0.00000e+00  2.02994e-06
0182  4.41669e+18  1.83843e+03  2.82348e+06  1.52653e-18  0.00000e+00  0.00000e+00  2.01305e-06
0183  4.43510e+18  1.83656e+03  2.83690e+06  1.49782e-18  0.00000e+00  0.00000e+00  1.99637e-06
0184  4.45352e+18  1.83451e+03  2.85010e+06  1.46981e-18  0.00000e+00  0.00000e+00  1.97989e-06
0185  4.47193e+18  1.83229e+03  2.86310e+06  1.44246e-18  0.00000e+00  0.00000e+00  1.96362e-06
0186  4.49035e+18  1.82992e+03  2.87589e+06  1.41576e-18  0.00000e+00  0.00000e+00  1.94754e-06
0187  4.50876e+18  1.82741e+03  2.88852e+06  1.38967e-18  0.00000e+00  0.00000e+00  1.93167e-06
0188  4.52718e+18  1.82478e+03  2.90099e+06  1.36418e-18  0.00000e+00  0.00000e+00  1.91598e-06
0189  4.54560e+18  1.82203e+03  2.91334e+06  1.33925e-18  0.00000e+00  0.00000e+00  1.90049e-06
0190  4.56401e+18  1.81917e+03  2.92561e+06  1.31486e-18  0.00000e+00  0.00000e+00  1.88519e-06
0191  4.58243e+18  1.81621e+03  2.93784e+06  1.29099e-18  0.00000e+00  0.00000e+00  1.87006e-06
0192  4.60084e+18  1.81316e+03  2.95004e+06  1.26761e-18  0.00000e+00  0.00000e+00  1.85512e-06
0193  4.61926e+18  1.81003e+03  2.96225e+06  1.24470e-18  0.00000e+00  0.00000e+00  1.84036e-06
0194  4.63767e+18  1.80687e+03  2.97454e+06  1.22224e-18  0.00000e+00  0.00000e+00  1.82577e-06
0195  4.65609e+18  1.80374e+03  2.98700e+06  1.20423e-18  0.00000e+00  0.00000e+00  1.81136e-06
0196  4.67450e+18  1.80064e+03  2.99958e+06  1.18318e-18  0.00000e+00  0.00000e+00  1.79712e-06
0197  4.69292e+18  1.79754e+03  3.01223e+06  1.16254e-18  0.00000e+00  0.00000e+00  1.78304e-06
0198  4.71134e+18  1.79443e+03  3.02489e+06  1.14231e-18  0.00000e+00  0.00000e+00  1.76913e-06
0199  4.72975e+18  1.79131e+03  3.03754e+06  1.12248e-18  0.00000e+00  0.00000e+00  1.75538e-06
0200  4.74817e+18  1.78820e+03  3.05018e+06  1.10305e-18  0.00000e+00  0.00000e+00  1.74179e-06
0201  4.76658e+18  1.78511e+03  3.06283e+06  1.08399e-18  0.00000e+00  0.00000e+00  1.72836e-06
0202  4.78500e+18  1.78207e+03  3.07554e+06  1.06530e-18  0.00000e+00  0.00000e+00  1.71508e-06
0203  4.80341e+18  1.77909e+03  3.08832e+06  1.04694e-18  0.00000e+00  0.00000e+00  1.70195e-06
0204  4.82183e+18  1.77619e+03  3.10120e+06  1.02892e-18  0.00000e+00  0.00000e+00  1.68898e-06
0205  4.84024e+18  1.77337e+03  3.11419e+06  1.01122e-18  0.00000e+00  0.00000e+00  1.67615e-06
0206  4.85866e+18  1.77063e+03  3.12730e+06  9.93835e-19  0.00000e+00  0.00000e+00  1.66347e-06
0207  4.87708e+18  1.76796e+03  3.14053e+06  9.76761e-19  0.00000e+00  0.00000e+00  1.65093e-06
0208  4.89549e+18  1.76537e+03  3.15388e+06  9.59992e-19  0.00000e+00  0.00000e+00  1.63853e-06
0209  4.91391e+18  1.76285e+03  3.16735e+06  9.43523e-19  0.00000e+00  0.00000e+00  1.62627e-06
0210  4.93232e+18  1.76038e+03  3.18093e+06  9.27353e-19  0.00000e+00  0.00000e+00  1.61415e-06
0211  4.95074e+18  1.75796e+03  3.19459e+06  9.11480e-19  0.00000e+00  0.00000e+00  1.60217e-06
0212  4.96915e+18  1.75556e+03  3.20830e+06  8.95907e-19  0.00000e+00  0.00000e+00  1.59031e-06
0213  4.98757e+18  1.75316e+03  3.22204e+06  8.80632e-19  0.00000e+00  0.00000e+00  1.57859e-06
0214  5.00598e+18  1.75076e+03  3.23580e+06  8.65571e-19  0.00000e+00  0.00000e+00  1.56700e-06
0215  5.02440e+18  1.74831e+03  3.24949e+06  8.50797e-19  0.00000e+00  0.00000e+00  1.55553e-06
0216  5.04282e+18  1.74558e+03  3.26271e+06  8.36400e-19  0.00000e+00  0.00000e+00  1.54419e-06
0217  5.06123e+18  1.74250e+03  3.27528e+06  8.22394e-19  0.00000e+00  0.00000e+00  1.53298e-06
0218  5.07965e+18  1.74012e+03  3.28920e+06  8.08406e-19  0.00000e+00  0.00000e+00  1.52188e-06
0219  5.09806e+18  1.74087e+03  3.30908e+06  7.93640e-19  0.00000e+00  0.00000e+00  1.51091e-06
0220  5.11648e+18  1.74148e+03  3.32877e+06  7.79228e-19  0.00000e+00  0.00000e+00  1.50005e-06
0221  5.13489e+18  1.73079e+03  3.32677e+06  7.68709e-19  0.00000e+00  0.00000e+00  1.48931e-06
0222  5.15331e+18  1.71200e+03  3.30889e+06  7.60784e-19  0.00000e+00  0.00000e+00  1.47868e-06
0223  5.17172e+18  1.65582e+03  3.21774e+06  7.63560e-19  0.00000e+00  0.00000e+00  1.46817e-06
0224  5.19014e+18  1.45445e+03  2.84160e+06  7.92486e-19  0.00000e+00  0.00000e+00  1.45777e-06
0225  5.20856e+18  9.48661e+02  1.86195e+06  5.79497e-19  0.00000e+00  0.00000e+00  1.44748e-06
0226  5.22697e+18  3.90370e+02  7.64732e+05  1.18562e-18  0.00000e+00  0.00000e+00  1.43730e-06
0227  5.24539e+18  1.44979e+02  2.57805e+05 -2.09467e-17  0.00000e+00  0.00000e+00  1.42723e-06
0228  5.26380e+18  9.30143e+01  1.68603e+05 -1.85361e-17  0.00000e+00  0.00000e+00  1.41726e-06
0229  5.28222e+18  9.08129e+01  1.63854e+05 -2.69427e-18  0.00000e+00  0.00000e+00  1.40739e-06
0230  5.30063e+18  9.25827e+01  1.64443e+05  9.90948e-19  0.00000e+00  0.00000e+00  1.39763e-06
0231  5.31905e+18  9.83479e+01  1.68263e+05  1.49928e-18  0.00000e+00  0.00000e+00  1.38797e-06
0232  5.33746e+18  1.07160e+02  1.74928e+05  1.97141e-18  0.00000e+00  0.00000e+00  1.37841e-06
0233  5.35588e+18  1.19218e+02  1.85805e+05  1.92597e-18  0.00000e+00  0.00000e+00  1.36894e-06
0234  5.37430e+18  1.38305e+02  2.08400e+05  1.89458e-18  0.00000e+00  0.00000e+00  1.35958e-06
0235  5.39271e+18  1.72282e+02  2.53099e+05  5.01027e-18  0.00000e+00  0.00000e+00  1.35031e-06
0236  5.41113e+18  2.29598e+02  3.22999e+05  8.96980e-18  0.00000e+00  0.00000e+00  1.34113e-06
0237  5.42954e+18  3.07510e+02  4.06300e+05  8.33978e-18  0.00000e+00  0.00000e+00  1.33205e-06
0238  5.44796e+18  3.89187e+02  4.87007e+05  6.29166e-18  0.00000e+00  0.00000e+00  1.32306e-06
0239  5.46637e+18  4.61653e+02  5.56213e+05  4.78546e-18  0.00000e+00  0.00000e+00  1.31416e-06
0240  5.48479e+18  5.23059e+02  6.12509e+05  3.88902e-18  0.00000e+00  0.00000e+00  1.30535e-06
0241  5.50320e+18  5.75720e+02  6.58126e+05  3.29417e-18  0.00000e+00  0.00000e+00  1.29663e-06
0242  5.52162e+18  6.21919e+02  6.95858e+05  2.87640e-18  0.00000e+00  0.00000e+00  1.28800e-06
0243  5.54004e+18  6.63468e+02  7.28108e+05  2.56809e-18  0.00000e+00  0.00000e+00  1.27945e-06
0244  5.55845e+18  7.01753e+02  7.56522e+05  2.35464e-18  0.00000e+00  0.00000e+00  1.27098e-06
0245  5.57687e+18  7.37589e+02  7.81994e+05  2.17535e-18  0.00000e+00  0.00000e+00  1.26260e-06
0246  5.59528e+18  7.71432e+02  8.05116e+05  2.02185e-18  0.00000e+00  0.00000e+00  1.25431e-06
0247  5.61370e+18  8.03627e+02  8.26361e+05  1.89316e-18  0.00000e+00  0.00000e+00  1.24609e-06
0248  5.63211e+18  8.34454e+02  8.46046e+05  1.78318e-18  0.00000e+00  0.00000e+00  1.23795e-06
0249  5.65053e+18  8.64091e+02  8.64388e+05  1.68473e-18  0.00000e+00  0.00000e+00  1.22990e-06
0250  5.66894e+18  8.92630e+02  8.81529e+05  1.59593e-18  0.00000e+00  0.00000e+00  1.22192e-06
0251  5.68736e+18  9.20186e+02  8.97614e+05  1.51537e-18  0.00000e+00  0.00000e+00  1.21402e-06
0252  5.70578e+18  9.46997e+02  9.12939e+05  1.45674e-18  0.00000e+00  0.00000e+00  1.20620e-06
0253  5.72419e+18  9.73230e+02  9.27533e+05  1.39574e-18  0.00000e+00  0.00000e+00  1.19845e-06
0254  5.74261e+18  9.98879e+02  9.41455e+05  1.33871e-18  0.00000e+00  0.00000e+00  1.19077e-06
0255  5.76102e+18  1.02394e+03  9.54757e+05  1.28532e-18  0.00000e+00  0.00000e+00  1.18317e-06
0256  5.77944e+18  1.04845e+03  9.67500e+05  1.23687e-18  0.00000e+00  0.00000e+00  1.17565e-06
0257  5.79785e+18  1.07248e+03  9.79749e+05  1.19244e-18  0.00000e+00  0.00000e+00  1.16819e-06
0258  5.81627e+18  1.09611e+03  9.91568e+05  1.15304e-18  0.00000e+00  0.00000e+00  1.16080e-06
0259  5.83468e+18  1.11936e+03  1.00299e+06  1.11548e-18  0.00000e+00  0.00000e+00  1.15349e-06
0260  5.85310e+18  1.14226e+03  1.01404e+06  1.07965e-18  0.00000e+00  0.00000e+00  1.14624e-06
0261  5.87152e+18  1.16479e+03  1.02473e+06  1.04545e-18  0.00000e+00  0.00000e+00  1.13906e-06
0262  5.88993e+18  1.18698e+03  1.03510e+06  1.01280e-18  0.00000e+00  0.00000e+00  1.13195e-06
0263  5.90835e+18  1.20882e+03  1.04515e+06  9.81617e-19  0.00000e+00  0.00000e+00  1.12490e-06
0264  5.92676e+18  1.23031e+03  1.05489e+06  9.51833e-19  0.00000e+00  0.00000e+00  1.11792e-06
0265  5.94518e+18  1.25148e+03  1.06437e+06  9.24328e-19  0.00000e+00  0.00000e+00  1.11101e-06
0266  5.96359e+18  1.27241e+03  1.07363e+06  9.00952e-19  0.00000e+00  0.00000e+00  1.10416e-06
0267  5.98201e+18  1.29314e+03  1.08268e+06  8.78225e-19  0.00000e+00  0.00000e+00  1.09737e-06
0268  6.00043e+18  1.31367e+03  1.09153e+06  8.56141e-19  0.00000e+00  0.00000e+00  1.09065e-06
0269  6.01884e+18  1.33399e+03  1.10020e+06  8.34695e-19  0.00000e+00  0.00000e+00  1.08398e-06
0270  6.03726e+18  1.35410e+03  1.10868e+06  8.13876e-19  0.00000e+00  0.00000e+00  1.07738e-06
0271  6.05567e+18  1.37401e+03  1.11700e+06  7.93677e-19  0.00000e+00  0.00000e+00  1.07084e-06
0272  6.07409e+18  1.39370e+03  1.12515e+06  7.74086e-19  0.00000e+00  0.00000e+00  1.06435e-06
0273  6.09250e+18  1.41317e+03  1.13313e+06  7.55090e-19  0.00000e+00  0.00000e+00  1.05793e-06
0274  6.11092e+18  1.43244e+03  1.14097e+06  7.36673e-19  0.00000e+00  0.00000e+00  1.05156e-06
0275  6.12933e+18  1.45150e+03  1.14867e+06  7.19118e-19  0.00000e+00  0.00000e+00  1.04525e-06
0276  6.14775e+18  1.47035e+03  1.15624e+06  7.02115e-19  0.00000e+00  0.00000e+00  1.03900e-06
0277  6.16617e+18  1.48901e+03  1.16369e+06  6.85611e-19  0.00000e+00  0.00000e+00  1.03280e-06
0278  6.18458e+18  1.50747e+03  1.17102e+06  6.69876e-19  0.00000e+00  0.00000e+00  1.02666e-06
0279  6.20300e+18  1.52574e+03  1.17825e+06  6.54918e-19  0.00000e+00  0.00000e+00  1.02057e-06
0280  6.22141e+18  1.54383e+03  1.18537e+06  6.40357e-19  0.00000e+00  0.00000e+00  1.01454e-06
0281  6.23983e+18  1.56173e+03  1.19241e+06  6.26188e-19  0.00000e+00  0.00000e+00  1.00856e-06
0282  6.25824e+18  1.57945e+03  1.19935e+06  6.12402e-19  0.00000e+00  0.00000e+00  1.00263e-06
0283  6.27666e+18  1.59697e+03  1.20620e+06  5.98992e-19  0.00000e+00  0.00000e+00  9.96760e-07
0284  6.29507e+18  1.61428e+03  1.21296e+06  5.85952e-19  0.00000e+00  0.00000e+00  9.90937e-07
0285  6.31349e+18  1.63140e+03  1.21965e+06  5.73272e-19  0.00000e+00  0.00000e+00  9.85164e-07
0286  6.33191e+18  1.64831e+03  1.22625e+06  5.60946e-19  0.00000e+00  0.00000e+00  9.79442e-07
0287  6.35032e+18  1.66500e+03  1.23278e+06  5.48965e-19  0.00000e+00  0.00000e+00  9.73770e-07
0288  6.36874e+18  1.68148e+03  1.23922e+06  5.37320e-19  0.00000e+00  0.00000e+00  9.68146e-07
0289  6.38715e+18  1.69774e+03  1.24559e+06  5.26004e-19  0.00000e+00  0.00000e+00  9.62572e-07
0290  6.40557e+18  1.71379e+03  1.25189e+06  5.15007e-19  0.00000e+00  0.00000e+00  9.57045e-07
0291  6.42398e+18  1.72961e+03  1.25811e+06  5.04321e-19  0.00000e+00  0.00000e+00  9.51566e-07
0292  6.44240e+18  1.74521e+03  1.26425e+06  4.93939e-19  0.00000e+00  0.00000e+00  9.46133e-07
0293  6.46081e+18  1.76058e+03  1.27033e+06  4.83851e-19  0.00000e+00  0.00000e+00  9.40747e-07
0294  6.47923e+18  1.77572e+03  1.27633e+06  4.74050e-19  0.00000e+00  0.00000e+00  9.35407e-07
0295  6.49765e+18  1.79062e+03  1.28226e+06  4.64528e-19  0.00000e+00  0.00000e+00  9.30113e-07
0296  6.51606e+18  1.80527e+03  1.28811e+06  4.54517e-19  0.00000e+00  0.00000e+00  9.24863e-07
0297  6.53448e+18  1.81968e+03  1.29391e+06  4.46399e-19  0.00000e+00  0.00000e+00  9.19657e-07
0298  6.55289e+18  1.83388e+03  1.29964e+06  4.38464e-19  0.00000e+00  0.00000e+00  9.14495e-07
0299  6.57131e+18  1.84788e+03  1.30532e+06  4.30708e-19  0.00000e+00  0.00000e+00  9.09377e-07
0300  6.58972e+18  1.86167e+03  1.31094e+06  4.23130e-19  0.00000e+00  0.00000e+00  9.04301e-07
0301  6.60814e+18  1.87524e+03  1.31649e+06  4.15728e-19  0.00000e+00  0.00000e+00  8.99268e-07
0302  6.62655e+18  1.88859e+03  1.32199e+06  4.08499e-19  0.00000e+00  0.00000e+00  8.94277e-07
0303  6.64497e+18  1.90171e+03  1.32742e+06  4.01442e-19  0.00000e+00  0.00000e+00  8.89327e-07
0304  6.66339e+18  1.91458e+03  1.33278e+06  3.94555e-19  0.00000e+00  0.00000e+00  8.84418e-07
0305  6.68180e+18  1.92720e+03  1.33807e+06  3.87837e-19  0.00000e+00  0.00000e+00  8.79550e-07
0306  6.70022e+18  1.93956e+03  1.34329e+06  3.81128e-19  0.00000e+00  0.00000e+00  8.74722e-07
0307  6.71863e+18  1.95167e+03  1.34844e+06  3.74878e-19  0.00000e+00  0.00000e+00  8.69933e-07
0308  6.73705e+18  1.96353e+03  1.35353e+06  3.68773e-19  0.00000e+00  0.00000e+00  8.65184e-07
0309  6.75546e+18  1.97512e+03  1.35855e+06  3.62812e-19  0.00000e+00  0.00000e+00  8.60473e-07
0310  6.77388e+18  1.98645e+03  1.36352e+06  3.56993e-19  0.00000e+00  0.00000e+00  8.55801e-07
0311  6.79229e+18  1.99750e+03  1.36842e+06  3.51313e-19  0.00000e+00  0.00000e+00  8.51167e-07
0312  6.81071e+18  2.00827e+03  1.37327e+06  3.45771e-19  0.00000e+00  0.00000e+00  8.46570e-07
0313  6.82913e+18  2.01875e+03  1.37805e+06  3.40363e-19  0.00000e+00  0.00000e+00  8.42010e-07
0314  6.84754e+18  2.02895e+03  1.38276e+06  3.35087e-19  0.00000e+00  0.00000e+00  8.37487e-07
0315  6.86596e+18  2.03886e+03  1.38742e+06  3.29939e-19  0.00000e+00  0.00000e+00  8.33001e-07
0316  6.88437e+18  2.04848e+03  1.39201e+06  3.24917e-19  0.00000e+00  0.00000e+00  8.28550e-07
0317  6.90279e+18  2.05782e+03  1.39655e+06  3.20016e-19  0.00000e+00  0.00000e+00  8.24135e-07
0318  6.92120e+18  2.06689e+03  1.40102e+06  3.15233e-19  0.00000e+00  0.00000e+00  8.19755e-07
0319  6.93962e+18  2.07569e+03  1.40544e+06  3.10564e-19  0.00000e+00  0.00000e+00  8.15410e-07
0320  6.95803e+18  2.08423e+03  1.40980e+06  3.06007e-19  0.00000e+00  0.00000e+00  8.11100e-07
0321  6.97645e+18  2.09251e+03  1.41410e+06  3.01556e-19  0.00000e+00  0.00000e+00  8.06824e-07
0322  6.99487e+18  2.10053e+03  1.41835e+06  2.97210e-19  0.00000e+00  0.00000e+00  8.02581e-07
0323  7.01328e+18  2.10831e+03  1.42256e+06  2.92964e-19  0.00000e+00  0.00000e+00  7.98371e-07
0324  7.03170e+18  2.11585e+03  1.42672e+06  2.88815e-19  0.00000e+00  0.00000e+00  7.94195e-07
0325  7.05011e+18  2.12315e+03  1.43085e+06  2.84761e-19  0.00000e+00  0.00000e+00  7.90052e-07
0326  7.06853e+18  2.13023e+03  1.43493e+06  2.80797e-19  0.00000e+00  0.00000e+00  7.85940e-07
0327  7.08694e+18  2.13709e+03  1.43898e+06  2.76921e-19  0.00000e+00  0.00000e+00  7.81861e-07
0328  7.10536e+18  2.14375e+03  1.44299e+06  2.73128e-19  0.00000e+00  0.00000e+00  7.77813e-07
0329  7.12378e+18  2.15021e+03  1.44697e+06  2.69418e-19  0.00000e+00  0.00000e+00  7.73797e-07
0330  7.14219e+18  2.15647e+03  1.45092e+06  2.65785e-19  0.00000e+00  0.00000e+00  7.69812e-07
0331  7.16061e+18  2.16255e+03  1.45485e+06  2.62229e-19  0.00000e+00  0.00000e+00  7.65858e-07
0332  7.17902e+18  2.16845e+03  1.45876e+06  2.58746e-19  0.00000e+00  0.00000e+00  7.61933e-07
0333  7.19744e+18  2.17417e+03  1.46265e+06  2.55366e-19  0.00000e+00  0.00000e+00  7.58039e-07
0334  7.21585e+18  2.17972e+03  1.46652e+06  2.52078e-19  0.00000e+00  0.00000e+00  7.54175e-07
0335  7.23427e+18  2.18509e+03  1.47040e+06  2.48853e-19  0.00000e+00  0.00000e+00  7.50340e-07
0336  7.25268e+18  2.19030e+03  1.47426e+06  2.45690e-19  0.00000e+00  0.00000e+00  7.46535e-07
0337  7.27110e+18  2.19535e+03  1.47813e+06  2.42588e-19  0.00000e+00  0.00000e+00  7.42758e-07
0338  7.28952e+18  2.20024e+03  1.48199e+06  2.39543e-19  0.00000e+00  0.00000e+00  7.39010e-07
0339  7.30793e+18  2.20498e+03  1.48586e+06  2.36555e-19  0.00000e+00  0.00000e+00  7.35290e-07
0340  7.32635e+18  2.20958e+03  1.48972e+06  2.33621e-19  0.00000e+00  0.00000e+00  7.31598e-07
0341  7.34476e+18  2.21404e+03  1.49359e+06  2.30740e-19  0.00000e+00  0.00000e+00  7.27934e-07
0342  7.36318e+18  2.21838e+03  1.49745e+06  2.27911e-19  0.00000e+00  0.00000e+00  7.24298e-07
0343  7.38159e+18  2.22260e+03  1.50131e+06  2.25132e-19  0.00000e+00  0.00000e+00  7.20688e-07
0344  7.40001e+18  2.22670e+03  1.50516e+06  2.22402e-19  0.00000e+00  0.00000e+00  7.17106e-07
0345  7.41842e+18  2.23068e+03  1.50901e+06  2.19719e-19  0.00000e+00  0.00000e+00  7.13550e-07
0346  7.43684e+18  2.23455e+03  1.51285e+06  2.17083e-19  0.00000e+00  0.00000e+00  7.10020e-07
0347  7.45526e+18  2.23829e+03  1.51670e+06  2.14494e-19  0.00000e+00  0.00000e+00  7.06517e-07
0348  7.47367e+18  2.24192e+03  1.52054e+06  2.11949e-19  0.00000e+00  0.00000e+00  7.03039e-07
0349  7.49209e+18  2.24544e+03  1.52438e+06  2.09449e-19  0.00000e+00  0.00000e+00  6.99587e-07
0350  7.51050e+18  2.24883e+03  1.52821e+06  2.06991e-19  0.00000e+00  0.00000e+00  6.96161e-07
0351  7.52892e+18  2.25211e+03  1.53204e+06  2.04577e-19  0.00000e+00  0.00000e+00  6.92759e-07
0352  7.54733e+18  2.25527e+03  1.53585e+06  2.02204e-19  0.00000e+00  0.00000e+00  6.89383e-07
0353  7.56575e+18  2.25832e+03  1.53966e+06  1.99871e-19  0.00000e+00  0.00000e+00  6.86031e-07
0354  7.58416e+18  2.26126e+03  1.54346e+06  1.97579e-19  0.00000e+00  0.00000e+00  6.82703e-07
0355  7.60258e+18  2.26410e+03  1.54724e+06  1.95325e-19  0.00000e+00  0.00000e+00  6.79400e-07
0356  7.62100e+18  2.26682e+03  1.55101e+06  1.93110e-19  0.00000e+00  0.00000e+00  6.76121e-07
0357  7.63941e+18  2.26942e+03  1.55476e+06  1.90933e-19  0.00000e+00  0.00000e+00  6.72865e-07
0358  7.65783e+18  2.27192e+03  1.55850e+06  1.88793e-19  0.00000e+00  0.00000e+00  6.69632e-07
0359  7.67624e+18  2.27429e+03  1.56223e+06  1.86689e-19  0.00000e+00  0.00000e+00  6.66423e-07
0360  7.69466e+18  2.27656e+03  1.56594e+06  1.84621e-19  0.00000e+00  0.00000e+00  6.63237e-07
0361  7.71307e+18  2.27872e+03  1.56963e+06  1.82588e-19  0.00000e+00  0.00000e+00  6.60074e-07
0362  7.73149e+18  2.28078e+03  1.57331e+06  1.80596e-19  0.00000e+00  0.00000e+00  6.56933e-07
0363  7.74990e+18  2.28274e+03  1.57697e+06  1.78644e-19  0.00000e+00  0.00000e+00  6.53815e-07
0364  7.76832e+18  2.28461e+03  1.58061e+06  1.76724e-19  0.00000e+00  0.00000e+00  6.50719e-07
0365  7.78674e+18  2.28638e+03  1.58423e+06  1.74835e-19  0.00000e+00  0.00000e+00  6.47644e-07
0366  7.80515e+18  2.28806e+03  1.58783e+06  1.72977e-19  0.00000e+00  0.00000e+00  6.44592e-07
0367  7.82357e+18  2.28964e+03  1.59141e+06  1.71149e-19  0.00000e+00  0.00000e+00  6.41561e-07
0368  7.84198e+18  2.29112e+03  1.59496e+06  1.69350e-19  0.00000e+00  0.00000e+00  6.38551e-07
0369  7.86040e+18  2.29251e+03  1.59849e+06  1.67580e-19  0.00000e+00  0.00000e+00  6.35563e-07
0370  7.87881e+18  2.29379e+03  1.60200e+06  1.65839e-19  0.00000e+00  0.00000e+00  6.32595e-07
0371  7.89723e+18  2.29499e+03  1.60549e+06  1.64125e-19  0.00000e+00  0.00000e+00  6.29648e-07
0372  7.91564e+18  2.29609e+03  1.60896e+06  1.62439e-19  0.00000e+00  0.00000e+00  6.26722e-07
0373  7.93406e+18  2.29709e+03  1.61240e+06  1.60779e-19  0.00000e+00  0.00000e+00  6.23816e-07
0374  7.95248e+18  2.29801e+03  1.61582e+06  1.59145e-19  0.00000e+00  0.00000e+00  6.20930e-07
0375  7.97089e+18  2.29885e+03  1.61921e+06  1.57537e-19  0.00000e+00  0.00000e+00  6.18064e-07
0376  7.98931e+18  2.29960e+03  1.62258e+06  1.55953e-19  0.00000e+00  0.00000e+00  6.15218e-07
0377  8.00772e+18  2.30027e+03  1.62593e+06  1.54394e-19  0.00000e+00  0.00000e+00  6.12392e-07
0378  8.02614e+18  2.30086e+03  1.62926e+06  1.52858e-19  0.00000e+00  0.00000e+00  6.09585e-07
0379  8.04455e+18  2.30135e+03  1.63257e+06  1.51346e-19  0.00000e+00  0.00000e+00  6.06797e-07
0380  8.06297e+18  2.30177e+03  1.63586e+06  1.49856e-19  0.00000e+00  0.00000e+00  6.04029e-07
0381  8.08139e+18  2.30210e+03  1.63914e+06  1.48390e-19  0.00000e+00  0.00000e+00  6.01279e-07
0382  8.09980e+18  2.30234e+03  1.64240e+06  1.46945e-19  0.00000e+00  0.00000e+00  5.98548e-07
0383  8.11822e+18  2.30251e+03  1.64565e+06  1.45521e-19  0.00000e+00  0.00000e+00  5.95835e-07
0384  8.13663e+18  2.30259e+03  1.64888e+06  1.44119e-19  0.00000e+00  0.00000e+00  5.93141e-07
0385  8.15505e+18  2.30259e+03  1.65211e+06  1.42737e-19  0.00000e+00  0.00000e+00  5.90466e-07
0386  8.17346e+18  2.30250e+03  1.65533e+06  1.41376e-19  0.00000e+00  0.00000e+00  5.87808e-07
0387  8.19188e+18  2.30236e+03  1.65853e+06  1.40034e-19  0.00000e+00  0.00000e+00  5.85168e-07
0388  8.21029e+18  2.30214e+03  1.66172e+06  1.38711e-19  0.00000e+00  0.00000e+00  5.82546e-07
0389  8.22871e+18  2.30183e+03  1.66490e+06  1.37408e-19  0.00000e+00  0.00000e+00  5.79941e-07
0390  8.24713e+18  2.30144e+03  1.66808e+06  1.36123e-19  0.00000e+00  0.00000e+00  5.77354e-07
0391  8.26554e+18  2.30098e+03  1.67126e+06  1.34856e-19  0.00000e+00  0.00000e+00  5.74784e-07
0392  8.28396e+18  2.30046e+03  1.67442e+06  1.33607e-19  0.00000e+00  0.00000e+00  5.72232e-07
0393  8.30237e+18  2.29989e+03  1.67757e+06  1.32375e-19  0.00000e+00  0.00000e+00  5.69696e-07
0394  8.32079e+18  2.29926e+03  1.68070e+06  1.31159e-19  0.00000e+00  0.00000e+00  5.67177e-07
0395  8.33920e+18  2.29861e+03  1.68382e+06  1.29959e-19  0.00000e+00  0.00000e+00  5.64675e-07
0396  8.35762e+18  2.29794e+03  1.68690e+06  1.28773e-19  0.00000e+00  0.00000e+00  5.62189e-07
0397  8.37603e+18  2.29728e+03  1.68995e+06  1.27602e-19  0.00000e+00  0.00000e+00  5.59720e-07
0398  8.39445e+18  2.29663e+03  1.69296e+06  1.26443e-19  0.00000e+00  0.00000e+00  5.57267e-07
0399  8.41287e+18  2.29601e+03  1.69592e+06  1.25298e-19  0.00000e+00  0.00000e+00  5.54830e-07
0400  8.43128e+18  2.29539e+03  1.69885e+06  1.24166e-19  0.00000e+00  0.00000e+00  5.52409e-07
0401  8.44970e+18  2.29479e+03  1.70175e+06  1.23047e-19  0.00000e+00  0.00000e+00  5.50003e-07
0402  8.46811e+18  2.29417e+03  1.70463e+06  1.21941e-19  0.00000e+00  0.00000e+00  5.47614e-07
0403  8.48653e+18  2.29352e+03  1.70750e+06  1.20849e-19  0.00000e+00  0.00000e+00  5.45240e-07
0404  8.50494e+18  2.29282e+03  1.71037e+06  1.19771e-19  0.00000e+00  0.00000e+00  5.42881e-07
0405  8.52336e+18  2.29204e+03  1.71325e+06  1.18708e-19  0.00000e+00  0.00000e+00  5.40538e-07
0406  8.54177e+18  2.29117e+03  1.71616e+06  1.17659e-19  0.00000e+00  0.00000e+00  5.38209e-07
0407  8.56019e+18  2.29018e+03  1.71910e+06  1.16625e-19  0.00000e+00  0.00000e+00  5.35896e-07
0408  8.57861e+18  2.28908e+03  1.72208e+06  1.15605e-19  0.00000e+00  0.00000e+00  5.33598e-07
0409  8.59702e+18  2.28786e+03  1.72511e+06  1.14601e-19  0.00000e+00  0.00000e+00  5.31314e-07
0410  8.61544e+18  2.28652e+03  1.72817e+06  1.13610e-19  0.00000e+00  0.00000e+00  5.29045e-07
0411  8.63385e+18  2.28510e+03  1.73126e+06  1.12633e-19  0.00000e+00  0.00000e+00  5.26791e-07
0412  8.65227e+18  2.28360e+03  1.73436e+06  1.11668e-19  0.00000e+00  0.00000e+00  5.24551e-07
0413  8.67068e+18  2.28207e+03  1.73747e+06  1.10714e-19  0.00000e+00  0.00000e+00  5.22325e-07
0414  8.68910e+18  2.28052e+03  1.74057e+06  1.09772e-19  0.00000e+00  0.00000e+00  5.20113e-07
0415  8.70751e+18  2.27898e+03  1.74364e+06  1.08840e-19  0.00000e+00  0.00000e+00  5.17916e-07
0416  8.72593e+18  2.27745e+03  1.74668e+06  1.07917e-19  0.00000e+00  0.00000e+00  5.15732e-07
0417  8.74435e+18  2.27596e+03  1.74969e+06  1.07004e-19  0.00000e+00  0.00000e+00  5.13562e-07
0418  8.76276e+18  2.27451e+03  1.75265e+06  1.06099e-19  0.00000e+00  0.00000e+00  5.11406e-07
0419  8.78118e+18  2.27311e+03  1.75556e+06  1.05204e-19  0.00000e+00  0.00000e+00  5.09263e-07
0420  8.79959e+18  2.27176e+03  1.75842e+06  1.04317e-19  0.00000e+00  0.00000e+00  5.07134e-07
0421  8.81801e+18  2.27048e+03  1.76122e+06  1.03438e-19  0.00000e+00  0.00000e+00  5.05018e-07
0422  8.83642e+18  2.26925e+03  1.76397e+06  1.02567e-19  0.00000e+00  0.00000e+00  5.02915e-07
0423  8.85484e+18  2.26809e+03  1.76667e+06  1.01705e-19  0.00000e+00  0.00000e+00  5.00825e-07
0424  8.87326e+18  2.26700e+03  1.76931e+06  1.00850e-19  0.00000e+00  0.00000e+00  4.98749e-07
0425  8.89167e+18  2.26600e+03  1.77190e+06  1.00002e-19  0.00000e+00  0.00000e+00  4.96685e-07
0426  8.91009e+18  2.26507e+03  1.77444e+06  9.91615e-20  0.00000e+00  0.00000e+00  4.94634e-07
0427  8.92850e+18  2.26423e+03  1.77693e+06  9.83281e-20  0.00000e+00  0.00000e+00  4.92595e-07
0428  8.94692e+18  2.26349e+03  1.77938e+06  9.75008e-20  0.00000e+00  0.00000e+00  4.90570e-07
0429  8.96533e+18  2.26287e+03  1.78179e+06  9.66795e-20  0.00000e+00  0.00000e+00  4.88556e-07
0430  8.98375e+18  2.26232e+03  1.78416e+06  9.58652e-20  0.00000e+00  0.00000e+00  4.86555e-07
0431  9.00216e+18  2.26185e+03  1.78650e+06  9.50576e-20  0.00000e+00  0.00000e+00  4.84567e-07
0432  9.02058e+18  2.26148e+03  1.78879e+06  9.42563e-20  0.00000e+00  0.00000e+00  4.82590e-07
0433  9.03900e+18  2.26123e+03  1.79099e+06  9.34612e-20  0.00000e+00  0.00000e+00  4.80626e-07
0434  9.05741e+18  2.26109e+03  1.79312e+06  9.26727e-20  0.00000e+00  0.00000e+00  4.78674e-07
0435  9.07583e+18  2.26102e+03  1.79516e+06  9.18916e-20  0.00000e+00  0.00000e+00  4.76733e-07
0436  9.09424e+18  2.26101e+03  1.79713e+06  9.11183e-20  0.00000e+00  0.00000e+00  4.74804e-07
0437  9.11266e+18  2.26103e+03  1.79903e+06  9.03532e-20  0.00000e+00  0.00000e+00  4.72887e-07
0438  9.13107e+18  2.26108e+03  1.80086e+06  8.95961e-20  0.00000e+00  0.00000e+00  4.70982e-07
0439  9.14949e+18  2.26117e+03  1.80263e+06  8.88467e-20  0.00000e+00  0.00000e+00  4.69088e-07
0440  9.16790e+18  2.26130e+03  1.80435e+06  8.81049e-20  0.00000e+00  0.00000e+00  4.67205e-07
0441  9.18632e+18  2.26148e+03  1.80603e+06  8.73701e-20  0.00000e+00  0.00000e+00  4.65334e-07
0442  9.20474e+18  2.26170e+03  1.80767e+06  8.66422e-20  0.00000e+00  0.00000e+00  4.63474e-07
0443  9.22315e+18  2.26198e+03  1.80928e+06  8.59208e-20  0.00000e+00  0.00000e+00  4.61625e-07
0444  9.24157e+18  2.26231e+03  1.81087e+06  8.52056e-20  0.00000e+00  0.00000e+00  4.59787e-07
0445  9.25998e+18  2.26270e+03  1.81244e+06  8.44964e-20  0.00000e+00  0.00000e+00  4.57960e-07
0446  9.27840e+18  2.26317e+03  1.81401e+06  8.37927e-20  0.00000e+00  0.00000e+00  4.56144e-07
0447  9.29681e+18  2.26371e+03  1.81558e+06  8.30942e-20  0.00000e+00  0.00000e+00  4.54338e-07
0448  9.31523e+18  2.26434e+03  1.81716e+06  8.24003e-20  0.00000e+00  0.00000e+00  4.52544e-07
0449  9.33364e+18  2.26508e+03  1.81877e+06  8.17106e-20  0.00000e+00  0.00000e+00  4.50760e-07
0450  9.35206e+18  2.26594e+03  1.82041e+06  8.10244e-20  0.00000e+00  0.00000e+00  4.48986e-07
0451  9.37048e+18  2.26693e+03  1.82210e+06  8.03413e-20  0.00000e+00  0.00000e+00  4.47223e-07
0452  9.38889e+18  2.26808e+03  1.82385e+06  7.96607e-20  0.00000e+00  0.00000e+00  4.45470e-07
0453  9.40731e+18  2.26939e+03  1.82568e+06  7.89822e-20  0.00000e+00  0.00000e+00  4.43728e-07
0454  9.42572e+18  2.27087e+03  1.82759e+06  7.83052e-20  0.00000e+00  0.00000e+00  4.41996e-07
0455  9.44414e+18  2.27254e+03  1.82959e+06  7.76297e-20  0.00000e+00  0.00000e+00  4.40274e-07
0456  9.46255e+18  2.27440e+03  1.83170e+06  7.69554e-20  0.00000e+00  0.00000e+00  4.38562e-07
0457  9.48097e+18  2.27645e+03  1.83391e+06  7.62824e-20  0.00000e+00  0.00000e+00  4.36860e-07
0458  9.49939e+18  2.27867e+03  1.83621e+06  7.56110e-20  0.00000e+00  0.00000e+00  4.35168e-07
0459  9.51780e+18  2.28106e+03  1.83861e+06  7.49418e-20  0.00000e+00  0.00000e+00  4.33485e-07
0460  9.53622e+18  2.28358e+03  1.84108e+06  7.42755e-20  0.00000e+00  0.00000e+00  4.31813e-07
0461  9.55463e+18  2.28622e+03  1.84360e+06  7.36133e-20  0.00000e+00  0.00000e+00  4.30150e-07
0462  9.57305e+18  2.28893e+03  1.84612e+06  7.31367e-20  0.00000e+00  0.00000e+00  4.28496e-07
0463  9.59146e+18  2.29166e+03  1.84862e+06  7.24869e-20  0.00000e+00  0.00000e+00  4.26853e-07
0464  9.60988e+18  2.29436e+03  1.85104e+06  7.18456e-20  0.00000e+00  0.00000e+00  4.25218e-07
0465  9.62829e+18  2.29695e+03  1.85333e+06  7.12146e-20  0.00000e+00  0.00000e+00  4.23593e-07
0466  9.64671e+18  2.29937e+03  1.85544e+06  7.05961e-20  0.00000e+00  0.00000e+00  4.21977e-07
0467  9.66513e+18  2.30154e+03  1.85732e+06  6.99920e-20  0.00000e+00  0.00000e+00  4.20371e-07
0468  9.68354e+18  2.30339e+03  1.85891e+06  6.94040e-20  0.00000e+00  0.00000e+00  4.18773e-07
0469  9.70196e+18  2.30486e+03  1.86016e+06  6.88335e-20  0.00000e+00  0.00000e+00  4.17185e-07
0470  9.72037e+18  2.30592e+03  1.86105e+06  6.82814e-20  0.00000e+00  0.00000e+00  4.15606e-07
0471  9.73879e+18  2.30653e+03  1.86156e+06  6.77482e-20  0.00000e+00  0.00000e+00  4.14036e-07
0472  9.75720e+18  2.30669e+03  1.86167e+06  6.72337e-20  0.00000e+00  0.00000e+00  4.12474e-07
0473  9.77562e+18  2.30641e+03  1.86140e+06  6.67370e-20  0.00000e+00  0.00000e+00  4.10922e-07
0474  9.79403e+18  2.30573e+03  1.86079e+06  6.62568e-20  0.00000e+00  0.00000e+00  4.09378e-07
0475  9.81245e+18  2.30470e+03  1.85987e+06  6.57914e-20  0.00000e+00  0.00000e+00  4.07843e-07
0476  9.83087e+18  2.30338e+03  1.85869e+06  6.53385e-20  0.00000e+00  0.00000e+00  4.06316e-07
0477  9.84928e+18  2.30185e+03  1.85733e+06  6.48958e-20  0.00000e+00  0.00000e+00  4.04798e-07
0478  9.86770e+18  2.30019e+03  1.85583e+06  6.44611e-20  0.00000e+00  0.00000e+00  4.03289e-07
0479  9.88611e+18  2.29846e+03  1.85426e+06  6.40321e-20  0.00000e+00  0.00000e+00  4.01788e-07
0480  9.90453e+18  2.29674e+03  1.85269e+06  6.36069e-20  0.00000e+00  0.00000e+00  4.00295e-07
0481  9.92294e+18  2.29508e+03  1.85115e+06  6.31835e-20  0.00000e+00  0.00000e+00  3.98810e-07
0482  9.94136e+18  2.29355e+03  1.84970e+06  6.27608e-20  0.00000e+00  0.00000e+00  3.97334e-07
0483  9.95977e+18  2.29218e+03  1.84836e+06  6.23375e-20  0.00000e+00  0.00000e+00  3.95866e-07
0484  9.97819e+18  2.29099e+03  1.84716e+06  6.19130e-20  0.00000e+00  0.00000e+00  3.94406e-07
0485  9.99661e+18  2.29000e+03  1.84611e+06  6.14870e-20  0.00000e+00  0.00000e+00  3.92955e-07
0486  1.00150e+19  2.28921e+03  1.84521e+06  6.10595e-20  0.00000e+00  0.00000e+00  3.91511e-07
0487  1.00334e+19  2.28861e+03  1.84445e+06  6.06309e-20  0.00000e+00  0.00000e+00  3.90075e-07
0488  1.00519e+19  2.28818e+03  1.84383e+06  6.02017e-20  0.00000e+00  0.00000e+00  3.88647e-07
0489  1.00703e+19  2.28789e+03  1.84331e+06  5.96275e-20  0.00000e+00  0.00000e+00  3.87227e-07
0490  1.00887e+19  2.28770e+03  1.84286e+06  5.92012e-20  0.00000e+00  0.00000e+00  3.85814e-07
0491  1.01071e+19  2.28758e+03  1.84247e+06  5.87771e-20  0.00000e+00  0.00000e+00  3.84410e-07
0492  1.01255e+19  2.28749e+03  1.84209e+06  5.83561e-20  0.00000e+00  0.00000e+00  3.83013e-07
0493  1.01439e+19  2.28739e+03  1.84170e+06  5.79391e-20  0.00000e+00  0.00000e+00  3.81623e-07
0494  1.01623e+19  2.28725e+03  1.84128e+06  5.75268e-20  0.00000e+00  0.00000e+00  3.80242e-07
0495  1.01808e+19  2.28706e+03  1.84080e+06  5.71197e-20  0.00000e+00  0.00000e+00  3.78867e-07
0496  1.01992e+19  2.28680e+03  1.84027e+06  5.67181e-20  0.00000e+00  0.00000e+00  3.77500e-07
0497  1.02176e+19  2.28645e+03  1.83966e+06  5.63222e-20  0.00000e+00  0.00000e+00  3.76141e-07
0498  1.02360e+19  2.28602e+03  1.83897e+06  5.59319e-20  0.00000e+00  0.00000e+00  3.74789e-07
0499  1.02544e+19  2.28551e+03  1.83822e+06  5.55471e-20  0.00000e+00  0.00000e+00  3.73444e-07
0500  1.02728e+19  2.28493e+03  1.83741e+06  5.51673e-20  0.00000e+00  0.00000e+00  3.72106e-07
0501  1.02913e+19  2.28429e+03  1.83654e+06  5.47924e-20  0.00000e+00  0.00000e+00  3.70775e-07
0502  1.03097e+19  2.28361e+03  1.83563e+06  5.44220e-20  0.00000e+00  0.00000e+00  3.69452e-07
0503  1.03281e+19  2.28289e+03  1.83468e+06  5.40556e-20  0.00000e+00  0.00000e+00  3.68136e-07
0504  1.03465e+19  2.28214e+03  1.83371e+06  5.36929e-20  0.00000e+00  0.00000e+00  3.66826e-07
0505  1.03649e+19  2.28139e+03  1.83273e+06  5.33337e-20  0.00000e+00  0.00000e+00  3.65524e-07
0506  1.03833e+19  2.28063e+03  1.83174e+06  5.29778e-20  0.00000e+00  0.00000e+00  3.64229e-07
0507  1.04017e+19  2.27986e+03  1.83074e+06  5.26250e-20  0.00000e+00  0.00000e+00  3.62940e-07
0508  1.04202e+19  2.27910e+03  1.82974e+06  5.22751e-20  0.00000e+00  0.00000e+00  3.61658e-07
0509  1.04386e+19  2.27835e+03  1.82874e+06  5.19282e-20  0.00000e+00  0.00000e+00  3.60383e-07
0510  1.04570e+19  2.27759e+03  1.82774e+06  5.15843e-20  0.00000e+00  0.00000e+00  3.59115e-07
0511  1.04754e+19  2.27683e+03  1.82673e+06  5.12433e-20  0.00000e+00  0.00000e+00  3.57854e-07
0512  1.04938e+19  2.27607e+03  1.82573e+06  5.09052e-20  0.00000e+00  0.00000e+00  3.56599e-07
0513  1.05122e+19  2.27531e+03  1.82471e+06  5.05702e-20  0.00000e+00  0.00000e+00  3.55350e-07
0514  1.05307e+19  2.27453e+03  1.82370e+06  5.02382e-20  0.00000e+00  0.00000e+00  3.54109e-07
0515  1.05491e+19  2.27374e+03  1.82267e+06  4.99093e-20  0.00000e+00  0.00000e+00  3.52873e-07
0516  1.05675e+19  2.27294e+03  1.82163e+06  4.95834e-20  0.00000e+00  0.00000e+00  3.51645e-07
0517  1.05859e+19  2.27212e+03  1.82059e+06  4.92605e-20  0.00000e+00  0.00000e+00  3.50422e-07
0518  1.06043e+19  2.27129e+03  1.81953e+06  4.89407e-20  0.00000e+00  0.00000e+00  3.49206e-07
0519  1.06227e+19  2.27044e+03  1.81847e+06  4.86238e-20  0.00000e+00  0.00000e+00  3.47996e-07
0520  1.06412e+19  2.26957e+03  1.81740e+06  4.83099e-20  0.00000e+00  0.00000e+00  3.46793e-07
0521  1.06596e+19  2.26869e+03  1.81632e+06  4.79989e-20  0.00000e+00  0.00000e+00  3.45596e-07
0522  1.06780e+19  2.26780e+03  1.81523e+06  4.76907e-20  0.00000e+00  0.00000e+00  3.44405e-07
0523  1.06964e+19  2.26690e+03  1.81413e+06  4.73853e-20  0.00000e+00  0.00000e+00  3.43220e-07
0524  1.07148e+19  2.26598e+03  1.81302e+06  4.70826e-20  0.00000e+00  0.00000e+00  3.42041e-07
0525  1.07332e+19  2.26506e+03  1.81190e+06  4.67827e-20  0.00000e+00  0.00000e+00  3.40868e-07
0526  1.07516e+19  2.26413e+03  1.81078e+06  4.64854e-20  0.00000e+00  0.00000e+00  3.39702e-07
0527  1.07701e+19  2.26319e+03  1.80964e+06  4.61907e-20  0.00000e+00  0.00000e+00  3.38541e-07
0528  1.07885e+19  2.26224e+03  1.80850e+06  4.58986e-20  0.00000e+00  0.00000e+00  3.37386e-07
0529  1.08069e+19  2.26129e+03  1.80734e+06  4.56091e-20  0.00000e+00  0.00000e+00  3.36237e-07
0530  1.08253e+19  2.26033e+03  1.80617e+06  4.53221e-20  0.00000e+00  0.00000e+00  3.35094e-07
0531  1.08437e+19  2.25936e+03  1.80500e+06  4.50376e-20  0.00000e+00  0.00000e+00  3.33957e-07
0532  1.08621e+19  2.25839e+03  1.80381e+06  4.47556e-20  0.00000e+00  0.00000e+00  3.32826e-07
0533  1.08806e+19  2.25742e+03  1.80261e+06  4.44759e-20  0.00000e+00  0.00000e+00  3.31700e-07
0534  1.08990e+19  2.25644e+03  1.80140e+06  4.41987e-20  0.00000e+00  0.00000e+00  3.30580e-07
0535  1.09174e+19  2.25546e+03  1.80019e+06  4.39238e-20  0.00000e+00  0.00000e+00  3.29466e-07
0536  1.09358e+19  2.25447e+03  1.79896e+06  4.36512e-20  0.00000e+00  0.00000e+00  3.28357e-07
0537  1.09542e+19  2.25348e+03  1.79772e+06  4.33810e-20  0.00000e+00  0.00000e+00  3.27254e-07
0538  1.09726e+19  2.25249e+03  1.79648e+06  4.31130e-20  0.00000e+00  0.00000e+00  3.26156e-07
0539  1.09910e+19  2.25150e+03  1.79522e+06  4.28473e-20  0.00000e+00  0.00000e+00  3.25064e-07
0540  1.10095e+19  2.25049e+03  1.79396e+06  4.25839e-20  0.00000e+00  0.00000e+00  3.23978e-07
0541  1.10279e+19  2.24949e+03  1.79268e+06  4.23227e-20  0.00000e+00  0.00000e+00  3.22897e-07
0542  1.10463e+19  2.24848e+03  1.79140e+06  4.20637e-20  0.00000e+00  0.00000e+00  3.21821e-07
0543  1.10647e+19  2.24746e+03  1.79011e+06  4.18070e-20  0.00000e+00  0.00000e+00  3.20751e-07
0544  1.10831e+19  2.24643e+03  1.78881e+06  4.15525e-20  0.00000e+00  0.00000e+00  3.19686e-07
0545  1.11015e+19  2.24539e+03  1.78749e+06  4.13002e-20  0.00000e+00  0.00000e+00  3.18626e-07
0546  1.11200e+19  2.24434e+03  1.78617e+06  4.10501e-20  0.00000e+00  0.00000e+00  3.17571e-07
0547  1.11384e+19  2.24327e+03  1.78483e+06  4.08022e-20  0.00000e+00  0.00000e+00  3.16522e-07
0548  1.11568e+19  2.24220e+03  1.78347e+06  4.05566e-20  0.00000e+00  0.00000e+00  3.15478e-07
0549  1.11752e+19  2.24110e+03  1.78211e+06  4.03131e-20  0.00000e+00  0.00000e+00  3.14439e-07
0550  1.11936e+19  2.23999e+03  1.78072e+06  4.00720e-20  0.00000e+00  0.00000e+00  3.13405e-07
0551  1.12120e+19  2.23888e+03  1.77932e+06  3.98329e-20  0.00000e+00  0.00000e+00  3.12377e-07
0552  1.12305e+19  2.23770e+03  1.77791e+06  3.95964e-20  0.00000e+00  0.00000e+00  3.11353e-07
0553  1.12489e+19  2.23668e+03  1.77644e+06  3.93603e-20  0.00000e+00  0.00000e+00  3.10335e-07
0554  1.12673e+19  2.23493e+03  1.77513e+06  3.91337e-20  0.00000e+00  0.00000e+00  3.09321e-07
0555  1.12857e+19  2.23723e+03  1.77280e+06  3.88680e-20  0.00000e+00  0.00000e+00  3.08312e-07
