# Athena++ data at time=1.920000e+13  cycle=1286595140  variables=uov 
# i       x1v         user_out_var0          user_out_var1          user_out_var2          user_out_var3          user_out_var4          user_out_var5      
0002  1.13875e+18  4.91745e+00  3.03478e+04  5.59999e-16  0.00000e+00  0.00000e+00  3.02826e-05
0003  1.15716e+18  1.03218e+01  4.00224e+04  8.70682e-17  0.00000e+00  0.00000e+00  2.93264e-05
0004  1.17558e+18  1.54636e+01  4.91676e+04  4.30157e-17  0.00000e+00  0.00000e+00  2.84148e-05
0005  1.19399e+18  2.23004e+01  6.13414e+04  6.27747e-17  0.00000e+00  0.00000e+00  2.75451e-05
0006  1.21241e+18  3.29236e+01  8.15990e+04  1.03476e-16  0.00000e+00  0.00000e+00  2.67147e-05
0007  1.23082e+18  5.31276e+01  1.23384e+05  1.29047e-16  0.00000e+00  0.00000e+00  2.59213e-05
0008  1.24924e+18  6.27572e+01  1.36872e+05  2.81812e-17  0.00000e+00  0.00000e+00  2.51628e-05
0009  1.26765e+18  6.77536e+01  1.43373e+05  2.26097e-17  0.00000e+00  0.00000e+00  2.44370e-05
0010  1.28607e+18  7.21109e+01  1.48194e+05  2.04176e-17  0.00000e+00  0.00000e+00  2.37422e-05
0011  1.30448e+18  7.54137e+01  1.50867e+05  1.48588e-17  0.00000e+00  0.00000e+00  2.30766e-05
0012  1.32290e+18  7.84609e+01  1.53364e+05  1.49510e-17  0.00000e+00  0.00000e+00  2.24386e-05
0013  1.34131e+18  8.15903e+01  1.55963e+05  1.49570e-17  0.00000e+00  0.00000e+00  2.18267e-05
0014  1.35973e+18  8.47007e+01  1.58586e+05  1.40253e-17  0.00000e+00  0.00000e+00  2.12395e-05
0015  1.37814e+18  8.75322e+01  1.60745e+05  1.22512e-17  0.00000e+00  0.00000e+00  2.06757e-05
0016  1.39656e+18  9.02153e+01  1.62802e+05  1.17373e-17  0.00000e+00  0.00000e+00  2.01340e-05
0017  1.41497e+18  9.28812e+01  1.64893e+05  1.14586e-17  0.00000e+00  0.00000e+00  1.96134e-05
0018  1.43339e+18  9.54909e+01  1.66991e+05  1.02843e-17  0.00000e+00  0.00000e+00  1.91126e-05
0019  1.45180e+18  9.74410e+01  1.67935e+05 -7.42392e-19  0.00000e+00  0.00000e+00  1.86309e-05
0020  1.47022e+18  9.97017e+01  1.69825e+05  1.02703e-17  0.00000e+00  0.00000e+00  1.81671e-05
0021  1.48863e+18  1.02341e+02  1.72119e+05  4.53385e-17  0.00000e+00  0.00000e+00  1.77204e-05
0022  1.50705e+18  1.04374e+02  1.73445e+05  7.54726e-18  0.00000e+00  0.00000e+00  1.72900e-05
0023  1.52546e+18  1.06316e+02  1.75006e+05  8.08456e-18  0.00000e+00  0.00000e+00  1.68750e-05
0024  1.54388e+18  1.08433e+02  1.76771e+05  8.32895e-18  0.00000e+00  0.00000e+00  1.64749e-05
0027  1.56229e+18  1.10560e+02  1.78616e+05  8.09565e-18  0.00000e+00  0.00000e+00  1.60888e-05
0028  1.58071e+18  1.12660e+02  1.80511e+05  7.90188e-18  0.00000e+00  0.00000e+00  1.57161e-05
0029  1.59912e+18  1.14756e+02  1.82480e+05  7.80401e-18  0.00000e+00  0.00000e+00  1.53562e-05
0030  1.61754e+18  1.16871e+02  1.84551e+05  7.77270e-18  0.00000e+00  0.00000e+00  1.50085e-05
0031  1.63595e+18  1.19028e+02  1.86756e+05  7.80385e-18  0.00000e+00  0.00000e+00  1.46726e-05
0032  1.65437e+18  1.21248e+02  1.89129e+05  7.85278e-18  0.00000e+00  0.00000e+00  1.43477e-05
0033  1.67278e+18  1.23486e+02  1.91614e+05  7.56220e-18  0.00000e+00  0.00000e+00  1.40336e-05
0034  1.69120e+18  1.25423e+02  1.93733e+05  6.49697e-18  0.00000e+00  0.00000e+00  1.37296e-05
0035  1.70961e+18  1.26978e+02  1.95486e+05  5.64846e-18  0.00000e+00  0.00000e+00  1.34354e-05
0036  1.72803e+18  1.28256e+02  1.96962e+05  5.18953e-18  0.00000e+00  0.00000e+00  1.31506e-05
0037  1.74644e+18  1.29517e+02  1.98537e+05  5.35177e-18  0.00000e+00  0.00000e+00  1.28747e-05
0038  1.76486e+18  1.30907e+02  2.00317e+05  5.59785e-18  0.00000e+00  0.00000e+00  1.26074e-05
0039  1.78328e+18  1.32410e+02  2.02296e+05  5.73859e-18  0.00000e+00  0.00000e+00  1.23484e-05
0040  1.80169e+18  1.33988e+02  2.04434e+05  5.80498e-18  0.00000e+00  0.00000e+00  1.20973e-05
0041  1.82011e+18  1.35622e+02  2.06717e+05  5.82455e-18  0.00000e+00  0.00000e+00  1.18537e-05
0042  1.83852e+18  1.37265e+02  2.09087e+05  5.66730e-18  0.00000e+00  0.00000e+00  1.16174e-05
0043  1.85694e+18  1.39006e+02  2.11682e+05  5.56879e-18  0.00000e+00  0.00000e+00  1.13882e-05
0044  1.87535e+18  1.41823e+02  2.16266e+05  7.07265e-18  0.00000e+00  0.00000e+00  1.11656e-05
0045  1.89377e+18  1.42820e+02  2.18006e+05  7.15872e-18  0.00000e+00  0.00000e+00  1.09495e-05
0046  1.91218e+18  1.40895e+02  2.14760e+05  2.56945e-18  0.00000e+00  0.00000e+00  1.07396e-05
0047  1.93060e+18  1.39965e+02  2.13235e+05  9.64983e-19  0.00000e+00  0.00000e+00  1.05357e-05
0048  1.94901e+18  1.47405e+02  2.26487e+05  7.51914e-18  0.00000e+00  0.00000e+00  1.03376e-05
0049  1.96743e+18  1.58589e+02  2.43668e+05  5.08174e-18  0.00000e+00  0.00000e+00  1.01449e-05
0050  1.98584e+18  1.47213e+02  2.26752e+05 -1.22944e-17  0.00000e+00  0.00000e+00  9.95766e-06
0051  2.00426e+18  1.21265e+02  1.89566e+05 -2.83606e-17  0.00000e+00  0.00000e+00  9.77552e-06
0052  2.02267e+18  1.13698e+02  1.81508e+05 -1.87445e-20  0.00000e+00  0.00000e+00  9.59833e-06
0053  2.04109e+18  1.12858e+02  1.80691e+05  3.08843e-18  0.00000e+00  0.00000e+00  9.42591e-06
0054  2.05951e+18  1.12679e+02  1.80516e+05  3.85913e-18  0.00000e+00  0.00000e+00  9.25810e-06
0055  2.07792e+18  1.12869e+02  1.80695e+05  3.37771e-18  0.00000e+00  0.00000e+00  9.09473e-06
0056  2.09634e+18  1.13457e+02  1.81255e+05  2.19923e-18  0.00000e+00  0.00000e+00  8.93564e-06
0057  2.11475e+18  1.14533e+02  1.82278e+05  1.67340e-18  0.00000e+00  0.00000e+00  8.78070e-06
0058  2.13317e+18  1.15872e+02  1.83574e+05  1.69962e-18  0.00000e+00  0.00000e+00  8.62975e-06
0059  2.15158e+18  1.17387e+02  1.85076e+05  2.10382e-18  0.00000e+00  0.00000e+00  8.48265e-06
0060  2.17000e+18  1.18859e+02  1.86576e+05  2.70591e-18  0.00000e+00  0.00000e+00  8.33929e-06
0061  2.18841e+18  1.20025e+02  1.87794e+05  3.24692e-18  0.00000e+00  0.00000e+00  8.19953e-06
0062  2.20683e+18  1.20738e+02  1.88555e+05  3.44095e-18  0.00000e+00  0.00000e+00  8.06326e-06
0063  2.22524e+18  1.20974e+02  1.88814e+05  3.21082e-18  0.00000e+00  0.00000e+00  7.93035e-06
0064  2.24366e+18  1.20772e+02  1.88601e+05  2.74062e-18  0.00000e+00  0.00000e+00  7.80071e-06
0065  2.26207e+18  1.20203e+02  1.87995e+05  2.33134e-18  0.00000e+00  0.00000e+00  7.67421e-06
0066  2.28049e+18  1.19374e+02  1.87116e+05  2.19715e-18  0.00000e+00  0.00000e+00  7.55077e-06
0067  2.29891e+18  1.18562e+02  1.86269e+05  2.10874e-18  0.00000e+00  0.00000e+00  7.43029e-06
0068  2.31732e+18  1.17978e+02  1.85671e+05  1.84158e-18  0.00000e+00  0.00000e+00  7.31266e-06
0069  2.33574e+18  1.17602e+02  1.85273e+05  2.50248e-18  0.00000e+00  0.00000e+00  7.19781e-06
0070  2.35415e+18  1.18267e+02  1.85928e+05  3.51121e-18  0.00000e+00  0.00000e+00  7.08564e-06
0071  2.37257e+18  1.32191e+02  2.02500e+05 -1.09817e-17  0.00000e+00  0.00000e+00  6.97607e-06
0072  2.39098e+18  2.46288e+02  4.20027e+05  1.10555e-16  0.00000e+00  0.00000e+00  6.86902e-06
0073  2.40940e+18  4.69094e+02  7.18347e+05  6.81188e-17  0.00000e+00  0.00000e+00  6.76442e-06
0074  2.42781e+18  6.31154e+02  9.53868e+05  3.49668e-17  0.00000e+00  0.00000e+00  6.66219e-06
0075  2.44623e+18  7.34700e+02  1.11284e+06  2.59014e-17  0.00000e+00  0.00000e+00  6.56226e-06
0076  2.46464e+18  8.10388e+02  1.23333e+06  2.17735e-17  0.00000e+00  0.00000e+00  6.46456e-06
0077  2.48306e+18  8.71313e+02  1.33451e+06  1.91969e-17  0.00000e+00  0.00000e+00  6.36903e-06
0078  2.50147e+18  9.24693e+02  1.42662e+06  1.77830e-17  0.00000e+00  0.00000e+00  6.27560e-06
0079  2.51989e+18  9.75424e+02  1.51636e+06  1.72534e-17  0.00000e+00  0.00000e+00  6.18421e-06
0080  2.53831e+18  1.02488e+03  1.60496e+06  1.65694e-17  0.00000e+00  0.00000e+00  6.09480e-06
0081  2.55672e+18  1.07370e+03  1.69435e+06  1.61049e-17  0.00000e+00  0.00000e+00  6.00732e-06
0082  2.57514e+18  1.12217e+03  1.78470e+06  1.55696e-17  0.00000e+00  0.00000e+00  5.92171e-06
0083  2.59355e+18  1.17051e+03  1.87652e+06  1.50676e-17  0.00000e+00  0.00000e+00  5.83791e-06
0084  2.61197e+18  1.21852e+03  1.96932e+06  1.45159e-17  0.00000e+00  0.00000e+00  5.75588e-06
0085  2.63038e+18  1.26598e+03  2.06296e+06  1.39748e-17  0.00000e+00  0.00000e+00  5.67557e-06
0086  2.64880e+18  1.31280e+03  2.15750e+06  1.35134e-17  0.00000e+00  0.00000e+00  5.59693e-06
0087  2.66721e+18  1.35850e+03  2.25242e+06  1.30088e-17  0.00000e+00  0.00000e+00  5.51991e-06
0088  2.68563e+18  1.40241e+03  2.34720e+06  1.24839e-17  0.00000e+00  0.00000e+00  5.44447e-06
0089  2.70404e+18  1.44417e+03  2.44122e+06  1.19563e-17  0.00000e+00  0.00000e+00  5.37056e-06
0090  2.72246e+18  1.48378e+03  2.53384e+06  1.14390e-17  0.00000e+00  0.00000e+00  5.29815e-06
0091  2.74088e+18  1.52118e+03  2.62475e+06  1.09444e-17  0.00000e+00  0.00000e+00  5.22720e-06
0092  2.75929e+18  1.55618e+03  2.71430e+06  1.04660e-17  0.00000e+00  0.00000e+00  5.15766e-06
0093  2.77771e+18  1.58896e+03  2.80271e+06  1.00085e-17  0.00000e+00  0.00000e+00  5.08950e-06
0094  2.79612e+18  1.62043e+03  2.88953e+06  9.57428e-18  0.00000e+00  0.00000e+00  5.02268e-06
0095  2.81454e+18  1.65127e+03  2.97469e+06  9.16313e-18  0.00000e+00  0.00000e+00  4.95717e-06
0096  2.83295e+18  1.68078e+03  3.05965e+06  8.76675e-18  0.00000e+00  0.00000e+00  4.89293e-06
0097  2.85137e+18  1.70840e+03  3.14561e+06  8.38834e-18  0.00000e+00  0.00000e+00  4.82993e-06
0098  2.86978e+18  1.73574e+03  3.23253e+06  8.02703e-18  0.00000e+00  0.00000e+00  4.76814e-06
0099  2.88820e+18  1.76511e+03  3.31854e+06  7.67925e-18  0.00000e+00  0.00000e+00  4.70753e-06
0100  2.90661e+18  1.79373e+03  3.40165e+06  7.35318e-18  0.00000e+00  0.00000e+00  4.64807e-06
0101  2.92503e+18  1.81757e+03  3.48556e+06  7.03952e-18  0.00000e+00  0.00000e+00  4.58973e-06
0102  2.94345e+18  1.85961e+03  3.61283e+06  6.73981e-18  0.00000e+00  0.00000e+00  4.53248e-06
0103  2.96186e+18  1.91298e+03  3.76361e+06  6.43104e-18  0.00000e+00  0.00000e+00  4.47629e-06
0104  2.98028e+18  1.88612e+03  3.72344e+06  6.30670e-18  0.00000e+00  0.00000e+00  4.42114e-06
0105  2.99869e+18  1.46047e+03  2.90079e+06  7.01234e-18  0.00000e+00  0.00000e+00  4.36701e-06
0106  3.01711e+18  3.40657e+02  6.88324e+05  1.09522e-17  0.00000e+00  0.00000e+00  4.31386e-06
0107  3.03552e+18  8.93955e+01  1.66787e+05 -2.05095e-16  0.00000e+00  0.00000e+00  4.26168e-06
0108  3.05394e+18  7.70667e+01  1.52206e+05  1.29723e-18  0.00000e+00  0.00000e+00  4.21044e-06
0109  3.07235e+18  7.82948e+01  1.53173e+05  3.92837e-18  0.00000e+00  0.00000e+00  4.16011e-06
0110  3.09077e+18  8.18165e+01  1.56056e+05  5.82612e-18  0.00000e+00  0.00000e+00  4.11069e-06
0111  3.10918e+18  8.58743e+01  1.59395e+05  5.22317e-18  0.00000e+00  0.00000e+00  4.06214e-06
0112  3.12760e+18  8.96916e+01  1.62309e+05  3.94519e-18  0.00000e+00  0.00000e+00  4.01444e-06
0113  3.14602e+18  9.33894e+01  1.65213e+05  3.38021e-18  0.00000e+00  0.00000e+00  3.96758e-06
0114  3.16443e+18  9.69208e+01  1.67935e+05 -1.26653e-17  0.00000e+00  0.00000e+00  3.92154e-06
0115  3.18285e+18  1.00314e+02  1.70302e+05  1.95361e-18  0.00000e+00  0.00000e+00  3.87629e-06
0116  3.20126e+18  1.03877e+02  1.72953e+05  2.53524e-18  0.00000e+00  0.00000e+00  3.83182e-06
0117  3.21968e+18  1.07557e+02  1.75924e+05  2.41766e-18  0.00000e+00  0.00000e+00  3.78811e-06
0118  3.23809e+18  1.11594e+02  1.79408e+05  2.50126e-18  0.00000e+00  0.00000e+00  3.74515e-06
0119  3.25651e+18  1.15921e+02  1.83433e+05  2.80430e-18  0.00000e+00  0.00000e+00  3.70291e-06
0120  3.27492e+18  1.21053e+02  1.88703e+05  2.81175e-18  0.00000e+00  0.00000e+00  3.66138e-06
0121  3.29334e+18  1.31833e+02  2.01007e+05  4.16700e-18  0.00000e+00  0.00000e+00  3.62055e-06
0122  3.31176e+18  1.67584e+02  2.57994e+05  7.89804e-18  0.00000e+00  0.00000e+00  3.58040e-06
0123  3.33017e+18  2.67333e+02  3.95324e+05  5.15591e-17  0.00000e+00  0.00000e+00  3.54091e-06
0124  3.34859e+18  4.06856e+02  5.53511e+05  3.42807e-17  0.00000e+00  0.00000e+00  3.50207e-06
0125  3.36700e+18  5.26487e+02  6.84509e+05  2.18339e-17  0.00000e+00  0.00000e+00  3.46386e-06
0126  3.38542e+18  6.17838e+02  7.80601e+05  1.61905e-17  0.00000e+00  0.00000e+00  3.42628e-06
0127  3.40383e+18  6.90453e+02  8.54092e+05  1.32523e-17  0.00000e+00  0.00000e+00  3.38931e-06
0128  3.42225e+18  7.52160e+02  9.14037e+05  1.14810e-17  0.00000e+00  0.00000e+00  3.35293e-06
0129  3.44066e+18  8.06739e+02  9.65400e+05  1.01825e-17  0.00000e+00  0.00000e+00  3.31713e-06
0130  3.45908e+18  8.56496e+02  1.01119e+06  9.24622e-18  0.00000e+00  0.00000e+00  3.28191e-06
0131  3.47749e+18  9.02615e+02  1.05269e+06  8.49514e-18  0.00000e+00  0.00000e+00  3.24724e-06
0132  3.49591e+18  9.46086e+02  1.09138e+06  7.96108e-18  0.00000e+00  0.00000e+00  3.21312e-06
0133  3.51433e+18  9.87765e+02  1.12762e+06  7.47827e-18  0.00000e+00  0.00000e+00  3.17953e-06
0134  3.53274e+18  1.02774e+03  1.16191e+06  7.05278e-18  0.00000e+00  0.00000e+00  3.14647e-06
0135  3.55116e+18  1.06627e+03  1.19461e+06  6.69820e-18  0.00000e+00  0.00000e+00  3.11392e-06
0136  3.56957e+18  1.10354e+03  1.22587e+06  6.37389e-18  0.00000e+00  0.00000e+00  3.08188e-06
0137  3.58799e+18  1.13959e+03  1.25580e+06  6.07116e-18  0.00000e+00  0.00000e+00  3.05032e-06
0138  3.60640e+18  1.17447e+03  1.28451e+06  5.78861e-18  0.00000e+00  0.00000e+00  3.01925e-06
0139  3.62482e+18  1.20815e+03  1.31206e+06  5.52502e-18  0.00000e+00  0.00000e+00  2.98865e-06
0140  3.64323e+18  1.24066e+03  1.33849e+06  5.27910e-18  0.00000e+00  0.00000e+00  2.95851e-06
0141  3.66165e+18  1.27231e+03  1.36417e+06  5.10245e-18  0.00000e+00  0.00000e+00  2.92883e-06
0142  3.68007e+18  1.30334e+03  1.38915e+06  4.93869e-18  0.00000e+00  0.00000e+00  2.89959e-06
0143  3.69848e+18  1.33375e+03  1.41348e+06  4.77788e-18  0.00000e+00  0.00000e+00  2.87079e-06
0144  3.71690e+18  1.36353e+03  1.43720e+06  4.62082e-18  0.00000e+00  0.00000e+00  2.84241e-06
0145  3.73531e+18  1.39270e+03  1.46035e+06  4.46805e-18  0.00000e+00  0.00000e+00  2.81445e-06
0146  3.75373e+18  1.42128e+03  1.48301e+06  4.31987e-18  0.00000e+00  0.00000e+00  2.78690e-06
0147  3.77214e+18  1.44933e+03  1.50527e+06  4.17636e-18  0.00000e+00  0.00000e+00  2.75976e-06
0148  3.79056e+18  1.47693e+03  1.52722e+06  4.03750e-18  0.00000e+00  0.00000e+00  2.73301e-06
0149  3.80897e+18  1.50416e+03  1.54901e+06  3.90424e-18  0.00000e+00  0.00000e+00  2.70665e-06
0150  3.82739e+18  1.53116e+03  1.57077e+06  3.77982e-18  0.00000e+00  0.00000e+00  2.68066e-06
0151  3.84581e+18  1.55806e+03  1.59266e+06  3.66262e-18  0.00000e+00  0.00000e+00  2.65505e-06
0152  3.86422e+18  1.58491e+03  1.61479e+06  3.54813e-18  0.00000e+00  0.00000e+00  2.62981e-06
0153  3.88264e+18  1.61175e+03  1.63720e+06  3.43629e-18  0.00000e+00  0.00000e+00  2.60492e-06
0154  3.90105e+18  1.63855e+03  1.65990e+06  3.32723e-18  0.00000e+00  0.00000e+00  2.58038e-06
0155  3.91947e+18  1.66523e+03  1.68283e+06  3.22119e-18  0.00000e+00  0.00000e+00  2.55619e-06
0156  3.93788e+18  1.69162e+03  1.70585e+06  3.11846e-18  0.00000e+00  0.00000e+00  2.53234e-06
0157  3.95630e+18  1.71754e+03  1.72874e+06  3.01941e-18  0.00000e+00  0.00000e+00  2.50882e-06
0158  3.97471e+18  1.74269e+03  1.75125e+06  2.92442e-18  0.00000e+00  0.00000e+00  2.48563e-06
0159  3.99313e+18  1.76673e+03  1.77311e+06  2.83390e-18  0.00000e+00  0.00000e+00  2.46275e-06
0160  4.01155e+18  1.78940e+03  1.79399e+06  2.74813e-18  0.00000e+00  0.00000e+00  2.44019e-06
0161  4.02996e+18  1.81042e+03  1.81356e+06  2.66347e-18  0.00000e+00  0.00000e+00  2.41794e-06
0162  4.04838e+18  1.82966e+03  1.83170e+06  2.59535e-18  0.00000e+00  0.00000e+00  2.39599e-06
0163  4.06679e+18  1.84716e+03  1.84838e+06  2.53967e-18  0.00000e+00  0.00000e+00  2.37434e-06
0164  4.08521e+18  1.86289e+03  1.86356e+06  2.47873e-18  0.00000e+00  0.00000e+00  2.35299e-06
0165  4.10362e+18  1.87688e+03  1.87731e+06  2.42084e-18  0.00000e+00  0.00000e+00  2.33191e-06
0166  4.12204e+18  1.88930e+03  1.88983e+06  2.36575e-18  0.00000e+00  0.00000e+00  2.31113e-06
0167  4.14045e+18  1.90040e+03  1.90134e+06  2.31313e-18  0.00000e+00  0.00000e+00  2.29061e-06
0168  4.15887e+18  1.91045e+03  1.91212e+06  2.26265e-18  0.00000e+00  0.00000e+00  2.27037e-06
0169  4.17728e+18  1.91972e+03  1.92243e+06  2.21400e-18  0.00000e+00  0.00000e+00  2.25040e-06
0170  4.19570e+18  1.92848e+03  1.93252e+06  2.16687e-18  0.00000e+00  0.00000e+00  2.23069e-06
0171  4.21412e+18  1.93693e+03  1.94257e+06  2.12106e-18  0.00000e+00  0.00000e+00  2.21123e-06
0172  4.23253e+18  1.94525e+03  1.95275e+06  2.07638e-18  0.00000e+00  0.00000e+00  2.19203e-06
0173  4.25095e+18  1.95354e+03  1.96314e+06  2.03270e-18  0.00000e+00  0.00000e+00  2.17308e-06
0174  4.26936e+18  1.96186e+03  1.97381e+06  1.98997e-18  0.00000e+00  0.00000e+00  2.15438e-06
0175  4.28778e+18  1.97021e+03  1.98478e+06  1.94816e-18  0.00000e+00  0.00000e+00  2.13591e-06
0176  4.30619e+18  1.97857e+03  1.99603e+06  1.90726e-18  0.00000e+00  0.00000e+00  2.11768e-06
0177  4.32461e+18  1.98685e+03  2.00752e+06  1.86730e-18  0.00000e+00  0.00000e+00  2.09968e-06
0178  4.34302e+18  1.99498e+03  2.01917e+06  1.82833e-18  0.00000e+00  0.00000e+00  2.08191e-06
0179  4.36144e+18  2.00287e+03  2.03092e+06  1.79039e-18  0.00000e+00  0.00000e+00  2.06437e-06
0180  4.37986e+18  2.01043e+03  2.04269e+06  1.75350e-18  0.00000e+00  0.00000e+00  2.04705e-06
0181  4.39827e+18  2.01761e+03  2.05439e+06  1.71769e-18  0.00000e+00  0.00000e+00  2.02994e-06
0182  4.41669e+18  2.02436e+03  2.06597e+06  1.68296e-18  0.00000e+00  0.00000e+00  2.01305e-06
0183  4.43510e+18  2.03066e+03  2.07737e+06  1.64930e-18  0.00000e+00  0.00000e+00  1.99637e-06
0184  4.45352e+18  2.03651e+03  2.08855e+06  1.61668e-18  0.00000e+00  0.00000e+00  1.97989e-06
0185  4.47193e+18  2.04191e+03  2.09950e+06  1.58508e-18  0.00000e+00  0.00000e+00  1.96362e-06
0186  4.49035e+18  2.04688e+03  2.11021e+06  1.55445e-18  0.00000e+00  0.00000e+00  1.94754e-06
0187  4.50876e+18  2.05144e+03  2.12071e+06  1.52474e-18  0.00000e+00  0.00000e+00  1.93167e-06
0188  4.52718e+18  2.05560e+03  2.13101e+06  1.49592e-18  0.00000e+00  0.00000e+00  1.91598e-06
0189  4.54560e+18  2.05938e+03  2.14115e+06  1.46794e-18  0.00000e+00  0.00000e+00  1.90049e-06
0190  4.56401e+18  2.06279e+03  2.15115e+06  1.44077e-18  0.00000e+00  0.00000e+00  1.88519e-06
0191  4.58243e+18  2.06585e+03  2.16105e+06  1.41435e-18  0.00000e+00  0.00000e+00  1.87006e-06
0192  4.60084e+18  2.06858e+03  2.17086e+06  1.38864e-18  0.00000e+00  0.00000e+00  1.85512e-06
0193  4.61926e+18  2.07099e+03  2.18059e+06  1.36361e-18  0.00000e+00  0.00000e+00  1.84036e-06
0194  4.63767e+18  2.07311e+03  2.19024e+06  1.33925e-18  0.00000e+00  0.00000e+00  1.82577e-06
0195  4.65609e+18  2.07496e+03  2.19982e+06  1.31553e-18  0.00000e+00  0.00000e+00  1.81136e-06
0196  4.67450e+18  2.07657e+03  2.20930e+06  1.29242e-18  0.00000e+00  0.00000e+00  1.79712e-06
0197  4.69292e+18  2.07795e+03  2.21870e+06  1.26990e-18  0.00000e+00  0.00000e+00  1.78304e-06
0198  4.71134e+18  2.07913e+03  2.22800e+06  1.24794e-18  0.00000e+00  0.00000e+00  1.76913e-06
0199  4.72975e+18  2.08011e+03  2.23720e+06  1.22653e-18  0.00000e+00  0.00000e+00  1.75538e-06
0200  4.74817e+18  2.08088e+03  2.24631e+06  1.20564e-18  0.00000e+00  0.00000e+00  1.74179e-06
0201  4.76658e+18  2.08146e+03  2.25533e+06  1.18527e-18  0.00000e+00  0.00000e+00  1.72836e-06
0202  4.78500e+18  2.08182e+03  2.26428e+06  1.16539e-18  0.00000e+00  0.00000e+00  1.71508e-06
0203  4.80341e+18  2.08197e+03  2.27317e+06  1.14600e-18  0.00000e+00  0.00000e+00  1.70195e-06
0204  4.82183e+18  2.08192e+03  2.28199e+06  1.12707e-18  0.00000e+00  0.00000e+00  1.68898e-06
0205  4.84024e+18  2.08165e+03  2.29075e+06  1.10860e-18  0.00000e+00  0.00000e+00  1.67615e-06
0206  4.85866e+18  2.08120e+03  2.29945e+06  1.09055e-18  0.00000e+00  0.00000e+00  1.66347e-06
0207  4.87708e+18  2.08057e+03  2.30809e+06  1.07293e-18  0.00000e+00  0.00000e+00  1.65093e-06
0208  4.89549e+18  2.07978e+03  2.31664e+06  1.05571e-18  0.00000e+00  0.00000e+00  1.63853e-06
0209  4.91391e+18  2.07885e+03  2.32511e+06  1.03887e-18  0.00000e+00  0.00000e+00  1.62627e-06
0210  4.93232e+18  2.07779e+03  2.33348e+06  1.02242e-18  0.00000e+00  0.00000e+00  1.61415e-06
0211  4.95074e+18  2.07661e+03  2.34177e+06  1.00632e-18  0.00000e+00  0.00000e+00  1.60217e-06
0212  4.96915e+18  2.07531e+03  2.34996e+06  9.90583e-19  0.00000e+00  0.00000e+00  1.59031e-06
0213  4.98757e+18  2.07388e+03  2.35806e+06  9.75187e-19  0.00000e+00  0.00000e+00  1.57859e-06
0214  5.00598e+18  2.07232e+03  2.36608e+06  9.60125e-19  0.00000e+00  0.00000e+00  1.56700e-06
0215  5.02440e+18  2.07063e+03  2.37403e+06  9.45389e-19  0.00000e+00  0.00000e+00  1.55553e-06
0216  5.04282e+18  2.06880e+03  2.38190e+06  9.30969e-19  0.00000e+00  0.00000e+00  1.54419e-06
0217  5.06123e+18  2.06685e+03  2.38972e+06  9.16855e-19  0.00000e+00  0.00000e+00  1.53298e-06
0218  5.07965e+18  2.06476e+03  2.39746e+06  9.03038e-19  0.00000e+00  0.00000e+00  1.52188e-06
0219  5.09806e+18  2.06257e+03  2.40515e+06  8.89508e-19  0.00000e+00  0.00000e+00  1.51091e-06
0220  5.11648e+18  2.06027e+03  2.41275e+06  8.76256e-19  0.00000e+00  0.00000e+00  1.50005e-06
0221  5.13489e+18  2.05788e+03  2.42028e+06  8.63272e-19  0.00000e+00  0.00000e+00  1.48931e-06
0222  5.15331e+18  2.05541e+03  2.42772e+06  8.50549e-19  0.00000e+00  0.00000e+00  1.47868e-06
0223  5.17172e+18  2.05286e+03  2.43507e+06  8.38078e-19  0.00000e+00  0.00000e+00  1.46817e-06
0224  5.19014e+18  2.05026e+03  2.44233e+06  8.25853e-19  0.00000e+00  0.00000e+00  1.45777e-06
0225  5.20856e+18  2.04757e+03  2.44951e+06  8.13869e-19  0.00000e+00  0.00000e+00  1.44748e-06
0226  5.22697e+18  2.04483e+03  2.45659e+06  8.02117e-19  0.00000e+00  0.00000e+00  1.43730e-06
0227  5.24539e+18  2.04202e+03  2.46358e+06  7.90594e-19  0.00000e+00  0.00000e+00  1.42723e-06
0228  5.26380e+18  2.03913e+03  2.47049e+06  7.79293e-19  0.00000e+00  0.00000e+00  1.41726e-06
0229  5.28222e+18  2.03615e+03  2.47734e+06  7.68211e-19  0.00000e+00  0.00000e+00  1.40739e-06
0230  5.30063e+18  2.03309e+03  2.48410e+06  7.57340e-19  0.00000e+00  0.00000e+00  1.39763e-06
0231  5.31905e+18  2.02996e+03  2.49078e+06  7.46676e-19  0.00000e+00  0.00000e+00  1.38797e-06
0232  5.33746e+18  2.02677e+03  2.49737e+06  7.36213e-19  0.00000e+00  0.00000e+00  1.37841e-06
0233  5.35588e+18  2.02352e+03  2.50385e+06  7.25945e-19  0.00000e+00  0.00000e+00  1.36894e-06
0234  5.37430e+18  2.02023e+03  2.51023e+06  7.15868e-19  0.00000e+00  0.00000e+00  1.35958e-06
0235  5.39271e+18  2.01689e+03  2.51649e+06  7.05977e-19  0.00000e+00  0.00000e+00  1.35031e-06
0236  5.41113e+18  2.01351e+03  2.52264e+06  6.96267e-19  0.00000e+00  0.00000e+00  1.34113e-06
0237  5.42954e+18  2.01010e+03  2.52866e+06  6.86734e-19  0.00000e+00  0.00000e+00  1.33205e-06
0238  5.44796e+18  2.00665e+03  2.53458e+06  6.77373e-19  0.00000e+00  0.00000e+00  1.32306e-06
0239  5.46637e+18  2.00317e+03  2.54040e+06  6.68686e-19  0.00000e+00  0.00000e+00  1.31416e-06
0240  5.48479e+18  1.99964e+03  2.54611e+06  6.59593e-19  0.00000e+00  0.00000e+00  1.30535e-06
0241  5.50320e+18  1.99605e+03  2.55172e+06  6.50667e-19  0.00000e+00  0.00000e+00  1.29663e-06
0242  5.52162e+18  1.99239e+03  2.55722e+06  6.41903e-19  0.00000e+00  0.00000e+00  1.28800e-06
0243  5.54004e+18  1.98865e+03  2.56263e+06  6.33297e-19  0.00000e+00  0.00000e+00  1.27945e-06
0244  5.55845e+18  1.98485e+03  2.56795e+06  6.24845e-19  0.00000e+00  0.00000e+00  1.27098e-06
0245  5.57687e+18  1.98097e+03  2.57318e+06  6.16543e-19  0.00000e+00  0.00000e+00  1.26260e-06
0246  5.59528e+18  1.97704e+03  2.57831e+06  6.08386e-19  0.00000e+00  0.00000e+00  1.25431e-06
0247  5.61370e+18  1.97305e+03  2.58336e+06  6.00371e-19  0.00000e+00  0.00000e+00  1.24609e-06
0248  5.63211e+18  1.96902e+03  2.58830e+06  5.92493e-19  0.00000e+00  0.00000e+00  1.23795e-06
0249  5.65053e+18  1.96495e+03  2.59315e+06  5.84748e-19  0.00000e+00  0.00000e+00  1.22990e-06
0250  5.66894e+18  1.96086e+03  2.59791e+06  5.77133e-19  0.00000e+00  0.00000e+00  1.22192e-06
0251  5.68736e+18  1.95674e+03  2.60258e+06  5.69644e-19  0.00000e+00  0.00000e+00  1.21402e-06
0252  5.70578e+18  1.95260e+03  2.60716e+06  5.62277e-19  0.00000e+00  0.00000e+00  1.20620e-06
0253  5.72419e+18  1.94844e+03  2.61166e+06  5.55030e-19  0.00000e+00  0.00000e+00  1.19845e-06
0254  5.74261e+18  1.94426e+03  2.61608e+06  5.47899e-19  0.00000e+00  0.00000e+00  1.19077e-06
0255  5.76102e+18  1.94006e+03  2.62044e+06  5.40881e-19  0.00000e+00  0.00000e+00  1.18317e-06
0256  5.77944e+18  1.93583e+03  2.62473e+06  5.33974e-19  0.00000e+00  0.00000e+00  1.17565e-06
0257  5.79785e+18  1.93158e+03  2.62897e+06  5.27176e-19  0.00000e+00  0.00000e+00  1.16819e-06
0258  5.81627e+18  1.92730e+03  2.63315e+06  5.20483e-19  0.00000e+00  0.00000e+00  1.16080e-06
0259  5.83468e+18  1.92299e+03  2.63728e+06  5.13894e-19  0.00000e+00  0.00000e+00  1.15349e-06
0260  5.85310e+18  1.91865e+03  2.64136e+06  5.07405e-19  0.00000e+00  0.00000e+00  1.14624e-06
0261  5.87152e+18  1.91429e+03  2.64538e+06  5.01016e-19  0.00000e+00  0.00000e+00  1.13906e-06
0262  5.88993e+18  1.90991e+03  2.64935e+06  4.94723e-19  0.00000e+00  0.00000e+00  1.13195e-06
0263  5.90835e+18  1.90553e+03  2.65326e+06  4.88525e-19  0.00000e+00  0.00000e+00  1.12490e-06
0264  5.92676e+18  1.90114e+03  2.65710e+06  4.82419e-19  0.00000e+00  0.00000e+00  1.11792e-06
0265  5.94518e+18  1.89675e+03  2.66089e+06  4.76403e-19  0.00000e+00  0.00000e+00  1.11101e-06
0266  5.96359e+18  1.89236e+03  2.66464e+06  4.70474e-19  0.00000e+00  0.00000e+00  1.10416e-06
0267  5.98201e+18  1.88795e+03  2.66835e+06  4.64631e-19  0.00000e+00  0.00000e+00  1.09737e-06
0268  6.00043e+18  1.88354e+03  2.67204e+06  4.58871e-19  0.00000e+00  0.00000e+00  1.09065e-06
0269  6.01884e+18  1.87912e+03  2.67571e+06  4.53191e-19  0.00000e+00  0.00000e+00  1.08398e-06
0270  6.03726e+18  1.87469e+03  2.67937e+06  4.47590e-19  0.00000e+00  0.00000e+00  1.07738e-06
0271  6.05567e+18  1.87027e+03  2.68303e+06  4.42065e-19  0.00000e+00  0.00000e+00  1.07084e-06
0272  6.07409e+18  1.86584e+03  2.68670e+06  4.36614e-19  0.00000e+00  0.00000e+00  1.06435e-06
0273  6.09250e+18  1.86142e+03  2.69038e+06  4.31235e-19  0.00000e+00  0.00000e+00  1.05793e-06
0274  6.11092e+18  1.85701e+03  2.69408e+06  4.25927e-19  0.00000e+00  0.00000e+00  1.05156e-06
0275  6.12933e+18  1.85262e+03  2.69780e+06  4.20686e-19  0.00000e+00  0.00000e+00  1.04525e-06
0276  6.14775e+18  1.84825e+03  2.70155e+06  4.15513e-19  0.00000e+00  0.00000e+00  1.03900e-06
0277  6.16617e+18  1.84391e+03  2.70534e+06  4.10404e-19  0.00000e+00  0.00000e+00  1.03280e-06
0278  6.18458e+18  1.83961e+03  2.70916e+06  4.05360e-19  0.00000e+00  0.00000e+00  1.02666e-06
0279  6.20300e+18  1.83535e+03  2.71301e+06  4.00380e-19  0.00000e+00  0.00000e+00  1.02057e-06
0280  6.22141e+18  1.83114e+03  2.71690e+06  3.95461e-19  0.00000e+00  0.00000e+00  1.01454e-06
0281  6.23983e+18  1.82698e+03  2.72081e+06  3.90605e-19  0.00000e+00  0.00000e+00  1.00856e-06
0282  6.25824e+18  1.82287e+03  2.72476e+06  3.85809e-19  0.00000e+00  0.00000e+00  1.00263e-06
0283  6.27666e+18  1.81881e+03  2.72874e+06  3.81073e-19  0.00000e+00  0.00000e+00  9.96760e-07
0284  6.29507e+18  1.81478e+03  2.73275e+06  3.76398e-19  0.00000e+00  0.00000e+00  9.90937e-07
0285  6.31349e+18  1.81079e+03  2.73679e+06  3.71780e-19  0.00000e+00  0.00000e+00  9.85164e-07
0286  6.33191e+18  1.80685e+03  2.74090e+06  3.67219e-19  0.00000e+00  0.00000e+00  9.79442e-07
0287  6.35032e+18  1.80297e+03  2.74508e+06  3.63944e-19  0.00000e+00  0.00000e+00  9.73770e-07
0288  6.36874e+18  1.79914e+03  2.74931e+06  3.59736e-19  0.00000e+00  0.00000e+00  9.68146e-07
0289  6.38715e+18  1.79535e+03  2.75356e+06  3.55579e-19  0.00000e+00  0.00000e+00  9.62572e-07
0290  6.40557e+18  1.79161e+03  2.75781e+06  3.51475e-19  0.00000e+00  0.00000e+00  9.57045e-07
0291  6.42398e+18  1.78789e+03  2.76203e+06  3.47423e-19  0.00000e+00  0.00000e+00  9.51566e-07
0292  6.44240e+18  1.78420e+03  2.76621e+06  3.43426e-19  0.00000e+00  0.00000e+00  9.46133e-07
0293  6.46081e+18  1.78055e+03  2.77034e+06  3.39482e-19  0.00000e+00  0.00000e+00  9.40747e-07
0294  6.47923e+18  1.77691e+03  2.77439e+06  3.35593e-19  0.00000e+00  0.00000e+00  9.35407e-07
0295  6.49765e+18  1.77330e+03  2.77838e+06  3.31757e-19  0.00000e+00  0.00000e+00  9.30113e-07
0296  6.51606e+18  1.76970e+03  2.78228e+06  3.27975e-19  0.00000e+00  0.00000e+00  9.24863e-07
0297  6.53448e+18  1.76611e+03  2.78610e+06  3.24247e-19  0.00000e+00  0.00000e+00  9.19657e-07
0298  6.55289e+18  1.76251e+03  2.78984e+06  3.20572e-19  0.00000e+00  0.00000e+00  9.14495e-07
0299  6.57131e+18  1.75891e+03  2.79351e+06  3.16948e-19  0.00000e+00  0.00000e+00  9.09377e-07
0300  6.58972e+18  1.75531e+03  2.79711e+06  3.13374e-19  0.00000e+00  0.00000e+00  9.04301e-07
0301  6.60814e+18  1.75168e+03  2.80067e+06  3.09849e-19  0.00000e+00  0.00000e+00  8.99268e-07
0302  6.62655e+18  1.74805e+03  2.80420e+06  3.06371e-19  0.00000e+00  0.00000e+00  8.94277e-07
0303  6.64497e+18  1.74442e+03  2.80770e+06  3.02938e-19  0.00000e+00  0.00000e+00  8.89327e-07
0304  6.66339e+18  1.74079e+03  2.81119e+06  2.99548e-19  0.00000e+00  0.00000e+00  8.84418e-07
0305  6.68180e+18  1.73717e+03  2.81469e+06  2.96199e-19  0.00000e+00  0.00000e+00  8.79550e-07
0306  6.70022e+18  1.73359e+03  2.81821e+06  2.92889e-19  0.00000e+00  0.00000e+00  8.74722e-07
0307  6.71863e+18  1.73004e+03  2.82176e+06  2.89617e-19  0.00000e+00  0.00000e+00  8.69933e-07
0308  6.73705e+18  1.72656e+03  2.82534e+06  2.86382e-19  0.00000e+00  0.00000e+00  8.65184e-07
0309  6.75546e+18  1.72315e+03  2.82896e+06  2.83181e-19  0.00000e+00  0.00000e+00  8.60473e-07
0310  6.77388e+18  1.71980e+03  2.83259e+06  2.80018e-19  0.00000e+00  0.00000e+00  8.55801e-07
0311  6.79229e+18  1.71647e+03  2.83617e+06  2.76897e-19  0.00000e+00  0.00000e+00  8.51167e-07
0312  6.81071e+18  1.71315e+03  2.83967e+06  2.73818e-19  0.00000e+00  0.00000e+00  8.46570e-07
0313  6.82913e+18  1.71003e+03  2.84339e+06  2.70760e-19  0.00000e+00  0.00000e+00  8.42010e-07
0314  6.84754e+18  1.70768e+03  2.84829e+06  2.67657e-19  0.00000e+00  0.00000e+00  8.37487e-07
0315  6.86596e+18  1.70691e+03  2.85578e+06  2.64419e-19  0.00000e+00  0.00000e+00  8.33001e-07
0316  6.88437e+18  1.70705e+03  2.86476e+06  2.61127e-19  0.00000e+00  0.00000e+00  8.28550e-07
0317  6.90279e+18  1.70280e+03  2.86633e+06  2.58368e-19  0.00000e+00  0.00000e+00  8.24135e-07
0318  6.92120e+18  1.69374e+03  2.85972e+06  2.56158e-19  0.00000e+00  0.00000e+00  8.19755e-07
0319  6.93962e+18  1.68212e+03  2.84864e+06  2.54234e-19  0.00000e+00  0.00000e+00  8.15410e-07
0320  6.95803e+18  1.66171e+03  2.82248e+06  2.53210e-19  0.00000e+00  0.00000e+00  8.11100e-07
0321  6.97645e+18  1.61855e+03  2.75733e+06  2.54345e-19  0.00000e+00  0.00000e+00  8.06824e-07
0322  6.99487e+18  1.52566e+03  2.60654e+06  2.59360e-19  0.00000e+00  0.00000e+00  8.02581e-07
0323  7.01328e+18  1.34540e+03  2.30473e+06  2.66310e-19  0.00000e+00  0.00000e+00  7.98371e-07
0324  7.03170e+18  1.06238e+03  1.82348e+06  2.51870e-19  0.00000e+00  0.00000e+00  7.94195e-07
0325  7.05011e+18  7.31973e+02  1.25773e+06  2.22035e-19  0.00000e+00  0.00000e+00  7.90052e-07
0326  7.06853e+18  4.48525e+02  7.71504e+05  6.27668e-19  0.00000e+00  0.00000e+00  7.85940e-07
0327  7.08694e+18  2.60665e+02  4.44743e+05  1.50874e-18  0.00000e+00  0.00000e+00  7.81861e-07
0328  7.10536e+18  1.64389e+02  2.69788e+05 -1.37190e-18  0.00000e+00  0.00000e+00  7.77813e-07
0329  7.12378e+18  1.35079e+02  2.13652e+05 -2.16824e-18  0.00000e+00  0.00000e+00  7.73797e-07
0330  7.14219e+18  1.33809e+02  2.05958e+05 -5.04017e-19  0.00000e+00  0.00000e+00  7.69812e-07
0331  7.16061e+18  1.37879e+02  2.07548e+05  6.66138e-19  0.00000e+00  0.00000e+00  7.65858e-07
0332  7.17902e+18  1.52999e+02  2.22589e+05  1.94892e-18  0.00000e+00  0.00000e+00  7.61933e-07
0333  7.19744e+18  1.84498e+02  2.55572e+05  2.98235e-18  0.00000e+00  0.00000e+00  7.58039e-07
0334  7.21585e+18  2.34752e+02  3.06733e+05  3.50744e-18  0.00000e+00  0.00000e+00  7.54175e-07
0335  7.23427e+18  2.99510e+02  3.69958e+05  3.09138e-18  0.00000e+00  0.00000e+00  7.50340e-07
0336  7.25268e+18  3.68515e+02  4.35338e+05  2.42267e-18  0.00000e+00  0.00000e+00  7.46535e-07
0337  7.27110e+18  4.32614e+02  4.94450e+05  1.90258e-18  0.00000e+00  0.00000e+00  7.42758e-07
0338  7.28952e+18  4.88307e+02  5.43838e+05  1.55577e-18  0.00000e+00  0.00000e+00  7.39010e-07
0339  7.30793e+18  5.36048e+02  5.83934e+05  1.32812e-18  0.00000e+00  0.00000e+00  7.35290e-07
0340  7.32635e+18  5.77441e+02  6.16624e+05  1.17128e-18  0.00000e+00  0.00000e+00  7.31598e-07
0341  7.34476e+18  6.14002e+02  6.43769e+05  1.05412e-18  0.00000e+00  0.00000e+00  7.27934e-07
0342  7.36318e+18  6.46977e+02  6.66896e+05  9.60223e-19  0.00000e+00  0.00000e+00  7.24298e-07
0343  7.38159e+18  6.77368e+02  6.87206e+05  8.92460e-19  0.00000e+00  0.00000e+00  7.20688e-07
0344  7.40001e+18  7.05883e+02  7.05418e+05  8.37466e-19  0.00000e+00  0.00000e+00  7.17106e-07
0345  7.41842e+18  7.32942e+02  7.21987e+05  7.89305e-19  0.00000e+00  0.00000e+00  7.13550e-07
0346  7.43684e+18  7.58798e+02  7.37223e+05  7.46572e-19  0.00000e+00  0.00000e+00  7.10020e-07
0347  7.45526e+18  7.83638e+02  7.51360e+05  7.08248e-19  0.00000e+00  0.00000e+00  7.06517e-07
0348  7.47367e+18  8.07622e+02  7.64585e+05  6.75487e-19  0.00000e+00  0.00000e+00  7.03039e-07
0349  7.49209e+18  8.30873e+02  7.77021e+05  6.45662e-19  0.00000e+00  0.00000e+00  6.99587e-07
0350  7.51050e+18  8.53475e+02  7.88768e+05  6.18194e-19  0.00000e+00  0.00000e+00  6.96161e-07
0351  7.52892e+18  8.75487e+02  7.99903e+05  5.92776e-19  0.00000e+00  0.00000e+00  6.92759e-07
0352  7.54733e+18  8.96952e+02  8.10485e+05  5.69182e-19  0.00000e+00  0.00000e+00  6.89383e-07
0353  7.56575e+18  9.17924e+02  8.20570e+05  5.47202e-19  0.00000e+00  0.00000e+00  6.86031e-07
0354  7.58416e+18  9.38519e+02  8.30287e+05  5.26589e-19  0.00000e+00  0.00000e+00  6.82703e-07
0355  7.60258e+18  9.58844e+02  8.39709e+05  5.13178e-19  0.00000e+00  0.00000e+00  6.79400e-07
0356  7.62100e+18  9.78918e+02  8.48824e+05  4.96606e-19  0.00000e+00  0.00000e+00  6.76121e-07
0357  7.63941e+18  9.98725e+02  8.57655e+05  4.80820e-19  0.00000e+00  0.00000e+00  6.72865e-07
0358  7.65783e+18  1.01826e+03  8.66219e+05  4.65778e-19  0.00000e+00  0.00000e+00  6.69632e-07
0359  7.67624e+18  1.03753e+03  8.74534e+05  4.51519e-19  0.00000e+00  0.00000e+00  6.66423e-07
0360  7.69466e+18  1.05656e+03  8.82619e+05  4.38544e-19  0.00000e+00  0.00000e+00  6.63237e-07
0361  7.71307e+18  1.07536e+03  8.90481e+05  4.26099e-19  0.00000e+00  0.00000e+00  6.60074e-07
0362  7.73149e+18  1.09393e+03  8.98130e+05  4.14161e-19  0.00000e+00  0.00000e+00  6.56933e-07
0363  7.74990e+18  1.11226e+03  9.05572e+05  4.02707e-19  0.00000e+00  0.00000e+00  6.53815e-07
0364  7.76832e+18  1.13037e+03  9.12817e+05  3.91715e-19  0.00000e+00  0.00000e+00  6.50719e-07
0365  7.78674e+18  1.14825e+03  9.19874e+05  3.81162e-19  0.00000e+00  0.00000e+00  6.47644e-07
0366  7.80515e+18  1.16590e+03  9.26750e+05  3.71026e-19  0.00000e+00  0.00000e+00  6.44592e-07
0367  7.82357e+18  1.18333e+03  9.33456e+05  3.61287e-19  0.00000e+00  0.00000e+00  6.41561e-07
0368  7.84198e+18  1.20054e+03  9.40000e+05  3.51924e-19  0.00000e+00  0.00000e+00  6.38551e-07
0369  7.86040e+18  1.21754e+03  9.46387e+05  3.42921e-19  0.00000e+00  0.00000e+00  6.35563e-07
0370  7.87881e+18  1.23433e+03  9.52623e+05  3.34260e-19  0.00000e+00  0.00000e+00  6.32595e-07
0371  7.89723e+18  1.25092e+03  9.58728e+05  3.26182e-19  0.00000e+00  0.00000e+00  6.29648e-07
0372  7.91564e+18  1.26735e+03  9.64720e+05  3.19131e-19  0.00000e+00  0.00000e+00  6.26722e-07
0373  7.93406e+18  1.28363e+03  9.70604e+05  3.12272e-19  0.00000e+00  0.00000e+00  6.23816e-07
0374  7.95248e+18  1.29978e+03  9.76392e+05  3.05596e-19  0.00000e+00  0.00000e+00  6.20930e-07
0375  7.97089e+18  1.31579e+03  9.82096e+05  2.99416e-19  0.00000e+00  0.00000e+00  6.18064e-07
0376  7.98931e+18  1.33169e+03  9.87721e+05  2.93386e-19  0.00000e+00  0.00000e+00  6.15218e-07
0377  8.00772e+18  1.34745e+03  9.93267e+05  2.87503e-19  0.00000e+00  0.00000e+00  6.12392e-07
0378  8.02614e+18  1.36307e+03  9.98735e+05  2.81766e-19  0.00000e+00  0.00000e+00  6.09585e-07
0379  8.04455e+18  1.37855e+03  1.00413e+06  2.76174e-19  0.00000e+00  0.00000e+00  6.06797e-07
0380  8.06297e+18  1.39389e+03  1.00944e+06  2.70725e-19  0.00000e+00  0.00000e+00  6.04029e-07
0381  8.08139e+18  1.40907e+03  1.01467e+06  2.65417e-19  0.00000e+00  0.00000e+00  6.01279e-07
0382  8.09980e+18  1.42409e+03  1.01982e+06  2.60249e-19  0.00000e+00  0.00000e+00  5.98548e-07
0383  8.11822e+18  1.43894e+03  1.02490e+06  2.55216e-19  0.00000e+00  0.00000e+00  5.95835e-07
0384  8.13663e+18  1.45363e+03  1.02990e+06  2.50317e-19  0.00000e+00  0.00000e+00  5.93141e-07
0385  8.15505e+18  1.46815e+03  1.03481e+06  2.45549e-19  0.00000e+00  0.00000e+00  5.90466e-07
0386  8.17346e+18  1.48249e+03  1.03965e+06  2.40908e-19  0.00000e+00  0.00000e+00  5.87808e-07
0387  8.19188e+18  1.49665e+03  1.04441e+06  2.36393e-19  0.00000e+00  0.00000e+00  5.85168e-07
0388  8.21029e+18  1.51065e+03  1.04910e+06  2.32124e-19  0.00000e+00  0.00000e+00  5.82546e-07
0389  8.22871e+18  1.52447e+03  1.05372e+06  2.27989e-19  0.00000e+00  0.00000e+00  5.79941e-07
0390  8.24713e+18  1.53813e+03  1.05827e+06  2.23957e-19  0.00000e+00  0.00000e+00  5.77354e-07
0391  8.26554e+18  1.55162e+03  1.06276e+06  2.20025e-19  0.00000e+00  0.00000e+00  5.74784e-07
0392  8.28396e+18  1.56495e+03  1.06717e+06  2.16190e-19  0.00000e+00  0.00000e+00  5.72232e-07
0393  8.30237e+18  1.57810e+03  1.07153e+06  2.12450e-19  0.00000e+00  0.00000e+00  5.69696e-07
0394  8.32079e+18  1.59107e+03  1.07582e+06  2.08802e-19  0.00000e+00  0.00000e+00  5.67177e-07
0395  8.33920e+18  1.60388e+03  1.08006e+06  2.05245e-19  0.00000e+00  0.00000e+00  5.64675e-07
0396  8.35762e+18  1.61651e+03  1.08423e+06  2.01775e-19  0.00000e+00  0.00000e+00  5.62189e-07
0397  8.37603e+18  1.62896e+03  1.08836e+06  1.98391e-19  0.00000e+00  0.00000e+00  5.59720e-07
0398  8.39445e+18  1.64124e+03  1.09243e+06  1.95090e-19  0.00000e+00  0.00000e+00  5.57267e-07
0399  8.41287e+18  1.65335e+03  1.09645e+06  1.91870e-19  0.00000e+00  0.00000e+00  5.54830e-07
0400  8.43128e+18  1.66528e+03  1.10043e+06  1.88728e-19  0.00000e+00  0.00000e+00  5.52409e-07
0401  8.44970e+18  1.67703e+03  1.10436e+06  1.85662e-19  0.00000e+00  0.00000e+00  5.50003e-07
0402  8.46811e+18  1.68862e+03  1.10825e+06  1.82670e-19  0.00000e+00  0.00000e+00  5.47614e-07
0403  8.48653e+18  1.70002e+03  1.11209e+06  1.79750e-19  0.00000e+00  0.00000e+00  5.45240e-07
0404  8.50494e+18  1.71126e+03  1.11590e+06  1.76900e-19  0.00000e+00  0.00000e+00  5.42881e-07
0405  8.52336e+18  1.72233e+03  1.11967e+06  1.74118e-19  0.00000e+00  0.00000e+00  5.40538e-07
0406  8.54177e+18  1.73322e+03  1.12340e+06  1.71401e-19  0.00000e+00  0.00000e+00  5.38209e-07
0407  8.56019e+18  1.74395e+03  1.12710e+06  1.68748e-19  0.00000e+00  0.00000e+00  5.35896e-07
0408  8.57861e+18  1.75452e+03  1.13076e+06  1.66157e-19  0.00000e+00  0.00000e+00  5.33598e-07
0409  8.59702e+18  1.76492e+03  1.13439e+06  1.63626e-19  0.00000e+00  0.00000e+00  5.31314e-07
0410  8.61544e+18  1.77516e+03  1.13799e+06  1.61154e-19  0.00000e+00  0.00000e+00  5.29045e-07
0411  8.63385e+18  1.78525e+03  1.14156e+06  1.58737e-19  0.00000e+00  0.00000e+00  5.26791e-07
0412  8.65227e+18  1.79518e+03  1.14510e+06  1.56400e-19  0.00000e+00  0.00000e+00  5.24551e-07
0413  8.67068e+18  1.80496e+03  1.14861e+06  1.53875e-19  0.00000e+00  0.00000e+00  5.22325e-07
0414  8.68910e+18  1.81459e+03  1.15211e+06  1.51828e-19  0.00000e+00  0.00000e+00  5.20113e-07
0415  8.70751e+18  1.82408e+03  1.15559e+06  1.49818e-19  0.00000e+00  0.00000e+00  5.17916e-07
0416  8.72593e+18  1.83345e+03  1.15906e+06  1.47843e-19  0.00000e+00  0.00000e+00  5.15732e-07
0417  8.74435e+18  1.84269e+03  1.16252e+06  1.45903e-19  0.00000e+00  0.00000e+00  5.13562e-07
0418  8.76276e+18  1.85181e+03  1.16597e+06  1.43998e-19  0.00000e+00  0.00000e+00  5.11406e-07
0419  8.78118e+18  1.86079e+03  1.16941e+06  1.42127e-19  0.00000e+00  0.00000e+00  5.09263e-07
0420  8.79959e+18  1.86965e+03  1.17283e+06  1.40290e-19  0.00000e+00  0.00000e+00  5.07134e-07
0421  8.81801e+18  1.87838e+03  1.17625e+06  1.38485e-19  0.00000e+00  0.00000e+00  5.05018e-07
0422  8.83642e+18  1.88699e+03  1.17965e+06  1.36713e-19  0.00000e+00  0.00000e+00  5.02915e-07
0423  8.85484e+18  1.89547e+03  1.18304e+06  1.34972e-19  0.00000e+00  0.00000e+00  5.00825e-07
0424  8.87326e+18  1.90382e+03  1.18642e+06  1.33263e-19  0.00000e+00  0.00000e+00  4.98749e-07
0425  8.89167e+18  1.91205e+03  1.18979e+06  1.31584e-19  0.00000e+00  0.00000e+00  4.96685e-07
0426  8.91009e+18  1.92016e+03  1.19315e+06  1.29935e-19  0.00000e+00  0.00000e+00  4.94634e-07
0427  8.92850e+18  1.92814e+03  1.19650e+06  1.28316e-19  0.00000e+00  0.00000e+00  4.92595e-07
0428  8.94692e+18  1.93600e+03  1.19984e+06  1.26725e-19  0.00000e+00  0.00000e+00  4.90570e-07
0429  8.96533e+18  1.94373e+03  1.20317e+06  1.25163e-19  0.00000e+00  0.00000e+00  4.88556e-07
0430  8.98375e+18  1.95134e+03  1.20650e+06  1.23629e-19  0.00000e+00  0.00000e+00  4.86555e-07
0431  9.00216e+18  1.95882e+03  1.20981e+06  1.22122e-19  0.00000e+00  0.00000e+00  4.84567e-07
0432  9.02058e+18  1.96617e+03  1.21313e+06  1.20641e-19  0.00000e+00  0.00000e+00  4.82590e-07
0433  9.03900e+18  1.97340e+03  1.21644e+06  1.19187e-19  0.00000e+00  0.00000e+00  4.80626e-07
0434  9.05741e+18  1.98051e+03  1.21974e+06  1.17758e-19  0.00000e+00  0.00000e+00  4.78674e-07
0435  9.07583e+18  1.98750e+03  1.22304e+06  1.16354e-19  0.00000e+00  0.00000e+00  4.76733e-07
0436  9.09424e+18  1.99437e+03  1.22633e+06  1.14974e-19  0.00000e+00  0.00000e+00  4.74804e-07
0437  9.11266e+18  2.00113e+03  1.22962e+06  1.13618e-19  0.00000e+00  0.00000e+00  4.72887e-07
0438  9.13107e+18  2.00778e+03  1.23291e+06  1.12285e-19  0.00000e+00  0.00000e+00  4.70982e-07
0439  9.14949e+18  2.01432e+03  1.23619e+06  1.10975e-19  0.00000e+00  0.00000e+00  4.69088e-07
0440  9.16790e+18  2.02076e+03  1.23947e+06  1.09687e-19  0.00000e+00  0.00000e+00  4.67205e-07
0441  9.18632e+18  2.02708e+03  1.24274e+06  1.08421e-19  0.00000e+00  0.00000e+00  4.65334e-07
0442  9.20474e+18  2.03329e+03  1.24601e+06  1.07177e-19  0.00000e+00  0.00000e+00  4.63474e-07
0443  9.22315e+18  2.03940e+03  1.24929e+06  1.05953e-19  0.00000e+00  0.00000e+00  4.61625e-07
0444  9.24157e+18  2.04539e+03  1.25256e+06  1.04749e-19  0.00000e+00  0.00000e+00  4.59787e-07
0445  9.25998e+18  2.05127e+03  1.25584e+06  1.03566e-19  0.00000e+00  0.00000e+00  4.57960e-07
0446  9.27840e+18  2.05704e+03  1.25912e+06  1.02403e-19  0.00000e+00  0.00000e+00  4.56144e-07
0447  9.29681e+18  2.06269e+03  1.26241e+06  1.01259e-19  0.00000e+00  0.00000e+00  4.54338e-07
0448  9.31523e+18  2.06823e+03  1.26570e+06  1.00134e-19  0.00000e+00  0.00000e+00  4.52544e-07
0449  9.33364e+18  2.07366e+03  1.26899e+06  9.90275e-20  0.00000e+00  0.00000e+00  4.50760e-07
0450  9.35206e+18  2.07899e+03  1.27229e+06  9.79393e-20  0.00000e+00  0.00000e+00  4.48986e-07
0451  9.37048e+18  2.08420e+03  1.27559e+06  9.68690e-20  0.00000e+00  0.00000e+00  4.47223e-07
0452  9.38889e+18  2.08931e+03  1.27889e+06  9.58161e-20  0.00000e+00  0.00000e+00  4.45470e-07
0453  9.40731e+18  2.09431e+03  1.28220e+06  9.47805e-20  0.00000e+00  0.00000e+00  4.43728e-07
0454  9.42572e+18  2.09919e+03  1.28552e+06  9.37617e-20  0.00000e+00  0.00000e+00  4.41996e-07
0455  9.44414e+18  2.10397e+03  1.28884e+06  9.27596e-20  0.00000e+00  0.00000e+00  4.40274e-07
0456  9.46255e+18  2.10863e+03  1.29217e+06  9.17738e-20  0.00000e+00  0.00000e+00  4.38562e-07
0457  9.48097e+18  2.11319e+03  1.29550e+06  9.08039e-20  0.00000e+00  0.00000e+00  4.36860e-07
0458  9.49939e+18  2.11765e+03  1.29883e+06  8.98495e-20  0.00000e+00  0.00000e+00  4.35168e-07
0459  9.51780e+18  2.12201e+03  1.30216e+06  8.89101e-20  0.00000e+00  0.00000e+00  4.33485e-07
0460  9.53622e+18  2.12630e+03  1.30548e+06  8.79851e-20  0.00000e+00  0.00000e+00  4.31813e-07
0461  9.55463e+18  2.13052e+03  1.30879e+06  8.70741e-20  0.00000e+00  0.00000e+00  4.30150e-07
0462  9.57305e+18  2.13470e+03  1.31207e+06  8.61765e-20  0.00000e+00  0.00000e+00  4.28496e-07
0463  9.59146e+18  2.13882e+03  1.31533e+06  8.52919e-20  0.00000e+00  0.00000e+00  4.26853e-07
0464  9.60988e+18  2.14291e+03  1.31856e+06  8.44201e-20  0.00000e+00  0.00000e+00  4.25218e-07
0465  9.62829e+18  2.14696e+03  1.32176e+06  8.35609e-20  0.00000e+00  0.00000e+00  4.23593e-07
0466  9.64671e+18  2.15095e+03  1.32494e+06  8.27144e-20  0.00000e+00  0.00000e+00  4.21977e-07
0467  9.66513e+18  2.15487e+03  1.32810e+06  8.18809e-20  0.00000e+00  0.00000e+00  4.20371e-07
0468  9.68354e+18  2.15866e+03  1.33126e+06  8.10608e-20  0.00000e+00  0.00000e+00  4.18773e-07
0469  9.70196e+18  2.16229e+03  1.33445e+06  8.02550e-20  0.00000e+00  0.00000e+00  4.17185e-07
0470  9.72037e+18  2.16569e+03  1.33770e+06  7.94643e-20  0.00000e+00  0.00000e+00  4.15606e-07
0471  9.73879e+18  2.16892e+03  1.34099e+06  7.86443e-20  0.00000e+00  0.00000e+00  4.14036e-07
0472  9.75720e+18  2.17207e+03  1.34430e+06  7.78962e-20  0.00000e+00  0.00000e+00  4.12474e-07
0473  9.77562e+18  2.17509e+03  1.34764e+06  7.71658e-20  0.00000e+00  0.00000e+00  4.10922e-07
0474  9.79403e+18  2.17794e+03  1.35102e+06  7.64472e-20  0.00000e+00  0.00000e+00  4.09378e-07
0475  9.81245e+18  2.18060e+03  1.35444e+06  7.57407e-20  0.00000e+00  0.00000e+00  4.07843e-07
0476  9.83087e+18  2.18307e+03  1.35790e+06  7.50463e-20  0.00000e+00  0.00000e+00  4.06316e-07
0477  9.84928e+18  2.18538e+03  1.36136e+06  7.43633e-20  0.00000e+00  0.00000e+00  4.04798e-07
0478  9.86770e+18  2.18758e+03  1.36482e+06  7.36908e-20  0.00000e+00  0.00000e+00  4.03289e-07
0479  9.88611e+18  2.18972e+03  1.36823e+06  7.30279e-20  0.00000e+00  0.00000e+00  4.01788e-07
0480  9.90453e+18  2.19183e+03  1.37158e+06  7.23738e-20  0.00000e+00  0.00000e+00  4.00295e-07
0481  9.92294e+18  2.19394e+03  1.37487e+06  7.17282e-20  0.00000e+00  0.00000e+00  3.98810e-07
0482  9.94136e+18  2.19606e+03  1.37807e+06  7.10905e-20  0.00000e+00  0.00000e+00  3.97334e-07
0483  9.95977e+18  2.19819e+03  1.38120e+06  7.04608e-20  0.00000e+00  0.00000e+00  3.95866e-07
0484  9.97819e+18  2.20034e+03  1.38423e+06  6.98387e-20  0.00000e+00  0.00000e+00  3.94406e-07
0485  9.99661e+18  2.20258e+03  1.38715e+06  6.92231e-20  0.00000e+00  0.00000e+00  3.92955e-07
0486  1.00150e+19  2.20486e+03  1.38997e+06  6.86146e-20  0.00000e+00  0.00000e+00  3.91511e-07
0487  1.00334e+19  2.20713e+03  1.39272e+06  6.80143e-20  0.00000e+00  0.00000e+00  3.90075e-07
0488  1.00519e+19  2.20937e+03  1.39539e+06  6.74219e-20  0.00000e+00  0.00000e+00  3.88647e-07
0489  1.00703e+19  2.21160e+03  1.39798e+06  6.68371e-20  0.00000e+00  0.00000e+00  3.87227e-07
0490  1.00887e+19  2.21384e+03  1.40048e+06  6.62596e-20  0.00000e+00  0.00000e+00  3.85814e-07
0491  1.01071e+19  2.21611e+03  1.40290e+06  6.56889e-20  0.00000e+00  0.00000e+00  3.84410e-07
0492  1.01255e+19  2.21842e+03  1.40521e+06  6.51246e-20  0.00000e+00  0.00000e+00  3.83013e-07
0493  1.01439e+19  2.22078e+03  1.40743e+06  6.45666e-20  0.00000e+00  0.00000e+00  3.81623e-07
0494  1.01623e+19  2.22318e+03  1.40955e+06  6.40148e-20  0.00000e+00  0.00000e+00  3.80242e-07
0495  1.01808e+19  2.22562e+03  1.41159e+06  6.34691e-20  0.00000e+00  0.00000e+00  3.78867e-07
0496  1.01992e+19  2.22809e+03  1.41353e+06  6.29294e-20  0.00000e+00  0.00000e+00  3.77500e-07
0497  1.02176e+19  2.23060e+03  1.41540e+06  6.23957e-20  0.00000e+00  0.00000e+00  3.76141e-07
0498  1.02360e+19  2.23312e+03  1.41720e+06  6.18681e-20  0.00000e+00  0.00000e+00  3.74789e-07
0499  1.02544e+19  2.23565e+03  1.41893e+06  6.13464e-20  0.00000e+00  0.00000e+00  3.73444e-07
0500  1.02728e+19  2.23819e+03  1.42059e+06  6.08308e-20  0.00000e+00  0.00000e+00  3.72106e-07
0501  1.02913e+19  2.24073e+03  1.42221e+06  6.03210e-20  0.00000e+00  0.00000e+00  3.70775e-07
0502  1.03097e+19  2.24326e+03  1.42377e+06  5.98172e-20  0.00000e+00  0.00000e+00  3.69452e-07
0503  1.03281e+19  2.24579e+03  1.42529e+06  5.93191e-20  0.00000e+00  0.00000e+00  3.68136e-07
0504  1.03465e+19  2.24831e+03  1.42677e+06  5.88265e-20  0.00000e+00  0.00000e+00  3.66826e-07
0505  1.03649e+19  2.25083e+03  1.42821e+06  5.83395e-20  0.00000e+00  0.00000e+00  3.65524e-07
0506  1.03833e+19  2.25335e+03  1.42960e+06  5.78577e-20  0.00000e+00  0.00000e+00  3.64229e-07
0507  1.04017e+19  2.25586e+03  1.43096e+06  5.73811e-20  0.00000e+00  0.00000e+00  3.62940e-07
0508  1.04202e+19  2.25839e+03  1.43229e+06  5.69095e-20  0.00000e+00  0.00000e+00  3.61658e-07
0509  1.04386e+19  2.26092e+03  1.43358e+06  5.64429e-20  0.00000e+00  0.00000e+00  3.60383e-07
0510  1.04570e+19  2.26345e+03  1.43485e+06  5.59810e-20  0.00000e+00  0.00000e+00  3.59115e-07
0511  1.04754e+19  2.26600e+03  1.43608e+06  5.55237e-20  0.00000e+00  0.00000e+00  3.57854e-07
0512  1.04938e+19  2.26855e+03  1.43729e+06  5.50711e-20  0.00000e+00  0.00000e+00  3.56599e-07
0513  1.05122e+19  2.27111e+03  1.43848e+06  5.46230e-20  0.00000e+00  0.00000e+00  3.55350e-07
0514  1.05307e+19  2.27369e+03  1.43964e+06  5.41792e-20  0.00000e+00  0.00000e+00  3.54109e-07
0515  1.05491e+19  2.27627e+03  1.44077e+06  5.37399e-20  0.00000e+00  0.00000e+00  3.52873e-07
0516  1.05675e+19  2.27887e+03  1.44189e+06  5.33047e-20  0.00000e+00  0.00000e+00  3.51645e-07
0517  1.05859e+19  2.28148e+03  1.44298e+06  5.28738e-20  0.00000e+00  0.00000e+00  3.50422e-07
0518  1.06043e+19  2.28410e+03  1.44405e+06  5.24470e-20  0.00000e+00  0.00000e+00  3.49206e-07
0519  1.06227e+19  2.28673e+03  1.44510e+06  5.20244e-20  0.00000e+00  0.00000e+00  3.47996e-07
0520  1.06412e+19  2.28937e+03  1.44613e+06  5.16059e-20  0.00000e+00  0.00000e+00  3.46793e-07
0521  1.06596e+19  2.29201e+03  1.44714e+06  5.11914e-20  0.00000e+00  0.00000e+00  3.45596e-07
0522  1.06780e+19  2.29466e+03  1.44813e+06  5.07810e-20  0.00000e+00  0.00000e+00  3.44405e-07
0523  1.06964e+19  2.29732e+03  1.44910e+06  5.03746e-20  0.00000e+00  0.00000e+00  3.43220e-07
0524  1.07148e+19  2.29998e+03  1.45005e+06  4.99722e-20  0.00000e+00  0.00000e+00  3.42041e-07
0525  1.07332e+19  2.30264e+03  1.45098e+06  4.95738e-20  0.00000e+00  0.00000e+00  3.40868e-07
0526  1.07516e+19  2.30530e+03  1.45190e+06  4.91794e-20  0.00000e+00  0.00000e+00  3.39702e-07
0527  1.07701e+19  2.30796e+03  1.45279e+06  4.87890e-20  0.00000e+00  0.00000e+00  3.38541e-07
0528  1.07885e+19  2.31061e+03  1.45366e+06  4.84025e-20  0.00000e+00  0.00000e+00  3.37386e-07
0529  1.08069e+19  2.31326e+03  1.45451e+06  4.80200e-20  0.00000e+00  0.00000e+00  3.36237e-07
0530  1.08253e+19  2.31589e+03  1.45534e+06  4.76413e-20  0.00000e+00  0.00000e+00  3.35094e-07
0531  1.08437e+19  2.31852e+03  1.45615e+06  4.72666e-20  0.00000e+00  0.00000e+00  3.33957e-07
0532  1.08621e+19  2.32114e+03  1.45695e+06  4.68957e-20  0.00000e+00  0.00000e+00  3.32826e-07
0533  1.08806e+19  2.32374e+03  1.45772e+06  4.65286e-20  0.00000e+00  0.00000e+00  3.31700e-07
0534  1.08990e+19  2.32633e+03  1.45848e+06  4.61653e-20  0.00000e+00  0.00000e+00  3.30580e-07
0535  1.09174e+19  2.32890e+03  1.45922e+06  4.58058e-20  0.00000e+00  0.00000e+00  3.29466e-07
0536  1.09358e+19  2.33146e+03  1.45995e+06  4.54500e-20  0.00000e+00  0.00000e+00  3.28357e-07
0537  1.09542e+19  2.33399e+03  1.46066e+06  4.50980e-20  0.00000e+00  0.00000e+00  3.27254e-07
0538  1.09726e+19  2.33651e+03  1.46135e+06  4.47497e-20  0.00000e+00  0.00000e+00  3.26156e-07
0539  1.09910e+19  2.33901e+03  1.46202e+06  4.44051e-20  0.00000e+00  0.00000e+00  3.25064e-07
0540  1.10095e+19  2.34148e+03  1.46268e+06  4.40642e-20  0.00000e+00  0.00000e+00  3.23978e-07
0541  1.10279e+19  2.34392e+03  1.46331e+06  4.37269e-20  0.00000e+00  0.00000e+00  3.22897e-07
0542  1.10463e+19  2.34634e+03  1.46393e+06  4.33933e-20  0.00000e+00  0.00000e+00  3.21821e-07
0543  1.10647e+19  2.34873e+03  1.46453e+06  4.30633e-20  0.00000e+00  0.00000e+00  3.20751e-07
0544  1.10831e+19  2.35109e+03  1.46511e+06  4.27369e-20  0.00000e+00  0.00000e+00  3.19686e-07
0545  1.11015e+19  2.35341e+03  1.46568e+06  4.24140e-20  0.00000e+00  0.00000e+00  3.18626e-07
0546  1.11200e+19  2.35571e+03  1.46622e+06  4.20947e-20  0.00000e+00  0.00000e+00  3.17571e-07
0547  1.11384e+19  2.35798e+03  1.46674e+06  4.17788e-20  0.00000e+00  0.00000e+00  3.16522e-07
0548  1.11568e+19  2.36022e+03  1.46725e+06  4.14663e-20  0.00000e+00  0.00000e+00  3.15478e-07
0549  1.11752e+19  2.36244e+03  1.46774e+06  4.11572e-20  0.00000e+00  0.00000e+00  3.14439e-07
0550  1.11936e+19  2.36462e+03  1.46821e+06  4.08514e-20  0.00000e+00  0.00000e+00  3.13405e-07
0551  1.12120e+19  2.36678e+03  1.46867e+06  4.05487e-20  0.00000e+00  0.00000e+00  3.12377e-07
0552  1.12305e+19  2.36886e+03  1.46910e+06  4.02501e-20  0.00000e+00  0.00000e+00  3.11353e-07
0553  1.12489e+19  2.37120e+03  1.46954e+06  3.99504e-20  0.00000e+00  0.00000e+00  3.10335e-07
0554  1.12673e+19  2.37235e+03  1.46991e+06  3.96706e-20  0.00000e+00  0.00000e+00  3.09321e-07
0555  1.12857e+19  2.38002e+03  1.47052e+06  3.93002e-20  0.00000e+00  0.00000e+00  3.08312e-07
