# Athena++ data at time=1.037000e+13  cycle=694895396  variables=uov 
# i       x1v         user_out_var0          user_out_var1          user_out_var2          user_out_var3          user_out_var4          user_out_var5      
0002  1.13875e+18  4.91745e+00  3.03478e+04  5.59999e-16  0.00000e+00  0.00000e+00  3.02826e-05
0003  1.15716e+18  1.03218e+01  4.00224e+04  8.70682e-17  0.00000e+00  0.00000e+00  2.93264e-05
0004  1.17558e+18  1.54636e+01  4.91676e+04  4.30157e-17  0.00000e+00  0.00000e+00  2.84148e-05
0005  1.19399e+18  2.23004e+01  6.13414e+04  6.27746e-17  0.00000e+00  0.00000e+00  2.75451e-05
0006  1.21241e+18  3.29235e+01  8.15990e+04  1.03476e-16  0.00000e+00  0.00000e+00  2.67147e-05
0007  1.23082e+18  5.31276e+01  1.23384e+05  1.29047e-16  0.00000e+00  0.00000e+00  2.59213e-05
0008  1.24924e+18  6.27572e+01  1.36872e+05  2.81811e-17  0.00000e+00  0.00000e+00  2.51628e-05
0009  1.26765e+18  6.77536e+01  1.43373e+05  2.26097e-17  0.00000e+00  0.00000e+00  2.44370e-05
0010  1.28607e+18  7.21109e+01  1.48194e+05  2.04176e-17  0.00000e+00  0.00000e+00  2.37422e-05
0011  1.30448e+18  7.54136e+01  1.50867e+05  1.48588e-17  0.00000e+00  0.00000e+00  2.30766e-05
0012  1.32290e+18  7.84609e+01  1.53364e+05  1.49510e-17  0.00000e+00  0.00000e+00  2.24386e-05
0013  1.34131e+18  8.15902e+01  1.55963e+05  1.49570e-17  0.00000e+00  0.00000e+00  2.18267e-05
0014  1.35973e+18  8.47006e+01  1.58586e+05  1.40253e-17  0.00000e+00  0.00000e+00  2.12395e-05
0015  1.37814e+18  8.75322e+01  1.60745e+05  1.22513e-17  0.00000e+00  0.00000e+00  2.06757e-05
0016  1.39656e+18  9.02153e+01  1.62802e+05  1.17374e-17  0.00000e+00  0.00000e+00  2.01340e-05
0017  1.41497e+18  9.28812e+01  1.64893e+05  1.14586e-17  0.00000e+00  0.00000e+00  1.96134e-05
0018  1.43339e+18  9.54909e+01  1.66991e+05  1.02843e-17  0.00000e+00  0.00000e+00  1.91126e-05
0019  1.45180e+18  9.74410e+01  1.67935e+05 -7.75499e-19  0.00000e+00  0.00000e+00  1.86309e-05
0020  1.47022e+18  9.97017e+01  1.69825e+05  1.02703e-17  0.00000e+00  0.00000e+00  1.81671e-05
0021  1.48863e+18  1.02341e+02  1.72116e+05  4.67368e-17  0.00000e+00  0.00000e+00  1.77204e-05
0022  1.50705e+18  1.04374e+02  1.73445e+05  7.54716e-18  0.00000e+00  0.00000e+00  1.72900e-05
0023  1.52546e+18  1.06316e+02  1.75006e+05  8.08459e-18  0.00000e+00  0.00000e+00  1.68750e-05
0024  1.54388e+18  1.08433e+02  1.76771e+05  8.32895e-18  0.00000e+00  0.00000e+00  1.64749e-05
0027  1.56229e+18  1.10560e+02  1.78616e+05  8.09566e-18  0.00000e+00  0.00000e+00  1.60888e-05
0028  1.58071e+18  1.12660e+02  1.80511e+05  7.90188e-18  0.00000e+00  0.00000e+00  1.57161e-05
0029  1.59912e+18  1.14756e+02  1.82480e+05  7.80400e-18  0.00000e+00  0.00000e+00  1.53562e-05
0030  1.61754e+18  1.16871e+02  1.84551e+05  7.77269e-18  0.00000e+00  0.00000e+00  1.50085e-05
0031  1.63595e+18  1.19028e+02  1.86756e+05  7.80384e-18  0.00000e+00  0.00000e+00  1.46726e-05
0032  1.65437e+18  1.21248e+02  1.89129e+05  7.85278e-18  0.00000e+00  0.00000e+00  1.43477e-05
0033  1.67278e+18  1.23486e+02  1.91614e+05  7.56221e-18  0.00000e+00  0.00000e+00  1.40336e-05
0034  1.69120e+18  1.25423e+02  1.93733e+05  6.49697e-18  0.00000e+00  0.00000e+00  1.37296e-05
0035  1.70961e+18  1.26978e+02  1.95486e+05  5.64841e-18  0.00000e+00  0.00000e+00  1.34354e-05
0036  1.72803e+18  1.28256e+02  1.96962e+05  5.18952e-18  0.00000e+00  0.00000e+00  1.31506e-05
0037  1.74644e+18  1.29517e+02  1.98537e+05  5.35203e-18  0.00000e+00  0.00000e+00  1.28747e-05
0038  1.76486e+18  1.30907e+02  2.00318e+05  5.59794e-18  0.00000e+00  0.00000e+00  1.26074e-05
0039  1.78328e+18  1.32410e+02  2.02296e+05  5.73516e-18  0.00000e+00  0.00000e+00  1.23484e-05
0040  1.80169e+18  1.33987e+02  2.04432e+05  5.79517e-18  0.00000e+00  0.00000e+00  1.20973e-05
0041  1.82011e+18  1.35624e+02  2.06720e+05  5.83722e-18  0.00000e+00  0.00000e+00  1.18537e-05
0042  1.83852e+18  1.37314e+02  2.09156e+05  5.83474e-18  0.00000e+00  0.00000e+00  1.16174e-05
0043  1.85694e+18  1.39273e+02  2.12081e+05  5.96995e-18  0.00000e+00  0.00000e+00  1.13882e-05
0044  1.87535e+18  1.41654e+02  2.15966e+05  7.31912e-18  0.00000e+00  0.00000e+00  1.11656e-05
0045  1.89377e+18  1.41285e+02  2.15398e+05  4.05431e-18  0.00000e+00  0.00000e+00  1.09495e-05
0046  1.91218e+18  1.39849e+02  2.13035e+05  1.92677e-18  0.00000e+00  0.00000e+00  1.07396e-05
0047  1.93060e+18  1.40861e+02  2.14726e+05  1.45540e-18  0.00000e+00  0.00000e+00  1.05357e-05
0048  1.94901e+18  1.52890e+02  2.34287e+05  9.63883e-18  0.00000e+00  0.00000e+00  1.03376e-05
0049  1.96743e+18  1.62581e+02  2.49871e+05  1.71521e-17  0.00000e+00  0.00000e+00  1.01449e-05
0050  1.98584e+18  1.56554e+02  2.40283e+05  5.78236e-18  0.00000e+00  0.00000e+00  9.95766e-06
0051  2.00426e+18  1.39531e+02  2.12717e+05 -5.30156e-18  0.00000e+00  0.00000e+00  9.77552e-06
0052  2.02267e+18  1.31615e+02  2.01455e+05 -7.20758e-18  0.00000e+00  0.00000e+00  9.59833e-06
0053  2.04109e+18  1.42889e+02  2.18416e+05 -3.64255e-18  0.00000e+00  0.00000e+00  9.42591e-06
0054  2.05951e+18  1.62933e+02  2.51233e+05  3.30228e-18  0.00000e+00  0.00000e+00  9.25810e-06
0055  2.07792e+18  1.46506e+02  2.25251e+05 -6.97814e-18  0.00000e+00  0.00000e+00  9.09473e-06
0056  2.09634e+18  1.24277e+02  1.92641e+05 -6.93959e-18  0.00000e+00  0.00000e+00  8.93564e-06
0057  2.11475e+18  1.21013e+02  1.88869e+05  3.16794e-18  0.00000e+00  0.00000e+00  8.78070e-06
0058  2.13317e+18  1.20387e+02  1.88141e+05  6.16603e-18  0.00000e+00  0.00000e+00  8.62975e-06
0059  2.15158e+18  1.20774e+02  1.88569e+05  5.27120e-18  0.00000e+00  0.00000e+00  8.48265e-06
0060  2.17000e+18  1.21429e+02  1.89301e+05  4.08814e-18  0.00000e+00  0.00000e+00  8.33929e-06
0061  2.18841e+18  1.22180e+02  1.90144e+05  3.38559e-18  0.00000e+00  0.00000e+00  8.19953e-06
0062  2.20683e+18  1.22968e+02  1.91040e+05  2.89627e-18  0.00000e+00  0.00000e+00  8.06326e-06
0063  2.22524e+18  1.23622e+02  1.91760e+05  2.45580e-18  0.00000e+00  0.00000e+00  7.93035e-06
0064  2.24366e+18  1.23979e+02  1.92148e+05  2.21473e-18  0.00000e+00  0.00000e+00  7.80071e-06
0065  2.26207e+18  1.24113e+02  1.92295e+05  2.05436e-18  0.00000e+00  0.00000e+00  7.67421e-06
0066  2.28049e+18  1.24297e+02  1.92500e+05  1.79313e-18  0.00000e+00  0.00000e+00  7.55077e-06
0067  2.29891e+18  1.24763e+02  1.93014e+05  1.56179e-18  0.00000e+00  0.00000e+00  7.43029e-06
0068  2.31732e+18  1.25492e+02  1.93818e+05  1.52315e-18  0.00000e+00  0.00000e+00  7.31266e-06
0069  2.33574e+18  1.26468e+02  1.94907e+05  1.66022e-18  0.00000e+00  0.00000e+00  7.19781e-06
0070  2.35415e+18  1.27593e+02  1.96184e+05  1.83630e-18  0.00000e+00  0.00000e+00  7.08564e-06
0071  2.37257e+18  1.28589e+02  1.97355e+05  1.96242e-18  0.00000e+00  0.00000e+00  6.97607e-06
0072  2.39098e+18  1.29114e+02  1.98009e+05  2.03896e-18  0.00000e+00  0.00000e+00  6.86902e-06
0073  2.40940e+18  1.28935e+02  1.97786e+05  1.89451e-18  0.00000e+00  0.00000e+00  6.76442e-06
0074  2.42781e+18  1.28171e+02  1.96851e+05  1.67677e-18  0.00000e+00  0.00000e+00  6.66219e-06
0075  2.44623e+18  1.27141e+02  1.95660e+05  1.73348e-18  0.00000e+00  0.00000e+00  6.56226e-06
0076  2.46464e+18  1.26122e+02  1.94497e+05  1.91587e-18  0.00000e+00  0.00000e+00  6.46456e-06
0077  2.48306e+18  1.25353e+02  1.93627e+05  2.22414e-18  0.00000e+00  0.00000e+00  6.36903e-06
0078  2.50147e+18  1.25002e+02  1.93214e+05  2.85211e-18  0.00000e+00  0.00000e+00  6.27560e-06
0079  2.51989e+18  1.24435e+02  1.92633e+05  1.67717e-18  0.00000e+00  0.00000e+00  6.18421e-06
0080  2.53831e+18  1.25977e+02  1.94395e+05  1.38191e-19  0.00000e+00  0.00000e+00  6.09480e-06
0081  2.55672e+18  1.67226e+02  2.59576e+05  9.53173e-18  0.00000e+00  0.00000e+00  6.00732e-06
0082  2.57514e+18  3.20283e+02  4.96373e+05  1.06822e-16  0.00000e+00  0.00000e+00  5.92171e-06
0083  2.59355e+18  5.10683e+02  7.40575e+05  4.99957e-17  0.00000e+00  0.00000e+00  5.83791e-06
0084  2.61197e+18  6.40722e+02  9.15449e+05  3.04767e-17  0.00000e+00  0.00000e+00  5.75588e-06
0085  2.63038e+18  7.31037e+02  1.03911e+06  2.37072e-17  0.00000e+00  0.00000e+00  5.67557e-06
0086  2.64880e+18  8.00840e+02  1.13544e+06  2.01455e-17  0.00000e+00  0.00000e+00  5.59693e-06
0087  2.66721e+18  8.59333e+02  1.21780e+06  1.79415e-17  0.00000e+00  0.00000e+00  5.51991e-06
0088  2.68563e+18  9.10059e+02  1.29055e+06  1.62161e-17  0.00000e+00  0.00000e+00  5.44447e-06
0089  2.70404e+18  9.56096e+02  1.35829e+06  1.52767e-17  0.00000e+00  0.00000e+00  5.37056e-06
0090  2.72246e+18  9.99402e+02  1.42292e+06  1.45640e-17  0.00000e+00  0.00000e+00  5.29815e-06
0091  2.74088e+18  1.04040e+03  1.48523e+06  1.38857e-17  0.00000e+00  0.00000e+00  5.22720e-06
0092  2.75929e+18  1.07942e+03  1.54549e+06  1.33065e-17  0.00000e+00  0.00000e+00  5.15766e-06
0093  2.77771e+18  1.11681e+03  1.60403e+06  1.27983e-17  0.00000e+00  0.00000e+00  5.08950e-06
0094  2.79612e+18  1.15283e+03  1.66118e+06  1.23326e-17  0.00000e+00  0.00000e+00  5.02268e-06
0095  2.81454e+18  1.18749e+03  1.71709e+06  1.18649e-17  0.00000e+00  0.00000e+00  4.95717e-06
0096  2.83295e+18  1.22068e+03  1.77179e+06  1.14027e-17  0.00000e+00  0.00000e+00  4.89293e-06
0097  2.85137e+18  1.25238e+03  1.82536e+06  1.09549e-17  0.00000e+00  0.00000e+00  4.82993e-06
0098  2.86978e+18  1.28299e+03  1.87860e+06  1.06624e-17  0.00000e+00  0.00000e+00  4.76814e-06
0099  2.88820e+18  1.31265e+03  1.93137e+06  1.03246e-17  0.00000e+00  0.00000e+00  4.70753e-06
0100  2.90661e+18  1.34131e+03  1.98374e+06  9.98413e-18  0.00000e+00  0.00000e+00  4.64807e-06
0101  2.92503e+18  1.36900e+03  2.03574e+06  9.64545e-18  0.00000e+00  0.00000e+00  4.58973e-06
0102  2.94345e+18  1.39575e+03  2.08741e+06  9.31171e-18  0.00000e+00  0.00000e+00  4.53248e-06
0103  2.96186e+18  1.42155e+03  2.13877e+06  8.98518e-18  0.00000e+00  0.00000e+00  4.47629e-06
0104  2.98028e+18  1.44645e+03  2.18982e+06  8.66691e-18  0.00000e+00  0.00000e+00  4.42114e-06
0105  2.99869e+18  1.47047e+03  2.24051e+06  8.35813e-18  0.00000e+00  0.00000e+00  4.36701e-06
0106  3.01711e+18  1.49361e+03  2.29076e+06  8.06020e-18  0.00000e+00  0.00000e+00  4.31386e-06
0107  3.03552e+18  1.51591e+03  2.34052e+06  7.78204e-18  0.00000e+00  0.00000e+00  4.26168e-06
0108  3.05394e+18  1.53735e+03  2.38969e+06  7.51664e-18  0.00000e+00  0.00000e+00  4.21044e-06
0109  3.07235e+18  1.55786e+03  2.43818e+06  7.26123e-18  0.00000e+00  0.00000e+00  4.16011e-06
0110  3.09077e+18  1.57735e+03  2.48590e+06  7.01597e-18  0.00000e+00  0.00000e+00  4.11069e-06
0111  3.10918e+18  1.59576e+03  2.53281e+06  6.78082e-18  0.00000e+00  0.00000e+00  4.06214e-06
0112  3.12760e+18  1.61302e+03  2.57884e+06  6.55656e-18  0.00000e+00  0.00000e+00  4.01444e-06
0113  3.14602e+18  1.62906e+03  2.62392e+06  6.33517e-18  0.00000e+00  0.00000e+00  3.96758e-06
0114  3.16443e+18  1.64388e+03  2.66804e+06  6.12413e-18  0.00000e+00  0.00000e+00  3.92154e-06
0115  3.18285e+18  1.65753e+03  2.71123e+06  5.92298e-18  0.00000e+00  0.00000e+00  3.87629e-06
0116  3.20126e+18  1.67007e+03  2.75354e+06  5.73116e-18  0.00000e+00  0.00000e+00  3.83182e-06
0117  3.21968e+18  1.68161e+03  2.79504e+06  5.54812e-18  0.00000e+00  0.00000e+00  3.78811e-06
0118  3.23809e+18  1.69224e+03  2.83585e+06  5.37325e-18  0.00000e+00  0.00000e+00  3.74515e-06
0119  3.25651e+18  1.70210e+03  2.87608e+06  5.20597e-18  0.00000e+00  0.00000e+00  3.70291e-06
0120  3.27492e+18  1.71131e+03  2.91587e+06  5.04572e-18  0.00000e+00  0.00000e+00  3.66138e-06
0121  3.29334e+18  1.72001e+03  2.95537e+06  4.89195e-18  0.00000e+00  0.00000e+00  3.62055e-06
0122  3.31176e+18  1.72833e+03  2.99470e+06  4.74367e-18  0.00000e+00  0.00000e+00  3.58040e-06
0123  3.33017e+18  1.73638e+03  3.03403e+06  4.60036e-18  0.00000e+00  0.00000e+00  3.54091e-06
0124  3.34859e+18  1.74429e+03  3.07349e+06  4.46226e-18  0.00000e+00  0.00000e+00  3.50207e-06
0125  3.36700e+18  1.75213e+03  3.11324e+06  4.32899e-18  0.00000e+00  0.00000e+00  3.46386e-06
0126  3.38542e+18  1.75997e+03  3.15345e+06  4.20019e-18  0.00000e+00  0.00000e+00  3.42628e-06
0127  3.40383e+18  1.76787e+03  3.19424e+06  4.07559e-18  0.00000e+00  0.00000e+00  3.38931e-06
0128  3.42225e+18  1.77585e+03  3.23576e+06  3.95458e-18  0.00000e+00  0.00000e+00  3.35293e-06
0129  3.44066e+18  1.78393e+03  3.27807e+06  3.83640e-18  0.00000e+00  0.00000e+00  3.31713e-06
0130  3.45908e+18  1.79209e+03  3.32117e+06  3.72195e-18  0.00000e+00  0.00000e+00  3.28191e-06
0131  3.47749e+18  1.80035e+03  3.36514e+06  3.61104e-18  0.00000e+00  0.00000e+00  3.24724e-06
0132  3.49591e+18  1.80882e+03  3.41024e+06  3.49423e-18  0.00000e+00  0.00000e+00  3.21312e-06
0133  3.51433e+18  1.81691e+03  3.45534e+06  3.39652e-18  0.00000e+00  0.00000e+00  3.17953e-06
0134  3.53274e+18  1.82375e+03  3.49848e+06  3.30292e-18  0.00000e+00  0.00000e+00  3.14647e-06
0135  3.55116e+18  1.83414e+03  3.54906e+06  3.20944e-18  0.00000e+00  0.00000e+00  3.11392e-06
0136  3.56957e+18  1.85760e+03  3.62649e+06  3.10837e-18  0.00000e+00  0.00000e+00  3.08188e-06
0137  3.58799e+18  1.85878e+03  3.66097e+06  3.02759e-18  0.00000e+00  0.00000e+00  3.05032e-06
0138  3.60640e+18  1.82025e+03  3.61459e+06  2.97782e-18  0.00000e+00  0.00000e+00  3.01925e-06
0139  3.62482e+18  1.56589e+03  3.13709e+06  3.18487e-18  0.00000e+00  0.00000e+00  2.98865e-06
0140  3.64323e+18  6.86812e+02  1.39210e+06  1.84381e-19  0.00000e+00  0.00000e+00  2.95851e-06
0141  3.66165e+18  1.56080e+02  2.73040e+05 -5.55738e-17  0.00000e+00  0.00000e+00  2.92883e-06
0142  3.68007e+18  8.08667e+01  1.57032e+05 -4.67194e-17  0.00000e+00  0.00000e+00  2.89959e-06
0143  3.69848e+18  7.92500e+01  1.54127e+05 -3.02168e-18  0.00000e+00  0.00000e+00  2.87079e-06
0144  3.71690e+18  8.08345e+01  1.55261e+05  2.17631e-18  0.00000e+00  0.00000e+00  2.84241e-06
0145  3.73531e+18  8.43714e+01  1.58230e+05  2.05119e-18  0.00000e+00  0.00000e+00  2.81445e-06
0146  3.75373e+18  8.83963e+01  1.61352e+05  1.23363e-18  0.00000e+00  0.00000e+00  2.78690e-06
0147  3.77214e+18  9.24558e+01  1.64513e+05  9.66267e-19  0.00000e+00  0.00000e+00  2.75976e-06
0148  3.79056e+18  9.66473e+01  1.67816e+05  1.95380e-18  0.00000e+00  0.00000e+00  2.73301e-06
0149  3.80897e+18  1.01191e+02  1.71109e+05  6.06758e-19  0.00000e+00  0.00000e+00  2.70665e-06
0150  3.82739e+18  1.06396e+02  1.74981e+05  1.06780e-18  0.00000e+00  0.00000e+00  2.68066e-06
0151  3.84581e+18  1.13069e+02  1.80710e+05  1.56769e-18  0.00000e+00  0.00000e+00  2.65505e-06
0152  3.86422e+18  1.24638e+02  1.92330e+05  2.91512e-18  0.00000e+00  0.00000e+00  2.62981e-06
0153  3.88264e+18  1.53058e+02  2.32394e+05  4.55352e-18  0.00000e+00  0.00000e+00  2.60492e-06
0154  3.90105e+18  2.24702e+02  3.32258e+05  2.74572e-17  0.00000e+00  0.00000e+00  2.58038e-06
0155  3.91947e+18  3.41985e+02  4.66201e+05  2.46880e-17  0.00000e+00  0.00000e+00  2.55619e-06
0156  3.93788e+18  4.57766e+02  5.89168e+05  1.58733e-17  0.00000e+00  0.00000e+00  2.53234e-06
0157  3.95630e+18  5.49625e+02  6.82756e+05  1.15470e-17  0.00000e+00  0.00000e+00  2.50882e-06
0158  3.97471e+18  6.21026e+02  7.51261e+05  9.25273e-18  0.00000e+00  0.00000e+00  2.48563e-06
0159  3.99313e+18  6.79324e+02  8.04164e+05  7.90269e-18  0.00000e+00  0.00000e+00  2.46275e-06
0160  4.01155e+18  7.29831e+02  8.47651e+05  7.04573e-18  0.00000e+00  0.00000e+00  2.44019e-06
0161  4.02996e+18  7.75210e+02  8.85030e+05  6.37516e-18  0.00000e+00  0.00000e+00  2.41794e-06
0162  4.04838e+18  8.17016e+02  9.18329e+05  5.85372e-18  0.00000e+00  0.00000e+00  2.39599e-06
0163  4.06679e+18  8.56163e+02  9.48623e+05  5.41504e-18  0.00000e+00  0.00000e+00  2.37434e-06
0164  4.08521e+18  8.93078e+02  9.76504e+05  5.02696e-18  0.00000e+00  0.00000e+00  2.35299e-06
0165  4.10362e+18  9.28276e+02  1.00260e+06  4.71634e-18  0.00000e+00  0.00000e+00  2.33191e-06
0166  4.12204e+18  9.62496e+02  1.02760e+06  4.51097e-18  0.00000e+00  0.00000e+00  2.31113e-06
0167  4.14045e+18  9.95900e+02  1.05149e+06  4.28665e-18  0.00000e+00  0.00000e+00  2.29061e-06
0168  4.15887e+18  1.02843e+03  1.07439e+06  4.07835e-18  0.00000e+00  0.00000e+00  2.27037e-06
0169  4.17728e+18  1.06017e+03  1.09643e+06  3.89575e-18  0.00000e+00  0.00000e+00  2.25040e-06
0170  4.19570e+18  1.09120e+03  1.11767e+06  3.72705e-18  0.00000e+00  0.00000e+00  2.23069e-06
0171  4.21412e+18  1.12152e+03  1.13815e+06  3.56829e-18  0.00000e+00  0.00000e+00  2.21123e-06
0172  4.23253e+18  1.15114e+03  1.15793e+06  3.42329e-18  0.00000e+00  0.00000e+00  2.19203e-06
0173  4.25095e+18  1.18010e+03  1.17703e+06  3.28737e-18  0.00000e+00  0.00000e+00  2.17308e-06
0174  4.26936e+18  1.20838e+03  1.19549e+06  3.15903e-18  0.00000e+00  0.00000e+00  2.15438e-06
0175  4.28778e+18  1.23596e+03  1.21331e+06  3.03790e-18  0.00000e+00  0.00000e+00  2.13591e-06
0176  4.30619e+18  1.26295e+03  1.23059e+06  2.93505e-18  0.00000e+00  0.00000e+00  2.11768e-06
0177  4.32461e+18  1.28947e+03  1.24738e+06  2.84310e-18  0.00000e+00  0.00000e+00  2.09968e-06
0178  4.34302e+18  1.31555e+03  1.26368e+06  2.75422e-18  0.00000e+00  0.00000e+00  2.08191e-06
0179  4.36144e+18  1.34115e+03  1.27952e+06  2.66845e-18  0.00000e+00  0.00000e+00  2.06437e-06
0180  4.37986e+18  1.36628e+03  1.29490e+06  2.58580e-18  0.00000e+00  0.00000e+00  2.04705e-06
0181  4.39827e+18  1.39091e+03  1.30984e+06  2.50626e-18  0.00000e+00  0.00000e+00  2.02994e-06
0182  4.41669e+18  1.41504e+03  1.32436e+06  2.42976e-18  0.00000e+00  0.00000e+00  2.01305e-06
0183  4.43510e+18  1.43865e+03  1.33847e+06  2.35626e-18  0.00000e+00  0.00000e+00  1.99637e-06
0184  4.45352e+18  1.46179e+03  1.35221e+06  2.28801e-18  0.00000e+00  0.00000e+00  1.97989e-06
0185  4.47193e+18  1.48447e+03  1.36562e+06  2.22364e-18  0.00000e+00  0.00000e+00  1.96362e-06
0186  4.49035e+18  1.50672e+03  1.37871e+06  2.16232e-18  0.00000e+00  0.00000e+00  1.94754e-06
0187  4.50876e+18  1.52857e+03  1.39151e+06  2.10466e-18  0.00000e+00  0.00000e+00  1.93167e-06
0188  4.52718e+18  1.55002e+03  1.40403e+06  2.04872e-18  0.00000e+00  0.00000e+00  1.91598e-06
0189  4.54560e+18  1.57107e+03  1.41629e+06  1.99450e-18  0.00000e+00  0.00000e+00  1.90049e-06
0190  4.56401e+18  1.59173e+03  1.42828e+06  1.94199e-18  0.00000e+00  0.00000e+00  1.88519e-06
0191  4.58243e+18  1.61199e+03  1.44004e+06  1.89116e-18  0.00000e+00  0.00000e+00  1.87006e-06
0192  4.60084e+18  1.63184e+03  1.45155e+06  1.84197e-18  0.00000e+00  0.00000e+00  1.85512e-06
0193  4.61926e+18  1.65129e+03  1.46284e+06  1.79441e-18  0.00000e+00  0.00000e+00  1.84036e-06
0194  4.63767e+18  1.67033e+03  1.47391e+06  1.74842e-18  0.00000e+00  0.00000e+00  1.82577e-06
0195  4.65609e+18  1.68894e+03  1.48478e+06  1.70397e-18  0.00000e+00  0.00000e+00  1.81136e-06
0196  4.67450e+18  1.70714e+03  1.49545e+06  1.66102e-18  0.00000e+00  0.00000e+00  1.79712e-06
0197  4.69292e+18  1.72490e+03  1.50595e+06  1.61953e-18  0.00000e+00  0.00000e+00  1.78304e-06
0198  4.71134e+18  1.74223e+03  1.51627e+06  1.57944e-18  0.00000e+00  0.00000e+00  1.76913e-06
0199  4.72975e+18  1.75913e+03  1.52644e+06  1.54071e-18  0.00000e+00  0.00000e+00  1.75538e-06
0200  4.74817e+18  1.77559e+03  1.53645e+06  1.50330e-18  0.00000e+00  0.00000e+00  1.74179e-06
0201  4.76658e+18  1.79163e+03  1.54633e+06  1.46716e-18  0.00000e+00  0.00000e+00  1.72836e-06
0202  4.78500e+18  1.80722e+03  1.55605e+06  1.42978e-18  0.00000e+00  0.00000e+00  1.71508e-06
0203  4.80341e+18  1.82241e+03  1.56566e+06  1.39914e-18  0.00000e+00  0.00000e+00  1.70195e-06
0204  4.82183e+18  1.83726e+03  1.57515e+06  1.36949e-18  0.00000e+00  0.00000e+00  1.68898e-06
0205  4.84024e+18  1.85181e+03  1.58454e+06  1.34087e-18  0.00000e+00  0.00000e+00  1.67615e-06
0206  4.85866e+18  1.86605e+03  1.59383e+06  1.31299e-18  0.00000e+00  0.00000e+00  1.66347e-06
0207  4.87708e+18  1.87998e+03  1.60303e+06  1.28582e-18  0.00000e+00  0.00000e+00  1.65093e-06
0208  4.89549e+18  1.89359e+03  1.61214e+06  1.25936e-18  0.00000e+00  0.00000e+00  1.63853e-06
0209  4.91391e+18  1.90688e+03  1.62118e+06  1.23359e-18  0.00000e+00  0.00000e+00  1.62627e-06
0210  4.93232e+18  1.91984e+03  1.63015e+06  1.20850e-18  0.00000e+00  0.00000e+00  1.61415e-06
0211  4.95074e+18  1.93247e+03  1.63906e+06  1.18408e-18  0.00000e+00  0.00000e+00  1.60217e-06
0212  4.96915e+18  1.94476e+03  1.64791e+06  1.16031e-18  0.00000e+00  0.00000e+00  1.59031e-06
0213  4.98757e+18  1.95672e+03  1.65670e+06  1.13718e-18  0.00000e+00  0.00000e+00  1.57859e-06
0214  5.00598e+18  1.96834e+03  1.66544e+06  1.11467e-18  0.00000e+00  0.00000e+00  1.56700e-06
0215  5.02440e+18  1.97964e+03  1.67412e+06  1.09276e-18  0.00000e+00  0.00000e+00  1.55553e-06
0216  5.04282e+18  1.99063e+03  1.68275e+06  1.07144e-18  0.00000e+00  0.00000e+00  1.54419e-06
0217  5.06123e+18  2.00131e+03  1.69131e+06  1.05069e-18  0.00000e+00  0.00000e+00  1.53298e-06
0218  5.07965e+18  2.01169e+03  1.69980e+06  1.03050e-18  0.00000e+00  0.00000e+00  1.52188e-06
0219  5.09806e+18  2.02176e+03  1.70824e+06  1.01084e-18  0.00000e+00  0.00000e+00  1.51091e-06
0220  5.11648e+18  2.03154e+03  1.71663e+06  9.91704e-19  0.00000e+00  0.00000e+00  1.50005e-06
0221  5.13489e+18  2.04100e+03  1.72497e+06  9.73079e-19  0.00000e+00  0.00000e+00  1.48931e-06
0222  5.15331e+18  2.05015e+03  1.73326e+06  9.54951e-19  0.00000e+00  0.00000e+00  1.47868e-06
0223  5.17172e+18  2.05899e+03  1.74152e+06  9.37305e-19  0.00000e+00  0.00000e+00  1.46817e-06
0224  5.19014e+18  2.06751e+03  1.74975e+06  9.20127e-19  0.00000e+00  0.00000e+00  1.45777e-06
0225  5.20856e+18  2.07572e+03  1.75796e+06  9.03404e-19  0.00000e+00  0.00000e+00  1.44748e-06
0226  5.22697e+18  2.08362e+03  1.76612e+06  8.87121e-19  0.00000e+00  0.00000e+00  1.43730e-06
0227  5.24539e+18  2.09124e+03  1.77426e+06  8.71262e-19  0.00000e+00  0.00000e+00  1.42723e-06
0228  5.26380e+18  2.09857e+03  1.78236e+06  8.55812e-19  0.00000e+00  0.00000e+00  1.41726e-06
0229  5.28222e+18  2.10564e+03  1.79041e+06  8.40758e-19  0.00000e+00  0.00000e+00  1.40739e-06
0230  5.30063e+18  2.11245e+03  1.79842e+06  8.26087e-19  0.00000e+00  0.00000e+00  1.39763e-06
0231  5.31905e+18  2.11901e+03  1.80639e+06  8.11788e-19  0.00000e+00  0.00000e+00  1.38797e-06
0232  5.33746e+18  2.12531e+03  1.81432e+06  7.97849e-19  0.00000e+00  0.00000e+00  1.37841e-06
0233  5.35588e+18  2.13134e+03  1.82222e+06  7.84262e-19  0.00000e+00  0.00000e+00  1.36894e-06
0234  5.37430e+18  2.13711e+03  1.83007e+06  7.71020e-19  0.00000e+00  0.00000e+00  1.35958e-06
0235  5.39271e+18  2.14261e+03  1.83791e+06  7.58105e-19  0.00000e+00  0.00000e+00  1.35031e-06
0236  5.41113e+18  2.14790e+03  1.84577e+06  7.47554e-19  0.00000e+00  0.00000e+00  1.34113e-06
0237  5.42954e+18  2.15297e+03  1.85361e+06  7.35295e-19  0.00000e+00  0.00000e+00  1.33205e-06
0238  5.44796e+18  2.15779e+03  1.86144e+06  7.23332e-19  0.00000e+00  0.00000e+00  1.32306e-06
0239  5.46637e+18  2.16239e+03  1.86923e+06  7.11656e-19  0.00000e+00  0.00000e+00  1.31416e-06
0240  5.48479e+18  2.16677e+03  1.87699e+06  7.00256e-19  0.00000e+00  0.00000e+00  1.30535e-06
0241  5.50320e+18  2.17097e+03  1.88470e+06  6.89120e-19  0.00000e+00  0.00000e+00  1.29663e-06
0242  5.52162e+18  2.17499e+03  1.89237e+06  6.78351e-19  0.00000e+00  0.00000e+00  1.28800e-06
0243  5.54004e+18  2.17885e+03  1.90001e+06  6.67819e-19  0.00000e+00  0.00000e+00  1.27945e-06
0244  5.55845e+18  2.18257e+03  1.90764e+06  6.57511e-19  0.00000e+00  0.00000e+00  1.27098e-06
0245  5.57687e+18  2.18615e+03  1.91527e+06  6.47419e-19  0.00000e+00  0.00000e+00  1.26260e-06
0246  5.59528e+18  2.18960e+03  1.92293e+06  6.37532e-19  0.00000e+00  0.00000e+00  1.25431e-06
0247  5.61370e+18  2.19294e+03  1.93065e+06  6.27840e-19  0.00000e+00  0.00000e+00  1.24609e-06
0248  5.63211e+18  2.19618e+03  1.93845e+06  6.18334e-19  0.00000e+00  0.00000e+00  1.23795e-06
0249  5.65053e+18  2.19935e+03  1.94637e+06  6.09002e-19  0.00000e+00  0.00000e+00  1.22990e-06
0250  5.66894e+18  2.20248e+03  1.95442e+06  5.99833e-19  0.00000e+00  0.00000e+00  1.22192e-06
0251  5.68736e+18  2.20561e+03  1.96264e+06  5.90816e-19  0.00000e+00  0.00000e+00  1.21402e-06
0252  5.70578e+18  2.20878e+03  1.97103e+06  5.81939e-19  0.00000e+00  0.00000e+00  1.20620e-06
0253  5.72419e+18  2.21201e+03  1.97962e+06  5.73194e-19  0.00000e+00  0.00000e+00  1.19845e-06
0254  5.74261e+18  2.21534e+03  1.98842e+06  5.64574e-19  0.00000e+00  0.00000e+00  1.19077e-06
0255  5.76102e+18  2.21877e+03  1.99744e+06  5.56074e-19  0.00000e+00  0.00000e+00  1.18317e-06
0256  5.77944e+18  2.22231e+03  2.00667e+06  5.47693e-19  0.00000e+00  0.00000e+00  1.17565e-06
0257  5.79785e+18  2.22595e+03  2.01611e+06  5.39433e-19  0.00000e+00  0.00000e+00  1.16819e-06
0258  5.81627e+18  2.22965e+03  2.02573e+06  5.31299e-19  0.00000e+00  0.00000e+00  1.16080e-06
0259  5.83468e+18  2.23335e+03  2.03549e+06  5.23299e-19  0.00000e+00  0.00000e+00  1.15349e-06
0260  5.85310e+18  2.23701e+03  2.04534e+06  5.15446e-19  0.00000e+00  0.00000e+00  1.14624e-06
0261  5.87152e+18  2.24052e+03  2.05519e+06  5.07752e-19  0.00000e+00  0.00000e+00  1.13906e-06
0262  5.88993e+18  2.24382e+03  2.06496e+06  5.00235e-19  0.00000e+00  0.00000e+00  1.13195e-06
0263  5.90835e+18  2.24679e+03  2.07455e+06  4.92910e-19  0.00000e+00  0.00000e+00  1.12490e-06
0264  5.92676e+18  2.24933e+03  2.08385e+06  4.85794e-19  0.00000e+00  0.00000e+00  1.11792e-06
0265  5.94518e+18  2.25135e+03  2.09274e+06  4.78902e-19  0.00000e+00  0.00000e+00  1.11101e-06
0266  5.96359e+18  2.25278e+03  2.10112e+06  4.72243e-19  0.00000e+00  0.00000e+00  1.10416e-06
0267  5.98201e+18  2.25354e+03  2.10890e+06  4.65825e-19  0.00000e+00  0.00000e+00  1.09737e-06
0268  6.00043e+18  2.25359e+03  2.11603e+06  4.59648e-19  0.00000e+00  0.00000e+00  1.09065e-06
0269  6.01884e+18  2.25291e+03  2.12248e+06  4.53709e-19  0.00000e+00  0.00000e+00  1.08398e-06
0270  6.03726e+18  2.25151e+03  2.12828e+06  4.47998e-19  0.00000e+00  0.00000e+00  1.07738e-06
0271  6.05567e+18  2.24943e+03  2.13345e+06  4.42498e-19  0.00000e+00  0.00000e+00  1.07084e-06
0272  6.07409e+18  2.24675e+03  2.13808e+06  4.37190e-19  0.00000e+00  0.00000e+00  1.06435e-06
0273  6.09250e+18  2.24355e+03  2.14226e+06  4.32050e-19  0.00000e+00  0.00000e+00  1.05793e-06
0274  6.11092e+18  2.23995e+03  2.14609e+06  4.27054e-19  0.00000e+00  0.00000e+00  1.05156e-06
0275  6.12933e+18  2.23607e+03  2.14968e+06  4.22176e-19  0.00000e+00  0.00000e+00  1.04525e-06
0276  6.14775e+18  2.23202e+03  2.15313e+06  4.17394e-19  0.00000e+00  0.00000e+00  1.03900e-06
0277  6.16617e+18  2.22792e+03  2.15654e+06  4.12687e-19  0.00000e+00  0.00000e+00  1.03280e-06
0278  6.18458e+18  2.22386e+03  2.16000e+06  4.08038e-19  0.00000e+00  0.00000e+00  1.02666e-06
0279  6.20300e+18  2.21991e+03  2.16358e+06  4.03434e-19  0.00000e+00  0.00000e+00  1.02057e-06
0280  6.22141e+18  2.21613e+03  2.16731e+06  3.98862e-19  0.00000e+00  0.00000e+00  1.01454e-06
0281  6.23983e+18  2.21256e+03  2.17124e+06  3.94321e-19  0.00000e+00  0.00000e+00  1.00856e-06
0282  6.25824e+18  2.20922e+03  2.17537e+06  3.89808e-19  0.00000e+00  0.00000e+00  1.00263e-06
0283  6.27666e+18  2.20609e+03  2.17970e+06  3.85324e-19  0.00000e+00  0.00000e+00  9.96760e-07
0284  6.29507e+18  2.20315e+03  2.18422e+06  3.80874e-19  0.00000e+00  0.00000e+00  9.90937e-07
0285  6.31349e+18  2.20038e+03  2.18888e+06  3.76463e-19  0.00000e+00  0.00000e+00  9.85164e-07
0286  6.33191e+18  2.19771e+03  2.19366e+06  3.72098e-19  0.00000e+00  0.00000e+00  9.79442e-07
0287  6.35032e+18  2.19511e+03  2.19849e+06  3.67785e-19  0.00000e+00  0.00000e+00  9.73770e-07
0288  6.36874e+18  2.19253e+03  2.20335e+06  3.63530e-19  0.00000e+00  0.00000e+00  9.68146e-07
0289  6.38715e+18  2.18992e+03  2.20817e+06  3.59339e-19  0.00000e+00  0.00000e+00  9.62572e-07
0290  6.40557e+18  2.18726e+03  2.21293e+06  3.55215e-19  0.00000e+00  0.00000e+00  9.57045e-07
0291  6.42398e+18  2.18451e+03  2.21759e+06  3.51163e-19  0.00000e+00  0.00000e+00  9.51566e-07
0292  6.44240e+18  2.18166e+03  2.22213e+06  3.47182e-19  0.00000e+00  0.00000e+00  9.46133e-07
0293  6.46081e+18  2.17869e+03  2.22654e+06  3.43273e-19  0.00000e+00  0.00000e+00  9.40747e-07
0294  6.47923e+18  2.17560e+03  2.23082e+06  3.39435e-19  0.00000e+00  0.00000e+00  9.35407e-07
0295  6.49765e+18  2.17239e+03  2.23497e+06  3.35665e-19  0.00000e+00  0.00000e+00  9.30113e-07
0296  6.51606e+18  2.16908e+03  2.23900e+06  3.31991e-19  0.00000e+00  0.00000e+00  9.24863e-07
0297  6.53448e+18  2.16568e+03  2.24293e+06  3.28398e-19  0.00000e+00  0.00000e+00  9.19657e-07
0298  6.55289e+18  2.16221e+03  2.24678e+06  3.24865e-19  0.00000e+00  0.00000e+00  9.14495e-07
0299  6.57131e+18  2.15867e+03  2.25054e+06  3.21389e-19  0.00000e+00  0.00000e+00  9.09377e-07
0300  6.58972e+18  2.15507e+03  2.25423e+06  3.17966e-19  0.00000e+00  0.00000e+00  9.04301e-07
0301  6.60814e+18  2.15144e+03  2.25786e+06  3.14595e-19  0.00000e+00  0.00000e+00  8.99268e-07
0302  6.62655e+18  2.14779e+03  2.26144e+06  3.11272e-19  0.00000e+00  0.00000e+00  8.94277e-07
0303  6.64497e+18  2.14411e+03  2.26496e+06  3.07997e-19  0.00000e+00  0.00000e+00  8.89327e-07
0304  6.66339e+18  2.14041e+03  2.26843e+06  3.04767e-19  0.00000e+00  0.00000e+00  8.84418e-07
0305  6.68180e+18  2.13671e+03  2.27186e+06  3.01581e-19  0.00000e+00  0.00000e+00  8.79550e-07
0306  6.70022e+18  2.13300e+03  2.27524e+06  2.98439e-19  0.00000e+00  0.00000e+00  8.74722e-07
0307  6.71863e+18  2.12927e+03  2.27857e+06  2.95341e-19  0.00000e+00  0.00000e+00  8.69933e-07
0308  6.73705e+18  2.12553e+03  2.28187e+06  2.92284e-19  0.00000e+00  0.00000e+00  8.65184e-07
0309  6.75546e+18  2.12177e+03  2.28512e+06  2.89269e-19  0.00000e+00  0.00000e+00  8.60473e-07
0310  6.77388e+18  2.11799e+03  2.28832e+06  2.86296e-19  0.00000e+00  0.00000e+00  8.55801e-07
0311  6.79229e+18  2.11419e+03  2.29149e+06  2.83363e-19  0.00000e+00  0.00000e+00  8.51167e-07
0312  6.81071e+18  2.11037e+03  2.29461e+06  2.80470e-19  0.00000e+00  0.00000e+00  8.46570e-07
0313  6.82913e+18  2.10652e+03  2.29770e+06  2.77617e-19  0.00000e+00  0.00000e+00  8.42010e-07
0314  6.84754e+18  2.10266e+03  2.30074e+06  2.74802e-19  0.00000e+00  0.00000e+00  8.37487e-07
0315  6.86596e+18  2.09878e+03  2.30373e+06  2.72024e-19  0.00000e+00  0.00000e+00  8.33001e-07
0316  6.88437e+18  2.09489e+03  2.30669e+06  2.69283e-19  0.00000e+00  0.00000e+00  8.28550e-07
0317  6.90279e+18  2.09099e+03  2.30959e+06  2.66578e-19  0.00000e+00  0.00000e+00  8.24135e-07
0318  6.92120e+18  2.08709e+03  2.31245e+06  2.63908e-19  0.00000e+00  0.00000e+00  8.19755e-07
0319  6.93962e+18  2.08318e+03  2.31527e+06  2.61273e-19  0.00000e+00  0.00000e+00  8.15410e-07
0320  6.95803e+18  2.07926e+03  2.31803e+06  2.58671e-19  0.00000e+00  0.00000e+00  8.11100e-07
0321  6.97645e+18  2.07535e+03  2.32076e+06  2.56103e-19  0.00000e+00  0.00000e+00  8.06824e-07
0322  6.99487e+18  2.07142e+03  2.32344e+06  2.53567e-19  0.00000e+00  0.00000e+00  8.02581e-07
0323  7.01328e+18  2.06749e+03  2.32608e+06  2.51064e-19  0.00000e+00  0.00000e+00  7.98371e-07
0324  7.03170e+18  2.06354e+03  2.32868e+06  2.48592e-19  0.00000e+00  0.00000e+00  7.94195e-07
0325  7.05011e+18  2.05959e+03  2.33125e+06  2.46152e-19  0.00000e+00  0.00000e+00  7.90052e-07
0326  7.06853e+18  2.05561e+03  2.33379e+06  2.43742e-19  0.00000e+00  0.00000e+00  7.85940e-07
0327  7.08694e+18  2.05163e+03  2.33631e+06  2.41363e-19  0.00000e+00  0.00000e+00  7.81861e-07
0328  7.10536e+18  2.04763e+03  2.33879e+06  2.39013e-19  0.00000e+00  0.00000e+00  7.77813e-07
0329  7.12378e+18  2.04361e+03  2.34125e+06  2.36692e-19  0.00000e+00  0.00000e+00  7.73797e-07
0330  7.14219e+18  2.03959e+03  2.34369e+06  2.34399e-19  0.00000e+00  0.00000e+00  7.69812e-07
0331  7.16061e+18  2.03555e+03  2.34609e+06  2.32135e-19  0.00000e+00  0.00000e+00  7.65858e-07
0332  7.17902e+18  2.03151e+03  2.34847e+06  2.29898e-19  0.00000e+00  0.00000e+00  7.61933e-07
0333  7.19744e+18  2.02745e+03  2.35081e+06  2.27688e-19  0.00000e+00  0.00000e+00  7.58039e-07
0334  7.21585e+18  2.02339e+03  2.35313e+06  2.25504e-19  0.00000e+00  0.00000e+00  7.54175e-07
0335  7.23427e+18  2.01932e+03  2.35542e+06  2.23347e-19  0.00000e+00  0.00000e+00  7.50340e-07
0336  7.25268e+18  2.01524e+03  2.35767e+06  2.21216e-19  0.00000e+00  0.00000e+00  7.46535e-07
0337  7.27110e+18  2.01115e+03  2.35990e+06  2.19110e-19  0.00000e+00  0.00000e+00  7.42758e-07
0338  7.28952e+18  2.00705e+03  2.36209e+06  2.17029e-19  0.00000e+00  0.00000e+00  7.39010e-07
0339  7.30793e+18  2.00294e+03  2.36426e+06  2.14973e-19  0.00000e+00  0.00000e+00  7.35290e-07
0340  7.32635e+18  1.99882e+03  2.36640e+06  2.12941e-19  0.00000e+00  0.00000e+00  7.31598e-07
0341  7.34476e+18  1.99467e+03  2.36851e+06  2.10933e-19  0.00000e+00  0.00000e+00  7.27934e-07
0342  7.36318e+18  1.99051e+03  2.37060e+06  2.08949e-19  0.00000e+00  0.00000e+00  7.24298e-07
0343  7.38159e+18  1.98633e+03  2.37265e+06  2.06989e-19  0.00000e+00  0.00000e+00  7.20688e-07
0344  7.40001e+18  1.98216e+03  2.37466e+06  2.05050e-19  0.00000e+00  0.00000e+00  7.17106e-07
0345  7.41842e+18  1.97800e+03  2.37662e+06  2.03134e-19  0.00000e+00  0.00000e+00  7.13550e-07
0346  7.43684e+18  1.97388e+03  2.37851e+06  2.01240e-19  0.00000e+00  0.00000e+00  7.10020e-07
0347  7.45526e+18  1.96979e+03  2.38032e+06  1.99367e-19  0.00000e+00  0.00000e+00  7.06517e-07
0348  7.47367e+18  1.96574e+03  2.38206e+06  1.97514e-19  0.00000e+00  0.00000e+00  7.03039e-07
0349  7.49209e+18  1.96172e+03  2.38371e+06  1.95683e-19  0.00000e+00  0.00000e+00  6.99587e-07
0350  7.51050e+18  1.95773e+03  2.38530e+06  1.93873e-19  0.00000e+00  0.00000e+00  6.96161e-07
0351  7.52892e+18  1.95374e+03  2.38682e+06  1.92085e-19  0.00000e+00  0.00000e+00  6.92759e-07
0352  7.54733e+18  1.94975e+03  2.38826e+06  1.90317e-19  0.00000e+00  0.00000e+00  6.89383e-07
0353  7.56575e+18  1.94574e+03  2.38964e+06  1.88571e-19  0.00000e+00  0.00000e+00  6.86031e-07
0354  7.58416e+18  1.94171e+03  2.39095e+06  1.86846e-19  0.00000e+00  0.00000e+00  6.82703e-07
0355  7.60258e+18  1.93763e+03  2.39222e+06  1.85142e-19  0.00000e+00  0.00000e+00  6.79400e-07
0356  7.62100e+18  1.93348e+03  2.39345e+06  1.83459e-19  0.00000e+00  0.00000e+00  6.76121e-07
0357  7.63941e+18  1.92925e+03  2.39467e+06  1.81797e-19  0.00000e+00  0.00000e+00  6.72865e-07
0358  7.65783e+18  1.92491e+03  2.39588e+06  1.80155e-19  0.00000e+00  0.00000e+00  6.69632e-07
0359  7.67624e+18  1.92050e+03  2.39707e+06  1.78533e-19  0.00000e+00  0.00000e+00  6.66423e-07
0360  7.69466e+18  1.91601e+03  2.39826e+06  1.76929e-19  0.00000e+00  0.00000e+00  6.63237e-07
0361  7.71307e+18  1.91146e+03  2.39942e+06  1.75343e-19  0.00000e+00  0.00000e+00  6.60074e-07
0362  7.73149e+18  1.90688e+03  2.40056e+06  1.73775e-19  0.00000e+00  0.00000e+00  6.56933e-07
0363  7.74990e+18  1.90227e+03  2.40167e+06  1.72223e-19  0.00000e+00  0.00000e+00  6.53815e-07
0364  7.76832e+18  1.89763e+03  2.40274e+06  1.70687e-19  0.00000e+00  0.00000e+00  6.50719e-07
0365  7.78674e+18  1.89300e+03  2.40378e+06  1.69168e-19  0.00000e+00  0.00000e+00  6.47644e-07
0366  7.80515e+18  1.88837e+03  2.40478e+06  1.67664e-19  0.00000e+00  0.00000e+00  6.44592e-07
0367  7.82357e+18  1.88375e+03  2.40573e+06  1.66175e-19  0.00000e+00  0.00000e+00  6.41561e-07
0368  7.84198e+18  1.87916e+03  2.40663e+06  1.64701e-19  0.00000e+00  0.00000e+00  6.38551e-07
0369  7.86040e+18  1.87460e+03  2.40748e+06  1.63241e-19  0.00000e+00  0.00000e+00  6.35563e-07
0370  7.87881e+18  1.87009e+03  2.40827e+06  1.61796e-19  0.00000e+00  0.00000e+00  6.32595e-07
0371  7.89723e+18  1.86562e+03  2.40900e+06  1.60365e-19  0.00000e+00  0.00000e+00  6.29648e-07
0372  7.91564e+18  1.86120e+03  2.40968e+06  1.58947e-19  0.00000e+00  0.00000e+00  6.26722e-07
0373  7.93406e+18  1.85684e+03  2.41029e+06  1.57544e-19  0.00000e+00  0.00000e+00  6.23816e-07
0374  7.95248e+18  1.85254e+03  2.41084e+06  1.56154e-19  0.00000e+00  0.00000e+00  6.20930e-07
0375  7.97089e+18  1.84830e+03  2.41134e+06  1.54778e-19  0.00000e+00  0.00000e+00  6.18064e-07
0376  7.98931e+18  1.84412e+03  2.41177e+06  1.53416e-19  0.00000e+00  0.00000e+00  6.15218e-07
0377  8.00772e+18  1.84002e+03  2.41214e+06  1.52066e-19  0.00000e+00  0.00000e+00  6.12392e-07
0378  8.02614e+18  1.83597e+03  2.41247e+06  1.50730e-19  0.00000e+00  0.00000e+00  6.09585e-07
0379  8.04455e+18  1.83199e+03  2.41274e+06  1.49407e-19  0.00000e+00  0.00000e+00  6.06797e-07
0380  8.06297e+18  1.82811e+03  2.41295e+06  1.48096e-19  0.00000e+00  0.00000e+00  6.04029e-07
0381  8.08139e+18  1.82431e+03  2.41311e+06  1.46798e-19  0.00000e+00  0.00000e+00  6.01279e-07
0382  8.09980e+18  1.82062e+03  2.41321e+06  1.45513e-19  0.00000e+00  0.00000e+00  5.98548e-07
0383  8.11822e+18  1.81704e+03  2.41325e+06  1.44240e-19  0.00000e+00  0.00000e+00  5.95835e-07
0384  8.13663e+18  1.81359e+03  2.41325e+06  1.42979e-19  0.00000e+00  0.00000e+00  5.93141e-07
0385  8.15505e+18  1.81030e+03  2.41323e+06  1.41729e-19  0.00000e+00  0.00000e+00  5.90466e-07
0386  8.17346e+18  1.80716e+03  2.41321e+06  1.40490e-19  0.00000e+00  0.00000e+00  5.87808e-07
0387  8.19188e+18  1.80420e+03  2.41319e+06  1.39261e-19  0.00000e+00  0.00000e+00  5.85168e-07
0388  8.21029e+18  1.80140e+03  2.41317e+06  1.38516e-19  0.00000e+00  0.00000e+00  5.82546e-07
0389  8.22871e+18  1.79874e+03  2.41314e+06  1.37369e-19  0.00000e+00  0.00000e+00  5.79941e-07
0390  8.24713e+18  1.79623e+03  2.41310e+06  1.36230e-19  0.00000e+00  0.00000e+00  5.77354e-07
0391  8.26554e+18  1.79385e+03  2.41305e+06  1.35098e-19  0.00000e+00  0.00000e+00  5.74784e-07
0392  8.28396e+18  1.79160e+03  2.41300e+06  1.33974e-19  0.00000e+00  0.00000e+00  5.72232e-07
0393  8.30237e+18  1.78949e+03  2.41295e+06  1.32857e-19  0.00000e+00  0.00000e+00  5.69696e-07
0394  8.32079e+18  1.78749e+03  2.41289e+06  1.31747e-19  0.00000e+00  0.00000e+00  5.67177e-07
0395  8.33920e+18  1.78562e+03  2.41284e+06  1.30646e-19  0.00000e+00  0.00000e+00  5.64675e-07
0396  8.35762e+18  1.78386e+03  2.41279e+06  1.29553e-19  0.00000e+00  0.00000e+00  5.62189e-07
0397  8.37603e+18  1.78220e+03  2.41274e+06  1.28467e-19  0.00000e+00  0.00000e+00  5.59720e-07
0398  8.39445e+18  1.78065e+03  2.41267e+06  1.27391e-19  0.00000e+00  0.00000e+00  5.57267e-07
0399  8.41287e+18  1.77920e+03  2.41259e+06  1.26323e-19  0.00000e+00  0.00000e+00  5.54830e-07
0400  8.43128e+18  1.77783e+03  2.41247e+06  1.25265e-19  0.00000e+00  0.00000e+00  5.52409e-07
0401  8.44970e+18  1.77655e+03  2.41232e+06  1.24217e-19  0.00000e+00  0.00000e+00  5.50003e-07
0402  8.46811e+18  1.77533e+03  2.41211e+06  1.23178e-19  0.00000e+00  0.00000e+00  5.47614e-07
0403  8.48653e+18  1.77419e+03  2.41185e+06  1.22150e-19  0.00000e+00  0.00000e+00  5.45240e-07
0404  8.50494e+18  1.77310e+03  2.41151e+06  1.21133e-19  0.00000e+00  0.00000e+00  5.42881e-07
0405  8.52336e+18  1.77208e+03  2.41111e+06  1.20126e-19  0.00000e+00  0.00000e+00  5.40538e-07
0406  8.54177e+18  1.77111e+03  2.41063e+06  1.19130e-19  0.00000e+00  0.00000e+00  5.38209e-07
0407  8.56019e+18  1.77020e+03  2.41007e+06  1.18144e-19  0.00000e+00  0.00000e+00  5.35896e-07
0408  8.57861e+18  1.76934e+03  2.40944e+06  1.17169e-19  0.00000e+00  0.00000e+00  5.33598e-07
0409  8.59702e+18  1.76853e+03  2.40872e+06  1.16205e-19  0.00000e+00  0.00000e+00  5.31314e-07
0410  8.61544e+18  1.76777e+03  2.40793e+06  1.15251e-19  0.00000e+00  0.00000e+00  5.29045e-07
0411  8.63385e+18  1.76707e+03  2.40705e+06  1.14308e-19  0.00000e+00  0.00000e+00  5.26791e-07
0412  8.65227e+18  1.76641e+03  2.40608e+06  1.13375e-19  0.00000e+00  0.00000e+00  5.24551e-07
0413  8.67068e+18  1.76579e+03  2.40503e+06  1.12452e-19  0.00000e+00  0.00000e+00  5.22325e-07
0414  8.68910e+18  1.76525e+03  2.40393e+06  1.11538e-19  0.00000e+00  0.00000e+00  5.20113e-07
0415  8.70751e+18  1.76487e+03  2.40293e+06  1.10627e-19  0.00000e+00  0.00000e+00  5.17916e-07
0416  8.72593e+18  1.76487e+03  2.40230e+06  1.09709e-19  0.00000e+00  0.00000e+00  5.15732e-07
0417  8.74435e+18  1.76554e+03  2.40248e+06  1.08768e-19  0.00000e+00  0.00000e+00  5.13562e-07
0418  8.76276e+18  1.76719e+03  2.40388e+06  1.07789e-19  0.00000e+00  0.00000e+00  5.11406e-07
0419  8.78118e+18  1.76940e+03  2.40594e+06  1.06794e-19  0.00000e+00  0.00000e+00  5.09263e-07
0420  8.79959e+18  1.76950e+03  2.40503e+06  1.05919e-19  0.00000e+00  0.00000e+00  5.07134e-07
0421  8.81801e+18  1.76445e+03  2.39703e+06  1.05312e-19  0.00000e+00  0.00000e+00  5.05018e-07
0422  8.83642e+18  1.75701e+03  2.38565e+06  1.04832e-19  0.00000e+00  0.00000e+00  5.02915e-07
0423  8.85484e+18  1.74839e+03  2.37255e+06  1.04416e-19  0.00000e+00  0.00000e+00  5.00825e-07
0424  8.87326e+18  1.73641e+03  2.35476e+06  1.04169e-19  0.00000e+00  0.00000e+00  4.98749e-07
0425  8.89167e+18  1.71746e+03  2.32737e+06  1.04263e-19  0.00000e+00  0.00000e+00  4.96685e-07
0426  8.91009e+18  1.68623e+03  2.28317e+06  1.04939e-19  0.00000e+00  0.00000e+00  4.94634e-07
0427  8.92850e+18  1.63578e+03  2.21268e+06  1.06493e-19  0.00000e+00  0.00000e+00  4.92595e-07
0428  8.94692e+18  1.55856e+03  2.10567e+06  1.09119e-19  0.00000e+00  0.00000e+00  4.90570e-07
0429  8.96533e+18  1.44924e+03  1.95487e+06  1.12929e-19  0.00000e+00  0.00000e+00  4.88556e-07
0430  8.98375e+18  1.30863e+03  1.76140e+06  1.16941e-19  0.00000e+00  0.00000e+00  4.86555e-07
0431  9.00216e+18  1.14633e+03  1.53834e+06  1.23257e-19  0.00000e+00  0.00000e+00  4.84567e-07
0432  9.02058e+18  9.78736e+02  1.30794e+06  1.35300e-19  0.00000e+00  0.00000e+00  4.82590e-07
0433  9.03900e+18  8.22611e+02  1.09300e+06  1.67366e-19  0.00000e+00  0.00000e+00  4.80626e-07
0434  9.05741e+18  6.89319e+02  9.08878e+05  2.28461e-19  0.00000e+00  0.00000e+00  4.78674e-07
0435  9.07583e+18  5.83871e+02  7.62222e+05  3.28596e-19  0.00000e+00  0.00000e+00  4.76733e-07
0436  9.09424e+18  5.08447e+02  6.55520e+05  4.50076e-19  0.00000e+00  0.00000e+00  4.74804e-07
0437  9.11266e+18  4.65430e+02  5.91107e+05  5.50982e-19  0.00000e+00  0.00000e+00  4.72887e-07
0438  9.13107e+18  4.50978e+02  5.63141e+05  6.00456e-19  0.00000e+00  0.00000e+00  4.70982e-07
0439  9.14949e+18  4.48367e+02  5.50011e+05  6.25444e-19  0.00000e+00  0.00000e+00  4.69088e-07
0440  9.16790e+18  4.47035e+02  5.38562e+05  6.45136e-19  0.00000e+00  0.00000e+00  4.67205e-07
0441  9.18632e+18  4.47029e+02  5.28797e+05  6.61053e-19  0.00000e+00  0.00000e+00  4.65334e-07
0442  9.20474e+18  4.48966e+02  5.21333e+05  6.71188e-19  0.00000e+00  0.00000e+00  4.63474e-07
0443  9.22315e+18  4.53078e+02  5.16368e+05  6.73234e-19  0.00000e+00  0.00000e+00  4.61625e-07
0444  9.24157e+18  4.59338e+02  5.13853e+05  6.71107e-19  0.00000e+00  0.00000e+00  4.59787e-07
0445  9.25998e+18  4.67604e+02  5.13577e+05  6.63016e-19  0.00000e+00  0.00000e+00  4.57960e-07
0446  9.27840e+18  4.77714e+02  5.15286e+05  6.49743e-19  0.00000e+00  0.00000e+00  4.56144e-07
0447  9.29681e+18  4.89526e+02  5.18757e+05  6.32129e-19  0.00000e+00  0.00000e+00  4.54338e-07
0448  9.31523e+18  5.02931e+02  5.23824e+05  6.10971e-19  0.00000e+00  0.00000e+00  4.52544e-07
0449  9.33364e+18  5.17850e+02  5.30376e+05  5.86990e-19  0.00000e+00  0.00000e+00  4.50760e-07
0450  9.35206e+18  5.34241e+02  5.38344e+05  5.60825e-19  0.00000e+00  0.00000e+00  4.48986e-07
0451  9.37048e+18  5.52091e+02  5.47696e+05  5.33686e-19  0.00000e+00  0.00000e+00  4.47223e-07
0452  9.38889e+18  5.71392e+02  5.58391e+05  5.05848e-19  0.00000e+00  0.00000e+00  4.45470e-07
0453  9.40731e+18  5.92116e+02  5.70368e+05  4.77297e-19  0.00000e+00  0.00000e+00  4.43728e-07
0454  9.42572e+18  6.14194e+02  5.83543e+05  4.48641e-19  0.00000e+00  0.00000e+00  4.41996e-07
0455  9.44414e+18  6.37533e+02  5.97806e+05  4.20356e-19  0.00000e+00  0.00000e+00  4.40274e-07
0456  9.46255e+18  6.62016e+02  6.13046e+05  3.93620e-19  0.00000e+00  0.00000e+00  4.38562e-07
0457  9.48097e+18  6.87472e+02  6.29076e+05  3.70442e-19  0.00000e+00  0.00000e+00  4.36860e-07
0458  9.49939e+18  7.13625e+02  6.45600e+05  3.48262e-19  0.00000e+00  0.00000e+00  4.35168e-07
0459  9.51780e+18  7.40113e+02  6.62281e+05  3.26876e-19  0.00000e+00  0.00000e+00  4.33485e-07
0460  9.53622e+18  7.66545e+02  6.78783e+05  3.07623e-19  0.00000e+00  0.00000e+00  4.31813e-07
0461  9.55463e+18  7.92555e+02  6.94791e+05  2.90357e-19  0.00000e+00  0.00000e+00  4.30150e-07
0462  9.57305e+18  8.17827e+02  7.10029e+05  2.75295e-19  0.00000e+00  0.00000e+00  4.28496e-07
0463  9.59146e+18  8.42123e+02  7.24293e+05  2.61781e-19  0.00000e+00  0.00000e+00  4.26853e-07
0464  9.60988e+18  8.65295e+02  7.37466e+05  2.49715e-19  0.00000e+00  0.00000e+00  4.25218e-07
0465  9.62829e+18  8.87294e+02  7.49522e+05  2.38952e-19  0.00000e+00  0.00000e+00  4.23593e-07
0466  9.64671e+18  9.08169e+02  7.60511e+05  2.29321e-19  0.00000e+00  0.00000e+00  4.21977e-07
0467  9.66513e+18  9.28061e+02  7.70561e+05  2.20657e-19  0.00000e+00  0.00000e+00  4.20371e-07
0468  9.68354e+18  9.47164e+02  7.79851e+05  2.14584e-19  0.00000e+00  0.00000e+00  4.18773e-07
0469  9.70196e+18  9.65644e+02  7.88485e+05  2.07936e-19  0.00000e+00  0.00000e+00  4.17185e-07
0470  9.72037e+18  9.83614e+02  7.96564e+05  2.01733e-19  0.00000e+00  0.00000e+00  4.15606e-07
0471  9.73879e+18  1.00117e+03  8.04182e+05  1.95908e-19  0.00000e+00  0.00000e+00  4.14036e-07
0472  9.75720e+18  1.01839e+03  8.11410e+05  1.90406e-19  0.00000e+00  0.00000e+00  4.12474e-07
0473  9.77562e+18  1.03534e+03  8.18305e+05  1.85186e-19  0.00000e+00  0.00000e+00  4.10922e-07
0474  9.79403e+18  1.05208e+03  8.24916e+05  1.80457e-19  0.00000e+00  0.00000e+00  4.09378e-07
0475  9.81245e+18  1.06866e+03  8.31273e+05  1.75939e-19  0.00000e+00  0.00000e+00  4.07843e-07
0476  9.83087e+18  1.08509e+03  8.37399e+05  1.71635e-19  0.00000e+00  0.00000e+00  4.06316e-07
0477  9.84928e+18  1.10140e+03  8.43308e+05  1.67496e-19  0.00000e+00  0.00000e+00  4.04798e-07
0478  9.86770e+18  1.11758e+03  8.49009e+05  1.63515e-19  0.00000e+00  0.00000e+00  4.03289e-07
0479  9.88611e+18  1.13363e+03  8.54510e+05  1.59681e-19  0.00000e+00  0.00000e+00  4.01788e-07
0480  9.90453e+18  1.14957e+03  8.59813e+05  1.55990e-19  0.00000e+00  0.00000e+00  4.00295e-07
0481  9.92294e+18  1.16538e+03  8.64922e+05  1.52434e-19  0.00000e+00  0.00000e+00  3.98810e-07
0482  9.94136e+18  1.18107e+03  8.69840e+05  1.49007e-19  0.00000e+00  0.00000e+00  3.97334e-07
0483  9.95977e+18  1.19664e+03  8.74568e+05  1.45704e-19  0.00000e+00  0.00000e+00  3.95866e-07
0484  9.97819e+18  1.21208e+03  8.79109e+05  1.42519e-19  0.00000e+00  0.00000e+00  3.94406e-07
0485  9.99661e+18  1.22740e+03  8.83466e+05  1.39446e-19  0.00000e+00  0.00000e+00  3.92955e-07
0486  1.00150e+19  1.24262e+03  8.87654e+05  1.36478e-19  0.00000e+00  0.00000e+00  3.91511e-07
0487  1.00334e+19  1.25777e+03  8.91695e+05  1.33873e-19  0.00000e+00  0.00000e+00  3.90075e-07
0488  1.00519e+19  1.27288e+03  8.95601e+05  1.31424e-19  0.00000e+00  0.00000e+00  3.88647e-07
0489  1.00703e+19  1.28794e+03  8.99382e+05  1.29032e-19  0.00000e+00  0.00000e+00  3.87227e-07
0490  1.00887e+19  1.30297e+03  9.03044e+05  1.26696e-19  0.00000e+00  0.00000e+00  3.85814e-07
0491  1.01071e+19  1.31796e+03  9.06595e+05  1.24413e-19  0.00000e+00  0.00000e+00  3.84410e-07
0492  1.01255e+19  1.33291e+03  9.10040e+05  1.22183e-19  0.00000e+00  0.00000e+00  3.83013e-07
0493  1.01439e+19  1.34781e+03  9.13382e+05  1.20004e-19  0.00000e+00  0.00000e+00  3.81623e-07
0494  1.01623e+19  1.36265e+03  9.16626e+05  1.17875e-19  0.00000e+00  0.00000e+00  3.80242e-07
0495  1.01808e+19  1.37743e+03  9.19777e+05  1.15795e-19  0.00000e+00  0.00000e+00  3.78867e-07
0496  1.01992e+19  1.39215e+03  9.22840e+05  1.13762e-19  0.00000e+00  0.00000e+00  3.77500e-07
0497  1.02176e+19  1.40680e+03  9.25820e+05  1.11777e-19  0.00000e+00  0.00000e+00  3.76141e-07
0498  1.02360e+19  1.42137e+03  9.28722e+05  1.09837e-19  0.00000e+00  0.00000e+00  3.74789e-07
0499  1.02544e+19  1.43586e+03  9.31552e+05  1.07942e-19  0.00000e+00  0.00000e+00  3.73444e-07
0500  1.02728e+19  1.45026e+03  9.34314e+05  1.06091e-19  0.00000e+00  0.00000e+00  3.72106e-07
0501  1.02913e+19  1.46456e+03  9.37015e+05  1.04282e-19  0.00000e+00  0.00000e+00  3.70775e-07
0502  1.03097e+19  1.47874e+03  9.39661e+05  1.02516e-19  0.00000e+00  0.00000e+00  3.69452e-07
0503  1.03281e+19  1.49279e+03  9.42261e+05  1.00791e-19  0.00000e+00  0.00000e+00  3.68136e-07
0504  1.03465e+19  1.50671e+03  9.44825e+05  9.91389e-20  0.00000e+00  0.00000e+00  3.66826e-07
0505  1.03649e+19  1.52047e+03  9.47361e+05  9.75510e-20  0.00000e+00  0.00000e+00  3.65524e-07
0506  1.03833e+19  1.53408e+03  9.49877e+05  9.59979e-20  0.00000e+00  0.00000e+00  3.64229e-07
0507  1.04017e+19  1.54751e+03  9.52376e+05  9.44793e-20  0.00000e+00  0.00000e+00  3.62940e-07
0508  1.04202e+19  1.56076e+03  9.54863e+05  9.29947e-20  0.00000e+00  0.00000e+00  3.61658e-07
0509  1.04386e+19  1.57383e+03  9.57338e+05  9.15435e-20  0.00000e+00  0.00000e+00  3.60383e-07
0510  1.04570e+19  1.58671e+03  9.59803e+05  9.01252e-20  0.00000e+00  0.00000e+00  3.59115e-07
0511  1.04754e+19  1.59942e+03  9.62255e+05  8.87387e-20  0.00000e+00  0.00000e+00  3.57854e-07
0512  1.04938e+19  1.61197e+03  9.64693e+05  8.73832e-20  0.00000e+00  0.00000e+00  3.56599e-07
0513  1.05122e+19  1.62437e+03  9.67116e+05  8.60572e-20  0.00000e+00  0.00000e+00  3.55350e-07
0514  1.05307e+19  1.63664e+03  9.69524e+05  8.47595e-20  0.00000e+00  0.00000e+00  3.54109e-07
0515  1.05491e+19  1.64881e+03  9.71917e+05  8.34884e-20  0.00000e+00  0.00000e+00  3.52873e-07
0516  1.05675e+19  1.66088e+03  9.74298e+05  8.22770e-20  0.00000e+00  0.00000e+00  3.51645e-07
0517  1.05859e+19  1.67287e+03  9.76666e+05  8.10857e-20  0.00000e+00  0.00000e+00  3.50422e-07
0518  1.06043e+19  1.68478e+03  9.79017e+05  7.99169e-20  0.00000e+00  0.00000e+00  3.49206e-07
0519  1.06227e+19  1.69662e+03  9.81353e+05  7.87705e-20  0.00000e+00  0.00000e+00  3.47996e-07
0520  1.06412e+19  1.70836e+03  9.83673e+05  7.76462e-20  0.00000e+00  0.00000e+00  3.46793e-07
0521  1.06596e+19  1.72001e+03  9.85977e+05  7.65439e-20  0.00000e+00  0.00000e+00  3.45596e-07
0522  1.06780e+19  1.73155e+03  9.88268e+05  7.54636e-20  0.00000e+00  0.00000e+00  3.44405e-07
0523  1.06964e+19  1.74297e+03  9.90548e+05  7.44052e-20  0.00000e+00  0.00000e+00  3.43220e-07
0524  1.07148e+19  1.75426e+03  9.92818e+05  7.33685e-20  0.00000e+00  0.00000e+00  3.42041e-07
0525  1.07332e+19  1.76541e+03  9.95083e+05  7.23534e-20  0.00000e+00  0.00000e+00  3.40868e-07
0526  1.07516e+19  1.77642e+03  9.97343e+05  7.13597e-20  0.00000e+00  0.00000e+00  3.39702e-07
0527  1.07701e+19  1.78726e+03  9.99598e+05  7.03873e-20  0.00000e+00  0.00000e+00  3.38541e-07
0528  1.07885e+19  1.79794e+03  1.00185e+06  6.94359e-20  0.00000e+00  0.00000e+00  3.37386e-07
0529  1.08069e+19  1.80845e+03  1.00409e+06  6.84362e-20  0.00000e+00  0.00000e+00  3.36237e-07
0530  1.08253e+19  1.81881e+03  1.00635e+06  6.76051e-20  0.00000e+00  0.00000e+00  3.35094e-07
0531  1.08437e+19  1.82903e+03  1.00860e+06  6.67881e-20  0.00000e+00  0.00000e+00  3.33957e-07
0532  1.08621e+19  1.83911e+03  1.01086e+06  6.59848e-20  0.00000e+00  0.00000e+00  3.32826e-07
0533  1.08806e+19  1.84907e+03  1.01313e+06  6.51951e-20  0.00000e+00  0.00000e+00  3.31700e-07
0534  1.08990e+19  1.85890e+03  1.01539e+06  6.44186e-20  0.00000e+00  0.00000e+00  3.30580e-07
0535  1.09174e+19  1.86862e+03  1.01765e+06  6.36553e-20  0.00000e+00  0.00000e+00  3.29466e-07
0536  1.09358e+19  1.87821e+03  1.01991e+06  6.29049e-20  0.00000e+00  0.00000e+00  3.28357e-07
0537  1.09542e+19  1.88769e+03  1.02216e+06  6.21671e-20  0.00000e+00  0.00000e+00  3.27254e-07
0538  1.09726e+19  1.89705e+03  1.02441e+06  6.14418e-20  0.00000e+00  0.00000e+00  3.26156e-07
0539  1.09910e+19  1.90630e+03  1.02664e+06  6.07288e-20  0.00000e+00  0.00000e+00  3.25064e-07
0540  1.10095e+19  1.91543e+03  1.02887e+06  6.00280e-20  0.00000e+00  0.00000e+00  3.23978e-07
0541  1.10279e+19  1.92443e+03  1.03110e+06  5.93393e-20  0.00000e+00  0.00000e+00  3.22897e-07
0542  1.10463e+19  1.93330e+03  1.03332e+06  5.86628e-20  0.00000e+00  0.00000e+00  3.21821e-07
0543  1.10647e+19  1.94201e+03  1.03555e+06  5.79983e-20  0.00000e+00  0.00000e+00  3.20751e-07
0544  1.10831e+19  1.95056e+03  1.03778e+06  5.73460e-20  0.00000e+00  0.00000e+00  3.19686e-07
0545  1.11015e+19  1.95891e+03  1.04004e+06  5.67060e-20  0.00000e+00  0.00000e+00  3.18626e-07
0546  1.11200e+19  1.96706e+03  1.04231e+06  5.60783e-20  0.00000e+00  0.00000e+00  3.17571e-07
0547  1.11384e+19  1.97497e+03  1.04462e+06  5.54630e-20  0.00000e+00  0.00000e+00  3.16522e-07
0548  1.11568e+19  1.98266e+03  1.04696e+06  5.48600e-20  0.00000e+00  0.00000e+00  3.15478e-07
0549  1.11752e+19  1.99010e+03  1.04933e+06  5.42691e-20  0.00000e+00  0.00000e+00  3.14439e-07
0550  1.11936e+19  1.99730e+03  1.05174e+06  5.36901e-20  0.00000e+00  0.00000e+00  3.13405e-07
0551  1.12120e+19  2.00431e+03  1.05418e+06  5.31218e-20  0.00000e+00  0.00000e+00  3.12377e-07
0552  1.12305e+19  2.01104e+03  1.05662e+06  5.25666e-20  0.00000e+00  0.00000e+00  3.11353e-07
0553  1.12489e+19  2.01802e+03  1.05913e+06  5.20111e-20  0.00000e+00  0.00000e+00  3.10335e-07
0554  1.12673e+19  2.02332e+03  1.06135e+06  5.15054e-20  0.00000e+00  0.00000e+00  3.09321e-07
0555  1.12857e+19  2.03730e+03  1.06515e+06  5.07825e-20  0.00000e+00  0.00000e+00  3.08312e-07
